6_Funeral_Funeral_6_280
27
482 59 198 120 0.92192477 
261 263 437 374 0.23813064 
244 202 34 45 0.19282934 
710 303 240 333 0.18323462 
880 390 111 155 0.13252299 
902 24 116 131 0.10543064 
881 291 53 81 0.08781183 
412 364 118 166 0.072890915 
871 289 92 126 0.043163884 
694 134 98 182 0.04046309 
523 121 362 420 0.035996106 
228 143 21 30 0.035207458 
782 278 159 220 0.03279659 
838 246 91 132 0.031771507 
539 495 38 51 0.029454112 
213 179 51 68 0.028911874 
902 280 64 85 0.028183285 
975 290 47 81 0.027750662 
386 306 210 293 0.026879122 
510 422 114 142 0.025273876 
779 194 112 144 0.025122587 
934 264 85 120 0.024719907 
542 80 207 219 0.023070207 
247 506 62 68 0.020975549 
694 16 32 38 0.020706132 
644 410 68 56 0.020509707 
924 90 61 84 0.020171592 
