6_Funeral_Funeral_6_690
24
396 165 205 285 0.9997919 
813 204 20 33 0.35416517 
856 218 41 66 0.13521223 
774 215 15 26 0.13071243 
799 206 39 56 0.08600199 
806 213 16 26 0.054956008 
460 298 414 475 0.050944347 
869 140 101 80 0.04441963 
764 210 22 35 0.04412115 
120 774 198 356 0.04031299 
776 181 77 105 0.0387847 
-110 758 384 442 0.03341238 
-23 863 207 267 0.032449577 
631 409 401 520 0.03198994 
730 192 80 104 0.028747547 
437 539 436 492 0.028421152 
851 156 95 98 0.027083743 
781 213 29 33 0.026156595 
794 217 27 30 0.024945296 
743 215 46 60 0.024721462 
483 764 442 457 0.02388743 
773 204 46 57 0.023120584 
835 203 73 108 0.02236511 
927 6 94 130 0.0213622 
