6_Funeral_Funeral_6_733
35
820 112 141 183 0.99747247 
656 147 86 101 0.99610066 
133 198 82 96 0.9889621 
26 280 27 38 0.9878405 
332 299 17 22 0.9353081 
209 290 36 39 0.70450294 
300 306 14 17 0.52316505 
276 297 14 17 0.39138395 
392 304 10 13 0.3403011 
309 306 14 18 0.19549647 
270 300 14 17 0.12092435 
259 306 14 17 0.09804862 
8 257 370 472 0.09768843 
757 293 53 62 0.08569271 
910 352 14 18 0.065568164 
314 310 14 19 0.061583046 
327 302 15 21 0.046578854 
14 281 26 32 0.040849894 
898 378 15 18 0.036658436 
881 338 14 17 0.034602556 
36 274 27 38 0.034535225 
774 571 10 16 0.034083597 
296 293 24 30 0.030488258 
254 312 15 19 0.02987637 
277 356 13 18 0.028618991 
296 301 15 17 0.028132735 
669 110 29 38 0.025025846 
302 391 15 18 0.024521023 
665 110 53 72 0.024031276 
442 231 173 207 0.02352643 
331 330 13 17 0.023217829 
49 269 24 33 0.022045 
284 306 14 18 0.021641934 
388 298 18 24 0.021556798 
587 303 14 15 0.02152402 
