6_Funeral_Funeral_6_364
444
469 128 32 41 0.9985886 
558 85 37 52 0.99239993 
171 137 35 41 0.9663609 
630 137 29 36 0.4216467 
356 556 10 13 0.37367922 
623 637 13 15 0.34561294 
335 547 12 15 0.3152629 
615 623 9 13 0.30824903 
566 573 11 14 0.29317698 
472 543 11 12 0.29251176 
637 115 22 30 0.28350845 
517 585 10 13 0.2626294 
289 566 11 14 0.24252144 
253 579 13 17 0.21116194 
309 657 13 17 0.20399855 
341 542 10 13 0.19854832 
362 578 12 14 0.19585611 
623 594 11 13 0.19545202 
272 628 12 16 0.19394659 
599 572 12 17 0.18505453 
309 541 10 14 0.17982881 
566 568 10 12 0.1723672 
272 676 10 13 0.16632833 
324 567 13 15 0.15895273 
316 595 11 15 0.1536574 
72 98 10 13 0.1401301 
447 542 11 13 0.13660018 
5 605 11 14 0.13357988 
512 587 11 13 0.13353747 
576 536 8 10 0.13189748 
627 628 15 18 0.121336296 
416 548 10 12 0.11819904 
566 642 14 19 0.113892116 
315 648 13 17 0.112579376 
453 584 14 18 0.111299776 
329 549 11 13 0.1048697 
317 668 11 17 0.1002321 
501 575 11 14 0.100217834 
613 595 10 13 0.099871844 
117 605 12 17 0.09708542 
349 599 9 12 0.09675646 
561 565 10 12 0.09641116 
24 556 9 11 0.09631596 
406 581 11 13 0.09480792 
504 549 12 16 0.09358281 
370 613 12 15 0.09212439 
753 694 8 10 0.089779705 
31 603 12 14 0.089720465 
270 651 10 14 0.08861702 
23 599 10 12 0.088541366 
679 661 21 28 0.08794073 
670 549 10 13 0.0873083 
575 581 10 12 0.08697929 
496 581 10 12 0.08527702 
30 598 11 14 0.08302232 
393 589 12 14 0.082968004 
447 585 13 17 0.08205224 
582 583 9 13 0.08145434 
452 562 12 15 0.0797255 
603 578 11 15 0.078526855 
583 566 10 13 0.077826805 
366 619 13 15 0.07566453 
497 646 9 11 0.072815835 
408 551 11 12 0.07258855 
485 582 10 13 0.072310686 
435 603 15 18 0.07217949 
382 597 12 15 0.07177012 
422 581 13 16 0.07176985 
616 589 10 14 0.07120896 
9 581 8 10 0.06991216 
365 628 10 13 0.069144644 
552 510 8 9 0.069054395 
719 575 8 11 0.06787573 
528 567 9 11 0.06768805 
527 638 10 12 0.067243434 
607 525 11 13 0.066322945 
390 593 13 16 0.064522155 
564 711 9 12 0.0645178 
384 574 10 13 0.06431188 
417 609 14 16 0.06406799 
573 622 10 12 0.06401264 
217 629 15 18 0.06300588 
592 572 10 14 0.061029047 
590 708 11 14 0.059793647 
391 582 11 14 0.059207395 
472 622 11 14 0.058708638 
312 663 13 18 0.058332007 
525 669 12 16 0.058317095 
0 85 21 37 0.05817658 
738 678 9 12 0.057851877 
275 621 13 16 0.057460494 
609 596 10 13 0.05719027 
3 83 15 22 0.057185356 
354 533 9 11 0.056956366 
287 634 12 16 0.0566948 
229 611 16 20 0.056323774 
286 539 9 13 0.055634994 
396 592 13 17 0.05547782 
488 537 8 10 0.05534125 
803 556 13 19 0.0551966 
342 537 10 12 0.054567236 
361 630 9 13 0.054448638 
509 554 10 14 0.05430971 
584 518 8 10 0.054266796 
13 580 8 10 0.05381416 
549 674 13 18 0.053348172 
683 681 15 20 0.052591197 
585 571 9 13 0.050675444 
416 581 10 13 0.05028577 
735 550 10 14 0.05004412 
635 625 12 16 0.049454022 
270 582 11 14 0.049383793 
29 556 10 12 0.04927991 
349 612 10 14 0.0490255 
447 622 11 14 0.04858237 
0 611 8 12 0.04855529 
532 636 11 14 0.04783896 
360 586 11 14 0.047796283 
519 639 11 12 0.047375817 
627 592 11 14 0.0473352 
396 582 13 16 0.047287714 
472 559 11 14 0.04669192 
259 580 12 17 0.04639923 
694 650 12 16 0.046355437 
717 685 9 11 0.04611809 
713 574 9 12 0.045492813 
743 540 11 13 0.045479126 
207 617 10 14 0.044585362 
521 496 7 8 0.044491082 
345 519 8 10 0.04406031 
356 561 11 14 0.043849356 
527 631 11 14 0.04379929 
532 566 9 12 0.043287 
292 629 13 16 0.043230675 
430 574 12 13 0.0432107 
552 519 9 11 0.043128684 
349 571 10 14 0.043116257 
754 689 8 10 0.04306866 
607 113 22 31 0.04269541 
431 601 13 17 0.04248997 
761 542 9 12 0.042391032 
495 534 9 11 0.042051 
728 550 8 11 0.042020664 
845 589 14 16 0.041992534 
613 667 23 29 0.04166533 
12 604 12 14 0.041565735 
619 622 15 16 0.041410323 
545 510 7 10 0.041184973 
568 510 9 11 0.040977243 
141 558 29 35 0.04093413 
344 572 10 14 0.040781558 
469 588 12 16 0.040443584 
278 603 12 16 0.0402874 
327 533 9 11 0.04010837 
581 559 10 13 0.039936014 
742 709 8 10 0.039926674 
328 542 11 14 0.03951027 
287 559 12 16 0.039266728 
725 575 9 12 0.039235752 
264 605 11 14 0.03906238 
167 118 29 48 0.03878386 
559 510 8 10 0.038773548 
207 587 14 20 0.03864548 
292 541 10 12 0.038589563 
336 536 10 12 0.038442414 
580 495 11 13 0.038205285 
551 526 10 14 0.037663057 
21 592 10 13 0.037657477 
461 557 10 13 0.03745717 
748 569 14 17 0.037368942 
768 702 9 12 0.036616966 
13 91 11 16 0.036537364 
712 677 9 12 0.036497403 
497 639 9 14 0.036375076 
304 545 12 16 0.036331095 
74 94 11 14 0.03627881 
606 565 13 16 0.03601298 
332 571 11 15 0.035588823 
616 631 22 25 0.035585865 
314 662 19 26 0.035541777 
789 539 10 13 0.035450283 
612 565 12 15 0.03538888 
334 580 11 15 0.035158522 
16 597 11 15 0.035085462 
404 588 13 17 0.034887888 
740 548 12 16 0.034876555 
796 619 11 15 0.034643475 
326 555 11 13 0.03462123 
270 549 10 13 0.03459109 
576 559 10 12 0.03434515 
511 543 8 10 0.03417811 
382 527 8 10 0.033948734 
351 526 9 11 0.033935405 
359 636 10 13 0.033929013 
623 603 11 14 0.03382201 
575 587 11 14 0.033800784 
359 540 8 11 0.033671305 
738 686 8 10 0.033553243 
976 5 9 11 0.03351254 
737 669 9 12 0.033159506 
394 548 9 11 0.03313688 
365 636 10 14 0.033032086 
510 596 12 15 0.03266093 
534 542 9 12 0.03248159 
31 574 9 11 0.032349776 
477 626 11 14 0.032339424 
427 588 21 26 0.032142606 
286 576 12 15 0.032075226 
72 598 10 13 0.032046262 
784 672 8 10 0.03203764 
125 595 14 20 0.031777345 
316 638 14 18 0.031767804 
552 573 10 13 0.03174334 
623 508 10 13 0.031708054 
605 486 10 12 0.031701 
446 557 14 16 0.031581882 
526 508 10 12 0.031549387 
656 571 12 16 0.03151095 
243 564 11 14 0.031473927 
509 509 12 14 0.03137885 
574 627 11 13 0.031247359 
413 588 10 14 0.031246863 
333 537 19 24 0.031127557 
420 542 10 13 0.031101901 
288 518 9 11 0.03096848 
308 701 15 21 0.030950302 
441 541 10 13 0.030945271 
312 600 13 17 0.030924745 
168 655 7 9 0.030810984 
304 649 21 28 0.030662263 
269 555 10 16 0.030476753 
768 709 9 11 0.030435156 
784 540 9 12 0.030412834 
792 613 12 16 0.030377297 
654 493 12 15 0.0302781 
366 556 9 12 0.03026721 
605 518 11 14 0.030194279 
452 548 10 13 0.030026548 
612 614 13 17 0.02992522 
20 69 10 13 0.029887758 
270 605 11 14 0.02987489 
414 597 11 16 0.029706841 
169 687 7 9 0.029672585 
389 602 11 14 0.029634139 
720 679 9 10 0.029619332 
686 557 10 12 0.029584164 
398 551 9 11 0.029567957 
365 594 12 15 0.029445691 
750 580 12 15 0.029443102 
519 557 10 12 0.02936913 
619 119 14 21 0.029346155 
613 580 11 13 0.029101618 
565 604 11 14 0.029071148 
303 613 11 14 0.028940685 
24 594 21 24 0.028926294 
277 659 10 15 0.028915396 
496 525 10 13 0.028912911 
736 695 7 9 0.028763553 
19 114 11 15 0.028646275 
725 679 8 10 0.028500354 
599 507 12 15 0.028451873 
112 609 12 15 0.028378008 
534 614 11 15 0.028278217 
413 574 12 14 0.02823979 
747 588 13 16 0.02823281 
311 644 14 17 0.02816043 
757 694 8 10 0.028001418 
1009 693 8 11 0.027874082 
598 485 11 12 0.027812121 
433 625 22 29 0.027738726 
613 572 11 15 0.027733363 
625 526 10 13 0.027707763 
965 12 9 12 0.027639452 
743 704 7 9 0.027619045 
395 619 11 15 0.027523063 
698 644 13 16 0.027513655 
350 562 12 14 0.02749694 
116 595 20 27 0.027408756 
519 541 8 10 0.027335988 
616 119 28 35 0.027290639 
77 120 9 11 0.027217552 
316 628 13 15 0.027186753 
536 519 9 11 0.027166478 
576 687 9 11 0.027126858 
320 517 7 10 0.02709281 
571 639 14 19 0.02705824 
608 612 12 16 0.026983976 
589 675 13 15 0.026860476 
646 612 10 13 0.026853353 
821 595 10 13 0.026763055 
589 566 10 14 0.026737165 
799 549 13 18 0.026687406 
687 642 13 17 0.026599739 
478 535 10 12 0.02648142 
525 583 9 13 0.026414052 
870 579 13 18 0.026329951 
56 103 9 11 0.026278326 
602 525 9 11 0.026261216 
477 547 10 12 0.02620152 
685 654 11 14 0.026172275 
561 560 9 12 0.026151417 
295 621 12 15 0.026113397 
270 647 109 111 0.026065588 
1004 121 12 16 0.025982235 
620 645 16 20 0.02594003 
326 544 21 23 0.025820702 
238 569 12 16 0.025754264 
294 526 9 11 0.025630059 
32 592 10 13 0.02561688 
617 588 19 23 0.02545433 
573 508 9 12 0.025446365 
754 570 15 17 0.025438502 
344 524 9 11 0.02532718 
818 709 9 12 0.02528997 
591 526 8 10 0.025213867 
420 598 13 17 0.025169013 
761 708 10 13 0.025005111 
584 524 8 11 0.024994204 
276 651 11 16 0.02491954 
436 587 13 16 0.024879877 
691 668 14 19 0.024770288 
574 613 11 14 0.024657441 
700 651 11 15 0.024626749 
713 691 9 13 0.024584176 
726 543 9 11 0.024527144 
30 579 9 12 0.024496235 
221 541 14 18 0.024490623 
454 572 12 15 0.02446957 
761 703 9 11 0.024338964 
660 565 12 16 0.024143007 
528 535 8 11 0.024138782 
693 661 14 17 0.024019867 
255 678 9 12 0.023956126 
509 581 17 23 0.023928996 
427 584 15 18 0.023922175 
611 657 16 19 0.023886938 
466 550 21 25 0.023867978 
344 566 10 13 0.023771802 
409 544 9 12 0.023701321 
665 590 10 13 0.023677498 
575 501 9 11 0.02366803 
728 712 7 9 0.023653477 
194 678 7 9 0.023566348 
831 580 10 12 0.023366999 
246 576 21 28 0.023323528 
1 581 8 11 0.02330018 
660 500 13 16 0.02325219 
629 618 20 27 0.023239708 
351 636 10 13 0.023202943 
630 515 12 14 0.023178352 
433 541 10 13 0.023079092 
561 578 11 13 0.023054658 
278 581 10 12 0.02294058 
270 574 11 13 0.022862356 
466 542 10 12 0.022839876 
838 602 13 16 0.022824876 
355 568 19 24 0.022785328 
583 622 11 14 0.02273556 
797 567 13 19 0.022701021 
10 593 20 25 0.022578891 
569 526 8 10 0.022573499 
223 661 8 10 0.022501376 
273 519 9 11 0.02249465 
567 598 11 14 0.02248818 
778 678 8 11 0.022466213 
687 552 10 11 0.02238727 
607 588 10 14 0.022281464 
478 586 11 14 0.022246141 
576 527 8 10 0.022227552 
321 643 12 16 0.022201415 
301 552 12 17 0.022159683 
328 516 7 10 0.022064172 
399 573 11 13 0.022017172 
343 636 10 13 0.022007866 
254 696 8 11 0.021998132 
566 560 10 12 0.02198275 
444 614 11 14 0.021929884 
512 639 11 12 0.02192675 
513 535 9 11 0.02192394 
619 658 16 19 0.02191136 
650 120 13 20 0.021847533 
759 661 9 11 0.021844564 
497 570 19 24 0.021837458 
446 571 12 15 0.02183541 
599 514 12 15 0.02180945 
14 611 10 12 0.021809358 
65 103 9 11 0.02178974 
272 526 10 13 0.021768384 
325 579 13 16 0.021743676 
732 589 12 14 0.021739015 
572 639 22 28 0.021736057 
302 503 9 11 0.021718094 
310 611 12 16 0.02170797 
569 535 9 11 0.021648964 
378 526 8 10 0.021644177 
798 557 22 30 0.02159461 
412 553 13 15 0.021569211 
848 622 9 11 0.02155631 
542 658 12 15 0.021551454 
751 559 12 14 0.021550888 
678 673 15 21 0.021525087 
351 552 11 14 0.02147455 
813 595 12 15 0.021442525 
393 557 10 12 0.021428596 
737 711 7 10 0.021398287 
605 664 15 19 0.021251418 
789 654 9 11 0.021231845 
265 677 11 13 0.021183666 
294 533 9 12 0.021175351 
769 697 9 10 0.021152144 
436 573 10 13 0.021126838 
602 622 22 26 0.021120893 
557 596 11 14 0.021096315 
529 541 8 11 0.021044835 
704 628 10 13 0.021019619 
584 511 9 11 0.020989638 
360 620 11 14 0.020942084 
597 563 21 28 0.020919347 
262 646 10 12 0.02091854 
751 700 8 10 0.020896971 
318 549 11 14 0.020887766 
240 694 10 12 0.020826977 
43 299 18 22 0.020799745 
387 657 17 21 0.020786002 
581 534 8 10 0.020766556 
232 663 8 10 0.020764526 
445 627 13 19 0.020741938 
724 532 10 13 0.020700708 
287 665 11 15 0.020648265 
16 591 10 12 0.020602843 
568 517 8 11 0.020601608 
524 618 13 15 0.020587295 
305 654 13 16 0.020536615 
574 564 11 13 0.020511128 
374 558 10 12 0.020421684 
558 590 10 13 0.020342968 
324 636 12 16 0.020334005 
744 566 11 15 0.020304475 
745 653 8 10 0.020293992 
110 78 12 15 0.020289496 
637 576 13 15 0.020267572 
829 671 11 14 0.020185938 
292 578 11 14 0.020076308 
825 671 10 13 0.020049255 
