6_Funeral_Funeral_6_483
32
199 313 465 576 0.9999138 
323 1169 35 34 0.57719964 
354 823 455 626 0.1795215 
-48 915 350 482 0.1794089 
371 142 434 503 0.14457844 
107 915 417 530 0.11770467 
525 163 45 38 0.09330264 
324 1087 15 19 0.0702246 
307 1178 35 29 0.06526693 
869 156 86 100 0.06494531 
1013 1311 11 19 0.05820121 
87 176 364 541 0.055351984 
309 1159 53 58 0.054367393 
926 1139 37 40 0.054066584 
173 733 501 586 0.052956674 
1001 1168 22 40 0.052049436 
841 86 132 174 0.045724705 
1011 1094 12 22 0.04150269 
1011 1320 12 20 0.038095757 
847 662 93 133 0.0350153 
511 132 65 63 0.03372485 
664 891 51 60 0.03203632 
422 336 305 454 0.031167986 
949 1139 43 46 0.031019276 
560 1024 378 441 0.028867684 
286 1136 92 94 0.028737793 
-67 45 444 571 0.024862442 
983 1149 40 63 0.023471002 
675 1071 216 289 0.023367135 
549 140 120 99 0.021698032 
691 956 18 19 0.020916032 
506 145 38 40 0.020801703 
