6_Funeral_Funeral_6_861
33
376 262 295 410 0.9959693 
57 489 371 479 0.8495787 
185 250 355 445 0.8106377 
474 730 456 584 0.6936351 
-77 721 435 459 0.6050406 
69 20 431 565 0.5914285 
-27 907 438 426 0.37689415 
-5 1202 471 470 0.20078346 
60 1216 170 259 0.17063959 
556 563 418 468 0.09568872 
526 256 281 394 0.07951664 
36 248 238 321 0.076471 
434 959 244 293 0.07039451 
245 432 320 452 0.06690255 
688 364 267 314 0.05933527 
81 294 131 188 0.053978126 
409 452 420 502 0.050488934 
272 1514 28 35 0.043993916 
-12 320 371 509 0.04118431 
243 1492 25 33 0.04057319 
118 1009 387 491 0.03661189 
46 1290 270 286 0.034587525 
293 810 152 223 0.032032598 
193 832 349 468 0.031537835 
216 1516 15 18 0.030585924 
146 665 378 424 0.03042403 
269 87 445 486 0.029390672 
474 1064 141 192 0.025612311 
232 1521 14 20 0.02319059 
187 238 121 190 0.022932999 
234 1501 29 39 0.021688186 
146 481 144 188 0.021567486 
185 1502 17 19 0.020434175 
