6_Funeral_Funeral_6_537
19
126 310 272 333 0.9995388 
564 468 286 420 0.9954976 
749 884 170 129 0.12048881 
666 407 231 336 0.0529246 
342 204 462 591 0.049062755 
136 597 24 26 0.041025348 
179 535 376 507 0.03738598 
104 536 24 33 0.036517154 
181 168 395 500 0.030209366 
310 782 114 168 0.030162051 
576 247 389 443 0.030034322 
299 166 13 14 0.029060377 
735 1075 213 300 0.027674653 
663 811 231 238 0.026597546 
945 279 9 10 0.026151981 
427 409 29 37 0.023695115 
951 277 8 11 0.02331217 
512 914 479 468 0.021161351 
463 168 11 12 0.020862022 
