6_Funeral_Funeral_6_140
112
83 90 59 83 0.9980268 
497 217 60 64 0.973434 
880 45 23 29 0.8763447 
774 15 12 15 0.85087496 
631 184 85 102 0.7415745 
729 239 62 77 0.42252877 
824 44 23 29 0.34778816 
734 597 28 30 0.31328908 
659 199 88 107 0.17642103 
937 81 16 20 0.15855873 
859 205 47 45 0.11067076 
62 511 122 140 0.10910527 
698 533 24 30 0.10790194 
982 70 12 16 0.09619283 
932 107 12 16 0.08985419 
893 252 12 16 0.08027621 
720 514 13 16 0.07565992 
381 159 10 11 0.073985085 
1013 97 11 17 0.068532534 
533 451 10 14 0.06619811 
383 164 10 12 0.06449844 
757 18 40 52 0.060559224 
885 2 15 18 0.060043283 
846 1 35 29 0.058505725 
354 511 9 11 0.05778177 
197 31 410 526 0.054561116 
531 444 12 15 0.05437371 
544 446 13 14 0.048245315 
765 38 23 30 0.046006847 
377 70 398 453 0.042994514 
384 174 10 12 0.04212629 
369 495 7 9 0.041759282 
717 478 10 13 0.041031003 
233 126 50 61 0.04072712 
1007 82 13 16 0.040692806 
780 143 186 244 0.04022156 
446 501 9 10 0.03957851 
976 75 11 16 0.036533643 
317 303 367 453 0.03618312 
430 511 7 8 0.03579887 
1011 77 11 15 0.034748346 
670 563 11 15 0.034085415 
939 99 15 17 0.033744138 
949 70 12 15 0.033440676 
503 184 90 115 0.03337465 
454 541 9 13 0.033225965 
910 9 14 19 0.03308513 
716 505 23 28 0.032823633 
330 479 8 10 0.032478034 
927 101 22 29 0.031561337 
671 554 13 18 0.030970257 
980 68 22 25 0.030748948 
356 516 9 10 0.030283587 
417 535 7 9 0.02995939 
417 541 8 10 0.029889941 
671 587 11 15 0.029883197 
814 150 11 13 0.029759685 
720 589 44 49 0.028849926 
916 0 13 12 0.028845929 
425 505 6 9 0.028740907 
938 106 15 18 0.028663075 
636 593 31 38 0.028583258 
946 81 15 19 0.028100004 
936 494 68 82 0.028036248 
1007 91 14 18 0.027940307 
416 527 6 8 0.027857624 
344 519 7 10 0.027589776 
344 499 9 12 0.026604434 
422 559 9 12 0.026495008 
356 497 103 124 0.026191084 
290 522 40 51 0.025899708 
395 535 7 9 0.02572619 
408 510 7 9 0.02560412 
393 497 7 9 0.025369707 
701 216 60 79 0.025365332 
998 120 15 19 0.025353666 
336 509 8 11 0.025336828 
981 97 13 16 0.025107186 
851 474 121 133 0.024955368 
318 532 13 16 0.024840815 
1006 107 13 15 0.02430783 
646 565 12 14 0.024271755 
416 505 7 7 0.024246952 
199 185 30 39 0.024088554 
433 521 7 9 0.023853917 
432 493 8 10 0.023605714 
768 19 24 30 0.02342181 
733 596 16 19 0.023353815 
980 80 14 18 0.023318209 
524 470 13 15 0.022945048 
336 496 8 11 0.022874935 
1012 42 10 17 0.022849226 
926 103 14 17 0.022841066 
674 550 12 16 0.02280957 
303 486 11 14 0.022778613 
661 96 49 50 0.0227446 
740 586 31 35 0.022672286 
84 406 380 422 0.022652065 
336 501 8 11 0.02246608 
931 91 26 29 0.022267066 
683 2 15 15 0.021952268 
637 -5 380 520 0.021830898 
439 526 8 9 0.02146436 
398 536 7 9 0.021310506 
383 189 9 12 0.021210335 
447 528 9 10 0.02093102 
665 566 10 12 0.020919142 
721 254 38 49 0.020910036 
408 520 7 8 0.020533461 
438 520 7 10 0.020477096 
859 250 15 18 0.020248247 
987 92 13 17 0.020125037 
