6_Funeral_Funeral_6_572
40
499 339 31 38 0.99954814 
545 352 31 38 0.9995266 
339 323 28 35 0.9995092 
611 300 33 42 0.9994271 
736 315 35 42 0.99928576 
554 295 30 37 0.99927 
285 345 28 34 0.99917597 
794 289 33 42 0.9990491 
229 356 28 33 0.99891436 
655 340 30 39 0.9988996 
354 369 28 33 0.99811125 
416 343 29 34 0.99701095 
163 362 27 34 0.9942021 
396 537 12 15 0.29563624 
719 442 92 109 0.14823475 
981 567 11 15 0.10402867 
895 549 10 12 0.08626779 
1005 564 12 15 0.05992154 
1014 571 9 13 0.05795127 
917 566 8 11 0.055329155 
976 571 11 13 0.049304325 
991 542 10 12 0.03416987 
963 537 14 18 0.0338875 
912 519 9 11 0.03330491 
987 564 12 15 0.031293854 
919 519 8 11 0.03118929 
854 549 10 13 0.026758205 
343 395 13 18 0.025344031 
15 549 7 10 0.023887616 
918 559 10 11 0.023781247 
911 523 10 13 0.02372717 
989 556 12 14 0.022856439 
996 550 12 14 0.02163094 
959 567 8 12 0.021485528 
941 550 12 14 0.021194516 
1005 550 14 16 0.02104889 
22 560 8 10 0.020539904 
936 550 10 13 0.02039356 
708 451 58 73 0.020387601 
407 557 10 12 0.020133596 
