6_Funeral_Funeral_6_696
77
161 189 30 46 0.99967825 
460 170 60 80 0.99938273 
968 168 50 64 0.99856323 
328 175 28 36 0.99850214 
679 115 61 83 0.99842346 
6 174 25 31 0.99812144 
266 151 25 33 0.9977229 
563 61 59 93 0.9961622 
59 194 26 32 0.99330586 
811 140 55 73 0.9922289 
560 202 56 90 0.9913345 
20 200 26 32 0.9881892 
219 173 21 27 0.98599815 
363 176 22 29 0.98476285 
895 134 42 53 0.9736096 
94 184 22 29 0.9728856 
116 186 29 35 0.97135496 
411 89 51 64 0.8829084 
171 159 22 26 0.8669968 
90 154 21 27 0.86677486 
61 173 17 20 0.7351247 
390 155 20 29 0.70555896 
293 160 20 28 0.68379784 
23 163 20 24 0.3553537 
139 171 15 20 0.2945875 
560 316 35 53 0.2234763 
219 164 19 23 0.2174677 
347 158 13 15 0.20273723 
165 168 27 33 0.1972738 
109 175 28 36 0.13434763 
125 175 27 35 0.07932028 
102 189 27 32 0.07187678 
785 157 10 12 0.06857787 
430 88 34 41 0.06581394 
4 174 39 50 0.06533969 
804 163 16 21 0.064402744 
366 167 15 21 0.05890455 
944 386 26 36 0.057273142 
374 164 23 31 0.056361318 
100 168 23 31 0.053391416 
78 191 25 34 0.05223298 
113 170 19 23 0.048734214 
962 155 16 22 0.044963554 
612 83 47 66 0.043470446 
963 154 42 51 0.04047349 
451 128 38 44 0.04020022 
536 174 13 19 0.03894042 
55 176 16 20 0.037501123 
551 146 12 18 0.037288714 
308 52 11 15 0.036055777 
157 167 21 28 0.03575528 
965 376 9 14 0.034867663 
340 157 21 26 0.034591336 
145 174 16 22 0.033855308 
168 516 29 31 0.0317322 
390 151 15 20 0.030622916 
122 171 16 20 0.03060769 
401 121 50 68 0.03003242 
511 155 28 39 0.02929836 
958 151 30 38 0.029251283 
135 167 14 18 0.027899345 
922 353 14 19 0.027644573 
522 163 12 18 0.027246295 
808 156 33 42 0.026968976 
128 181 35 47 0.025010655 
426 105 60 69 0.02481541 
141 189 36 47 0.024454614 
281 159 22 31 0.022871118 
566 197 33 52 0.022598868 
542 276 79 120 0.021770395 
137 194 17 20 0.021548595 
660 135 37 48 0.021484993 
168 157 14 18 0.021398822 
33 203 25 34 0.020987688 
535 302 53 73 0.02063379 
352 162 21 29 0.020404713 
305 47 9 13 0.020286396 
