6_Funeral_Funeral_6_109
106
121 216 32 39 0.99958986 
195 213 32 38 0.9979894 
355 226 24 30 0.99648523 
304 229 24 29 0.99339736 
718 294 21 28 0.9919784 
248 219 27 34 0.9915017 
779 228 16 21 0.98610514 
389 311 27 34 0.98391575 
459 225 22 29 0.9835877 
422 238 23 30 0.9819764 
592 302 26 30 0.9785573 
644 217 22 26 0.97143966 
803 253 18 23 0.96714807 
548 220 17 21 0.9668328 
587 228 21 26 0.9665139 
519 232 21 25 0.96309704 
411 205 19 23 0.961528 
302 197 22 28 0.9603857 
264 222 26 34 0.94993174 
453 303 22 26 0.94817835 
617 219 19 23 0.9368232 
370 205 19 25 0.92816216 
881 236 17 21 0.9156954 
740 253 17 20 0.8930556 
913 219 21 26 0.892099 
697 247 18 22 0.8710178 
567 211 17 20 0.8434967 
486 215 21 24 0.8285219 
716 255 16 19 0.70545465 
836 242 16 18 0.66733915 
659 298 21 26 0.6517854 
572 323 21 26 0.6336516 
982 216 17 20 0.38987315 
490 236 22 27 0.3740183 
333 219 16 21 0.35939765 
546 324 14 19 0.30732134 
499 232 17 22 0.29367992 
897 264 16 18 0.23081651 
361 211 23 30 0.22899415 
859 261 13 19 0.21872923 
563 239 13 16 0.18575406 
489 249 17 21 0.16702518 
752 382 14 18 0.14276028 
81 143 17 21 0.13014922 
678 249 14 18 0.123854436 
543 277 13 16 0.11220702 
831 259 21 28 0.07448709 
709 238 13 15 0.07344008 
316 227 22 29 0.07014795 
710 376 16 18 0.069604 
797 226 16 19 0.06645442 
706 250 16 20 0.06502117 
834 272 15 20 0.061448984 
482 266 16 22 0.060384504 
163 156 28 33 0.058584653 
871 9 10 12 0.058114234 
581 312 26 34 0.054979157 
426 374 18 24 0.05481158 
629 255 15 20 0.052319586 
507 196 15 17 0.05231554 
841 259 21 29 0.046610825 
672 237 14 16 0.04650949 
336 225 21 27 0.045434944 
522 173 11 13 0.04382555 
686 244 13 18 0.041538313 
419 206 23 27 0.038845826 
706 366 26 27 0.03721352 
633 382 27 34 0.036058713 
554 228 19 24 0.035399996 
439 205 22 26 0.034663297 
524 177 12 15 0.03433136 
859 255 12 15 0.033496387 
547 241 15 18 0.031248052 
395 208 15 19 0.031193294 
219 197 22 27 0.028696591 
505 316 27 35 0.028138498 
156 220 23 31 0.027346047 
702 236 23 30 0.027273225 
508 190 14 15 0.02670459 
592 434 31 35 0.026629262 
477 212 16 21 0.025769873 
300 211 25 31 0.025238233 
501 200 21 26 0.025123904 
918 208 12 14 0.025098244 
549 323 21 26 0.024798013 
850 262 21 29 0.024622297 
830 247 16 21 0.02435413 
866 12 8 11 0.02395122 
581 204 12 14 0.023789195 
853 217 13 17 0.023063945 
604 222 19 27 0.023030223 
84 134 14 17 0.022924954 
787 227 25 29 0.022733398 
839 248 16 20 0.022528918 
522 256 16 20 0.022454083 
325 210 22 28 0.022448663 
251 235 18 23 0.022403236 
542 233 15 19 0.022106538 
211 203 25 34 0.021841023 
92 134 12 14 0.021628447 
673 235 21 26 0.021611338 
836 230 14 17 0.021499118 
287 223 26 32 0.021148415 
749 371 24 29 0.021051196 
756 210 13 15 0.021007583 
486 230 19 24 0.020252239 
