6_Funeral_Funeral_6_160
87
782 209 51 73 0.999094 
898 101 58 80 0.99864334 
872 246 65 97 0.9979621 
363 303 47 61 0.9963403 
836 124 48 69 0.9937079 
203 179 66 88 0.9932365 
155 215 68 92 0.9924246 
25 224 64 107 0.98810774 
359 222 33 43 0.9873144 
738 169 52 71 0.9860773 
612 376 38 50 0.9727956 
718 157 39 52 0.9475822 
45 77 49 89 0.93684053 
273 198 46 66 0.5264243 
723 207 27 46 0.5036629 
-7 123 70 140 0.45423213 
756 185 50 66 0.45350558 
298 191 32 49 0.33806843 
864 216 56 73 0.24434847 
5 161 90 121 0.16864176 
280 811 131 182 0.16789949 
133 178 38 33 0.118646756 
115 906 122 169 0.10649424 
845 770 13 15 0.10414807 
83 194 52 64 0.102126546 
41 171 89 107 0.10063242 
20 87 70 146 0.09858372 
986 77 37 77 0.09012132 
991 136 34 53 0.08647218 
237 181 67 94 0.07098308 
988 162 39 66 0.0688051 
260 176 30 39 0.056362458 
142 473 68 53 0.051567696 
986 812 38 62 0.046091728 
104 181 58 54 0.04544698 
879 204 65 73 0.045434956 
724 188 45 60 0.043626096 
853 103 60 87 0.04320942 
49 219 60 88 0.042083174 
176 1234 86 111 0.040526308 
849 764 16 17 0.0400482 
289 253 20 24 0.03944935 
39 44 85 132 0.03894718 
524 408 13 16 0.038537983 
262 214 41 60 0.037337907 
132 186 58 65 0.036167543 
278 232 35 40 0.035707813 
836 756 27 29 0.0351861 
272 443 40 48 0.034780845 
396 262 13 18 0.03476151 
207 608 331 474 0.03463887 
1003 75 20 49 0.03414078 
844 778 14 17 0.034063816 
550 275 33 43 0.030813087 
52 105 54 86 0.028995836 
859 769 13 16 0.028625444 
709 148 70 89 0.02861694 
551 1285 10 14 0.028263189 
283 1239 45 55 0.028086033 
680 309 20 25 0.027993735 
348 228 30 39 0.027550515 
855 788 12 15 0.027415453 
73 164 62 66 0.027228089 
62 116 32 55 0.027171174 
371 241 18 25 0.02716539 
507 467 14 17 0.02652227 
128 170 31 31 0.026180385 
263 760 227 268 0.026013236 
384 1306 33 33 0.025378764 
195 252 36 44 0.025090711 
296 1233 26 34 0.024159877 
677 324 39 55 0.023650693 
291 1057 499 527 0.023554195 
326 238 27 42 0.02247277 
145 180 20 19 0.022450253 
736 707 369 457 0.021688445 
201 1165 82 107 0.021610947 
84 190 35 43 0.02145263 
352 311 36 42 0.02120009 
84 224 53 76 0.021082647 
273 178 31 42 0.021069892 
115 229 53 69 0.020688705 
847 774 21 26 0.020369358 
477 1279 15 18 0.020324491 
331 219 39 53 0.020275544 
534 279 30 38 0.020213343 
304 213 38 55 0.020058889 
