6_Funeral_Funeral_6_315
30
356 156 136 199 0.9802932 
369 1407 16 19 0.44535312 
394 70 203 298 0.2310909 
237 770 132 103 0.08849034 
62 532 15 19 0.056412112 
656 383 39 44 0.050913844 
268 116 174 244 0.047627524 
46 465 14 18 0.03696852 
648 367 33 41 0.035489786 
-106 16 438 529 0.035018478 
121 465 58 54 0.032656476 
73 510 409 421 0.03211519 
-62 921 403 500 0.030768536 
437 957 191 309 0.028467104 
79 835 145 158 0.028264135 
732 1527 19 21 0.027375486 
-2 606 32 52 0.026406439 
475 -92 438 512 0.026124658 
122 439 46 51 0.025983108 
28 491 14 19 0.024266532 
730 1513 29 37 0.023051431 
139 937 427 504 0.022637285 
56 524 13 16 0.022381434 
-13 691 368 442 0.021624375 
428 1045 126 207 0.020746268 
-103 263 371 422 0.020735787 
44 1322 12 15 0.020673418 
194 872 42 53 0.020516234 
39 1316 11 15 0.020458026 
89 438 42 46 0.020450372 
