6_Funeral_Funeral_6_745
21
96 401 119 144 0.9999027 
531 474 109 143 0.9997631 
778 520 118 129 0.9996569 
418 170 117 172 0.99957794 
542 204 102 149 0.99912435 
765 385 113 136 0.9791967 
765 430 129 178 0.35339877 
108 251 148 126 0.33694577 
477 188 112 158 0.08434331 
144 285 86 86 0.06942849 
110 189 128 143 0.0551813 
175 1069 9 11 0.030724414 
398 676 418 489 0.028474117 
159 791 62 53 0.025260417 
286 1011 14 18 0.025152065 
1004 737 19 32 0.02346362 
361 551 8 11 0.022258721 
345 526 8 11 0.021082656 
919 151 8 10 0.021023583 
282 1005 22 31 0.020395515 
282 150 7 10 0.020247405 
