6_Funeral_Funeral_6_676
75
853 43 34 44 0.9967811 
729 38 31 38 0.9966235 
557 143 46 68 0.9934277 
502 256 30 40 0.9826126 
610 250 53 79 0.9755815 
671 178 35 48 0.88451815 
550 217 31 39 0.71129507 
915 234 41 52 0.6641607 
313 260 36 35 0.5957108 
115 -47 402 514 0.2944398 
327 269 33 31 0.1592747 
69 347 52 63 0.15135828 
653 53 26 37 0.14582506 
66 459 37 45 0.12939392 
835 152 56 58 0.106194705 
947 191 18 24 0.09040765 
924 5 16 18 0.06947173 
624 61 391 507 0.062558345 
791 40 22 29 0.058864154 
982 2 18 17 0.056561008 
109 326 14 18 0.05545942 
950 6 11 13 0.054530412 
275 126 48 50 0.05350599 
288 293 11 14 0.05328632 
223 178 27 31 0.04850848 
939 3 16 16 0.045569558 
226 184 17 19 0.044020154 
46 320 14 20 0.04139972 
247 54 239 339 0.037100524 
247 294 12 14 0.03577771 
328 263 56 52 0.035521112 
153 293 27 32 0.034099624 
483 281 32 47 0.0332974 
607 253 86 121 0.033121955 
931 8 17 20 0.03246436 
94 315 26 32 0.03210749 
337 120 28 41 0.0319212 
133 334 32 38 0.0319136 
312 268 22 23 0.031468373 
110 345 36 40 0.030637458 
307 250 28 37 0.030509204 
148 337 17 21 0.029999908 
127 350 33 33 0.029811582 
933 1 14 14 0.029248783 
981 0 33 29 0.029077671 
11 130 28 46 0.027395071 
516 248 33 42 0.026648073 
362 265 16 19 0.026625033 
924 186 27 32 0.026179604 
994 2 18 17 0.024854854 
288 109 52 57 0.024105793 
166 362 13 16 0.024068609 
327 248 29 36 0.024020275 
840 153 89 96 0.023886306 
346 280 16 19 0.023614211 
939 12 14 17 0.023510745 
923 13 17 21 0.022734042 
222 303 11 13 0.022713069 
328 130 45 50 0.022493742 
550 179 45 64 0.02248332 
108 322 26 35 0.022323867 
953 525 10 11 0.022267781 
955 10 12 14 0.022213534 
899 207 54 68 0.022173433 
483 250 42 58 0.021547208 
358 260 29 34 0.02145955 
548 230 29 44 0.021399975 
284 297 12 17 0.02115677 
947 2 25 26 0.020904627 
330 300 13 16 0.020813175 
718 179 95 123 0.020751473 
885 1 12 13 0.020337075 
97 330 33 42 0.020206587 
276 298 14 19 0.02016512 
505 231 35 44 0.020130912 
