32_Worker_Laborer_Worker_Laborer_32_357
31
201 187 74 88 0.99655473 
725 413 72 103 0.9025466 
722 357 120 151 0.21293111 
797 279 54 58 0.16540277 
8 81 8 11 0.13894255 
60 275 213 295 0.10268279 
11 336 345 473 0.080745146 
655 291 188 262 0.068278134 
119 352 127 155 0.06334809 
100 493 18 24 0.056952428 
302 470 33 42 0.045899235 
195 763 38 44 0.040782508 
13 81 12 17 0.039163448 
125 590 122 160 0.03748596 
776 276 92 93 0.033022646 
390 686 31 31 0.031218255 
33 82 98 131 0.029158294 
437 690 28 37 0.028775923 
474 696 16 18 0.027926097 
999 779 12 14 0.027012736 
506 729 28 34 0.025585808 
20 85 10 14 0.02485355 
548 496 31 45 0.02467123 
743 304 121 151 0.022469567 
787 552 74 64 0.022187887 
93 397 112 129 0.022138804 
774 402 96 133 0.022107428 
71 446 193 319 0.021774273 
815 425 54 79 0.021316495 
17 127 84 118 0.020920798 
345 730 59 67 0.020775156 
