32_Worker_Laborer_Worker_Laborer_32_786
27
471 539 177 218 0.9987264 
835 163 20 23 0.36385366 
978 92 29 36 0.115097545 
422 1878 119 140 0.07018668 
416 1814 195 239 0.05257763 
956 2037 27 43 0.05252634 
876 72 26 35 0.051086113 
549 1075 361 529 0.043705728 
971 2013 16 21 0.035782233 
552 1457 444 495 0.033871453 
880 58 43 57 0.033756986 
358 1060 427 501 0.033496812 
957 2014 27 36 0.030506475 
753 52 169 263 0.03001575 
356 1713 336 432 0.027049864 
110 1567 51 84 0.027047362 
944 2014 30 42 0.026950005 
68 99 29 38 0.026506066 
105 211 61 64 0.026462317 
947 2016 45 66 0.026391046 
74 1662 406 472 0.025968088 
626 1842 218 257 0.024372026 
900 71 24 36 0.022353744 
123 1573 32 48 0.021959301 
210 1143 164 260 0.020561056 
190 1569 13 17 0.020105356 
93 1548 83 132 0.020083768 
