32_Worker_Laborer_Worker_Laborer_32_26
167
204 256 38 39 0.9747561 
433 72 391 423 0.21986358 
976 144 14 17 0.12805116 
46 73 9 11 0.11123522 
23 327 11 14 0.1003121 
699 6 73 83 0.092920825 
130 72 9 11 0.09012236 
124 51 13 17 0.07034787 
111 269 9 13 0.06934014 
375 98 8 12 0.06619053 
168 71 9 11 0.064954564 
226 253 36 36 0.062458437 
88 72 8 10 0.061688516 
174 90 12 15 0.05991504 
105 268 10 12 0.05930849 
305 125 9 11 0.05836759 
621 6 47 74 0.057005487 
2 70 8 11 0.056562863 
9 277 9 11 0.054370183 
280 126 9 11 0.0534422 
70 267 9 12 0.05139361 
890 115 15 20 0.050220523 
624 -1 84 107 0.050028816 
883 108 25 35 0.049424373 
1 62 8 12 0.04856401 
87 272 10 12 0.046743035 
247 135 8 11 0.04600066 
23 266 11 13 0.045668926 
78 133 10 12 0.045560762 
97 261 9 11 0.043290768 
297 133 8 11 0.042944107 
76 110 11 13 0.04293643 
64 318 9 10 0.042262517 
132 269 11 14 0.04166319 
17 265 9 10 0.041228727 
924 142 32 40 0.040740803 
173 253 13 17 0.04010147 
0 37 8 13 0.040055625 
187 267 13 17 0.039765075 
63 116 10 12 0.03974211 
31 26 12 13 0.039568778 
877 96 42 59 0.03930543 
1 76 8 12 0.03929882 
45 263 8 12 0.038944732 
272 134 9 11 0.038522918 
72 114 11 14 0.038190916 
249 125 8 11 0.03818766 
113 294 9 11 0.037780896 
204 205 12 17 0.037352256 
178 250 42 50 0.037117966 
303 151 8 10 0.036931694 
25 77 9 11 0.036877643 
103 263 10 12 0.036526255 
46 268 8 11 0.035960995 
232 125 9 12 0.035806593 
87 260 9 11 0.034887362 
172 250 28 35 0.034350593 
303 157 8 10 0.034158733 
344 156 9 11 0.0331318 
103 317 9 11 0.03307551 
20 286 10 13 0.03304536 
343 132 9 11 0.03282601 
303 131 9 12 0.03273487 
111 264 8 11 0.032523017 
79 262 9 11 0.032434687 
1 30 8 12 0.032029834 
29 39 10 12 0.031762175 
175 107 12 17 0.03148164 
29 269 9 12 0.031431604 
223 111 8 10 0.030930538 
198 93 10 13 0.030764472 
87 255 10 11 0.030695952 
273 126 8 10 0.030684665 
893 51 15 20 0.030622317 
214 124 10 14 0.030614417 
375 116 8 11 0.030556513 
56 319 9 10 0.030463273 
180 261 15 17 0.030093502 
304 164 8 10 0.030086078 
1 102 8 13 0.03008556 
297 126 8 11 0.030061828 
64 279 8 11 0.02987793 
71 10 11 13 0.029738333 
117 54 15 17 0.02962021 
24 28 9 12 0.029531581 
197 258 25 33 0.02950822 
121 86 11 14 0.029417153 
16 253 9 10 0.028254116 
103 287 8 11 0.028250154 
41 268 8 11 0.028119825 
306 242 14 17 0.02802537 
64 28 11 13 0.027908912 
217 109 9 11 0.02775492 
56 333 10 13 0.027409066 
6 78 8 11 0.02735027 
110 75 10 12 0.02732866 
329 127 7 10 0.02715948 
62 23 12 12 0.027049666 
829 4 64 81 0.027049193 
64 285 8 10 0.027020833 
102 293 8 11 0.026860604 
82 317 8 10 0.02680982 
357 120 10 10 0.026669383 
328 134 8 11 0.026116835 
72 285 9 11 0.025969397 
77 11 10 13 0.025905529 
250 165 9 11 0.02573623 
5 326 12 15 0.02559753 
499 542 35 35 0.025559673 
71 253 8 11 0.0253378 
72 248 8 10 0.025249843 
305 120 10 11 0.025209637 
63 35 12 15 0.025188131 
1 53 8 14 0.025089953 
663 -3 89 108 0.024976458 
33 94 10 13 0.024917604 
286 128 8 9 0.024815015 
344 152 8 10 0.024774836 
80 311 9 11 0.024714451 
977 46 10 12 0.024448825 
70 0 10 10 0.024123738 
78 101 10 13 0.02406601 
97 294 9 11 0.024058463 
279 133 9 11 0.02396716 
80 254 9 11 0.02394333 
79 269 9 11 0.023936125 
68 20 12 13 0.023877097 
131 51 12 16 0.023669994 
286 134 8 10 0.023641985 
23 277 10 13 0.023617238 
94 268 10 12 0.023565982 
15 292 11 14 0.02331276 
78 287 9 11 0.02324357 
128 254 10 12 0.023167182 
56 132 11 13 0.0231506 
201 210 10 15 0.02314876 
344 127 9 11 0.022751283 
252 179 11 13 0.0226949 
70 239 8 10 0.02267538 
265 125 8 10 0.022638869 
175 31 11 13 0.022614738 
164 62 11 15 0.02241494 
70 278 8 11 0.022404535 
111 254 8 11 0.022285366 
374 111 9 11 0.022225337 
1 126 8 13 0.022188438 
0 44 8 14 0.021921435 
104 55 11 14 0.02185457 
254 142 8 10 0.021775585 
109 56 13 15 0.021621576 
37 99 10 11 0.021435715 
264 119 9 11 0.021381855 
25 44 9 12 0.021370059 
78 88 10 12 0.021247566 
20 247 11 12 0.021247322 
13 278 11 12 0.020925246 
1 116 9 14 0.020841518 
70 328 10 12 0.020668233 
60 94 10 14 0.020637045 
9 271 9 12 0.020614127 
58 116 9 12 0.020520123 
253 125 8 11 0.020472785 
64 326 9 12 0.020434773 
969 146 27 34 0.020336974 
919 5 9 11 0.020232115 
40 318 9 11 0.02012442 
65 1 10 10 0.020085543 
