32_Worker_Laborer_Worker_Laborer_32_516
44
257 111 33 44 0.9999138 
420 125 28 34 0.99867743 
968 49 56 89 0.99846786 
521 99 39 47 0.99757653 
49 23 69 90 0.9968526 
845 119 29 32 0.9965312 
225 129 28 35 0.9960776 
880 147 30 36 0.9934197 
756 101 42 51 0.9860464 
297 114 43 56 0.9854407 
370 148 16 20 0.98097104 
277 305 47 55 0.9663314 
675 317 44 47 0.9482707 
575 351 42 45 0.9451433 
482 340 33 34 0.9329706 
341 298 51 58 0.91178876 
768 330 49 51 0.89151764 
279 112 41 52 0.50313455 
713 89 27 31 0.17223535 
675 158 25 29 0.15796432 
211 143 31 42 0.08601427 
269 29 10 14 0.07107823 
725 140 26 32 0.06306196 
169 95 22 30 0.05768969 
652 -3 57 64 0.055547584 
396 201 56 62 0.048811663 
243 54 12 16 0.044177715 
860 149 47 54 0.043241024 
439 0 11 10 0.042015854 
270 24 9 11 0.032041173 
84 190 12 14 0.030665161 
340 84 24 32 0.0296117 
555 121 17 22 0.029339867 
539 113 30 37 0.02811562 
593 117 29 36 0.027770009 
710 68 36 45 0.027765565 
502 125 13 16 0.024932595 
180 180 26 33 0.024357881 
680 294 49 57 0.023056451 
346 85 13 17 0.022647504 
363 143 37 47 0.022221347 
596 122 15 19 0.021844963 
389 192 91 102 0.021038672 
563 121 17 21 0.020523628 
