32_Worker_Laborer_Worker_Laborer_32_529
72
480 270 77 103 0.9921361 
934 554 24 29 0.5596968 
478 1013 365 485 0.48816267 
977 648 9 12 0.30178565 
-35 878 528 521 0.27321723 
996 554 16 19 0.17972295 
996 558 23 29 0.15526922 
179 1005 343 480 0.07087807 
171 1225 535 527 0.0654554 
331 705 51 71 0.060525108 
64 669 9 10 0.06026439 
186 754 24 33 0.059212085 
580 896 393 472 0.055344924 
846 677 10 12 0.053616706 
796 634 12 15 0.05154456 
917 698 10 14 0.04350602 
1013 768 10 15 0.04178039 
-24 1120 498 531 0.04052731 
381 670 10 15 0.038853586 
68 708 10 14 0.03864238 
980 579 12 15 0.035350196 
6 683 13 19 0.034716357 
963 547 14 19 0.034568068 
933 578 12 17 0.03449247 
558 525 31 38 0.03276348 
4 629 10 14 0.03165365 
582 276 36 42 0.031036193 
326 80 14 17 0.03030126 
998 643 13 16 0.029651038 
915 563 11 14 0.029277315 
994 640 24 32 0.029135862 
968 652 10 12 0.029074477 
952 772 9 13 0.028258123 
190 645 35 38 0.0278423 
373 674 14 18 0.02773186 
203 723 16 21 0.027629562 
846 672 9 11 0.027599828 
934 773 10 12 0.027598748 
149 714 17 20 0.02695323 
997 648 15 19 0.026917886 
935 605 11 15 0.026821652 
894 619 11 15 0.026549188 
142 587 13 16 0.026442498 
1015 729 9 15 0.02486113 
892 643 14 17 0.024850762 
521 1143 48 52 0.024133652 
316 670 82 120 0.023996083 
996 664 14 19 0.023872439 
913 694 10 14 0.023731448 
3 611 12 15 0.023718605 
96 699 10 13 0.02353187 
845 700 11 13 0.023071555 
979 563 13 17 0.022980839 
180 722 15 18 0.022919068 
926 579 12 15 0.022863418 
1014 702 9 14 0.022704411 
925 653 11 14 0.02260147 
187 709 16 19 0.022343049 
5 696 30 39 0.0220603 
182 716 23 29 0.021883247 
70 714 11 14 0.021678839 
37 679 25 32 0.0214077 
980 650 11 14 0.021254117 
69 669 8 11 0.02122541 
926 691 12 15 0.021220863 
343 994 306 451 0.021097127 
1014 678 10 15 0.020927634 
927 565 23 31 0.020762008 
992 571 13 17 0.020587277 
64 676 10 13 0.020284226 
175 724 13 17 0.02022347 
1009 559 15 22 0.02019172 
