32_Worker_Laborer_Worker_Laborer_32_738
30
273 355 125 140 0.9985056 
634 -138 443 610 0.24361105 
392 337 30 38 0.1542829 
439 440 140 197 0.095307864 
316 727 16 19 0.081772886 
566 1308 394 461 0.05859287 
505 475 101 135 0.056704078 
487 786 351 469 0.055408575 
302 719 30 28 0.045219854 
305 503 410 491 0.044649575 
254 695 118 109 0.042521678 
558 1029 140 197 0.04156828 
478 1390 116 111 0.03874859 
472 -31 371 478 0.037615765 
750 910 138 161 0.03755026 
229 359 100 157 0.03257814 
193 525 203 249 0.031873353 
535 884 202 295 0.031641353 
325 322 119 149 0.028541077 
715 20 264 383 0.02750382 
69 1080 451 482 0.025364084 
343 92 36 48 0.025170675 
298 725 17 21 0.024818573 
1004 1138 21 38 0.022668539 
555 498 67 95 0.02253513 
339 740 15 18 0.022527024 
434 1408 128 136 0.021719577 
126 729 136 130 0.021163534 
261 -4 93 113 0.020813698 
985 38 22 30 0.020476008 
