32_Worker_Laborer_Worker_Laborer_32_987
39
761 58 54 71 0.9989048 
609 61 58 76 0.9988165 
265 224 63 58 0.87996686 
883 81 94 121 0.85139894 
540 156 12 14 0.102355294 
521 142 9 11 0.07423966 
503 143 10 11 0.060915362 
497 142 8 10 0.05476405 
497 125 9 11 0.052960984 
522 149 9 12 0.04654425 
693 366 35 51 0.04227626 
297 177 29 38 0.032764286 
503 136 9 11 0.03191541 
696 56 49 58 0.031044932 
512 132 9 12 0.030823203 
734 22 28 43 0.028675426 
197 439 9 11 0.0280933 
437 127 9 11 0.026843907 
445 110 10 11 0.026156578 
726 38 12 16 0.025880676 
503 119 8 11 0.025791403 
488 152 8 10 0.024035975 
377 344 95 130 0.023780461 
516 120 10 11 0.02375025 
305 176 16 21 0.02362468 
518 133 11 13 0.02339881 
188 466 11 12 0.023245355 
285 253 43 41 0.023044256 
432 181 9 11 0.023002092 
430 158 9 11 0.022709789 
504 149 9 11 0.022455053 
534 150 19 23 0.02233052 
454 141 8 11 0.02221869 
509 142 10 12 0.021174286 
497 136 9 11 0.021085491 
513 126 10 13 0.020868462 
502 149 370 483 0.020362346 
432 120 8 11 0.020122873 
450 134 9 11 0.02001735 
