32_Worker_Laborer_Worker_Laborer_32_594
278
658 163 58 73 0.99956316 
923 526 11 13 0.20284522 
861 533 11 14 0.17782381 
958 509 8 10 0.16594747 
508 541 10 12 0.16323385 
936 496 8 9 0.16078065 
976 504 8 9 0.15199031 
908 543 12 14 0.14699864 
976 526 10 12 0.14692993 
968 521 9 11 0.12823032 
538 561 13 16 0.117826805 
112 525 10 13 0.09704426 
822 588 9 12 0.09339602 
814 558 9 11 0.09121038 
544 550 9 11 0.08739111 
182 517 11 14 0.08669793 
854 573 13 16 0.084473416 
137 509 9 11 0.084351994 
928 480 10 12 0.08407061 
726 624 23 29 0.08340945 
182 493 12 15 0.08311269 
135 533 12 15 0.0823725 
848 559 9 12 0.08128394 
911 495 8 10 0.0801001 
413 515 14 16 0.08007126 
896 518 8 10 0.07978021 
96 536 11 13 0.0765059 
895 590 11 12 0.073549174 
951 535 9 11 0.073154196 
442 531 15 19 0.07265727 
809 606 10 12 0.07248438 
740 211 15 19 0.07096199 
904 511 7 9 0.06564197 
929 549 9 12 0.062734425 
886 503 8 10 0.0612967 
880 531 11 12 0.061241403 
881 502 8 10 0.0587826 
957 556 15 17 0.058639545 
921 512 9 9 0.055152904 
959 535 9 12 0.05471194 
604 243 193 250 0.054454185 
952 479 8 9 0.0533594 
912 501 8 9 0.05250929 
662 623 15 17 0.0523694 
241 477 8 10 0.052266136 
553 581 15 19 0.051306527 
878 564 11 14 0.05069268 
116 525 12 15 0.05052686 
47 517 8 11 0.050442066 
870 570 12 14 0.050007354 
830 572 10 13 0.049919464 
856 497 8 10 0.04975523 
880 558 10 12 0.04942424 
25 511 8 10 0.048481558 
831 605 10 12 0.048307784 
499 547 14 18 0.048160687 
936 500 9 11 0.048099175 
952 503 7 9 0.047940407 
111 520 10 13 0.047254395 
830 551 8 10 0.047144357 
984 509 8 10 0.047090735 
919 502 8 10 0.045777317 
894 558 9 12 0.04530934 
214 492 9 12 0.045277886 
445 524 14 18 0.044044945 
781 627 11 15 0.04369955 
984 495 8 9 0.04290198 
800 582 8 10 0.04202308 
879 496 9 10 0.041874226 
962 487 7 9 0.041842267 
551 549 9 11 0.041699808 
943 502 7 10 0.041695338 
638 653 11 12 0.041449316 
937 487 8 9 0.041251484 
926 510 9 10 0.040986262 
168 477 8 10 0.040598664 
423 491 12 15 0.040569868 
312 462 9 11 0.04052381 
952 495 7 9 0.040075682 
904 504 7 8 0.040070415 
825 567 8 11 0.039943155 
240 507 10 13 0.039211653 
136 478 8 10 0.03887931 
952 528 7 9 0.0387701 
135 473 8 9 0.038657244 
112 531 11 13 0.038531628 
960 519 9 11 0.038266636 
731 207 23 30 0.038189355 
910 487 7 9 0.03781693 
920 519 10 11 0.0375114 
1002 497 8 9 0.036837976 
992 518 9 12 0.036339242 
95 174 12 16 0.036065564 
864 512 8 10 0.03598962 
886 564 10 13 0.03584174 
966 487 8 10 0.035504453 
775 630 11 14 0.035495196 
872 606 11 14 0.035485003 
929 555 10 12 0.03542816 
808 599 10 12 0.035396334 
103 512 8 9 0.035292048 
814 599 10 12 0.035208546 
982 503 9 11 0.03504205 
894 550 9 12 0.034996327 
4 543 10 13 0.03450719 
136 485 8 10 0.034352284 
918 557 10 13 0.034159005 
918 497 8 9 0.034114964 
823 598 9 12 0.033504143 
141 508 9 11 0.033445295 
872 552 10 12 0.033088177 
966 534 9 11 0.032874107 
945 480 7 9 0.03267478 
1001 513 9 10 0.032631516 
959 506 7 9 0.032533202 
215 487 8 10 0.032530654 
936 580 12 14 0.032474156 
897 513 8 9 0.032458365 
936 471 7 9 0.032379437 
791 612 9 10 0.032354243 
249 486 9 12 0.03228091 
848 552 8 10 0.032203916 
905 548 11 13 0.03188704 
176 498 11 13 0.031686664 
606 238 10 12 0.03160671 
936 509 8 10 0.031578265 
142 525 11 14 0.031507697 
118 504 9 11 0.031435736 
942 495 8 10 0.03127721 
846 596 10 13 0.031196088 
335 471 10 11 0.031147761 
884 525 9 13 0.03114341 
817 591 9 11 0.031019526 
60 542 12 14 0.030811012 
926 543 10 13 0.030682173 
142 518 9 12 0.030600158 
209 487 8 11 0.030269265 
848 535 8 11 0.030206833 
528 572 13 16 0.03003281 
217 479 8 10 0.030014645 
848 511 8 9 0.029841075 
232 525 10 14 0.02981148 
966 511 9 9 0.029679503 
98 542 15 16 0.02961636 
784 624 9 13 0.029588306 
311 479 9 11 0.029581722 
934 478 9 10 0.029253408 
114 504 8 10 0.029162876 
991 524 9 12 0.029141655 
770 628 9 13 0.02913816 
183 469 7 10 0.029086055 
181 489 10 11 0.028977865 
952 486 7 9 0.028939331 
894 583 11 13 0.028898915 
928 504 8 9 0.028868943 
968 494 7 9 0.028802963 
998 515 10 13 0.02875895 
896 495 8 10 0.028616672 
324 131 459 469 0.028586773 
136 515 9 12 0.028467735 
353 471 9 12 0.028423548 
136 504 9 11 0.028397553 
841 597 10 12 0.028336016 
801 599 8 11 0.028335808 
113 157 15 19 0.028193623 
951 471 8 9 0.028182259 
599 557 9 12 0.028176686 
209 492 9 12 0.028168391 
888 570 11 14 0.027997267 
295 44 14 17 0.027979963 
929 496 8 9 0.027968422 
507 568 13 17 0.027912771 
829 578 11 14 0.027890207 
511 518 9 12 0.027840355 
45 541 12 16 0.02779302 
790 597 10 12 0.027340783 
952 580 11 13 0.027315112 
200 471 8 9 0.027310997 
838 526 8 10 0.027293142 
959 525 9 10 0.027289068 
525 558 11 15 0.027151 
889 464 10 11 0.027141495 
945 526 7 10 0.027023613 
904 573 10 13 0.027019054 
534 562 21 28 0.02697668 
867 557 9 12 0.026858604 
905 566 10 12 0.02682415 
126 496 8 10 0.026758863 
552 532 9 11 0.02673346 
438 535 23 27 0.026730265 
862 502 8 10 0.026713857 
942 574 11 15 0.026640294 
957 574 12 15 0.026441975 
943 486 7 9 0.026437089 
886 590 12 14 0.026432581 
247 477 9 11 0.026370067 
953 517 9 11 0.026185485 
943 541 9 12 0.02578998 
454 479 10 11 0.025704015 
960 480 7 9 0.025669286 
367 448 9 10 0.025573859 
549 527 9 11 0.025230207 
447 518 13 15 0.025198506 
846 577 15 16 0.025118163 
398 490 12 16 0.024881344 
858 540 9 12 0.024601351 
840 504 7 9 0.024563173 
926 571 12 15 0.024471726 
517 557 13 16 0.02438194 
240 472 9 10 0.02436313 
531 567 15 20 0.024356795 
888 550 10 12 0.02431894 
763 275 38 40 0.02429768 
357 491 15 19 0.02423475 
855 550 9 11 0.02418537 
446 527 23 27 0.024124091 
537 549 10 12 0.023744099 
969 503 8 9 0.023736564 
811 610 12 15 0.023729164 
845 590 13 14 0.023667572 
809 566 9 10 0.023637963 
375 531 13 18 0.023589171 
910 611 12 15 0.023572324 
881 595 11 14 0.023472844 
868 540 10 13 0.02254765 
906 487 7 9 0.022524564 
97 510 7 9 0.022437362 
319 485 9 11 0.022412619 
660 651 13 14 0.022373624 
167 488 9 11 0.022293855 
259 507 13 15 0.022249073 
931 566 12 15 0.02221828 
936 464 8 9 0.02219903 
72 517 8 10 0.022177553 
826 518 8 10 0.022176333 
977 496 8 9 0.02216864 
917 548 10 13 0.022162864 
151 487 8 10 0.02215511 
430 539 14 19 0.022128556 
541 552 21 27 0.02212746 
130 479 7 9 0.022108741 
938 624 14 18 0.022036487 
509 512 9 11 0.02194642 
828 568 10 13 0.021904515 
415 476 10 12 0.021808177 
16 532 10 13 0.021709232 
178 463 8 11 0.021706609 
912 511 8 11 0.02169503 
201 486 8 11 0.021483364 
784 543 10 12 0.021467878 
241 462 9 10 0.021385677 
326 470 11 12 0.021376697 
766 0 15 15 0.021275189 
223 478 8 11 0.021171952 
854 519 8 9 0.021155762 
550 557 10 14 0.021100692 
985 487 8 10 0.021057859 
157 619 15 21 0.020958718 
598 552 9 11 0.020923467 
446 477 11 12 0.020893851 
943 510 8 9 0.02088018 
1000 484 9 11 0.020850869 
130 472 7 9 0.02083908 
833 527 8 9 0.020825746 
878 518 10 13 0.020807637 
741 619 14 16 0.020680591 
476 531 13 17 0.020654522 
991 487 8 9 0.020537281 
842 559 8 12 0.020503279 
144 473 7 9 0.020435654 
926 520 11 12 0.020432925 
722 -1 17 15 0.02042589 
447 511 11 13 0.020332744 
374 578 14 17 0.020300183 
905 494 8 10 0.020241978 
737 605 11 13 0.020171715 
983 543 10 12 0.020154085 
810 559 9 10 0.020129751 
