32_Worker_Laborer_Worker_Laborer_32_90
19
368 235 140 178 0.99778926 
295 119 214 323 0.12850976 
522 707 339 415 0.121736646 
216 -33 365 478 0.0874491 
764 436 391 569 0.08319716 
205 713 59 62 0.06591289 
720 -28 377 564 0.053042747 
266 703 31 44 0.037971865 
914 336 120 160 0.037898745 
-40 506 391 469 0.034513067 
104 359 30 35 0.034022976 
600 541 361 524 0.030913565 
245 660 34 35 0.029344065 
232 663 52 56 0.028672084 
323 278 47 57 0.025848798 
-33 243 439 557 0.024402633 
195 682 97 100 0.021593908 
-26 -15 405 475 0.020688776 
187 839 57 55 0.020599248 
