32_Worker_Laborer_Worker_Laborer_32_932
54
811 800 65 83 0.997044 
686 774 48 63 0.99604344 
956 779 53 70 0.99556726 
523 810 53 72 0.992786 
113 780 52 68 0.99241793 
275 92 80 109 0.98674494 
367 827 50 67 0.9845292 
279 854 70 102 0.984479 
244 792 53 68 0.9109975 
657 933 50 65 0.6254048 
385 781 30 39 0.5628264 
866 790 38 50 0.5043293 
73 849 58 68 0.44386348 
754 877 45 64 0.4198527 
251 820 74 106 0.1539178 
5 986 58 88 0.12672152 
675 946 52 66 0.08399785 
340 1187 108 183 0.064088814 
688 1312 17 20 0.055816397 
697 932 53 64 0.055050258 
835 779 69 91 0.050240077 
716 1250 16 19 0.04989103 
725 899 53 64 0.04601348 
410 857 50 62 0.045523614 
517 1204 22 28 0.044597544 
372 778 29 35 0.044374343 
444 1314 28 36 0.042596735 
427 1043 61 87 0.04236456 
540 1271 16 21 0.038930185 
427 1243 15 19 0.037903413 
395 845 49 62 0.03654415 
710 917 53 61 0.032968044 
538 1187 24 29 0.03220079 
790 1231 31 39 0.03015423 
416 896 41 49 0.030133627 
205 1184 176 261 0.030132119 
807 945 40 48 0.029098086 
139 877 34 43 0.028914148 
606 1206 24 32 0.028839119 
88 847 37 41 0.028514128 
51 857 93 97 0.02810557 
690 961 56 70 0.027521668 
105 806 52 68 0.027510913 
732 1180 191 248 0.027024018 
108 1387 22 29 0.026790619 
776 63 9 11 0.026589777 
762 1305 14 18 0.025032531 
340 1141 189 287 0.023964534 
177 1273 186 272 0.023411466 
433 1181 24 30 0.023288442 
45 643 384 493 0.021584108 
849 77 11 13 0.020888098 
398 790 20 27 0.020387111 
373 800 49 66 0.020344913 
