32_Worker_Laborer_Worker_Laborer_32_110
76
488 326 46 49 0.99729055 
697 36 99 119 0.99724007 
455 13 20 25 0.7669837 
207 139 11 14 0.3005619 
105 237 52 46 0.1238622 
270 148 11 16 0.0992112 
211 133 12 15 0.09848295 
165 232 26 31 0.09172092 
255 134 11 13 0.08683017 
265 171 11 16 0.08000958 
213 174 13 16 0.074748196 
199 99 12 15 0.06646882 
292 170 53 60 0.06495279 
205 127 14 17 0.06316126 
108 188 25 28 0.06312108 
200 131 20 23 0.060827024 
105 196 17 18 0.05928633 
220 179 14 16 0.05869167 
142 159 25 29 0.0561925 
149 107 11 13 0.0512679 
274 146 15 18 0.045663513 
323 125 60 64 0.041931693 
322 166 34 48 0.041472718 
274 156 51 63 0.04042518 
65 194 16 19 0.03915491 
171 245 17 21 0.037115667 
154 156 14 16 0.037103202 
89 174 50 57 0.0364199 
756 -1 35 28 0.03541425 
547 249 35 52 0.033852566 
122 186 28 32 0.033734873 
263 152 12 16 0.033460375 
77 84 97 118 0.032561664 
106 112 49 59 0.032459114 
96 198 29 32 0.032377135 
110 176 49 58 0.031571727 
155 222 45 50 0.030953556 
159 199 24 29 0.03016928 
179 191 15 23 0.029939106 
128 192 47 53 0.029853493 
173 188 14 20 0.029839668 
265 159 21 31 0.029107248 
299 140 16 18 0.029086703 
211 169 20 25 0.028014345 
268 148 20 27 0.027405193 
221 134 9 13 0.027390026 
30 147 12 14 0.026406303 
65 240 36 47 0.026115196 
273 161 24 33 0.02567822 
45 183 16 19 0.02567555 
216 174 23 26 0.025255088 
270 174 12 17 0.025176935 
208 171 13 16 0.024447905 
297 110 10 13 0.024390606 
160 125 11 14 0.02406308 
143 196 27 33 0.023512617 
206 165 12 15 0.02326947 
264 141 9 13 0.023064023 
180 236 14 18 0.023053251 
163 156 13 15 0.022978282 
107 107 27 32 0.022831863 
254 122 89 100 0.021970548 
497 49 96 116 0.021763008 
170 198 18 24 0.021737901 
128 185 18 21 0.021615323 
275 141 26 29 0.021568552 
158 63 12 14 0.021505397 
796 6 11 13 0.021265555 
118 178 14 19 0.021197194 
297 130 64 67 0.02112672 
286 138 29 30 0.02076028 
133 175 90 107 0.020682765 
62 200 14 16 0.020642875 
173 139 22 29 0.02061358 
159 213 28 30 0.020505158 
237 169 14 17 0.020082084 
