32_Worker_Laborer_Worker_Laborer_32_944
105
419 353 99 114 0.9975682 
56 676 26 33 0.33549932 
913 748 34 44 0.31004065 
469 983 14 17 0.12919801 
47 980 14 16 0.12175499 
661 937 35 43 0.0960701 
837 700 47 63 0.0858583 
422 988 14 17 0.083036005 
424 939 11 14 0.07872108 
431 940 10 13 0.07791853 
295 955 9 11 0.068193085 
641 272 379 489 0.06555037 
927 987 14 19 0.062828064 
399 989 13 15 0.061648414 
420 933 14 15 0.057539806 
44 985 16 18 0.05248903 
387 924 12 13 0.051511433 
533 932 13 16 0.049427904 
254 957 10 13 0.047418334 
-15 176 431 531 0.047190204 
287 983 12 13 0.0456153 
237 967 11 13 0.045526326 
486 915 13 16 0.04531172 
231 967 11 14 0.04372755 
255 974 9 11 0.042948242 
247 1 25 29 0.0406732 
232 983 11 12 0.040660445 
220 980 12 14 0.04060292 
554 506 15 21 0.039251845 
39 997 14 15 0.03840766 
79 987 12 14 0.03772908 
368 919 9 10 0.03760762 
443 985 16 19 0.037406575 
5 669 28 37 0.036842424 
52 984 13 18 0.03680484 
309 963 11 13 0.036447234 
888 618 105 149 0.03616421 
437 659 30 39 0.035717305 
60 981 13 16 0.035264567 
988 976 14 18 0.03487915 
674 0 17 14 0.034002356 
894 740 45 60 0.03225927 
309 120 97 132 0.0320441 
277 48 24 30 0.03190563 
238 983 11 13 0.031892713 
517 997 15 17 0.031381022 
368 924 9 10 0.030975962 
286 44 25 30 0.030933226 
405 995 12 15 0.030323535 
16 651 27 32 0.030252825 
435 939 10 13 0.030135566 
945 981 15 17 0.029129434 
373 919 8 11 0.028721748 
528 694 51 62 0.028358595 
214 981 12 13 0.026948093 
224 967 12 14 0.026714073 
327 950 9 11 0.026638882 
282 88 23 27 0.026560381 
12 965 25 31 0.025877737 
483 878 12 15 0.02585449 
5 0 24 24 0.025621794 
456 963 10 14 0.025007831 
653 780 11 16 0.024976367 
547 455 24 30 0.024944918 
521 948 16 19 0.024703113 
104 971 11 14 0.024200644 
178 934 9 11 0.02411902 
44 973 15 18 0.024106532 
74 393 407 497 0.024013137 
539 146 25 30 0.023881275 
885 714 91 122 0.023792407 
60 588 29 40 0.023747388 
458 15 28 37 0.02350338 
403 660 85 118 0.023391789 
716 588 14 16 0.023383057 
585 894 11 14 0.023303822 
289 951 9 11 0.023282118 
512 996 13 16 0.023268666 
197 224 24 28 0.023163097 
134 690 14 18 0.023074055 
535 951 30 39 0.022725832 
303 47 27 33 0.022555027 
521 708 34 43 0.02254759 
526 144 27 33 0.02246945 
256 214 28 41 0.022287572 
565 679 37 50 0.022151815 
500 995 14 16 0.022040075 
645 969 26 33 0.021987626 
379 992 16 21 0.021882521 
717 -1 18 14 0.021758536 
35 968 14 17 0.021682551 
631 459 10 12 0.021356575 
235 652 15 17 0.021029511 
388 383 88 119 0.02092212 
349 973 12 16 0.020893062 
535 899 10 13 0.020643272 
70 984 13 17 0.020529304 
649 978 15 19 0.020513153 
407 926 11 15 0.020216629 
440 909 12 14 0.020201122 
78 964 11 12 0.020140335 
256 978 10 14 0.020135688 
861 743 100 137 0.020108275 
95 689 24 31 0.020040872 
56 667 45 53 0.020034911 
