32_Worker_Laborer_Worker_Laborer_32_1039
47
587 315 206 288 0.99973637 
399 980 175 216 0.4434597 
262 266 30 51 0.42983025 
575 1008 230 272 0.18938085 
547 406 26 32 0.12991346 
453 885 412 408 0.12502855 
592 1080 160 148 0.12201186 
194 310 15 20 0.107372515 
361 368 36 47 0.082830295 
281 922 349 430 0.08178512 
268 271 44 57 0.062474415 
470 977 242 266 0.059084725 
385 1053 127 115 0.05872572 
-75 144 401 445 0.04898556 
797 715 11 16 0.042741023 
564 373 17 25 0.03921173 
516 231 14 21 0.038900502 
355 349 35 49 0.038676456 
210 331 13 19 0.034877837 
195 362 30 37 0.031438217 
9 319 266 314 0.029496476 
247 757 13 16 0.02879988 
194 345 14 18 0.02857585 
410 588 59 74 0.028067362 
280 294 35 41 0.027669573 
908 90 24 35 0.027137976 
399 1081 67 65 0.026833933 
359 442 26 31 0.026082432 
921 14 25 39 0.025946436 
703 772 14 17 0.02542663 
380 545 99 125 0.025368646 
230 756 13 16 0.024418537 
293 693 12 15 0.023996705 
512 475 439 537 0.0236053 
-64 413 448 507 0.023429645 
582 11 225 244 0.022835495 
353 531 50 76 0.022674328 
34 788 453 529 0.022519542 
537 722 464 490 0.02246597 
479 374 26 34 0.02230242 
346 465 76 124 0.02216567 
625 1136 84 84 0.021172367 
765 325 86 146 0.021064205 
326 257 30 49 0.020774167 
166 222 13 20 0.020288266 
251 569 414 444 0.020163924 
620 1260 13 15 0.02001274 
