42_Car_Racing_Car_Racing_42_939
75
750 189 45 48 0.9377926 
656 183 11 13 0.4372372 
732 197 15 21 0.11316473 
469 269 10 12 0.08049449 
679 226 13 15 0.07980988 
596 292 14 15 0.07600546 
210 327 32 42 0.07070988 
696 229 11 16 0.07018442 
734 192 25 35 0.06811962 
471 284 10 13 0.060223274 
835 257 26 30 0.05707349 
263 296 14 18 0.048864827 
340 103 412 442 0.04535641 
498 277 29 31 0.043390937 
648 202 53 55 0.043194555 
542 307 10 13 0.04242207 
655 179 19 23 0.04222561 
452 269 11 14 0.04194978 
405 284 12 14 0.04125167 
820 266 32 36 0.040369906 
658 193 17 22 0.039473783 
858 244 16 17 0.038520288 
567 291 14 17 0.038499877 
394 284 15 16 0.035507035 
226 328 29 42 0.035416123 
99 136 15 19 0.035163026 
462 283 12 15 0.034788616 
672 220 11 15 0.034346923 
502 283 15 16 0.03326661 
346 284 30 32 0.03259765 
535 306 11 14 0.03240142 
748 209 34 36 0.032122042 
411 284 13 15 0.03192828 
446 282 12 16 0.031600032 
550 310 10 12 0.031285133 
652 197 29 33 0.03122424 
539 326 12 16 0.031079104 
453 284 12 16 0.03078974 
195 330 34 37 0.02924567 
425 303 11 15 0.028077718 
700 226 15 18 0.027456809 
383 280 25 25 0.027394796 
707 227 14 17 0.026768709 
587 288 27 28 0.026135258 
724 206 16 22 0.025823925 
603 286 14 16 0.025645448 
397 279 22 25 0.025627153 
511 174 457 491 0.025428418 
659 211 29 34 0.025304366 
437 270 12 15 0.025304249 
566 286 26 30 0.025293525 
381 283 16 17 0.025222404 
476 279 11 14 0.024740586 
636 203 13 16 0.024538023 
678 166 17 22 0.023559595 
687 502 37 40 0.02323474 
667 196 14 19 0.023139747 
459 271 21 25 0.023024892 
680 488 63 64 0.022985615 
790 218 26 35 0.022380888 
265 289 22 27 0.022218352 
850 245 23 26 0.021999514 
580 293 15 16 0.021948256 
494 278 12 16 0.021871226 
463 269 11 12 0.021841554 
625 182 86 93 0.02170785 
909 253 27 27 0.021582281 
552 315 9 12 0.021430815 
658 208 18 21 0.021224156 
271 297 56 56 0.021214852 
852 257 16 18 0.021123784 
359 282 26 29 0.020911396 
677 223 21 24 0.02081233 
247 324 12 15 0.020771837 
514 286 15 16 0.020031272 
