42_Car_Racing_Nascar_42_650
153
383 157 32 40 0.9967179 
111 134 35 57 0.9700585 
689 191 19 25 0.9098731 
909 176 14 20 0.89302367 
654 217 12 16 0.66991264 
782 141 18 28 0.6260907 
6 165 36 45 0.61557 
288 166 11 18 0.30394194 
234 198 14 19 0.29807335 
635 228 13 16 0.2617935 
983 190 10 15 0.25291064 
236 178 14 17 0.2506874 
628 221 13 16 0.23172899 
566 224 12 16 0.1699886 
767 206 14 18 0.16817877 
220 171 12 15 0.15004142 
280 220 15 20 0.13865398 
749 205 11 14 0.12612282 
611 221 12 14 0.11133547 
172 184 23 30 0.10848058 
903 207 9 12 0.1001357 
789 210 13 17 0.096036084 
975 187 14 18 0.09226866 
281 165 20 28 0.0865085 
389 143 46 57 0.08490017 
75 147 31 43 0.08363418 
987 195 12 17 0.082438156 
798 188 14 18 0.08211178 
405 125 32 56 0.0793553 
625 219 11 15 0.077955015 
846 203 11 16 0.074484944 
835 202 15 19 0.07200767 
629 214 13 16 0.071893565 
851 203 10 14 0.06982298 
635 212 13 16 0.06458835 
782 188 11 14 0.06290655 
776 201 23 28 0.062119592 
236 206 15 20 0.060039964 
918 205 14 18 0.05599298 
160 187 26 33 0.05534961 
781 134 14 21 0.05329013 
228 127 14 18 0.052661635 
832 181 12 17 0.051006466 
228 172 19 25 0.050696645 
231 184 14 19 0.050285365 
595 228 11 14 0.04946072 
642 229 14 17 0.047235586 
630 219 22 26 0.045640852 
363 219 16 22 0.044774793 
648 214 12 16 0.044310946 
777 140 13 20 0.04422452 
11 546 14 19 0.04421267 
570 220 16 18 0.044139463 
787 199 22 28 0.04249844 
305 272 15 19 0.042493682 
757 201 20 26 0.04206178 
709 231 14 18 0.041853186 
983 194 19 29 0.040637206 
77 131 25 41 0.038632248 
832 174 10 14 0.03859043 
839 228 14 16 0.03851278 
11 595 16 21 0.036592864 
564 196 11 14 0.035745237 
643 216 20 23 0.035493344 
726 129 14 18 0.035409424 
682 235 15 17 0.035291076 
231 147 11 14 0.034661543 
308 190 15 18 0.03413016 
835 186 14 18 0.033329803 
912 180 16 21 0.032893527 
275 162 17 22 0.03284892 
862 253 13 19 0.03233036 
279 180 24 33 0.031569134 
162 218 25 32 0.031565573 
36 423 12 15 0.031436827 
591 182 11 13 0.031141426 
597 189 10 13 0.030710578 
580 221 13 15 0.029949239 
623 175 7 9 0.029827978 
282 220 23 30 0.029795418 
216 167 21 27 0.029736875 
887 219 11 15 0.029650886 
271 219 14 18 0.029532475 
561 222 12 15 0.029266948 
121 154 29 45 0.02898787 
181 181 28 35 0.02878159 
17 174 21 27 0.02862457 
596 221 13 15 0.028315196 
623 183 8 11 0.028293867 
608 222 21 26 0.02826581 
241 203 15 19 0.02822317 
147 189 27 35 0.02746659 
613 234 12 15 0.027397014 
968 4 52 60 0.02725779 
829 190 20 28 0.027198872 
153 198 30 36 0.027195493 
324 209 24 32 0.027179027 
980 188 18 25 0.027151652 
174 194 30 37 0.027023416 
552 196 9 12 0.026968373 
609 175 8 10 0.026946723 
622 210 22 27 0.02680086 
750 133 11 14 0.026719399 
784 209 22 29 0.026705343 
573 212 13 17 0.026664473 
228 207 16 19 0.02634407 
3 182 17 25 0.026334364 
629 204 15 17 0.026312908 
54 163 23 31 0.026265038 
897 207 9 11 0.02601118 
5 577 15 21 0.025913782 
606 214 13 16 0.025822153 
621 235 13 16 0.025651434 
229 138 13 17 0.025484005 
134 119 207 224 0.02544696 
788 186 23 27 0.025391925 
45 525 15 20 0.02538358 
909 205 12 15 0.02517044 
739 149 14 15 0.025147978 
622 225 13 17 0.02491339 
216 166 13 17 0.024763577 
744 198 21 27 0.024729952 
608 226 13 15 0.024581507 
33 521 24 29 0.024551217 
353 207 23 31 0.024201093 
173 216 26 32 0.023938252 
782 195 15 19 0.02366088 
776 184 24 31 0.023355184 
791 144 17 24 0.023352545 
597 183 9 11 0.023274386 
732 127 11 15 0.023185043 
185 187 16 21 0.023137184 
333 205 24 31 0.023099847 
235 171 24 29 0.023054913 
380 221 15 20 0.02255544 
726 203 14 18 0.022311922 
268 173 27 36 0.022247082 
8 581 22 31 0.022183958 
919 216 13 19 0.02211751 
370 224 16 20 0.021464743 
303 193 14 19 0.021272196 
765 202 27 32 0.02123949 
911 222 13 17 0.021194652 
590 221 12 16 0.021181842 
756 130 13 16 0.020875765 
151 220 27 34 0.020843731 
629 230 15 19 0.020747162 
573 204 13 16 0.020679135 
616 206 10 14 0.02065667 
224 123 14 18 0.020545144 
658 316 16 17 0.020423945 
401 269 421 557 0.02023076 
244 213 15 20 0.020185046 
