42_Car_Racing_Car_Racing_42_1045
33
643 282 129 165 0.99975616 
389 254 161 219 0.995084 
968 370 12 15 0.4270735 
956 387 15 22 0.13522667 
938 -1 35 32 0.120361455 
929 556 99 163 0.11070173 
785 186 29 46 0.1028817 
351 8 136 145 0.083630405 
974 748 10 14 0.07904585 
966 375 14 19 0.069138855 
881 0 18 18 0.05962234 
917 -1 35 29 0.048945602 
934 381 10 16 0.044271186 
926 384 21 31 0.043205258 
936 385 24 31 0.04222745 
112 450 251 239 0.035657786 
776 198 46 60 0.035287708 
1008 387 13 17 0.030760162 
905 618 34 37 0.030155776 
977 3 44 58 0.029764488 
478 491 136 156 0.028089723 
752 191 83 98 0.027986044 
599 16 58 65 0.026609493 
929 380 45 52 0.025612164 
968 364 19 25 0.024867728 
917 392 16 21 0.02348853 
1000 390 10 13 0.02288602 
877 0 30 31 0.022806615 
923 398 15 20 0.02258763 
642 3 53 69 0.021956025 
1006 487 18 35 0.02144635 
981 361 13 17 0.020124739 
1010 392 14 19 0.02006975 
