42_Car_Racing_Nascar_42_442
110
724 816 21 27 0.9804017 
637 812 21 25 0.96299446 
788 819 19 22 0.948441 
883 790 21 27 0.9323096 
646 188 435 551 0.2718979 
-69 316 470 471 0.25094205 
587 832 16 19 0.21686774 
407 179 10 12 0.21428657 
464 195 10 14 0.19843988 
278 114 10 13 0.18291657 
444 173 10 14 0.15749718 
440 178 12 14 0.13216688 
103 195 502 521 0.10160046 
438 193 12 16 0.08891714 
585 797 11 14 0.075195864 
466 188 11 15 0.07019445 
601 90 404 401 0.06752827 
400 148 10 11 0.06278506 
447 219 20 25 0.062045433 
960 806 60 85 0.060131423 
367 845 108 175 0.05636269 
310 102 8 11 0.05420264 
97 120 28 33 0.053843997 
392 142 8 10 0.052607737 
400 190 9 11 0.052421294 
290 126 9 12 0.05077902 
399 197 9 11 0.050679363 
321 127 7 10 0.05007391 
425 153 8 10 0.04988283 
269 160 9 11 0.046750683 
324 180 13 16 0.041793432 
836 85 106 123 0.04009611 
377 134 8 10 0.039756086 
754 38 55 57 0.038043015 
417 166 8 11 0.037110414 
479 200 10 13 0.037079945 
387 906 61 86 0.036140338 
587 825 15 17 0.034765426 
418 205 12 15 0.03422907 
772 834 14 18 0.03409445 
541 62 16 20 0.033428743 
891 87 96 104 0.033204626 
771 826 14 19 0.033088252 
430 174 11 13 0.03286167 
302 151 11 13 0.031897016 
377 166 7 10 0.031881675 
305 102 8 11 0.031822775 
446 167 10 12 0.031818464 
587 802 13 15 0.03156621 
416 198 10 13 0.031222435 
254 18 221 255 0.030903446 
274 110 11 14 0.030232886 
634 27 26 32 0.029985992 
323 95 11 13 0.028957557 
424 167 8 10 0.02881278 
368 143 7 9 0.028679607 
376 158 8 11 0.028207455 
264 92 10 13 0.028199365 
279 103 11 15 0.028005956 
841 858 15 18 0.027776765 
30 336 273 325 0.02731907 
425 173 9 12 0.026904738 
383 151 8 10 0.026337607 
328 168 9 11 0.026193632 
351 156 9 12 0.026137382 
896 375 137 164 0.026095541 
336 137 7 9 0.025869722 
320 133 7 10 0.025552686 
494 189 8 11 0.025531463 
375 141 8 9 0.025459 
245 101 8 11 0.025414882 
171 -80 434 463 0.02519389 
295 119 9 12 0.025161572 
401 182 10 12 0.025147589 
429 168 9 11 0.025054019 
448 159 8 10 0.024657063 
404 144 10 11 0.024266306 
335 142 7 10 0.024044277 
-82 -51 394 505 0.024030019 
369 158 8 11 0.02383777 
271 143 9 11 0.023357337 
350 143 8 9 0.023327414 
133 978 16 19 0.023176983 
320 152 10 11 0.023144538 
349 176 10 12 0.023007557 
277 819 215 230 0.022736186 
768 940 9 12 0.022640752 
413 174 9 13 0.022484904 
351 151 9 11 0.022412881 
360 134 8 10 0.022393864 
435 182 21 27 0.022385184 
681 796 24 27 0.022213561 
451 183 20 26 0.022117902 
406 149 9 11 0.021950655 
393 198 9 11 0.021862254 
321 187 11 13 0.021819286 
487 182 9 12 0.02154868 
416 151 8 11 0.02153054 
795 77 106 116 0.021445781 
368 135 7 9 0.021417564 
285 86 9 12 0.02135238 
456 173 8 12 0.021329429 
456 262 33 40 0.021115744 
386 143 8 9 0.021090388 
390 206 11 13 0.021071402 
392 173 10 11 0.020764388 
471 203 11 13 0.02059374 
408 166 9 11 0.020349167 
304 166 11 12 0.02029724 
459 190 19 24 0.020112695 
