42_Car_Racing_Nascar_42_661
42
819 256 31 39 0.9991416 
168 203 24 30 0.13381912 
636 148 51 69 0.11816284 
806 378 17 21 0.095557824 
739 245 32 46 0.08540889 
174 186 45 51 0.07098346 
877 399 22 33 0.06513803 
778 8 13 19 0.05951637 
205 185 33 41 0.05690485 
409 337 421 472 0.054814983 
215 286 12 14 0.054787654 
625 324 14 16 0.052674938 
631 338 56 60 0.051413417 
630 167 34 54 0.050301015 
98 254 13 15 0.049288258 
363 360 212 268 0.045155965 
773 169 37 39 0.0449716 
841 311 55 72 0.043479472 
129 213 11 13 0.04141798 
573 160 47 69 0.038636304 
947 358 28 30 0.034345575 
169 291 29 32 0.03282533 
693 401 35 41 0.03200497 
113 202 10 13 0.028639775 
396 475 133 134 0.02777489 
900 385 14 19 0.027133882 
152 195 12 15 0.026543707 
419 27 364 424 0.026161334 
971 461 36 46 0.025657164 
282 -87 399 462 0.024662064 
147 4 12 14 0.024347266 
147 13 11 13 0.023837926 
144 254 11 15 0.023533598 
674 577 56 60 0.022677204 
894 354 30 40 0.022511192 
946 307 54 58 0.02212237 
662 144 47 71 0.021826211 
549 163 50 69 0.021524813 
245 279 352 422 0.021328295 
979 370 19 20 0.021114778 
610 144 50 67 0.020443942 
87 79 11 15 0.020309303 
