42_Car_Racing_Car_Racing_42_857
74
100 123 20 26 0.93808687 
187 137 17 22 0.9329895 
136 142 12 14 0.69482416 
161 141 9 12 0.55998856 
165 142 10 12 0.49637488 
245 151 11 13 0.278451 
71 143 10 12 0.2740283 
215 147 11 13 0.2707752 
116 148 11 13 0.20942152 
127 147 12 15 0.1488256 
54 149 9 11 0.13793854 
221 147 10 12 0.1335056 
255 142 11 12 0.12903403 
230 144 9 12 0.12803715 
278 140 12 14 0.118587844 
167 146 10 13 0.11571774 
227 228 12 15 0.110373676 
262 142 10 12 0.09274065 
185 111 8 10 0.087867044 
49 148 9 12 0.08512158 
48 144 8 11 0.08509193 
209 148 11 14 0.083038144 
247 141 11 13 0.080785766 
76 147 12 15 0.078480616 
66 143 10 12 0.07145592 
808 4 31 38 0.06449662 
270 141 13 15 0.06431604 
241 151 10 12 0.06230014 
285 141 10 14 0.061853364 
696 200 29 35 0.059315283 
132 152 13 17 0.054472156 
109 136 13 18 0.04895049 
213 153 12 14 0.04759479 
231 111 8 10 0.04569546 
270 133 417 497 0.04330111 
78 109 12 14 0.042548265 
172 141 10 14 0.04184037 
267 135 23 27 0.040057946 
555 268 51 59 0.038756218 
269 111 9 12 0.03426842 
255 172 10 13 0.033757046 
263 146 11 15 0.031819083 
67 142 20 24 0.031784426 
155 141 9 12 0.03164208 
148 209 11 15 0.0307988 
160 135 18 23 0.030531673 
63 148 12 13 0.030493747 
116 153 13 17 0.028443292 
133 173 11 16 0.028412802 
269 179 17 18 0.028076738 
86 215 9 12 0.027913343 
153 135 10 14 0.027544005 
183 115 10 11 0.026921185 
612 61 385 492 0.02668399 
296 157 10 13 0.02537394 
603 262 11 14 0.025034389 
423 349 114 137 0.02437384 
153 150 9 12 0.02423583 
175 134 10 13 0.024003219 
174 166 10 13 0.023586717 
209 140 20 24 0.02342729 
772 2 15 18 0.022813985 
78 152 14 18 0.022734558 
250 135 21 25 0.022723706 
774 0 28 26 0.022391366 
114 143 19 23 0.022079596 
239 142 11 13 0.02203206 
178 109 8 10 0.021894058 
575 277 31 39 0.021849308 
132 161 12 17 0.021341933 
82 148 14 16 0.021205684 
55 154 12 14 0.020901483 
-14 -72 434 512 0.02029316 
747 0 25 26 0.020285899 
