42_Car_Racing_Car_Racing_42_263
31
798 125 45 57 0.99821824 
599 173 36 50 0.9982169 
27 135 66 93 0.9977864 
394 177 50 70 0.99759007 
957 191 43 53 0.9964779 
606 265 32 38 0.39156035 
300 418 13 16 0.057804257 
570 268 31 43 0.05700197 
237 424 355 436 0.054647334 
311 413 9 12 0.049348973 
309 420 11 13 0.04649964 
587 300 32 33 0.045246314 
582 258 46 54 0.04496409 
328 414 9 11 0.04347262 
708 441 22 29 0.03906839 
580 288 30 33 0.036934007 
317 421 11 12 0.03580944 
562 257 30 42 0.03572775 
312 408 9 10 0.035658497 
294 414 11 14 0.033016592 
599 314 36 37 0.030147225 
449 325 28 39 0.028341955 
597 332 28 32 0.02633869 
651 386 16 18 0.024901276 
572 261 17 24 0.024724307 
617 269 18 22 0.023533758 
603 342 16 19 0.023115393 
405 343 37 39 0.022063026 
319 414 9 11 0.021819092 
617 324 18 20 0.02109288 
332 413 11 13 0.020712925 
