42_Car_Racing_Car_Racing_42_600
48
332 124 16 21 0.9775229 
81 104 16 22 0.94503033 
251 110 14 19 0.92724884 
191 142 9 12 0.5156842 
299 147 12 15 0.3029178 
700 181 10 13 0.2528526 
117 155 10 12 0.11124244 
230 152 36 38 0.10107445 
356 141 12 16 0.08213179 
206 148 13 16 0.066639945 
157 108 11 13 0.06445497 
348 115 13 17 0.06266871 
810 334 109 98 0.05248396 
222 315 32 40 0.049221355 
95 141 12 15 0.048668757 
64 147 31 35 0.04799417 
20 194 11 15 0.043055404 
194 140 11 15 0.0428772 
724 182 12 18 0.037073683 
278 177 14 19 0.03673036 
12 155 11 15 0.036341313 
49 197 9 14 0.0346535 
127 116 13 16 0.033135496 
427 175 31 41 0.032132175 
214 109 10 13 0.030793175 
0 150 8 15 0.030071234 
292 170 15 19 0.029476913 
261 140 15 19 0.028894668 
372 148 13 19 0.027612874 
148 115 14 16 0.026739968 
238 109 13 17 0.02638506 
51 220 14 16 0.025678093 
337 367 117 130 0.025356261 
202 144 24 28 0.025197897 
297 143 19 24 0.025147513 
111 132 13 18 0.024147753 
350 140 21 29 0.023878224 
245 116 17 20 0.023252126 
220 154 14 18 0.022940895 
711 198 10 14 0.022465356 
117 133 13 16 0.02236032 
695 180 19 26 0.021805793 
190 135 19 25 0.02172454 
339 118 22 27 0.020982215 
284 171 16 21 0.020850273 
340 151 26 33 0.020402487 
367 153 14 20 0.020315668 
72 153 18 20 0.020019514 
