42_Car_Racing_Car_Racing_42_602
191
957 227 16 19 0.74203914 
120 166 10 13 0.69720423 
35 163 15 20 0.62222517 
223 419 92 102 0.39916372 
951 226 14 19 0.35361415 
135 176 9 13 0.29443854 
814 175 12 15 0.18533334 
236 175 10 14 0.18486097 
967 173 11 15 0.18442352 
908 175 8 10 0.14161158 
55 165 12 16 0.12577029 
157 181 13 15 0.11460913 
84 173 12 17 0.10799765 
846 173 9 13 0.10384674 
222 174 10 12 0.10172443 
902 181 10 12 0.096812226 
963 223 15 19 0.09405716 
252 183 11 12 0.09324446 
706 131 26 32 0.09282951 
141 172 10 13 0.09206232 
42 162 14 20 0.0882572 
897 181 9 11 0.087895475 
821 175 11 13 0.08754773 
252 198 12 15 0.085178606 
933 167 9 11 0.08468511 
823 165 10 12 0.07981482 
197 192 9 12 0.079319775 
95 173 10 14 0.07781783 
839 172 11 14 0.07456496 
1006 204 12 15 0.07385335 
143 166 10 13 0.07371378 
125 170 12 15 0.07110161 
831 167 9 11 0.06795714 
217 174 9 11 0.066466354 
96 166 10 13 0.064921364 
877 182 10 11 0.064165905 
252 188 12 15 0.063576125 
904 168 8 9 0.063117795 
191 182 9 11 0.0630641 
114 101 12 15 0.05983025 
1012 215 11 16 0.05933807 
954 189 12 15 0.058234196 
151 173 11 12 0.05762882 
156 175 14 14 0.057106283 
183 172 10 11 0.05703125 
202 213 8 12 0.056466274 
658 126 21 28 0.055634357 
294 153 12 15 0.05441882 
59 169 13 16 0.05381302 
999 234 12 17 0.053788166 
972 192 14 16 0.05272617 
216 180 11 13 0.05116371 
911 167 9 10 0.051045578 
115 160 18 22 0.05050006 
839 167 9 12 0.050391294 
968 228 15 18 0.049869 
129 167 20 25 0.04956882 
871 210 21 30 0.048811566 
842 411 60 55 0.04826729 
99 171 12 15 0.047840826 
160 204 11 15 0.04712997 
781 180 11 15 0.047050886 
888 175 10 12 0.046952218 
719 134 17 23 0.046434704 
846 168 9 11 0.044710524 
483 111 46 67 0.043912645 
918 165 10 11 0.043353777 
220 179 12 13 0.042919587 
908 178 10 13 0.042744923 
46 164 21 26 0.04173828 
140 178 11 16 0.04126415 
878 174 10 13 0.04085747 
774 178 13 18 0.040630076 
191 175 9 11 0.040593818 
180 165 13 14 0.039566245 
1001 267 11 16 0.0395011 
878 189 10 12 0.03911209 
654 158 22 27 0.03897101 
200 208 9 11 0.038364314 
480 144 32 42 0.038213152 
246 175 10 12 0.037288815 
1006 218 14 19 0.03715548 
175 170 11 13 0.036622338 
135 167 12 14 0.03616954 
871 214 12 18 0.035989355 
184 182 9 11 0.035034586 
808 174 11 14 0.034995813 
224 168 9 11 0.03481789 
111 171 12 14 0.034354534 
789 180 11 14 0.034163747 
315 180 13 16 0.03389405 
53 160 11 15 0.033344325 
71 164 9 13 0.03323164 
247 202 11 16 0.033125784 
230 169 9 11 0.033011604 
289 147 45 54 0.032901593 
887 190 10 13 0.032324504 
951 195 14 16 0.031837083 
812 170 19 24 0.031657424 
773 390 39 41 0.03156195 
987 227 15 19 0.03127458 
9 185 26 33 0.03080845 
1011 223 13 21 0.030656181 
946 229 11 15 0.030548507 
872 173 9 13 0.030043613 
864 167 8 10 0.030018754 
958 300 9 12 0.029971829 
255 152 13 17 0.029878868 
894 176 9 12 0.029516818 
164 172 11 14 0.02938243 
79 176 13 16 0.029241284 
996 225 20 29 0.029118858 
1013 203 11 16 0.02895087 
114 166 10 13 0.028890446 
932 299 12 17 0.028834963 
300 173 12 15 0.028665943 
957 277 12 15 0.028663551 
964 215 14 16 0.028446488 
79 158 10 13 0.02827857 
970 220 13 17 0.02814059 
301 167 27 33 0.027891284 
112 149 10 14 0.027847389 
192 190 11 13 0.027746188 
78 164 10 13 0.02724919 
9 254 27 33 0.027236603 
127 177 13 16 0.027098838 
982 233 12 16 0.02668236 
69 172 11 16 0.026489621 
31 160 14 18 0.026407493 
233 170 19 24 0.02637836 
877 196 12 15 0.026338827 
295 164 12 15 0.02626168 
853 173 9 13 0.026173417 
310 185 15 17 0.026131496 
817 166 10 14 0.025947386 
175 189 9 12 0.025915843 
239 187 11 16 0.025865572 
147 174 21 25 0.025852237 
830 172 12 14 0.025763545 
244 185 20 26 0.025744967 
165 228 9 13 0.025544444 
254 176 11 13 0.025254901 
151 186 12 14 0.025094448 
971 178 14 18 0.024992105 
14 204 29 38 0.024935419 
927 172 10 13 0.024826583 
957 213 14 17 0.024751903 
884 195 13 15 0.02462005 
86 156 11 14 0.024509665 
111 99 21 29 0.02449796 
79 189 12 18 0.02423438 
21 169 16 19 0.02419376 
14 266 15 17 0.024176296 
112 96 10 13 0.023856726 
14 171 25 31 0.023724535 
246 196 19 28 0.023719579 
293 148 25 31 0.023639482 
923 262 14 16 0.023443544 
126 98 15 16 0.023436777 
239 195 11 16 0.023341218 
166 187 11 14 0.022931928 
29 198 25 39 0.022886874 
897 165 10 11 0.0227795 
957 310 10 12 0.022681706 
21 260 14 18 0.022616887 
243 280 26 29 0.02260718 
25 164 22 29 0.022407927 
208 182 8 11 0.021730348 
324 266 11 17 0.021718644 
959 294 10 13 0.021554125 
1004 273 11 15 0.021553652 
956 204 14 18 0.021512814 
254 206 13 18 0.021505352 
86 164 11 15 0.02132251 
957 180 12 15 0.021115154 
108 166 21 24 0.021082303 
1000 274 10 14 0.021061111 
89 149 100 113 0.021014338 
136 173 21 25 0.020723227 
872 199 9 13 0.020593539 
460 73 93 129 0.020548962 
4 176 27 30 0.020538773 
871 167 9 12 0.020376634 
826 168 19 25 0.02030737 
122 159 13 17 0.020256849 
771 141 16 24 0.020247074 
297 147 16 20 0.020228732 
876 204 13 17 0.02022701 
197 182 9 11 0.020198077 
167 225 8 10 0.020134596 
1016 180 9 13 0.020105988 
