57_Angler_peoplefishing_57_924
44
729 168 36 41 0.44202662 
301 425 22 28 0.42208165 
495 323 23 28 0.22603276 
208 279 11 13 0.14338697 
187 315 25 33 0.1433805 
703 77 10 14 0.13491271 
815 76 13 16 0.065644875 
286 238 10 12 0.050702147 
300 205 129 121 0.044632513 
608 76 10 13 0.0402929 
286 245 9 12 0.036216196 
296 426 17 21 0.033900797 
306 497 14 18 0.03264955 
190 414 30 33 0.03186274 
190 345 17 20 0.031165 
447 71 13 16 0.031157402 
270 254 8 10 0.030700255 
222 277 10 12 0.030200353 
335 246 10 11 0.028401075 
264 252 10 12 0.028376289 
215 272 10 11 0.028191186 
313 428 17 22 0.027424105 
295 231 9 11 0.027341742 
247 277 10 13 0.025654187 
375 109 54 67 0.024805427 
231 278 10 12 0.023771964 
174 347 13 17 0.02358691 
179 354 17 19 0.02349247 
778 79 9 11 0.023181781 
626 76 10 14 0.023172 
682 77 11 13 0.022786906 
307 438 16 21 0.022689931 
196 354 15 19 0.022574672 
253 276 12 15 0.02253472 
226 451 27 34 0.022235332 
503 334 18 22 0.022149624 
206 273 11 11 0.022019595 
239 272 9 10 0.021686219 
335 241 10 10 0.0212073 
760 78 9 11 0.021077573 
257 271 11 12 0.020599622 
296 256 9 10 0.020472175 
190 296 25 35 0.020433871 
186 353 17 18 0.020335285 
