57_Angler_peoplefishing_57_796
26
388 296 192 233 0.999514 
643 818 151 136 0.97240067 
599 807 242 228 0.46990642 
-1 1531 37 62 0.25768247 
689 798 187 167 0.21558629 
835 1543 15 17 0.07648727 
887 1109 88 129 0.06445592 
762 788 136 132 0.05416313 
493 756 360 410 0.052902907 
30 537 15 20 0.047834005 
682 840 99 80 0.044118255 
509 760 28 33 0.039690897 
200 325 430 549 0.03417444 
508 1214 73 67 0.032362156 
116 564 15 18 0.028156165 
866 1186 104 145 0.026584027 
108 600 391 500 0.024953209 
107 1305 30 39 0.024111459 
448 1146 132 153 0.023303235 
687 528 31 42 0.022415727 
920 1132 62 85 0.022165209 
426 1351 53 50 0.021515764 
68 1562 21 27 0.02072483 
55 1308 39 47 0.02070478 
253 1621 27 35 0.020639926 
91 1496 51 70 0.020356156 
