57_Angler_peoplefishing_57_51
76
699 58 60 84 0.9979792 
472 118 55 58 0.99781954 
138 201 36 55 0.98335695 
815 126 64 79 0.9357447 
267 51 24 32 0.25836286 
132 146 23 30 0.18301027 
368 147 14 17 0.17414749 
184 329 17 19 0.14245768 
427 193 24 28 0.124444075 
76 124 50 64 0.10948581 
229 187 9 13 0.094671406 
891 123 54 66 0.09320444 
63 98 33 43 0.079205796 
418 388 425 473 0.078186475 
518 309 34 48 0.07623148 
374 238 15 20 0.073840424 
138 140 16 18 0.07152784 
180 322 27 30 0.070979916 
228 43 25 31 0.0693596 
83 180 27 36 0.056397058 
284 309 12 16 0.051848117 
355 147 13 16 0.050675098 
375 235 23 32 0.05034783 
838 456 171 209 0.04558582 
204 145 14 20 0.045322817 
312 157 9 11 0.04228543 
415 187 25 33 0.040830415 
313 150 9 12 0.040368903 
281 108 11 15 0.03960452 
546 163 49 62 0.039547455 
319 149 8 12 0.039030954 
71 171 28 42 0.03775047 
162 119 15 20 0.037665527 
994 327 29 35 0.037625477 
235 17 378 447 0.036018338 
317 156 9 12 0.035794973 
165 111 21 31 0.033799384 
82 158 31 45 0.032789692 
166 128 13 17 0.032711163 
100 190 24 36 0.032202955 
413 186 14 23 0.03201389 
615 249 15 17 0.030833932 
167 110 11 16 0.0304817 
219 42 23 31 0.03047316 
333 146 16 17 0.028111985 
375 233 42 47 0.027927488 
66 103 90 111 0.027302856 
69 176 44 66 0.026934002 
429 146 14 17 0.026857775 
226 184 10 14 0.026591666 
124 265 44 53 0.025367787 
138 130 18 21 0.024968902 
736 133 34 42 0.024416761 
140 124 14 17 0.023984253 
250 49 29 34 0.023846513 
300 178 13 16 0.023775458 
846 109 85 101 0.02363345 
286 115 10 14 0.023557728 
90 200 27 39 0.0228142 
409 265 59 48 0.022724967 
420 154 12 16 0.022488512 
215 51 12 15 0.02222647 
269 186 10 14 0.022155879 
200 130 12 15 0.022063222 
111 202 42 59 0.021998651 
111 146 28 40 0.021408968 
279 235 10 13 0.021274775 
224 39 9 14 0.02118268 
422 148 13 15 0.020806627 
275 41 18 25 0.020772161 
98 135 32 44 0.020478232 
713 305 101 92 0.0204096 
297 170 14 18 0.02029684 
460 112 40 48 0.020178737 
363 169 14 16 0.0201658 
165 316 43 50 0.020015933 
