57_Angler_peoplefishing_57_589
28
575 357 141 176 0.9963972 
571 368 426 546 0.36942434 
383 393 420 540 0.2727447 
1004 1363 18 31 0.1515929 
953 1366 19 23 0.064188935 
369 929 373 436 0.043102834 
994 1515 31 44 0.042569607 
787 926 94 110 0.04243279 
532 641 360 463 0.037721906 
799 894 62 56 0.033986397 
476 1007 412 515 0.03155864 
454 1259 123 169 0.02973572 
354 1142 189 284 0.029432105 
463 543 233 322 0.02920013 
667 1321 34 42 0.02876203 
546 622 18 19 0.028486717 
544 642 28 37 0.028157175 
879 777 41 55 0.027934 
463 755 129 162 0.025804102 
704 1353 27 34 0.025800787 
886 757 51 57 0.024710607 
454 1349 22 37 0.024605133 
790 773 59 56 0.023800597 
176 1026 390 424 0.02367363 
-3 1107 53 64 0.023458986 
833 770 69 66 0.023266515 
334 975 213 256 0.020756703 
349 74 29 38 0.020427428 
