57_Angler_peoplefishing_57_139
446
552 315 13 18 0.9021534 
200 320 13 16 0.8940033 
242 340 12 15 0.8927737 
625 298 14 17 0.8666064 
411 345 16 21 0.8534485 
179 340 12 16 0.7537482 
661 259 11 14 0.75026166 
691 275 11 14 0.7246771 
781 252 11 15 0.6743123 
850 345 12 16 0.65042055 
672 322 11 13 0.6129706 
700 301 10 13 0.5677686 
473 339 14 16 0.5249249 
516 300 12 16 0.52095336 
816 295 11 14 0.42521143 
653 285 10 13 0.408076 
811 310 13 16 0.40606716 
756 354 11 15 0.39900208 
649 354 13 18 0.39007592 
558 422 13 19 0.3651805 
676 295 10 13 0.36437973 
471 345 15 19 0.31743228 
743 303 11 12 0.29571837 
823 332 11 14 0.2778914 
716 447 14 16 0.27028883 
295 338 11 14 0.2611149 
711 279 11 14 0.24714191 
356 382 10 14 0.23962815 
718 316 11 14 0.23616892 
432 307 11 14 0.23585202 
544 384 11 14 0.22969605 
829 284 10 13 0.19371346 
712 331 11 13 0.18806988 
887 234 11 13 0.1875317 
651 348 14 19 0.1842846 
469 379 13 19 0.17570704 
756 381 18 28 0.17488314 
570 424 15 17 0.1704103 
659 346 13 16 0.16816656 
965 325 11 14 0.15973416 
864 276 9 12 0.15892582 
896 309 11 13 0.15874305 
858 377 13 18 0.1586475 
717 324 11 14 0.15744244 
327 372 10 14 0.15698385 
912 235 11 14 0.15694629 
619 322 12 16 0.14513065 
331 378 13 15 0.14357322 
783 348 13 16 0.14278491 
793 384 16 19 0.14182028 
872 317 9 12 0.13863869 
475 380 13 17 0.1373832 
728 263 9 11 0.13244912 
699 365 13 15 0.13126788 
976 351 11 15 0.13004677 
871 405 10 14 0.13002716 
752 352 10 14 0.12644404 
829 331 10 14 0.12195361 
664 310 11 14 0.11986176 
740 404 27 27 0.11966856 
959 357 14 17 0.11738452 
716 282 10 13 0.10862241 
814 333 12 14 0.10732942 
702 444 9 12 0.10703916 
701 355 12 15 0.10511514 
937 450 14 17 0.10500937 
654 342 13 17 0.10462724 
779 332 12 15 0.10330886 
298 334 13 16 0.0989613 
565 388 14 18 0.0981508 
958 431 15 19 0.09618309 
634 362 15 20 0.09395939 
666 261 11 13 0.090162404 
324 368 10 12 0.088382095 
170 356 13 18 0.08688478 
663 301 9 12 0.08604865 
560 390 13 16 0.08593339 
590 327 12 15 0.08570247 
519 369 16 18 0.08295808 
808 341 10 15 0.0800193 
553 356 9 12 0.079434626 
318 358 9 10 0.07851933 
704 278 10 13 0.07846666 
830 361 15 19 0.078115106 
376 379 11 13 0.07698153 
558 305 11 14 0.076642886 
318 396 10 13 0.07610619 
488 349 11 16 0.075416744 
581 371 14 16 0.07522621 
632 369 12 17 0.07396629 
821 216 17 21 0.0739065 
462 379 13 18 0.07358216 
696 370 12 16 0.07264973 
812 339 12 16 0.07068235 
779 337 15 19 0.07059267 
556 363 11 14 0.06987613 
684 386 11 16 0.06938194 
775 245 20 25 0.069154724 
535 426 11 14 0.069133826 
697 296 9 13 0.068887636 
744 391 26 30 0.0674892 
672 287 10 12 0.06717422 
885 323 15 21 0.066776685 
800 404 22 30 0.066606365 
512 297 11 15 0.066432945 
731 552 20 30 0.06594908 
525 401 11 15 0.06547196 
785 251 12 16 0.06511001 
301 398 10 13 0.06465744 
419 317 13 15 0.06301326 
733 262 9 11 0.06288317 
713 451 11 14 0.062370315 
391 367 10 15 0.062340457 
666 315 11 14 0.062319543 
541 425 12 16 0.06189017 
174 346 11 15 0.06175315 
700 348 12 15 0.06165591 
528 423 11 14 0.059194114 
599 314 13 17 0.05886959 
783 306 11 15 0.058840692 
288 349 10 13 0.058129188 
679 386 11 14 0.05724956 
820 358 14 19 0.05654483 
422 371 13 19 0.056325648 
189 348 11 16 0.055955306 
583 331 12 14 0.05547258 
876 317 11 15 0.05538016 
352 357 9 10 0.05467883 
867 343 15 20 0.053650554 
488 324 10 12 0.053476553 
823 261 12 14 0.053196285 
695 356 11 14 0.05271563 
164 414 14 17 0.05271493 
677 288 10 12 0.05221611 
750 361 15 16 0.05211707 
880 235 10 13 0.05158604 
816 363 13 17 0.051585313 
491 352 13 17 0.051269356 
958 245 12 16 0.05099087 
868 453 15 19 0.050951518 
311 391 10 13 0.05087073 
916 230 11 14 0.050827455 
499 370 13 17 0.050504666 
692 280 12 15 0.050127767 
542 299 11 13 0.05001494 
775 318 10 13 0.04970901 
776 255 12 16 0.049292166 
763 327 14 19 0.0492133 
399 348 12 17 0.048325438 
167 349 11 15 0.047625553 
770 287 9 11 0.04760032 
405 341 16 21 0.04748334 
775 303 11 14 0.047323726 
736 386 24 31 0.046922028 
649 438 12 15 0.046510126 
231 380 11 14 0.046068937 
255 340 9 13 0.045864 
727 286 9 12 0.04554302 
658 257 10 13 0.045301817 
775 324 11 17 0.04496295 
915 242 14 16 0.04453682 
658 402 15 20 0.04439623 
680 272 8 11 0.044239294 
648 341 11 15 0.044234753 
544 313 16 19 0.043658957 
754 409 17 21 0.043558296 
813 289 11 14 0.043424938 
382 402 11 15 0.04337741 
943 404 11 15 0.04290042 
371 415 12 14 0.042872846 
814 324 13 17 0.042824015 
551 425 13 17 0.042352032 
519 404 11 14 0.04201752 
911 449 14 16 0.04141445 
893 315 12 18 0.041300166 
617 299 13 16 0.041032955 
808 285 10 13 0.040967822 
977 334 22 27 0.04089909 
695 306 11 13 0.040342413 
688 327 9 11 0.040176198 
605 459 13 15 0.040085174 
967 349 22 27 0.039628625 
188 340 12 16 0.03951508 
731 383 16 24 0.039492078 
437 372 14 18 0.0393665 
342 366 10 12 0.039070114 
635 410 12 14 0.03860419 
959 239 11 13 0.038507726 
340 379 13 16 0.03839746 
368 350 10 14 0.03752788 
775 339 21 28 0.037396774 
963 320 26 31 0.037285786 
635 298 13 16 0.037269976 
669 384 13 18 0.037215997 
955 347 25 31 0.03713612 
351 374 11 15 0.036905166 
188 396 15 16 0.03672263 
606 395 12 16 0.03621801 
724 316 11 15 0.03621082 
808 334 11 14 0.036158964 
342 373 11 14 0.036101494 
293 345 12 17 0.036076587 
426 377 14 19 0.035999484 
790 373 15 19 0.035876248 
381 373 12 15 0.035797637 
190 356 13 18 0.03563342 
711 292 11 13 0.0355793 
380 441 12 16 0.035044942 
280 373 9 12 0.035013173 
864 340 13 17 0.034970347 
629 434 11 14 0.034857 
943 471 10 12 0.034846775 
139 328 169 196 0.034589913 
241 316 12 14 0.034412425 
670 326 13 16 0.03436845 
412 418 13 15 0.033916242 
965 243 13 17 0.03359626 
701 344 11 13 0.03350421 
817 328 18 23 0.033428065 
934 268 11 16 0.03337037 
518 340 11 15 0.03334146 
768 445 10 12 0.0331748 
688 332 11 14 0.033154767 
192 333 11 14 0.03309191 
318 351 10 12 0.03292338 
987 338 15 19 0.0329215 
720 270 9 11 0.032883037 
359 355 9 12 0.03283234 
428 303 18 22 0.032737825 
924 236 11 14 0.03241617 
287 340 12 15 0.032415535 
645 386 12 15 0.032374516 
158 345 11 12 0.0323308 
534 382 12 14 0.032237172 
416 341 15 20 0.03190929 
711 339 10 13 0.03190789 
829 558 15 19 0.031888608 
608 402 12 14 0.031813595 
974 227 11 14 0.031712197 
941 438 10 12 0.03157001 
760 295 9 12 0.031272892 
740 295 13 15 0.031192755 
280 359 10 12 0.031128023 
520 376 18 19 0.031110128 
409 409 15 19 0.030997248 
890 329 14 20 0.030996677 
869 331 13 18 0.030694826 
231 341 9 13 0.03067736 
825 277 10 14 0.030658761 
140 395 12 14 0.030534474 
559 414 25 28 0.030493483 
694 316 10 13 0.030460706 
516 410 12 14 0.030441856 
390 386 13 19 0.030380225 
767 319 11 15 0.030329159 
588 348 11 14 0.030216482 
865 237 10 15 0.03013931 
230 334 11 13 0.030088585 
597 322 12 17 0.030008359 
933 316 11 14 0.029952474 
262 341 10 13 0.029918978 
760 476 11 14 0.02975994 
695 379 12 15 0.029739296 
854 558 14 17 0.029672183 
264 348 10 12 0.029539727 
973 340 14 20 0.029525792 
667 313 17 23 0.029505307 
365 380 11 13 0.02947319 
861 281 11 14 0.029434377 
417 350 13 18 0.029312218 
350 377 18 24 0.029086126 
702 262 8 9 0.028970841 
727 380 13 18 0.028908193 
818 500 26 27 0.028896388 
588 339 12 16 0.028878821 
639 386 11 15 0.028400362 
511 303 13 17 0.028292209 
481 343 19 25 0.028133398 
389 377 13 18 0.02811815 
293 354 11 15 0.028079934 
768 279 8 11 0.02805877 
885 449 14 18 0.027993362 
571 432 16 18 0.027948478 
198 328 12 15 0.027882036 
244 323 12 13 0.027839858 
336 358 9 11 0.02781051 
230 325 11 13 0.027803844 
636 377 13 18 0.027735287 
445 378 11 16 0.027558863 
278 365 10 13 0.02750928 
939 285 26 30 0.027436012 
374 353 12 15 0.027404385 
989 428 14 18 0.02734456 
525 329 16 19 0.027326794 
722 264 8 10 0.027279722 
758 277 9 11 0.027162412 
572 378 20 26 0.027030637 
605 310 11 15 0.026948128 
773 293 10 14 0.026883176 
713 311 11 14 0.026875466 
995 338 15 19 0.02684308 
871 324 11 16 0.026815701 
301 316 11 12 0.026780678 
808 336 21 26 0.026745945 
735 408 16 20 0.026719535 
381 471 13 17 0.026569575 
688 318 10 13 0.026568329 
301 325 12 14 0.026376074 
774 478 23 26 0.026283745 
228 347 10 14 0.026225239 
356 375 12 16 0.026163898 
167 344 10 13 0.026152268 
661 285 10 13 0.02614264 
917 250 12 14 0.026118357 
955 421 26 29 0.026054574 
910 224 10 11 0.026029538 
481 379 15 19 0.026020993 
182 324 11 14 0.025999296 
538 420 21 26 0.025942944 
911 230 19 24 0.02586315 
181 393 27 29 0.025605753 
820 349 13 16 0.025496466 
768 293 10 13 0.02545274 
738 307 10 13 0.025333825 
743 349 12 16 0.025291836 
649 280 18 23 0.02528659 
242 381 15 16 0.025133928 
648 334 12 14 0.025113225 
681 263 8 10 0.025044993 
279 434 12 15 0.025036823 
789 390 16 20 0.024749037 
709 301 9 12 0.024690732 
310 325 10 13 0.024583245 
286 365 9 13 0.02442425 
579 360 21 28 0.024376165 
492 331 13 17 0.024300076 
827 268 11 14 0.024175102 
325 386 11 14 0.024157336 
511 402 12 15 0.024155116 
478 326 11 13 0.024081485 
781 314 12 15 0.024079027 
312 349 11 13 0.02407865 
710 322 19 24 0.02405277 
694 296 18 22 0.024040563 
913 524 16 18 0.024008485 
380 354 13 16 0.023936627 
958 319 47 55 0.023892188 
287 356 9 12 0.023699548 
313 356 10 13 0.023658304 
390 419 11 13 0.023606222 
605 433 11 15 0.023590544 
320 403 10 13 0.023566868 
661 386 16 20 0.023493547 
29 75 12 16 0.023347327 
703 272 8 12 0.02334536 
524 307 14 19 0.023294995 
900 302 13 17 0.023182284 
383 366 12 16 0.02299773 
637 316 11 15 0.022954253 
811 294 18 23 0.022917792 
213 310 12 14 0.022871183 
940 285 16 17 0.022870626 
509 396 12 14 0.022857452 
878 323 15 21 0.022813778 
438 414 15 22 0.022807574 
388 473 12 16 0.022743264 
670 290 18 24 0.022719368 
734 320 9 12 0.022718472 
757 370 16 21 0.022673853 
713 310 19 24 0.022472361 
189 309 12 15 0.022469072 
415 335 13 16 0.022413611 
632 357 13 17 0.022394093 
386 362 19 26 0.022340966 
424 450 11 14 0.022293158 
869 325 21 29 0.022261577 
270 317 11 13 0.022253586 
304 390 10 13 0.022203598 
703 255 9 10 0.022150787 
269 349 11 12 0.02214253 
666 324 11 13 0.022026392 
391 414 10 12 0.021995714 
50 103 399 466 0.021924252 
734 291 11 13 0.021877114 
803 314 23 27 0.021871667 
969 312 28 31 0.021830024 
393 391 14 20 0.021817314 
696 262 9 10 0.0217839 
638 306 13 18 0.02176783 
655 267 11 13 0.021763679 
223 323 12 14 0.021742549 
715 438 17 19 0.021699129 
638 353 18 24 0.02169465 
172 415 14 16 0.021669364 
212 316 13 15 0.021655165 
361 333 9 11 0.021641009 
497 359 23 26 0.021637408 
885 333 15 22 0.021620236 
286 335 19 24 0.021567862 
508 369 14 18 0.021560986 
768 302 9 12 0.021549394 
649 263 9 11 0.021520173 
982 428 12 17 0.021430826 
564 314 12 18 0.021394948 
190 417 14 17 0.021388996 
325 404 11 14 0.021279465 
419 419 12 16 0.021213327 
953 327 28 34 0.021157831 
311 333 10 12 0.021134434 
224 342 11 14 0.021104822 
693 386 13 16 0.021061867 
943 419 10 13 0.021029802 
391 348 12 15 0.021004664 
398 412 12 15 0.021003433 
215 302 10 13 0.020882998 
574 451 14 16 0.020853056 
749 347 18 25 0.020845892 
562 308 11 16 0.020812804 
507 361 15 18 0.020806167 
784 205 12 13 0.020739758 
733 339 10 13 0.02073673 
216 280 208 249 0.020715611 
516 346 14 18 0.02070586 
494 376 13 18 0.020705057 
300 347 12 14 0.020702757 
967 274 13 15 0.020618148 
774 280 10 12 0.020603605 
891 305 21 26 0.020541972 
179 351 20 25 0.020492263 
862 203 11 12 0.020489328 
521 393 20 24 0.020452496 
542 433 12 16 0.02042539 
726 555 15 20 0.020416277 
706 547 24 31 0.020397622 
293 364 11 15 0.020390604 
867 270 11 14 0.020388335 
321 369 11 16 0.020330995 
167 324 10 13 0.020290129 
864 212 10 13 0.020259961 
637 363 20 27 0.020229403 
751 293 10 12 0.020205552 
133 371 103 126 0.020155901 
886 345 13 18 0.020143988 
738 296 19 23 0.02010725 
836 326 11 15 0.02009844 
273 366 10 12 0.020084271 
