57_Angler_peoplefishing_57_206
96
285 804 39 40 0.9475228 
170 716 25 31 0.7251342 
617 677 15 17 0.6078383 
984 616 12 14 0.5110698 
741 681 13 16 0.45996794 
171 490 14 17 0.39486918 
796 663 17 22 0.35937557 
345 946 252 319 0.337477 
158 753 30 41 0.32233283 
795 670 22 27 0.28095612 
86 956 377 451 0.2394813 
920 704 23 29 0.18508221 
458 725 35 30 0.1637373 
461 697 16 18 0.14123674 
823 699 14 16 0.13743836 
0 497 15 22 0.13399519 
797 740 33 43 0.09283478 
585 543 130 96 0.08933931 
131 778 366 460 0.0654278 
982 615 18 23 0.06506486 
813 756 55 55 0.06390118 
126 696 25 33 0.06352266 
397 692 27 35 0.06158194 
500 695 24 31 0.057204913 
810 755 34 31 0.054023325 
818 761 18 19 0.05386352 
734 676 17 20 0.05209175 
173 733 17 22 0.049175877 
832 771 36 31 0.049157117 
843 779 18 18 0.046704527 
234 421 19 22 0.04640407 
677 634 15 17 0.04597426 
319 488 8 11 0.044451095 
728 687 22 25 0.042621646 
46 813 239 292 0.04237495 
605 694 12 16 0.040099297 
796 685 17 21 0.03983583 
-11 606 402 461 0.039461844 
200 420 27 28 0.03832056 
160 720 43 49 0.037795722 
826 703 15 18 0.03767318 
721 772 351 478 0.03766597 
733 658 13 17 0.037658375 
917 756 18 20 0.036689676 
40 1088 273 321 0.035453625 
382 1027 40 39 0.034509484 
917 700 15 22 0.03415775 
824 766 17 18 0.032758564 
121 384 31 42 0.032731976 
174 758 32 37 0.031758852 
453 721 17 23 0.031343948 
459 700 24 29 0.031159127 
894 742 11 13 0.030987455 
455 697 14 16 0.02990795 
704 622 10 12 0.028873228 
791 750 51 63 0.028723104 
982 609 12 15 0.028596718 
801 675 23 31 0.02851147 
733 668 14 18 0.028299963 
690 696 14 16 0.02824807 
930 695 25 32 0.028194785 
302 900 43 48 0.028128782 
941 693 13 17 0.02801842 
731 716 15 20 0.027651604 
183 752 44 55 0.027285451 
297 897 30 38 0.026771145 
493 739 13 15 0.026240202 
943 820 14 16 0.026193758 
791 680 16 20 0.025393028 
913 725 36 42 0.025190443 
132 690 16 21 0.02487718 
857 754 17 22 0.02463856 
971 656 18 22 0.024517534 
472 740 26 26 0.024481123 
617 725 10 11 0.024074227 
505 693 16 19 0.023974149 
200 655 9 11 0.023761451 
976 624 26 32 0.023211483 
30 521 13 15 0.023200754 
287 879 41 44 0.022966893 
843 755 30 38 0.022923298 
625 677 13 14 0.02290597 
307 917 44 51 0.022540381 
215 647 8 11 0.022241417 
554 693 13 18 0.022142109 
914 696 39 46 0.02206984 
164 741 34 42 0.021982618 
942 671 10 12 0.021704668 
798 657 13 15 0.021620754 
807 772 40 47 0.021597376 
501 712 13 18 0.021594157 
811 691 22 27 0.021132234 
600 677 10 13 0.021018315 
1005 629 21 31 0.020781847 
477 726 13 16 0.02076501 
737 508 47 70 0.020069182 
