57_Angler_peoplefishing_57_402
42
338 124 61 63 0.9497255 
681 61 45 43 0.94872636 
655 110 98 128 0.25887913 
776 143 194 295 0.15212224 
595 349 23 27 0.15126117 
561 329 16 19 0.09541599 
391 91 30 54 0.09475669 
575 354 15 17 0.09268373 
577 360 21 27 0.090976186 
586 357 21 29 0.09053002 
414 355 240 247 0.08770413 
633 404 29 37 0.08486771 
557 401 31 43 0.078166395 
530 342 17 21 0.056227617 
668 449 26 31 0.055039935 
229 337 436 393 0.049486265 
710 113 350 459 0.047934357 
665 155 61 90 0.04505273 
673 370 28 45 0.037557904 
368 67 55 71 0.03585601 
534 249 32 34 0.035727855 
701 62 49 54 0.035674732 
635 52 157 214 0.035080295 
567 315 23 26 0.033375368 
590 347 16 21 0.03310448 
523 246 52 59 0.032312777 
631 116 57 95 0.029211406 
578 317 18 21 0.029000536 
285 277 222 317 0.028499981 
617 402 27 39 0.02708762 
385 295 27 36 0.025932707 
335 633 56 61 0.025339218 
350 134 90 124 0.025251621 
581 388 38 47 0.02363602 
595 365 15 22 0.022987854 
302 434 259 255 0.022854885 
461 238 14 16 0.022473661 
609 353 16 20 0.021943418 
604 396 29 38 0.021759411 
666 62 32 38 0.020301284 
385 115 36 51 0.020082174 
414 267 110 108 0.020035652 
