55_Sports_Coach_Trainer_sportcoaching_55_770
23
621 18 47 61 0.9959335 
354 270 54 50 0.06876104 
348 269 13 17 0.06782687 
212 350 9 10 0.05177039 
413 286 41 31 0.051591594 
221 145 64 48 0.034946088 
348 268 32 30 0.032491885 
81 357 8 10 0.030581316 
716 79 30 37 0.028251955 
413 286 16 16 0.02709518 
506 143 73 55 0.02695093 
244 286 12 14 0.026059259 
241 292 9 12 0.025994563 
200 126 61 56 0.023861337 
7 357 8 10 0.023790944 
644 286 55 98 0.023593757 
369 279 63 53 0.023297947 
249 352 9 10 0.02279678 
447 323 15 18 0.02269948 
670 183 54 58 0.022625942 
281 350 7 9 0.021316862 
178 359 9 11 0.020201255 
258 142 57 50 0.020189643 
