55_Sports_Coach_Trainer_sportcoaching_55_298
18
457 143 58 72 0.99981445 
423 271 48 61 0.09415314 
422 460 12 15 0.07682498 
122 296 463 553 0.07174983 
612 386 11 14 0.065111175 
398 464 11 14 0.060685705 
381 336 403 505 0.057752382 
427 460 12 16 0.05607871 
452 534 12 14 0.03982567 
466 463 45 50 0.031406324 
469 443 34 43 0.03034456 
478 483 28 39 0.024987759 
159 530 25 31 0.024247607 
516 442 37 41 0.023124771 
396 430 12 14 0.022177279 
422 453 13 15 0.02157907 
538 414 16 19 0.020232046 
402 468 10 13 0.020060267 
