55_Sports_Coach_Trainer_sportcoaching_55_773
44
327 95 54 67 0.99952686 
386 82 49 69 0.9987658 
321 202 45 75 0.9953011 
639 155 43 67 0.9889824 
-1 136 37 78 0.9883533 
631 86 53 67 0.9876922 
812 124 52 76 0.98767054 
472 115 44 66 0.9773037 
989 94 36 71 0.9426468 
732 86 47 57 0.7832872 
709 73 32 53 0.5064792 
163 151 40 71 0.49934885 
184 160 46 68 0.18145934 
718 73 44 65 0.16888568 
252 150 48 63 0.13504149 
219 158 51 66 0.09359494 
345 326 56 64 0.09010773 
339 193 53 83 0.08567528 
451 95 49 69 0.07334873 
719 162 41 64 0.07055125 
752 95 55 74 0.061481792 
588 464 52 61 0.055657174 
835 501 58 62 0.054603565 
795 104 54 79 0.054142185 
157 127 70 105 0.045012753 
616 207 27 37 0.043197967 
158 169 29 47 0.040949184 
409 94 46 66 0.036871254 
984 536 43 62 0.035675924 
903 486 47 59 0.035173967 
204 181 36 53 0.032811966 
809 95 40 52 0.03255642 
434 90 44 65 0.031232227 
641 107 58 76 0.030830193 
200 143 54 70 0.029528541 
529 287 48 75 0.027024383 
682 157 49 66 0.026367715 
624 194 32 48 0.02544349 
706 138 48 70 0.024736531 
715 130 33 47 0.022286471 
807 150 37 54 0.021853425 
574 228 39 59 0.021550002 
345 247 36 55 0.021150634 
625 89 34 51 0.02053148 
