55_Sports_Coach_Trainer_sportcoaching_55_1013
30
374 107 125 165 0.99962056 
567 819 88 118 0.8691734 
177 816 17 20 0.39933708 
1001 829 14 17 0.17074373 
11 12 12 15 0.067235716 
957 883 46 60 0.058682214 
174 708 23 27 0.047067113 
776 278 28 32 0.046811204 
318 941 12 13 0.044836015 
814 250 13 19 0.04457781 
837 188 16 18 0.04380039 
686 694 80 120 0.041951235 
77 8 9 12 0.04064196 
207 758 11 13 0.038250163 
277 788 11 13 0.036071103 
276 784 10 11 0.03294609 
25 112 8 10 0.030111058 
0 567 14 20 0.029677857 
836 200 16 19 0.029125297 
783 265 28 37 0.02678361 
361 15 9 12 0.025387276 
879 651 9 12 0.025206374 
779 229 13 17 0.02507659 
736 176 17 22 0.024035608 
479 276 45 63 0.023381568 
198 811 12 16 0.022785574 
903 789 10 13 0.022078104 
245 853 10 13 0.02175527 
10 174 9 11 0.020715497 
272 789 10 14 0.020235686 
