55_Sports_Coach_Trainer_sportcoaching_55_932
38
538 67 97 129 0.99985015 
412 178 85 120 0.9985252 
579 -18 439 362 0.14271888 
115 153 15 20 0.061092664 
62 231 37 52 0.055575427 
1 323 10 15 0.050141755 
71 166 10 12 0.04970955 
37 354 14 19 0.042326525 
111 160 14 18 0.037365235 
80 205 12 15 0.03650143 
79 194 24 28 0.03421931 
269 159 45 44 0.033290327 
11 271 12 16 0.032741684 
274 182 30 39 0.032235555 
689 45 85 58 0.031539727 
29 328 29 33 0.030070018 
54 241 25 42 0.028266497 
13 323 29 35 0.028059952 
119 153 22 28 0.028013667 
3 320 15 19 0.028001143 
86 190 12 16 0.026923858 
135 165 14 18 0.02683999 
14 339 13 18 0.026644431 
1003 476 20 36 0.026009476 
22 299 15 22 0.025501715 
7 316 25 32 0.025144164 
127 163 12 16 0.024477253 
195 177 13 16 0.024309842 
91 192 14 19 0.023431398 
143 171 12 16 0.023403646 
311 149 12 15 0.023306454 
111 171 12 15 0.02328211 
66 167 9 11 0.022650382 
31 237 9 11 0.02197595 
179 150 12 14 0.020517832 
77 165 12 14 0.020442732 
102 481 12 16 0.020249384 
40 213 8 10 0.020175526 
