55_Sports_Coach_Trainer_sportcoaching_55_789
30
272 225 46 65 0.9994753 
145 218 48 64 0.99909556 
760 168 44 59 0.9982724 
450 243 49 63 0.9980869 
197 145 39 50 0.99792683 
464 157 44 58 0.9977642 
630 277 46 60 0.99731725 
919 159 46 59 0.9972941 
65 242 45 59 0.99726784 
729 331 43 60 0.9971909 
227 186 47 63 0.9965933 
589 216 43 57 0.9955426 
541 257 43 54 0.99532384 
388 221 44 56 0.9946902 
823 322 38 52 0.994611 
363 284 45 60 0.9941712 
672 197 41 56 0.994087 
929 330 44 57 0.99290353 
422 123 37 53 0.99130756 
324 131 39 53 0.9901805 
87 172 42 51 0.9830173 
614 117 38 53 0.980474 
50 126 42 54 0.97924876 
7 238 40 56 0.13186428 
259 209 45 64 0.07311054 
168 523 21 23 0.05411766 
43 240 45 62 0.040233273 
555 240 46 60 0.03947609 
988 361 30 50 0.033469826 
441 130 43 60 0.031948898 
