55_Sports_Coach_Trainer_sportcoaching_55_196
101
507 163 34 43 0.97021717 
281 168 39 46 0.96830857 
794 39 48 70 0.9369786 
169 169 33 34 0.6244682 
538 190 33 39 0.5034537 
465 178 26 38 0.42358446 
222 121 14 18 0.32305825 
101 165 30 38 0.23605925 
241 109 10 13 0.23208709 
126 171 28 38 0.19726264 
746 155 41 48 0.19579147 
230 151 15 19 0.19559437 
441 180 38 51 0.18725367 
312 228 39 46 0.17372572 
831 40 48 72 0.15315363 
238 122 11 15 0.083129644 
108 163 43 57 0.073053 
216 124 12 14 0.064050466 
148 126 9 12 0.06364906 
176 151 33 45 0.058814663 
424 192 34 39 0.05821002 
519 117 10 11 0.05711816 
176 231 23 33 0.05658409 
98 221 28 49 0.049855538 
328 234 21 22 0.04967101 
400 172 9 12 0.048159387 
223 152 13 19 0.04331405 
522 125 9 12 0.04276847 
518 165 44 52 0.042107034 
166 177 16 19 0.041372426 
96 143 45 53 0.04098755 
791 33 30 51 0.040763162 
508 127 10 12 0.039394822 
373 197 11 13 0.039087728 
118 218 41 59 0.038085423 
503 124 10 13 0.03789281 
285 126 10 13 0.03759537 
448 131 10 12 0.037532143 
226 151 25 30 0.03684881 
305 117 10 11 0.036216553 
264 140 9 11 0.03583767 
142 265 14 18 0.03576794 
245 177 28 34 0.035344243 
474 166 26 41 0.035173714 
560 117 8 10 0.03329963 
326 151 17 20 0.03262492 
432 142 9 11 0.031620815 
200 148 26 38 0.030764746 
745 111 209 231 0.03020722 
462 196 42 59 0.029592125 
88 234 40 63 0.029130388 
756 70 8 12 0.02881964 
552 145 12 16 0.028796125 
494 148 24 34 0.028235905 
133 178 16 21 0.02810946 
246 249 30 45 0.028024063 
816 46 39 50 0.02794717 
491 150 16 21 0.027652316 
487 170 28 39 0.027467506 
519 195 40 52 0.027346313 
265 110 9 12 0.026251957 
902 85 11 16 0.026213773 
243 333 16 18 0.026178097 
523 131 11 14 0.025502523 
212 148 14 20 0.02550143 
559 127 10 12 0.024630278 
162 145 31 43 0.024540158 
885 79 26 38 0.023662368 
84 255 27 39 0.023652224 
573 159 11 12 0.0235769 
253 119 10 14 0.02349691 
107 162 18 22 0.02347435 
238 162 27 34 0.023415828 
651 195 20 26 0.023304608 
480 182 15 24 0.023037262 
558 133 10 13 0.022589559 
324 183 14 18 0.022532031 
501 121 9 11 0.02244483 
317 99 10 13 0.022430452 
232 112 20 27 0.022415476 
420 207 55 70 0.022346485 
244 122 13 17 0.022327472 
90 170 30 39 0.022270959 
543 116 12 15 0.02226627 
853 54 38 52 0.022221936 
753 118 10 11 0.021751931 
237 337 15 20 0.021608733 
760 188 26 36 0.021595959 
382 239 46 66 0.021559378 
193 160 27 38 0.021544687 
140 250 25 33 0.020865863 
506 213 27 35 0.020864967 
172 228 37 52 0.02045334 
500 179 40 53 0.020411776 
156 171 25 31 0.020265188 
563 186 16 23 0.02026498 
533 200 17 24 0.020239713 
646 207 13 17 0.020238955 
790 77 27 41 0.020208824 
482 187 39 55 0.02015644 
867 70 37 51 0.02003161 
