55_Sports_Coach_Trainer_sportcoaching_55_569
144
890 34 51 65 0.99946266 
181 82 54 80 0.9988423 
339 45 48 60 0.99881625 
252 255 40 53 0.9988066 
732 192 56 74 0.99832076 
911 198 41 56 0.93418515 
593 23 20 24 0.88622844 
378 249 20 30 0.88292766 
701 16 21 28 0.67768186 
38 253 11 14 0.66840297 
60 246 20 27 0.5849237 
108 242 15 20 0.42712596 
631 73 12 18 0.39452556 
935 0 52 50 0.35913903 
632 30 9 11 0.31624863 
48 140 25 31 0.31456977 
90 237 9 11 0.30607596 
664 82 13 17 0.159284 
441 1 104 99 0.1507512 
590 89 14 17 0.14985977 
183 271 9 12 0.13410555 
103 247 14 18 0.111276425 
4 276 10 13 0.10928995 
366 246 24 34 0.0869334 
6 269 9 12 0.07783221 
638 30 9 12 0.074128866 
134 269 10 12 0.06889387 
562 79 14 17 0.067366466 
908 11 54 67 0.065465085 
176 322 11 15 0.06161455 
8 263 8 11 0.061218094 
70 275 10 13 0.059956606 
39 297 16 18 0.05929176 
165 299 12 15 0.055715695 
94 246 12 15 0.055026423 
48 231 7 9 0.052463446 
92 231 11 13 0.051471382 
714 87 16 18 0.050987154 
91 268 11 12 0.050735164 
23 248 8 10 0.050392274 
2 271 8 12 0.050144136 
67 121 15 19 0.050054416 
1 236 9 11 0.049065385 
453 43 38 38 0.048964486 
32 232 9 10 0.04895553 
6 238 9 10 0.047531817 
76 251 10 15 0.046515983 
35 249 18 22 0.04633358 
584 22 13 17 0.045866378 
652 50 14 18 0.045318242 
159 296 13 16 0.04514962 
135 243 11 15 0.04460999 
88 263 10 14 0.044073485 
683 0 12 12 0.043036684 
711 22 17 21 0.0425187 
573 26 13 16 0.0424398 
129 268 11 13 0.041390907 
113 236 15 20 0.04048825 
566 29 12 14 0.040330987 
630 64 12 15 0.03992473 
0 255 8 10 0.038789537 
78 267 11 14 0.037133962 
0 261 9 12 0.037103307 
513 235 139 87 0.036265906 
741 23 17 19 0.035870228 
25 237 8 10 0.035073157 
177 275 10 12 0.034146033 
191 322 13 17 0.033548076 
723 60 15 18 0.032948527 
135 238 10 13 0.03233944 
19 324 13 17 0.032325983 
679 2 11 14 0.031946998 
327 24 36 39 0.03194189 
324 265 26 32 0.031117352 
582 92 13 16 0.031096859 
88 243 11 13 0.030674927 
33 259 9 12 0.030539386 
37 237 9 11 0.03050723 
7 254 8 10 0.030441353 
111 232 11 14 0.030305887 
461 28 33 38 0.030298546 
86 252 12 14 0.030172871 
45 247 10 14 0.030167881 
0 282 9 13 0.02999684 
94 244 21 25 0.029762281 
103 238 13 17 0.029738203 
71 231 9 11 0.029502174 
156 289 20 27 0.029285919 
188 271 9 11 0.028781945 
78 248 9 12 0.028590374 
65 231 8 9 0.028361695 
462 64 217 215 0.028332435 
176 308 11 12 0.028148998 
24 252 8 11 0.027712613 
78 232 9 10 0.027706632 
168 306 11 14 0.027287474 
127 262 11 13 0.027060775 
103 277 11 14 0.026969394 
371 252 41 50 0.026783945 
44 129 23 34 0.026653603 
16 248 8 10 0.026589932 
-32 188 218 231 0.026248086 
63 274 12 14 0.025033096 
24 261 9 11 0.025002915 
173 311 23 27 0.02495784 
645 53 21 26 0.024906179 
56 118 24 33 0.024417276 
16 233 8 9 0.024392162 
104 228 25 32 0.024248522 
114 245 14 20 0.024035104 
15 238 7 9 0.023905022 
660 52 12 14 0.023851309 
638 35 10 13 0.023838226 
575 96 13 17 0.02366158 
102 341 11 13 0.02334801 
39 232 8 10 0.023260474 
695 17 14 21 0.023174215 
626 28 9 12 0.023157438 
647 29 10 12 0.02306851 
32 248 9 11 0.02262398 
628 101 14 16 0.022585921 
70 236 10 12 0.022518497 
70 205 248 249 0.022272091 
150 327 8 12 0.02216934 
182 263 10 12 0.021899564 
64 266 11 15 0.021786287 
647 46 12 16 0.021715894 
652 73 17 19 0.021534739 
79 236 10 12 0.021422504 
623 64 21 27 0.021398425 
167 268 9 12 0.02126367 
74 258 22 29 0.021235717 
165 289 23 29 0.02118889 
111 314 9 13 0.021168415 
118 258 11 15 0.021092022 
175 285 11 15 0.021079881 
14 268 10 13 0.020935021 
24 233 8 10 0.020789322 
104 257 11 15 0.020682326 
93 275 12 14 0.02059531 
127 236 11 14 0.020575829 
141 236 11 13 0.020350361 
8 248 8 9 0.020299654 
30 297 15 18 0.020215392 
