55_Sports_Coach_Trainer_sportcoaching_55_523
21
328 314 460 602 0.99981576 
-34 373 383 556 0.73079824 
748 656 245 367 0.26747155 
545 886 505 523 0.22695968 
326 2 488 582 0.17132016 
-130 938 456 568 0.15165177 
475 1135 137 198 0.12643811 
180 332 374 522 0.11784391 
141 -72 522 555 0.104661405 
338 586 435 527 0.08942425 
488 -66 494 532 0.08832739 
458 168 430 607 0.07119531 
36 892 264 341 0.050613806 
522 1112 461 540 0.05006907 
236 859 451 512 0.044886563 
269 189 392 539 0.04374094 
-151 -99 533 640 0.039742574 
14 566 423 519 0.03897251 
600 698 401 482 0.026254894 
78 755 431 602 0.02489785 
-143 199 440 569 0.024739102 
