55_Sports_Coach_Trainer_sportcoaching_55_643
121
7 296 26 33 0.9951257 
507 217 16 22 0.9906227 
421 265 15 20 0.9568324 
471 233 16 22 0.9203948 
785 210 17 25 0.89716494 
295 259 19 26 0.88166344 
430 243 14 18 0.84329575 
667 259 13 18 0.8257637 
595 255 16 21 0.6911651 
646 257 17 21 0.44654766 
861 248 13 18 0.42098182 
620 257 17 21 0.31834126 
691 261 14 17 0.26119855 
917 223 14 21 0.20643389 
368 217 12 19 0.20362027 
278 246 14 18 0.20341215 
946 214 15 25 0.1903653 
519 258 12 16 0.18315126 
878 250 13 19 0.16764177 
964 300 16 19 0.16206725 
780 287 16 23 0.15561807 
867 249 14 19 0.1527463 
855 246 12 17 0.14985228 
524 257 14 18 0.14910856 
550 272 13 18 0.1206461 
565 261 13 18 0.10802363 
946 228 15 24 0.10451898 
333 281 13 17 0.09076844 
763 243 16 17 0.084720396 
373 212 13 21 0.08276801 
282 248 16 21 0.07096878 
530 256 15 18 0.070445575 
965 227 15 21 0.0654942 
502 268 15 20 0.06408382 
556 263 16 21 0.06368061 
690 267 20 26 0.06313928 
948 207 14 18 0.06234224 
68 271 19 21 0.05249705 
853 252 18 25 0.049322017 
875 290 13 17 0.04759849 
638 250 16 20 0.046178475 
907 218 19 28 0.04585334 
708 282 15 18 0.045489985 
428 330 15 19 0.044805173 
929 220 22 29 0.044194847 
792 208 15 22 0.04356032 
697 260 14 18 0.043412447 
700 232 14 19 0.042674772 
673 259 14 19 0.040745083 
644 247 14 17 0.040260684 
582 253 21 27 0.040198922 
700 280 15 20 0.039274044 
853 235 14 17 0.0391127 
952 222 18 25 0.03903457 
614 261 16 22 0.036820635 
435 239 13 17 0.036642693 
661 255 14 20 0.03648068 
2 306 27 37 0.036018793 
387 274 14 19 0.035717398 
278 305 47 59 0.03563266 
895 215 23 31 0.035048943 
651 281 15 19 0.03415124 
469 264 13 18 0.033831503 
541 267 16 20 0.033691086 
712 299 12 15 0.03349942 
800 261 13 16 0.033205524 
601 255 19 28 0.032734 
423 292 14 18 0.032255385 
445 251 12 15 0.03165817 
782 306 26 33 0.031070776 
569 257 19 26 0.03102163 
285 257 20 24 0.03075828 
893 288 15 22 0.029248409 
783 313 14 18 0.029007789 
396 234 11 15 0.028948303 
716 292 13 17 0.028366927 
429 252 20 25 0.028187402 
638 306 24 28 0.028090565 
963 302 26 31 0.027411848 
871 298 25 37 0.027300017 
648 264 23 29 0.026823437 
882 253 15 21 0.026054405 
308 259 23 31 0.02586898 
851 265 16 21 0.025762284 
922 219 17 22 0.025539309 
377 217 15 20 0.025487281 
359 216 15 20 0.025240807 
534 226 13 17 0.0247642 
690 280 23 30 0.02442626 
274 269 42 49 0.024143366 
652 248 12 16 0.024022847 
795 261 21 28 0.02366987 
537 291 16 19 0.02349467 
5 451 16 20 0.023303218 
434 265 15 19 0.02323679 
461 264 16 20 0.023197098 
713 308 10 15 0.023119641 
870 289 21 29 0.022785759 
465 229 14 19 0.022521907 
438 228 14 17 0.022406941 
687 296 14 18 0.022187384 
329 275 14 18 0.022106465 
420 157 14 17 0.021766568 
547 305 16 22 0.021629743 
589 272 14 18 0.02160803 
543 347 27 34 0.021528477 
517 264 12 17 0.021341462 
775 284 14 21 0.021167856 
444 236 13 17 0.021040643 
885 248 11 17 0.020892398 
663 319 14 20 0.020511746 
532 264 16 21 0.020439196 
633 257 24 28 0.02039163 
785 283 17 21 0.020375168 
859 236 14 18 0.020354731 
661 264 22 27 0.02030384 
696 372 12 14 0.020281345 
435 331 12 16 0.020219415 
550 261 14 18 0.020188518 
910 230 13 19 0.020156886 
908 211 15 21 0.020063525 
