55_Sports_Coach_Trainer_sportcoaching_55_424
112
307 331 22 30 0.99572515 
418 264 46 48 0.87170625 
645 371 16 21 0.86510605 
971 354 15 23 0.84509796 
716 326 15 23 0.7783823 
930 383 14 21 0.77280086 
623 381 13 17 0.7175218 
884 387 13 17 0.700972 
156 410 16 23 0.6948084 
124 408 16 19 0.5288446 
833 383 15 21 0.5219521 
672 353 17 24 0.23084928 
205 397 26 48 0.2182371 
889 386 14 17 0.20095767 
324 382 16 22 0.19279678 
589 408 14 19 0.18646136 
590 405 23 28 0.18459344 
130 405 13 19 0.16092338 
937 384 14 19 0.12385364 
978 358 15 21 0.11967265 
309 396 26 34 0.11689882 
116 404 17 20 0.11242169 
160 420 18 22 0.099665254 
592 313 12 16 0.08243933 
414 244 42 51 0.07866145 
239 401 30 46 0.072363086 
863 473 13 16 0.07104707 
399 237 25 36 0.069003105 
722 333 17 22 0.06887937 
317 386 23 31 0.068785265 
329 379 18 22 0.06626163 
359 153 12 17 0.06312505 
821 443 13 15 0.06297529 
841 385 14 19 0.056609217 
603 409 14 20 0.055979267 
137 405 20 28 0.054881543 
209 414 30 44 0.05459611 
739 322 15 22 0.054353517 
1 530 13 20 0.05434852 
1010 448 14 21 0.05347581 
116 414 16 19 0.050885227 
384 237 24 36 0.04798247 
122 399 17 20 0.045614127 
730 329 17 24 0.045119572 
997 413 14 17 0.04398788 
933 436 13 16 0.042239476 
128 410 19 26 0.04004215 
937 416 17 21 0.039440513 
897 381 13 18 0.03792136 
902 424 14 17 0.037480168 
33 524 10 14 0.037155665 
101 422 10 13 0.036108732 
1013 388 11 19 0.034210403 
14 513 15 20 0.03355156 
317 377 16 25 0.03347215 
713 364 21 31 0.03247059 
1007 388 18 32 0.032315012 
639 376 14 19 0.032265462 
407 239 33 41 0.031757165 
879 390 14 20 0.03158255 
852 410 13 17 0.030464591 
991 412 13 16 0.030413538 
148 412 17 23 0.030078474 
1004 426 15 19 0.02999376 
996 407 22 28 0.028997798 
28 541 12 13 0.028808296 
381 237 11 16 0.028022595 
616 385 22 26 0.027923629 
645 410 12 17 0.027809981 
990 538 23 27 0.027061203 
920 381 20 27 0.026885381 
126 432 17 20 0.026760327 
607 364 11 16 0.026723975 
650 367 19 26 0.026161557 
364 148 13 17 0.026119975 
351 148 12 17 0.026092274 
392 394 13 17 0.026074087 
113 398 13 16 0.026020631 
618 381 11 16 0.025746932 
985 359 16 22 0.025442509 
190 520 12 16 0.025375798 
373 212 10 14 0.025309388 
664 348 20 28 0.025168533 
1013 436 11 18 0.02428474 
935 427 14 19 0.024269389 
330 388 18 23 0.02393405 
399 249 31 42 0.023867376 
37 520 10 14 0.023550998 
955 425 16 21 0.023193017 
572 365 10 15 0.023170004 
44 484 14 18 0.02306058 
611 368 16 20 0.022972737 
269 347 198 231 0.02288468 
988 411 21 27 0.022813046 
459 142 29 41 0.022761315 
600 404 25 33 0.022742458 
825 380 13 20 0.022721533 
230 493 11 13 0.022469461 
579 392 40 48 0.02241644 
586 305 22 30 0.022147764 
160 406 18 21 0.022135368 
711 374 13 20 0.021532154 
715 383 16 21 0.02140729 
812 509 16 17 0.021368358 
389 353 14 19 0.021339538 
62 500 26 31 0.021190783 
62 350 193 221 0.02083301 
169 565 36 38 0.020731723 
657 374 15 21 0.020464458 
1006 433 14 20 0.020294651 
226 409 33 44 0.020140924 
112 418 13 16 0.020116597 
