1_Handshaking_Handshaking_1_356
130
119 587 133 170 0.9960517 
667 183 136 208 0.9812143 
312 386 29 34 0.9706448 
601 413 24 34 0.964067 
571 298 16 22 0.95560694 
604 291 17 21 0.86003184 
429 285 16 22 0.8411526 
660 357 15 22 0.44187725 
285 363 17 20 0.43431798 
450 309 13 15 0.3732277 
410 290 13 17 0.34192497 
489 300 11 14 0.3306982 
282 387 22 31 0.29473504 
505 315 15 19 0.24453121 
771 357 119 213 0.19451994 
508 299 12 15 0.1639986 
144 252 10 13 0.1632025 
539 417 13 17 0.1454571 
298 387 27 34 0.14073509 
148 262 11 16 0.13835818 
276 390 17 26 0.13328089 
544 307 12 14 0.12522577 
493 295 11 15 0.12265045 
647 301 12 18 0.1153946 
358 307 11 14 0.10790811 
255 401 27 34 0.10517207 
618 454 17 22 0.102845654 
617 324 13 18 0.10223191 
590 418 24 32 0.08639259 
264 394 24 33 0.08208082 
504 309 12 16 0.0669939 
629 357 13 18 0.064555384 
641 373 17 20 0.06437802 
245 303 10 13 0.060145717 
502 295 13 15 0.058994986 
578 424 23 28 0.05843381 
401 292 11 15 0.05638889 
424 290 14 17 0.05521508 
504 457 23 27 0.045410153 
242 310 10 14 0.04532629 
228 470 15 19 0.045236863 
28 184 206 238 0.043651093 
224 310 9 12 0.042377196 
405 294 14 17 0.04226319 
572 430 18 21 0.042016078 
477 406 12 14 0.04185678 
571 286 16 19 0.040754758 
462 403 14 18 0.04065285 
306 348 16 19 0.040548157 
512 398 11 14 0.040503882 
519 346 9 14 0.040173173 
469 404 13 16 0.039946638 
158 276 11 14 0.039527092 
362 303 11 13 0.039107095 
502 461 14 19 0.03780504 
412 339 11 13 0.03729325 
609 459 39 49 0.036149632 
217 287 8 10 0.03592693 
654 315 13 16 0.035071857 
460 309 11 15 0.034586813 
351 307 12 16 0.034040865 
477 371 15 19 0.033862125 
342 313 13 17 0.033693187 
512 341 12 16 0.033682976 
276 380 14 21 0.03347793 
545 403 11 15 0.03338691 
289 357 15 18 0.033350475 
662 512 18 21 0.0313896 
326 391 19 25 0.031377718 
267 446 28 36 0.03113278 
93 270 11 14 0.031000843 
281 286 10 13 0.030816965 
156 269 12 14 0.030048579 
408 340 10 12 0.029934235 
326 300 11 13 0.029928776 
104 293 11 14 0.029557018 
806 209 109 154 0.02945899 
8 292 8 11 0.0293126 
105 301 11 15 0.029015614 
586 306 12 16 0.028525393 
49 291 15 15 0.028280457 
516 426 14 15 0.027874501 
515 402 14 18 0.027711982 
237 350 13 14 0.027659265 
541 314 13 15 0.027220009 
797 330 192 294 0.026910583 
216 320 8 11 0.026261276 
514 300 13 17 0.026075743 
411 279 14 16 0.02600755 
240 333 10 13 0.025682552 
561 414 22 30 0.025521774 
645 360 22 27 0.02546355 
224 317 9 12 0.025374094 
567 292 17 21 0.025314033 
182 309 9 13 0.02529665 
282 376 18 25 0.024944441 
719 127 166 274 0.024897357 
515 459 17 22 0.024831738 
542 530 57 81 0.024424069 
510 428 11 14 0.02437083 
518 282 11 14 0.024127828 
344 323 12 14 0.024071734 
140 247 17 26 0.024045983 
241 328 9 12 0.023775667 
679 226 183 256 0.023762098 
347 369 14 19 0.023442375 
317 351 13 17 0.02338792 
342 364 13 17 0.023313824 
515 857 62 74 0.022393925 
545 411 21 27 0.022353996 
246 295 9 12 0.022315258 
424 237 10 12 0.022275267 
550 383 14 20 0.022118784 
253 303 11 12 0.022022465 
349 303 19 26 0.021827996 
635 234 112 155 0.021816049 
231 303 9 10 0.021593511 
631 352 19 28 0.021485092 
507 327 14 19 0.021311173 
78 254 9 11 0.021262668 
258 384 24 33 0.02114129 
166 292 10 13 0.021017577 
246 393 27 34 0.02086028 
668 333 12 15 0.020853655 
582 296 20 26 0.020849094 
453 339 12 14 0.020809703 
241 294 9 11 0.020702742 
163 286 13 14 0.020391729 
215 325 9 10 0.020157492 
222 292 9 11 0.020100974 
