1_Handshaking_Handshaking_1_236
30
729 238 32 40 0.999553 
501 191 52 64 0.9987392 
195 138 59 77 0.99839574 
861 246 24 34 0.9962514 
918 231 23 29 0.98967254 
981 273 21 27 0.9738207 
382 192 47 69 0.9735778 
892 522 31 44 0.7975749 
-1 195 34 80 0.56874585 
53 360 14 20 0.16801088 
1012 274 12 18 0.07750149 
66 410 17 21 0.07642878 
1012 329 11 17 0.053712036 
16 385 47 49 0.052080113 
1013 282 12 17 0.048164006 
611 282 32 44 0.03697424 
112 511 36 43 0.035889097 
64 416 13 18 0.03363115 
67 392 25 31 0.029115556 
387 177 35 54 0.02911501 
213 104 9 12 0.028302992 
1006 268 14 19 0.026635658 
43 352 25 33 0.02541361 
36 403 26 34 0.023957744 
1013 242 12 18 0.023321541 
62 404 16 20 0.02298991 
72 407 19 20 0.022717344 
16 415 20 22 0.022508582 
871 244 26 33 0.02194504 
51 403 15 22 0.02055768 
