1_Handshaking_Handshaking_1_762
19
621 402 179 245 0.9994261 
223 230 333 391 0.9941387 
131 801 453 501 0.27400595 
650 633 360 463 0.07709349 
396 314 163 223 0.05000424 
112 235 136 217 0.040375385 
863 178 48 59 0.032328054 
563 270 337 426 0.031752773 
790 350 13 17 0.029339338 
141 233 186 290 0.029336432 
157 392 463 588 0.026418447 
659 125 370 466 0.026175635 
862 258 97 105 0.025425134 
908 263 36 34 0.024866195 
798 356 11 14 0.023747342 
468 1047 190 264 0.023043193 
814 387 11 16 0.021857684 
784 347 25 30 0.021495163 
58 415 37 40 0.020535164 
