56_Voter_peoplevoting_56_410
353
492 444 16 20 0.97444654 
826 429 19 23 0.9638901 
322 442 15 19 0.9279259 
472 435 15 18 0.9269544 
177 434 16 19 0.9172873 
270 468 17 21 0.9169484 
123 451 16 18 0.8727752 
27 420 26 34 0.80475765 
691 470 23 30 0.79253507 
283 422 18 23 0.7910872 
213 458 18 22 0.73865473 
195 422 18 24 0.7071541 
743 475 18 20 0.70024973 
368 434 16 19 0.60528076 
548 446 17 21 0.5567894 
421 430 17 21 0.531793 
617 464 16 19 0.49118844 
642 463 18 24 0.44045183 
285 442 16 19 0.43959394 
931 456 20 27 0.40905267 
937 426 14 19 0.37497333 
94 434 16 20 0.35367677 
619 408 13 19 0.33567834 
815 461 25 27 0.33035445 
57 444 19 22 0.32278922 
528 429 13 16 0.31088865 
184 428 19 24 0.26106608 
871 462 24 34 0.2394958 
893 449 18 22 0.21704744 
961 443 18 23 0.20756179 
155 415 14 18 0.19469145 
83 430 16 20 0.19009484 
146 440 16 22 0.18214498 
42 393 19 21 0.18047062 
322 412 15 18 0.18045525 
509 428 15 17 0.17256665 
235 455 15 19 0.16799967 
135 419 14 18 0.15921186 
572 447 13 16 0.1580492 
119 419 12 16 0.15674677 
452 430 10 13 0.15585096 
15 430 28 37 0.14444327 
447 430 11 14 0.1426827 
583 426 13 18 0.1376138 
173 423 13 16 0.13564125 
406 404 12 14 0.124177046 
91 439 21 29 0.121440314 
226 433 17 19 0.11991892 
363 420 14 18 0.1196598 
563 429 15 18 0.116339706 
598 422 12 14 0.109027095 
574 398 12 14 0.10645141 
629 440 16 22 0.10507653 
864 441 17 21 0.10173659 
364 441 24 27 0.101365454 
984 443 14 16 0.10088689 
452 395 12 16 0.09796073 
423 403 12 13 0.096607745 
437 429 12 17 0.093766466 
987 455 16 23 0.09170501 
406 418 12 15 0.09167185 
811 471 28 31 0.091 
430 404 11 14 0.09038922 
316 404 26 30 0.09021497 
442 450 15 18 0.089425355 
216 451 19 22 0.08893356 
203 422 23 28 0.08878918 
248 56 24 29 0.08824579 
33 413 18 21 0.08788064 
621 462 22 26 0.087468974 
883 455 23 31 0.084833644 
758 488 25 32 0.08403309 
589 422 13 16 0.08224729 
501 437 13 17 0.08000623 
221 443 15 18 0.07945199 
880 502 32 42 0.07927079 
194 466 16 19 0.0791839 
89 389 24 29 0.07895961 
895 427 14 18 0.07664986 
383 421 12 14 0.07602733 
358 412 13 18 0.075644955 
683 455 38 48 0.07558448 
398 -75 374 455 0.07537657 
799 442 14 21 0.074669085 
223 445 22 26 0.07419648 
170 473 14 17 0.07224152 
329 435 17 21 0.07135991 
549 74 23 26 0.06937135 
598 437 15 19 0.068625845 
565 454 16 24 0.06795237 
350 470 24 31 0.067580484 
412 431 21 29 0.06744237 
410 465 16 21 0.06673204 
436 405 10 14 0.06523037 
549 428 12 16 0.06457622 
744 422 27 37 0.06332336 
189 469 14 17 0.06305938 
769 421 29 37 0.062051788 
426 456 17 21 0.061881006 
306 442 16 21 0.061268527 
289 433 15 20 0.060779005 
122 436 15 17 0.05976509 
821 441 26 30 0.05933937 
135 369 11 14 0.059021864 
446 414 10 13 0.05843049 
155 424 14 18 0.058403473 
434 486 17 22 0.057669364 
444 422 11 13 0.056961976 
295 444 24 30 0.05658642 
342 440 14 19 0.056556325 
542 430 13 16 0.056507472 
541 450 23 28 0.055507105 
406 377 10 15 0.05528034 
847 421 11 15 0.05491156 
969 449 15 19 0.054557767 
411 403 12 14 0.053963006 
452 465 16 19 0.053498164 
118 444 17 21 0.053270496 
924 447 23 29 0.053060137 
380 426 13 18 0.05281498 
107 435 13 18 0.052241907 
317 446 22 27 0.05181608 
439 411 11 14 0.05135882 
502 430 15 18 0.05038901 
587 433 13 19 0.049930274 
428 437 14 20 0.04954154 
77 465 16 21 0.049411915 
472 68 25 29 0.049361978 
740 487 17 20 0.04919086 
573 425 14 18 0.04860098 
355 457 27 33 0.048258483 
67 449 15 19 0.04817755 
890 470 16 22 0.047686692 
517 448 16 21 0.04752249 
923 442 17 21 0.047354855 
861 470 25 32 0.047255363 
286 449 20 26 0.047041457 
204 474 14 18 0.046036795 
204 462 20 24 0.045326386 
758 424 28 37 0.045281284 
603 428 13 17 0.04517257 
747 464 23 29 0.045084376 
151 429 13 15 0.044949558 
559 433 14 17 0.044772 
325 58 24 30 0.044716317 
947 463 17 22 0.044658504 
861 489 24 30 0.044352986 
508 441 14 20 0.044171955 
139 424 14 18 0.043906823 
983 352 11 14 0.043064393 
857 455 24 31 0.043010123 
619 449 21 26 0.042589072 
552 455 26 33 0.042340312 
83 440 17 21 0.042280704 
608 454 21 29 0.041401595 
324 428 15 19 0.041294917 
48 434 26 30 0.04119293 
387 427 13 19 0.041151468 
543 378 9 12 0.04094179 
580 438 19 26 0.04051428 
392 373 9 12 0.040437464 
455 424 10 12 0.03998266 
398 372 10 14 0.039781727 
171 56 24 28 0.039440453 
171 421 21 28 0.03895938 
368 420 21 26 0.038562525 
548 436 13 17 0.038559154 
515 423 19 23 0.038427677 
179 421 14 17 0.038172074 
374 423 12 16 0.038165305 
164 412 13 17 0.03815607 
42 408 17 21 0.03803991 
424 480 23 26 0.037495945 
35 398 19 21 0.036876343 
211 470 17 21 0.0367474 
869 443 23 31 0.036657188 
252 411 14 17 0.036602616 
182 469 14 19 0.036586095 
432 438 20 28 0.0365686 
342 428 13 19 0.036557786 
651 395 12 15 0.03655179 
406 449 15 19 0.03631948 
597 439 23 33 0.036278434 
869 461 16 21 0.03621335 
535 425 21 26 0.036159385 
464 436 12 15 0.03600891 
212 417 15 20 0.035508078 
849 388 11 14 0.035374086 
848 385 9 11 0.034895945 
413 449 14 18 0.034735873 
979 439 23 28 0.03470035 
317 425 15 19 0.034510817 
583 460 13 17 0.03427722 
470 421 12 13 0.034054294 
575 445 19 27 0.03401252 
803 435 16 21 0.033980213 
82 451 22 28 0.033873126 
966 451 24 28 0.033661637 
154 434 14 18 0.033556256 
562 475 15 20 0.033518292 
387 415 12 14 0.03324982 
461 452 14 18 0.033069324 
669 418 22 27 0.033018135 
590 441 14 19 0.032978565 
420 466 24 28 0.032823097 
916 428 13 15 0.03263995 
958 438 16 19 0.032493822 
175 492 14 20 0.032460228 
853 441 21 26 0.032357596 
92 453 15 20 0.03194878 
222 429 15 17 0.031812053 
611 450 15 20 0.03172674 
462 430 12 15 0.031671476 
524 442 15 19 0.031511057 
435 456 14 20 0.031431373 
709 439 16 21 0.030790456 
824 453 27 32 0.03074495 
623 405 19 27 0.030595489 
269 415 10 13 0.030570464 
114 421 20 25 0.030502126 
781 432 24 32 0.030470528 
407 460 14 19 0.030224616 
246 482 13 18 0.030190326 
397 367 9 12 0.029733315 
404 440 24 32 0.029008904 
666 371 13 16 0.028989393 
402 413 20 26 0.028985465 
142 447 14 19 0.028954055 
592 423 20 25 0.028887527 
492 410 13 14 0.028844094 
844 426 14 19 0.028755326 
268 418 14 19 0.028555758 
49 400 17 23 0.028544152 
160 415 20 26 0.028497878 
447 403 12 15 0.028468352 
905 471 23 28 0.028088193 
869 403 11 14 0.028022325 
291 433 24 29 0.027389694 
662 375 13 17 0.027137456 
532 424 12 15 0.027078185 
405 427 12 17 0.026890274 
812 431 22 25 0.02680764 
951 449 23 29 0.026754528 
924 425 21 24 0.026747389 
167 404 12 15 0.026688997 
765 23 17 20 0.026545173 
24 24 118 122 0.02651399 
809 452 22 28 0.026432993 
129 430 21 28 0.026378982 
270 419 21 28 0.026325306 
893 345 13 15 0.026306473 
412 380 11 13 0.026158169 
669 433 16 20 0.026008856 
906 435 23 29 0.026007274 
543 398 11 13 0.025915531 
718 424 26 33 0.025910296 
189 460 17 20 0.025881996 
844 457 14 21 0.025858974 
636 438 14 18 0.0257943 
400 419 12 16 0.025790624 
102 441 22 27 0.025720784 
440 453 22 26 0.025715815 
245 410 15 18 0.025552964 
791 494 22 30 0.02546429 
131 455 13 18 0.025449334 
278 461 19 26 0.025384696 
346 442 22 27 0.025265422 
221 410 14 18 0.025139851 
197 416 14 17 0.02511622 
261 413 13 15 0.025085794 
279 447 16 20 0.025080077 
800 455 46 55 0.025073323 
167 425 14 18 0.02493353 
158 406 12 16 0.024799278 
967 434 26 31 0.024778074 
32 393 16 20 0.024697531 
396 428 21 29 0.02432499 
409 413 13 17 0.024184546 
350 413 22 28 0.024172964 
855 404 11 14 0.02414494 
899 451 23 28 0.024105828 
195 453 14 18 0.024048863 
592 459 24 35 0.024044948 
402 401 20 24 0.024015082 
634 445 21 28 0.023996599 
939 452 16 22 0.023957158 
579 462 23 32 0.023931395 
534 452 13 18 0.023873067 
804 427 14 19 0.023745777 
307 454 16 20 0.023618266 
854 466 13 18 0.023444273 
218 458 23 27 0.02338552 
338 465 23 30 0.0232947 
422 384 9 12 0.02328638 
547 425 21 25 0.0232829 
503 470 22 29 0.02313261 
346 423 21 28 0.023087535 
846 450 14 19 0.023082804 
437 397 11 15 0.023069588 
900 398 14 18 0.022894511 
122 416 19 23 0.022799058 
125 414 12 15 0.022689741 
-76 207 360 484 0.022673141 
866 453 42 50 0.022624798 
233 429 16 20 0.022568902 
446 428 20 24 0.02249026 
628 473 28 32 0.022467766 
172 481 14 18 0.022435253 
71 405 22 28 0.022401271 
123 426 14 18 0.022341263 
438 389 10 13 0.022287453 
797 524 16 20 0.022230322 
422 424 14 17 0.022211118 
801 513 25 33 0.022202844 
331 456 16 20 0.022036655 
143 388 10 12 0.022026617 
573 436 13 17 0.022021716 
949 426 12 17 0.021997739 
531 460 23 30 0.021906117 
183 445 22 29 0.021803206 
112 418 14 17 0.021763425 
643 452 16 19 0.021737467 
893 409 26 30 0.02172704 
470 414 12 14 0.021698173 
293 415 12 15 0.021684892 
420 399 19 24 0.021676194 
952 420 12 15 0.021652395 
564 442 19 25 0.021626811 
300 427 13 17 0.02155503 
853 478 24 31 0.021507613 
697 459 20 23 0.021405362 
607 469 44 50 0.021351468 
723 414 28 35 0.021341836 
469 449 15 19 0.021272235 
788 497 14 19 0.02126653 
153 447 16 20 0.021251794 
18 409 16 20 0.021212598 
684 448 25 33 0.021097152 
903 420 23 29 0.021091107 
41 411 25 32 0.021007685 
510 448 15 21 0.020868009 
528 434 21 25 0.020862328 
691 486 29 36 0.020762576 
919 448 17 22 0.020745298 
432 400 18 24 0.020732913 
401 379 10 14 0.02058297 
467 512 14 20 0.02042732 
702 468 25 31 0.020349365 
523 472 22 31 0.020214764 
90 415 23 30 0.020107403 
569 473 20 30 0.02009384 
801 482 29 33 0.020059647 
885 440 17 22 0.020032305 
