56_Voter_peoplevoting_56_1011
32
321 401 370 488 0.99941564 
230 157 443 558 0.68835163 
456 90 426 458 0.44224212 
126 1050 95 113 0.43371797 
732 733 200 307 0.41032538 
603 559 388 430 0.2895756 
528 458 326 444 0.2600235 
-125 419 417 494 0.18874641 
59 914 187 236 0.18238825 
128 457 367 447 0.13816206 
599 200 157 188 0.10082817 
738 737 145 143 0.09889035 
10 78 476 592 0.08901237 
10 523 201 339 0.06706736 
-78 657 421 485 0.06648216 
24 1232 141 132 0.06301893 
503 960 246 358 0.056289952 
178 566 561 592 0.05389674 
586 1103 127 180 0.053294722 
725 784 143 173 0.04616685 
634 716 338 470 0.046114903 
519 130 276 280 0.04507237 
923 1247 93 115 0.041594088 
455 247 491 519 0.040116604 
93 995 129 133 0.03859895 
454 1180 122 172 0.034557898 
666 323 400 481 0.033501837 
244 823 463 509 0.025781162 
619 285 146 140 0.025370298 
401 226 265 367 0.024513092 
719 1111 118 171 0.022351472 
441 1215 26 39 0.020258686 
