56_Voter_peoplevoting_56_441
836
211 248 99 146 0.9906687 
978 647 15 19 0.8189706 
834 427 12 16 0.7272724 
972 511 13 17 0.6168708 
989 607 13 16 0.5281779 
720 500 10 12 0.52501774 
722 454 8 11 0.52065974 
903 484 12 15 0.4970805 
901 559 12 15 0.4801622 
829 376 8 11 0.4696368 
835 510 11 14 0.43466443 
740 544 12 15 0.4249701 
963 380 11 14 0.40436003 
908 427 12 16 0.39932963 
874 595 13 18 0.3835288 
711 529 13 16 0.37002116 
620 473 12 14 0.355055 
795 529 12 16 0.34993914 
818 588 14 17 0.3470212 
692 468 10 12 0.338853 
960 545 12 15 0.2948277 
792 500 10 13 0.27963063 
758 414 8 10 0.27783006 
844 406 10 13 0.27321255 
759 472 10 12 0.2677553 
800 390 7 10 0.26182607 
819 352 7 9 0.2606368 
699 547 11 14 0.25815013 
854 532 11 16 0.25698808 
716 526 13 17 0.25695762 
1008 527 12 15 0.25260985 
357 382 13 18 0.24714264 
925 566 11 14 0.24542317 
915 576 14 20 0.23023264 
723 526 13 15 0.22710152 
953 391 9 12 0.21943657 
814 509 10 13 0.21171784 
491 536 70 70 0.21145149 
950 439 10 12 0.20912594 
823 468 8 11 0.20829134 
987 675 21 28 0.20513786 
758 512 9 12 0.19995113 
628 437 9 11 0.19888738 
815 408 8 10 0.19806606 
987 575 12 14 0.1972564 
793 476 10 12 0.19671012 
965 494 9 13 0.18885837 
21 369 56 73 0.18336608 
958 386 11 14 0.17469625 
460 359 8 10 0.17395484 
998 446 9 12 0.17319903 
440 370 8 9 0.17239831 
1000 589 12 15 0.16749564 
754 456 8 9 0.16652173 
1014 494 7 11 0.16032867 
992 446 11 14 0.1575943 
953 311 8 10 0.15217672 
800 304 8 10 0.1489766 
768 556 11 13 0.14680584 
994 610 13 16 0.14610195 
760 407 8 10 0.14597335 
871 590 13 17 0.1453319 
927 589 10 14 0.14453983 
735 491 10 12 0.14435537 
992 365 9 12 0.143275 
985 539 11 13 0.13809532 
1013 379 9 14 0.13630478 
832 461 9 12 0.13275312 
824 296 8 9 0.12863392 
688 335 8 10 0.12823701 
333 324 9 13 0.1280667 
941 604 13 15 0.12643258 
801 337 9 10 0.12453746 
784 420 9 11 0.122905605 
948 574 11 14 0.11303158 
734 565 10 13 0.112777956 
584 476 11 13 0.112674 
791 549 11 13 0.1120873 
791 473 9 11 0.11090192 
940 356 11 13 0.110691644 
911 532 11 15 0.107324764 
745 400 7 10 0.107302845 
974 502 12 18 0.10676615 
821 489 12 17 0.10642813 
966 498 11 16 0.1034437 
929 524 9 11 0.102231644 
705 400 8 9 0.101408415 
808 381 7 10 0.101294644 
751 406 8 10 0.098550394 
840 342 8 9 0.09799024 
662 445 8 10 0.097698875 
779 327 8 9 0.09667201 
957 310 9 10 0.09656152 
808 377 7 9 0.096110456 
840 392 8 10 0.09580696 
870 343 9 12 0.09539861 
734 416 8 10 0.09388744 
783 344 7 9 0.093527354 
833 323 9 12 0.0887646 
445 372 8 11 0.08867245 
806 325 8 11 0.08859368 
992 350 9 10 0.08770643 
655 475 10 13 0.08740179 
936 351 10 12 0.087363146 
948 605 11 14 0.08701827 
1000 438 9 12 0.08666906 
991 357 11 12 0.08597483 
960 376 11 13 0.08507076 
674 360 7 9 0.08386285 
677 461 9 11 0.0828178 
683 486 10 13 0.0827345 
840 367 8 10 0.08236287 
784 349 7 10 0.08204333 
366 360 9 10 0.08185531 
722 407 7 9 0.08166176 
863 360 9 12 0.08153198 
752 461 9 12 0.08126755 
744 470 9 11 0.081234105 
676 469 12 14 0.08015206 
906 487 14 17 0.07958604 
748 549 10 13 0.07926487 
735 421 8 10 0.079249315 
800 472 8 11 0.078563884 
931 589 13 16 0.07699747 
745 404 8 10 0.07695874 
806 341 7 10 0.076784216 
702 556 10 15 0.076706596 
910 468 10 13 0.07665045 
806 431 8 11 0.076605715 
777 344 7 9 0.07590951 
960 341 8 11 0.075696416 
681 335 9 11 0.07559938 
944 579 12 16 0.07551453 
855 598 11 14 0.07551078 
790 405 8 10 0.07545193 
857 526 11 15 0.07514428 
800 357 8 10 0.07514213 
807 412 8 10 0.07451978 
83 372 398 426 0.07407126 
792 374 8 9 0.07342097 
860 522 11 15 0.073316775 
789 420 9 11 0.0724898 
785 384 7 8 0.07210161 
784 476 8 11 0.07182695 
721 478 9 12 0.07174285 
841 398 9 10 0.07165516 
810 407 8 11 0.071406774 
991 432 8 10 0.07109086 
836 434 11 13 0.07095914 
790 460 8 10 0.070790716 
833 534 10 14 0.070684604 
950 423 10 12 0.07019164 
774 454 8 11 0.06985817 
694 520 10 13 0.069847934 
889 517 9 12 0.069635324 
815 377 7 10 0.06890684 
725 459 10 12 0.06867232 
901 590 13 16 0.06858281 
806 302 8 10 0.068212315 
650 222 25 28 0.067925856 
434 368 7 9 0.067889564 
984 356 9 12 0.06783426 
761 373 7 9 0.067792565 
956 439 9 12 0.06764146 
722 450 7 9 0.06741528 
996 359 10 12 0.06740485 
767 406 8 10 0.06666656 
767 525 11 12 0.06635301 
744 476 9 11 0.06631705 
806 352 8 9 0.06610555 
696 320 8 9 0.065871395 
824 393 7 8 0.065787725 
705 405 6 9 0.06574435 
951 611 11 15 0.06501407 
554 326 9 12 0.06498485 
382 348 9 11 0.06493034 
759 368 8 10 0.06448394 
933 604 15 17 0.063770354 
744 465 9 11 0.06259357 
866 390 8 12 0.06253472 
876 578 13 15 0.06234517 
975 403 9 13 0.062237553 
966 413 8 10 0.061693143 
970 399 10 13 0.06106777 
448 349 7 9 0.061015468 
770 453 8 11 0.060943842 
808 436 8 10 0.06063056 
924 502 10 14 0.060508274 
773 551 12 14 0.060493495 
753 515 10 12 0.059398625 
807 455 9 12 0.059263665 
977 462 8 11 0.05884331 
442 345 6 8 0.05834851 
754 389 8 10 0.058161676 
1001 531 13 16 0.058127057 
1000 280 8 11 0.058015328 
978 312 7 9 0.057990693 
762 296 7 8 0.05786798 
714 415 7 10 0.05760423 
817 357 8 10 0.057579525 
847 343 8 9 0.057514157 
806 588 14 16 0.05738379 
992 436 9 11 0.05733635 
401 348 7 10 0.057067487 
854 443 10 14 0.056925952 
777 368 6 9 0.056903362 
727 406 8 10 0.056773733 
822 356 8 10 0.05667353 
725 493 9 13 0.056673173 
722 399 8 10 0.056462135 
1013 366 9 13 0.055767436 
992 490 11 16 0.055752937 
974 626 11 14 0.055606857 
587 472 11 13 0.055490643 
894 508 10 13 0.055284668 
800 368 8 9 0.055200752 
904 268 8 10 0.054868072 
703 563 11 15 0.054803137 
840 338 8 9 0.054490093 
903 422 12 18 0.05433861 
392 373 8 11 0.054223176 
768 414 8 10 0.054169234 
1006 469 10 12 0.05393579 
801 431 8 10 0.053658217 
777 479 8 10 0.053604186 
991 293 8 10 0.053604092 
906 477 13 19 0.053361967 
990 288 9 11 0.052733056 
369 280 7 9 0.05265969 
432 374 8 10 0.052502576 
800 374 7 9 0.052430443 
880 308 11 14 0.05225576 
933 520 9 12 0.05208517 
992 343 8 11 0.051855277 
784 400 8 11 0.05179149 
841 303 7 9 0.051516388 
920 264 9 12 0.051394425 
725 476 9 11 0.051269773 
660 214 28 35 0.051255167 
913 403 10 13 0.05098552 
595 312 10 13 0.05091725 
415 366 7 9 0.050908536 
974 598 10 13 0.050903182 
936 261 7 10 0.050747406 
796 495 11 13 0.050731424 
821 407 8 10 0.050417803 
1007 534 11 15 0.050393265 
801 415 9 11 0.050263505 
498 288 7 9 0.050211634 
1007 628 19 32 0.050113667 
693 335 8 10 0.049812656 
802 385 7 9 0.04965052 
831 502 11 15 0.049349584 
786 404 8 11 0.04927101 
657 445 9 10 0.04828096 
616 447 9 11 0.048230197 
287 254 9 11 0.04793764 
998 317 9 11 0.047937077 
481 312 6 8 0.047932684 
783 391 7 8 0.047776964 
740 487 10 12 0.04771156 
687 517 11 15 0.047446612 
672 459 10 13 0.04739936 
1014 407 8 10 0.047208805 
976 280 7 9 0.047103018 
442 350 6 9 0.046982795 
774 485 9 11 0.046825025 
977 319 8 9 0.046736192 
785 460 8 10 0.046711363 
639 428 9 11 0.046525378 
568 312 9 11 0.046427384 
918 420 10 14 0.04603897 
433 344 7 8 0.04575164 
943 387 11 14 0.045618452 
712 484 7 11 0.04560483 
998 509 10 14 0.045453474 
982 462 8 12 0.04542613 
1014 413 8 11 0.045407858 
869 240 9 12 0.045323253 
990 264 9 12 0.04528981 
727 487 9 12 0.045232967 
863 327 8 11 0.045173325 
1013 324 9 13 0.044856615 
901 529 14 18 0.044854823 
981 326 8 11 0.04454272 
758 486 11 12 0.044525385 
1010 373 11 14 0.044486374 
409 350 7 8 0.044454448 
822 335 7 10 0.044376653 
815 491 13 16 0.044335935 
776 374 7 8 0.043986734 
794 287 9 10 0.043813683 
999 468 10 14 0.043734774 
992 477 9 12 0.043507442 
974 259 10 13 0.04345651 
801 352 8 10 0.04325981 
798 308 8 10 0.043204978 
768 486 10 11 0.043137256 
727 381 7 9 0.043054465 
957 652 11 15 0.043016627 
687 476 10 12 0.04301084 
398 360 8 10 0.042995658 
361 360 9 11 0.042804662 
433 287 7 9 0.042665068 
702 468 9 12 0.04256988 
905 563 14 17 0.042492665 
718 415 7 9 0.042480066 
794 320 8 10 0.04226817 
630 432 9 12 0.04184208 
760 557 11 12 0.041517664 
941 547 11 15 0.041374147 
792 351 8 10 0.041268487 
959 422 10 13 0.041160688 
823 397 7 10 0.041083574 
837 319 10 13 0.04100668 
841 411 10 12 0.040954825 
765 519 10 12 0.040820774 
792 310 8 9 0.040807456 
625 434 10 12 0.040656596 
776 542 10 14 0.040525943 
1012 647 12 18 0.040500604 
968 404 10 13 0.040367275 
883 486 11 13 0.0401597 
1014 357 8 12 0.040016815 
801 422 8 9 0.039969943 
751 469 10 13 0.03983607 
815 462 9 11 0.039767627 
947 585 12 16 0.039701674 
713 360 6 9 0.03969315 
907 584 14 18 0.03957677 
679 455 8 11 0.039562035 
960 358 9 12 0.039528042 
836 454 9 12 0.039527826 
793 368 7 10 0.039491307 
966 310 9 10 0.03947514 
857 439 10 14 0.03945378 
895 594 13 16 0.039381467 
796 537 13 17 0.039330184 
817 344 7 9 0.03931892 
808 632 13 16 0.03927971 
678 475 11 13 0.039098296 
848 351 8 10 0.03895587 
661 456 12 16 0.038928144 
792 457 8 10 0.03888654 
769 343 8 9 0.03886695 
1004 596 12 15 0.038814783 
841 351 8 10 0.038730927 
1008 388 8 11 0.038658712 
415 342 6 8 0.03865155 
991 471 10 12 0.03858868 
766 476 8 11 0.038553152 
847 309 7 9 0.0384547 
848 271 8 10 0.038425405 
751 400 8 10 0.038363893 
805 469 9 11 0.038355462 
833 389 8 10 0.03823859 
729 378 6 8 0.038231693 
522 305 6 8 0.038115375 
886 269 9 10 0.038024165 
777 351 6 9 0.037899952 
862 333 8 11 0.037782054 
977 324 9 11 0.037742734 
742 423 8 11 0.037725188 
917 399 10 13 0.037629914 
961 497 11 15 0.037610598 
704 343 8 9 0.037416898 
425 280 6 8 0.037389953 
384 373 8 11 0.03727812 
775 416 8 11 0.03719362 
817 486 10 13 0.037024524 
425 358 7 9 0.036950074 
740 552 13 16 0.03693124 
793 304 9 11 0.03685402 
735 407 8 10 0.036765546 
805 336 8 10 0.03672329 
972 604 10 12 0.036721047 
433 280 6 8 0.036639184 
981 310 8 10 0.036419712 
918 566 19 24 0.036388736 
731 422 8 11 0.036244772 
793 336 8 10 0.0359623 
903 406 9 11 0.035851542 
834 343 7 9 0.035812404 
376 365 9 11 0.035698228 
1000 431 8 10 0.035690483 
749 501 11 12 0.03560569 
293 254 8 10 0.035597518 
716 534 14 17 0.035523184 
415 360 7 9 0.035331693 
751 530 12 15 0.035330307 
745 376 7 9 0.03514756 
992 516 10 13 0.03509695 
393 365 9 12 0.03508305 
961 366 9 10 0.03502457 
952 315 7 11 0.034998726 
1009 318 8 10 0.034988664 
986 287 8 10 0.034930404 
998 525 13 16 0.03468131 
912 267 9 12 0.034526635 
410 359 7 10 0.034522377 
757 461 9 12 0.03438949 
933 572 12 15 0.03437643 
989 586 13 17 0.03433321 
814 431 9 11 0.034324415 
842 272 7 9 0.034267917 
728 429 7 10 0.034264587 
959 553 13 16 0.034132544 
703 455 8 9 0.034073204 
737 462 8 11 0.034063287 
954 270 8 11 0.034004934 
758 419 9 11 0.033955358 
799 320 8 11 0.033933803 
993 510 10 14 0.03382003 
835 562 12 17 0.03381228 
759 384 8 10 0.033699997 
741 500 11 13 0.033692777 
458 313 6 8 0.033692457 
971 498 22 29 0.03363718 
729 328 6 8 0.033615302 
703 463 8 11 0.033603422 
847 304 7 9 0.03349999 
982 407 9 11 0.033485033 
607 459 10 14 0.033414043 
756 526 12 13 0.033303257 
901 414 10 12 0.03316652 
816 480 9 12 0.033154566 
985 271 9 11 0.03306583 
973 493 12 16 0.03304768 
997 389 10 12 0.03304116 
775 404 8 11 0.032930892 
776 359 7 9 0.03292154 
1006 444 8 12 0.0328662 
963 533 13 16 0.032841906 
731 532 12 14 0.03280606 
742 540 19 24 0.032782037 
952 350 9 12 0.032769203 
777 334 8 10 0.03272368 
822 343 7 9 0.032688253 
1000 311 9 12 0.03263448 
807 423 7 10 0.03252326 
966 488 11 14 0.032481633 
965 496 19 26 0.0324628 
391 278 7 10 0.03243949 
480 360 7 8 0.03243925 
1007 518 13 17 0.032404948 
863 382 8 11 0.032152437 
480 352 8 9 0.032140583 
879 302 10 13 0.03202585 
796 484 10 12 0.03200663 
844 581 11 14 0.03198285 
992 390 10 12 0.031964906 
990 372 10 11 0.03192857 
505 273 6 8 0.03190971 
456 364 8 10 0.031888343 
886 415 10 13 0.031885244 
705 484 8 10 0.031743456 
858 518 11 14 0.031708643 
401 321 7 8 0.031614136 
994 319 9 10 0.031587582 
720 484 9 11 0.031586193 
807 320 9 11 0.031542722 
720 328 7 8 0.03151949 
848 381 8 10 0.031500865 
958 348 9 12 0.03147171 
991 485 11 14 0.031351216 
996 585 20 25 0.031327788 
146 259 163 206 0.03125941 
1007 310 10 11 0.031180045 
1008 415 8 11 0.031084219 
847 277 7 10 0.031035947 
782 334 8 10 0.030905046 
997 496 12 17 0.030871743 
881 419 10 12 0.030802628 
973 519 13 16 0.030801252 
694 360 8 9 0.030717403 
530 310 6 9 0.030683592 
725 520 11 14 0.030644244 
813 499 12 14 0.030580621 
455 223 10 12 0.030571677 
808 500 11 13 0.030514332 
417 287 6 8 0.030455207 
967 342 9 12 0.030392505 
833 360 8 9 0.030390065 
709 398 8 11 0.0303215 
785 376 7 9 0.030259175 
810 247 8 10 0.030253967 
745 359 6 8 0.030181604 
783 549 11 13 0.030134838 
529 281 6 8 0.03012082 
830 467 10 12 0.03005225 
759 551 10 12 0.030031944 
853 407 9 12 0.029982928 
1014 308 8 12 0.029949967 
765 295 7 9 0.029869566 
808 310 7 9 0.029827017 
393 359 9 12 0.02981152 
897 427 11 14 0.029811239 
863 321 9 10 0.029808542 
992 335 8 11 0.029643135 
754 385 7 9 0.029638445 
488 311 6 8 0.029594054 
969 286 8 10 0.029567229 
830 295 7 10 0.029507989 
770 351 7 9 0.029437734 
457 352 6 9 0.029377153 
431 319 7 9 0.02934557 
993 406 9 12 0.029301938 
966 365 8 11 0.029299589 
950 356 9 12 0.029191386 
785 500 12 14 0.029119847 
385 278 8 9 0.029047932 
865 351 8 9 0.029006664 
702 525 11 14 0.028945867 
823 300 8 11 0.028924162 
474 320 6 8 0.028683763 
918 525 10 13 0.028676705 
505 350 7 10 0.028665852 
727 449 7 9 0.028619539 
974 350 9 11 0.028584192 
819 336 7 10 0.028584024 
758 326 7 9 0.028559297 
855 430 9 12 0.02854665 
745 449 7 9 0.028508244 
1007 331 10 14 0.028456235 
968 325 9 11 0.028435208 
815 367 8 9 0.02840481 
981 524 11 14 0.028375946 
981 319 8 10 0.02837334 
719 505 11 13 0.028368004 
960 406 9 13 0.02833172 
817 263 8 10 0.028309656 
696 495 9 13 0.028284006 
417 229 8 10 0.028255636 
614 466 18 24 0.02824561 
659 468 11 15 0.028240347 
916 484 12 16 0.028238332 
833 335 8 10 0.028190011 
936 380 12 16 0.028188314 
840 309 8 10 0.028155887 
529 306 6 8 0.028138587 
857 364 9 12 0.028090034 
996 484 12 16 0.027980532 
937 257 8 10 0.027951108 
592 306 8 10 0.027944075 
779 556 12 14 0.027911467 
1006 438 9 12 0.027862512 
489 345 7 8 0.02781884 
1014 498 9 13 0.027806707 
997 405 10 12 0.027802315 
985 485 11 14 0.027754271 
1014 320 8 11 0.027745528 
714 337 6 8 0.027734553 
814 249 8 10 0.027663445 
658 440 8 11 0.027659643 
928 349 10 12 0.027636167 
470 529 116 114 0.027631484 
407 319 7 9 0.027542109 
919 505 12 15 0.027483886 
374 277 7 10 0.02746266 
836 520 12 16 0.027361052 
983 278 7 10 0.027320907 
377 296 7 9 0.027287764 
776 460 9 11 0.027282925 
781 543 12 14 0.027212447 
719 520 10 13 0.027173573 
968 319 7 9 0.027163435 
842 278 7 9 0.027103929 
985 294 8 10 0.027099384 
474 366 9 10 0.027042942 
791 343 8 10 0.026994256 
969 281 8 9 0.026974961 
985 430 9 12 0.026960779 
997 582 13 17 0.026920866 
912 248 8 10 0.02692027 
865 279 8 10 0.026910204 
837 384 8 9 0.026853608 
719 321 7 8 0.026805008 
846 336 8 10 0.026782578 
456 229 8 10 0.02671783 
878 296 9 11 0.026710885 
510 345 8 10 0.026660353 
473 289 6 9 0.026632521 
976 269 9 10 0.026594078 
503 280 7 8 0.02657792 
934 578 13 17 0.02653507 
503 288 7 9 0.026406512 
863 495 10 13 0.02640476 
968 295 9 11 0.026400922 
723 536 13 17 0.026326334 
786 240 7 9 0.026240846 
431 351 7 8 0.026221346 
432 360 6 9 0.026193943 
553 321 8 10 0.026183603 
1007 279 9 10 0.02618075 
383 367 9 11 0.026088586 
966 359 9 11 0.026045343 
462 312 7 9 0.026042007 
480 319 6 8 0.026021367 
801 407 7 10 0.025957368 
1009 742 15 22 0.025930366 
653 480 12 16 0.025807977 
897 246 9 11 0.02580628 
613 452 10 13 0.025799386 
814 437 8 11 0.02578145 
800 397 7 9 0.025704231 
827 491 11 15 0.025700001 
335 237 8 10 0.025689939 
369 296 7 9 0.025661387 
719 361 7 9 0.025652096 
409 345 8 9 0.025643649 
600 471 9 13 0.025579847 
982 545 12 15 0.02557423 
952 334 8 11 0.025473008 
833 351 8 9 0.025402032 
768 337 7 9 0.025391966 
614 303 9 11 0.025386762 
375 303 7 9 0.025385752 
1009 359 9 12 0.025380174 
777 420 8 11 0.025345262 
674 219 15 18 0.0252884 
935 372 10 15 0.025274435 
586 320 10 12 0.025240546 
889 564 22 28 0.025206065 
984 333 8 11 0.025192723 
700 499 10 13 0.025128752 
846 557 12 16 0.025104186 
830 570 13 16 0.02509449 
824 310 7 10 0.025069293 
985 446 9 13 0.025058065 
480 366 9 11 0.025048126 
902 248 8 11 0.025043271 
858 335 8 10 0.025008935 
722 473 8 9 0.024999607 
368 303 8 9 0.024986938 
884 576 13 17 0.024928724 
967 456 10 12 0.024913598 
833 367 8 9 0.0248968 
735 319 7 8 0.024856959 
968 348 9 11 0.024852693 
945 427 11 14 0.024840413 
839 357 8 11 0.024836192 
927 532 10 13 0.024830434 
695 323 8 11 0.024829233 
399 380 8 11 0.02482545 
841 296 7 9 0.024808519 
857 380 8 11 0.024800345 
998 476 11 14 0.02476302 
822 478 10 13 0.024747215 
410 366 7 9 0.024599237 
750 556 11 13 0.024598617 
681 383 7 9 0.024557585 
800 455 8 11 0.024478134 
950 415 10 13 0.024466641 
680 341 8 9 0.024426308 
359 375 11 13 0.024414673 
694 531 11 15 0.024407493 
983 303 8 10 0.024321854 
791 541 12 16 0.02430672 
830 465 211 253 0.02430521 
720 439 7 9 0.024286117 
710 389 8 10 0.024251115 
496 262 7 10 0.024243003 
740 563 12 16 0.024234926 
704 414 8 10 0.024192298 
400 279 7 9 0.024179589 
942 523 9 12 0.024169775 
33 388 57 78 0.024120819 
793 446 8 11 0.024085319 
818 469 9 12 0.024070697 
647 254 10 12 0.024058092 
980 534 19 23 0.024038933 
1013 467 10 15 0.02399064 
800 435 9 11 0.023954036 
948 598 11 14 0.023949616 
950 381 12 16 0.023943307 
966 300 9 12 0.023936404 
758 541 12 15 0.02393025 
760 401 8 9 0.023915697 
902 400 10 12 0.023801522 
605 468 12 16 0.023790194 
864 421 9 11 0.02378443 
671 485 11 14 0.023759801 
677 359 8 10 0.02373292 
710 470 8 10 0.023723198 
737 429 7 10 0.023703592 
862 592 19 24 0.023697022 
695 476 9 12 0.023692213 
960 412 9 12 0.023686642 
749 525 20 24 0.023682019 
869 279 9 10 0.02367364 
798 293 8 10 0.023671413 
409 287 7 9 0.023623068 
710 550 12 14 0.023609465 
816 327 7 10 0.023576528 
1005 475 10 13 0.023570916 
805 390 8 9 0.023563137 
906 595 13 16 0.023548169 
806 357 7 10 0.023534006 
817 399 8 11 0.023524225 
416 280 7 8 0.02341518 
809 493 11 14 0.02337941 
392 378 9 13 0.023370069 
769 547 20 25 0.023234742 
646 461 9 12 0.023227982 
536 305 6 8 0.023223048 
758 562 84 111 0.023192126 
959 303 9 12 0.023173587 
534 310 7 9 0.023102744 
879 439 8 11 0.023022782 
721 335 6 9 0.023010915 
710 535 13 17 0.022966055 
684 464 18 22 0.022934837 
818 392 8 10 0.022911849 
913 366 10 12 0.022887502 
776 384 7 8 0.022877943 
920 247 8 10 0.022870565 
711 407 8 9 0.022864802 
887 279 9 9 0.022836102 
990 599 12 14 0.022781035 
957 538 19 24 0.022727665 
398 375 8 11 0.02271273 
863 413 9 11 0.022686405 
927 320 10 13 0.022647707 
730 320 6 8 0.022627186 
960 294 9 11 0.022619547 
879 315 10 11 0.022582943 
927 604 13 16 0.022564169 
426 353 7 9 0.022483107 
704 479 8 10 0.022435209 
479 208 9 10 0.022423333 
878 348 9 13 0.022406168 
850 444 9 13 0.02237451 
985 452 9 12 0.022331113 
989 523 13 16 0.022328189 
823 444 9 12 0.022313584 
753 421 8 11 0.022308208 
791 382 7 9 0.022298526 
1013 538 10 15 0.02229402 
946 443 10 13 0.022286363 
886 480 10 13 0.022274753 
377 273 7 9 0.022249917 
622 443 11 14 0.022235647 
474 351 7 9 0.022229588 
932 341 11 13 0.022123413 
952 676 12 17 0.022099672 
957 573 10 14 0.022068148 
1014 302 9 13 0.022063099 
1016 455 7 11 0.022038108 
957 393 11 14 0.02201518 
400 325 8 9 0.021999925 
878 591 19 24 0.02195817 
752 360 7 9 0.021944314 
759 343 8 10 0.021909319 
766 561 12 14 0.021898584 
649 446 9 12 0.02188198 
1008 462 9 13 0.02187618 
806 367 7 9 0.02187072 
960 461 10 13 0.021842744 
925 262 8 11 0.021805765 
774 437 9 12 0.021759795 
750 476 10 12 0.021735938 
672 463 20 25 0.021727035 
581 480 13 16 0.02170066 
657 452 9 13 0.021675017 
994 492 21 27 0.021666853 
383 295 7 10 0.021661729 
873 452 9 12 0.02164943 
648 452 9 13 0.021626301 
383 272 8 10 0.021621238 
766 374 8 9 0.02158716 
773 448 9 12 0.021532085 
457 241 6 8 0.021488655 
998 595 20 27 0.021482326 
490 287 6 8 0.021472333 
622 302 9 11 0.021426212 
892 589 20 25 0.02142292 
1015 487 9 14 0.021370495 
725 399 9 11 0.021320809 
784 369 7 9 0.021317817 
463 231 8 9 0.021310605 
728 438 8 9 0.021253055 
896 421 11 15 0.02124826 
872 581 13 17 0.021225834 
786 312 7 9 0.021187685 
680 447 9 11 0.021160034 
545 320 8 9 0.02114744 
999 342 9 11 0.021144046 
320 256 8 11 0.021133553 
808 478 9 12 0.021110984 
360 342 7 8 0.021088095 
545 335 8 9 0.021066604 
754 366 7 10 0.021054778 
697 538 19 24 0.021032004 
714 328 7 8 0.021025693 
709 452 194 227 0.020950807 
958 277 9 11 0.02093908 
784 543 20 24 0.020918278 
521 351 7 9 0.020850254 
873 575 19 26 0.020817844 
778 390 7 9 0.020776318 
1006 498 11 14 0.020740218 
846 392 7 10 0.020733755 
851 527 18 24 0.020682462 
75 315 111 124 0.020647962 
506 319 6 9 0.02064758 
681 366 7 9 0.020590594 
896 554 19 25 0.020581497 
713 318 8 10 0.020560747 
694 508 10 13 0.0205423 
821 413 9 11 0.02053796 
894 238 9 12 0.020536294 
895 490 13 16 0.020530133 
116 304 121 127 0.020482449 
463 353 7 9 0.0204248 
695 341 8 10 0.02040192 
806 487 22 26 0.020399792 
695 548 20 27 0.020352494 
-14 244 384 436 0.020342875 
668 208 16 21 0.020287242 
989 486 19 26 0.020286461 
441 312 6 8 0.020279696 
793 325 7 10 0.020246511 
804 622 22 28 0.020244513 
686 511 10 15 0.02023756 
399 232 8 10 0.020227334 
899 498 13 15 0.02020264 
753 449 8 9 0.020195436 
744 343 7 8 0.020176059 
863 269 8 11 0.020144934 
416 338 7 9 0.020127691 
1014 461 9 13 0.020125566 
378 343 7 11 0.02010999 
506 345 7 9 0.020068709 
988 442 19 24 0.02006037 
1000 399 9 12 0.020053836 
-3 366 48 72 0.020035824 
