56_Voter_peoplevoting_56_528
110
622 131 31 40 0.9963877 
906 238 54 65 0.9920195 
458 186 37 44 0.99131763 
516 151 36 41 0.9897975 
486 26 15 24 0.9512677 
179 64 17 25 0.9463932 
534 247 39 32 0.9269816 
320 61 18 24 0.92582035 
261 65 16 25 0.87599957 
913 70 21 26 0.8242822 
420 48 14 24 0.64608586 
893 63 17 22 0.61783874 
786 127 18 22 0.42886567 
521 242 32 37 0.42686737 
796 399 28 31 0.40426755 
693 91 15 21 0.3868566 
658 75 25 30 0.38152066 
610 63 15 23 0.38130987 
934 90 17 24 0.3766622 
694 87 23 32 0.34953672 
782 41 13 20 0.26214045 
771 107 23 32 0.20870154 
83 73 19 28 0.19340709 
843 100 14 18 0.17004813 
605 234 18 21 0.16475676 
394 57 16 18 0.13395432 
778 114 25 31 0.12745018 
672 27 18 25 0.10177053 
42 62 21 30 0.097492926 
670 81 25 34 0.08761929 
599 219 27 33 0.08656327 
389 51 15 21 0.086073734 
538 55 16 19 0.084167995 
989 94 25 28 0.0835796 
683 83 23 31 0.06978233 
887 59 35 47 0.06637868 
837 103 15 19 0.06445647 
804 362 15 16 0.064193346 
244 65 16 20 0.063236214 
835 120 13 17 0.054618917 
653 76 16 21 0.05237132 
495 91 14 19 0.050853405 
456 27 13 18 0.050414994 
365 53 11 16 0.0497677 
617 61 22 30 0.046664674 
404 53 17 22 0.045947526 
439 22 12 15 0.045931093 
702 86 28 36 0.04393788 
479 47 14 20 0.043257907 
597 59 22 27 0.042787556 
589 58 14 18 0.041558042 
937 82 27 33 0.04067837 
347 58 16 20 0.040292982 
270 67 17 21 0.038911197 
909 66 17 24 0.038226884 
851 101 12 15 0.037748646 
757 109 23 31 0.037605442 
400 22 11 12 0.036582705 
383 49 14 22 0.03560574 
693 101 28 42 0.03527673 
287 38 11 13 0.034330785 
509 236 30 43 0.03423368 
766 81 24 35 0.034046225 
338 54 21 27 0.033764392 
1002 89 20 33 0.033473477 
939 50 13 16 0.033301454 
443 44 15 17 0.03280978 
835 395 114 128 0.03260466 
552 243 33 32 0.03233593 
246 68 22 25 0.03218546 
311 61 15 19 0.031757414 
549 53 14 17 0.031430252 
757 106 15 21 0.029254178 
50 66 23 30 0.028693775 
556 51 14 20 0.027693622 
760 47 10 12 0.027119555 
763 93 22 32 0.026238406 
263 37 12 15 0.025815114 
917 65 37 49 0.025775624 
356 58 14 19 0.025602993 
774 46 16 21 0.025085442 
626 58 16 23 0.024879275 
914 61 17 20 0.02442513 
327 57 17 23 0.024412526 
581 56 15 20 0.024409227 
406 44 20 27 0.024274662 
253 62 17 23 0.024026528 
801 461 38 52 0.024011195 
706 83 17 24 0.023800693 
631 54 21 28 0.02360162 
265 72 25 28 0.023115234 
748 101 23 32 0.022977287 
426 44 15 21 0.022402648 
637 52 13 18 0.02213419 
798 156 11 15 0.022002406 
282 99 15 18 0.021762151 
459 20 13 17 0.02171015 
387 61 17 20 0.02135826 
982 76 41 52 0.02123959 
771 65 15 21 0.021167628 
295 23 9 11 0.021127455 
572 58 14 18 0.02108241 
808 378 46 60 0.020998761 
35 58 17 23 0.02093132 
514 117 27 33 0.020792099 
107 47 11 13 0.020751879 
776 126 29 40 0.02038401 
340 104 17 22 0.02026814 
-1 29 403 520 0.020154066 
780 51 15 23 0.020041462 
