56_Voter_peoplevoting_56_1046
44
430 434 112 151 0.99973017 
64 608 247 381 0.38523576 
605 599 190 272 0.34437227 
452 315 44 65 0.18358722 
757 609 227 336 0.16610748 
54 812 240 376 0.080825195 
602 839 370 455 0.067540646 
909 463 16 18 0.05957966 
922 0 18 15 0.058155645 
252 340 14 18 0.057454407 
618 664 231 355 0.05482455 
872 396 10 14 0.051945005 
517 4 17 22 0.049427647 
333 328 50 60 0.04909193 
795 368 13 16 0.045060817 
211 1207 19 21 0.044646062 
134 343 12 17 0.041727483 
683 374 14 17 0.04077162 
711 -5 55 61 0.039457936 
953 0 51 51 0.035812683 
687 2 20 20 0.03564369 
899 1258 17 21 0.032598704 
975 382 22 31 0.032467294 
520 1219 478 579 0.03189813 
-63 939 407 463 0.030938027 
447 300 37 50 0.030056154 
625 26 116 131 0.02992376 
607 344 9 11 0.029333282 
129 847 303 413 0.028017316 
674 334 15 19 0.027984416 
813 1220 29 31 0.027579406 
715 1245 24 24 0.025016822 
27 1053 488 507 0.024909405 
852 1247 26 32 0.023571031 
884 369 14 17 0.02320236 
641 872 201 304 0.023186706 
860 458 39 44 0.02274711 
432 75 118 123 0.022664038 
853 1305 24 28 0.022287412 
846 1205 36 37 0.022099458 
265 1200 26 26 0.021140585 
284 717 405 558 0.02108114 
399 1007 413 469 0.021035029 
1 1211 30 33 0.02030854 
