56_Voter_peoplevoting_56_902
24
709 186 155 219 0.99576 
103 168 83 131 0.7617705 
581 244 106 149 0.36552274 
76 99 191 253 0.29553768 
43 149 98 141 0.2273378 
-4 165 51 97 0.12287987 
13 151 80 126 0.09222698 
343 62 75 122 0.07426262 
16 7 397 482 0.06458146 
583 175 173 231 0.050768726 
139 167 61 85 0.046331234 
92 105 129 145 0.045143593 
-7 357 130 171 0.043548483 
905 241 114 171 0.04336418 
293 -68 424 499 0.042068757 
929 462 95 134 0.03791015 
7 91 74 138 0.035652116 
909 82 25 30 0.03469201 
85 183 68 97 0.031397752 
305 69 73 119 0.02891972 
74 128 66 84 0.026122482 
49 115 53 70 0.026051622 
366 73 38 59 0.023918636 
832 140 202 321 0.02024363 
