56_Voter_peoplevoting_56_370
51
207 573 130 152 0.99945873 
274 361 91 127 0.9983209 
444 334 57 71 0.9915147 
392 279 32 46 0.99067444 
440 665 57 67 0.45756677 
203 362 41 58 0.29098263 
76 609 38 46 0.26650247 
752 353 66 81 0.17804727 
986 118 28 34 0.1434115 
238 1104 173 163 0.10340909 
727 369 95 131 0.07451552 
79 593 33 43 0.06877057 
989 155 24 31 0.06554272 
988 114 18 22 0.058272753 
491 596 47 52 0.04645875 
475 842 58 54 0.046216235 
547 348 31 38 0.045214966 
503 241 37 38 0.044163328 
985 132 31 41 0.04210136 
472 676 31 40 0.036601596 
520 547 408 515 0.035411067 
523 362 60 67 0.035253182 
566 223 58 76 0.034451433 
339 436 369 454 0.033561315 
765 363 42 49 0.032047756 
596 459 24 36 0.030744849 
650 495 26 33 0.030556379 
193 368 34 46 0.029674176 
995 110 14 18 0.029188588 
379 251 14 18 0.027819483 
-16 928 394 453 0.027801719 
1001 161 18 23 0.027335597 
416 668 374 462 0.027291061 
368 647 26 42 0.026978668 
517 863 445 400 0.026786085 
458 826 99 98 0.026171595 
62 610 34 43 0.025892543 
523 270 30 35 0.025161158 
721 129 17 22 0.024801204 
516 253 36 40 0.024540203 
480 845 36 34 0.023891475 
80 141 22 28 0.023788337 
150 1030 208 225 0.023053763 
430 656 92 114 0.022765458 
982 115 15 20 0.022637617 
898 23 52 66 0.021804065 
41 615 54 84 0.021744048 
395 447 213 259 0.021066837 
558 355 32 38 0.021053158 
47 1075 218 223 0.020667125 
537 358 37 44 0.020229569 
