56_Voter_peoplevoting_56_714
19
938 170 33 42 0.9795507 
969 191 44 53 0.92869073 
42 118 41 68 0.46275765 
557 132 106 119 0.06922133 
27 164 13 19 0.06308397 
714 4 90 133 0.054005127 
10 100 52 71 0.05202037 
771 154 15 18 0.041280914 
715 328 18 23 0.041018512 
500 124 10 14 0.03831683 
26 162 22 29 0.029388625 
582 331 219 261 0.028775549 
766 162 14 16 0.027530685 
501 56 178 219 0.02443328 
0 106 36 48 0.024000106 
923 230 17 21 0.022876892 
570 147 63 67 0.022832174 
450 328 29 39 0.021766497 
760 180 25 31 0.020624442 
