56_Voter_peoplevoting_56_260
58
930 317 27 36 0.9992471 
910 427 30 39 0.9989073 
837 321 28 37 0.99871993 
41 312 28 35 0.9971769 
857 217 29 36 0.9964747 
947 221 24 32 0.995824 
25 213 31 36 0.99189746 
276 154 38 46 0.9896241 
848 420 26 32 0.9879568 
931 124 26 32 0.980145 
54 39 34 43 0.9668314 
469 130 40 52 0.9440932 
1003 429 21 36 0.9369681 
694 158 35 39 0.93644834 
-1 414 20 36 0.90782285 
63 117 31 39 0.39759845 
995 340 22 29 0.35768953 
681 215 18 22 0.16216822 
506 99 25 31 0.14632681 
75 300 24 33 0.14032646 
886 327 24 30 0.085736245 
923 22 29 35 0.0776266 
719 138 13 15 0.04890886 
635 162 15 21 0.04843032 
948 479 24 33 0.045073416 
683 171 32 35 0.035088763 
870 19 63 70 0.034703158 
688 211 15 20 0.034168158 
851 26 34 42 0.03380186 
363 540 11 14 0.033148408 
684 151 31 38 0.030018201 
235 167 26 36 0.0299882 
515 95 18 19 0.029594824 
997 332 17 21 0.029275052 
489 97 46 56 0.029220538 
996 395 13 19 0.028681647 
730 540 10 12 0.028142117 
890 322 17 22 0.028135004 
278 284 38 45 0.027694391 
834 0 32 31 0.027213126 
682 186 18 22 0.026663445 
978 355 15 19 0.026501426 
888 478 17 23 0.026164934 
747 210 17 21 0.026016383 
970 115 25 40 0.025514362 
715 130 20 28 0.024803432 
706 157 16 21 0.023635386 
322 210 24 27 0.02267954 
848 491 26 34 0.022645134 
861 5 102 125 0.02243995 
522 -19 238 230 0.022122452 
924 248 17 22 0.021922601 
1012 255 11 18 0.021487044 
640 146 22 29 0.02124344 
1 348 16 20 0.02107236 
496 77 12 15 0.020692013 
280 541 9 11 0.020668909 
294 159 30 38 0.020215895 
