56_Voter_peoplevoting_56_558
789
642 278 57 75 0.9989293 
396 252 49 87 0.9910143 
835 278 20 26 0.9306389 
596 422 10 12 0.72786397 
894 425 10 13 0.5752683 
577 401 7 8 0.28118232 
149 407 9 11 0.26678002 
929 415 9 11 0.26379034 
585 414 7 10 0.2591781 
571 383 8 10 0.22648308 
46 406 9 12 0.20965783 
215 352 7 9 0.20634715 
601 384 7 9 0.18631 
902 355 9 12 0.18435699 
849 126 6 9 0.17775898 
941 105 9 12 0.17658778 
934 417 9 12 0.1681872 
250 335 8 10 0.15883932 
192 359 7 9 0.1541657 
938 103 8 11 0.15347023 
170 344 6 9 0.14718251 
569 402 7 8 0.14677945 
326 241 34 58 0.14665246 
317 140 9 11 0.1461041 
919 374 6 8 0.14423431 
96 370 7 9 0.14299276 
928 389 6 9 0.14229688 
210 343 7 10 0.14157742 
241 351 8 11 0.14094046 
910 335 7 9 0.13831717 
919 319 7 9 0.13799728 
48 399 8 10 0.12860052 
277 139 10 12 0.1279259 
519 413 8 12 0.12466545 
978 113 7 9 0.119372375 
945 385 7 9 0.11441834 
915 376 6 8 0.114029184 
949 72 9 10 0.11223346 
15 409 8 11 0.1120753 
517 439 9 12 0.11197014 
984 89 6 8 0.1105491 
623 413 7 10 0.108821794 
234 376 7 9 0.107838966 
1002 95 8 9 0.107798696 
117 368 7 9 0.105005704 
185 382 8 10 0.1039327 
960 337 8 9 0.10309181 
105 351 7 10 0.10290224 
1014 290 8 15 0.10090725 
838 111 7 10 0.10053169 
526 461 10 13 0.100470774 
839 80 7 9 0.100036405 
894 398 8 10 0.09952853 
886 413 9 10 0.09894552 
593 376 7 9 0.09798517 
111 344 7 9 0.09797298 
584 360 6 8 0.09757351 
97 398 8 10 0.097536996 
903 320 7 9 0.095199175 
935 126 8 10 0.09468017 
191 378 7 9 0.09426351 
104 390 7 10 0.09355759 
598 416 10 13 0.09330937 
136 395 7 11 0.09171293 
617 149 9 12 0.091081046 
886 375 9 11 0.088239245 
921 401 7 8 0.08763625 
367 141 8 10 0.08711969 
567 415 7 9 0.08693624 
905 328 7 8 0.08649309 
881 309 8 11 0.08608682 
104 358 6 8 0.08605578 
943 302 7 10 0.08584465 
191 399 8 10 0.08548188 
952 374 6 8 0.083391085 
391 151 7 8 0.08317888 
146 344 7 10 0.08164202 
793 153 8 10 0.080525115 
279 308 8 11 0.080174655 
618 413 8 10 0.07988051 
313 136 8 11 0.07941572 
248 328 8 9 0.07892913 
90 368 6 8 0.07782212 
121 336 7 9 0.07751162 
896 296 8 11 0.07748299 
136 375 7 9 0.076938145 
211 349 7 10 0.07602043 
930 286 7 9 0.07511827 
518 408 8 10 0.07439814 
520 399 6 8 0.07402062 
944 341 8 9 0.07372838 
24 376 7 9 0.07338724 
881 436 10 13 0.073361464 
952 390 7 9 0.07313478 
951 385 7 8 0.07293051 
592 415 9 12 0.07231738 
314 151 9 11 0.07222352 
882 336 7 9 0.072220616 
945 369 7 10 0.07206614 
232 343 6 9 0.070632055 
319 151 8 10 0.07046731 
950 88 7 9 0.070371106 
880 303 8 10 0.07008012 
1001 119 7 10 0.06994099 
406 135 7 10 0.06983921 
535 407 7 10 0.06968639 
834 112 7 9 0.06958659 
151 343 6 9 0.06855646 
673 127 6 9 0.06821245 
937 341 7 9 0.06802349 
81 408 7 9 0.067989625 
543 389 7 10 0.06791583 
218 374 6 9 0.066356175 
913 417 9 11 0.066115595 
624 422 7 10 0.065981306 
608 399 7 9 0.065778784 
64 367 6 8 0.06548428 
110 407 9 11 0.06488922 
557 431 9 12 0.06465936 
297 143 7 11 0.06383522 
569 406 8 9 0.06309023 
186 377 8 10 0.06257812 
538 384 6 9 0.062303487 
586 144 7 8 0.061879292 
767 120 6 9 0.061860543 
391 129 7 9 0.061859023 
472 410 9 11 0.061697025 
106 384 7 10 0.061571218 
778 120 7 9 0.061455633 
297 120 7 9 0.061274588 
884 318 9 11 0.061243787 
899 357 9 11 0.060732555 
889 392 7 8 0.060408097 
767 128 7 8 0.060399584 
554 436 9 13 0.060397606 
159 383 7 8 0.06035416 
594 381 7 9 0.059811402 
976 116 8 10 0.059806183 
169 350 6 8 0.059743755 
224 376 7 9 0.05972332 
213 342 7 10 0.059284806 
922 405 7 9 0.059074707 
648 430 9 12 0.058999505 
607 406 8 10 0.05895738 
336 143 7 9 0.05894394 
879 111 7 10 0.058490403 
34 369 6 9 0.058229603 
982 112 7 9 0.05817437 
146 349 7 10 0.05813342 
617 423 8 10 0.058104426 
950 327 7 10 0.057935417 
232 320 7 10 0.057585713 
834 151 7 10 0.057307146 
543 384 7 9 0.05714691 
929 136 7 9 0.05712567 
199 361 7 10 0.05702006 
336 134 7 9 0.057013072 
302 140 8 11 0.05673798 
159 396 9 11 0.056604806 
889 423 11 13 0.05638472 
886 358 7 9 0.0563809 
519 385 7 8 0.05637732 
905 85 8 11 0.056316737 
696 141 9 12 0.055987563 
951 425 9 11 0.055626605 
201 365 6 8 0.05538043 
554 350 6 8 0.055074643 
174 343 6 9 0.054974586 
919 370 7 8 0.054953534 
934 337 8 10 0.054885086 
985 63 7 8 0.05476379 
295 149 8 9 0.054719467 
269 325 8 12 0.05457627 
951 76 8 10 0.05434617 
894 375 8 10 0.054175805 
294 292 8 11 0.05412855 
59 367 7 9 0.05392732 
568 144 7 8 0.053664852 
959 116 8 11 0.053579543 
192 335 6 8 0.05356557 
386 151 7 8 0.05353923 
694 149 9 12 0.05350636 
627 134 8 10 0.053275194 
960 113 8 10 0.053202175 
99 393 7 9 0.052812915 
968 88 6 7 0.052697472 
393 145 7 8 0.052601814 
240 320 7 9 0.052353386 
41 375 6 9 0.052270573 
543 343 7 8 0.05217992 
553 329 7 9 0.052172434 
962 102 7 9 0.051933195 
345 152 6 9 0.05177544 
24 382 7 8 0.05144368 
370 137 8 10 0.05135499 
526 423 9 10 0.051329285 
152 396 9 12 0.051164933 
202 377 6 9 0.051131345 
144 375 7 8 0.051127918 
763 119 7 9 0.05085366 
488 393 7 10 0.050535895 
128 359 7 9 0.050532937 
583 421 8 11 0.050306957 
48 394 7 9 0.049974415 
520 392 7 9 0.04988412 
521 420 8 11 0.04987288 
967 96 8 9 0.04978673 
569 376 7 9 0.049630884 
592 426 9 12 0.049518697 
930 335 7 9 0.04916241 
856 148 8 10 0.0489746 
854 125 7 10 0.048899803 
929 282 7 9 0.048580147 
215 326 7 9 0.04856492 
9 369 6 9 0.04847574 
24 391 7 9 0.048332825 
210 398 7 9 0.04830041 
248 133 10 14 0.047958437 
150 349 7 9 0.047946133 
249 341 8 10 0.04788848 
337 129 6 8 0.04760028 
884 311 9 10 0.04751857 
937 358 6 8 0.047387395 
781 331 12 15 0.047335558 
914 368 7 10 0.047067814 
900 301 9 11 0.04697219 
352 152 6 8 0.04679458 
885 335 7 9 0.0467021 
575 405 7 9 0.046563286 
322 127 6 8 0.046105888 
617 369 7 8 0.045724254 
86 384 7 8 0.04562489 
807 143 8 10 0.04541791 
329 133 7 9 0.045393147 
912 382 6 9 0.04538213 
954 400 7 9 0.04538203 
951 287 7 8 0.04534211 
253 342 8 10 0.045238733 
879 430 9 11 0.045183443 
962 312 8 10 0.045178555 
767 133 8 10 0.045115404 
320 156 8 10 0.044950023 
926 85 7 10 0.044897404 
935 325 8 10 0.04474035 
351 143 7 8 0.044667684 
154 336 6 8 0.04466707 
579 424 7 10 0.04463268 
345 127 6 9 0.04462963 
926 80 7 10 0.04446013 
585 429 9 11 0.04435694 
109 390 7 10 0.04401875 
145 368 7 9 0.043943588 
962 384 7 8 0.043931186 
207 366 7 9 0.04381529 
202 381 7 9 0.04378277 
910 351 8 10 0.043753244 
770 151 9 11 0.043753114 
951 136 8 11 0.043356635 
281 127 7 9 0.043126658 
850 123 7 9 0.042938836 
192 129 14 17 0.04266535 
218 370 6 8 0.042576373 
602 407 8 10 0.042481713 
799 127 6 9 0.04247268 
224 367 7 9 0.04241841 
970 80 6 8 0.042366676 
536 376 6 8 0.04229875 
864 134 7 9 0.04229403 
127 351 7 10 0.042265896 
888 409 9 11 0.04215942 
23 360 6 8 0.042091496 
352 126 8 9 0.04190686 
577 414 8 10 0.04185735 
305 137 7 9 0.04180652 
889 295 9 12 0.041783106 
921 85 8 10 0.041730728 
904 94 7 10 0.04160812 
894 393 8 10 0.04146614 
517 461 11 14 0.041396745 
385 144 7 9 0.041387293 
24 367 6 9 0.041362576 
39 368 7 9 0.041333552 
265 150 8 11 0.041284207 
975 78 7 9 0.041185886 
984 94 7 9 0.04118195 
711 149 8 11 0.04054695 
176 336 6 8 0.040542442 
554 345 6 8 0.040515386 
127 335 7 9 0.040466674 
215 337 6 8 0.04037843 
930 358 7 9 0.040353324 
530 361 6 8 0.040291682 
159 361 7 9 0.04005287 
921 101 7 10 0.039975632 
678 143 9 12 0.03996048 
375 136 7 9 0.039937504 
898 143 8 10 0.0399243 
575 377 8 9 0.039879862 
882 413 9 11 0.0398549 
559 423 7 10 0.03977207 
837 149 8 11 0.03964071 
144 383 6 8 0.039639033 
245 349 9 12 0.039463725 
560 361 7 8 0.03937262 
234 349 7 10 0.03905398 
530 376 6 8 0.03883044 
825 136 7 8 0.03873593 
530 367 6 7 0.038672265 
674 148 9 12 0.038643 
601 389 8 10 0.03862646 
207 376 7 9 0.038624153 
886 352 7 10 0.038587544 
943 358 7 9 0.038433805 
289 112 6 9 0.03823787 
1000 88 7 10 0.038218863 
110 412 11 12 0.038214922 
213 399 7 9 0.038187623 
679 134 7 10 0.037979234 
953 334 8 11 0.03795661 
901 421 10 13 0.037807826 
576 152 8 10 0.037731573 
329 128 7 8 0.03772613 
919 313 7 9 0.037701182 
719 135 8 10 0.037639596 
697 136 7 10 0.037608802 
599 135 7 9 0.037583616 
865 145 7 10 0.037551086 
119 372 7 10 0.037474144 
814 109 7 9 0.037428506 
563 399 6 9 0.037371017 
104 375 8 10 0.037347145 
608 172 9 11 0.037346814 
887 380 8 10 0.037338633 
601 399 8 10 0.037334584 
514 384 7 8 0.0373293 
609 392 7 10 0.03731744 
210 338 7 8 0.037293892 
945 389 7 9 0.037237704 
80 359 7 8 0.037221875 
187 399 8 10 0.0370313 
10 408 8 10 0.037020877 
361 152 6 9 0.036954198 
592 143 7 9 0.0367586 
992 79 6 9 0.03673469 
1001 112 7 8 0.036635898 
82 367 6 8 0.036545064 
977 376 8 10 0.036496438 
817 127 6 8 0.03649526 
71 377 7 8 0.0363344 
920 302 7 9 0.03598898 
137 369 6 8 0.03597828 
354 136 6 8 0.03593734 
965 302 8 10 0.03576573 
738 126 7 9 0.035723932 
578 367 7 8 0.035687625 
529 428 8 12 0.035662085 
855 120 7 10 0.035607647 
191 353 7 10 0.035601135 
552 375 7 9 0.035585754 
985 104 7 8 0.035515327 
494 416 8 10 0.035475112 
962 414 8 10 0.0354555 
933 287 7 8 0.035434246 
952 140 9 11 0.03516332 
898 319 8 10 0.0351502 
914 311 8 10 0.0350517 
521 360 6 9 0.03499544 
846 134 8 9 0.03493292 
936 320 8 10 0.03482669 
169 376 7 8 0.034767177 
912 341 7 10 0.03472608 
536 360 5 8 0.034641746 
225 381 7 9 0.034594987 
910 329 7 9 0.03456613 
921 96 8 10 0.034559973 
225 361 7 8 0.034468837 
871 430 8 11 0.034432586 
744 126 7 9 0.034352187 
600 151 8 10 0.034335297 
512 130 6 7 0.03429704 
763 315 13 19 0.034163937 
823 128 8 9 0.034109034 
273 119 8 9 0.034049228 
883 358 6 9 0.034002636 
916 420 11 13 0.033958774 
583 158 9 10 0.03394921 
88 342 7 9 0.033891927 
73 351 8 9 0.03384569 
881 341 7 10 0.033587646 
7 392 7 10 0.033585694 
926 409 8 10 0.033553027 
536 368 6 8 0.03352593 
577 135 7 8 0.033505883 
952 406 8 10 0.03342944 
295 308 9 11 0.033422872 
905 342 8 10 0.033415664 
303 126 7 8 0.033367325 
983 117 8 10 0.033318203 
183 368 7 8 0.033280168 
216 356 7 9 0.03303127 
42 412 9 11 0.032980416 
581 399 7 9 0.032975513 
586 376 7 9 0.032950524 
477 408 9 11 0.0329037 
271 148 9 12 0.03287381 
728 134 8 11 0.032847635 
505 391 7 9 0.032837722 
937 69 7 9 0.03281593 
634 384 8 10 0.03279831 
840 143 7 10 0.032734584 
362 142 8 9 0.032724157 
538 389 8 10 0.03270153 
15 398 8 10 0.032670815 
561 367 7 9 0.032662258 
578 345 5 8 0.03262694 
191 343 7 8 0.032622036 
490 416 8 10 0.032615446 
162 377 7 9 0.032598954 
920 297 7 10 0.032559466 
545 375 6 9 0.032482605 
541 428 10 13 0.032396853 
216 392 6 8 0.032382395 
560 156 8 11 0.032288756 
288 149 8 11 0.032282203 
549 406 9 11 0.032147795 
801 134 7 9 0.032056335 
160 328 7 9 0.03197085 
490 421 8 10 0.03186056 
991 105 7 10 0.03185871 
680 128 7 9 0.03177097 
898 326 6 9 0.03174998 
233 394 6 9 0.031705096 
231 337 7 8 0.031649675 
375 140 7 10 0.031642094 
873 128 7 10 0.031489518 
782 120 7 9 0.031475965 
900 351 9 12 0.03137967 
1010 286 10 14 0.031320233 
928 375 7 9 0.031205501 
864 128 7 10 0.031194106 
903 311 7 9 0.03114371 
98 359 6 9 0.0311394 
842 135 7 10 0.031134278 
226 320 7 10 0.031097801 
904 365 8 10 0.031055208 
880 423 9 12 0.031050904 
874 113 7 10 0.031036247 
992 109 7 9 0.030977905 
114 398 8 11 0.030929169 
568 389 8 10 0.030840725 
476 430 9 12 0.030790072 
938 384 6 9 0.030687917 
359 125 7 9 0.030585548 
967 382 9 11 0.030562758 
584 352 6 8 0.030409884 
31 408 9 12 0.030382015 
589 439 9 12 0.030347649 
273 125 8 11 0.03027346 
935 121 9 11 0.030257924 
41 359 6 7 0.030150771 
337 152 7 8 0.03014827 
884 435 14 15 0.030119373 
153 360 7 8 0.030034933 
944 353 7 8 0.03002828 
937 369 6 9 0.030009538 
33 373 6 9 0.03000625 
723 120 7 9 0.029994523 
240 344 8 10 0.02990712 
177 368 7 8 0.029904235 
89 400 7 9 0.029886333 
158 333 8 9 0.02980646 
137 381 8 9 0.029662604 
322 112 7 7 0.029594783 
216 320 7 10 0.029539015 
944 299 7 9 0.029508827 
833 336 9 11 0.02941198 
232 325 7 9 0.029302068 
562 392 7 9 0.02928166 
584 366 7 8 0.029241072 
958 399 8 10 0.02918506 
57 384 7 8 0.029153807 
745 318 11 13 0.02913444 
184 390 7 9 0.029102085 
186 359 7 8 0.029101899 
345 144 7 9 0.029101083 
959 376 7 9 0.029100973 
130 366 7 9 0.029085813 
537 338 7 9 0.028995544 
344 135 6 8 0.028960064 
986 57 6 8 0.02891949 
878 407 9 11 0.028836766 
568 150 8 9 0.028835 
928 142 8 11 0.02879658 
721 128 7 9 0.028757097 
10 398 7 9 0.028725114 
616 155 10 12 0.028671602 
882 352 6 9 0.02864861 
496 393 7 9 0.02863745 
886 325 8 10 0.028496496 
280 147 8 12 0.028480178 
569 326 6 9 0.028396765 
870 149 8 10 0.028380651 
952 282 7 9 0.028340437 
944 321 7 9 0.028326774 
599 350 8 9 0.028263293 
199 329 7 7 0.028262306 
979 88 6 8 0.028242083 
561 374 7 9 0.028240263 
968 57 7 8 0.02823548 
22 411 10 12 0.028156877 
527 155 9 11 0.028094508 
952 94 8 10 0.028073264 
154 384 7 9 0.028072374 
128 382 7 10 0.02801801 
215 407 8 10 0.02799746 
887 300 10 12 0.02799069 
976 73 6 9 0.027950475 
112 361 6 8 0.02788745 
503 416 7 9 0.0278635 
79 422 10 12 0.02782823 
577 391 7 9 0.027783377 
344 157 7 9 0.027775401 
194 330 6 8 0.027712023 
80 353 7 8 0.027660636 
962 97 8 10 0.02765921 
591 360 7 8 0.027636133 
312 156 8 10 0.027479954 
739 274 15 17 0.027468957 
802 143 7 9 0.027423114 
489 360 7 9 0.027393075 
914 319 7 9 0.027392155 
112 373 8 10 0.027388146 
239 380 7 10 0.027384877 
524 414 9 12 0.027266571 
967 102 7 9 0.027253143 
106 407 8 11 0.027247071 
554 424 8 10 0.027216163 
223 351 7 9 0.027184172 
824 142 7 9 0.027179481 
817 167 8 10 0.027150787 
892 431 13 18 0.027114872 
904 390 8 10 0.027095249 
305 105 8 9 0.02700751 
88 406 7 9 0.026974581 
769 95 7 8 0.026971593 
714 143 7 10 0.026810275 
873 407 8 11 0.0267901 
903 407 8 10 0.026745712 
377 96 6 8 0.02671681 
131 376 8 9 0.026690058 
568 136 7 8 0.026678758 
936 66 7 8 0.026639642 
594 399 7 9 0.026578754 
506 113 6 8 0.026554514 
360 137 6 9 0.02651929 
703 127 7 8 0.026516134 
807 160 8 10 0.026507713 
874 295 9 11 0.026401093 
946 337 8 11 0.0263995 
161 366 6 8 0.026380958 
74 398 7 9 0.026274966 
527 345 7 8 0.02625868 
378 120 7 8 0.02620576 
832 117 7 9 0.026165903 
535 430 10 14 0.026165275 
209 361 8 9 0.026140234 
810 105 8 9 0.026138464 
91 375 6 8 0.026117302 
1005 101 8 11 0.026112814 
198 398 7 9 0.02609559 
735 95 7 10 0.026069352 
1005 118 9 11 0.025952486 
751 102 7 10 0.025880288 
328 152 7 9 0.025826858 
569 129 6 8 0.025810594 
72 382 7 8 0.025787747 
231 312 7 9 0.02575156 
30 389 7 11 0.025714478 
674 109 8 10 0.025709862 
423 112 6 8 0.025682565 
546 400 8 10 0.02563706 
169 326 7 9 0.025501598 
304 120 7 9 0.025468722 
560 351 6 8 0.025345413 
795 120 6 8 0.025250115 
585 443 9 12 0.025248904 
465 152 7 8 0.025232635 
169 368 7 8 0.025206897 
576 428 9 12 0.02520426 
201 393 6 9 0.025143916 
584 136 7 8 0.025112467 
312 113 7 8 0.025097093 
398 150 7 9 0.025011608 
154 392 8 11 0.024994621 
942 415 8 11 0.024961842 
798 151 8 10 0.024961276 
715 136 7 10 0.024944684 
624 428 8 11 0.024912562 
560 345 6 8 0.024883782 
63 363 7 8 0.02479711 
871 391 7 9 0.0247736 
176 376 7 9 0.024743192 
47 377 6 8 0.024722708 
616 392 8 10 0.024712948 
738 121 8 10 0.024695784 
288 308 9 12 0.024660338 
968 62 6 8 0.024642877 
986 80 7 9 0.0245924 
968 328 9 10 0.024427412 
816 149 8 11 0.024418853 
921 326 7 9 0.024418218 
368 150 7 9 0.024379969 
214 422 8 9 0.024235966 
50 352 6 8 0.024224576 
264 124 8 11 0.024211772 
178 383 7 9 0.024194311 
873 116 7 10 0.02414539 
840 168 10 11 0.02412207 
43 398 8 11 0.024072563 
505 150 7 9 0.024064822 
946 66 6 8 0.024043672 
265 331 9 12 0.023996621 
82 384 7 8 0.02399087 
583 151 8 10 0.023972142 
64 392 7 9 0.023949366 
887 159 9 10 0.023933893 
598 377 8 10 0.023854693 
592 368 8 9 0.02383558 
522 344 6 8 0.02383483 
921 280 8 9 0.023815177 
136 335 7 8 0.023758033 
904 415 8 11 0.023750897 
479 367 7 8 0.023737164 
937 353 7 9 0.02372539 
562 416 8 9 0.023692185 
507 460 14 17 0.023654329 
209 393 7 8 0.023635542 
922 392 7 8 0.023631576 
919 79 10 12 0.023559123 
312 118 7 9 0.023385845 
997 335 10 12 0.023320317 
630 129 8 10 0.023224851 
673 133 7 9 0.023220927 
887 367 7 10 0.023174636 
705 120 6 9 0.02317375 
328 173 9 12 0.023161057 
856 220 12 14 0.023154328 
535 412 8 10 0.023145292 
67 375 6 9 0.023142634 
199 319 7 8 0.02313134 
872 132 7 10 0.023127774 
96 406 8 10 0.023126094 
130 391 7 10 0.023113271 
351 112 7 7 0.023081858 
129 329 7 9 0.023047993 
417 106 6 8 0.023043683 
806 165 8 11 0.022995519 
918 358 8 10 0.022955151 
992 365 8 9 0.022935562 
638 149 9 11 0.022906885 
792 142 7 9 0.022898743 
547 304 6 8 0.022873683 
912 287 7 8 0.022866601 
227 342 7 10 0.022786709 
123 351 7 10 0.022777684 
905 280 8 10 0.022722866 
74 360 6 8 0.02267014 
768 155 10 12 0.02258699 
848 71 7 8 0.022535665 
280 119 7 8 0.022532986 
488 377 7 9 0.022517124 
937 390 7 9 0.022517018 
898 88 7 10 0.02245208 
225 324 7 10 0.02236056 
800 165 10 13 0.022349272 
777 95 6 8 0.02234514 
255 127 7 11 0.022303373 
568 350 6 8 0.02229625 
815 104 7 9 0.02229589 
865 96 7 10 0.022265436 
933 143 9 11 0.022233745 
894 405 9 11 0.022223765 
514 407 8 10 0.02217581 
154 328 7 8 0.022167899 
841 72 7 8 0.02216568 
746 102 7 10 0.022117255 
967 333 7 10 0.022092193 
798 120 7 9 0.022079667 
898 309 8 10 0.022028284 
621 368 7 9 0.021927116 
123 470 36 36 0.021900656 
110 349 7 10 0.021895817 
583 104 6 8 0.021884065 
278 289 8 11 0.02182927 
698 129 6 8 0.021815099 
529 351 6 8 0.021783087 
976 380 9 12 0.021778164 
736 101 8 10 0.02177702 
945 310 7 9 0.021772366 
915 303 7 10 0.021763247 
187 344 6 8 0.021749886 
536 168 9 11 0.021745114 
329 121 6 7 0.021697925 
959 406 9 12 0.02167284 
457 327 10 13 0.021671453 
810 127 6 8 0.021645818 
121 341 7 10 0.021571873 
878 166 10 12 0.021555018 
414 150 7 9 0.021536324 
402 119 7 9 0.021531306 
752 88 6 8 0.021528384 
8 373 7 10 0.021527082 
794 126 7 9 0.021505376 
693 154 11 13 0.021467391 
937 374 7 9 0.02146141 
929 328 7 9 0.021442069 
639 144 8 10 0.021391684 
527 398 7 9 0.021390572 
632 156 8 11 0.021383038 
107 345 7 10 0.021365616 
578 350 6 9 0.021352217 
272 321 8 11 0.021352144 
881 392 7 9 0.021329485 
186 335 7 8 0.021259412 
409 161 6 9 0.021237595 
881 325 8 10 0.021219036 
482 397 8 11 0.021201035 
101 397 9 11 0.021198886 
729 96 8 9 0.021178959 
583 392 7 9 0.021169867 
353 158 7 9 0.021131102 
926 303 7 9 0.02108579 
751 80 7 8 0.021076385 
289 94 8 9 0.021057893 
176 330 7 7 0.021032838 
488 382 7 8 0.02102867 
168 407 7 9 0.021026528 
371 263 52 74 0.02097655 
992 62 7 9 0.020961573 
205 382 7 9 0.020926647 
919 415 9 11 0.02092459 
128 344 7 9 0.020902732 
80 414 8 10 0.020873476 
385 134 7 9 0.020846436 
909 82 11 13 0.020795245 
344 112 7 8 0.020776307 
554 360 7 8 0.020761175 
930 369 6 8 0.020725414 
247 321 7 10 0.020723091 
757 308 15 20 0.020720625 
306 112 7 8 0.020700697 
645 443 9 13 0.020658135 
931 127 8 10 0.02065369 
542 477 11 17 0.020577308 
135 351 8 10 0.020576384 
605 383 8 10 0.02055697 
966 365 8 10 0.020549651 
879 296 9 11 0.020537801 
736 88 7 9 0.020532105 
231 414 7 9 0.020525064 
1007 111 7 9 0.020497702 
190 404 8 11 0.02048055 
472 367 7 9 0.02047378 
592 149 8 10 0.02046823 
919 343 8 9 0.020468215 
225 391 7 9 0.020450188 
614 396 8 10 0.020441506 
266 144 8 11 0.020405116 
504 407 7 9 0.020392034 
466 135 6 9 0.020379646 
352 121 8 10 0.020357072 
152 366 7 9 0.020297496 
257 120 6 9 0.020231823 
771 103 7 9 0.02022654 
200 335 7 8 0.020207176 
252 132 10 13 0.020192841 
783 126 7 9 0.020167597 
187 352 7 9 0.020165829 
249 128 9 11 0.020164832 
606 157 8 10 0.020161627 
776 112 6 8 0.020138627 
479 120 7 10 0.020130506 
624 351 8 9 0.020106219 
409 141 7 10 0.020093022 
928 295 8 10 0.020072047 
626 130 7 9 0.02006575 
919 351 7 10 0.020043729 
225 415 7 9 0.02001439 
233 380 7 9 0.020003233 
