56_Voter_peoplevoting_56_268
381
742 227 26 37 0.9948927 
242 276 37 41 0.98948216 
393 252 29 42 0.98721397 
807 218 21 28 0.9680033 
631 192 19 22 0.9396863 
411 196 13 17 0.9138188 
111 185 10 12 0.9006642 
865 232 20 28 0.8829443 
416 223 21 29 0.8669616 
128 189 10 12 0.8641329 
277 180 17 22 0.82232755 
139 218 20 23 0.8183357 
516 213 14 18 0.7982665 
653 220 27 35 0.7312792 
262 223 21 27 0.7171793 
299 211 17 18 0.68852055 
475 221 24 26 0.68462336 
369 179 12 15 0.6284815 
391 184 13 18 0.5939063 
25 181 13 16 0.5929338 
77 184 10 13 0.54961514 
222 203 15 20 0.4898982 
359 203 11 15 0.470275 
597 208 11 15 0.46579784 
956 208 16 24 0.44849283 
828 217 20 27 0.36829045 
677 196 15 20 0.3550184 
335 232 20 29 0.2934433 
236 178 13 16 0.2756087 
76 210 16 20 0.26198128 
345 183 9 12 0.2614013 
558 198 10 12 0.2564771 
221 180 11 15 0.24077216 
175 187 12 14 0.2396211 
773 224 16 20 0.23958275 
118 210 14 18 0.23615082 
863 203 11 15 0.23459962 
358 228 12 18 0.2340982 
24 163 9 11 0.21687594 
581 224 12 18 0.21625404 
446 218 15 19 0.20919082 
939 201 23 27 0.20886162 
930 201 19 22 0.2048652 
302 179 12 14 0.20269515 
643 217 26 33 0.20075348 
667 221 22 31 0.18587326 
78 161 9 10 0.178185 
231 175 12 16 0.1692548 
670 198 22 30 0.14084937 
343 228 20 27 0.13346624 
57 166 8 10 0.1306363 
610 246 16 19 0.12987985 
310 175 10 12 0.1211788 
263 171 10 12 0.12085206 
345 188 11 14 0.11843556 
468 217 18 23 0.11318332 
754 229 22 30 0.1121606 
177 258 15 20 0.11075253 
206 183 10 12 0.1103102 
243 181 12 16 0.11030266 
182 266 13 17 0.110296495 
134 184 10 12 0.104793824 
454 213 13 19 0.10223316 
574 221 20 29 0.101059936 
566 183 9 12 0.10053729 
116 183 10 13 0.10048228 
96 172 9 11 0.10020301 
167 221 13 17 0.09907645 
229 186 13 18 0.09906024 
703 172 9 11 0.09668388 
95 168 8 11 0.09183529 
761 223 22 28 0.08940296 
634 221 22 30 0.08759728 
221 187 14 18 0.08637412 
62 168 7 10 0.08624589 
527 207 11 13 0.08532053 
817 217 17 26 0.085310675 
576 213 11 16 0.08348684 
576 219 13 18 0.08318847 
227 195 14 18 0.0828666 
236 259 34 39 0.079171866 
202 168 7 9 0.079142526 
567 188 11 15 0.07912995 
61 172 9 11 0.077744976 
560 190 10 12 0.07675895 
282 289 17 20 0.075879045 
31 164 9 11 0.0758721 
158 183 10 12 0.0738034 
573 189 11 15 0.07347152 
217 181 10 14 0.07328059 
173 194 13 18 0.073137954 
476 190 18 21 0.07233238 
57 173 9 11 0.072300225 
534 212 12 14 0.07195182 
625 217 21 29 0.071470544 
205 187 10 14 0.07040562 
395 233 38 49 0.069992356 
112 159 7 9 0.06939311 
168 174 9 11 0.06912917 
39 165 8 10 0.06792359 
846 189 14 16 0.067817286 
200 188 10 13 0.06666064 
440 149 10 15 0.06662032 
526 228 14 18 0.066565305 
458 212 22 29 0.06612282 
31 159 9 11 0.06602616 
128 166 8 9 0.06539032 
347 261 15 22 0.06485776 
662 172 13 17 0.0644626 
366 157 10 12 0.06445417 
215 201 14 20 0.064103864 
142 188 9 11 0.06253956 
562 182 9 12 0.062079933 
49 204 10 15 0.061814293 
269 171 12 15 0.06160792 
39 159 7 9 0.060324363 
419 197 12 16 0.059831697 
335 212 11 15 0.05965049 
317 182 10 13 0.058928642 
74 187 10 12 0.058561772 
124 216 12 16 0.057633094 
359 159 9 13 0.057454094 
676 173 12 15 0.05627163 
158 203 12 17 0.056233123 
343 195 11 14 0.05585597 
427 231 14 21 0.05549389 
747 221 18 22 0.054613024 
270 281 29 36 0.054473013 
320 164 8 11 0.054444935 
523 218 13 16 0.053496957 
128 160 7 9 0.053221967 
671 172 11 15 0.052553847 
279 175 12 17 0.052550558 
336 206 10 13 0.052267503 
104 221 10 15 0.051711503 
178 215 17 21 0.051379845 
182 202 15 18 0.051029783 
135 173 9 12 0.05075331 
195 202 15 20 0.050702035 
268 167 9 12 0.04966866 
245 203 13 18 0.049366564 
73 160 8 10 0.049050145 
137 167 7 9 0.04891465 
840 217 17 21 0.04880215 
351 159 10 13 0.0487272 
321 133 7 9 0.04754968 
84 183 9 12 0.047473226 
339 248 22 31 0.0473289 
565 195 11 14 0.04697019 
204 210 13 18 0.046727974 
425 218 14 22 0.046562113 
230 252 27 33 0.046466596 
979 206 14 18 0.046235494 
159 188 10 13 0.04600904 
174 174 8 11 0.04598325 
469 197 27 33 0.045613334 
36 188 11 15 0.045547225 
697 224 15 21 0.04542724 
236 202 14 19 0.045052446 
720 174 9 12 0.044408217 
175 167 7 9 0.04431587 
428 212 12 18 0.044244144 
581 215 20 26 0.043464646 
253 207 14 19 0.043407343 
685 191 11 14 0.04279662 
590 202 20 25 0.042782314 
189 198 13 17 0.04254948 
385 183 11 15 0.04249846 
522 284 12 16 0.04190149 
91 166 8 10 0.04162196 
355 199 18 24 0.04160768 
324 232 16 24 0.04157835 
564 229 25 33 0.04085601 
255 197 12 16 0.040666718 
734 188 10 13 0.04048563 
267 212 14 18 0.039871473 
352 197 11 14 0.03975687 
123 186 18 20 0.039666492 
124 206 12 16 0.039665 
107 159 7 9 0.039510615 
235 194 13 17 0.039380223 
279 156 8 11 0.03935428 
40 152 7 9 0.03846872 
301 185 13 15 0.038402323 
173 213 16 19 0.03805003 
112 209 13 18 0.037932865 
244 243 44 51 0.037533116 
734 195 12 17 0.03749387 
8 174 8 11 0.037374903 
146 231 14 18 0.037241094 
439 204 11 15 0.037116967 
192 184 10 13 0.037042525 
431 222 20 29 0.036537096 
200 172 10 12 0.03618527 
455 181 10 13 0.036175888 
851 195 16 19 0.036111742 
72 165 9 10 0.036038112 
189 216 17 22 0.035840448 
963 205 15 22 0.03571558 
560 176 9 11 0.035699375 
856 202 13 16 0.03567451 
55 162 8 10 0.03543072 
273 231 15 19 0.03495591 
411 196 21 26 0.03472641 
134 212 17 22 0.03472165 
465 202 40 50 0.0344036 
257 234 29 34 0.034364097 
136 160 7 9 0.034133073 
462 181 10 13 0.033681065 
344 176 10 13 0.03363714 
617 242 14 19 0.033623017 
736 274 23 36 0.033476356 
9 167 8 10 0.032785535 
325 183 11 14 0.03265408 
680 221 20 27 0.032174557 
17 160 8 10 0.032128662 
215 188 12 16 0.032126646 
144 167 7 9 0.032080546 
340 220 13 17 0.031925622 
187 273 15 20 0.031863585 
308 250 13 16 0.031802278 
61 188 10 13 0.03175088 
118 188 11 13 0.031718627 
406 255 26 37 0.031446457 
227 202 19 26 0.03141979 
30 176 11 14 0.03141675 
397 178 10 13 0.03128757 
340 204 11 14 0.031004025 
170 167 8 10 0.03093844 
192 166 8 10 0.030840617 
204 195 12 17 0.030787468 
874 231 22 30 0.0306928 
248 -81 435 476 0.030568404 
692 191 10 13 0.030563693 
4 206 10 13 0.030315155 
859 218 23 32 0.030284386 
349 219 20 30 0.030206306 
576 207 10 14 0.030114956 
145 213 16 21 0.030069038 
734 198 24 29 0.030066742 
109 225 12 16 0.029876728 
613 210 21 29 0.02984849 
150 216 21 26 0.029816218 
159 175 10 11 0.029795092 
406 226 18 23 0.02975599 
337 182 9 12 0.029707309 
664 157 10 11 0.029669631 
609 229 24 30 0.029668096 
128 173 9 12 0.029667547 
540 212 10 14 0.029588772 
152 197 10 14 0.029550355 
351 221 13 16 0.029491259 
697 171 11 13 0.029480888 
569 185 20 26 0.029452678 
567 212 13 15 0.029406426 
181 151 8 10 0.029359998 
796 219 17 26 0.02935501 
89 173 9 11 0.029264195 
260 210 17 18 0.029188612 
431 205 12 16 0.029180001 
203 269 13 16 0.029054748 
88 160 7 10 0.02885559 
47 181 10 11 0.028836302 
412 237 26 36 0.028698664 
443 151 13 18 0.028612021 
62 182 9 12 0.028392697 
967 206 22 27 0.028349346 
489 226 15 18 0.028295787 
508 172 10 12 0.02819448 
62 197 10 13 0.028031975 
914 206 16 20 0.02758348 
345 157 9 13 0.027577987 
691 196 12 15 0.027543372 
236 179 20 25 0.027252045 
581 195 11 13 0.02724704 
168 181 10 13 0.027229466 
491 250 15 19 0.026897518 
299 175 20 23 0.026867045 
77 224 16 20 0.026785064 
599 206 19 24 0.026724437 
120 160 8 9 0.026542189 
17 165 9 11 0.0265329 
520 203 21 26 0.026378995 
297 180 10 14 0.026272465 
262 145 9 11 0.026174732 
36 196 12 14 0.026145479 
257 174 9 13 0.026097352 
102 169 9 10 0.02608752 
468 202 16 21 0.026078593 
130 194 12 14 0.026017599 
47 176 9 11 0.026008071 
528 259 12 17 0.02593354 
712 167 8 11 0.025904423 
866 198 15 17 0.025889067 
565 177 9 11 0.025872508 
962 216 26 31 0.025866454 
883 236 13 18 0.025804888 
382 253 24 34 0.025787046 
205 173 9 12 0.025569966 
38 173 10 12 0.02544634 
151 168 7 9 0.025387222 
628 204 21 29 0.025371017 
479 228 25 30 0.025189687 
107 180 16 21 0.02512476 
181 183 10 14 0.025028188 
361 230 15 21 0.024846429 
71 206 13 17 0.024796119 
591 537 14 15 0.024767246 
327 165 8 10 0.024713771 
169 188 10 13 0.024639545 
66 152 7 9 0.024582574 
298 195 16 17 0.024519792 
326 133 8 10 0.024416639 
0 158 6 10 0.02425354 
306 216 14 17 0.02422786 
144 196 10 14 0.024128918 
163 199 21 27 0.024043525 
110 212 18 27 0.023965504 
23 203 10 12 0.023889942 
300 250 15 18 0.023728866 
847 251 13 18 0.023725899 
278 285 15 18 0.02372312 
478 182 12 16 0.023506483 
444 205 13 16 0.023503361 
482 212 17 20 0.02341929 
86 142 8 10 0.023396073 
988 200 26 31 0.02337287 
471 181 10 14 0.023266463 
167 196 13 18 0.023094624 
934 187 28 32 0.023024691 
5 180 11 14 0.022857957 
857 204 21 27 0.02277664 
194 273 17 22 0.022736419 
325 239 25 32 0.02271542 
382 195 13 15 0.0226653 
526 200 12 13 0.022557093 
690 247 16 23 0.022544218 
453 154 15 18 0.022543292 
273 181 13 17 0.02249434 
121 167 7 9 0.022417221 
192 469 11 14 0.022415504 
119 200 11 12 0.022342904 
672 191 13 15 0.022246163 
396 221 20 28 0.022151288 
363 199 12 16 0.022140773 
564 204 12 15 0.022053692 
412 208 17 21 0.021974752 
704 190 9 12 0.021845387 
554 192 20 25 0.021837482 
381 203 13 16 0.021834971 
185 159 8 10 0.02182286 
429 198 11 14 0.021801643 
187 232 16 20 0.021498863 
65 158 8 9 0.021446193 
703 212 12 16 0.021310303 
718 168 8 10 0.021095878 
281 251 23 31 0.0210878 
210 207 15 20 0.021072432 
35 182 12 14 0.021022784 
459 158 15 18 0.020949714 
13 173 11 13 0.02090317 
140 206 15 18 0.020833215 
170 180 20 24 0.020822562 
841 197 24 29 0.020780554 
185 166 8 10 0.020777429 
2 256 13 19 0.020760404 
82 142 8 10 0.020596867 
317 228 15 20 0.020508781 
577 230 24 33 0.020499451 
667 168 20 25 0.020485258 
604 214 21 27 0.020480476 
340 135 10 11 0.0203791 
294 204 16 20 0.020371875 
135 230 15 19 0.02032188 
73 178 18 22 0.020280529 
727 179 11 14 0.020248447 
790 224 13 20 0.020228822 
107 183 9 12 0.020221183 
733 175 10 12 0.020131666 
0 151 7 11 0.020081554 
690 227 20 27 0.020076934 
