56_Voter_peoplevoting_56_122
222
559 80 35 48 0.9942358 
687 46 43 63 0.96730673 
936 76 37 60 0.96250916 
442 40 24 33 0.95955527 
81 67 35 46 0.9502305 
906 28 34 58 0.9311477 
210 34 23 30 0.9239251 
421 138 25 31 0.9191754 
836 57 36 52 0.87445724 
532 15 29 32 0.8125703 
485 20 32 39 0.7743638 
296 15 23 28 0.6975795 
766 20 38 58 0.64609915 
960 12 34 46 0.53956926 
276 117 43 53 0.49206683 
252 11 22 29 0.48965114 
149 60 27 37 0.47183487 
402 12 22 29 0.4219303 
614 54 31 46 0.41779053 
605 9 29 37 0.4095379 
72 396 123 188 0.40339318 
140 40 25 34 0.39650437 
205 19 23 29 0.39123076 
402 93 17 23 0.28114063 
785 4 33 38 0.24922915 
23 24 25 35 0.23273173 
437 4 13 17 0.23218532 
716 366 81 74 0.21495153 
147 18 24 30 0.2147469 
403 5 14 18 0.20751819 
898 36 26 49 0.1983167 
180 0 14 12 0.18667985 
705 5 37 36 0.18522204 
802 9 30 36 0.18492927 
486 9 23 32 0.16288243 
145 30 23 32 0.1608366 
459 2 16 18 0.15447353 
308 58 25 33 0.1537372 
76 134 77 57 0.15352127 
915 48 45 72 0.14957026 
748 28 33 51 0.14822653 
662 0 28 35 0.144267 
439 34 16 22 0.13924544 
476 118 15 19 0.13735431 
383 12 23 30 0.12990338 
258 18 28 34 0.12760904 
909 191 33 40 0.12538964 
564 0 28 31 0.12531759 
74 17 15 21 0.12442055 
902 82 25 35 0.124208026 
115 29 20 28 0.12290243 
321 104 34 54 0.12251944 
53 1 13 12 0.12221453 
10 447 145 169 0.12064747 
44 34 13 20 0.114568084 
11 20 28 37 0.109007664 
610 30 32 41 0.10224285 
240 122 30 46 0.10085932 
262 10 20 24 0.09430455 
181 114 30 47 0.08926315 
246 62 26 42 0.087374866 
298 116 44 57 0.08613352 
77 76 57 62 0.08587151 
106 0 15 14 0.08397395 
993 86 30 47 0.08286859 
351 29 24 31 0.079869226 
198 20 16 22 0.07886441 
498 113 18 21 0.074788004 
378 16 16 21 0.06843482 
861 50 41 55 0.06681341 
131 34 21 32 0.06393103 
141 1 15 19 0.06338481 
547 3 30 34 0.06323422 
304 7 24 32 0.06142165 
597 24 26 36 0.061064094 
154 25 26 32 0.06024401 
141 27 16 22 0.060066685 
883 44 28 44 0.058189504 
918 15 44 64 0.05784125 
431 39 23 32 0.05598476 
417 122 23 33 0.05566016 
245 14 17 22 0.05455917 
108 21 14 19 0.054069277 
914 192 52 53 0.05391771 
82 20 17 20 0.052835498 
716 353 119 137 0.052403934 
604 13 16 24 0.051151846 
476 25 24 32 0.051136285 
35 24 17 26 0.050845776 
281 10 24 31 0.04902395 
59 19 17 22 0.04716386 
143 117 63 57 0.0464004 
173 0 16 16 0.04615782 
816 107 41 51 0.04437846 
718 14 47 56 0.044194944 
267 98 33 52 0.04375012 
699 371 35 45 0.043661263 
650 391 36 49 0.043370217 
91 18 16 20 0.042928394 
484 4 18 24 0.042875405 
230 -1 14 14 0.042533565 
696 364 60 68 0.041923817 
418 118 16 20 0.041872382 
557 66 27 41 0.04175812 
22 0 13 11 0.040310763 
69 13 15 20 0.040210936 
792 1 20 22 0.03925528 
5 36 26 33 0.037915464 
582 86 31 41 0.037708797 
191 24 14 19 0.037278928 
479 116 25 28 0.036899086 
17 12 17 18 0.036467735 
148 10 18 23 0.036398917 
204 -2 15 15 0.036366504 
100 19 15 20 0.036065795 
670 -1 43 47 0.035620715 
692 16 49 58 0.03535689 
212 1 16 18 0.035292413 
147 0 15 14 0.035017867 
216 19 17 21 0.034632847 
325 1 23 29 0.034219157 
142 40 39 50 0.03385197 
71 26 23 28 0.03377771 
815 5 29 36 0.033640873 
918 82 34 46 0.0336392 
204 15 16 18 0.0331388 
835 38 33 47 0.033066306 
58 1 15 17 0.032893583 
598 16 14 22 0.03230023 
292 2 30 32 0.032164093 
483 142 31 33 0.03189825 
198 4 13 15 0.03177516 
659 2 19 23 0.031686757 
347 15 28 32 0.031584896 
109 76 28 35 0.031202953 
606 406 53 45 0.030958673 
244 1 17 21 0.03088337 
396 40 15 19 0.03079069 
134 1 15 18 0.029956903 
222 39 19 23 0.029908413 
621 338 63 54 0.029851984 
869 238 17 21 0.029765531 
92 1 18 18 0.029762546 
891 48 39 61 0.029756568 
231 67 28 42 0.029709833 
252 4 15 20 0.029686796 
162 1 17 17 0.02936717 
221 11 13 17 0.029069753 
158 54 29 39 0.028528608 
962 88 31 49 0.028487468 
154 2 17 18 0.02831271 
49 23 20 26 0.02818143 
197 82 24 33 0.028015772 
48 -1 13 12 0.027885584 
108 123 77 58 0.027827416 
647 337 61 72 0.027750963 
741 345 157 185 0.027691325 
786 16 39 45 0.027534083 
109 38 17 23 0.027439611 
274 15 17 22 0.027289443 
12 2 16 18 0.027132068 
115 21 15 18 0.026922084 
629 52 28 37 0.026534468 
154 7 25 27 0.026515868 
371 118 24 31 0.026392166 
630 408 44 38 0.026365532 
470 0 23 28 0.02614976 
55 27 22 28 0.025434494 
213 95 16 23 0.025353123 
220 122 45 61 0.025341664 
415 67 15 18 0.025199695 
6 2 14 17 0.025059452 
543 89 35 45 0.024976946 
944 20 32 45 0.02462824 
409 89 16 23 0.024266949 
490 117 28 33 0.02423596 
455 33 23 33 0.024110975 
867 270 19 23 0.023981242 
78 101 73 64 0.023871755 
1004 555 20 41 0.023866307 
2 41 16 21 0.023802886 
86 2 15 16 0.023505913 
69 3 13 16 0.023405654 
579 1 25 32 0.023335924 
694 282 62 55 0.023268074 
43 20 14 20 0.02302038 
800 10 20 24 0.023011157 
468 32 15 20 0.022685895 
247 111 42 65 0.022359287 
398 0 15 16 0.022318969 
416 189 13 17 0.022311177 
787 -1 17 15 0.022291431 
589 18 24 34 0.022223849 
17 36 21 26 0.022197565 
347 0 29 29 0.02208356 
811 15 43 55 0.02205348 
686 333 60 75 0.022040233 
430 149 20 23 0.02184774 
365 22 25 33 0.02170053 
555 9 17 20 0.021574253 
597 1 28 33 0.021537881 
4 56 16 22 0.021510225 
400 32 22 29 0.021501275 
620 47 18 25 0.021040823 
98 7 18 21 0.021001799 
438 4 21 24 0.02096453 
133 68 29 37 0.020948391 
590 390 53 56 0.020883407 
138 390 60 111 0.020789728 
114 2 14 16 0.02063649 
409 4 15 18 0.020596372 
187 2 15 16 0.020532737 
893 7 68 101 0.020527603 
622 3 30 34 0.020515934 
310 1 25 29 0.020420168 
76 0 13 12 0.020258404 
397 163 24 31 0.020249961 
218 1 21 25 0.020231785 
373 33 14 19 0.020229507 
117 82 16 22 0.020228311 
419 47 16 20 0.02002112 
450 2 22 26 0.020005202 
