56_Voter_peoplevoting_56_663
106
491 291 48 67 0.9990693 
838 44 66 95 0.9982667 
667 145 45 48 0.945914 
344 213 42 44 0.8993134 
197 196 13 18 0.39578834 
103 225 13 17 0.30192605 
173 143 16 21 0.24934976 
54 243 14 21 0.15117608 
6 221 14 17 0.13208032 
12 225 12 15 0.13042437 
315 182 13 16 0.11977062 
656 328 17 21 0.11777127 
72 218 9 13 0.109995686 
279 220 12 16 0.08965921 
385 158 9 11 0.08413562 
282 189 11 14 0.0818067 
261 213 13 15 0.078858525 
65 258 13 18 0.073680826 
247 161 25 32 0.07258917 
639 171 9 12 0.06811982 
452 213 18 22 0.06733078 
250 217 14 18 0.06629477 
61 249 13 17 0.06372601 
309 184 23 27 0.062102843 
283 127 16 19 0.056594983 
41 223 9 12 0.053420477 
477 213 13 15 0.051589586 
306 194 24 30 0.04972399 
179 184 15 19 0.04956262 
251 175 17 21 0.049081028 
728 185 26 29 0.048038308 
166 131 27 36 0.04748168 
0 217 12 18 0.046671126 
142 126 13 15 0.04605508 
645 111 23 32 0.04601725 
97 225 21 27 0.045417078 
232 179 12 15 0.045042966 
304 201 13 19 0.043057546 
266 235 14 17 0.039725024 
161 212 18 22 0.03854906 
300 242 15 18 0.037980817 
109 92 31 38 0.036167104 
45 229 12 14 0.0359174 
270 218 13 17 0.035577428 
15 235 11 14 0.034676176 
318 200 15 19 0.034349 
220 212 13 17 0.033384647 
382 250 14 17 0.03335425 
154 142 43 48 0.03325698 
333 216 29 37 0.03312027 
267 212 13 17 0.032321252 
538 137 14 16 0.032085184 
106 231 14 19 0.031899866 
4 234 13 16 0.031704076 
406 171 11 13 0.031531505 
94 147 11 12 0.031203996 
311 204 23 32 0.030404309 
88 259 11 14 0.030011822 
52 237 14 18 0.029724915 
0 306 19 33 0.02931352 
278 270 11 14 0.029232832 
75 218 11 14 0.02888557 
316 174 14 18 0.028862085 
11 276 17 21 0.027823552 
277 190 21 27 0.027364697 
507 57 15 18 0.02735562 
308 242 14 18 0.027033133 
338 430 15 18 0.02696762 
66 220 8 11 0.026627945 
634 172 10 12 0.026624924 
173 170 25 32 0.025434772 
185 186 15 20 0.025354104 
323 209 14 19 0.024733793 
320 211 25 35 0.024712866 
71 229 9 12 0.024433933 
862 308 178 230 0.024363458 
40 215 8 11 0.024079066 
362 199 30 41 0.02344335 
495 74 13 18 0.023267709 
256 210 20 25 0.023121046 
241 219 19 26 0.023117023 
279 214 20 27 0.02309091 
178 151 15 22 0.023079043 
326 268 12 15 0.022994386 
428 237 14 15 0.02280593 
227 241 383 488 0.022797793 
466 208 23 27 0.022769982 
20 237 10 14 0.022550602 
51 231 11 13 0.021963302 
93 228 14 17 0.021900201 
382 259 15 19 0.021748537 
487 420 13 15 0.021712745 
280 250 11 15 0.021562345 
502 75 12 16 0.021518642 
-1 227 44 62 0.021407343 
309 209 14 18 0.02138366 
487 604 14 17 0.021271555 
309 227 14 18 0.021114226 
239 226 13 18 0.020826206 
12 220 21 26 0.02079441 
124 238 10 13 0.020789398 
215 212 22 28 0.020740267 
701 190 24 30 0.020591963 
32 227 11 14 0.020507602 
962 468 44 47 0.020129362 
238 216 14 20 0.020062823 
