56_Voter_peoplevoting_56_339
78
540 146 35 44 0.99888486 
658 231 26 36 0.9984465 
336 310 16 23 0.6980473 
107 428 13 16 0.17224917 
100 499 11 14 0.12883161 
647 238 28 29 0.124588296 
922 283 24 36 0.11514566 
105 434 11 15 0.09755459 
472 66 47 53 0.0965206 
973 322 10 14 0.09524777 
85 423 10 13 0.0886262 
964 376 11 15 0.07012173 
325 40 26 34 0.06950157 
104 424 20 26 0.06709424 
485 176 25 32 0.061561495 
310 49 12 16 0.053576734 
691 65 17 21 0.050972264 
384 286 22 32 0.050932612 
969 317 10 14 0.050258752 
879 303 51 60 0.047621008 
86 424 21 26 0.046860557 
60 497 12 15 0.04642289 
117 437 10 13 0.04517492 
332 54 16 20 0.045105856 
639 241 17 21 0.044342376 
271 2 14 15 0.044086013 
15 496 13 16 0.043883357 
906 282 41 56 0.04330262 
83 495 13 16 0.040202036 
397 177 33 40 0.03913685 
316 311 14 19 0.039087567 
983 310 12 14 0.038597994 
80 426 14 17 0.036895342 
218 509 43 65 0.035283305 
676 220 13 18 0.0349467 
881 237 10 11 0.03406388 
164 500 11 14 0.033250734 
559 399 13 14 0.03283975 
120 501 9 10 0.03272994 
315 43 25 30 0.032571543 
92 428 12 16 0.031019742 
490 183 15 20 0.03066252 
388 298 22 30 0.030433288 
192 88 436 478 0.030225229 
712 50 12 16 0.030195823 
780 396 18 18 0.029574944 
96 446 9 11 0.029443461 
477 16 14 17 0.028881496 
95 496 11 13 0.028079761 
105 422 11 15 0.026825272 
607 552 30 37 0.026691327 
182 502 9 12 0.025772415 
325 305 21 27 0.025655173 
565 263 47 49 0.02520458 
725 172 13 19 0.025122864 
342 280 12 16 0.024904639 
100 455 11 14 0.024685213 
333 34 15 20 0.02369914 
285 5 12 13 0.023213495 
7 142 9 10 0.02293555 
626 310 16 19 0.022736631 
302 19 11 13 0.02246597 
144 499 12 14 0.022291496 
873 511 8 10 0.022116037 
885 293 33 43 0.022073096 
320 3 12 15 0.021983925 
335 412 11 15 0.021822173 
288 284 11 14 0.021255596 
931 274 23 39 0.02123074 
115 471 9 12 0.021228539 
95 438 10 13 0.020913891 
988 309 11 14 0.020905506 
316 49 15 18 0.02062538 
969 314 21 27 0.020489985 
339 30 11 15 0.020430567 
9 447 7 9 0.020289706 
5 302 13 19 0.020113392 
120 444 9 11 0.02000395 
