56_Voter_peoplevoting_56_819
29
601 394 44 55 0.99775404 
275 613 48 60 0.99694747 
291 350 40 48 0.9967315 
483 443 37 41 0.9965988 
113 428 46 58 0.9932775 
859 226 39 48 0.98231184 
750 207 43 52 0.9754132 
644 193 46 56 0.9697936 
395 467 35 44 0.94585454 
815 297 23 28 0.22947307 
807 204 26 36 0.12366176 
13 427 12 19 0.081989735 
5 417 22 35 0.04978008 
226 411 37 45 0.04957154 
406 565 13 15 0.048835114 
396 460 24 34 0.048151325 
319 616 31 44 0.044675384 
240 395 29 35 0.035934743 
507 619 32 38 0.032526303 
913 228 16 20 0.031812433 
791 292 25 33 0.03157644 
3 402 14 20 0.0272567 
840 203 12 16 0.025135849 
260 399 12 15 0.02503959 
0 401 21 36 0.02438903 
389 456 18 23 0.021581328 
227 432 28 33 0.02111083 
345 474 14 17 0.020821888 
251 399 17 23 0.020767067 
