56_Voter_peoplevoting_56_781
191
367 196 62 73 0.99352735 
290 110 38 52 0.96794003 
364 84 56 72 0.9498724 
652 156 24 32 0.93925244 
599 138 22 26 0.91278964 
643 118 24 31 0.883455 
777 130 21 25 0.86569303 
105 73 50 71 0.8294131 
677 109 23 32 0.80659074 
750 114 21 28 0.75130653 
830 131 13 17 0.52940637 
995 122 13 21 0.47270983 
953 137 17 21 0.39625594 
796 131 15 20 0.39011312 
460 234 47 77 0.38695142 
608 315 13 17 0.3706141 
814 137 14 21 0.36717868 
277 164 26 37 0.3529516 
678 104 16 22 0.3357152 
757 83 13 17 0.3154712 
423 110 46 58 0.3085995 
892 120 14 18 0.28323108 
343 68 27 37 0.19503137 
218 131 30 35 0.19087976 
803 134 19 26 0.18902251 
688 111 23 31 0.17963758 
675 122 17 23 0.15674618 
352 68 47 63 0.14352892 
650 126 25 31 0.140364 
797 175 16 21 0.1367518 
878 114 13 16 0.1284447 
844 169 16 20 0.12778865 
886 121 14 18 0.11954238 
819 133 14 18 0.1045486 
354 67 30 40 0.1015779 
884 114 13 18 0.099518746 
524 278 14 20 0.098095655 
253 79 19 21 0.0941349 
496 127 44 50 0.09226755 
318 60 12 14 0.08832789 
853 117 13 18 0.08746469 
877 122 14 17 0.086649895 
205 131 51 56 0.08480943 
386 94 55 72 0.079287045 
35 213 110 133 0.07490163 
946 133 18 23 0.07286889 
662 123 22 29 0.07060047 
750 75 14 19 0.069451824 
898 115 14 18 0.0680527 
749 136 16 21 0.06763518 
591 208 42 65 0.063673735 
668 83 13 16 0.06278834 
910 110 10 15 0.060211994 
848 122 13 19 0.059885383 
237 427 31 42 0.059248593 
749 125 17 23 0.057595957 
614 227 24 34 0.055191603 
428 109 15 22 0.054956205 
282 76 15 18 0.05488646 
436 128 19 25 0.0548578 
942 129 14 19 0.054571617 
566 404 21 27 0.05130376 
990 117 15 21 0.05085039 
761 87 15 18 0.050071802 
314 79 17 21 0.050057102 
869 78 9 11 0.04976362 
703 69 12 15 0.049582303 
621 231 15 19 0.04935976 
595 134 18 22 0.049145885 
1001 123 14 20 0.04673286 
317 76 26 33 0.045779366 
602 168 17 21 0.0455065 
125 78 58 73 0.044771183 
811 100 13 16 0.044150952 
322 114 30 41 0.042926356 
1007 96 12 16 0.04282984 
917 171 13 18 0.040488455 
349 98 48 63 0.039976228 
575 149 23 33 0.039868243 
851 127 15 20 0.038645197 
740 134 15 20 0.038376965 
894 77 11 14 0.038159806 
593 155 28 33 0.037787415 
516 116 29 42 0.036718752 
696 125 18 22 0.03655012 
664 78 11 13 0.036377084 
93 84 35 50 0.036371384 
762 122 22 28 0.036243808 
748 70 14 17 0.03619301 
338 81 28 43 0.035971053 
918 160 13 18 0.03569339 
163 543 16 23 0.034436945 
890 78 9 12 0.033895057 
586 188 43 57 0.033647288 
552 467 10 14 0.033633377 
604 236 28 45 0.033359755 
836 172 23 32 0.032951634 
574 124 13 17 0.03287114 
740 71 16 20 0.03258416 
234 86 16 20 0.0324819 
234 103 28 33 0.032195732 
645 107 16 22 0.03215983 
984 123 13 18 0.0317663 
775 123 17 23 0.031216487 
792 53 9 12 0.031168133 
286 96 31 40 0.031131206 
430 78 14 20 0.030846471 
419 62 44 62 0.030833628 
421 105 28 39 0.030379187 
805 128 13 17 0.030348986 
1011 89 12 18 0.030136246 
756 98 17 21 0.03013463 
7 206 52 74 0.029904064 
771 159 18 22 0.029839383 
368 141 49 64 0.029602794 
230 83 16 17 0.029352605 
757 71 13 16 0.029035468 
865 78 9 11 0.028863195 
950 93 10 11 0.028771723 
928 179 11 15 0.028549818 
12 67 48 62 0.028374076 
805 77 10 12 0.028286928 
793 62 10 13 0.027912559 
784 126 18 21 0.02784883 
982 104 13 17 0.027839106 
296 194 40 56 0.027507404 
888 83 10 12 0.027297493 
810 142 22 29 0.026892731 
331 66 26 33 0.026832925 
316 64 15 19 0.02676261 
715 144 17 20 0.026745968 
580 357 12 15 0.026745522 
639 121 17 24 0.026559925 
647 159 18 24 0.026444124 
380 469 23 33 0.026334587 
876 107 20 27 0.02604422 
835 126 13 19 0.026023677 
405 178 52 69 0.025994608 
943 75 9 12 0.025986403 
712 351 9 11 0.025918998 
940 115 12 17 0.025702069 
583 145 28 33 0.025554068 
824 77 10 12 0.024959965 
441 213 54 80 0.024928186 
259 76 25 27 0.024755359 
605 65 11 15 0.024674488 
757 38 10 13 0.024514167 
476 404 17 22 0.024209475 
977 94 9 11 0.02404999 
485 107 50 55 0.023965467 
227 113 31 38 0.023904935 
406 83 74 97 0.02389625 
723 137 16 21 0.02370931 
370 53 52 68 0.023602856 
161 80 51 63 0.023411514 
172 88 93 103 0.023385257 
684 56 13 15 0.02336601 
944 93 9 12 0.023159532 
959 93 9 12 0.023120685 
762 76 14 19 0.023056075 
441 59 42 53 0.023022786 
857 123 14 18 0.022983741 
380 41 14 18 0.022963898 
807 93 12 16 0.022938926 
836 165 16 20 0.022654386 
3 184 86 120 0.022652086 
845 218 28 34 0.022486456 
656 137 28 36 0.022214761 
661 162 25 35 0.022181457 
590 133 37 43 0.022032743 
918 152 11 15 0.021900114 
799 78 10 14 0.021697775 
259 131 25 34 0.021688877 
336 104 29 42 0.021388605 
944 144 14 17 0.021271145 
962 131 16 24 0.021238128 
573 157 15 22 0.021223165 
1013 125 12 17 0.021160945 
975 107 11 15 0.020977585 
700 137 14 18 0.020739792 
858 130 15 19 0.020711996 
977 101 9 12 0.020677138 
182 78 57 65 0.020591384 
868 120 22 27 0.020543838 
935 129 13 19 0.020543523 
187 220 108 167 0.020513806 
613 233 15 23 0.02038698 
384 512 30 38 0.02032695 
268 102 26 38 0.020243457 
246 77 16 19 0.020227278 
823 83 10 14 0.020191351 
