56_Voter_peoplevoting_56_874
333
969 252 46 68 0.9959363 
597 334 27 31 0.98760104 
666 252 26 30 0.98727137 
139 353 24 30 0.98246896 
686 462 80 132 0.97149247 
12 298 18 22 0.9709819 
153 391 26 36 0.9651388 
65 281 14 18 0.9547388 
89 341 25 30 0.9537045 
769 291 55 71 0.95147175 
481 366 58 67 0.95083797 
38 337 18 23 0.9315849 
566 298 24 29 0.91021323 
358 280 14 16 0.88619936 
234 395 42 47 0.8856551 
513 277 18 24 0.8244853 
193 259 11 15 0.75022405 
336 257 12 14 0.6871378 
112 298 12 15 0.68052256 
405 272 13 16 0.65391093 
515 210 13 18 0.6051595 
368 254 12 14 0.5734892 
157 285 13 18 0.55643356 
532 312 18 21 0.5523386 
169 309 15 20 0.4787297 
455 288 17 20 0.4008007 
458 250 14 18 0.35277435 
397 224 9 11 0.3027723 
452 375 81 115 0.29386365 
671 190 10 12 0.2937178 
277 275 13 14 0.28354317 
422 251 9 12 0.27256832 
332 231 10 12 0.26961002 
416 251 10 12 0.23710641 
454 245 14 17 0.23287714 
154 421 47 55 0.22646923 
547 314 25 30 0.22088699 
919 414 97 116 0.22009781 
406 246 11 14 0.21528354 
760 70 18 23 0.21355836 
632 192 10 12 0.18961246 
397 252 11 14 0.18886906 
272 247 10 13 0.16515206 
912 425 16 22 0.16214125 
276 246 9 12 0.15066198 
136 286 12 16 0.14668824 
968 224 28 38 0.14299753 
447 215 11 13 0.14221855 
496 215 8 11 0.14007135 
485 238 12 14 0.13610685 
463 223 11 13 0.12651646 
283 273 12 15 0.12125295 
430 227 10 12 0.114402965 
400 246 11 14 0.11304144 
599 215 10 12 0.109491736 
624 175 8 10 0.10766802 
511 217 12 15 0.107360974 
349 222 9 12 0.1045832 
146 396 46 57 0.10213397 
294 243 11 13 0.101221636 
866 442 16 20 0.10002068 
465 204 9 11 0.096533105 
448 245 24 28 0.09651917 
551 199 9 11 0.093782306 
223 246 9 11 0.09136492 
663 189 10 11 0.0908613 
722 134 8 11 0.08979979 
162 288 12 18 0.08972706 
432 277 11 14 0.082214236 
247 236 9 12 0.080803335 
95 316 21 26 0.0755288 
394 222 8 11 0.0745588 
656 183 8 11 0.07354594 
308 354 42 61 0.07310185 
452 213 10 12 0.07233704 
535 204 9 13 0.07202082 
653 326 42 57 0.07070809 
164 356 11 15 0.06931876 
220 319 15 19 0.06760604 
271 257 12 15 0.06752627 
276 253 11 14 0.0674379 
669 194 12 15 0.067087874 
405 239 11 13 0.064221635 
318 260 11 13 0.06410228 
574 172 9 11 0.0632255 
376 229 9 12 0.061067667 
289 243 10 13 0.060356326 
507 227 11 15 0.059807263 
264 246 10 13 0.058441028 
188 251 18 24 0.057854075 
437 282 12 15 0.056506187 
367 248 11 15 0.05634542 
631 174 8 10 0.056342985 
983 401 45 97 0.055506688 
624 180 9 11 0.055378117 
274 280 15 17 0.054855056 
316 239 10 12 0.054594245 
687 166 8 11 0.054531842 
745 158 8 11 0.054276418 
173 260 10 12 0.053560108 
196 246 12 14 0.052541837 
318 245 9 12 0.051584817 
688 175 8 11 0.05149383 
125 438 33 42 0.051200286 
166 298 15 20 0.04930371 
657 187 9 11 0.04870555 
4 281 17 21 0.04843617 
320 254 10 13 0.047979202 
423 199 10 11 0.04776226 
623 189 10 12 0.04744618 
545 198 9 12 0.04714569 
237 261 10 13 0.046870913 
593 183 9 11 0.04663788 
99 310 14 17 0.04662394 
833 445 21 31 0.046021592 
53 322 14 17 0.045659482 
126 293 10 14 0.04540997 
408 206 8 10 0.045208123 
8 284 22 29 0.04515421 
155 278 11 15 0.04502338 
150 371 27 36 0.04482105 
384 343 43 58 0.04465726 
473 214 8 11 0.044159003 
50 436 30 36 0.043412916 
312 268 10 12 0.043092545 
222 251 11 13 0.04304538 
162 389 17 22 0.042910703 
426 229 10 11 0.04259938 
525 205 12 15 0.04232413 
423 205 11 12 0.042310696 
669 421 141 203 0.04204607 
352 215 8 11 0.041397925 
237 253 11 14 0.041202676 
87 567 57 75 0.04119052 
637 196 9 12 0.040919647 
966 235 36 48 0.040845007 
594 205 8 11 0.04076416 
5 339 15 19 0.040693704 
375 214 10 11 0.04058413 
178 307 14 18 0.039526794 
430 214 10 12 0.039196264 
577 204 9 11 0.038792875 
727 111 14 19 0.03876196 
479 220 9 12 0.038660847 
537 200 9 12 0.03862863 
254 393 32 40 0.03860695 
220 240 11 13 0.03823627 
241 235 10 13 0.038183406 
521 210 13 17 0.038163565 
597 206 10 13 0.03801583 
66 297 14 17 0.037849713 
156 338 14 17 0.03753003 
335 264 11 14 0.037322957 
445 282 12 16 0.03725053 
87 562 15 17 0.03704527 
295 249 12 15 0.036964897 
610 362 25 31 0.03624117 
264 276 10 13 0.03578187 
185 271 9 12 0.035369188 
553 300 36 46 0.035029594 
233 268 11 14 0.034949463 
467 252 11 15 0.033793166 
477 215 9 12 0.033762258 
582 187 10 13 0.033719193 
405 263 11 15 0.033699933 
200 223 9 12 0.033677675 
476 284 12 16 0.033660173 
850 436 26 28 0.033349555 
319 336 57 73 0.033070758 
342 247 11 14 0.03305594 
447 238 12 14 0.032958597 
231 252 10 13 0.032750864 
215 269 10 12 0.032740492 
171 317 16 19 0.032539852 
524 197 11 14 0.03240839 
404 230 12 13 0.032404196 
132 138 47 51 0.032361172 
619 174 8 10 0.032110456 
353 277 14 17 0.032056496 
656 177 7 10 0.032014944 
527 190 9 11 0.031973865 
751 127 9 11 0.031808343 
264 252 12 14 0.031798206 
392 228 10 12 0.031742007 
662 184 9 12 0.031469196 
200 228 10 12 0.031371128 
456 206 9 11 0.031014597 
193 238 9 12 0.03070698 
583 206 8 10 0.030546758 
342 226 11 13 0.030467922 
101 293 15 17 0.030426893 
568 171 10 13 0.029955566 
365 252 19 24 0.029847225 
335 247 11 14 0.029721266 
770 107 15 17 0.029551668 
470 220 10 13 0.029545404 
10 276 13 17 0.029513996 
591 188 9 11 0.029357579 
381 229 10 13 0.029243294 
382 205 10 12 0.0291604 
727 159 7 10 0.029074343 
300 253 11 13 0.029040836 
77 303 14 18 0.028877955 
743 284 60 70 0.028824257 
639 175 8 9 0.028045138 
680 126 10 13 0.027898623 
264 229 8 11 0.027876813 
154 352 16 21 0.027822258 
189 309 10 13 0.027811205 
485 231 11 14 0.027643427 
593 199 8 12 0.027618652 
423 212 11 13 0.027545245 
533 379 32 46 0.02740457 
672 167 7 10 0.02724309 
159 238 9 11 0.027231038 
152 230 9 11 0.027189922 
184 253 11 14 0.027187206 
647 198 9 12 0.027127177 
628 198 14 19 0.026963672 
114 303 15 19 0.026900737 
425 222 10 13 0.026887864 
664 167 8 9 0.026864475 
502 243 13 19 0.026858654 
230 247 10 13 0.026809985 
278 239 11 14 0.026720082 
519 198 10 12 0.026567841 
648 165 7 9 0.026312869 
375 199 10 11 0.026289104 
431 272 10 14 0.026286587 
466 288 16 20 0.026261885 
369 213 9 11 0.026172837 
163 379 17 23 0.025911858 
366 268 12 15 0.02585396 
153 224 8 10 0.02584594 
559 321 18 23 0.025830049 
376 206 9 11 0.025811588 
232 261 11 14 0.025802886 
441 215 9 12 0.025698999 
718 280 39 61 0.025654038 
86 339 18 24 0.02550475 
678 184 8 12 0.025426596 
949 213 41 58 0.025352247 
597 183 9 10 0.025273666 
463 212 9 12 0.025261728 
445 228 12 14 0.025218619 
305 378 29 44 0.025124988 
536 188 9 10 0.02497334 
575 200 8 12 0.024888463 
403 245 19 23 0.024849985 
222 267 10 13 0.02483383 
512 368 39 46 0.024802007 
229 223 12 14 0.024702467 
519 191 9 11 0.024692573 
669 201 13 16 0.024655169 
349 243 11 14 0.024649782 
373 276 11 15 0.024599366 
617 160 8 9 0.024589265 
206 279 9 12 0.024573434 
171 294 11 14 0.024507523 
368 229 11 13 0.024440397 
742 115 11 14 0.024421034 
237 272 12 17 0.02437144 
414 258 12 14 0.024368292 
381 213 10 13 0.024151536 
329 234 10 13 0.02411684 
108 285 14 18 0.024001189 
400 205 8 11 0.02399323 
682 166 8 11 0.023922987 
594 212 10 14 0.023820782 
910 420 27 34 0.023761638 
629 182 10 12 0.023689236 
908 2 16 17 0.02353347 
512 190 8 10 0.023451725 
422 178 10 13 0.02336971 
373 233 12 14 0.023256488 
172 285 11 14 0.023238331 
665 184 18 23 0.023198115 
444 280 21 26 0.023167938 
624 159 7 9 0.02311211 
423 380 69 91 0.023048429 
749 118 9 12 0.022905601 
325 246 10 13 0.022886593 
351 237 10 13 0.022881761 
844 444 27 29 0.022864461 
146 341 22 30 0.022864344 
371 247 12 14 0.02285356 
221 260 11 13 0.02283877 
364 269 22 26 0.022812732 
551 193 9 11 0.022810008 
947 256 45 63 0.022726327 
439 220 9 12 0.022490121 
383 235 11 15 0.022489088 
528 197 19 25 0.022419661 
538 315 20 25 0.022365402 
217 244 10 12 0.022334184 
358 230 9 13 0.022275679 
599 158 7 9 0.022183295 
381 254 11 16 0.02207658 
656 159 8 9 0.022032928 
183 230 10 12 0.021969894 
439 237 11 15 0.021891307 
185 258 12 15 0.021708295 
391 215 9 11 0.021684067 
879 435 116 142 0.021443622 
454 279 12 15 0.021330532 
559 173 9 13 0.021317624 
447 206 10 12 0.021275707 
135 283 20 26 0.02121521 
328 225 9 12 0.0211718 
217 253 10 12 0.021160232 
246 241 11 15 0.021126524 
472 415 40 58 0.021050122 
135 374 28 37 0.021027228 
399 215 9 11 0.021025624 
494 241 13 17 0.020928312 
50 311 23 28 0.020848999 
446 198 10 11 0.02083511 
507 235 13 16 0.020800542 
271 254 20 24 0.020722859 
482 233 19 24 0.020611105 
597 344 31 40 0.020529268 
470 200 8 11 0.020506574 
457 217 20 25 0.020482935 
428 206 10 13 0.020468192 
722 159 8 11 0.020459082 
66 303 17 20 0.020443555 
358 213 9 12 0.020433115 
482 228 10 14 0.02039884 
436 271 11 15 0.020366637 
336 223 9 12 0.02024003 
663 174 8 10 0.020100038 
412 246 18 22 0.020020083 
395 236 45 60 0.020012215 
