30_Surgeons_Surgeons_30_95
69
759 222 65 92 0.9848065 
594 198 57 59 0.92535514 
561 158 39 54 0.7224591 
348 202 60 71 0.3418515 
645 185 46 53 0.2157202 
477 423 28 36 0.21077265 
313 154 48 63 0.12656711 
163 237 11 14 0.091264084 
594 177 34 51 0.087483175 
327 188 60 80 0.08446912 
1010 129 13 20 0.08049221 
214 190 9 12 0.07964162 
798 227 89 119 0.07881951 
744 625 52 53 0.06459382 
625 198 53 55 0.060341295 
20 339 13 16 0.058853764 
35 450 13 16 0.047396425 
835 411 136 182 0.04576748 
578 153 26 38 0.04458304 
88 366 9 12 0.042267106 
295 140 52 64 0.04024938 
418 1 16 18 0.037943166 
479 425 17 22 0.03743844 
576 168 36 50 0.036085203 
618 513 32 32 0.03582729 
296 41 18 19 0.034807857 
209 189 10 14 0.0346415 
568 351 11 13 0.03325344 
114 322 13 18 0.03320296 
456 405 49 50 0.033010665 
626 525 26 29 0.032892887 
226 41 106 123 0.031603806 
466 73 26 35 0.031544045 
733 149 9 11 0.030467885 
169 186 15 18 0.030113453 
847 199 49 68 0.029728305 
30 356 11 15 0.029255413 
212 327 12 21 0.029253183 
473 65 26 31 0.02923503 
213 307 10 15 0.028098388 
177 301 7 10 0.027906226 
563 100 12 15 0.026417227 
577 148 19 22 0.026236145 
484 61 14 18 0.026160654 
95 365 10 14 0.02606278 
10 612 52 70 0.02571198 
969 322 51 74 0.025710786 
731 197 32 36 0.025563147 
490 65 13 17 0.025515638 
157 221 9 11 0.024706151 
678 178 47 59 0.024424715 
11 330 22 29 0.023843305 
293 36 29 31 0.023783417 
664 174 33 49 0.022741877 
829 216 58 86 0.022361696 
493 424 35 36 0.0219968 
67 366 11 13 0.021443674 
844 193 36 45 0.021254646 
145 319 7 10 0.021199139 
848 182 27 36 0.02115686 
1007 125 12 17 0.020951033 
669 213 56 64 0.020605696 
628 545 14 16 0.020593474 
269 22 60 59 0.020558579 
65 142 226 251 0.020436332 
641 531 16 19 0.020434901 
519 68 11 17 0.020379622 
267 23 32 33 0.020366877 
246 93 93 109 0.020056272 
