30_Surgeons_Surgeons_30_533
37
497 260 48 60 0.995955 
674 9 68 94 0.45150566 
153 143 84 126 0.19443657 
855 204 22 30 0.14937483 
831 203 21 28 0.14584234 
695 122 34 42 0.11629977 
564 246 9 12 0.10173231 
835 257 20 24 0.08834912 
816 425 30 33 0.077368036 
212 543 12 17 0.06594067 
931 207 15 19 0.061113365 
821 28 30 41 0.060812358 
897 187 19 21 0.058363866 
693 276 13 18 0.051141087 
903 227 24 33 0.051077675 
838 200 25 31 0.050561786 
559 268 12 15 0.042217653 
958 485 24 31 0.04202639 
916 221 27 35 0.039006483 
564 270 13 15 0.034442287 
452 137 13 16 0.031811442 
355 289 15 19 0.03010615 
740 505 15 24 0.027707111 
968 490 17 22 0.0253744 
906 485 24 29 0.024782581 
689 270 22 30 0.024682235 
708 5 31 40 0.023839278 
465 397 165 216 0.023073012 
918 211 42 58 0.023058549 
934 46 47 53 0.022172522 
179 388 16 20 0.021795921 
925 211 25 33 0.021660157 
334 167 46 59 0.021384908 
993 247 25 37 0.021034244 
407 351 9 11 0.020788545 
858 266 14 19 0.02013971 
553 275 44 61 0.020059083 
