30_Surgeons_Surgeons_30_552
18
210 261 32 39 0.9800976 
383 222 31 37 0.9715812 
270 440 145 183 0.20862679 
222 185 46 53 0.09904408 
723 275 14 17 0.04272754 
400 222 24 32 0.03768193 
194 264 48 61 0.036460847 
253 309 10 13 0.030416336 
188 254 24 36 0.027869567 
309 3 29 35 0.027067864 
154 463 100 124 0.025709579 
238 319 25 33 0.02469664 
412 353 15 18 0.024428932 
826 430 101 123 0.023456363 
486 330 45 55 0.0233503 
252 316 14 21 0.020742353 
395 350 26 34 0.02060665 
236 329 17 20 0.02000034 
