53_Raid_policeraid_53_92
33
712 263 29 36 0.99860007 
498 223 37 50 0.99509394 
643 287 28 34 0.9785961 
469 292 28 36 0.07920951 
134 221 9 12 0.06741694 
746 317 13 15 0.06637645 
589 236 10 13 0.062561795 
245 437 9 14 0.060197916 
588 288 12 15 0.054281235 
596 246 12 14 0.05405979 
397 218 12 16 0.05074812 
539 343 24 28 0.041753523 
109 237 12 15 0.03850621 
519 299 27 30 0.03703182 
236 595 17 21 0.035143357 
682 365 16 22 0.034321077 
614 234 12 15 0.033718325 
431 251 353 499 0.03349416 
55 542 27 32 0.03145503 
396 226 12 15 0.030854413 
590 231 10 13 0.030449707 
543 301 11 14 0.029862316 
597 224 10 11 0.027387189 
609 262 10 12 0.027073588 
592 243 11 13 0.025324449 
558 341 13 16 0.023884472 
565 341 12 14 0.022328058 
633 292 24 30 0.022198431 
42 417 47 59 0.021467531 
643 355 13 19 0.021403097 
543 247 11 16 0.021173889 
108 536 29 38 0.021014232 
261 591 25 30 0.020270156 
