53_Raid_policeraid_53_445
98
533 273 104 143 0.9996549 
213 195 46 58 0.9797814 
118 165 47 62 0.9743205 
977 155 38 51 0.9703733 
615 146 45 60 0.967 
369 130 48 57 0.96442074 
764 163 41 50 0.9547365 
823 133 45 55 0.9499468 
423 160 37 46 0.9105342 
511 188 39 51 0.8636368 
65 182 41 51 0.859806 
330 251 40 45 0.6893402 
219 278 31 39 0.49032405 
307 201 38 48 0.4420151 
944 159 28 41 0.22884837 
442 161 35 43 0.20088713 
716 178 29 39 0.124627136 
155 289 41 48 0.1158414 
411 246 42 52 0.10773088 
107 618 41 45 0.099693224 
900 235 41 47 0.09315596 
837 112 19 22 0.0851789 
316 218 46 60 0.072878 
496 251 30 40 0.071044385 
136 148 27 36 0.06832975 
810 257 40 52 0.066043004 
194 315 208 279 0.05526029 
468 102 24 32 0.053846974 
766 262 28 40 0.052533325 
495 198 45 59 0.052177962 
841 97 22 31 0.051062655 
110 90 15 22 0.0496096 
393 140 45 59 0.04380327 
902 212 44 54 0.042301074 
17 416 67 104 0.037916433 
509 101 18 25 0.037735905 
899 165 22 31 0.037462402 
220 294 22 27 0.037461676 
283 285 30 41 0.03651884 
82 290 36 49 0.03617918 
1 99 53 90 0.035594363 
484 219 30 39 0.03437277 
348 293 36 44 0.034115814 
637 122 44 64 0.03398765 
376 179 45 56 0.03209261 
166 125 47 54 0.032038655 
838 112 30 40 0.032005977 
108 624 18 23 0.03058601 
482 168 29 37 0.030410375 
146 138 30 38 0.029652163 
469 220 25 34 0.02930995 
273 443 35 52 0.02889941 
142 148 17 21 0.028894043 
656 123 30 43 0.028810112 
850 90 16 24 0.028511975 
377 102 28 38 0.028276304 
318 358 17 25 0.028090278 
300 251 28 42 0.027534815 
314 180 46 61 0.027515825 
295 230 45 67 0.027420228 
823 576 35 47 0.02702336 
284 212 43 60 0.026663011 
853 523 14 17 0.02587249 
781 516 92 122 0.025606494 
160 133 30 39 0.025404647 
185 272 45 52 0.025242003 
310 259 43 63 0.025098128 
533 99 22 27 0.024682486 
455 219 30 39 0.024564914 
135 549 42 55 0.024226017 
179 273 352 419 0.024149206 
593 115 18 22 0.024066685 
256 202 45 57 0.023824237 
358 200 47 56 0.023802511 
422 238 33 36 0.023618266 
891 198 24 35 0.023297133 
109 140 73 102 0.023208493 
12 292 31 44 0.02305777 
707 15 395 489 0.022958046 
809 103 73 93 0.022786174 
339 267 36 43 0.022630565 
921 221 45 55 0.022612954 
522 177 28 41 0.02230741 
292 398 28 36 0.022132544 
152 109 30 41 0.022112435 
406 203 42 54 0.021853816 
257 369 99 137 0.021410123 
810 556 25 38 0.02130973 
410 168 32 43 0.021111343 
-4 49 85 145 0.020973364 
291 268 35 47 0.020923229 
913 91 26 38 0.020890696 
373 212 45 57 0.02079036 
525 203 35 45 0.02062316 
2 115 31 49 0.020538261 
331 173 32 44 0.020462379 
277 239 44 63 0.020179832 
216 188 70 89 0.020039573 
