53_Raid_policeraid_53_43
32
471 123 37 41 0.9984316 
768 89 45 57 0.99352056 
655 37 31 40 0.99092615 
88 90 39 42 0.9743893 
620 133 36 51 0.95396596 
262 128 37 43 0.87771696 
14 210 11 17 0.110986486 
945 308 66 88 0.08776058 
488 280 47 55 0.084139146 
268 603 39 36 0.07348853 
356 131 22 29 0.070777856 
518 198 11 14 0.047853928 
364 208 40 55 0.04626678 
173 122 31 32 0.03842461 
144 198 50 74 0.037357986 
862 766 10 13 0.036661014 
180 125 17 19 0.03450071 
659 59 17 22 0.034049954 
208 275 41 35 0.032693226 
269 161 47 63 0.032000445 
820 637 13 16 0.026170308 
351 119 12 14 0.02434082 
503 360 236 282 0.023999665 
678 136 26 34 0.023807678 
394 547 24 27 0.02360102 
90 100 24 26 0.023510307 
245 119 44 61 0.023041481 
1014 612 9 13 0.022282124 
171 213 47 63 0.022164533 
108 544 187 215 0.022047075 
696 152 16 20 0.020197581 
510 281 31 37 0.020174567 
