53_Raid_policeraid_53_54
47
644 170 59 83 0.9994624 
354 167 36 43 0.9938659 
171 170 35 36 0.71986544 
310 179 14 18 0.23596433 
126 175 27 33 0.22076115 
187 162 24 37 0.16592552 
666 126 27 31 0.1537092 
49 166 36 44 0.13330202 
642 99 12 17 0.08782087 
155 176 15 21 0.08715788 
114 178 31 39 0.08583869 
145 172 21 31 0.077126205 
678 208 338 462 0.054116342 
299 282 28 38 0.050046433 
58 174 19 23 0.0477306 
122 178 18 22 0.046804562 
307 170 22 31 0.04426865 
517 471 39 50 0.043461762 
137 181 18 22 0.04300563 
779 309 21 26 0.04224447 
152 161 27 38 0.04180474 
174 248 14 20 0.040424444 
276 200 23 29 0.039145693 
-49 264 486 519 0.038953304 
299 183 25 32 0.038406607 
38 167 29 35 0.037039813 
295 197 13 17 0.03421622 
167 219 22 26 0.03331962 
331 167 37 44 0.032908432 
291 194 23 28 0.03277835 
194 272 16 20 0.030238602 
854 360 28 38 0.029680945 
179 184 30 34 0.028801965 
127 151 27 41 0.0282114 
185 223 17 21 0.027799448 
290 272 53 66 0.027602032 
162 177 22 24 0.027274579 
532 317 39 42 0.025767902 
57 -7 66 82 0.025485003 
511 480 24 35 0.024805287 
54 118 23 30 0.024251109 
-5 462 195 290 0.023743052 
624 77 10 14 0.02252993 
213 255 14 19 0.022052586 
68 173 38 47 0.021221597 
317 168 30 36 0.021213796 
531 475 19 23 0.020573629 
