53_Raid_policeraid_53_736
83
377 179 36 45 0.85345924 
278 206 36 41 0.84916335 
488 187 41 50 0.767155 
613 319 41 45 0.20204647 
150 348 24 28 0.16817449 
119 223 28 35 0.12812476 
194 224 24 29 0.11833833 
253 241 24 30 0.10512614 
640 381 62 76 0.07033237 
634 424 66 82 0.070280336 
109 219 26 31 0.060797222 
107 211 15 18 0.060187448 
194 235 27 32 0.056407362 
76 282 13 18 0.053685647 
212 220 13 18 0.05136758 
703 239 11 14 0.050652735 
601 300 32 42 0.049705654 
110 236 28 33 0.04914953 
124 267 17 21 0.048639663 
105 209 25 30 0.047705684 
615 336 62 72 0.045414947 
366 169 27 35 0.045335263 
413 278 15 19 0.044348396 
204 218 17 23 0.04327012 
90 325 13 17 0.042265065 
825 330 54 72 0.04217249 
276 209 20 24 0.04100701 
206 251 27 35 0.038819835 
118 251 27 33 0.038711846 
692 189 10 13 0.037381545 
173 257 16 20 0.03664545 
190 212 13 15 0.034444157 
181 237 24 32 0.034139663 
206 207 11 14 0.03394617 
81 322 22 29 0.033823855 
188 227 18 22 0.033753242 
78 269 10 14 0.033703882 
863 343 39 46 0.03346599 
558 242 25 31 0.033360995 
257 239 16 19 0.032061316 
163 264 23 30 0.03199165 
109 243 16 21 0.031746432 
646 346 37 43 0.031185916 
680 199 9 12 0.030596804 
258 324 17 21 0.029440766 
189 219 15 19 0.029295675 
217 259 23 31 0.029249288 
154 209 16 20 0.02875886 
79 279 23 31 0.027992072 
124 240 27 35 0.02735476 
126 262 25 29 0.026735105 
365 166 15 18 0.0259157 
269 213 29 36 0.025868038 
813 371 128 146 0.02552009 
192 210 23 30 0.02514634 
358 165 24 34 0.024692796 
95 280 28 37 0.024492001 
282 218 21 26 0.024436308 
251 368 16 18 0.024384882 
600 368 92 117 0.024120646 
321 241 35 44 0.023853684 
627 323 43 52 0.023710297 
196 211 13 17 0.023641665 
210 283 30 35 0.023624148 
111 268 26 32 0.023501402 
392 186 31 53 0.022914842 
644 486 60 66 0.022560384 
997 53 27 42 0.02233639 
399 244 44 59 0.02231201 
362 186 31 37 0.02202105 
597 402 52 64 0.021974178 
666 396 38 50 0.021938981 
92 292 14 17 0.02189365 
201 295 25 31 0.021710793 
579 500 38 43 0.021390265 
617 445 61 72 0.021298401 
105 249 23 32 0.021275904 
91 361 13 17 0.021223342 
100 230 24 30 0.021075532 
648 447 38 54 0.020570943 
210 212 13 17 0.020324633 
384 183 22 29 0.020239944 
555 272 50 67 0.02005035 
