53_Raid_policeraid_53_256
56
573 123 69 73 0.9930648 
648 93 57 67 0.95182836 
970 91 45 73 0.940708 
837 122 47 84 0.9229194 
86 32 42 65 0.87955123 
793 237 32 54 0.16592374 
822 170 46 69 0.1425959 
756 196 33 41 0.12521017 
643 540 34 37 0.09127764 
753 60 25 35 0.08752282 
749 136 28 46 0.0863147 
747 64 39 53 0.07629977 
756 136 42 53 0.07057589 
953 103 49 76 0.06522907 
487 279 91 112 0.06492632 
378 97 28 44 0.053200725 
814 125 50 71 0.052359253 
663 3 24 24 0.04988501 
827 192 29 42 0.049022496 
924 125 57 73 0.044255085 
367 283 22 28 0.043202605 
377 102 48 59 0.040949948 
910 87 69 75 0.039597403 
651 552 20 21 0.03888701 
705 130 45 56 0.035976626 
408 79 32 36 0.034626134 
95 62 36 52 0.034077298 
629 521 51 50 0.030784473 
705 0 25 23 0.029051013 
878 111 84 100 0.028909778 
814 210 49 65 0.028577952 
859 134 56 71 0.02849027 
745 151 43 57 0.02791938 
827 90 28 37 0.027149346 
354 361 26 31 0.026484875 
813 203 36 40 0.025887959 
813 84 89 108 0.025835149 
463 84 59 68 0.025349015 
809 53 28 33 0.02493067 
793 259 50 69 0.024732487 
727 134 39 56 0.024722224 
29 205 97 137 0.02433706 
813 82 50 63 0.02413728 
781 129 49 60 0.023866003 
631 124 56 62 0.023276104 
815 146 77 104 0.022611132 
361 313 24 30 0.022467101 
763 174 44 54 0.022319002 
816 62 32 39 0.021987053 
337 346 28 33 0.021314306 
280 377 54 72 0.021111047 
755 83 42 53 0.020836998 
397 108 61 73 0.020786934 
535 326 35 43 0.020683305 
429 84 44 48 0.020398252 
827 240 51 67 0.020128347 
