53_Raid_policeraid_53_489
66
55 139 38 50 0.9702599 
67 230 22 30 0.7818344 
441 272 19 25 0.5366892 
399 304 23 29 0.24264741 
429 271 14 18 0.22844607 
335 271 24 31 0.20931384 
374 171 8 12 0.16986398 
411 305 26 29 0.16100484 
672 159 26 31 0.1295048 
760 128 11 13 0.09758045 
430 269 23 27 0.09433698 
994 129 17 23 0.08512868 
426 306 17 20 0.082105614 
338 267 17 21 0.07905921 
930 311 7 9 0.068039015 
423 312 25 31 0.06360551 
54 224 25 34 0.060072754 
579 126 25 32 0.05724012 
648 224 51 63 0.05498286 
945 344 7 9 0.054687057 
94 132 15 21 0.050118934 
480 285 11 16 0.043922596 
346 169 16 20 0.043832317 
450 269 12 18 0.04361801 
435 319 17 23 0.041909706 
993 309 8 11 0.041431714 
333 262 17 18 0.040749338 
0 102 20 32 0.040523656 
404 314 44 49 0.03952091 
586 577 18 19 0.03374868 
1013 325 8 12 0.03278543 
387 305 24 34 0.03160573 
433 285 19 21 0.031528704 
555 262 21 29 0.029367588 
371 213 11 14 0.029354194 
956 54 9 12 0.029331999 
935 326 8 10 0.029181886 
880 312 9 12 0.029104915 
703 234 12 17 0.02816763 
483 263 11 15 0.026796376 
918 320 8 10 0.026344428 
404 316 17 23 0.025663326 
989 124 16 24 0.023887282 
864 46 10 13 0.0236576 
92 333 27 32 0.023640422 
75 134 26 39 0.02360433 
951 343 8 10 0.023549715 
681 157 17 20 0.023403255 
967 360 8 10 0.022974966 
1007 319 8 11 0.022952816 
935 343 7 9 0.022255544 
326 265 26 31 0.02219085 
782 126 9 13 0.022060206 
567 54 11 14 0.021948572 
961 318 8 10 0.021852978 
934 319 8 11 0.021782646 
693 164 12 18 0.02175633 
984 367 7 9 0.021174792 
504 381 23 30 0.02113463 
777 126 9 12 0.020891847 
382 342 27 40 0.020735305 
991 317 8 10 0.020697856 
290 377 14 19 0.02024185 
427 291 24 30 0.020104593 
382 362 25 40 0.020046022 
388 362 14 20 0.02000797 
