53_Raid_policeraid_53_770
79
196 58 58 73 0.99895084 
393 87 56 78 0.9966899 
119 155 98 121 0.1691381 
914 205 9 11 0.16120657 
826 219 44 51 0.12676215 
775 174 8 10 0.12109322 
768 173 8 11 0.10301736 
782 175 9 11 0.09120856 
778 117 10 13 0.08530733 
909 237 13 15 0.065747425 
912 200 9 12 0.059902444 
702 201 9 11 0.05916065 
666 322 33 48 0.058645755 
907 365 11 17 0.054760326 
774 169 8 10 0.054546323 
768 134 8 11 0.05449488 
352 160 10 13 0.053922944 
781 120 11 15 0.050971974 
825 147 10 13 0.050353125 
14 181 14 17 0.049361218 
902 196 9 12 0.048729993 
793 2 48 64 0.045968782 
711 190 8 9 0.04408443 
769 169 8 10 0.043689985 
267 275 11 14 0.042826228 
295 158 12 17 0.04239407 
16 268 12 15 0.04216436 
864 233 32 39 0.04079488 
761 174 8 11 0.038858753 
13 422 126 182 0.038124613 
783 133 8 12 0.03618218 
554 183 8 11 0.034928754 
964 220 11 13 0.033449937 
739 208 7 9 0.03194999 
928 199 9 13 0.031672306 
881 250 14 18 0.03148307 
848 154 11 13 0.030613894 
862 385 28 32 0.030342259 
897 197 9 12 0.029678386 
341 166 11 15 0.029642839 
874 368 14 16 0.029627133 
808 166 9 12 0.029448932 
777 123 10 13 0.028418373 
558 391 11 14 0.028155547 
784 165 10 12 0.028138876 
941 192 10 14 0.028083209 
825 204 30 41 0.027800435 
784 180 8 10 0.027528021 
807 159 9 11 0.027100112 
178 304 17 20 0.025880124 
708 384 59 65 0.02568815 
859 390 14 17 0.02556707 
835 234 17 20 0.025347231 
917 201 9 12 0.025137898 
801 159 8 11 0.024605455 
774 133 9 12 0.024030523 
735 175 9 12 0.02386479 
553 188 7 10 0.02348873 
742 207 8 9 0.023052808 
768 180 8 10 0.022579024 
645 382 208 237 0.022444068 
675 73 106 126 0.022304637 
501 189 9 11 0.021700092 
783 141 8 10 0.021616247 
463 423 11 15 0.021520412 
729 181 8 10 0.021448568 
742 243 9 12 0.021436417 
855 394 13 15 0.02141471 
607 198 8 10 0.021405265 
787 115 10 16 0.02136476 
870 0 13 13 0.021194872 
335 169 14 18 0.020990347 
944 149 7 9 0.020960696 
802 305 30 31 0.020915806 
813 165 10 13 0.020582825 
718 107 106 124 0.020548746 
784 151 9 12 0.020336788 
870 363 23 27 0.020327125 
673 185 8 9 0.020268213 
