53_Raid_policeraid_53_212
34
486 87 57 68 0.9995328 
881 88 53 78 0.9962658 
620 95 48 67 0.98903835 
284 310 43 61 0.97950876 
640 322 64 76 0.88057613 
344 128 22 29 0.83066124 
229 88 31 56 0.6563779 
642 148 54 61 0.27804613 
244 102 48 56 0.21346772 
626 121 57 75 0.12307271 
547 510 32 37 0.07618255 
191 158 12 15 0.06903336 
419 217 34 39 0.066214986 
550 59 42 55 0.058700334 
269 105 37 50 0.049934 
557 506 42 47 0.046379402 
740 139 14 19 0.038439095 
556 416 44 65 0.038042225 
239 165 88 117 0.037056867 
682 250 15 22 0.035968624 
962 447 16 19 0.033964172 
553 519 18 24 0.032415614 
820 184 16 18 0.03173859 
332 122 37 48 0.031405177 
923 39 35 38 0.02995625 
791 163 52 63 0.027256906 
904 251 57 55 0.02640915 
738 133 30 37 0.024916597 
803 361 27 36 0.024452392 
344 202 28 51 0.023590712 
409 228 44 58 0.0228002 
345 263 33 42 0.020625368 
581 113 32 42 0.020542687 
240 121 84 108 0.02011735 
