53_Raid_policeraid_53_827
49
861 190 35 51 0.9375124 
567 184 31 33 0.89732677 
935 210 73 79 0.708734 
647 170 43 58 0.6211859 
658 258 85 105 0.57659143 
96 438 113 160 0.36049628 
178 55 233 292 0.35194784 
75 16 366 472 0.25290006 
665 174 42 59 0.20341697 
958 188 56 74 0.16098689 
515 250 369 502 0.1365162 
299 47 226 262 0.09559753 
597 383 61 78 0.09056705 
617 251 46 62 0.089634 
584 366 49 79 0.081698634 
212 140 134 171 0.08007534 
314 88 30 38 0.07962749 
270 130 126 174 0.07489388 
384 464 209 287 0.06643884 
637 173 32 46 0.06569131 
68 374 193 241 0.062298954 
540 378 202 257 0.060007844 
643 253 48 69 0.059447005 
304 295 345 423 0.055830024 
668 239 66 79 0.05138558 
583 248 54 58 0.044716705 
926 392 108 185 0.03857772 
18 124 16 21 0.037885424 
543 234 31 37 0.03521799 
618 405 56 69 0.03446315 
385 95 57 67 0.03422407 
685 160 43 61 0.02994653 
313 178 81 89 0.029744348 
96 104 206 277 0.029027268 
360 82 92 110 0.028827623 
635 185 42 63 0.027672444 
581 185 21 23 0.026759358 
725 519 119 165 0.025637073 
673 189 55 69 0.025611786 
569 340 47 72 0.024443073 
609 202 16 20 0.024185816 
623 282 114 136 0.023743538 
828 421 119 143 0.023070699 
356 351 147 167 0.023043588 
589 347 109 136 0.022701599 
538 188 26 32 0.022342417 
310 197 110 128 0.021529112 
929 180 67 79 0.021008406 
139 279 60 69 0.020361086 
