53_Raid_policeraid_53_14
18
360 224 66 71 0.9985196 
501 -1 45 45 0.9938094 
542 260 61 75 0.98729634 
761 -1 59 39 0.68171835 
559 335 173 219 0.32605216 
688 125 27 34 0.1451855 
788 104 195 287 0.05980097 
491 245 336 417 0.048151117 
212 0 36 25 0.04179049 
567 255 59 77 0.040755462 
369 0 19 18 0.039821357 
425 23 31 37 0.032901667 
184 0 65 63 0.03150454 
429 198 14 18 0.025946341 
670 111 354 451 0.024528285 
548 377 105 126 0.022643523 
776 8 69 54 0.021883436 
548 251 39 55 0.020236189 
