53_Raid_policeraid_53_829
25
677 72 33 41 0.60039276 
570 288 117 141 0.07214817 
613 185 17 23 0.06680671 
147 39 74 120 0.049064033 
133 407 15 18 0.04275394 
143 99 12 17 0.04109803 
495 224 31 36 0.035888206 
104 198 10 12 0.031761974 
33 227 11 14 0.030630758 
96 397 10 14 0.029996386 
424 -27 354 444 0.026937474 
671 88 38 51 0.026632167 
101 118 10 13 0.025018476 
39 180 9 11 0.024015883 
475 220 48 57 0.023630066 
427 218 41 56 0.023419157 
46 132 9 12 0.022766443 
647 145 42 63 0.0225888 
436 232 15 18 0.022505919 
127 382 9 10 0.02172601 
135 357 10 12 0.021330489 
678 74 19 26 0.020720068 
39 347 10 13 0.020605778 
602 91 103 117 0.020601526 
136 381 10 11 0.020485455 
