53_Raid_policeraid_53_543
71
583 192 93 116 0.99731135 
725 222 49 67 0.95988965 
50 167 19 23 0.90799165 
78 262 39 42 0.89594734 
794 222 50 82 0.8864745 
485 289 21 26 0.86789644 
164 162 21 26 0.854013 
391 256 32 42 0.75329804 
531 285 18 23 0.74014723 
-4 179 40 85 0.71377206 
87 198 16 19 0.29981983 
439 280 26 30 0.20766982 
371 250 45 53 0.17076303 
547 287 12 15 0.10427134 
219 229 31 47 0.10249405 
741 228 53 71 0.06398496 
519 283 16 20 0.05557132 
699 219 52 69 0.0486603 
1013 210 10 17 0.046845894 
551 308 13 17 0.044219058 
180 206 13 17 0.044004552 
796 200 90 117 0.04389659 
950 237 27 31 0.04376773 
142 213 12 17 0.039486904 
295 263 28 33 0.03936787 
265 183 16 19 0.038401116 
539 283 21 26 0.038391642 
541 345 15 19 0.037904788 
436 282 19 20 0.037242163 
461 290 15 21 0.034906257 
35 180 47 62 0.033695657 
372 195 11 18 0.032955986 
415 222 9 13 0.03266846 
126 200 15 21 0.032288294 
452 280 23 31 0.03197373 
92 210 13 18 0.031763088 
561 303 11 14 0.029892625 
518 278 14 17 0.029724749 
969 247 17 21 0.029006815 
127 131 12 15 0.028909743 
979 214 43 59 0.027820632 
768 214 53 82 0.027681736 
930 277 39 47 0.026244009 
299 264 17 20 0.025918132 
533 337 25 31 0.025759866 
44 169 30 35 0.025743095 
897 252 97 106 0.024639776 
156 168 27 33 0.024532616 
534 339 15 19 0.024095256 
499 626 15 16 0.023640867 
17 159 47 74 0.02345336 
497 290 15 20 0.023287615 
960 228 48 59 0.023162246 
790 241 35 54 0.023143865 
941 629 65 61 0.023116786 
474 284 24 31 0.023090657 
1003 237 18 20 0.023036692 
1009 259 13 17 0.022500757 
781 227 32 47 0.02236882 
290 273 23 30 0.02233419 
423 325 32 41 0.022114972 
563 278 13 17 0.02195282 
549 306 24 30 0.021641865 
90 251 47 61 0.021607086 
947 243 18 22 0.021568682 
558 282 13 17 0.020978633 
1004 250 18 21 0.02092599 
626 191 85 109 0.020646848 
426 280 27 30 0.020565962 
539 294 14 18 0.020278128 
538 333 14 18 0.02009006 
