53_Raid_policeraid_53_649
20
684 44 95 121 0.9462125 
162 73 76 99 0.87826633 
723 55 97 124 0.08752255 
466 249 237 299 0.08256534 
387 168 367 503 0.0809155 
399 161 187 205 0.06784262 
800 122 54 67 0.058915608 
660 493 32 45 0.03669458 
760 80 86 114 0.033702996 
717 499 24 33 0.032570153 
118 190 89 121 0.025868867 
700 478 11 14 0.02555203 
154 203 34 39 0.02342806 
668 221 183 253 0.022583421 
333 70 50 60 0.022061888 
146 176 30 36 0.021495184 
776 543 18 22 0.02120585 
366 849 36 38 0.020609355 
448 167 119 121 0.02040914 
746 233 45 61 0.020273037 
