53_Raid_policeraid_53_674
63
841 66 35 37 0.99372405 
500 59 46 54 0.9920866 
287 50 50 58 0.9843428 
70 57 27 30 0.9810766 
641 92 25 30 0.9540877 
162 99 15 17 0.61462474 
349 105 16 18 0.30328605 
159 105 15 18 0.2967999 
118 102 11 14 0.20037346 
128 94 10 13 0.19895089 
171 97 13 16 0.1767304 
687 133 12 14 0.1158791 
131 97 12 15 0.11084933 
89 85 13 16 0.09906709 
361 119 20 23 0.09082637 
366 99 15 18 0.08315844 
179 98 11 14 0.080583155 
355 109 24 26 0.07384782 
37 94 12 16 0.0727053 
649 99 24 30 0.07035243 
117 87 11 13 0.06911792 
62 100 12 17 0.059450317 
157 95 15 18 0.057544224 
206 99 14 16 0.05141886 
174 87 9 13 0.050978757 
902 110 11 15 0.049172685 
617 269 27 32 0.04905717 
693 127 10 13 0.047261342 
197 100 13 16 0.043235075 
150 106 14 18 0.041074988 
112 87 10 13 0.038186215 
135 231 29 34 0.037345108 
123 94 17 21 0.035183318 
650 286 25 30 0.03292361 
351 92 27 29 0.03284303 
124 104 12 16 0.0324314 
153 94 11 14 0.032423172 
65 58 43 50 0.03221563 
116 96 18 23 0.031390406 
648 82 23 33 0.029370721 
126 88 10 13 0.029093571 
142 116 11 16 0.0272895 
280 65 41 56 0.026571905 
49 227 36 48 0.02616128 
481 65 30 37 0.025923477 
42 92 13 16 0.0257205 
665 107 15 19 0.025527539 
604 117 12 15 0.024709981 
686 118 9 12 0.023853984 
543 123 12 16 0.023059202 
80 78 24 30 0.022891691 
679 128 22 27 0.022439025 
176 116 12 15 0.022275954 
131 148 13 15 0.022193352 
308 125 27 34 0.021967066 
133 87 12 14 0.021866689 
681 117 10 12 0.02162068 
453 110 9 12 0.021300081 
133 124 11 15 0.021252133 
971 251 28 31 0.020937998 
380 100 11 15 0.020597942 
611 115 14 19 0.020584052 
372 96 13 16 0.020423664 
