36_Football_americanfootball_ball_36_114
48
45 27 30 37 0.9921976 
215 29 35 43 0.99161994 
724 99 74 89 0.9834503 
439 12 28 35 0.9630713 
603 25 32 40 0.92179257 
907 25 34 52 0.48674476 
112 53 32 36 0.4707993 
651 92 39 44 0.19986868 
84 116 52 67 0.17399321 
94 43 45 55 0.12688969 
628 82 16 21 0.12542842 
627 79 28 39 0.09646283 
123 95 57 91 0.0958449 
93 60 51 71 0.06652609 
424 73 81 124 0.058263335 
599 180 30 40 0.052449524 
503 115 37 48 0.046515867 
61 257 97 111 0.04197581 
11 352 18 27 0.04027631 
116 61 52 67 0.04007584 
631 77 48 56 0.039074752 
479 4 373 440 0.03342613 
116 51 17 26 0.033420585 
20 261 11 16 0.03287993 
564 141 14 17 0.032604165 
542 62 90 108 0.031967048 
562 110 46 57 0.030675495 
556 136 23 32 0.028724859 
735 138 58 73 0.028103182 
67 41 47 55 0.028085668 
586 109 30 35 0.02762794 
659 110 31 37 0.027439727 
614 72 25 37 0.027363515 
304 321 123 130 0.027141621 
556 83 51 59 0.026379934 
87 103 84 110 0.026071113 
64 67 81 109 0.025726845 
10 176 53 82 0.0255208 
515 385 372 476 0.025220074 
109 48 16 25 0.024355173 
605 41 41 55 0.02426589 
628 18 393 482 0.023955522 
577 98 46 58 0.02297236 
5 256 167 196 0.022720622 
526 111 40 59 0.02143525 
11 128 37 55 0.021238146 
480 80 74 110 0.0207078 
623 64 25 35 0.02054228 
