36_Football_americanfootball_ball_36_681
23
430 150 138 171 0.9998018 
243 1115 113 121 0.37327325 
207 1064 188 209 0.041615646 
615 410 203 265 0.039212305 
897 1663 8 9 0.034628816 
354 448 127 193 0.030586958 
216 538 120 141 0.030476216 
830 1703 12 14 0.03036432 
369 487 29 45 0.029645545 
879 1709 9 11 0.029257482 
347 513 39 49 0.029103408 
764 812 56 70 0.027292207 
800 1704 10 12 0.026523413 
871 1664 9 11 0.026054878 
107 1488 16 20 0.024918726 
365 1255 466 486 0.024724351 
220 881 16 21 0.02380737 
217 876 29 33 0.023768619 
617 327 337 429 0.02299293 
824 1671 9 10 0.022053415 
822 1401 23 30 0.021658082 
825 1663 8 9 0.02043404 
822 1721 12 16 0.020117769 
