36_Football_Football_36_23
56
381 97 57 65 0.9997372 
737 53 56 75 0.9997086 
226 57 56 72 0.99901366 
601 47 59 79 0.9971329 
25 54 26 34 0.58023626 
73 0 21 22 0.51011676 
140 2 23 27 0.42668766 
178 21 22 28 0.26705652 
545 113 33 43 0.26146004 
368 11 20 25 0.243092 
349 12 43 52 0.23365888 
536 86 44 60 0.20436458 
565 23 17 25 0.18381794 
78 30 24 31 0.18357459 
228 1 50 49 0.18078743 
962 110 27 31 0.10941628 
17 0 20 20 0.057806857 
971 126 17 21 0.05770616 
301 220 30 31 0.055321205 
164 14 26 34 0.050581433 
305 -2 27 26 0.04597752 
353 36 35 44 0.044251423 
72 8 27 33 0.044071306 
547 49 14 20 0.043912455 
149 5 27 36 0.041715223 
634 1 34 40 0.041079946 
60 0 26 24 0.04092219 
16 108 32 41 0.03806403 
848 75 28 31 0.036974434 
496 34 15 23 0.03684335 
424 525 32 39 0.036459647 
947 102 51 53 0.034047533 
487 0 22 27 0.032276504 
363 181 93 110 0.02944 
664 135 32 36 0.02874184 
27 31 26 32 0.026325103 
817 76 26 31 0.026290426 
472 222 36 48 0.026067756 
544 45 23 33 0.025587149 
31 50 19 23 0.025352495 
536 44 47 65 0.02520533 
156 0 29 31 0.023999825 
28 26 17 20 0.023709785 
5 -1 27 25 0.023653232 
19 84 34 40 0.023269508 
899 25 52 56 0.023197496 
617 23 53 74 0.022255244 
991 150 31 39 0.021912387 
20 17 16 18 0.021449935 
546 27 29 38 0.02135193 
47 -1 27 25 0.020894181 
277 73 32 45 0.02084453 
555 11 25 34 0.020824144 
64 11 43 54 0.020555666 
527 606 37 38 0.020539442 
945 146 28 34 0.02034044 
