36_Football_Football_36_202
29
629 181 56 59 0.99575186 
767 142 53 60 0.994375 
714 198 39 43 0.91822207 
473 190 52 59 0.917435 
323 180 56 72 0.69877905 
574 321 37 37 0.36020106 
607 254 41 48 0.062004928 
564 326 54 57 0.061329406 
339 211 50 68 0.05155056 
779 219 87 110 0.046639547 
796 138 41 47 0.038117427 
491 208 42 51 0.036561325 
645 69 331 450 0.035373695 
501 228 37 45 0.03415898 
212 297 31 44 0.0332316 
94 582 33 34 0.02587839 
772 221 59 75 0.025021404 
318 296 44 60 0.024739927 
305 213 57 77 0.024510728 
528 296 41 54 0.023704354 
450 187 37 45 0.023334831 
547 289 46 60 0.023322383 
329 310 49 67 0.022484092 
559 279 53 60 0.021619545 
602 247 30 42 0.02161753 
574 293 54 58 0.02102076 
517 300 27 40 0.02094549 
566 247 27 45 0.020878026 
160 324 418 468 0.020345611 
