36_Football_americanfootball_ball_36_279
42
584 320 82 81 0.83749324 
669 622 176 243 0.29934978 
403 703 199 226 0.21152338 
722 684 117 143 0.17530915 
364 883 120 151 0.15175843 
364 147 58 85 0.125169 
531 309 124 111 0.11626057 
727 405 71 81 0.09393538 
772 37 428 451 0.08087043 
99 102 106 134 0.08029663 
611 316 85 112 0.06981675 
696 741 130 143 0.0624074 
723 438 59 77 0.062041648 
910 862 101 109 0.051184718 
-6 557 82 144 0.049831912 
426 140 38 54 0.046795703 
184 250 292 260 0.04645706 
683 390 105 126 0.046122096 
274 89 182 260 0.04491018 
83 86 474 394 0.04476996 
452 190 65 73 0.043524664 
349 794 170 212 0.041669082 
733 386 106 152 0.040703285 
494 299 73 82 0.03867297 
336 680 104 95 0.038456373 
288 78 42 38 0.03530768 
328 883 111 111 0.034052536 
334 158 97 127 0.03290539 
696 424 66 77 0.030065153 
457 253 180 172 0.02869368 
649 337 65 87 0.02699809 
353 899 36 37 0.025859918 
915 -2 33 31 0.024790926 
56 118 133 182 0.024661982 
416 960 66 80 0.02299846 
725 453 30 40 0.021755822 
14 286 40 48 0.021660998 
610 471 336 400 0.021569265 
408 152 85 120 0.02074986 
667 586 364 479 0.020315306 
498 243 106 111 0.020221874 
768 554 138 174 0.020134328 
