36_Football_americanfootball_ball_36_27
73
658 47 63 75 0.99028873 
191 209 56 67 0.6831855 
153 200 50 62 0.24975877 
13 9 53 69 0.19818528 
804 60 36 40 0.17140095 
619 70 80 111 0.15431663 
400 210 32 44 0.12720604 
979 85 28 34 0.12664053 
508 0 36 29 0.109531336 
747 168 34 47 0.0926165 
833 195 41 56 0.064338826 
160 129 24 30 0.05942206 
902 354 53 71 0.053146712 
269 409 402 476 0.044202406 
314 316 34 46 0.040077455 
149 167 50 63 0.038178958 
474 -1 19 16 0.036855273 
428 107 28 34 0.036392413 
704 190 16 24 0.036195494 
159 81 26 33 0.03568972 
246 457 35 33 0.035575055 
506 -3 63 54 0.03420726 
913 375 30 38 0.033705115 
95 320 50 61 0.033593066 
413 171 29 38 0.032966055 
739 294 118 182 0.030592341 
373 127 25 31 0.029884575 
885 342 87 117 0.029470025 
849 25 18 22 0.029128382 
631 129 30 39 0.028850066 
21 222 459 453 0.0279073 
54 91 51 67 0.027655065 
525 452 31 40 0.027415356 
166 212 55 68 0.027199566 
82 -1 96 111 0.027081411 
366 205 96 132 0.026941828 
828 393 28 35 0.026821015 
909 422 55 67 0.026449354 
982 616 36 48 0.026202556 
963 119 17 20 0.026192354 
626 108 34 44 0.026176453 
260 138 25 35 0.026169863 
635 148 19 22 0.025409449 
386 266 51 73 0.025323072 
133 60 50 59 0.025257941 
989 128 27 37 0.024732212 
393 0 24 20 0.024566831 
105 17 31 37 0.024537351 
31 63 86 112 0.023960307 
305 0 36 30 0.023449875 
588 206 12 14 0.02327695 
396 267 26 35 0.023240773 
175 119 28 35 0.023227101 
194 3 32 33 0.022804989 
912 479 34 45 0.02268493 
170 7 28 33 0.022452436 
495 77 96 107 0.022209605 
752 8 52 62 0.021797946 
858 -3 27 23 0.021606127 
771 24 29 36 0.021492498 
673 288 209 288 0.021301404 
334 287 25 38 0.021140818 
130 89 27 34 0.021138811 
991 142 31 44 0.021138694 
127 47 29 34 0.021091519 
410 202 42 52 0.020868788 
353 157 24 30 0.0206979 
533 2 39 37 0.020540701 
504 199 61 80 0.020504026 
711 106 16 20 0.02024341 
939 74 95 140 0.020047732 
623 152 32 37 0.020029154 
462 639 97 119 0.020018332 
