36_Football_americanfootball_ball_36_257
68
430 194 61 75 0.99986947 
628 138 54 65 0.9997398 
72 226 69 89 0.99930584 
502 213 36 45 0.9990055 
97 167 58 72 0.99842024 
868 155 77 115 0.99409276 
57 178 33 45 0.9696881 
386 191 34 51 0.95366824 
288 176 50 63 0.94871163 
993 256 27 38 0.7782199 
984 160 31 38 0.2668578 
414 12 25 29 0.2551579 
528 39 27 30 0.23311625 
0 163 11 16 0.22692074 
431 172 36 37 0.207949 
907 36 46 64 0.18486123 
184 131 18 23 0.17916453 
188 179 28 35 0.13963297 
491 191 33 38 0.10398518 
660 609 35 45 0.09538744 
753 169 86 117 0.0783101 
246 163 25 31 0.06646281 
386 -1 29 24 0.06454391 
17 142 10 12 0.05995205 
0 197 29 47 0.053012636 
46 168 29 45 0.047372047 
260 155 13 16 0.04310309 
752 229 30 39 0.040887285 
199 581 14 19 0.03923213 
33 139 9 12 0.038250286 
588 94 17 23 0.037572168 
573 108 24 35 0.036119923 
399 4 30 30 0.033175975 
958 260 30 39 0.03217907 
404 195 54 62 0.03131703 
544 339 36 39 0.031132814 
755 207 50 72 0.030973354 
593 150 30 42 0.030930607 
976 247 40 57 0.029561771 
952 68 51 62 0.028484102 
298 202 35 41 0.02835686 
337 76 36 49 0.02755073 
539 417 12 16 0.027464103 
1001 158 22 42 0.026092613 
583 99 24 37 0.025779905 
181 230 32 53 0.025759676 
383 4 54 52 0.025435688 
432 183 21 24 0.024741283 
189 179 42 58 0.024493929 
417 39 27 33 0.023746712 
251 153 25 30 0.023574866 
190 218 39 57 0.023242407 
276 126 84 124 0.022916427 
985 81 44 60 0.022794545 
972 266 16 21 0.022585323 
991 141 31 45 0.021929916 
0 182 21 41 0.021914111 
350 79 49 68 0.021538867 
299 81 84 125 0.021236517 
275 182 42 45 0.021139957 
13 383 14 18 0.020986188 
388 43 98 118 0.020721741 
22 147 9 11 0.020686334 
247 165 15 18 0.020621847 
75 165 32 45 0.020412276 
536 413 11 15 0.020375576 
410 40 15 19 0.020341752 
0 339 12 21 0.020084664 
