36_Football_americanfootball_ball_36_16
22
555 99 122 152 0.9994836 
295 289 100 129 0.94250476 
369 397 101 137 0.11945338 
209 11 64 82 0.0596166 
325 534 122 110 0.056262136 
399 425 75 75 0.051518973 
436 421 62 69 0.050277203 
227 8 86 113 0.042969357 
676 202 96 102 0.035133287 
41 259 390 445 0.03368269 
354 445 114 165 0.031711947 
812 52 110 126 0.03086046 
274 331 117 162 0.030648738 
276 23 89 137 0.028145093 
362 25 46 70 0.026557103 
275 418 91 121 0.026443057 
940 181 47 73 0.02622122 
335 286 118 133 0.02478379 
303 79 58 85 0.024554487 
418 386 98 123 0.021655945 
301 337 26 39 0.020645311 
96 -1 52 37 0.020486364 
