36_Football_americanfootball_ball_36_38
38
370 20 63 74 0.99766505 
718 76 62 77 0.9912965 
524 58 51 59 0.9758976 
921 112 22 34 0.7601394 
962 103 20 26 0.5780167 
152 106 31 36 0.36284068 
774 105 38 52 0.14719811 
742 91 60 75 0.110049255 
443 10 17 22 0.10639787 
878 135 32 35 0.06286646 
534 302 48 70 0.05297461 
434 441 34 38 0.04928075 
499 91 27 38 0.048136074 
950 100 27 33 0.047578983 
536 182 47 62 0.047350127 
591 190 58 67 0.0460743 
908 114 28 38 0.038124293 
930 101 37 50 0.03638367 
615 188 68 71 0.03593425 
330 21 16 23 0.03331673 
928 110 18 23 0.032961253 
213 186 16 20 0.029996773 
697 65 56 80 0.0296364 
679 56 49 76 0.027768653 
934 115 18 23 0.02735708 
498 314 39 40 0.026004406 
150 157 13 16 0.025676979 
438 8 26 41 0.024519563 
515 82 42 45 0.024221528 
961 91 19 22 0.023705048 
686 79 30 44 0.023369368 
917 108 15 24 0.02305019 
619 56 44 58 0.022525867 
477 292 28 38 0.021694565 
685 256 64 76 0.02148649 
589 503 11 13 0.020568863 
293 513 16 19 0.020413777 
526 196 44 68 0.020154031 
