36_Football_americanfootball_ball_36_126
82
788 87 32 37 0.4432676 
42 130 49 56 0.3972847 
694 70 26 35 0.2533736 
468 492 29 33 0.2528634 
324 157 56 91 0.19600266 
945 61 53 67 0.1714525 
654 214 33 38 0.15854207 
691 94 47 57 0.1584776 
2 250 29 45 0.13018875 
924 132 44 66 0.12459302 
329 310 28 29 0.11188773 
780 99 38 40 0.0942896 
968 60 34 47 0.08862433 
508 294 38 37 0.086701795 
930 54 43 63 0.08443103 
801 95 19 25 0.06914432 
782 121 33 37 0.066303976 
1009 506 13 18 0.06449243 
927 98 47 76 0.062383953 
843 489 23 27 0.0619759 
72 289 37 61 0.06189936 
797 86 14 18 0.057453994 
641 218 28 34 0.053814914 
839 98 13 20 0.0508419 
682 75 27 37 0.048490986 
193 133 45 56 0.048465934 
270 125 10 12 0.047997363 
526 302 39 53 0.045243658 
326 319 18 21 0.04501794 
582 244 9 12 0.042769104 
665 221 34 45 0.042579114 
40 124 32 41 0.03930537 
644 226 14 17 0.038903516 
127 199 103 89 0.038533162 
767 107 10 17 0.038393825 
689 81 37 46 0.03796757 
520 261 33 30 0.037362885 
121 193 31 33 0.036648903 
922 133 14 18 0.03659292 
156 208 63 53 0.034464687 
212 165 34 43 0.034127038 
14 178 46 55 0.03381866 
10 263 16 25 0.032369245 
323 295 47 49 0.0321461 
787 107 45 48 0.03183874 
961 75 53 70 0.031269494 
809 93 28 35 0.031145168 
129 187 18 21 0.029320074 
674 87 16 24 0.02782841 
919 72 47 73 0.027125597 
186 186 60 60 0.026411127 
787 94 20 24 0.026219832 
765 113 41 52 0.026050083 
924 63 27 43 0.025900427 
715 106 43 53 0.025868442 
825 91 24 32 0.025695914 
48 154 33 37 0.025654064 
787 129 18 22 0.02467882 
596 243 13 15 0.02440718 
898 117 76 101 0.024325138 
796 127 28 41 0.023871988 
8 108 12 15 0.023860952 
542 311 36 51 0.023670053 
745 114 28 38 0.023445321 
664 200 34 42 0.023021841 
14 254 38 44 0.022996137 
917 131 25 37 0.022879107 
265 123 11 14 0.022735514 
199 127 30 39 0.022680348 
760 107 24 35 0.022668181 
336 163 36 47 0.022449994 
521 271 19 19 0.022180809 
674 240 34 37 0.021482792 
770 98 24 34 0.021229476 
34 134 30 46 0.021045318 
1 397 27 48 0.021025859 
24 203 13 16 0.020918101 
994 126 34 54 0.020681342 
694 69 16 20 0.02048641 
21 158 45 58 0.020368464 
772 111 14 20 0.020027958 
760 62 10 13 0.020025602 
