36_Football_Football_36_157
758
738 216 33 37 0.99888474 
609 241 25 28 0.9945365 
608 141 22 28 0.99239784 
869 84 21 27 0.99210656 
498 246 24 31 0.9905441 
-1 180 19 28 0.9877082 
507 175 21 26 0.9864971 
91 107 15 18 0.9859761 
95 235 24 30 0.98588276 
50 128 22 27 0.9847713 
614 73 21 26 0.98335636 
461 32 21 27 0.979254 
42 255 22 27 0.9789627 
755 117 17 23 0.9781626 
149 148 21 27 0.9780539 
74 195 21 27 0.9773203 
582 185 23 28 0.9744397 
877 171 21 26 0.9731784 
162 201 23 28 0.97303796 
661 252 22 27 0.9699981 
184 181 23 27 0.96980786 
541 25 22 28 0.9697804 
964 137 17 22 0.96947104 
144 97 18 22 0.96551627 
534 75 21 27 0.9644853 
285 134 17 22 0.9638817 
899 25 18 22 0.96374965 
345 134 19 24 0.96260184 
339 103 18 23 0.9619073 
492 6 19 24 0.9611768 
544 108 19 24 0.9589259 
890 130 16 21 0.95708936 
566 103 20 27 0.9568273 
785 171 26 32 0.95629877 
178 94 18 22 0.95541656 
906 168 19 21 0.95335895 
786 56 19 23 0.9497939 
846 51 18 22 0.9493439 
667 30 22 29 0.94456255 
435 346 23 32 0.943506 
361 114 17 22 0.94202065 
318 78 23 25 0.9414033 
391 81 21 25 0.93924683 
978 197 16 24 0.9356057 
111 134 21 25 0.9332934 
303 158 19 24 0.9273797 
903 104 18 23 0.92685974 
424 98 19 23 0.926577 
119 110 19 24 0.9264339 
580 6 21 24 0.92462015 
334 178 20 24 0.92272234 
983 246 23 27 0.9214745 
479 121 19 22 0.9201973 
547 191 17 23 0.9182814 
432 216 22 28 0.91749597 
412 140 17 22 0.9141006 
229 173 19 22 0.9090032 
426 262 20 25 0.9089398 
815 107 15 20 0.90884227 
157 177 20 25 0.9042613 
15 116 20 27 0.90400493 
565 131 18 24 0.90275425 
578 85 19 25 0.9005652 
115 201 17 21 0.89446265 
232 76 20 25 0.89201576 
514 51 19 23 0.8886908 
642 -1 19 21 0.88685143 
515 145 21 22 0.8854423 
632 190 23 27 0.8808789 
899 82 22 27 0.87650913 
856 0 18 21 0.86833245 
248 117 17 22 0.86562544 
336 41 19 23 0.8622087 
300 218 19 22 0.85419315 
144 268 19 25 0.84476894 
247 194 18 23 0.83397853 
487 88 20 23 0.826436 
615 41 20 22 0.82597536 
89 133 19 23 0.82582456 
907 219 21 26 0.82352924 
381 127 20 24 0.81855386 
748 183 26 31 0.8158493 
391 195 30 35 0.8127389 
413 56 15 17 0.7939275 
293 92 19 22 0.78415865 
406 118 19 22 0.7759437 
523 110 20 23 0.7698945 
832 108 16 21 0.7696268 
781 112 17 19 0.76776886 
228 125 18 22 0.76672465 
971 25 17 21 0.7416865 
199 0 20 22 0.73847383 
416 8 22 26 0.7175136 
44 186 19 22 0.704762 
270 40 22 24 0.68401635 
347 3 18 21 0.6655915 
785 230 32 39 0.65500647 
942 93 15 19 0.65332454 
100 168 22 26 0.6497931 
0 142 14 22 0.6396923 
232 235 26 30 0.6180712 
354 174 19 22 0.61765933 
937 175 17 21 0.61020094 
233 249 26 31 0.57615983 
769 208 23 32 0.56931645 
849 163 18 23 0.55681807 
215 158 18 22 0.53709936 
897 195 18 22 0.5252361 
78 153 18 23 0.4988177 
955 193 15 20 0.46900517 
455 103 15 20 0.42680937 
483 356 18 23 0.4257007 
947 103 15 19 0.4237139 
854 188 15 19 0.4136772 
967 98 12 16 0.40852115 
301 120 20 24 0.40636048 
142 198 22 27 0.39659423 
271 164 15 19 0.3891126 
485 203 16 19 0.38765323 
439 161 23 26 0.37860492 
63 0 20 20 0.37511516 
188 139 14 18 0.3695404 
82 140 21 27 0.34683397 
960 234 20 27 0.34118187 
820 15 14 19 0.32241413 
840 188 19 24 0.30108026 
486 349 25 31 0.2941319 
732 123 17 22 0.28392583 
586 160 17 20 0.2821714 
29 153 18 21 0.27279335 
244 150 18 21 0.2604358 
873 217 22 31 0.2559753 
23 46 28 31 0.24760713 
768 148 18 23 0.24722895 
936 166 14 17 0.24315435 
326 122 15 18 0.24310356 
630 122 24 28 0.24309786 
276 186 17 20 0.2428318 
677 28 23 28 0.2418469 
927 6 12 13 0.2408112 
275 208 15 19 0.2405789 
708 143 15 19 0.23293093 
409 127 20 25 0.23029839 
877 27 15 18 0.21843988 
587 250 16 20 0.21716873 
283 184 16 20 0.21605854 
802 227 34 42 0.21042758 
699 20 17 19 0.20958138 
418 0 20 19 0.20706931 
583 168 23 29 0.20168696 
592 138 17 22 0.2014235 
484 216 17 22 0.19705534 
21 215 22 28 0.19218995 
97 7 18 22 0.18504766 
191 164 13 16 0.18418945 
131 237 25 31 0.18280853 
664 172 22 29 0.18131588 
203 92 14 16 0.17900476 
955 100 15 18 0.17850833 
237 373 46 59 0.17649099 
866 132 16 21 0.17597997 
1008 92 11 17 0.17554316 
39 19 18 18 0.17363358 
363 98 16 19 0.16881901 
751 0 14 13 0.16379507 
372 354 26 34 0.15719365 
386 109 16 18 0.15415418 
353 70 18 21 0.15399976 
152 19 13 16 0.14945433 
598 140 21 26 0.14797816 
266 27 16 19 0.14740287 
25 167 19 23 0.14551683 
474 64 16 20 0.1452814 
344 170 22 27 0.14406651 
251 160 16 18 0.14233491 
204 103 14 19 0.13874373 
693 23 20 27 0.13790101 
921 146 16 18 0.13544255 
0 231 18 23 0.13413976 
450 168 16 20 0.13186438 
307 258 18 23 0.13078015 
255 393 36 46 0.13010778 
979 160 15 21 0.12966894 
632 318 30 37 0.1259133 
918 216 21 27 0.118976496 
330 153 18 21 0.11781236 
813 9 17 22 0.11774197 
136 186 22 30 0.11693324 
14 109 16 19 0.11673453 
222 165 21 26 0.11639439 
650 243 38 45 0.11537111 
293 62 14 19 0.11535807 
962 195 16 21 0.114150904 
340 323 32 40 0.113588154 
515 158 21 26 0.112622894 
950 0 13 13 0.11251351 
75 213 16 23 0.11086001 
427 107 17 22 0.10835872 
931 4 14 15 0.108025506 
1008 107 12 17 0.10581033 
118 301 15 21 0.10528553 
780 119 22 27 0.104721025 
215 265 18 21 0.10431927 
271 225 15 20 0.10345313 
489 308 31 41 0.09858801 
678 316 51 56 0.097315334 
974 242 21 28 0.09639105 
1011 77 11 16 0.09625172 
34 176 22 27 0.0959227 
155 85 14 16 0.09540435 
223 256 25 30 0.09438139 
999 200 14 18 0.09433757 
452 58 16 20 0.093828835 
402 207 17 21 0.09374624 
615 49 22 27 0.09369839 
415 332 41 47 0.093495615 
324 135 16 19 0.09295302 
727 46 24 28 0.09273808 
348 15 18 21 0.09253373 
336 134 19 23 0.09211492 
970 238 17 24 0.09209456 
153 27 15 17 0.09206264 
483 228 20 28 0.091166034 
102 176 24 31 0.08930987 
174 193 23 30 0.08920344 
950 19 12 16 0.08873853 
997 133 12 17 0.08850224 
495 340 31 41 0.08662744 
411 44 18 23 0.0854492 
932 215 17 24 0.08510888 
618 28 23 29 0.084942885 
452 92 17 19 0.08456784 
8 220 22 31 0.08411538 
391 127 20 25 0.083094805 
635 178 21 26 0.08300508 
1004 169 19 22 0.08263601 
683 131 15 18 0.080820195 
926 9 15 19 0.08069722 
638 156 14 18 0.080173254 
957 210 16 20 0.07974991 
989 -2 14 14 0.07951458 
849 175 21 25 0.07867884 
384 113 20 26 0.0781103 
282 2 19 20 0.078073464 
321 69 18 22 0.07526519 
173 101 20 22 0.074576095 
825 12 15 19 0.07369998 
249 344 44 51 0.073393695 
804 3 16 21 0.07261121 
338 165 16 22 0.07125244 
7 168 23 30 0.070943356 
797 0 12 13 0.070815936 
730 451 53 67 0.07042418 
185 148 20 25 0.07014317 
359 91 16 19 0.06984742 
165 92 12 16 0.069756635 
941 5 13 15 0.06963059 
950 189 15 20 0.06933582 
670 18 24 29 0.06891104 
963 229 16 20 0.06888782 
308 203 14 18 0.06742468 
940 40 13 17 0.06716788 
993 243 22 31 0.06662705 
477 98 15 19 0.0665819 
132 184 18 22 0.066371545 
27 126 16 21 0.06619456 
259 169 16 19 0.06611219 
187 172 18 23 0.0653557 
577 134 21 26 0.06533109 
268 192 16 21 0.065029316 
676 9 17 19 0.06381112 
1013 113 10 15 0.06262626 
410 68 18 22 0.062460847 
239 281 27 32 0.062010255 
251 168 17 20 0.0619703 
228 249 19 23 0.061850224 
276 192 21 27 0.06173495 
567 299 31 39 0.061431143 
290 181 16 22 0.061413594 
768 10 19 20 0.06126687 
149 50 14 18 0.060563155 
643 252 24 29 0.060318533 
988 218 16 20 0.059251864 
164 131 16 20 0.05866022 
592 245 23 28 0.058286738 
19 134 16 20 0.05817695 
554 172 17 21 0.058149178 
169 182 20 27 0.057859443 
521 127 21 27 0.057723477 
318 20 14 17 0.05756258 
299 100 20 25 0.057420712 
943 212 22 29 0.057272643 
898 203 23 29 0.057269037 
86 159 23 29 0.05689648 
483 52 17 20 0.056480553 
564 116 20 28 0.05644672 
404 241 23 30 0.05530866 
634 437 35 42 0.055120185 
185 159 22 27 0.054938648 
829 188 22 26 0.054747913 
164 64 15 18 0.054458346 
500 124 15 19 0.05397035 
337 29 18 22 0.05396119 
234 231 18 20 0.053888496 
362 67 17 20 0.053223852 
426 313 34 35 0.05286414 
491 102 18 22 0.052547175 
548 177 22 28 0.0524593 
816 233 19 27 0.052041892 
252 43 14 17 0.051820297 
836 103 16 20 0.05166604 
478 58 22 26 0.051659644 
244 39 16 20 0.051618002 
887 221 21 28 0.051552866 
1011 98 11 17 0.05149541 
108 186 25 30 0.051431607 
739 399 18 24 0.050724212 
506 367 16 20 0.050482437 
111 169 18 21 0.049737796 
637 19 14 18 0.049714237 
452 -1 14 13 0.049632393 
920 4 13 15 0.04953208 
191 297 18 20 0.049472813 
249 301 27 41 0.04938763 
985 237 18 21 0.049318604 
200 98 13 17 0.049265265 
705 -1 17 14 0.049132537 
927 11 22 27 0.048927087 
765 3 14 17 0.04841704 
320 433 40 43 0.04805159 
147 -1 14 12 0.04727361 
569 77 23 29 0.047030922 
229 267 30 35 0.047012083 
922 116 16 19 0.04642543 
155 188 23 29 0.04637452 
348 24 16 20 0.04622186 
326 -1 13 12 0.04611177 
788 213 30 40 0.04578702 
356 80 18 21 0.045473985 
116 459 27 28 0.045440096 
304 132 17 22 0.045386907 
601 112 25 30 0.045209397 
709 163 24 29 0.044936873 
270 214 21 26 0.044393875 
341 7 18 20 0.044385377 
326 145 17 20 0.044319328 
456 492 14 18 0.044211127 
1012 247 12 19 0.044031616 
911 13 13 16 0.04397906 
812 237 34 44 0.043903146 
624 130 22 28 0.043888647 
904 229 23 29 0.043855704 
971 185 15 21 0.04364521 
807 213 29 37 0.043449603 
506 498 13 18 0.042845957 
759 196 25 34 0.04280915 
570 144 23 28 0.042206097 
644 250 15 20 0.042117413 
647 0 27 24 0.0418111 
564 -2 13 13 0.041792605 
321 92 18 21 0.04117646 
300 39 17 22 0.040847864 
971 147 21 27 0.040683538 
218 366 46 56 0.04037243 
900 46 13 19 0.040233165 
183 241 23 31 0.04023127 
510 11 12 16 0.039892968 
996 -2 13 14 0.039772104 
349 181 26 33 0.03977085 
188 85 14 17 0.03967345 
1002 92 11 17 0.039584003 
975 168 15 20 0.039399546 
533 325 30 45 0.039218564 
416 63 16 21 0.03903583 
604 294 32 38 0.03902751 
232 350 47 59 0.0389184 
234 132 19 23 0.03885974 
481 132 17 21 0.038736034 
648 240 25 28 0.03871224 
73 161 23 27 0.038703274 
869 48 14 18 0.038569674 
176 356 48 47 0.038520195 
157 65 16 19 0.038462117 
720 524 12 15 0.038033746 
419 107 18 25 0.037954077 
577 234 24 30 0.037752494 
19 140 23 27 0.03773097 
263 22 15 19 0.037584558 
928 266 27 31 0.037526533 
356 200 17 20 0.037500184 
745 6 16 20 0.037477583 
487 384 16 19 0.03745377 
549 76 25 30 0.037431877 
899 256 28 32 0.03740208 
1007 78 17 26 0.03736631 
458 63 21 27 0.03729058 
933 42 14 16 0.036899526 
932 181 16 21 0.03677243 
0 54 11 22 0.03675727 
645 174 25 31 0.03674266 
122 186 22 28 0.03648339 
467 69 17 21 0.036440626 
51 189 23 28 0.03642184 
642 210 16 19 0.036353357 
814 19 19 25 0.036273357 
70 174 22 27 0.03625858 
316 4 14 15 0.036004994 
2 216 17 22 0.03593289 
269 123 13 16 0.035897724 
579 340 15 20 0.035892054 
186 194 17 23 0.03567038 
540 59 17 21 0.03560348 
278 354 34 37 0.035524886 
332 -2 13 13 0.03549544 
216 269 26 31 0.035344463 
569 333 26 33 0.03526207 
900 177 21 27 0.035257053 
949 25 13 18 0.034832794 
397 73 22 29 0.034775767 
247 252 23 30 0.03474025 
182 49 15 20 0.034614827 
509 204 15 18 0.034360938 
751 -1 21 21 0.034318276 
836 31 17 20 0.03402264 
58 117 14 16 0.033866573 
736 392 31 36 0.033852268 
245 29 13 18 0.03381232 
173 112 17 20 0.033810213 
425 353 27 36 0.033765316 
364 138 16 19 0.033743687 
731 28 24 29 0.033631276 
154 305 16 19 0.0335608 
823 260 49 62 0.03355848 
614 320 48 55 0.033414155 
974 15 12 14 0.033328358 
365 361 45 49 0.03328761 
458 168 16 20 0.033228833 
774 156 26 34 0.033204466 
457 110 18 22 0.033173103 
2 98 20 28 0.033008303 
0 99 11 19 0.032982014 
283 52 20 26 0.032947745 
844 112 15 21 0.032873865 
747 106 17 21 0.032869183 
193 130 16 20 0.032862708 
477 379 12 16 0.03265689 
500 160 16 21 0.032563996 
469 171 15 20 0.032508675 
901 244 25 30 0.032423023 
23 152 16 19 0.032376833 
496 319 34 46 0.03234611 
561 237 24 30 0.032334782 
288 35 25 29 0.032315735 
733 9 24 28 0.03206597 
725 401 43 60 0.032065723 
998 105 13 17 0.031854775 
477 454 16 15 0.031762388 
198 402 14 19 0.031588834 
526 -1 12 11 0.031586137 
25 193 17 22 0.031544555 
43 196 20 22 0.03154365 
257 118 16 22 0.03150472 
337 262 27 37 0.03146881 
788 166 18 21 0.031381357 
251 179 17 20 0.03137304 
906 19 15 21 0.03136836 
386 341 46 46 0.03132749 
482 371 28 32 0.03127132 
1005 209 14 18 0.03127102 
0 134 13 18 0.031254362 
344 32 18 22 0.031223424 
819 191 18 20 0.031221842 
453 51 15 18 0.031173078 
1007 69 13 17 0.031126356 
995 213 15 19 0.030923944 
594 120 24 30 0.030892614 
0 221 11 18 0.030812245 
960 269 25 31 0.030803824 
854 108 13 18 0.030733215 
515 336 34 44 0.030647 
548 330 27 44 0.030501533 
126 127 21 27 0.030403083 
1004 246 15 21 0.030351307 
371 93 14 19 0.030345082 
341 0 14 14 0.030324368 
622 298 45 52 0.03024579 
760 531 59 47 0.030183416 
153 71 21 25 0.03014279 
895 59 12 17 0.030127002 
355 133 22 28 0.030074608 
762 174 38 50 0.030023567 
138 255 23 30 0.030021103 
298 202 23 30 0.029873298 
915 14 21 24 0.029859152 
398 228 27 33 0.029849738 
445 0 17 20 0.029849423 
983 -1 13 12 0.029739385 
171 137 16 20 0.029711384 
198 366 46 52 0.029606678 
915 240 16 20 0.029522482 
953 110 15 20 0.029477226 
508 130 22 26 0.029351968 
258 176 20 26 0.029330878 
669 11 16 19 0.02924474 
805 245 49 62 0.029155837 
443 147 14 17 0.029135799 
675 170 28 32 0.029099029 
210 89 15 18 0.029085204 
240 322 40 51 0.028999396 
149 33 18 18 0.028989723 
987 307 23 29 0.028957505 
331 142 21 25 0.028839778 
270 175 20 25 0.028787306 
682 2 17 18 0.028701566 
447 64 16 20 0.028574282 
989 44 11 14 0.028518893 
867 141 15 21 0.028510073 
870 28 15 19 0.028465861 
941 16 14 18 0.02846434 
440 207 24 31 0.028412908 
352 1 23 27 0.028400315 
777 16 17 20 0.028398827 
963 219 15 20 0.028372895 
34 241 25 34 0.02837118 
863 217 39 46 0.028366623 
224 153 22 25 0.028321514 
158 138 22 27 0.028301446 
299 185 16 21 0.02827206 
695 0 13 12 0.028194126 
423 221 22 28 0.028147943 
945 178 15 19 0.028124014 
454 80 23 28 0.028090822 
312 125 20 26 0.028047912 
306 110 17 22 0.027938945 
129 205 24 29 0.027913218 
287 192 25 32 0.027911646 
976 20 15 19 0.027861139 
966 179 14 19 0.027819408 
104 198 23 28 0.027791725 
629 203 27 32 0.027775928 
611 225 26 35 0.027712151 
235 92 16 20 0.027658297 
503 507 13 16 0.027576465 
140 59 13 18 0.02756288 
147 38 23 27 0.027520245 
946 33 14 18 0.027520135 
690 -1 24 23 0.02747762 
196 25 14 18 0.027465492 
926 187 14 18 0.027379561 
192 1 16 19 0.027297337 
340 17 18 21 0.02726106 
989 488 13 17 0.027200721 
347 78 18 22 0.027198356 
682 16 17 21 0.0271533 
33 29 25 31 0.027140202 
913 247 39 51 0.027139282 
182 89 13 17 0.027079582 
480 95 22 26 0.026988056 
890 249 47 52 0.026928544 
255 186 19 24 0.02691615 
547 2 14 16 0.026885195 
3 127 20 29 0.02688195 
840 38 21 27 0.026832724 
895 90 21 30 0.02671766 
0 126 11 15 0.02668638 
851 35 21 27 0.026551299 
735 43 18 21 0.026540378 
919 35 13 18 0.026443265 
313 253 21 32 0.026322814 
366 115 20 27 0.02632133 
947 87 14 17 0.026267694 
66 254 17 22 0.026256602 
458 154 15 20 0.026170105 
323 61 15 18 0.026107349 
112 116 15 19 0.02601668 
271 12 27 30 0.025985835 
560 74 24 29 0.025980944 
988 115 14 18 0.02592164 
548 18 22 31 0.025921075 
604 35 15 20 0.025892586 
298 1 17 18 0.025888858 
943 112 13 17 0.025872964 
492 0 18 17 0.025843477 
7 285 13 18 0.025725022 
900 38 15 20 0.02565996 
287 379 15 16 0.025642646 
846 74 14 18 0.025615808 
240 313 24 34 0.025574392 
612 308 36 46 0.025528071 
4 139 23 28 0.025490353 
792 53 24 29 0.02541683 
124 5 14 17 0.025412682 
222 108 13 17 0.02534938 
515 10 13 16 0.02529556 
24 225 23 30 0.025239574 
249 294 17 22 0.02518363 
643 16 15 19 0.025178786 
483 74 21 27 0.025174024 
1006 132 11 15 0.024966266 
451 70 22 26 0.024910696 
955 242 19 24 0.024908815 
256 154 16 19 0.02480824 
294 130 19 26 0.024714207 
421 227 15 18 0.024712108 
133 91 14 18 0.024701433 
253 314 14 21 0.024665149 
901 240 15 19 0.024593087 
911 6 12 15 0.024586372 
98 0 16 14 0.02457789 
593 10 15 19 0.024570756 
852 193 23 27 0.024555469 
37 1 17 17 0.024519479 
258 357 49 57 0.024501631 
630 19 15 19 0.024473472 
97 221 22 30 0.024471594 
499 53 23 27 0.02444873 
951 233 17 21 0.02442865 
202 9 25 32 0.024404531 
260 81 17 21 0.024369478 
520 45 19 24 0.02433741 
150 52 23 27 0.02420948 
567 89 22 27 0.024194403 
194 157 15 18 0.024178261 
989 129 15 20 0.024154082 
166 106 15 19 0.02411834 
384 362 19 20 0.02406832 
149 77 16 18 0.024067303 
776 203 16 21 0.024000406 
316 11 14 18 0.023951922 
430 212 16 22 0.023836227 
75 281 25 33 0.023819048 
523 102 18 20 0.02381377 
652 315 30 42 0.02378663 
724 20 25 29 0.02369298 
437 142 14 17 0.023672543 
1012 212 12 17 0.023644997 
120 205 18 24 0.023621807 
517 389 16 19 0.023519682 
984 165 20 26 0.023501229 
129 104 17 24 0.023482114 
0 267 10 17 0.023454744 
546 11 17 20 0.023399467 
415 360 26 36 0.023389582 
382 359 35 33 0.02337154 
675 422 46 56 0.023295311 
978 221 22 28 0.023265997 
788 19 13 18 0.023242293 
222 114 15 20 0.02322291 
1003 427 20 39 0.023120863 
585 301 42 49 0.023037177 
843 100 13 17 0.023005527 
163 72 16 20 0.023004854 
391 59 14 17 0.022916615 
283 373 30 31 0.022903511 
466 98 19 24 0.02286762 
708 23 23 30 0.022768924 
114 82 16 19 0.022733344 
692 505 16 22 0.022704579 
361 168 22 28 0.022700837 
859 32 16 21 0.022697518 
575 157 22 26 0.022659646 
308 101 23 28 0.02265238 
659 145 18 20 0.022636877 
97 136 21 26 0.022610463 
662 0 27 25 0.022593824 
275 155 16 21 0.022574494 
435 74 14 18 0.022543618 
810 211 18 24 0.022531675 
429 85 13 17 0.022500535 
341 68 15 20 0.022499422 
805 13 17 23 0.022480782 
288 7 18 21 0.022457987 
583 252 26 31 0.022355253 
219 150 16 20 0.022309378 
872 129 19 23 0.02226743 
953 122 15 19 0.022220904 
169 60 13 16 0.022105658 
357 60 16 19 0.022104526 
145 108 17 20 0.022091636 
235 105 15 20 0.022025224 
349 352 29 35 0.02200411 
4 281 23 30 0.021979526 
143 45 14 19 0.021973778 
595 14 23 29 0.02195899 
886 223 38 47 0.021954354 
58 178 23 27 0.021943117 
194 396 23 32 0.021890884 
531 219 22 28 0.021848956 
238 138 22 27 0.021806616 
780 6 23 29 0.021799156 
277 124 13 17 0.021726588 
521 249 18 23 0.021707155 
451 8 17 20 0.021695454 
913 68 21 30 0.021628022 
323 263 12 20 0.021577595 
325 191 26 31 0.021530276 
140 137 17 21 0.021515219 
1007 61 10 14 0.021513613 
953 16 20 27 0.021495199 
382 8 15 19 0.021439878 
387 541 17 17 0.021369431 
211 105 14 18 0.021280354 
15 179 22 31 0.02125194 
655 12 29 33 0.02124588 
394 326 48 46 0.02122165 
1010 199 13 20 0.021175638 
142 147 18 22 0.02117501 
183 132 16 21 0.021161282 
532 208 15 21 0.02114269 
8 207 24 32 0.021133585 
48 18 16 18 0.021131748 
28 183 15 20 0.02112813 
34 218 15 20 0.021123398 
147 11 23 28 0.021042027 
981 130 15 20 0.021029878 
635 168 19 22 0.021007182 
146 85 21 27 0.020999376 
44 207 18 20 0.020934945 
501 137 16 22 0.020847147 
331 0 25 24 0.020838875 
19 6 16 21 0.020819178 
182 380 42 48 0.020776158 
989 62 11 14 0.020731427 
296 376 18 21 0.020726988 
1007 4 11 14 0.0207229 
882 21 14 19 0.02070356 
940 262 22 30 0.020668881 
643 262 44 50 0.020656588 
484 113 20 24 0.02062427 
973 122 14 18 0.0205815 
124 442 52 43 0.020569671 
956 12 13 17 0.020546267 
602 106 19 24 0.02050346 
306 256 37 48 0.020487549 
983 60 11 13 0.020468418 
505 493 11 16 0.02046204 
386 391 31 33 0.020434184 
966 172 13 17 0.020413077 
530 133 18 24 0.0204073 
475 456 23 25 0.020368362 
911 178 21 27 0.020357057 
659 0 14 13 0.020350957 
382 142 15 19 0.02034855 
346 269 40 48 0.020342551 
983 54 9 12 0.020296197 
25 199 22 28 0.020259243 
367 0 24 28 0.02025319 
950 198 17 21 0.020252362 
786 0 22 24 0.020247776 
281 46 16 21 0.020216828 
105 210 23 30 0.020213395 
358 52 15 18 0.020196872 
187 303 18 19 0.020170033 
112 241 16 21 0.020156005 
338 209 16 20 0.020082328 
67 141 23 30 0.020076405 
788 100 16 21 0.02004089 
448 97 16 21 0.020034239 
