36_Football_americanfootball_ball_36_6
253
939 152 14 19 0.98371786 
612 162 14 17 0.9765909 
407 156 16 21 0.9716877 
611 252 16 20 0.9644742 
565 123 14 18 0.96173227 
596 215 14 18 0.95299804 
252 171 13 17 0.9454307 
356 168 13 18 0.92672634 
299 173 14 17 0.91203105 
652 160 14 19 0.89880246 
353 270 14 18 0.883425 
645 229 15 17 0.85221726 
479 239 38 48 0.83081853 
492 167 16 21 0.8293969 
573 271 14 17 0.81454617 
377 217 14 19 0.7865234 
443 195 22 27 0.7852023 
398 192 15 20 0.78411764 
24 150 15 20 0.7283716 
116 98 46 59 0.7154971 
802 117 41 59 0.7042501 
969 258 14 17 0.60945654 
993 152 15 18 0.58107543 
449 173 14 16 0.49611375 
548 222 13 15 0.47425157 
163 160 30 36 0.33173054 
1014 211 9 13 0.2407975 
423 320 39 48 0.23667027 
317 204 11 14 0.18934172 
988 221 12 16 0.17816862 
19 193 18 21 0.1722389 
576 198 12 16 0.15876952 
296 223 10 13 0.15476398 
267 231 10 14 0.14817385 
990 264 11 13 0.14798239 
249 272 15 18 0.13246083 
864 151 30 35 0.12771948 
544 226 15 18 0.12625489 
13 192 16 20 0.1187037 
603 213 12 15 0.110598385 
999 250 11 13 0.10423757 
344 214 10 12 0.09740163 
439 142 429 512 0.0899138 
951 245 11 15 0.089100555 
558 297 14 17 0.08218759 
679 174 10 13 0.07708711 
518 156 14 17 0.0770296 
989 244 11 15 0.076231204 
493 186 13 18 0.07595832 
106 121 46 68 0.075102374 
411 216 14 18 0.07189211 
602 302 16 17 0.07119655 
97 155 43 53 0.06894745 
68 168 52 71 0.06862197 
507 200 13 17 0.06802799 
660 196 11 14 0.067617394 
501 196 14 18 0.065781586 
534 193 14 17 0.06459823 
543 214 14 17 0.06417365 
995 193 14 17 0.062946305 
940 294 13 15 0.06283384 
919 211 12 15 0.06178869 
259 308 14 17 0.06070603 
23 199 28 32 0.059994135 
599 276 13 15 0.05878496 
671 154 11 15 0.054198336 
543 163 12 16 0.05399085 
635 321 24 31 0.05310077 
230 166 11 14 0.052621167 
167 146 31 37 0.052114327 
765 193 70 73 0.051093545 
22 144 14 18 0.050960466 
706 171 17 20 0.049929183 
413 187 14 18 0.049449466 
956 212 14 18 0.049049214 
792 126 32 41 0.04844766 
843 127 27 36 0.04840897 
288 203 9 14 0.04821522 
9 179 39 51 0.047592387 
300 245 15 19 0.047414154 
592 166 11 14 0.04735059 
996 144 13 16 0.047304112 
963 132 13 15 0.047271237 
468 254 46 54 0.047187738 
647 289 15 18 0.04674128 
973 220 12 15 0.046656802 
156 144 26 42 0.04662516 
548 273 13 17 0.046315216 
608 246 16 18 0.04508567 
671 190 11 13 0.045010265 
448 168 12 15 0.04484223 
958 251 11 15 0.044408727 
782 140 56 73 0.04419539 
956 243 13 16 0.042793136 
573 237 12 16 0.042792752 
557 118 11 14 0.04232622 
624 144 10 13 0.042065527 
752 147 47 58 0.04089535 
869 155 18 20 0.040617928 
925 211 11 14 0.0403457 
373 206 13 16 0.039233558 
775 121 29 39 0.039118007 
532 201 15 18 0.038915675 
547 245 13 17 0.038593873 
571 263 15 19 0.038321782 
36 248 11 17 0.038242623 
821 123 37 45 0.038188886 
497 173 17 22 0.03771316 
959 124 13 15 0.037457705 
960 260 11 13 0.0354366 
269 151 11 13 0.03540736 
984 243 12 15 0.035217695 
588 260 15 17 0.035209864 
807 132 54 68 0.03471078 
711 176 28 34 0.034573074 
587 250 16 18 0.034472432 
175 165 22 25 0.034440786 
912 230 24 30 0.034308225 
392 189 15 19 0.034151 
362 166 12 16 0.033852726 
655 204 12 14 0.033358853 
0 206 9 15 0.033222012 
1006 251 11 15 0.03311878 
641 279 27 31 0.03271727 
952 189 10 12 0.032195758 
713 174 55 60 0.032192245 
764 131 33 45 0.031658366 
237 242 12 17 0.031635504 
477 217 18 22 0.03148769 
554 220 12 15 0.031388503 
24 185 26 30 0.031202054 
598 269 12 15 0.031147996 
320 157 10 12 0.031121157 
992 159 14 18 0.03108561 
850 135 17 22 0.030793078 
645 187 12 16 0.030696295 
982 236 13 16 0.030634867 
597 167 11 13 0.030517286 
402 206 22 28 0.03039975 
947 149 12 17 0.030008567 
258 275 12 15 0.029730547 
46 202 13 17 0.029722482 
495 265 29 35 0.029584404 
673 183 10 12 0.0294281 
983 223 13 17 0.029427223 
641 233 14 16 0.028456144 
644 240 16 18 0.02803185 
609 168 13 16 0.027935827 
982 260 11 15 0.027831558 
964 211 15 19 0.027819576 
352 323 12 16 0.027742714 
320 140 9 12 0.027669188 
27 187 46 56 0.027656632 
319 151 8 11 0.027648743 
158 167 42 51 0.027588405 
325 158 10 13 0.027582854 
985 232 19 26 0.027389545 
539 190 14 18 0.02714769 
566 243 13 16 0.027075337 
659 158 12 17 0.026849674 
964 204 13 16 0.026613533 
958 204 14 17 0.026515784 
994 266 14 17 0.026466893 
951 213 12 16 0.026260532 
3 311 30 35 0.025943104 
281 144 7 9 0.025912523 
364 309 14 20 0.025900716 
505 274 17 21 0.02583019 
8 176 27 35 0.02581391 
688 140 10 13 0.025790373 
270 213 11 14 0.025577798 
43 188 13 17 0.025474114 
287 210 10 13 0.025265738 
976 166 11 14 0.02525749 
942 118 10 13 0.02506202 
411 274 27 35 0.02500705 
71 191 33 42 0.02492599 
356 309 24 35 0.024846306 
36 141 14 17 0.024726138 
6 194 13 19 0.02468242 
412 236 13 19 0.024567213 
427 157 12 15 0.024406038 
675 150 10 13 0.024324859 
28 318 11 14 0.024298009 
312 151 8 11 0.02426474 
0 366 12 21 0.02426353 
777 142 37 50 0.024203096 
893 163 11 16 0.02418952 
995 168 14 19 0.024017777 
311 210 12 14 0.023983436 
469 282 37 38 0.023943396 
631 253 12 16 0.023763835 
311 198 19 24 0.023580931 
854 140 31 37 0.023537481 
655 189 10 13 0.02350265 
364 201 15 18 0.023451302 
926 196 11 15 0.023400862 
982 166 10 15 0.02325534 
351 316 13 16 0.023224074 
988 116 12 15 0.023074811 
735 161 49 55 0.023038285 
325 138 10 13 0.022980316 
280 180 10 12 0.022902453 
337 213 9 12 0.02281353 
319 277 11 14 0.022780467 
252 236 12 15 0.022751182 
271 220 10 13 0.022683633 
162 179 20 26 0.022645526 
985 248 21 24 0.02255051 
437 133 11 13 0.022537887 
958 267 11 13 0.022515861 
148 165 30 43 0.022346914 
981 253 12 14 0.022230325 
132 176 26 36 0.022150466 
631 158 11 14 0.022106856 
404 191 22 26 0.022093603 
556 114 10 11 0.02203694 
20 255 17 23 0.021997605 
442 236 15 19 0.02197265 
958 325 13 18 0.021804277 
637 244 14 17 0.021683197 
993 240 20 25 0.021625781 
893 154 13 18 0.021623872 
999 252 21 26 0.021606255 
621 186 12 16 0.021567345 
723 138 12 16 0.021419095 
525 196 13 16 0.021311328 
158 160 16 25 0.021234723 
894 174 9 13 0.021199733 
261 229 18 23 0.0211648 
380 248 14 19 0.021094976 
548 226 23 28 0.02108808 
553 263 23 27 0.021078918 
578 259 20 26 0.020988155 
630 146 12 15 0.02098278 
503 195 20 26 0.020976093 
398 219 13 17 0.0209653 
721 134 10 12 0.020947875 
611 501 64 56 0.020902105 
744 176 67 68 0.020848356 
638 141 11 13 0.020778038 
411 207 23 28 0.020691682 
876 221 14 17 0.020653058 
970 221 21 25 0.02057104 
1002 154 14 18 0.020408038 
830 143 49 60 0.020280879 
305 178 13 16 0.020244151 
554 226 14 17 0.02019471 
478 220 26 34 0.020165939 
398 211 12 16 0.020099659 
581 262 13 15 0.020069452 
990 222 20 26 0.020061089 
556 214 12 15 0.020040136 
