27_Spa_Spa_27_851
76
447 142 31 41 0.99594146 
862 155 30 51 0.96270204 
719 143 34 47 0.94938165 
17 51 60 113 0.54926926 
476 353 23 30 0.4869992 
911 135 28 41 0.3226343 
733 147 38 43 0.3054974 
74 316 19 22 0.17237853 
51 284 14 20 0.07930937 
7 18 48 70 0.05609565 
750 142 32 41 0.055440605 
83 362 15 21 0.052941166 
149 335 16 18 0.052152105 
499 295 18 22 0.05107603 
887 133 14 17 0.049655885 
85 364 25 34 0.048582662 
1013 367 8 12 0.048436385 
265 276 11 15 0.04578197 
191 367 24 28 0.04561555 
984 359 11 12 0.04484292 
429 363 11 15 0.04481157 
91 380 18 24 0.043475185 
184 386 11 15 0.042761177 
884 120 48 46 0.042105466 
400 367 11 14 0.040868502 
528 332 15 20 0.03746974 
447 369 11 14 0.036518876 
686 51 14 17 0.03625794 
488 299 44 58 0.035789948 
443 356 11 16 0.033402286 
543 328 26 32 0.032834776 
26 246 27 30 0.032552857 
251 292 57 70 0.03156876 
118 279 11 13 0.031291805 
424 364 10 14 0.030696945 
92 330 12 18 0.030634886 
511 320 27 34 0.02934181 
181 352 15 17 0.028612034 
546 335 16 20 0.028071718 
518 166 10 13 0.028022924 
1014 348 9 12 0.027613135 
92 378 30 36 0.027582979 
94 307 11 15 0.026604319 
908 132 14 17 0.026241034 
1000 344 9 10 0.02608024 
135 292 11 14 0.026012437 
95 287 9 12 0.025970332 
286 267 11 16 0.024618 
125 266 12 13 0.024460513 
58 285 15 20 0.024446547 
985 221 11 12 0.024255656 
55 258 14 18 0.023971284 
527 156 9 11 0.023711039 
188 375 15 19 0.023300773 
463 141 29 38 0.023094594 
887 126 13 14 0.02292962 
860 134 49 56 0.022840885 
268 278 14 17 0.02249753 
472 205 30 49 0.022278123 
46 278 13 16 0.022083646 
117 374 10 13 0.02166762 
884 128 26 31 0.021595588 
477 348 17 21 0.021586621 
743 159 38 42 0.021332296 
192 159 8 9 0.021310572 
77 354 27 34 0.021191826 
79 318 22 29 0.021108177 
546 362 15 19 0.021078281 
147 316 11 15 0.021054534 
486 135 22 37 0.020874571 
518 324 12 15 0.02073293 
1001 357 9 11 0.02030691 
90 287 9 12 0.020239843 
135 285 11 13 0.02020155 
296 213 9 11 0.020192284 
233 193 7 9 0.020057866 
