27_Spa_Spa_27_486
28
769 30 65 86 0.9956037 
453 198 47 80 0.9899064 
198 310 17 19 0.37593308 
271 284 13 16 0.31762484 
231 284 10 13 0.11276392 
844 18 37 49 0.08285999 
196 303 15 17 0.057742674 
191 312 15 18 0.045038212 
239 285 10 13 0.042845163 
269 295 15 19 0.042156983 
190 300 13 16 0.03682167 
283 284 23 30 0.03564384 
170 293 59 71 0.035500467 
174 317 13 16 0.030087227 
246 317 13 16 0.030077126 
213 300 14 17 0.029773444 
205 295 24 29 0.027738888 
210 306 15 18 0.026463717 
225 284 12 15 0.026401438 
858 35 34 50 0.024123289 
187 315 26 32 0.024056913 
142 276 97 120 0.024018116 
106 219 193 235 0.023826981 
222 279 23 26 0.022268659 
286 283 13 18 0.021915726 
244 290 14 16 0.021845747 
188 295 24 30 0.021402247 
190 267 13 17 0.021011643 
