27_Spa_Spa_27_512
55
358 624 94 114 0.99679947 
40 908 14 17 0.35932246 
600 752 9 11 0.19477601 
58 923 13 15 0.08920413 
32 933 15 17 0.07395753 
418 107 211 172 0.073211394 
633 743 9 11 0.07038411 
451 143 114 108 0.055601496 
780 954 12 15 0.04446645 
109 274 389 515 0.041191146 
547 758 8 10 0.040174402 
687 721 9 10 0.039312147 
671 726 7 9 0.038562797 
689 1001 68 71 0.03342803 
662 711 8 10 0.03283246 
682 727 9 10 0.03277713 
622 734 8 11 0.031382952 
633 478 7 9 0.029385976 
621 718 10 11 0.02928412 
584 734 7 10 0.028848909 
858 199 19 23 0.028710635 
637 749 9 12 0.028404059 
604 751 9 12 0.028295303 
19 0 497 440 0.027128706 
617 718 9 12 0.02705091 
679 733 9 10 0.026888506 
607 1006 60 65 0.026818842 
641 487 7 10 0.026552614 
21 902 12 14 0.026191263 
346 179 125 130 0.025987001 
498 727 8 10 0.025868015 
569 766 8 9 0.02573488 
655 517 10 12 0.025250187 
664 719 8 9 0.024498513 
47 912 21 25 0.024448348 
605 756 10 12 0.024351578 
682 719 8 10 0.023546891 
621 725 10 11 0.023443595 
583 803 10 12 0.022874853 
673 516 10 12 0.0228605 
499 152 29 35 0.022741383 
298 570 164 191 0.02242584 
672 722 7 9 0.02218881 
20 937 15 19 0.022022761 
560 744 7 10 0.022016563 
598 745 10 12 0.021808188 
561 728 8 10 0.021758541 
697 712 7 8 0.021697022 
869 779 10 12 0.021533797 
546 752 8 10 0.020993836 
623 814 10 12 0.020812597 
291 901 269 215 0.020709593 
45 883 14 16 0.020394428 
595 751 9 11 0.020392306 
568 761 7 9 0.020010337 
