37_Soccer_soccer_ball_37_867
215
683 108 52 64 0.99922717 
507 58 51 69 0.9983699 
385 207 34 42 0.9983335 
250 239 48 61 0.99589974 
516 219 51 66 0.9957147 
900 229 41 49 0.99381196 
85 289 30 39 0.9463729 
443 372 16 20 0.16792095 
354 318 29 31 0.16755506 
576 313 29 41 0.1436508 
406 135 536 587 0.1377802 
46 485 13 19 0.13242516 
823 286 12 15 0.1310111 
341 311 31 39 0.1267773 
845 277 10 12 0.11587849 
7 240 8 10 0.11480856 
452 384 17 24 0.11024864 
105 370 13 15 0.1030026 
559 155 42 52 0.10140289 
477 256 31 38 0.09057824 
120 209 8 10 0.087323114 
754 269 16 17 0.083967924 
362 325 18 20 0.08355488 
20 229 9 10 0.08007501 
22 300 9 12 0.069510505 
8 245 7 9 0.06894577 
844 247 13 17 0.06889937 
485 312 16 18 0.06882242 
747 263 25 29 0.05924263 
215 183 8 10 0.058974143 
16 312 9 12 0.05877555 
284 156 9 12 0.057473384 
64 289 8 11 0.056722376 
77 276 11 13 0.056623254 
239 128 9 11 0.05378484 
791 270 8 11 0.0505125 
257 110 9 12 0.04928615 
122 386 14 17 0.047345396 
88 183 9 11 0.047340263 
280 153 9 11 0.045454614 
95 185 8 11 0.04391142 
87 151 8 9 0.04281825 
3 239 8 11 0.04194649 
820 191 11 15 0.041567784 
102 129 9 10 0.041297033 
248 182 8 11 0.04125611 
341 431 11 15 0.039307628 
709 265 32 34 0.037607584 
232 159 10 12 0.037267786 
253 208 9 12 0.036840193 
167 303 10 13 0.036776736 
224 176 8 11 0.036647353 
215 104 10 11 0.036541462 
97 127 8 10 0.03650979 
91 308 18 23 0.035689585 
248 207 9 11 0.03561584 
89 120 8 9 0.035394803 
215 189 8 10 0.034890104 
266 136 8 10 0.033972893 
126 207 8 10 0.033685453 
80 207 8 10 0.033462934 
153 223 7 9 0.033427477 
471 339 15 18 0.033041574 
112 118 7 9 0.032940574 
49 284 9 11 0.032729167 
79 166 8 10 0.032636914 
105 103 7 9 0.03223851 
80 447 26 28 0.0317847 
784 269 9 11 0.031721186 
109 167 8 10 0.03154343 
2 245 8 10 0.03152693 
25 285 7 9 0.03149157 
104 158 8 10 0.03124938 
787 309 24 29 0.031098263 
64 438 12 14 0.030866496 
194 190 8 11 0.030710855 
112 134 8 10 0.030588116 
136 223 8 10 0.030309256 
150 289 8 10 0.030222084 
198 189 8 11 0.030187534 
81 142 7 10 0.030169459 
165 175 8 12 0.030004792 
833 229 9 11 0.029375916 
8 315 9 12 0.02905365 
98 134 8 10 0.029022837 
89 188 9 11 0.02894073 
270 140 9 11 0.028882712 
20 308 10 13 0.028699521 
105 168 8 10 0.02852264 
833 224 9 11 0.028418927 
813 275 11 14 0.028333608 
70 151 7 9 0.028324466 
116 372 43 54 0.028305601 
33 268 8 11 0.028180301 
96 216 7 9 0.028064096 
65 167 7 10 0.027676253 
177 230 7 9 0.027635146 
119 129 8 9 0.027430398 
249 211 10 12 0.027403064 
9 152 7 9 0.027038557 
0 390 9 15 0.026864506 
142 350 10 12 0.026816504 
222 104 9 10 0.02663974 
439 218 12 16 0.026583094 
332 314 24 36 0.026407983 
421 278 13 18 0.026289608 
121 232 7 9 0.026179485 
426 563 50 56 0.025996469 
484 397 11 16 0.025956681 
71 160 8 9 0.025936835 
87 158 8 10 0.025823763 
6 300 9 11 0.02581268 
10 119 7 9 0.025807794 
30 284 9 11 0.025741274 
81 112 6 8 0.025731951 
128 118 8 10 0.025701882 
140 159 10 13 0.025440557 
751 279 16 19 0.025346486 
32 205 7 10 0.025228316 
114 213 8 10 0.02517712 
127 213 8 10 0.025118867 
19 370 12 15 0.02503603 
176 94 8 10 0.025035983 
107 377 12 16 0.024837708 
17 224 10 12 0.024740104 
254 150 9 10 0.024697471 
474 693 10 12 0.024650717 
23 332 10 13 0.024482012 
145 112 7 10 0.024463877 
113 207 8 10 0.024430184 
109 262 8 10 0.024415938 
225 117 9 12 0.02437607 
838 156 11 13 0.024350647 
145 272 7 10 0.024244444 
820 277 13 16 0.024163192 
335 320 13 21 0.024134038 
65 150 8 10 0.024130238 
63 272 8 9 0.024050117 
32 128 7 9 0.023925262 
570 276 46 54 0.02387578 
828 288 13 17 0.023860984 
86 143 9 10 0.023750093 
249 188 9 11 0.023698738 
57 191 8 10 0.02367434 
184 206 8 9 0.023450846 
216 135 8 10 0.02321786 
184 143 7 9 0.023208713 
94 119 8 10 0.02316566 
352 273 33 37 0.023124687 
129 224 8 9 0.02307992 
31 151 7 9 0.02307001 
161 230 8 10 0.0230336 
210 183 8 11 0.022920469 
159 215 7 9 0.022918064 
86 209 8 9 0.022870397 
120 96 7 9 0.022859517 
230 118 9 12 0.022770187 
223 109 10 13 0.02272052 
112 128 8 10 0.022604045 
368 213 9 11 0.022593614 
838 225 8 10 0.022587739 
136 206 8 10 0.022505702 
53 279 8 11 0.02246835 
134 246 8 9 0.022462415 
135 278 8 10 0.022214007 
381 454 28 40 0.022187632 
97 222 8 9 0.022181388 
232 126 9 11 0.022153748 
810 270 9 12 0.022136651 
153 245 8 12 0.02202241 
192 143 8 9 0.021988682 
88 166 8 9 0.02198855 
169 112 7 8 0.021848872 
111 112 7 10 0.021684913 
98 207 7 9 0.021553352 
818 280 20 25 0.021517945 
101 370 23 27 0.021513425 
105 111 7 9 0.021512015 
307 271 28 37 0.021484675 
110 158 8 11 0.021471541 
25 247 8 10 0.021436702 
102 359 10 13 0.021324877 
80 161 8 9 0.021322498 
103 390 11 13 0.021266835 
79 188 8 10 0.021233568 
31 174 7 10 0.02114378 
81 185 8 10 0.021107033 
162 180 9 11 0.021094529 
762 269 12 15 0.021073835 
281 128 8 10 0.020847995 
73 207 8 10 0.020799082 
44 315 12 15 0.020541806 
16 247 7 9 0.020523647 
225 164 9 12 0.020515362 
111 80 8 10 0.020352047 
42 151 8 10 0.02031908 
126 255 8 10 0.02030809 
1011 282 13 20 0.020302331 
852 303 11 15 0.020200694 
172 307 11 14 0.0201753 
797 269 9 12 0.020165905 
121 77 7 10 0.0201628 
143 223 7 10 0.020160498 
144 133 9 10 0.0201476 
168 121 6 9 0.020141607 
603 72 26 33 0.020131543 
799 199 8 11 0.020114139 
167 231 8 9 0.020112006 
30 247 7 10 0.020110048 
136 370 30 36 0.020076144 
72 166 9 11 0.020072993 
119 191 9 10 0.020035658 
750 263 14 17 0.020027466 
152 87 8 9 0.020017464 
2 394 13 16 0.0200025 
