37_Soccer_Soccer_37_114
126
460 181 53 71 0.9997124 
200 65 45 49 0.79742664 
902 114 15 20 0.7056993 
987 91 26 33 0.66144115 
515 96 17 22 0.51424354 
140 126 15 20 0.47094718 
143 51 17 20 0.45975846 
863 79 16 21 0.42590657 
895 43 18 21 0.34855044 
455 100 19 22 0.33262172 
950 55 15 19 0.29653925 
78 119 16 21 0.29023415 
804 97 17 22 0.28510138 
402 78 15 18 0.2644455 
806 22 24 29 0.25190127 
258 25 17 22 0.22267005 
73 220 17 22 0.2214095 
60 5 17 21 0.18456379 
371 116 17 24 0.16747586 
157 78 22 30 0.16282079 
656 51 40 60 0.16179858 
749 15 17 23 0.1593922 
760 514 63 63 0.14692155 
509 65 21 28 0.14099137 
129 147 16 22 0.14067994 
443 27 17 21 0.14062671 
181 133 29 36 0.13776197 
473 128 17 23 0.13704222 
430 121 15 20 0.13160588 
191 67 27 40 0.12637852 
510 76 23 31 0.12636656 
403 130 26 32 0.11896167 
693 63 42 58 0.11690533 
106 25 14 18 0.11597161 
367 98 13 17 0.10950616 
579 43 15 19 0.10803042 
91 176 17 23 0.10734599 
244 166 47 68 0.1048136 
830 106 16 20 0.09354449 
314 8 16 19 0.087642334 
978 56 16 21 0.08285711 
17 137 19 25 0.07902602 
35 157 18 21 0.0786649 
269 381 35 36 0.07724986 
710 52 35 59 0.077216394 
541 114 17 21 0.07081555 
340 86 16 20 0.069783196 
987 168 17 21 0.06823214 
926 78 21 28 0.06791469 
835 -18 192 235 0.062456664 
902 3 21 27 0.061848924 
498 129 24 28 0.06177315 
443 159 18 21 0.061648317 
744 20 26 34 0.058734152 
556 133 17 24 0.05813679 
138 184 26 33 0.056884103 
78 126 22 31 0.055404484 
363 103 23 33 0.05488394 
254 25 27 40 0.053751204 
89 52 15 21 0.053628307 
865 189 17 24 0.0525346 
798 101 25 32 0.052415058 
976 73 42 54 0.051707134 
348 435 59 50 0.04870829 
922 18 15 19 0.047881536 
995 14 16 19 0.047163494 
228 77 34 39 0.043727316 
394 130 43 52 0.043640174 
417 122 23 25 0.04169715 
967 33 12 16 0.041641235 
871 16 23 29 0.041097306 
544 124 39 51 0.04099824 
900 15 16 20 0.04087129 
882 81 103 132 0.04032796 
185 124 20 23 0.03915195 
27 147 23 29 0.03907122 
88 181 26 32 0.0382049 
117 102 15 18 0.03790299 
509 195 26 41 0.037804365 
723 9 42 49 0.03730113 
936 64 20 28 0.03720699 
669 64 42 49 0.036639914 
507 61 17 20 0.0361197 
132 136 22 29 0.035825774 
912 11 22 28 0.035612788 
50 229 13 16 0.03501086 
663 36 34 50 0.0336722 
757 3 23 27 0.03361909 
410 126 18 19 0.032801483 
320 29 27 34 0.032217257 
315 65 16 19 0.032055035 
466 59 16 20 0.03143519 
310 23 27 35 0.030935857 
215 85 38 42 0.030195007 
527 347 12 15 0.029971918 
308 12 25 31 0.02996776 
620 89 13 18 0.029774513 
960 51 22 27 0.029691426 
484 57 14 20 0.027775656 
708 34 31 49 0.027052796 
695 3 50 48 0.02567048 
967 26 38 50 0.025022019 
222 57 33 49 0.024959194 
889 12 22 28 0.024209594 
7 130 23 31 0.024096515 
83 140 16 22 0.02405212 
408 80 15 18 0.024026994 
398 82 22 27 0.023636803 
336 88 26 31 0.023358667 
727 28 33 48 0.022885282 
820 101 22 27 0.022758871 
89 1 17 18 0.022727123 
320 463 98 152 0.022324318 
723 64 31 53 0.022241658 
372 1 24 22 0.021996386 
515 202 14 20 0.021975221 
944 68 22 29 0.021361953 
719 -2 34 31 0.02075181 
183 87 48 57 0.02056298 
457 105 25 32 0.020548921 
868 178 24 36 0.020261465 
972 51 18 22 0.020220736 
158 69 15 20 0.020122873 
871 491 35 31 0.020117026 
974 90 28 33 0.02005523 
432 2 19 20 0.020045226 
