37_Soccer_soccer_ball_37_841
27
414 347 97 132 0.99940133 
693 662 105 109 0.9967899 
-10 526 335 481 0.5091829 
-53 -57 387 480 0.4575729 
19 146 350 483 0.13434322 
182 400 376 418 0.1067881 
106 -17 241 329 0.08969328 
515 482 170 214 0.083920166 
832 1303 12 16 0.06050011 
758 784 132 144 0.05797991 
30 645 494 493 0.05524976 
751 1318 12 14 0.053562935 
25 55 227 294 0.048083026 
723 702 227 241 0.04124094 
198 404 40 47 0.038021367 
546 700 72 66 0.036730237 
744 843 106 113 0.034036726 
130 144 137 163 0.030367985 
-25 499 212 341 0.028293964 
507 751 102 138 0.027145812 
85 342 145 183 0.02587263 
536 708 103 97 0.025155907 
334 493 235 234 0.024707962 
783 1315 10 14 0.024298359 
516 725 60 71 0.02417895 
692 590 356 388 0.02144676 
800 1307 13 16 0.02034401 
