37_Soccer_soccer_ball_37_114
54
505 346 32 40 0.9997781 
683 259 30 36 0.99966717 
240 258 29 38 0.9996232 
364 161 30 37 0.9995592 
411 242 30 36 0.99948585 
265 363 32 42 0.9993788 
603 274 29 38 0.9993709 
891 254 32 39 0.9993703 
610 156 28 36 0.9993292 
501 232 29 38 0.9993255 
386 351 31 40 0.99913234 
758 364 34 41 0.9990902 
292 165 26 33 0.9990866 
675 156 26 33 0.9990823 
138 367 32 43 0.99904114 
442 152 27 34 0.9989812 
774 253 28 34 0.99879706 
643 353 34 44 0.99846727 
124 148 31 36 0.9983171 
739 156 30 38 0.99807703 
833 160 29 36 0.9979547 
74 255 27 33 0.9978629 
326 246 31 35 0.99641174 
162 262 28 33 0.99562943 
522 152 26 31 0.9934976 
219 176 27 32 0.99218965 
70 335 33 37 0.54353464 
845 354 26 41 0.40774676 
300 273 17 21 0.0805308 
936 427 33 49 0.07923349 
891 377 32 33 0.07764357 
827 355 24 35 0.0756712 
467 357 27 36 0.07276365 
197 390 26 36 0.06925269 
717 393 17 21 0.0655594 
358 377 32 39 0.060951825 
940 365 16 22 0.04879869 
855 361 30 38 0.048220918 
553 361 26 36 0.037845634 
317 400 29 40 0.037378605 
119 211 33 38 0.032201897 
656 364 27 37 0.030514877 
443 140 24 31 0.028622879 
531 257 25 31 0.028600328 
20 407 30 45 0.026753824 
866 370 30 34 0.026503094 
872 370 44 48 0.025340673 
204 382 25 32 0.02509405 
370 355 29 35 0.02471574 
543 369 27 36 0.023972956 
675 375 18 23 0.022392694 
540 341 26 35 0.022272091 
539 344 16 22 0.02226252 
549 386 30 41 0.021708384 
