37_Soccer_soccer_ball_37_479
21
477 33 82 82 0.9355912 
758 662 159 94 0.8556816 
778 261 74 105 0.6142336 
650 35 132 167 0.1336468 
96 54 124 139 0.07522277 
704 250 50 83 0.060341023 
732 270 88 100 0.05780117 
61 -9 214 262 0.045743566 
479 439 26 38 0.043867886 
429 29 90 116 0.042793367 
209 395 143 178 0.042653024 
381 106 66 86 0.042558808 
686 286 131 141 0.0385158 
879 53 122 139 0.033484656 
795 78 116 138 0.033279438 
358 216 65 66 0.029980129 
364 33 13 14 0.02554625 
240 710 36 40 0.024829526 
702 283 70 79 0.023918284 
408 -3 35 38 0.023707354 
226 468 60 77 0.020237155 
