37_Soccer_soccer_ball_37_341
18
365 264 26 29 0.5722949 
971 475 53 76 0.37673354 
393 183 23 28 0.28861904 
552 208 206 257 0.25194657 
453 93 50 67 0.24704228 
635 180 227 315 0.15684663 
393 232 27 36 0.12569156 
607 419 197 218 0.07729039 
377 264 24 31 0.07624292 
352 256 25 35 0.058875296 
382 180 25 32 0.0457414 
375 182 13 15 0.031662323 
478 44 63 65 0.02981168 
473 122 63 66 0.028093738 
395 117 360 387 0.0244763 
488 87 68 71 0.022777265 
635 516 122 155 0.02120222 
379 180 17 20 0.020971023 
