37_Soccer_Soccer_37_618
27
487 333 84 112 0.9988663 
819 353 81 123 0.99844307 
12 307 69 93 0.9978321 
247 321 73 92 0.9977083 
-3 435 42 114 0.5652767 
685 333 54 74 0.51560265 
450 294 60 74 0.4851969 
463 312 80 109 0.42940477 
685 95 128 103 0.21281828 
953 355 39 53 0.1929921 
326 392 43 54 0.16224426 
930 352 51 78 0.13657741 
305 459 17 23 0.1278479 
698 326 33 52 0.08580323 
909 366 51 84 0.07699272 
742 310 36 42 0.063014515 
726 371 34 46 0.047139574 
706 318 54 67 0.043545194 
643 500 122 194 0.034387786 
703 350 54 70 0.033890836 
110 540 36 35 0.030383756 
0 713 12 20 0.028774604 
645 419 218 251 0.028643496 
669 299 88 117 0.027210394 
935 570 15 17 0.02384981 
930 563 27 32 0.023153875 
383 248 37 51 0.022157254 
