37_Soccer_soccer_ball_37_926
23
509 137 9 12 0.32948366 
535 633 9 11 0.28570005 
938 237 10 15 0.21402445 
570 623 9 10 0.16956384 
568 626 12 15 0.07330152 
473 612 10 12 0.056639757 
505 293 9 12 0.051503655 
940 234 10 12 0.050169446 
942 252 11 14 0.048303925 
765 268 233 329 0.038077023 
489 263 9 12 0.03739107 
453 656 9 10 0.03402172 
444 607 10 12 0.032584395 
504 288 9 11 0.032216754 
934 237 19 23 0.030213393 
495 307 9 12 0.027778253 
506 652 11 14 0.02661526 
482 647 9 12 0.026591651 
577 647 8 10 0.025832111 
494 293 11 14 0.023104057 
488 267 8 12 0.022006862 
936 250 11 14 0.020880373 
527 659 10 13 0.020511702 
