37_Soccer_soccer_ball_37_818
24
45 45 131 199 0.99685895 
557 98 65 86 0.9964725 
641 2 79 110 0.9902036 
783 150 96 141 0.40120006 
-24 211 410 510 0.24599665 
760 268 87 138 0.13867074 
668 140 31 49 0.1350689 
208 -24 360 496 0.10127249 
786 52 193 309 0.10067925 
486 334 117 112 0.094242424 
42 372 239 320 0.07497048 
497 190 111 114 0.067573406 
110 13 189 292 0.03713892 
696 414 88 96 0.0356001 
716 381 28 43 0.03555751 
769 481 51 69 0.033236668 
515 245 119 111 0.028499505 
288 294 372 428 0.026527839 
653 377 43 53 0.026015775 
520 103 55 78 0.025099086 
698 411 54 66 0.024557788 
925 25 102 214 0.023926709 
512 113 93 134 0.02392576 
465 98 99 150 0.020465335 
