37_Soccer_soccer_ball_37_28
39
725 42 35 45 0.9988728 
381 103 40 50 0.9933728 
618 39 40 45 0.9878735 
368 146 33 55 0.98764646 
557 63 29 34 0.65607876 
648 484 33 48 0.44942033 
674 198 30 46 0.14625895 
555 290 76 134 0.10695695 
565 68 40 47 0.102646485 
339 162 30 38 0.09593439 
868 40 22 31 0.094714925 
371 122 41 60 0.08875475 
580 483 38 55 0.080762886 
803 49 18 24 0.047318302 
666 213 51 64 0.046830438 
508 134 17 25 0.045137044 
349 165 37 43 0.044485252 
547 67 27 37 0.043632098 
282 205 42 52 0.042655285 
284 208 16 22 0.039340045 
578 81 40 45 0.037330415 
508 136 29 39 0.03722908 
472 145 35 38 0.030292816 
601 484 38 48 0.028924182 
422 188 28 38 0.028496642 
512 154 30 38 0.027077127 
554 298 46 83 0.02555945 
88 75 11 15 0.024548918 
718 200 27 42 0.024374114 
331 180 30 40 0.023438385 
473 133 25 38 0.023111913 
588 65 42 52 0.022895355 
524 104 26 35 0.022891195 
140 510 12 14 0.022686971 
661 -1 28 26 0.021341313 
766 155 15 18 0.020703733 
383 91 28 33 0.020408997 
493 131 29 35 0.020308843 
240 419 51 66 0.020053836 
