37_Soccer_soccer_ball_37_233
55
414 266 29 36 0.9936573 
628 203 42 50 0.9727418 
856 387 14 18 0.78795666 
331 453 30 33 0.6433806 
345 411 16 19 0.15165219 
23 402 127 161 0.15127349 
510 456 16 19 0.11917789 
1007 423 8 12 0.106773704 
405 446 29 36 0.1058873 
-13 369 210 251 0.097140506 
386 448 45 49 0.0787667 
1002 428 8 10 0.07643328 
354 475 14 16 0.07190164 
118 576 138 103 0.06319702 
1010 413 8 12 0.059992656 
566 462 12 16 0.059255343 
380 469 13 14 0.05650732 
345 467 24 27 0.054945633 
79 497 152 134 0.054476988 
743 437 35 38 0.053486284 
327 434 40 45 0.051588163 
134 279 27 33 0.049376063 
-19 254 329 441 0.045903236 
341 398 23 28 0.042183474 
654 399 9 12 0.04200968 
994 423 6 8 0.041181028 
154 -45 515 463 0.03694587 
571 460 14 18 0.036479063 
344 406 28 33 0.03308784 
375 474 12 13 0.032558788 
853 461 11 15 0.031749673 
64 442 127 146 0.030019827 
132 611 87 59 0.028827954 
1013 420 9 13 0.028474538 
495 447 10 13 0.027152501 
512 439 9 12 0.026628323 
696 398 30 36 0.026369149 
398 337 22 32 0.024956703 
614 455 9 10 0.024540626 
723 431 32 42 0.02416526 
341 425 15 19 0.023984857 
362 357 17 21 0.023940425 
865 385 15 18 0.023357254 
994 416 7 9 0.02322576 
640 421 51 60 0.022995058 
625 190 31 44 0.022933722 
688 408 30 34 0.022297148 
359 461 54 46 0.022224324 
796 233 25 33 0.02216469 
335 389 11 15 0.022005994 
335 426 26 34 0.021130646 
558 431 9 10 0.021072518 
509 444 14 17 0.020135725 
47 425 79 90 0.02003926 
559 436 9 11 0.020015933 
