37_Soccer_Soccer_37_170
30
944 64 66 81 0.9992779 
466 218 68 83 0.9990766 
620 90 70 87 0.99833494 
743 77 42 51 0.99689865 
602 2 26 30 0.99617815 
730 -1 17 18 0.38114813 
368 421 34 40 0.17293262 
517 0 13 12 0.09513827 
646 16 23 28 0.07773188 
740 2 12 15 0.0662874 
683 48 25 35 0.061744943 
30 0 10 10 0.059217833 
1 -1 10 12 0.051392518 
691 13 24 28 0.043351125 
615 3 19 23 0.041724954 
742 12 10 13 0.040214784 
0 2 11 18 0.038833063 
674 -2 23 26 0.031050833 
523 -1 13 12 0.03098386 
634 0 16 17 0.030113056 
759 15 11 13 0.02943099 
630 78 366 433 0.027876103 
662 3 24 32 0.02453265 
643 28 24 29 0.024461733 
754 273 25 34 0.02432108 
768 0 10 10 0.023413843 
626 2 15 19 0.022481645 
657 14 19 24 0.022088986 
734 7 14 17 0.021178527 
687 0 25 29 0.021058781 
