37_Soccer_soccer_ball_37_345
141
714 162 16 21 0.99543446 
491 171 16 20 0.99370295 
622 178 16 21 0.9909677 
383 93 12 13 0.99070287 
818 166 15 21 0.9903239 
555 165 17 22 0.9902 
363 180 16 20 0.9887503 
427 181 16 21 0.9863809 
969 180 16 21 0.8725525 
1001 190 14 17 0.86755997 
137 316 20 27 0.5514709 
440 335 18 23 0.49593103 
413 284 13 16 0.4754968 
951 277 11 13 0.41884485 
446 281 12 16 0.3434982 
576 284 11 13 0.2789244 
837 255 13 15 0.22879274 
542 283 11 13 0.18067089 
475 282 12 14 0.1663754 
351 280 12 14 0.15222885 
385 282 11 13 0.14231206 
698 256 12 17 0.14228246 
510 283 11 13 0.13766024 
439 208 14 18 0.12915792 
132 325 17 24 0.12521191 
490 239 15 18 0.12491005 
81 55 8 10 0.119810574 
429 252 13 16 0.111011356 
328 134 9 11 0.10764883 
738 255 12 16 0.10270414 
805 255 12 15 0.100744806 
704 135 8 11 0.09432013 
554 210 17 20 0.093496874 
735 134 10 13 0.091337845 
366 244 15 16 0.09082623 
603 234 12 15 0.09015998 
621 248 14 16 0.08783268 
984 290 12 14 0.087807134 
429 335 17 22 0.08568223 
109 472 24 24 0.08306237 
531 134 11 14 0.08226232 
487 211 21 26 0.081672266 
797 136 8 11 0.078856684 
264 134 9 12 0.077239975 
370 158 9 12 0.07523792 
87 62 9 11 0.07188171 
86 54 8 11 0.068632565 
81 60 8 11 0.0634 
236 133 11 13 0.061656825 
399 157 10 13 0.061064407 
423 332 13 19 0.06040107 
413 235 11 14 0.055061653 
837 141 24 29 0.05428978 
654 135 8 10 0.053581864 
565 200 14 18 0.053176094 
471 132 10 13 0.05177978 
598 138 11 13 0.05092033 
427 221 13 16 0.04978183 
391 235 12 14 0.048099734 
369 126 9 12 0.047618546 
502 202 14 18 0.046621263 
436 131 10 14 0.04503989 
406 131 10 13 0.043942306 
129 330 24 33 0.04267996 
468 227 12 15 0.04242883 
792 138 10 12 0.042304765 
973 260 10 13 0.041032698 
488 223 22 26 0.040364187 
608 288 10 12 0.039985575 
389 108 12 15 0.03925472 
800 218 12 16 0.038617916 
449 332 12 18 0.03712311 
760 135 10 13 0.036896057 
580 220 14 18 0.036789704 
421 225 14 16 0.036726274 
375 209 12 15 0.03625793 
647 236 12 15 0.03596765 
511 228 13 17 0.035561293 
532 225 14 17 0.035235506 
504 137 13 16 0.034896165 
349 130 10 13 0.03478017 
709 135 9 12 0.033997472 
687 135 8 11 0.033647116 
434 250 14 17 0.03314779 
93 64 9 12 0.03231764 
690 217 14 17 0.031868022 
498 234 14 17 0.030887729 
356 230 24 28 0.030816495 
348 227 13 18 0.030422453 
613 210 24 29 0.030237788 
562 209 16 20 0.029965034 
387 98 12 14 0.02974304 
549 205 15 19 0.029610714 
1013 196 11 14 0.029232616 
989 203 10 13 0.028552648 
967 238 9 13 0.028432291 
614 211 14 18 0.028427018 
382 172 14 19 0.02814904 
655 139 8 11 0.027943246 
619 220 15 17 0.027214997 
373 162 11 14 0.027165862 
368 119 8 11 0.027075576 
1015 207 8 11 0.027047798 
89 48 8 10 0.026906624 
628 148 13 15 0.02686574 
152 444 26 29 0.026461262 
444 325 14 21 0.026153153 
505 145 16 20 0.025346143 
583 133 9 12 0.024951257 
430 204 12 16 0.024944454 
974 266 10 13 0.024941204 
843 139 16 19 0.024934238 
705 129 7 10 0.024084026 
821 193 14 16 0.023962393 
540 288 12 15 0.023955913 
95 53 8 11 0.023691181 
380 210 12 15 0.023604827 
575 223 15 19 0.023217473 
288 396 269 266 0.023177411 
946 272 19 23 0.022919785 
604 238 15 19 0.022670778 
416 206 10 14 0.022378266 
423 246 12 16 0.022345824 
404 156 10 14 0.022119714 
401 131 10 14 0.022084437 
328 129 8 10 0.02177001 
604 135 10 12 0.021715585 
798 211 21 27 0.02159652 
650 133 9 12 0.021556374 
453 127 11 14 0.021503557 
89 68 10 12 0.021471033 
984 203 10 13 0.021470817 
703 150 10 13 0.021203581 
999 185 12 14 0.021179348 
638 209 12 16 0.021008564 
387 87 11 15 0.020898651 
527 136 12 16 0.020877874 
828 195 13 14 0.020735659 
472 289 11 14 0.0203296 
828 147 14 17 0.02024193 
423 205 10 14 0.02003236 
