37_Soccer_soccer_ball_37_88
22
643 28 22 30 0.9922122 
515 165 62 64 0.9882422 
378 167 48 52 0.95978034 
302 8 23 29 0.87140834 
196 20 16 21 0.58999646 
85 33 22 26 0.57859325 
938 8 14 18 0.40325934 
415 290 56 49 0.07620505 
618 403 41 55 0.043403007 
424 157 27 42 0.039153423 
177 92 11 13 0.034860108 
545 161 41 49 0.033615403 
373 147 36 58 0.031382937 
158 93 10 14 0.030907003 
319 104 11 13 0.02997284 
102 129 15 18 0.026858272 
301 165 10 15 0.026364068 
191 64 15 20 0.025971375 
179 87 11 13 0.0253935 
164 101 15 16 0.021162225 
428 166 16 26 0.021053758 
278 220 439 523 0.020706037 
