37_Soccer_soccer_ball_37_1001
19
365 164 214 273 0.99967194 
640 293 397 482 0.89871776 
659 1204 494 463 0.2723685 
6 26 53 87 0.26208478 
722 927 182 230 0.12567331 
935 1134 37 49 0.120320275 
352 637 202 296 0.07502754 
138 214 377 495 0.057689954 
903 1009 18 23 0.04496714 
747 979 112 129 0.042998213 
763 1007 69 77 0.041363426 
546 85 496 504 0.037165195 
976 988 10 13 0.026128732 
972 1100 22 32 0.026108852 
979 1086 15 20 0.024617199 
230 657 215 308 0.024028188 
957 1024 31 43 0.0237535 
646 830 309 401 0.02140905 
218 623 439 411 0.020987237 
