37_Soccer_soccer_ball_37_1011
18
330 1 90 130 0.99967396 
773 321 42 49 0.9941409 
843 275 25 34 0.9901618 
406 231 73 91 0.9864324 
509 0 339 466 0.97556293 
428 1 39 54 0.92594355 
363 -11 88 120 0.0430219 
444 8 34 44 0.04119901 
738 404 56 60 0.029209375 
470 25 15 19 0.029195813 
384 326 34 46 0.027051803 
454 319 31 39 0.026962055 
836 326 27 36 0.02601035 
398 -1 55 73 0.024931232 
602 94 405 469 0.023717703 
789 398 43 56 0.023189388 
836 279 22 27 0.021356456 
460 15 27 35 0.021336367 
