37_Soccer_soccer_ball_37_32
77
368 129 57 82 0.99282455 
551 120 45 59 0.5356261 
885 76 14 20 0.24873239 
562 135 50 59 0.08945095 
925 52 13 16 0.07957939 
964 8 15 18 0.076140225 
359 465 44 55 0.064692274 
126 227 11 14 0.059975296 
87 244 12 16 0.056106333 
162 213 9 11 0.05355196 
133 213 9 12 0.05065081 
840 105 28 35 0.047784384 
55 88 9 11 0.04282174 
75 220 14 18 0.041058216 
454 110 11 15 0.04079982 
538 274 71 83 0.03970463 
315 86 13 17 0.039516803 
960 6 13 16 0.038751062 
523 0 17 19 0.03836447 
108 223 12 13 0.03623007 
106 228 14 16 0.034593448 
103 233 14 17 0.03399177 
52 252 13 16 0.033535972 
809 61 17 22 0.033160012 
267 152 16 23 0.033001263 
167 107 13 17 0.031763367 
135 174 10 12 0.030938523 
84 202 14 17 0.03085864 
119 228 11 14 0.030628951 
128 234 11 14 0.030173842 
762 284 30 42 0.029628353 
862 34 11 14 0.029223684 
970 9 17 18 0.02831307 
554 282 29 37 0.027912943 
774 -25 216 228 0.027785303 
128 156 12 14 0.026367733 
909 69 12 15 0.025144963 
851 0 243 235 0.02495306 
996 -1 15 14 0.024776652 
377 117 39 52 0.024721224 
731 268 48 77 0.024482712 
429 0 15 13 0.024410602 
515 36 15 19 0.024375044 
152 158 10 13 0.024318567 
134 165 10 13 0.0239758 
189 124 11 13 0.023950873 
837 53 10 13 0.023752304 
167 233 113 164 0.023633616 
908 0 12 12 0.023286037 
1013 41 10 16 0.023228226 
116 247 12 15 0.023158837 
999 12 14 17 0.022785813 
486 55 9 13 0.022730842 
936 37 11 15 0.022678541 
487 61 9 12 0.022538664 
394 630 39 33 0.022440434 
902 4 13 15 0.022405248 
238 91 12 14 0.022387488 
93 556 10 12 0.022382163 
913 115 16 19 0.022253968 
3 159 234 241 0.02190883 
927 79 12 15 0.021864012 
931 60 13 16 0.021733386 
91 237 14 17 0.021728985 
109 244 12 14 0.021710452 
593 158 61 65 0.021636954 
910 35 12 17 0.021604503 
86 179 13 15 0.021325005 
205 206 16 19 0.021303516 
480 56 9 12 0.021233663 
111 174 205 248 0.021203715 
909 22 13 15 0.02086024 
547 180 111 135 0.020656647 
49 88 8 9 0.02058725 
929 99 11 13 0.020559128 
84 234 19 26 0.020421345 
128 164 11 13 0.020395102 
