37_Soccer_Soccer_37_415
40
193 422 49 82 0.99354124 
909 254 45 60 0.86834896 
630 247 59 69 0.7853768 
514 33 72 66 0.7270967 
553 25 38 49 0.28465942 
588 610 76 55 0.13496692 
2 299 59 105 0.11256201 
281 324 31 43 0.10218484 
122 155 162 248 0.08963266 
829 411 55 52 0.07133976 
790 270 91 112 0.06428717 
558 251 196 241 0.05129831 
764 38 27 31 0.04516747 
611 638 82 62 0.04389099 
595 151 132 169 0.039446346 
628 161 391 453 0.039320532 
729 314 93 122 0.034237754 
759 374 58 85 0.03295615 
278 418 33 41 0.032129876 
258 308 53 74 0.031971175 
619 209 65 88 0.0318736 
498 37 36 41 0.030870585 
480 34 62 65 0.029297683 
833 270 56 71 0.029132456 
751 332 52 69 0.02835923 
188 393 91 117 0.026449122 
770 36 17 21 0.02571357 
490 42 96 104 0.0254642 
177 638 14 15 0.0251193 
113 74 125 202 0.02478747 
40 224 101 138 0.024664005 
758 31 47 48 0.02461325 
665 329 31 38 0.02430052 
586 226 81 115 0.023866668 
333 216 229 287 0.02177356 
272 186 15 20 0.021669263 
487 1 404 499 0.021392344 
784 308 64 83 0.020947082 
479 365 59 68 0.020479752 
815 224 23 33 0.020313993 
