54_Rescue_rescuepeople_54_581
493
317 339 9 12 0.91833335 
435 182 9 12 0.8563412 
372 353 13 15 0.8410728 
973 422 13 15 0.8359847 
287 191 10 11 0.83576655 
506 181 11 13 0.82581466 
538 318 9 12 0.81354797 
625 186 9 11 0.7976036 
59 349 8 12 0.79714453 
263 331 10 13 0.7828451 
792 366 9 12 0.77931315 
167 352 10 13 0.7677903 
748 198 9 12 0.76162803 
692 191 10 13 0.7566771 
691 373 10 13 0.72929436 
482 318 9 11 0.6566958 
193 178 16 20 0.6346019 
96 357 10 13 0.6142409 
361 341 9 12 0.59208965 
816 366 10 12 0.5827779 
596 356 11 13 0.55133796 
1013 373 8 13 0.5498084 
405 181 8 10 0.54644704 
912 200 10 13 0.5251566 
92 337 9 11 0.51858723 
997 367 11 14 0.51833946 
384 189 9 11 0.5176719 
807 179 12 14 0.51681966 
842 368 9 12 0.51352835 
886 312 10 12 0.5126332 
641 366 10 12 0.50225824 
882 196 10 12 0.4990903 
844 189 11 13 0.45766717 
538 366 9 13 0.45746404 
906 369 12 16 0.43447024 
847 182 11 13 0.41255453 
479 180 10 13 0.4001054 
398 176 9 10 0.39759883 
422 330 10 13 0.36736032 
454 191 9 11 0.36557773 
395 176 7 9 0.34026882 
212 331 10 12 0.3285816 
965 307 10 13 0.3261703 
959 196 9 11 0.3154842 
880 372 12 14 0.3130957 
368 358 11 13 0.28621814 
654 199 7 11 0.27284223 
886 352 11 15 0.27105233 
968 189 9 12 0.2667265 
361 359 8 11 0.26132387 
805 190 12 14 0.25938913 
105 194 11 13 0.25503963 
920 316 9 11 0.24677381 
978 370 12 16 0.23857641 
306 192 8 10 0.2261076 
5 334 10 13 0.22136883 
481 355 10 12 0.22117078 
409 357 9 11 0.2146899 
905 206 9 12 0.20970768 
936 198 9 11 0.20921403 
684 216 11 15 0.20843689 
234 351 9 13 0.19480953 
334 358 7 11 0.19479173 
428 206 10 11 0.19204563 
538 339 9 12 0.18527181 
549 182 9 11 0.17483051 
171 350 11 13 0.17130558 
249 188 9 11 0.16993096 
392 359 9 11 0.16934118 
234 196 9 12 0.1624123 
741 373 9 11 0.15432668 
399 357 8 11 0.15088369 
410 351 9 12 0.15041085 
478 187 10 13 0.14760737 
233 376 8 11 0.14605828 
673 200 7 9 0.14594759 
864 180 13 16 0.13684891 
710 182 10 12 0.13469519 
412 355 9 11 0.12853253 
980 381 13 16 0.12603028 
801 192 10 13 0.12314086 
207 199 12 15 0.118224494 
927 206 12 14 0.11336468 
767 336 11 13 0.111343406 
322 199 10 11 0.11043168 
441 327 8 10 0.10625413 
270 355 9 12 0.10475554 
200 176 16 21 0.10392016 
902 212 11 14 0.10110442 
881 362 16 21 0.1006955 
367 362 9 12 0.09952062 
378 350 13 14 0.09842198 
885 191 11 14 0.09778895 
117 385 8 10 0.096003085 
877 376 11 14 0.094260335 
449 360 9 12 0.09366067 
1006 396 11 12 0.092183806 
705 182 11 14 0.09180988 
331 387 10 14 0.0902189 
242 336 8 11 0.08880779 
456 328 8 11 0.08743173 
901 224 16 19 0.08557636 
391 180 8 11 0.084125675 
90 356 10 12 0.08368698 
689 378 10 12 0.083420865 
10 189 8 10 0.08189589 
453 363 10 12 0.081266835 
884 333 11 13 0.07909428 
766 357 10 12 0.078142405 
437 178 9 12 0.07750805 
240 340 10 12 0.07602131 
392 363 8 11 0.07408985 
359 346 9 13 0.07292761 
253 184 8 10 0.07280313 
391 318 7 10 0.07200543 
765 352 11 12 0.07142179 
472 197 9 11 0.070999816 
208 373 8 11 0.069274515 
408 341 9 11 0.068680674 
430 350 10 13 0.06714921 
975 198 10 12 0.067092314 
484 350 11 14 0.0660362 
863 197 12 13 0.06601587 
13 188 10 12 0.06529875 
237 354 10 12 0.06487024 
287 351 11 13 0.06425728 
192 358 8 11 0.06411179 
853 185 10 14 0.064065546 
702 352 9 11 0.06402463 
399 352 8 11 0.061948355 
367 350 13 17 0.061807983 
964 388 11 15 0.061392218 
37 184 9 11 0.06035625 
884 202 11 13 0.06018974 
923 331 13 17 0.057829116 
887 180 11 14 0.0577856 
386 311 7 9 0.05765796 
207 366 8 11 0.057538934 
868 334 11 13 0.057473566 
109 223 9 11 0.05736363 
391 350 10 13 0.0566982 
265 356 9 12 0.056006763 
745 201 10 13 0.05598123 
697 357 9 11 0.05560602 
868 187 12 16 0.05526002 
841 193 11 14 0.055039674 
743 368 9 11 0.054317143 
678 373 10 13 0.05377556 
431 318 8 11 0.052936807 
718 356 10 13 0.052274067 
927 198 11 14 0.05124557 
408 72 29 35 0.050993707 
408 271 9 13 0.050579906 
365 337 10 13 0.04919059 
428 200 10 12 0.049183898 
812 185 11 14 0.04903195 
81 350 9 12 0.048939046 
783 359 10 11 0.048698552 
824 359 8 11 0.04811426 
968 424 12 16 0.047660917 
236 374 9 12 0.047310274 
433 186 9 12 0.046875052 
115 389 9 11 0.046579927 
821 181 11 14 0.046522826 
959 429 10 13 0.046439216 
87 352 10 12 0.04597957 
976 386 12 15 0.04585815 
918 202 11 14 0.04571146 
525 217 13 14 0.045356855 
484 176 9 11 0.044824522 
528 387 10 13 0.044716176 
386 317 7 10 0.044583283 
812 390 9 13 0.044487514 
594 360 14 17 0.0443125 
448 333 9 11 0.044181973 
1013 389 10 15 0.043885473 
905 199 10 14 0.043804083 
200 358 11 13 0.04320641 
808 374 9 12 0.04301473 
333 382 9 13 0.042978946 
545 176 9 10 0.042386003 
101 352 11 13 0.042377386 
621 364 10 13 0.042310968 
305 196 9 11 0.042231195 
244 341 10 12 0.042081643 
757 215 10 13 0.042054128 
593 351 10 13 0.0418728 
484 189 11 14 0.041649695 
876 336 16 18 0.041626822 
202 365 9 11 0.041451316 
872 359 23 29 0.041365597 
550 177 9 10 0.041145787 
924 415 10 12 0.04084349 
873 379 10 14 0.040647633 
508 355 10 13 0.04029678 
495 374 9 12 0.04011457 
797 205 13 16 0.03978668 
184 340 9 12 0.03927345 
790 391 10 12 0.039248664 
496 317 8 11 0.03911215 
77 335 11 12 0.03910648 
520 317 10 12 0.038407464 
440 332 9 12 0.038192224 
672 373 11 13 0.03763217 
908 405 12 14 0.037612557 
408 335 8 10 0.037386816 
908 211 12 16 0.03697131 
798 388 10 13 0.036772218 
860 373 12 15 0.036499184 
1013 396 10 13 0.036210235 
880 346 19 26 0.035863627 
337 374 7 11 0.0358193 
703 372 9 13 0.035698786 
842 183 11 13 0.03564291 
12 334 10 13 0.03558511 
191 183 22 26 0.035505477 
953 191 9 12 0.035335295 
57 354 10 12 0.03528683 
884 339 14 16 0.03502355 
918 325 13 16 0.03456405 
477 196 10 12 0.034557797 
620 310 10 13 0.034489464 
982 343 9 11 0.034282826 
534 429 10 12 0.03427783 
990 352 10 11 0.03408364 
787 365 9 12 0.03386614 
716 183 10 12 0.033647154 
835 454 12 16 0.03359858 
418 328 9 12 0.03344736 
772 335 9 12 0.03332684 
897 451 10 14 0.033251613 
238 190 9 13 0.033140663 
851 177 18 23 0.03307518 
939 379 12 15 0.03302009 
402 256 9 11 0.032962386 
896 213 11 15 0.032842804 
189 328 10 12 0.032808468 
773 358 11 13 0.03276384 
841 184 18 22 0.032693595 
752 212 11 14 0.03264299 
255 348 10 13 0.03258509 
806 358 9 11 0.032572035 
636 360 17 23 0.03249812 
389 198 9 11 0.032220438 
310 199 8 10 0.032214634 
448 372 9 11 0.032207876 
993 370 11 14 0.032146417 
99 362 12 14 0.032034617 
829 187 11 14 0.03202609 
749 364 9 12 0.031967476 
407 327 8 11 0.03186434 
914 311 10 13 0.03184432 
584 365 9 12 0.03183138 
1006 366 12 15 0.03181862 
890 348 12 17 0.03179168 
320 204 10 11 0.031704925 
993 361 18 24 0.03164823 
1001 390 12 15 0.031385414 
557 201 11 15 0.031313375 
605 382 12 14 0.03123471 
429 333 9 12 0.031231768 
474 191 9 11 0.031102866 
188 333 11 12 0.031074464 
391 312 7 10 0.031049525 
229 334 10 12 0.031048048 
0 336 10 16 0.031003054 
984 349 10 11 0.030992294 
991 357 11 14 0.030927917 
262 369 11 14 0.030787518 
342 358 9 11 0.030700013 
330 363 9 13 0.030585218 
370 199 8 10 0.03051816 
893 315 11 14 0.030511046 
505 350 11 15 0.03027441 
438 341 10 12 0.030158399 
377 325 8 11 0.030136874 
486 313 8 11 0.030112492 
698 182 20 24 0.030041495 
874 185 19 25 0.029881593 
689 186 17 22 0.029630478 
1007 377 13 16 0.029578367 
385 304 7 9 0.029552845 
760 348 10 13 0.029365946 
511 366 10 14 0.029363163 
304 335 9 12 0.029318765 
744 194 10 13 0.029292248 
91 353 18 21 0.029216595 
352 333 9 12 0.02921535 
448 327 8 11 0.029184135 
32 187 9 12 0.029123753 
712 352 9 11 0.028921256 
374 197 8 10 0.02882287 
228 325 10 13 0.028742723 
460 191 8 11 0.028728757 
453 342 9 12 0.028719753 
907 194 19 23 0.028662167 
708 374 10 12 0.02861063 
899 208 21 26 0.028308723 
96 372 10 12 0.028232522 
23 188 9 12 0.028131992 
329 352 9 12 0.028086912 
398 170 9 11 0.028086483 
484 322 10 12 0.027996697 
833 373 10 12 0.027961131 
901 374 15 19 0.027947515 
188 166 30 33 0.027798753 
423 176 9 11 0.027774924 
802 180 11 14 0.027611103 
670 224 10 12 0.027527604 
205 323 19 23 0.027418409 
617 357 11 14 0.027411008 
677 199 8 11 0.027407154 
791 179 44 54 0.027308669 
501 214 12 13 0.027274815 
485 381 11 15 0.027177338 
354 342 8 12 0.027176725 
535 359 12 15 0.027113153 
390 343 10 12 0.027087351 
449 195 9 12 0.026942391 
774 350 10 13 0.026819821 
425 350 8 12 0.026706811 
206 338 11 13 0.026650442 
202 332 10 13 0.026628075 
1014 311 8 13 0.026584627 
291 195 11 13 0.02654182 
686 351 9 12 0.026515208 
352 325 9 12 0.026498877 
532 379 11 15 0.02647917 
212 176 16 20 0.026330957 
220 185 13 19 0.026308177 
663 198 9 12 0.026289627 
353 349 8 11 0.026221981 
47 343 10 13 0.02603742 
47 396 8 11 0.025942001 
361 337 18 24 0.025936155 
800 200 21 27 0.025669858 
429 245 11 14 0.025639882 
280 350 10 13 0.025609346 
800 190 21 24 0.025604974 
893 334 9 11 0.025591925 
325 335 9 12 0.025484327 
312 347 10 12 0.02547361 
232 201 11 15 0.025456605 
424 373 8 11 0.025454838 
797 371 10 13 0.02542836 
811 361 17 22 0.025427712 
805 173 19 23 0.025382308 
814 196 12 15 0.0253307 
853 426 12 17 0.025170095 
429 323 10 13 0.02511354 
379 191 7 10 0.025097553 
469 204 12 14 0.024981573 
626 347 22 28 0.024947982 
965 194 10 13 0.024928272 
13 196 11 13 0.024840932 
999 293 11 15 0.024733085 
954 197 9 12 0.024729446 
454 347 9 13 0.02470205 
318 345 10 13 0.024667569 
408 363 9 11 0.024614839 
1012 402 13 18 0.02460107 
621 178 16 21 0.024514403 
1016 212 8 12 0.024512118 
808 395 10 12 0.024453755 
475 204 12 14 0.024414117 
832 366 9 12 0.02439652 
540 313 9 13 0.024354687 
393 169 8 12 0.0243528 
520 213 11 14 0.024328955 
632 382 9 13 0.024310244 
925 190 12 15 0.024301173 
1016 206 8 12 0.024274644 
584 341 8 12 0.024259524 
335 341 10 11 0.024224931 
503 326 10 12 0.024195438 
868 195 11 14 0.024157012 
430 312 9 11 0.024033297 
914 198 20 23 0.023913544 
720 362 11 15 0.02369704 
622 348 11 15 0.023674753 
476 312 18 22 0.023635928 
880 329 10 13 0.023490604 
518 333 9 11 0.023458272 
293 184 9 13 0.023386162 
278 357 10 12 0.02337573 
885 185 21 27 0.023327824 
383 333 9 12 0.023318104 
668 350 11 13 0.02325129 
644 360 11 15 0.023219911 
479 393 13 17 0.023194754 
142 359 11 12 0.0231903 
448 167 10 12 0.023176594 
354 358 7 10 0.023111325 
496 214 10 12 0.023108412 
425 213 8 10 0.023105953 
407 187 8 12 0.023083098 
721 158 9 11 0.023054743 
760 341 10 13 0.023038317 
405 346 18 23 0.022985047 
164 347 16 20 0.022913927 
855 366 11 15 0.022902198 
463 197 8 11 0.022861041 
647 302 10 12 0.022830874 
430 212 9 12 0.02282992 
295 342 10 12 0.022787722 
773 339 11 12 0.02275631 
664 247 7 10 0.022744821 
384 365 9 11 0.022741823 
695 185 10 15 0.022685025 
829 196 11 15 0.022637898 
857 390 10 13 0.022604413 
978 342 8 11 0.022503318 
182 179 15 20 0.022499314 
258 325 18 22 0.022490727 
832 380 9 11 0.022482678 
765 363 12 14 0.022417996 
862 412 11 14 0.02238044 
829 359 8 11 0.022339918 
405 260 9 13 0.022329418 
799 382 10 13 0.022278232 
181 349 10 13 0.02219771 
214 382 9 10 0.022174885 
751 343 10 13 0.022149473 
892 196 11 15 0.02212791 
614 316 13 16 0.022122597 
463 317 9 11 0.022087276 
681 211 19 24 0.022083053 
204 206 16 20 0.022052193 
470 211 12 13 0.0220447 
880 181 11 15 0.022043498 
502 372 9 12 0.022038097 
432 342 10 13 0.022010857 
213 338 11 13 0.02196935 
998 286 10 12 0.021940958 
-43 241 245 251 0.021934869 
876 196 20 25 0.021853564 
204 191 20 26 0.02185071 
369 214 7 10 0.021835655 
678 366 12 14 0.021835241 
223 350 10 13 0.021814646 
362 229 8 11 0.021744939 
931 334 11 14 0.02172242 
447 172 10 13 0.02171015 
232 341 10 12 0.021690145 
446 220 9 11 0.021681866 
201 340 11 14 0.021471573 
856 187 23 26 0.02146048 
390 333 9 11 0.02143049 
922 201 21 25 0.021399872 
511 340 10 12 0.021381922 
783 395 10 13 0.021335855 
385 195 9 11 0.02133156 
425 355 9 13 0.021267567 
416 323 20 24 0.021255096 
790 362 18 23 0.021243595 
494 311 9 11 0.021232782 
895 205 11 14 0.02116714 
527 318 9 11 0.021129219 
787 373 9 12 0.021105345 
478 381 12 15 0.021090005 
230 319 9 11 0.021079633 
430 383 9 12 0.021078032 
920 419 10 13 0.021069225 
1009 311 9 11 0.021065807 
549 437 9 11 0.02103448 
855 196 11 14 0.02097759 
808 343 8 9 0.020888919 
687 207 10 12 0.020887045 
71 334 12 12 0.02085181 
737 366 10 12 0.02081469 
463 332 9 12 0.020768005 
372 344 13 16 0.02073539 
821 198 12 15 0.020696882 
967 423 22 26 0.020644004 
470 333 11 13 0.02064065 
351 365 8 11 0.020634262 
960 327 9 12 0.0206169 
424 182 8 10 0.02061073 
679 190 11 13 0.020610465 
909 356 12 14 0.02054363 
345 350 8 11 0.020507596 
204 178 22 28 0.020505844 
687 357 10 13 0.020467754 
207 379 10 12 0.020420767 
494 381 9 14 0.020368919 
526 310 10 13 0.020329041 
439 320 8 10 0.020323997 
983 359 11 14 0.020175058 
565 386 12 14 0.020146513 
681 351 9 11 0.02013954 
794 211 11 15 0.020127734 
430 221 9 12 0.020042403 
39 350 9 11 0.020005142 
