54_Rescue_firemanrescue_54_617
30
576 254 220 275 0.99961424 
347 59 393 538 0.3809603 
25 1114 151 158 0.3197697 
105 549 228 215 0.1509797 
44 1024 193 229 0.11165334 
739 238 169 262 0.09281212 
8 686 104 138 0.08760513 
780 844 45 65 0.083087124 
527 154 350 455 0.07141754 
3 857 18 26 0.06779043 
83 645 91 101 0.06703559 
3 620 177 225 0.062405583 
167 732 124 111 0.060249217 
477 230 230 286 0.059787992 
29 562 367 419 0.05783719 
52 661 97 116 0.046291817 
767 189 26 31 0.0440926 
170 603 195 229 0.040574696 
104 606 122 156 0.031525765 
796 823 50 66 0.0314741 
69 628 13 15 0.030854128 
100 651 199 199 0.028165072 
26 872 362 398 0.028040418 
833 286 124 220 0.025524987 
181 638 130 134 0.022329606 
635 806 372 449 0.021856477 
285 874 115 148 0.021665731 
610 1008 375 470 0.021257758 
342 763 15 17 0.020637767 
107 634 14 18 0.020515021 
