54_Rescue_rescuepeople_54_531
32
353 125 219 301 0.9998473 
314 823 210 324 0.46317288 
311 698 413 478 0.30503497 
626 446 100 108 0.1506079 
722 907 85 129 0.13953342 
654 578 223 246 0.11628085 
280 373 109 133 0.10618709 
560 467 359 415 0.07992332 
667 1114 108 128 0.07925614 
544 910 328 465 0.06990968 
795 590 101 97 0.06867978 
315 450 36 51 0.06745775 
334 546 103 128 0.062197063 
372 940 111 193 0.060279816 
581 380 88 102 0.05822065 
640 993 40 61 0.052069873 
646 634 138 168 0.051216293 
168 681 128 190 0.04792933 
261 458 175 251 0.046633154 
614 127 55 66 0.04470557 
21 321 123 188 0.04448807 
717 755 68 69 0.043521695 
-26 121 340 468 0.039265063 
382 583 69 81 0.039012156 
296 858 105 203 0.038434044 
692 696 142 146 0.03780129 
638 892 94 149 0.028748095 
617 615 121 136 0.026442466 
727 864 48 54 0.026177125 
150 560 164 272 0.024721058 
306 950 112 200 0.024607485 
622 998 198 298 0.02047849 
