54_Rescue_firemanrescue_54_458
19
131 567 54 66 0.9989837 
164 229 169 229 0.9977093 
683 623 13 17 0.5039239 
304 672 18 21 0.11215529 
604 578 18 21 0.0996523 
713 590 18 22 0.05937692 
532 629 13 15 0.05846937 
106 593 29 42 0.052522123 
690 624 13 17 0.035959054 
473 660 9 12 0.033061128 
642 73 23 32 0.030352954 
608 572 16 20 0.029318934 
57 82 301 402 0.028974103 
691 610 15 17 0.028011182 
444 468 29 43 0.026017403 
69 239 430 544 0.02307477 
869 218 11 15 0.021593593 
646 331 332 442 0.020658836 
448 477 39 52 0.020245144 
