54_Rescue_rescuepeople_54_143
25
240 138 46 49 0.93659014 
366 76 32 35 0.22459231 
331 87 15 23 0.15405701 
464 234 31 36 0.14790033 
448 234 53 59 0.114088945 
465 243 18 22 0.094271585 
373 68 41 53 0.07835929 
389 74 15 21 0.054153536 
409 125 32 45 0.04507951 
479 230 28 34 0.0448705 
485 220 25 29 0.034948505 
920 341 28 36 0.033550527 
406 131 53 70 0.028630232 
383 67 25 36 0.028409211 
401 92 47 58 0.02809603 
417 113 28 37 0.025777657 
394 67 15 22 0.025050694 
363 90 51 58 0.024832524 
378 80 18 23 0.024807371 
395 67 27 36 0.021582967 
420 98 27 38 0.021344624 
420 215 89 106 0.021317996 
349 117 29 40 0.021246387 
396 69 44 53 0.02102212 
458 251 56 71 0.020424852 
