54_Rescue_firemanrescue_54_660
27
436 345 177 216 0.999154 
828 127 81 96 0.99166214 
515 1135 142 166 0.33502916 
691 18 86 119 0.1685415 
646 27 55 90 0.07684216 
171 9 54 56 0.06620316 
58 6 82 64 0.056323215 
723 1041 30 32 0.049391787 
850 283 30 39 0.046560377 
911 213 86 134 0.045044158 
-8 445 317 488 0.04379576 
678 191 14 18 0.043158785 
890 132 100 115 0.031748164 
34 532 185 309 0.02969898 
654 49 36 53 0.02863112 
73 29 76 70 0.025598586 
152 26 11 14 0.025573269 
888 570 107 114 0.024859855 
24 590 110 223 0.02404197 
483 1013 212 268 0.022790728 
158 2 86 94 0.022761637 
-107 952 499 522 0.02179589 
654 24 91 129 0.021790005 
801 552 112 172 0.0213889 
175 8 31 39 0.02037412 
879 371 25 32 0.020347478 
908 239 57 86 0.02026807 
