54_Rescue_firemanrescue_54_939
62
158 108 77 104 0.9935981 
61 580 20 28 0.77796555 
579 598 14 17 0.75838894 
422 483 37 50 0.25338662 
266 237 33 33 0.16350801 
124 570 26 32 0.15430774 
51 590 19 23 0.10471394 
925 562 13 18 0.081802934 
901 523 10 14 0.07907399 
471 620 8 11 0.07669378 
10 604 13 18 0.06736464 
707 505 126 160 0.06655811 
12 628 17 21 0.06095348 
896 526 10 12 0.056552317 
131 609 22 31 0.0530925 
67 575 14 19 0.051515564 
560 638 10 13 0.04811303 
585 596 15 18 0.04800013 
0 224 12 21 0.047706164 
118 552 29 37 0.045191005 
434 398 451 497 0.042387914 
745 639 9 11 0.040703543 
411 430 37 42 0.038491316 
666 235 112 141 0.03524284 
81 281 41 55 0.034785934 
822 541 16 21 0.034675866 
438 633 8 9 0.033500645 
856 559 11 14 0.031874582 
434 482 47 57 0.030297985 
919 523 10 13 0.029831028 
1013 515 10 16 0.02936159 
138 607 28 37 0.028845474 
901 531 11 13 0.028662672 
412 484 28 44 0.028391343 
159 705 15 19 0.02827365 
724 616 10 12 0.028232662 
344 454 25 37 0.027902126 
125 342 39 34 0.027038593 
126 610 15 22 0.026954455 
437 559 204 251 0.026669083 
71 582 16 25 0.026541576 
314 441 35 44 0.025448328 
5 630 22 32 0.02541683 
98 630 16 20 0.024632143 
878 528 9 11 0.024147829 
689 559 10 12 0.02387328 
597 601 13 16 0.023327786 
654 11 38 52 0.022882909 
434 637 8 11 0.02288178 
823 638 45 52 0.022789842 
538 728 13 16 0.022489332 
326 452 43 62 0.02224594 
664 335 383 468 0.022086171 
561 630 10 13 0.021842511 
591 292 12 16 0.021801094 
889 527 9 12 0.021644417 
534 696 9 13 0.021262098 
762 578 18 18 0.021207467 
810 563 15 17 0.021162383 
837 509 12 14 0.021112194 
160 284 98 123 0.020237599 
909 524 11 13 0.020068768 
