54_Rescue_rescuepeople_54_208
35
252 21 112 221 0.9589132 
323 462 66 61 0.1614851 
415 505 13 16 0.12057997 
282 42 199 244 0.10187404 
142 52 127 180 0.09692345 
151 372 12 14 0.08420355 
73 23 48 65 0.066858985 
100 51 16 23 0.06592444 
711 135 27 33 0.05593905 
177 308 27 38 0.050795157 
448 516 10 14 0.047103107 
58 304 125 181 0.04357202 
82 222 33 41 0.04243433 
443 -46 426 481 0.040188044 
687 133 14 18 0.03797262 
197 595 10 14 0.03530482 
406 512 27 30 0.03337412 
115 370 11 14 0.033006053 
412 517 32 35 0.03282678 
-8 139 98 122 0.032423366 
973 6 49 75 0.030834055 
110 107 14 19 0.030793587 
51 30 30 41 0.030052332 
72 98 25 35 0.02726106 
26 18 95 119 0.026664114 
3 71 113 157 0.02396872 
692 120 49 61 0.023914978 
90 40 31 39 0.02318029 
631 100 12 15 0.02156263 
339 462 35 39 0.021438321 
454 524 13 15 0.021436615 
18 168 102 123 0.021180296 
437 514 13 17 0.021106116 
164 589 13 13 0.02094455 
144 371 14 16 0.020021673 
