54_Rescue_rescuepeople_54_325
67
365 163 68 96 0.9919224 
578 296 50 68 0.8483058 
844 232 54 87 0.73697037 
604 265 52 86 0.50490797 
554 301 54 69 0.28934702 
118 281 66 69 0.2858886 
186 294 35 43 0.2827364 
622 252 55 87 0.2564826 
574 138 27 29 0.23930365 
154 298 59 54 0.19163758 
658 243 57 88 0.15850629 
178 303 57 57 0.1565544 
927 473 35 44 0.12679587 
213 34 24 27 0.12592418 
318 608 54 67 0.095795184 
220 268 29 39 0.08325487 
52 430 122 128 0.08006231 
85 258 99 123 0.06119358 
26 268 40 51 0.06085067 
657 212 42 51 0.05770672 
102 199 56 69 0.057113186 
38 179 176 210 0.055077508 
263 202 33 40 0.05087904 
426 592 43 66 0.05023776 
59 227 38 39 0.047817096 
926 242 33 47 0.046202976 
937 472 48 62 0.045810726 
970 466 48 74 0.04321009 
827 221 49 86 0.041849297 
994 439 30 49 0.041438233 
886 240 56 68 0.041131705 
72 203 98 122 0.040358696 
594 150 20 22 0.039817527 
55 560 130 138 0.0381057 
39 432 171 238 0.036847148 
815 370 34 45 0.03662131 
628 451 14 19 0.035567045 
628 292 33 51 0.03291901 
64 149 94 116 0.030492779 
-9 217 319 407 0.029534435 
834 327 27 33 0.028936906 
458 0 62 64 0.028502464 
232 373 57 63 0.02840571 
409 569 73 108 0.02817223 
896 436 36 41 0.027759122 
197 287 37 45 0.027223647 
253 217 33 35 0.02681217 
856 55 10 13 0.026550453 
0 287 7 14 0.026126472 
769 307 44 57 0.02509407 
931 454 89 116 0.025072362 
602 305 37 48 0.02441296 
242 242 46 45 0.023870135 
523 191 14 19 0.023728808 
586 144 19 22 0.023382425 
781 324 23 39 0.022468036 
899 457 17 20 0.022235528 
514 394 14 18 0.021773858 
463 421 25 37 0.021704908 
23 35 353 455 0.021303656 
821 425 101 128 0.021253128 
114 236 29 35 0.02090962 
208 248 47 53 0.02072819 
480 406 40 55 0.020661604 
136 220 32 40 0.020627381 
355 181 12 17 0.020070605 
966 436 51 73 0.02000167 
