54_Rescue_firemanrescue_54_814
23
377 150 122 119 0.99823415 
712 197 119 134 0.27153108 
255 773 91 117 0.1582212 
284 401 378 431 0.082293786 
668 1222 50 51 0.07745539 
318 1159 11 13 0.050532836 
369 157 178 193 0.046372574 
272 726 62 54 0.046124 
286 766 70 73 0.042283516 
682 372 71 66 0.03622933 
409 605 379 482 0.034237884 
693 177 195 216 0.03277153 
593 718 356 491 0.031889543 
23 83 11 12 0.029942928 
406 1024 116 142 0.028267056 
3 754 35 63 0.026823426 
775 592 87 104 0.025521038 
325 1164 10 11 0.024749752 
324 1158 10 13 0.02328083 
344 427 221 287 0.022727013 
205 793 117 134 0.020707997 
295 738 36 35 0.020251583 
28 83 11 13 0.02019001 
