54_Rescue_rescuepeople_54_328
31
559 124 135 207 0.9985917 
374 370 25 30 0.7546272 
633 605 38 36 0.18663667 
697 594 37 37 0.11708413 
707 386 35 46 0.078642555 
351 398 28 33 0.07070965 
361 374 28 34 0.059553407 
620 573 59 60 0.058974996 
386 365 27 35 0.0519389 
450 466 26 28 0.04743283 
469 617 40 51 0.044944864 
370 367 41 49 0.04307464 
352 344 391 504 0.04148855 
356 386 30 36 0.040320408 
630 590 33 40 0.04027446 
332 455 25 27 0.03917732 
366 366 14 18 0.03713046 
542 461 30 37 0.035379443 
468 522 24 38 0.03278985 
438 503 35 43 0.03137021 
752 506 80 110 0.030438222 
705 579 29 39 0.027410366 
697 399 46 59 0.026260436 
627 580 29 35 0.025235476 
588 480 17 19 0.024274215 
583 210 352 511 0.024196561 
398 424 23 29 0.02388191 
716 575 18 23 0.023557208 
695 572 28 34 0.022581918 
570 578 17 24 0.022168418 
549 442 47 64 0.022021782 
