54_Rescue_rescuepeople_54_159
432
885 26 31 40 0.98074913 
631 173 30 40 0.9689942 
636 115 19 24 0.966074 
590 95 19 24 0.9291634 
350 116 21 27 0.9196596 
797 99 26 33 0.89150363 
298 203 22 29 0.85065496 
716 84 19 24 0.8411037 
809 37 17 22 0.83157724 
812 62 17 23 0.67692035 
686 112 25 31 0.64199984 
793 79 19 23 0.6225302 
753 53 18 23 0.51237106 
780 32 18 23 0.42477548 
399 316 21 28 0.41373536 
511 392 26 38 0.4064811 
522 182 17 22 0.4038529 
482 425 26 33 0.36560017 
779 102 15 20 0.35882005 
784 101 23 30 0.3377685 
572 86 13 17 0.313278 
490 457 24 27 0.29423714 
241 215 17 21 0.26527247 
127 189 26 29 0.2644151 
426 230 17 20 0.2626462 
65 174 31 36 0.25852108 
733 20 12 16 0.2228328 
743 95 24 29 0.20244394 
154 79 31 38 0.19065969 
646 115 23 28 0.19013019 
711 146 25 31 0.18788159 
553 171 15 20 0.18273386 
753 135 27 33 0.14965424 
659 52 14 16 0.14749001 
351 321 29 35 0.1438575 
110 130 22 29 0.14288302 
304 89 27 33 0.14044988 
0 114 29 48 0.12870212 
358 398 21 30 0.12664458 
304 568 115 113 0.1265565 
381 246 18 23 0.12506606 
447 54 26 32 0.12268877 
621 161 16 20 0.12058474 
660 117 16 20 0.116764106 
798 71 22 29 0.1122288 
368 394 22 32 0.107153006 
762 104 14 19 0.10698563 
707 12 16 21 0.0997495 
739 27 13 16 0.0987526 
152 226 16 21 0.09841408 
541 317 14 17 0.09813623 
141 20 16 17 0.09570341 
103 114 15 19 0.09244878 
656 123 21 25 0.08853725 
914 72 25 30 0.087766655 
306 267 26 32 0.08769725 
172 124 16 20 0.086799406 
762 53 15 19 0.08355063 
377 388 26 37 0.08348524 
828 49 14 19 0.0825617 
905 3 24 30 0.08019493 
403 310 16 20 0.0786815 
92 3 16 17 0.07751481 
651 108 15 17 0.0773359 
552 348 24 31 0.074947365 
849 15 17 21 0.07493603 
756 101 15 19 0.07394627 
781 87 39 51 0.072714604 
266 125 25 29 0.07093395 
565 90 14 19 0.07029203 
262 305 22 27 0.06944122 
805 14 16 18 0.068466716 
210 294 17 19 0.06767903 
214 283 23 29 0.066552244 
206 110 28 40 0.066280454 
418 213 17 19 0.06567554 
313 316 28 36 0.06496986 
520 386 26 37 0.06433765 
845 350 81 127 0.060932335 
622 164 23 29 0.06084121 
302 256 24 34 0.060407378 
356 280 16 21 0.06024782 
547 220 24 30 0.05985933 
448 276 15 18 0.059302498 
557 96 15 19 0.058948334 
146 194 19 20 0.05857652 
434 411 14 16 0.057467073 
684 94 22 28 0.057452098 
692 14 15 18 0.057286568 
733 91 23 30 0.0569034 
350 337 29 35 0.05633392 
557 166 13 17 0.056101 
856 22 24 33 0.05482404 
216 113 19 22 0.05413463 
757 382 12 15 0.053598937 
580 92 15 18 0.051894244 
103 117 23 30 0.05185395 
706 5 15 18 0.051787082 
780 24 14 18 0.051605243 
510 281 15 20 0.051597375 
660 137 17 22 0.050334975 
172 247 26 30 0.050327696 
544 178 22 28 0.04922167 
860 77 28 35 0.048930522 
292 422 24 31 0.048499104 
726 17 16 21 0.048250955 
477 261 12 17 0.048173163 
262 200 23 28 0.047929175 
436 334 22 28 0.047908165 
453 490 50 50 0.047225557 
815 0 12 12 0.047178887 
300 104 28 36 0.046807326 
809 94 26 33 0.04652723 
563 163 12 15 0.04622015 
470 435 30 39 0.045311183 
709 140 18 23 0.045303326 
742 3 12 14 0.045271754 
297 74 45 56 0.045253612 
606 365 81 116 0.044841573 
34 309 14 17 0.044766046 
301 121 23 29 0.043981005 
81 32 27 33 0.042654075 
189 53 13 16 0.042643484 
484 246 12 16 0.041984424 
516 239 27 31 0.041933227 
459 472 54 46 0.041931372 
717 137 23 28 0.041912347 
248 156 26 32 0.04184754 
700 17 15 18 0.041830108 
493 5 15 16 0.04159291 
495 467 32 32 0.041489683 
100 82 14 18 0.04147704 
300 76 16 19 0.041453216 
31 214 28 37 0.04139011 
109 3 16 18 0.041087855 
821 50 14 19 0.040791698 
307 248 15 19 0.040625207 
549 275 200 247 0.040247798 
764 129 23 31 0.03965385 
700 125 25 34 0.039530475 
713 16 17 20 0.039504353 
730 131 15 19 0.039154876 
775 4 14 15 0.03911201 
159 189 24 29 0.038955104 
595 355 35 47 0.03882239 
136 231 21 27 0.038561624 
179 240 27 31 0.038543884 
749 103 26 32 0.038530033 
416 221 23 28 0.038401976 
504 463 19 22 0.03839256 
529 184 23 29 0.03818106 
432 509 46 51 0.03815977 
536 150 41 50 0.03806469 
104 91 25 32 0.037955947 
478 463 33 36 0.03767982 
460 443 30 36 0.03723959 
116 11 13 14 0.037233256 
470 25 23 28 0.037094336 
443 415 25 28 0.036880415 
427 21 15 17 0.036859993 
320 35 13 17 0.036552656 
299 136 16 20 0.03600907 
789 128 15 19 0.035975367 
677 428 33 47 0.03594286 
699 109 22 29 0.03577049 
358 114 26 35 0.03573696 
708 112 15 21 0.035512872 
650 141 23 28 0.034493204 
249 111 16 20 0.034462996 
444 50 18 19 0.03410974 
847 23 14 19 0.034014136 
144 94 26 35 0.033912595 
247 345 28 34 0.033867024 
417 122 15 20 0.03380209 
283 392 29 32 0.033730585 
101 552 26 27 0.033368558 
828 75 14 19 0.03325166 
117 171 29 38 0.033114012 
474 510 41 39 0.03306574 
191 92 49 59 0.032243464 
488 3 13 15 0.03218439 
190 309 32 38 0.031981938 
606 197 14 19 0.03196769 
95 79 25 34 0.031819634 
550 165 15 19 0.031793635 
406 248 15 22 0.031791136 
566 362 90 111 0.03171432 
165 111 27 32 0.031677235 
500 383 26 36 0.031658508 
526 101 13 16 0.03158843 
405 325 24 31 0.03150842 
666 128 15 21 0.03137853 
464 333 24 31 0.031315066 
418 336 16 23 0.031262923 
773 110 24 33 0.031125879 
392 246 19 27 0.03101794 
298 18 14 16 0.030823503 
148 220 17 20 0.030670328 
804 25 21 26 0.030593617 
144 285 33 35 0.030550936 
694 6 13 15 0.03034664 
529 178 16 22 0.030310526 
756 12 14 16 0.030240517 
525 363 15 18 0.030212948 
248 211 15 19 0.030166551 
631 81 13 17 0.030151155 
216 354 30 35 0.03012673 
186 231 28 30 0.029907528 
599 334 32 42 0.029788125 
366 18 13 15 0.029766234 
789 113 27 34 0.02973068 
440 498 29 43 0.029677581 
285 153 16 18 0.02933069 
256 193 24 27 0.029253453 
432 411 25 27 0.029227553 
546 193 17 20 0.02914901 
261 134 27 32 0.029098496 
417 387 20 30 0.029070927 
599 96 16 20 0.028970426 
82 119 27 34 0.02884997 
739 13 13 16 0.028631438 
204 301 27 31 0.028440066 
250 123 23 27 0.028436337 
289 125 24 31 0.028100941 
550 358 17 23 0.02806394 
540 84 14 17 0.027937606 
699 88 15 20 0.02773317 
261 128 19 23 0.027624931 
819 68 16 22 0.027590504 
124 14 12 14 0.027458783 
409 527 51 55 0.02744023 
759 26 13 17 0.027433803 
427 333 21 29 0.027425362 
573 94 15 20 0.027394105 
44 166 44 51 0.027256949 
277 139 25 28 0.027199743 
477 107 28 33 0.027174689 
690 215 29 35 0.027052086 
829 83 22 29 0.027029745 
19 220 28 36 0.026965573 
251 141 30 34 0.026846617 
567 79 13 15 0.026804987 
531 91 15 16 0.026683245 
93 309 14 17 0.026576944 
515 223 24 33 0.026563795 
283 156 24 28 0.026469996 
4 282 26 31 0.02637808 
253 109 25 32 0.026377203 
666 143 16 21 0.026312191 
699 169 15 22 0.026308 
647 175 26 35 0.026240133 
611 201 15 19 0.026057063 
220 275 24 31 0.026043033 
634 170 20 26 0.025977658 
211 146 17 23 0.025878385 
298 63 16 21 0.025749337 
905 32 18 23 0.025609454 
706 158 22 31 0.025549473 
849 8 28 33 0.02552678 
316 312 16 21 0.025522426 
813 400 14 19 0.025451994 
750 13 13 15 0.025422247 
400 386 23 29 0.025420232 
707 21 17 21 0.02541713 
677 118 16 22 0.025352947 
126 68 13 17 0.025297806 
194 368 27 32 0.025289109 
211 317 30 37 0.025235722 
532 379 26 36 0.025218181 
50 255 27 33 0.025111174 
213 124 27 36 0.025105609 
214 142 25 31 0.025069421 
30 222 42 60 0.025060717 
440 84 33 40 0.024980837 
480 238 9 13 0.024944093 
121 169 18 22 0.024888562 
45 169 15 20 0.02484132 
550 92 13 16 0.024835076 
493 0 14 12 0.024826657 
134 179 28 35 0.0247542 
314 78 29 33 0.024730917 
393 638 391 438 0.02470821 
530 365 23 30 0.024584675 
139 -1 19 18 0.02453607 
234 181 24 32 0.02437421 
479 433 17 23 0.024344044 
167 45 11 15 0.024333498 
12 122 31 38 0.024270434 
678 5 14 16 0.02422371 
299 78 27 32 0.024193086 
87 0 15 14 0.024141828 
585 273 26 37 0.024117868 
764 45 13 17 0.024102008 
779 90 23 29 0.024082383 
109 147 28 34 0.02408042 
107 299 24 27 0.024056317 
90 99 24 33 0.024049649 
444 413 17 18 0.024010899 
856 14 41 51 0.02396723 
445 486 31 40 0.023962973 
454 514 35 41 0.023949642 
302 53 21 26 0.02389642 
430 62 47 56 0.023872612 
286 203 25 30 0.023802279 
342 105 36 49 0.023782663 
277 179 24 29 0.023727361 
93 18 15 16 0.023664681 
801 90 19 23 0.023561792 
388 240 14 17 0.023558356 
683 108 20 23 0.023556732 
612 101 14 17 0.023539426 
694 21 23 28 0.023519378 
252 74 13 15 0.023504691 
798 38 20 26 0.023483774 
495 410 28 35 0.02347911 
686 3 25 27 0.023467215 
310 45 12 16 0.023466727 
245 169 26 34 0.023458788 
764 20 13 18 0.023259781 
184 50 13 17 0.023209054 
266 93 13 17 0.023192495 
249 199 22 27 0.02313637 
540 320 24 31 0.023073196 
116 125 14 18 0.023047503 
539 341 42 47 0.023024635 
686 18 14 16 0.022970531 
292 386 27 31 0.022938844 
391 320 23 31 0.022885662 
316 41 14 18 0.022878619 
483 255 14 19 0.022873562 
132 239 17 23 0.022848943 
496 735 218 261 0.022839358 
329 74 17 20 0.02273537 
761 102 24 31 0.022727462 
684 198 29 34 0.022724837 
755 388 15 20 0.02272101 
205 40 15 18 0.022704158 
822 90 23 31 0.02265442 
615 68 10 13 0.022605281 
441 388 22 29 0.022567838 
102 37 13 16 0.022504827 
553 358 48 60 0.022502907 
411 390 17 24 0.022495199 
340 325 24 30 0.022373214 
757 4 14 15 0.0223413 
224 171 27 33 0.02229963 
44 221 29 38 0.02226614 
771 53 13 17 0.02224905 
551 371 28 33 0.022215374 
396 241 13 18 0.022183713 
720 152 26 32 0.022129774 
270 50 84 104 0.022108043 
376 532 27 31 0.022092357 
205 94 26 35 0.02204468 
554 389 54 62 0.022040753 
664 38 23 27 0.02202893 
652 92 15 18 0.021976003 
295 58 14 18 0.021911018 
711 202 26 33 0.021905765 
144 232 22 29 0.021873044 
301 64 24 29 0.021803979 
463 442 14 21 0.021753108 
539 359 24 27 0.021729738 
416 374 23 30 0.02172753 
246 285 25 31 0.021596655 
244 218 23 28 0.021577911 
95 122 24 33 0.021568311 
277 146 14 18 0.02148713 
229 341 27 36 0.021442767 
628 175 20 28 0.021440543 
399 302 14 18 0.02143051 
512 270 27 35 0.021418383 
734 32 14 17 0.021370923 
669 163 16 21 0.021348555 
454 421 22 31 0.021337783 
490 398 27 29 0.021301016 
227 261 14 17 0.021280056 
798 15 17 21 0.021224294 
643 125 16 21 0.021222338 
501 408 17 22 0.021215558 
257 281 16 20 0.021205343 
362 275 14 20 0.02116464 
763 61 16 20 0.02110684 
763 142 26 32 0.02108063 
885 4 32 37 0.021063957 
761 386 14 18 0.021035139 
700 207 30 35 0.02102081 
395 71 23 31 0.021014623 
723 72 24 30 0.021013761 
818 102 16 21 0.021009415 
292 20 22 27 0.020985771 
748 87 15 17 0.020936288 
157 229 23 30 0.02092756 
256 210 23 27 0.02088961 
129 44 81 106 0.020858277 
412 49 15 17 0.020832889 
324 98 38 50 0.020789048 
335 7 11 12 0.020784827 
471 264 13 17 0.020735987 
498 331 92 98 0.02070095 
408 238 22 29 0.020667018 
820 2 14 16 0.02064303 
280 167 27 31 0.020572076 
492 329 14 21 0.020571945 
51 135 24 34 0.02056787 
247 186 23 28 0.020551382 
137 104 25 32 0.020549629 
663 57 21 26 0.020487538 
152 186 20 25 0.020472636 
178 155 18 22 0.020422744 
354 98 25 33 0.02036575 
349 355 26 33 0.020346824 
270 258 21 30 0.020339003 
776 134 23 29 0.020265529 
549 99 15 18 0.020264793 
828 35 14 18 0.02023865 
647 101 15 18 0.02022223 
201 124 23 33 0.020218253 
606 261 31 37 0.020209536 
816 36 15 19 0.020205688 
123 206 18 20 0.02019795 
192 94 25 32 0.020166352 
203 83 23 32 0.020121036 
244 204 16 19 0.02011291 
723 402 13 18 0.02011244 
211 81 15 21 0.02006424 
605 62 12 14 0.020050645 
495 438 27 36 0.020039875 
453 40 23 33 0.02003967 
413 258 21 27 0.020036459 
195 52 13 17 0.020033395 
758 0 12 11 0.020004343 
