54_Rescue_rescuepeople_54_1049
27
445 224 111 149 0.99970645 
641 396 95 122 0.99930096 
113 84 122 150 0.88913476 
80 80 207 289 0.87707067 
625 118 122 151 0.786047 
-22 41 372 443 0.27930254 
521 50 110 138 0.16217282 
567 45 196 247 0.15079154 
722 391 53 59 0.09460399 
410 101 36 45 0.07836014 
376 401 204 275 0.07834979 
600 183 109 138 0.06095298 
600 248 117 147 0.048092384 
600 197 56 84 0.04600782 
894 411 24 31 0.042151522 
177 14 133 153 0.04023575 
45 -7 200 232 0.03822415 
587 104 14 18 0.03235831 
243 21 114 114 0.030273788 
174 29 23 30 0.029885884 
624 311 129 160 0.024939505 
420 525 126 149 0.023052553 
75 135 25 32 0.023050517 
546 83 117 165 0.022996549 
863 109 30 42 0.02071348 
120 20 133 141 0.020405121 
626 174 70 91 0.0203228 
