43_Row_Boat_Canoe_43_565
20
464 321 133 124 0.99677974 
517 537 158 115 0.29279366 
263 773 497 631 0.23914753 
550 771 486 629 0.18535957 
554 569 141 123 0.14497893 
429 663 413 449 0.056354117 
493 616 234 216 0.05583686 
140 618 421 508 0.05129452 
-2 653 36 56 0.048366833 
369 549 476 350 0.036307387 
532 684 144 127 0.034923743 
612 610 72 89 0.03393684 
988 599 24 31 0.029534152 
1012 607 11 17 0.025741562 
840 262 9 12 0.023687465 
52 861 415 561 0.02236906 
651 616 33 51 0.022336675 
998 594 23 33 0.021736316 
975 614 10 13 0.021226604 
784 594 26 32 0.020863818 
