43_Row_Boat_Rowboat_43_563
22
612 107 51 56 0.9478183 
900 567 23 32 0.041576505 
204 436 11 15 0.040285353 
0 439 8 11 0.037755292 
596 110 10 14 0.03685013 
106 389 10 12 0.036088537 
129 415 8 10 0.033655304 
134 416 8 10 0.031444147 
251 397 12 15 0.028345399 
9 430 8 11 0.02794823 
86 376 9 11 0.027854359 
942 547 27 31 0.026163545 
200 423 10 12 0.025949512 
25 456 7 8 0.024578825 
7 398 8 11 0.024180114 
41 422 7 9 0.022256766 
63 399 8 10 0.021727512 
84 396 9 13 0.021618817 
606 124 39 43 0.021539073 
153 420 8 10 0.02090862 
14 382 10 13 0.020745099 
9 453 8 10 0.02057945 
