43_Row_Boat_Canoe_43_251
42
464 245 18 24 0.7323499 
599 177 20 28 0.5863054 
622 275 14 18 0.19483742 
472 248 16 20 0.17190753 
571 240 16 20 0.16993606 
337 286 111 141 0.16953893 
554 231 14 19 0.14287303 
579 238 13 16 0.14238779 
566 247 15 19 0.11147124 
606 249 18 20 0.09583216 
458 366 17 21 0.05813201 
559 230 21 28 0.051980134 
546 276 15 17 0.0449814 
409 294 22 30 0.04483694 
558 259 14 17 0.044134375 
467 410 12 14 0.043637816 
563 254 16 21 0.04201227 
621 188 12 16 0.03963685 
592 220 11 14 0.036949817 
609 182 16 21 0.03678258 
292 236 208 265 0.0364229 
414 295 12 17 0.035041656 
605 201 13 18 0.0319631 
621 311 14 16 0.027990151 
461 408 12 15 0.027291195 
636 253 11 16 0.026337495 
596 212 11 15 0.02595286 
455 285 11 13 0.025800895 
584 220 21 28 0.025550952 
576 226 20 28 0.025150253 
610 201 16 20 0.024089266 
627 195 14 16 0.022739705 
598 253 14 16 0.022561096 
463 277 11 15 0.022513963 
600 332 31 31 0.022312166 
481 250 14 17 0.022122685 
581 230 13 17 0.021678241 
502 269 11 13 0.021531664 
614 188 21 25 0.021412982 
608 236 27 34 0.021268334 
449 352 26 34 0.020737277 
598 201 14 17 0.02073697 
