43_Row_Boat_Canoe_43_325
137
991 363 14 19 0.96076584 
692 395 18 23 0.85737574 
186 384 15 20 0.81274855 
797 415 16 22 0.8040735 
546 358 10 13 0.5626239 
468 348 10 13 0.4609053 
535 475 27 33 0.41827115 
918 420 16 21 0.40095922 
314 357 10 13 0.32240403 
321 400 15 23 0.2366072 
194 385 14 19 0.22193405 
386 376 17 23 0.18986869 
688 360 8 11 0.17917956 
227 349 10 13 0.17477606 
421 352 9 12 0.16933429 
574 404 13 17 0.13548793 
575 395 12 16 0.13208327 
602 403 14 19 0.13202281 
203 387 14 18 0.12914845 
658 350 8 11 0.12884717 
444 386 13 17 0.12498491 
688 398 14 18 0.12359682 
575 499 15 18 0.11712201 
596 352 8 10 0.10128777 
174 274 200 260 0.10025211 
803 405 15 17 0.099230334 
788 371 10 12 0.09863247 
679 379 13 16 0.09269167 
704 396 13 17 0.08998634 
808 418 14 17 0.08966448 
205 411 17 20 0.087391295 
157 333 11 13 0.07922239 
439 378 13 18 0.07759366 
492 377 18 22 0.077261664 
606 396 22 29 0.0766289 
678 372 12 15 0.07208424 
257 376 25 32 0.06692462 
566 394 11 16 0.066447124 
137 377 21 30 0.06339836 
129 358 9 13 0.06319423 
580 390 12 15 0.05902871 
374 332 10 13 0.057934668 
593 356 8 11 0.05768414 
399 401 17 21 0.05678915 
684 369 12 17 0.054302495 
341 403 12 17 0.054110833 
376 328 9 11 0.05292907 
600 399 11 15 0.052817002 
923 417 14 17 0.04574214 
912 414 9 13 0.045547396 
464 344 11 13 0.045355737 
453 406 14 17 0.042072657 
1003 365 11 15 0.039596893 
182 374 12 16 0.03873478 
394 387 26 32 0.037054654 
200 420 12 15 0.036771256 
254 379 15 20 0.036625713 
274 386 16 19 0.036293253 
324 387 16 19 0.035139836 
463 353 11 14 0.034969643 
699 214 17 17 0.033846237 
686 388 12 15 0.033706475 
661 356 9 12 0.033466484 
165 333 11 14 0.033290997 
497 371 18 23 0.033273466 
1006 343 10 12 0.033183005 
572 443 14 16 0.032554675 
451 388 13 17 0.032487508 
913 421 11 15 0.03157862 
617 401 16 20 0.031464264 
186 375 16 18 0.030970864 
200 399 24 27 0.030492945 
406 388 13 17 0.03024726 
982 403 11 16 0.03004697 
307 393 27 34 0.02982633 
410 400 16 18 0.029624954 
556 431 14 18 0.029172352 
694 212 31 30 0.028895764 
330 396 15 21 0.02882482 
132 364 13 17 0.028714364 
654 487 16 24 0.028411375 
616 426 12 15 0.02840365 
173 372 13 16 0.02837583 
133 380 13 18 0.028278703 
223 342 13 16 0.028249009 
196 399 17 20 0.02811108 
810 404 12 15 0.027783202 
499 366 14 15 0.027772168 
612 390 13 17 0.027533961 
904 382 9 13 0.027386598 
461 348 22 25 0.026978916 
541 357 18 22 0.02695275 
316 352 10 14 0.026818195 
602 413 14 20 0.02670101 
134 370 13 17 0.026462201 
431 372 13 17 0.026434598 
567 402 13 17 0.026359567 
607 391 12 15 0.025736356 
508 399 21 29 0.025711885 
930 420 11 16 0.025446422 
998 350 10 12 0.025433738 
439 405 11 15 0.025346326 
560 419 25 29 0.025282742 
559 388 13 18 0.024980638 
428 342 10 12 0.024204196 
429 365 10 14 0.024103228 
565 390 19 26 0.023992402 
638 442 14 21 0.023960827 
571 384 19 25 0.023866354 
694 382 12 15 0.023836903 
309 352 18 23 0.023592385 
26 276 246 288 0.023454407 
909 407 10 13 0.023194935 
386 373 46 57 0.02318016 
769 381 10 14 0.023004843 
363 276 202 232 0.02293689 
175 382 23 27 0.022873778 
566 444 14 17 0.022860311 
272 381 26 33 0.022466393 
341 428 15 19 0.02233783 
589 397 12 15 0.022145407 
484 364 17 19 0.022145007 
773 385 11 16 0.022139566 
638 428 10 14 0.022035873 
991 368 22 28 0.021982277 
124 379 24 31 0.021741271 
839 270 9 11 0.021354523 
699 401 22 29 0.021267213 
149 381 23 28 0.02124161 
428 347 11 13 0.021241318 
679 374 20 27 0.020848906 
718 406 9 12 0.020814205 
637 520 16 18 0.020755239 
501 400 17 21 0.020690475 
423 362 13 15 0.020689238 
155 326 13 15 0.020450741 
-61 191 439 487 0.020388946 
