43_Row_Boat_Canoe_43_429
26
343 316 21 28 0.97190213 
403 296 16 20 0.36613184 
546 374 8 10 0.0732423 
613 368 10 12 0.069695055 
411 298 13 17 0.06330657 
439 298 10 14 0.0444466 
622 374 8 10 0.043592997 
548 366 8 10 0.037825905 
599 375 7 10 0.03630448 
341 345 16 20 0.035057515 
397 302 16 18 0.034935884 
608 373 9 10 0.034280572 
422 307 13 15 0.031782363 
384 307 10 13 0.031730708 
376 302 10 12 0.030201804 
663 318 10 13 0.029907832 
703 403 30 39 0.029249385 
644 327 11 12 0.028103415 
653 385 11 13 0.027155284 
615 358 8 10 0.024250373 
630 439 10 13 0.02416839 
605 381 10 11 0.023359472 
391 301 12 15 0.022636203 
364 307 12 14 0.022100866 
521 506 30 30 0.022018718 
483 292 27 32 0.021538252 
