43_Row_Boat_Canoe_43_276
38
510 213 24 32 0.99721473 
855 124 8 11 0.1302478 
888 85 10 14 0.07737668 
37 271 15 19 0.059875004 
64 16 163 232 0.057726953 
3 266 17 22 0.053284068 
885 143 10 12 0.046741482 
944 92 11 12 0.037918948 
888 80 10 13 0.03785689 
92 115 14 17 0.036322113 
863 78 10 13 0.0362125 
846 134 8 10 0.0356382 
919 70 9 11 0.03541392 
989 89 15 17 0.03471579 
905 102 9 11 0.03294115 
854 61 9 11 0.031775508 
869 77 10 12 0.030035654 
104 65 97 135 0.029971905 
959 90 11 13 0.028936705 
6 214 9 11 0.027691143 
832 101 8 11 0.027007021 
6 206 9 11 0.026997011 
919 64 9 10 0.026582977 
856 133 8 10 0.02636992 
887 110 8 11 0.026248256 
885 134 9 12 0.025805773 
814 102 9 12 0.02564077 
944 86 11 13 0.024454558 
849 62 9 11 0.022974683 
850 126 8 11 0.022625633 
107 191 23 27 0.022113465 
4 355 12 15 0.02186881 
879 96 9 12 0.021823421 
840 111 7 10 0.021442475 
3 141 13 16 0.021284848 
880 141 11 13 0.020955492 
850 118 9 12 0.020718375 
895 131 9 12 0.020281425 
