43_Row_Boat_Canoe_43_538
20
710 393 12 16 0.2708705 
488 402 12 15 0.10799117 
592 488 27 28 0.046439618 
646 456 11 12 0.04304796 
573 440 9 12 0.0393573 
491 399 11 13 0.03824218 
488 393 8 9 0.036286417 
713 421 11 15 0.03219625 
622 453 13 14 0.029738445 
567 437 11 14 0.028962588 
561 431 9 12 0.02754894 
727 405 12 15 0.026226608 
640 456 11 13 0.023206392 
678 452 13 15 0.023194602 
638 460 14 16 0.023004897 
551 441 10 13 0.022793962 
726 390 10 13 0.022517659 
582 465 13 16 0.022096565 
726 398 9 12 0.020953419 
569 491 32 35 0.020085609 
