43_Row_Boat_Canoe_43_438
24
423 349 22 30 0.9935081 
756 347 24 29 0.7999871 
937 103 9 11 0.14666729 
594 165 9 11 0.08235198 
725 399 29 37 0.08187043 
1014 169 9 15 0.07079689 
990 83 14 15 0.06066992 
746 347 19 23 0.05891401 
455 203 8 10 0.058329884 
766 347 24 32 0.032930605 
512 220 12 16 0.026613751 
267 246 96 113 0.026171984 
697 239 9 11 0.026016444 
992 111 9 11 0.025420219 
748 340 16 18 0.024223678 
994 79 12 13 0.023834467 
292 289 12 15 0.0237694 
1000 110 10 12 0.023264766 
764 246 8 13 0.022526508 
445 423 28 27 0.02226688 
505 254 9 12 0.021518663 
613 197 9 12 0.020370457 
1014 159 9 14 0.020358704 
942 97 9 10 0.02005505 
