43_Row_Boat_Canoe_43_1048
207
763 227 53 74 0.99975735 
210 217 56 72 0.9996886 
438 281 54 66 0.9996699 
667 267 53 70 0.99948776 
564 248 56 75 0.99932384 
334 241 54 70 0.99931645 
856 244 22 32 0.15625641 
101 399 8 9 0.14027263 
78 326 8 12 0.12757523 
984 447 7 9 0.1087791 
70 389 8 11 0.10029943 
89 390 8 9 0.094559975 
909 145 17 21 0.08919286 
174 408 7 9 0.08676108 
65 391 8 10 0.082039446 
15 351 7 9 0.079816006 
57 401 7 9 0.07936909 
927 174 10 13 0.07600245 
73 384 9 10 0.075852364 
8 344 7 9 0.071529806 
868 218 16 18 0.07144049 
166 444 11 15 0.0650627 
926 375 8 10 0.06364681 
147 439 7 10 0.062132183 
1008 351 10 11 0.060397394 
78 384 8 9 0.05831988 
934 185 12 16 0.05663575 
927 397 9 11 0.05638506 
1009 400 9 10 0.056067374 
126 408 8 10 0.055093914 
121 382 7 9 0.054256164 
55 375 7 10 0.05382821 
215 341 14 17 0.053753085 
13 397 9 12 0.05336567 
950 368 7 9 0.053169195 
86 408 8 11 0.053129155 
1 402 9 15 0.053053245 
161 476 8 10 0.052278724 
42 352 7 9 0.05203297 
990 476 10 13 0.05162375 
105 359 6 8 0.05135018 
87 368 7 9 0.051342227 
6 395 11 15 0.05098265 
49 375 7 9 0.049525127 
0 355 7 11 0.04892652 
55 405 8 10 0.048416305 
143 462 8 9 0.04740996 
1011 555 13 18 0.047268298 
946 374 8 10 0.04547448 
111 391 8 9 0.045422763 
928 179 10 13 0.045104533 
96 393 7 9 0.04489166 
1015 437 7 11 0.044638515 
944 485 9 11 0.043640316 
105 325 9 11 0.042712018 
14 404 9 12 0.04206303 
951 464 9 11 0.040564716 
952 421 9 11 0.03982178 
991 470 10 13 0.039164573 
1013 468 9 14 0.038960017 
162 445 9 12 0.03878214 
990 483 9 13 0.038149435 
1009 355 10 13 0.037903134 
64 360 8 9 0.03772045 
870 209 24 28 0.037548725 
989 448 8 9 0.037334856 
952 416 7 9 0.03716182 
53 113 23 30 0.036313795 
920 365 8 10 0.036158632 
1009 444 8 12 0.035915785 
106 429 7 10 0.035011116 
105 382 6 8 0.03464052 
1001 439 7 10 0.03430564 
0 332 7 11 0.034124482 
933 414 9 12 0.034084156 
320 254 9 13 0.033905562 
1015 415 8 12 0.033678852 
993 429 8 10 0.033549376 
944 354 9 12 0.03350062 
41 373 7 10 0.033361204 
991 396 9 10 0.033333223 
184 422 8 11 0.033310723 
128 438 9 10 0.033213973 
15 419 11 16 0.033039585 
8 373 8 10 0.032449964 
966 455 9 10 0.032327563 
5 402 11 14 0.032311745 
81 359 7 10 0.032254547 
58 390 8 9 0.03224335 
1011 367 8 10 0.032228857 
877 240 15 21 0.03158867 
929 394 8 10 0.031586956 
1013 460 8 13 0.031259388 
23 350 7 9 0.031028487 
993 365 8 10 0.030923493 
19 128 24 36 0.030424463 
31 366 7 9 0.03037564 
16 369 8 11 0.030144429 
0 327 7 11 0.030141758 
8 368 8 10 0.029865755 
120 376 7 9 0.02969846 
1007 439 8 11 0.02957826 
79 377 7 8 0.029575715 
992 424 9 10 0.029519094 
1 391 9 15 0.029218178 
166 438 10 14 0.02905712 
63 396 9 11 0.02894028 
998 468 10 13 0.028730035 
23 373 7 9 0.02858709 
159 379 9 12 0.02856896 
81 407 8 10 0.028437061 
54 345 7 9 0.028319888 
21 131 14 21 0.028282752 
937 479 9 12 0.028261764 
122 409 7 9 0.028227387 
935 406 8 11 0.0279742 
8 446 8 9 0.027964797 
149 445 8 11 0.027948532 
1015 431 8 10 0.027867952 
935 350 10 12 0.02785034 
1001 445 8 10 0.027644446 
47 349 7 10 0.027636088 
10 349 8 10 0.02740215 
28 383 8 11 0.027107207 
73 375 8 10 0.026936695 
966 460 8 10 0.026805416 
998 365 8 11 0.026627518 
167 470 8 10 0.026574114 
105 392 7 10 0.02594252 
129 432 8 10 0.025903556 
138 460 7 11 0.02573575 
936 365 8 11 0.02560286 
992 455 8 9 0.025529686 
951 484 10 12 0.025474252 
21 125 12 17 0.02545631 
143 366 7 9 0.025452396 
14 323 9 12 0.025162075 
976 453 7 10 0.024969418 
993 463 8 11 0.024921848 
999 407 8 11 0.024901375 
952 440 7 9 0.024754025 
79 322 8 10 0.024580643 
41 358 8 9 0.02446963 
149 561 13 15 0.024336321 
9 326 8 11 0.024237595 
81 400 6 9 0.024230791 
991 360 10 11 0.024192497 
150 455 8 9 0.024008853 
978 448 7 9 0.023933968 
103 413 8 10 0.023801966 
842 240 27 34 0.023563435 
57 384 8 9 0.023471199 
993 407 9 10 0.023429394 
921 221 15 18 0.023401374 
910 382 9 12 0.023262383 
161 398 8 10 0.023212295 
927 380 9 10 0.02319329 
998 429 8 11 0.023181079 
876 209 13 15 0.023105446 
97 406 9 10 0.02306469 
931 201 16 21 0.023033272 
984 441 8 10 0.02296861 
104 342 6 9 0.022900524 
1014 342 8 11 0.02286232 
1009 421 9 11 0.022764586 
918 406 8 11 0.022604808 
65 336 7 10 0.022486 
6 461 12 16 0.022419661 
134 430 8 10 0.022059446 
530 317 40 47 0.021851933 
974 360 8 10 0.021797456 
105 489 9 11 0.021775883 
64 386 8 9 0.021668531 
78 342 8 9 0.02165963 
921 374 9 12 0.021631414 
49 346 7 8 0.021558248 
41 369 8 9 0.021512536 
899 148 24 29 0.02148131 
878 166 28 33 0.021466415 
144 456 8 10 0.021464346 
14 392 9 12 0.021349587 
167 397 8 10 0.021302309 
999 414 7 10 0.021265812 
960 406 8 10 0.021264603 
153 470 7 10 0.020944493 
1 445 9 13 0.02092012 
968 398 7 9 0.020846283 
39 407 8 11 0.020715347 
1006 476 12 15 0.020621004 
103 407 7 9 0.020608757 
133 439 8 10 0.020541782 
70 396 9 11 0.020531576 
952 408 8 9 0.020521238 
867 243 23 31 0.020517115 
935 397 9 12 0.02046595 
6 484 11 13 0.020465339 
127 444 8 10 0.020401204 
64 447 10 12 0.020380348 
32 326 7 9 0.020286787 
151 381 9 12 0.020171475 
999 457 8 11 0.020158798 
121 368 7 9 0.020112915 
30 454 8 10 0.020106519 
998 462 9 12 0.020094516 
667 247 41 45 0.020089306 
31 360 7 9 0.020081853 
941 202 12 18 0.02002819 
