43_Row_Boat_Canoe_43_757
35
519 199 44 57 0.9871011 
618 55 18 20 0.4763111 
735 416 13 17 0.31568855 
481 36 17 20 0.19742176 
539 8 15 21 0.08435811 
727 415 14 18 0.065685645 
510 48 22 26 0.06384232 
461 36 14 18 0.062288374 
993 242 26 43 0.061183453 
552 37 13 18 0.058616042 
348 143 16 20 0.054691948 
532 79 14 19 0.04711958 
1010 215 14 23 0.044830605 
489 151 16 22 0.043383755 
355 140 14 17 0.040647298 
-20 -25 204 239 0.034813855 
-3 88 227 230 0.03426708 
359 81 15 18 0.03416699 
434 20 16 20 0.032786425 
468 33 19 23 0.03186617 
453 174 33 43 0.030333461 
437 432 32 50 0.029864892 
413 60 13 17 0.02796701 
603 78 18 23 0.027354883 
977 86 47 98 0.026270436 
547 345 56 61 0.023789186 
410 92 13 18 0.023360135 
454 7 16 20 0.022819722 
489 39 14 19 0.021796925 
728 407 24 30 0.021275677 
977 299 42 52 0.020928549 
-56 12 518 458 0.02084267 
558 141 12 13 0.020735517 
363 70 13 14 0.020147974 
455 -40 219 235 0.020117512 
