21_Festival_Festival_21_881
72
482 46 214 274 0.98765427 
435 729 22 29 0.210657 
675 14 119 124 0.18946832 
250 677 475 524 0.10932192 
455 754 28 32 0.106481455 
508 756 19 20 0.08872064 
272 0 20 20 0.088511124 
34 102 383 485 0.08094397 
418 736 16 21 0.07363126 
430 793 13 18 0.07157664 
257 746 57 63 0.070012905 
319 132 20 24 0.06875371 
775 45 99 128 0.06853332 
629 44 131 150 0.06351091 
146 319 502 552 0.061050415 
429 735 17 22 0.05797902 
453 741 26 31 0.05151134 
306 729 14 19 0.050269406 
27 0 19 14 0.045468315 
312 0 20 19 0.044640295 
301 683 202 262 0.042677466 
242 112 16 22 0.042474713 
577 56 153 220 0.04206604 
398 750 13 17 0.041975662 
442 732 26 31 0.039704785 
257 3 23 26 0.039124623 
388 738 13 18 0.038010284 
451 768 26 32 0.037692018 
268 65 15 19 0.03723497 
282 97 14 19 0.03493717 
250 3 16 19 0.034917135 
454 734 45 55 0.034619294 
790 877 186 226 0.032978766 
479 775 62 65 0.030693687 
202 -1 17 15 0.030485207 
429 921 11 14 0.029044086 
412 716 49 60 0.028394507 
33 21 16 22 0.02829424 
440 866 26 31 0.02743545 
466 746 24 29 0.027426062 
319 755 132 145 0.026758116 
298 35 14 18 0.026523175 
260 24 13 19 0.026505088 
549 775 13 15 0.026040215 
372 738 14 16 0.025823722 
427 901 11 15 0.024889734 
397 746 22 29 0.024504438 
437 691 93 124 0.02415989 
108 -1 14 13 0.023844844 
594 127 406 532 0.023830164 
332 736 16 18 0.023557419 
401 755 14 16 0.023340844 
302 722 23 31 0.02306893 
292 857 30 34 0.022946956 
262 -1 18 16 0.022817098 
509 -13 330 418 0.022569234 
383 692 99 125 0.02240375 
251 79 15 19 0.022302637 
317 0 31 26 0.022281617 
349 762 16 18 0.022247914 
8 -1 28 24 0.022055354 
404 909 15 19 0.021993369 
496 799 38 41 0.021822965 
374 774 12 15 0.021680664 
253 726 91 102 0.021249233 
290 1002 36 45 0.021115283 
289 53 22 30 0.020760104 
688 8 86 74 0.020579861 
962 538 72 134 0.02043679 
434 720 47 57 0.020352524 
425 0 26 23 0.020240644 
304 680 118 130 0.020004198 
