21_Festival_Festival_21_604
2010
10 543 17 21 0.9754961 
925 533 14 16 0.96568996 
205 625 22 26 0.936896 
293 494 11 14 0.9228023 
100 539 13 17 0.91276026 
686 501 14 18 0.91023725 
71 590 18 23 0.8996053 
216 478 11 13 0.81375587 
28 495 12 16 0.8093296 
56 560 16 21 0.8048309 
762 555 15 21 0.7886886 
862 511 11 14 0.78494173 
162 628 19 23 0.7848456 
412 463 15 16 0.7755096 
60 504 14 17 0.76215565 
740 502 13 16 0.7512176 
732 586 15 19 0.74559385 
8 476 12 15 0.7419813 
622 440 15 18 0.68244827 
222 509 10 14 0.6684121 
200 496 12 15 0.64554733 
945 462 10 13 0.6423436 
207 574 13 15 0.6207514 
759 517 11 14 0.6102947 
693 574 17 22 0.60784805 
41 478 11 13 0.5972219 
207 437 8 11 0.59644556 
895 659 17 17 0.5944912 
714 580 16 20 0.56773704 
129 583 19 26 0.56382906 
264 541 13 16 0.54670304 
897 461 9 11 0.54644406 
55 507 12 15 0.54583836 
986 599 24 28 0.5412796 
967 483 10 13 0.5395174 
767 470 11 12 0.5363834 
256 484 10 12 0.5256859 
248 463 9 11 0.5185849 
863 494 10 12 0.51162815 
876 461 9 11 0.508981 
974 468 11 14 0.5056831 
240 447 8 10 0.50338596 
98 445 10 12 0.5023556 
893 486 9 11 0.50199527 
950 515 12 14 0.49833882 
288 564 12 16 0.48411995 
207 596 13 17 0.47127616 
213 514 12 15 0.47075194 
765 517 12 14 0.47059813 
312 447 10 11 0.46941674 
133 549 12 16 0.4617794 
870 480 11 13 0.45937315 
219 453 9 12 0.45225996 
313 453 9 11 0.44575283 
392 428 9 11 0.43134886 
658 493 13 16 0.4233415 
285 596 16 21 0.4053979 
303 479 10 12 0.3979193 
909 454 9 11 0.394861 
232 534 12 15 0.39183912 
885 427 9 11 0.39119852 
974 501 10 13 0.38814184 
139 473 9 12 0.3809257 
201 539 14 15 0.37673396 
375 468 11 13 0.37227845 
902 437 10 12 0.37161505 
425 416 8 10 0.3704829 
706 550 15 18 0.3702918 
739 610 14 18 0.3671339 
87 555 11 16 0.3647801 
847 482 10 13 0.36346236 
841 431 9 10 0.35880408 
94 484 12 15 0.35804704 
703 476 9 12 0.35388282 
62 476 10 13 0.3537723 
804 515 10 14 0.35114828 
863 594 14 17 0.348175 
662 458 13 15 0.34748045 
271 510 11 14 0.34640375 
142 493 11 15 0.34594235 
341 554 12 16 0.34303445 
276 626 13 17 0.34275287 
278 477 10 12 0.33682674 
80 469 11 14 0.33382002 
805 553 13 16 0.33068737 
627 450 15 21 0.32798195 
157 556 14 18 0.3265019 
77 520 13 17 0.3250116 
341 492 10 13 0.32467762 
175 484 12 15 0.32338378 
909 488 9 12 0.3187352 
329 428 8 10 0.31544405 
206 565 12 14 0.3092216 
823 444 8 11 0.30393502 
175 491 13 15 0.30288866 
261 439 9 10 0.29928827 
101 439 9 11 0.29553512 
73 415 8 10 0.2955304 
48 468 10 12 0.29369333 
829 535 10 13 0.29339832 
807 479 10 13 0.29119805 
61 431 9 11 0.28951162 
342 469 9 11 0.2861249 
319 532 10 15 0.28287503 
909 461 10 12 0.28243425 
462 450 10 13 0.28163254 
247 600 13 18 0.2812768 
882 416 9 12 0.27835444 
683 458 12 14 0.2760963 
240 453 9 11 0.27456054 
863 429 10 11 0.26853767 
437 444 11 14 0.26792052 
957 445 10 11 0.26703212 
824 440 9 10 0.2667734 
888 527 11 14 0.26363122 
141 453 9 12 0.26296476 
358 507 11 14 0.26202855 
927 469 10 14 0.2597136 
329 483 9 12 0.258939 
387 508 13 18 0.2565961 
1013 538 11 17 0.2559875 
265 547 14 17 0.25412455 
9 631 17 19 0.25344557 
323 561 12 16 0.24895833 
799 477 10 13 0.24887285 
29 469 12 13 0.24778321 
964 525 13 17 0.24576248 
295 527 10 14 0.24523824 
817 469 8 11 0.24521469 
157 478 9 11 0.24296129 
252 510 12 15 0.24153827 
193 445 7 10 0.23967001 
748 539 15 17 0.23801826 
40 422 8 11 0.23756664 
949 503 11 14 0.23708513 
797 647 14 17 0.2358257 
294 471 8 11 0.23562722 
749 446 11 12 0.23490497 
905 455 9 11 0.22973137 
776 438 9 10 0.22915798 
717 501 10 13 0.22853608 
990 472 9 11 0.22735256 
919 423 8 10 0.22544748 
839 447 10 12 0.22475894 
366 482 11 14 0.22457324 
879 502 10 13 0.2221585 
848 447 9 13 0.22131032 
50 508 11 15 0.22022647 
810 538 12 14 0.21950588 
20 627 15 19 0.2178582 
728 431 7 10 0.21770453 
749 452 10 12 0.21675205 
311 478 9 12 0.21580023 
241 440 9 10 0.21570618 
645 469 11 15 0.21074548 
359 454 7 10 0.20906767 
336 486 10 12 0.20686662 
724 453 9 11 0.2063083 
897 588 12 16 0.20619877 
951 522 12 15 0.2042716 
815 452 9 11 0.20418927 
762 439 8 11 0.20342594 
775 501 10 13 0.2016513 
948 467 12 13 0.20105256 
952 422 7 9 0.20015858 
429 415 8 10 0.20001094 
769 422 9 10 0.19985506 
48 411 10 12 0.19977659 
913 422 10 12 0.19840042 
183 517 11 13 0.19785796 
99 483 13 16 0.196762 
271 422 8 10 0.19661565 
824 525 10 12 0.19541234 
956 537 14 18 0.19340369 
376 448 8 9 0.19297583 
952 415 8 10 0.19280168 
24 399 9 11 0.1921658 
905 492 9 12 0.1908245 
774 431 9 11 0.18990521 
264 407 8 10 0.18923406 
885 439 10 12 0.18733455 
123 548 16 17 0.18658581 
846 452 9 11 0.18495363 
854 445 8 11 0.18494098 
328 540 10 12 0.1847408 
897 438 10 13 0.18453014 
152 561 14 19 0.18411797 
192 439 8 10 0.18376905 
223 424 8 9 0.18340921 
946 417 6 9 0.18322013 
797 454 9 11 0.18302636 
340 487 10 11 0.1826546 
456 427 10 13 0.18055542 
712 440 8 11 0.18053107 
880 540 11 14 0.1805228 
287 454 7 10 0.18036008 
258 440 8 10 0.18029195 
770 556 13 17 0.17987444 
71 445 10 12 0.17970781 
55 469 9 12 0.17941795 
864 424 9 11 0.17876773 
223 502 10 14 0.17833906 
72 493 11 15 0.17785822 
720 447 8 10 0.17707391 
808 374 9 11 0.17492002 
178 420 8 11 0.17434962 
289 499 10 13 0.17402223 
788 491 12 14 0.17329523 
193 432 8 9 0.17307116 
737 420 7 10 0.17204608 
365 539 13 15 0.17079227 
802 511 10 14 0.17016159 
832 416 9 11 0.16963245 
240 430 8 10 0.16874716 
264 389 8 10 0.16831072 
818 448 8 11 0.16804664 
902 460 9 12 0.1679371 
1007 479 10 14 0.16776747 
895 501 10 12 0.16725983 
961 414 8 10 0.16672555 
880 508 10 12 0.16619945 
957 440 9 11 0.16542248 
951 539 12 16 0.1641987 
79 412 8 10 0.16370949 
271 430 8 10 0.1636808 
287 437 8 10 0.16252032 
261 490 11 13 0.16250236 
38 445 9 12 0.16250074 
67 501 12 16 0.16150409 
221 540 11 14 0.16132672 
942 439 8 11 0.16113067 
720 479 9 12 0.15859972 
832 445 8 11 0.15810166 
944 484 9 11 0.15756784 
661 466 11 14 0.15717702 
216 448 9 10 0.1569512 
902 509 11 15 0.15674512 
855 439 9 11 0.1563597 
137 494 11 14 0.15635277 
824 519 11 12 0.15634015 
848 397 8 9 0.1558398 
775 507 10 14 0.15534602 
46 381 7 9 0.15505764 
25 429 10 13 0.15502954 
664 422 9 10 0.15498784 
336 438 8 10 0.154835 
398 446 8 10 0.15401548 
39 538 13 16 0.15380791 
909 508 12 16 0.15272273 
856 407 7 9 0.15154117 
166 399 7 10 0.15041849 
178 453 8 10 0.15018515 
1002 460 9 11 0.15000674 
949 476 10 12 0.14972365 
869 429 8 11 0.14959483 
190 511 10 14 0.14945455 
865 485 10 12 0.14925648 
145 431 8 11 0.14910527 
8 453 9 11 0.14906669 
805 611 15 21 0.1487007 
5 412 8 11 0.14845064 
278 471 9 12 0.14764166 
680 468 12 14 0.14742741 
48 447 9 11 0.1468506 
853 542 11 14 0.14641254 
759 484 10 12 0.14631578 
783 439 8 10 0.14485058 
246 478 11 14 0.14443728 
750 461 10 13 0.14440215 
966 414 8 10 0.14394337 
342 500 10 13 0.143714 
463 472 10 13 0.14319469 
750 468 10 13 0.14315705 
704 416 8 9 0.14154482 
895 492 10 12 0.14135197 
31 571 13 17 0.14011167 
397 477 12 16 0.14003846 
238 484 9 12 0.13990578 
695 422 7 10 0.13989234 
863 558 12 17 0.13966565 
897 397 9 11 0.13951711 
344 519 9 11 0.13929743 
95 515 12 16 0.13746278 
104 390 8 10 0.13725956 
442 398 8 10 0.13686669 
958 526 11 15 0.13649058 
902 444 9 10 0.13622949 
99 509 12 14 0.13472706 
805 524 10 12 0.1339401 
717 507 10 13 0.1333933 
662 430 8 10 0.13337967 
870 557 12 16 0.13296968 
223 495 9 12 0.13285682 
25 405 8 11 0.13202035 
29 400 10 11 0.1316437 
857 630 18 24 0.13125893 
943 455 9 12 0.13092148 
718 440 8 9 0.13086054 
837 540 11 13 0.12981547 
281 438 8 10 0.12951069 
900 595 15 19 0.1292155 
508 437 9 12 0.12909761 
374 474 12 14 0.12900193 
294 376 7 9 0.12855893 
48 376 6 9 0.12839727 
53 405 9 12 0.12802422 
749 486 9 11 0.12753595 
318 479 9 11 0.12752776 
805 431 10 13 0.12704279 
109 477 10 12 0.12703764 
723 580 18 23 0.12693356 
200 562 11 13 0.12670887 
798 471 10 13 0.12651677 
318 526 11 15 0.12609473 
698 470 9 11 0.12607978 
8 390 8 9 0.12601198 
296 490 9 11 0.12578532 
88 424 7 9 0.12561244 
354 453 8 10 0.12477851 
815 499 11 12 0.124670774 
242 462 9 11 0.1243821 
464 400 8 10 0.12415768 
992 485 10 12 0.12402802 
93 524 12 16 0.12393481 
765 510 13 15 0.12336619 
151 423 8 9 0.12318921 
729 437 8 10 0.12259306 
879 548 12 15 0.122462004 
863 499 11 13 0.12221697 
887 405 8 10 0.122133456 
352 448 8 10 0.12201711 
921 406 8 9 0.121793754 
290 472 9 11 0.1214057 
896 480 9 12 0.12114855 
62 436 9 11 0.121114515 
251 571 12 16 0.120627634 
919 446 9 11 0.120619774 
982 469 10 13 0.12038297 
354 422 8 10 0.12032556 
192 470 10 11 0.12019927 
734 533 10 14 0.11975822 
890 563 15 20 0.11952584 
237 493 11 13 0.11949339 
712 421 7 9 0.11940868 
866 516 12 13 0.11901581 
813 479 10 12 0.11893574 
1004 454 9 12 0.11851102 
228 502 11 13 0.11847194 
801 435 9 11 0.11812496 
875 563 11 15 0.117739744 
790 447 9 11 0.11743325 
979 572 15 20 0.11706519 
372 530 13 15 0.11689125 
710 471 10 13 0.116886705 
416 445 8 11 0.11673654 
287 405 8 9 0.1166987 
242 425 8 9 0.11625154 
878 457 9 11 0.116077356 
646 428 11 14 0.11581966 
110 484 10 13 0.11551388 
191 399 7 9 0.115496784 
748 492 11 13 0.11534227 
441 431 8 10 0.115201056 
2 408 9 11 0.115141675 
772 516 10 13 0.11509784 
168 469 8 11 0.11499713 
967 446 8 10 0.114559665 
841 478 9 12 0.11429817 
304 400 7 8 0.114223756 
355 555 12 15 0.11421469 
286 476 9 11 0.114145294 
760 478 9 12 0.11388816 
264 454 8 11 0.11386748 
671 421 8 10 0.11381028 
764 444 9 11 0.1133329 
723 401 7 9 0.11331908 
197 471 9 11 0.11307047 
695 405 7 9 0.11276152 
1001 432 8 10 0.11273908 
360 429 8 10 0.11264556 
679 407 8 9 0.11193532 
103 478 12 15 0.11158485 
743 421 7 9 0.111112 
735 540 12 15 0.110979594 
373 546 12 15 0.11093716 
146 499 13 16 0.11084826 
94 531 14 20 0.11008564 
656 471 10 14 0.10991527 
42 382 7 9 0.109905824 
998 500 12 17 0.10988257 
95 408 7 9 0.10960829 
705 440 8 10 0.10877741 
310 471 10 12 0.10849699 
800 554 12 15 0.108290665 
997 400 8 10 0.1082079 
784 493 11 13 0.108085915 
298 423 7 9 0.10805464 
351 398 8 9 0.107585214 
839 502 10 12 0.107580245 
174 497 12 15 0.10746035 
984 447 8 10 0.10743709 
71 392 8 10 0.10718596 
120 619 12 18 0.10712881 
665 417 8 10 0.10686416 
888 455 8 10 0.10684446 
781 541 10 14 0.10657474 
250 577 13 19 0.10596088 
266 423 7 9 0.1054044 
766 495 11 13 0.10521161 
993 401 9 10 0.10517415 
897 430 9 11 0.104962684 
858 495 9 12 0.1047212 
153 454 8 11 0.10472062 
856 414 8 9 0.104395345 
295 631 13 19 0.104300775 
1005 499 13 18 0.10405614 
968 462 9 11 0.10397983 
336 519 9 10 0.10397333 
830 462 9 11 0.10386534 
851 100 27 33 0.10375798 
360 438 7 10 0.10357769 
863 461 10 12 0.103398345 
743 527 11 14 0.10339605 
112 410 7 8 0.10331539 
30 423 9 10 0.103206225 
937 383 7 9 0.10311354 
825 484 8 11 0.103096455 
402 408 7 9 0.103039 
912 428 8 11 0.10290741 
358 424 8 10 0.102811 
912 447 8 10 0.10271392 
231 581 12 15 0.10204656 
37 509 10 13 0.1019828 
676 534 12 16 0.10181903 
712 508 10 13 0.101762876 
324 535 10 14 0.10163768 
192 463 9 11 0.10152975 
936 400 7 9 0.10113614 
143 460 9 11 0.1008816 
196 446 9 11 0.10081428 
410 375 8 10 0.100791946 
680 423 7 10 0.10073659 
746 500 12 14 0.10024213 
257 408 8 10 0.09987926 
926 492 9 12 0.09982465 
282 644 14 18 0.09965442 
920 415 8 10 0.09926414 
876 554 12 17 0.09850908 
312 500 8 12 0.09849019 
262 510 13 15 0.09793183 
889 368 7 9 0.09789731 
936 405 7 9 0.097889274 
149 430 9 11 0.09782561 
16 452 9 12 0.09748251 
954 438 8 11 0.097481735 
8 447 8 11 0.09729838 
951 401 6 7 0.09700482 
976 392 6 8 0.09693672 
252 500 12 14 0.09681925 
208 406 8 9 0.096785046 
831 492 8 12 0.096544355 
759 470 10 12 0.09635221 
21 453 9 11 0.09629775 
670 517 13 18 0.09566941 
958 471 8 11 0.095625505 
279 432 9 10 0.09557696 
333 477 11 13 0.09548119 
831 510 10 12 0.095107004 
78 499 10 13 0.09500189 
895 443 9 11 0.09455839 
997 436 9 11 0.094469704 
335 430 8 10 0.09437782 
277 510 11 14 0.09393332 
833 369 6 8 0.09376044 
119 553 13 16 0.0934782 
168 534 11 15 0.09298974 
54 451 10 11 0.09281232 
34 446 9 12 0.092586376 
800 398 8 10 0.09253054 
119 475 11 13 0.092280656 
204 557 14 17 0.09203532 
991 454 8 11 0.091823176 
1001 479 9 12 0.09181438 
319 519 9 12 0.09181172 
247 425 8 9 0.0917755 
283 400 7 9 0.09158188 
727 495 10 13 0.091490485 
670 417 8 10 0.09143028 
241 368 7 9 0.09133322 
328 455 9 11 0.091295384 
780 501 10 12 0.091287516 
145 423 8 9 0.091147274 
143 449 8 10 0.09099181 
882 390 8 9 0.09083397 
174 533 12 15 0.090480275 
103 368 7 8 0.09046281 
880 495 10 12 0.09041124 
16 446 9 12 0.09009104 
829 517 10 12 0.090066925 
296 400 7 9 0.0894889 
813 375 7 9 0.089488246 
776 401 7 8 0.089380294 
721 405 6 9 0.089358054 
946 421 7 9 0.08912629 
727 400 7 9 0.08905257 
741 540 15 18 0.088837974 
907 599 14 20 0.08826918 
291 558 14 17 0.087534435 
270 453 9 11 0.0873109 
846 543 11 13 0.08710153 
147 596 13 17 0.08703459 
288 400 8 10 0.08694169 
289 377 7 8 0.08674687 
342 476 11 13 0.086454295 
751 596 12 17 0.08613576 
338 470 8 11 0.086074844 
271 389 8 11 0.0859225 
240 470 9 11 0.08581591 
322 424 7 9 0.08579979 
360 375 7 9 0.08554247 
998 484 9 13 0.085262574 
89 485 11 13 0.085170425 
641 421 9 12 0.08510765 
841 368 7 8 0.08508806 
887 399 8 10 0.08506267 
343 543 12 14 0.0847451 
179 523 13 15 0.08467965 
280 486 10 12 0.084670946 
86 414 7 9 0.084447466 
848 437 9 11 0.08428313 
305 416 8 10 0.08415457 
138 548 13 17 0.083839536 
811 615 14 19 0.083777875 
752 406 7 9 0.08373748 
111 468 11 13 0.083729215 
387 384 7 8 0.08347203 
32 453 9 11 0.083183706 
319 383 7 9 0.08314165 
977 437 9 11 0.083088435 
945 399 7 9 0.08232337 
119 541 14 17 0.082264245 
23 435 11 12 0.08194751 
638 468 13 16 0.08190671 
31 475 11 13 0.081836544 
315 568 15 21 0.0816102 
945 509 12 14 0.08155236 
274 477 9 12 0.08137651 
529 374 7 9 0.08128175 
769 428 9 11 0.08116324 
658 503 14 19 0.08110372 
1007 430 8 11 0.080918014 
847 526 9 12 0.08064101 
705 421 8 10 0.08062445 
960 476 9 12 0.08058512 
245 455 9 12 0.08052547 
871 446 8 10 0.08049654 
105 414 7 9 0.08046465 
278 422 8 10 0.080307305 
295 445 8 10 0.08022138 
830 487 9 10 0.08018969 
213 439 8 10 0.08013372 
881 439 9 12 0.08007629 
321 484 8 11 0.08002374 
823 453 9 10 0.08001728 
986 384 6 9 0.07983797 
869 501 11 13 0.07976076 
247 588 13 19 0.07935917 
321 408 7 8 0.078936614 
72 421 8 10 0.07866755 
81 57 18 21 0.07858681 
725 523 13 15 0.07858468 
766 415 9 10 0.07852965 
895 506 12 15 0.0783197 
17 399 7 9 0.078306995 
191 393 7 10 0.07811443 
298 495 11 13 0.07791921 
265 415 8 9 0.07785968 
148 507 12 15 0.07773456 
929 399 8 10 0.077703185 
1008 531 13 19 0.077631965 
936 452 8 11 0.077584855 
214 430 9 10 0.07751973 
951 453 10 12 0.07746166 
192 565 10 12 0.07735671 
252 462 10 11 0.07727256 
873 456 10 12 0.07723185 
928 405 8 10 0.07712406 
104 557 10 14 0.077099875 
866 392 8 9 0.07681745 
0 468 11 15 0.07675123 
266 431 8 10 0.07666669 
180 532 13 15 0.07662396 
712 552 15 18 0.076437846 
822 468 9 11 0.07629617 
808 414 8 10 0.0762652 
77 446 9 11 0.07626128 
209 400 8 10 0.076216996 
927 424 8 9 0.07602951 
882 399 7 9 0.07596505 
255 491 11 13 0.075827494 
983 416 7 9 0.07577826 
129 415 7 9 0.07545246 
343 437 9 11 0.075393304 
726 468 10 12 0.07527518 
920 400 8 9 0.07503437 
954 385 7 9 0.07494979 
53 413 9 11 0.07490722 
944 516 13 15 0.07490276 
169 485 11 13 0.0747769 
278 463 9 11 0.07458474 
839 525 9 11 0.074519776 
897 467 9 12 0.07423408 
963 535 14 18 0.07414537 
646 422 9 13 0.074069045 
840 391 8 10 0.07398598 
198 599 16 19 0.073984474 
89 407 8 10 0.073929735 
422 447 9 11 0.07378064 
155 564 16 21 0.07366696 
62 462 9 11 0.0735651 
201 439 8 10 0.073562436 
830 439 8 11 0.07352864 
696 439 8 10 0.07352182 
247 374 7 8 0.07323825 
719 416 7 9 0.07298866 
718 495 11 13 0.072986014 
959 385 7 10 0.07278375 
954 390 6 9 0.072676964 
280 447 8 10 0.072652966 
101 501 11 14 0.07248269 
824 495 10 11 0.07240124 
891 577 15 19 0.07234774 
875 479 10 12 0.07231438 
775 485 9 12 0.07228893 
161 561 15 19 0.072270654 
790 439 9 10 0.072254986 
246 514 12 14 0.07215767 
837 415 8 10 0.072147354 
982 573 24 27 0.07208019 
184 510 11 14 0.07179648 
255 425 8 9 0.07179436 
832 469 9 11 0.071706265 
755 598 14 19 0.07149692 
479 462 9 11 0.071401365 
383 447 7 10 0.07139448 
382 502 13 16 0.07133383 
785 416 8 10 0.07128548 
28 435 10 12 0.070720956 
694 429 8 10 0.07057642 
935 424 7 8 0.070451915 
868 523 12 13 0.07026011 
174 471 9 11 0.070179865 
796 617 16 21 0.070172764 
264 470 9 11 0.069994435 
726 532 13 15 0.06990144 
959 390 6 8 0.069895834 
839 422 8 10 0.06979409 
918 452 9 11 0.06970466 
82 516 15 18 0.0696279 
247 369 7 9 0.069317944 
296 476 10 12 0.06918526 
735 454 9 11 0.06914582 
335 456 8 10 0.06907462 
982 584 25 30 0.068933524 
887 492 10 12 0.06888574 
86 383 7 9 0.06888368 
215 401 8 10 0.06886806 
758 549 14 18 0.06884553 
295 464 9 10 0.0687826 
848 369 7 8 0.06860315 
262 444 9 12 0.06835821 
239 559 11 15 0.06812309 
66 391 8 10 0.06798661 
36 494 12 14 0.067906745 
826 462 9 12 0.06790189 
419 417 7 9 0.067844324 
137 357 7 9 0.06770325 
662 399 7 9 0.067701064 
734 438 8 10 0.06760988 
680 445 12 14 0.06754136 
301 594 13 20 0.06740602 
987 532 11 15 0.06739294 
383 415 8 9 0.067315534 
42 415 8 11 0.06731371 
336 501 10 12 0.06719807 
346 392 6 8 0.067145266 
42 377 7 8 0.06712 
158 516 11 15 0.067035526 
992 431 8 9 0.06691238 
398 440 8 10 0.06687786 
430 459 11 14 0.06687468 
39 471 10 13 0.066775665 
959 452 9 12 0.06677394 
719 470 9 12 0.06672759 
192 484 10 12 0.06668196 
858 374 8 10 0.066654064 
157 447 9 10 0.066599965 
793 478 9 12 0.06659758 
84 475 11 13 0.0664673 
155 548 15 19 0.06646596 
751 441 8 10 0.06643621 
223 383 7 10 0.066391855 
223 428 8 10 0.066331476 
352 393 6 8 0.06632959 
703 445 9 11 0.06632684 
233 478 10 12 0.06629165 
325 570 13 18 0.06623222 
346 447 8 10 0.06614665 
3 474 11 15 0.065973565 
880 385 7 9 0.06591706 
370 539 15 17 0.06590811 
74 350 7 10 0.06585504 
703 502 11 14 0.065682285 
784 399 7 9 0.0653338 
836 535 11 13 0.06528255 
969 399 6 9 0.065132596 
192 404 8 9 0.06509986 
854 468 10 13 0.065099105 
865 397 7 9 0.0650709 
148 515 12 14 0.06492761 
886 502 10 13 0.064872116 
150 485 10 13 0.06481903 
222 534 13 16 0.06479596 
334 509 10 12 0.064773105 
282 376 6 8 0.06470322 
800 449 9 11 0.06454705 
302 421 8 10 0.06440051 
288 448 8 10 0.064374 
319 502 9 12 0.064252906 
281 453 9 11 0.064029165 
245 445 8 11 0.06401307 
916 502 11 13 0.06390128 
396 428 10 12 0.0637865 
269 493 11 12 0.063704625 
774 495 11 14 0.06349118 
855 400 7 8 0.063301004 
57 476 10 12 0.06328445 
183 416 8 10 0.06324325 
669 456 10 14 0.063220456 
807 447 8 11 0.06314133 
376 374 6 8 0.06310756 
430 453 11 14 0.0630471 
655 487 11 15 0.06291086 
369 405 7 9 0.06268485 
311 398 7 9 0.06253261 
286 507 10 13 0.062433925 
393 406 6 9 0.06222756 
927 446 9 12 0.062145144 
663 437 9 11 0.062115114 
823 384 7 9 0.06209351 
831 454 8 10 0.061973725 
745 478 9 12 0.061967 
219 424 8 9 0.06193623 
720 422 7 9 0.061925188 
747 643 15 21 0.061921593 
935 476 11 13 0.061724298 
295 440 8 9 0.06166483 
299 529 12 16 0.06141915 
260 478 10 12 0.061279327 
812 587 14 19 0.061268453 
993 508 11 14 0.061263844 
140 590 16 20 0.061259363 
354 508 10 12 0.061217815 
335 424 7 10 0.06106906 
735 462 10 12 0.061060227 
353 417 8 10 0.06101006 
124 615 13 17 0.06094917 
894 422 8 11 0.06094019 
952 431 7 9 0.06090664 
863 414 9 10 0.060861785 
694 516 12 14 0.060720146 
48 431 8 9 0.060669113 
362 393 6 8 0.060654663 
728 425 8 9 0.06054585 
647 399 8 9 0.060538486 
405 408 8 8 0.060493767 
16 392 7 9 0.060488675 
703 464 9 12 0.060358707 
184 462 9 11 0.06034962 
82 382 7 9 0.0602404 
389 502 12 17 0.060197566 
980 463 10 12 0.060179517 
409 428 8 10 0.060116738 
0 462 9 13 0.06006356 
346 399 7 8 0.06005114 
47 423 8 11 0.059952803 
806 495 9 12 0.059936985 
126 478 9 12 0.059919573 
945 375 7 9 0.05989156 
112 492 11 14 0.0598078 
311 442 8 10 0.059804376 
184 468 10 12 0.059738167 
36 575 13 18 0.059733186 
416 422 7 9 0.05966743 
302 471 10 12 0.05964646 
315 590 15 22 0.059326783 
395 621 10 13 0.05915356 
936 447 9 11 0.05912857 
197 477 10 12 0.059072364 
724 479 11 13 0.058977894 
113 382 8 10 0.05882617 
953 407 7 9 0.0587447 
378 393 6 8 0.058701344 
657 405 7 10 0.058664206 
240 374 8 9 0.058611006 
231 105 25 31 0.058433928 
16 461 10 11 0.058385175 
7 439 8 9 0.0583641 
721 461 10 11 0.058336355 
623 455 13 17 0.058267873 
864 408 7 9 0.05810194 
271 368 7 8 0.058006037 
196 453 9 11 0.057983547 
364 503 10 13 0.057851803 
855 533 11 14 0.057834484 
928 429 8 10 0.05782327 
56 423 8 10 0.057720162 
47 438 9 11 0.057699323 
57 359 7 9 0.057670403 
188 571 11 15 0.057317752 
936 391 7 9 0.05696702 
30 464 11 12 0.05673959 
330 576 15 18 0.056702107 
127 422 8 9 0.05668282 
136 407 7 9 0.05666193 
618 443 11 14 0.056660756 
369 447 8 10 0.05649862 
153 448 8 10 0.056451496 
319 509 9 12 0.056433782 
448 430 9 13 0.05637532 
711 390 7 9 0.0563073 
224 439 8 9 0.056292098 
176 450 8 9 0.05620621 
338 462 8 10 0.05618525 
801 366 9 11 0.05615817 
680 429 7 10 0.05613247 
857 368 8 9 0.05609318 
408 465 13 16 0.05608757 
975 445 9 11 0.05601264 
158 501 9 13 0.056006823 
384 391 7 9 0.055884108 
862 534 11 14 0.055881225 
967 409 8 9 0.055866282 
738 590 17 20 0.0557901 
144 435 8 11 0.05578894 
864 446 8 10 0.0557095 
1015 463 8 12 0.055708896 
838 508 10 11 0.05556578 
734 467 10 12 0.055560034 
185 448 7 10 0.05550764 
313 530 12 16 0.05550097 
671 479 11 13 0.055268098 
350 549 12 16 0.05523115 
864 455 9 11 0.05521803 
169 375 7 9 0.05518683 
885 554 13 18 0.05498976 
901 392 8 10 0.054949768 
359 448 8 9 0.054870706 
306 366 8 10 0.054823026 
137 447 8 11 0.054761857 
258 391 7 9 0.054709543 
343 454 9 10 0.0546655 
74 409 8 10 0.054642685 
710 495 12 15 0.054589402 
197 543 13 17 0.054540973 
918 365 7 9 0.05450275 
423 453 11 14 0.054501887 
903 406 7 10 0.054441962 
224 374 8 9 0.054345768 
828 525 11 13 0.0542381 
756 512 19 23 0.054224964 
321 415 7 9 0.05420654 
984 431 8 9 0.05419108 
159 472 9 11 0.054170404 
176 518 11 14 0.05416658 
349 478 10 12 0.05398503 
246 440 8 10 0.05397622 
169 437 8 11 0.053913783 
22 392 7 8 0.053873796 
234 448 8 9 0.053811103 
900 501 10 13 0.053707235 
54 493 12 15 0.05362721 
930 375 7 8 0.0535444 
868 494 9 12 0.053390685 
15 438 9 11 0.053316213 
748 526 12 14 0.053316116 
431 367 7 9 0.053204864 
815 526 10 12 0.053195458 
46 502 13 17 0.05315007 
247 564 12 15 0.05305606 
282 404 8 10 0.053032983 
646 484 11 14 0.05301573 
230 416 8 9 0.05301061 
177 407 8 10 0.05276917 
255 539 13 17 0.052720927 
984 422 8 10 0.05269343 
46 634 12 17 0.052630223 
694 401 8 9 0.05262994 
17 375 7 9 0.052541424 
378 416 7 9 0.052442618 
781 508 10 13 0.05232627 
908 439 9 11 0.052285165 
632 407 8 10 0.05221915 
64 455 10 12 0.052210674 
221 448 9 11 0.052012216 
776 455 9 10 0.051867742 
118 485 11 12 0.051820245 
896 417 7 10 0.051810227 
761 408 7 9 0.051809218 
496 355 9 12 0.051728934 
329 437 8 10 0.051682543 
224 416 7 9 0.05163029 
307 592 15 22 0.051569197 
61 588 14 20 0.05154139 
55 464 10 12 0.051492173 
184 430 8 11 0.051490724 
735 431 8 10 0.0514872 
335 523 10 12 0.051464837 
384 439 7 9 0.051457908 
895 515 12 15 0.051399224 
90 400 7 9 0.051366206 
941 444 9 11 0.05123992 
914 383 7 9 0.051188435 
159 361 6 8 0.05117391 
117 381 8 9 0.05116888 
901 478 9 11 0.051108677 
460 422 9 12 0.051088236 
710 460 9 12 0.051059302 
109 555 11 15 0.05099089 
304 440 8 10 0.050954793 
193 477 9 11 0.050861232 
745 439 9 10 0.050717622 
296 454 8 11 0.050679505 
738 563 13 17 0.050625548 
12 471 11 14 0.05062044 
224 406 7 9 0.050606683 
337 408 7 9 0.050486043 
837 546 13 15 0.050479036 
301 499 10 13 0.050427824 
185 392 8 10 0.050420165 
414 429 7 10 0.050410945 
432 409 7 9 0.050311208 
940 633 18 21 0.05028041 
144 375 8 10 0.05018701 
5 460 10 12 0.050120387 
256 412 8 10 0.050059427 
46 570 13 17 0.04998287 
152 461 8 11 0.049858134 
767 383 7 10 0.04983755 
851 479 11 13 0.049642514 
3 640 15 17 0.049640894 
319 460 9 11 0.04963232 
787 516 11 13 0.049600575 
670 440 8 11 0.04949674 
825 399 7 9 0.049469545 
775 461 9 11 0.049468625 
318 494 9 11 0.049410943 
941 585 14 18 0.049396135 
750 422 8 9 0.049389366 
310 564 13 19 0.049374614 
888 373 7 9 0.049366865 
991 460 9 11 0.049330257 
269 408 8 9 0.049328882 
807 396 9 11 0.049312104 
173 438 8 10 0.049245346 
112 390 9 10 0.049084432 
271 416 8 10 0.049077865 
23 462 9 11 0.04905825 
518 382 7 10 0.048977796 
12 480 12 15 0.048920535 
343 508 10 12 0.04881155 
337 570 14 18 0.048711427 
826 414 8 11 0.04869097 
821 561 12 16 0.048684433 
45 494 11 14 0.048675578 
821 500 12 14 0.04861487 
921 470 9 12 0.04860607 
698 416 6 9 0.048459575 
870 391 7 9 0.048459128 
111 431 8 10 0.048413232 
286 486 10 13 0.048406243 
305 445 9 11 0.048383307 
790 550 11 14 0.048275657 
697 445 9 11 0.04819409 
656 430 10 13 0.04818742 
785 445 8 10 0.048181206 
333 561 15 18 0.04814066 
822 389 7 10 0.04805737 
367 464 9 11 0.047850862 
168 490 13 16 0.04784013 
385 431 8 10 0.047824 
370 468 9 12 0.04776548 
272 447 9 11 0.047674954 
0 438 7 10 0.047628183 
192 499 12 14 0.04748931 
967 375 7 9 0.047350492 
501 354 10 12 0.047323484 
919 486 10 13 0.04728491 
175 381 8 10 0.04727752 
71 396 8 10 0.047271047 
638 428 11 16 0.047215626 
327 502 10 12 0.04716653 
259 383 7 10 0.047094565 
806 472 10 13 0.047013283 
974 575 15 20 0.04696861 
36 632 15 17 0.046922415 
751 416 6 8 0.0468519 
192 546 12 15 0.046735853 
317 471 9 10 0.04670954 
106 410 7 9 0.046676595 
394 437 8 10 0.046594933 
911 467 9 11 0.046463355 
756 535 12 15 0.046428084 
812 555 12 17 0.04637752 
81 376 7 8 0.046376266 
279 623 19 27 0.04637195 
107 545 12 16 0.046280116 
877 468 9 11 0.04625861 
847 423 8 10 0.04621081 
879 444 9 11 0.045834057 
842 557 15 18 0.045776214 
215 502 11 14 0.045726776 
832 477 9 11 0.045720473 
710 455 8 10 0.045707606 
351 502 10 13 0.0456666 
26 425 8 10 0.045661706 
369 401 7 8 0.045655206 
95 425 8 9 0.045618236 
663 520 13 19 0.04543714 
96 413 7 9 0.045378547 
272 470 10 12 0.045378067 
967 454 8 11 0.04533936 
104 433 8 10 0.045203008 
87 377 7 9 0.045179952 
209 478 10 12 0.045107152 
70 452 9 12 0.045090165 
97 429 8 10 0.045083057 
620 431 13 15 0.044982724 
217 383 7 10 0.04496761 
392 481 13 15 0.044960074 
711 405 8 9 0.044947952 
391 522 12 15 0.044796925 
70 484 13 15 0.04479667 
237 527 12 15 0.04478607 
705 407 8 9 0.04473771 
997 492 12 17 0.044680335 
918 526 15 17 0.04466738 
0 445 8 10 0.044659562 
699 518 13 16 0.04464051 
463 415 8 10 0.0446079 
759 453 10 11 0.044563472 
588 290 11 14 0.044547867 
958 431 8 9 0.044512648 
335 550 12 15 0.044509877 
850 406 7 10 0.04444596 
894 368 7 9 0.04441175 
104 384 8 9 0.04435715 
233 484 10 12 0.044236474 
230 422 8 10 0.044217933 
771 549 14 17 0.04419527 
127 461 10 12 0.044186544 
392 402 7 8 0.044154923 
101 523 12 16 0.044136707 
256 453 10 12 0.04411215 
67 476 11 14 0.044086456 
710 401 8 9 0.04405605 
337 446 7 9 0.044042956 
857 420 9 11 0.043996066 
633 458 13 18 0.043933593 
1014 468 9 12 0.04387382 
110 462 10 12 0.04369744 
240 508 12 15 0.043579448 
871 399 7 9 0.043578714 
305 406 7 9 0.043554313 
402 399 6 8 0.04335634 
704 453 9 11 0.043250125 
75 508 12 16 0.043247424 
802 373 9 11 0.04313386 
71 470 9 12 0.043050136 
163 569 14 18 0.04300341 
533 373 9 10 0.042952504 
196 486 11 12 0.042952083 
151 399 7 9 0.04290513 
437 357 8 9 0.042886347 
429 467 11 14 0.04287393 
94 400 7 9 0.042843018 
398 488 14 20 0.042792536 
505 444 8 11 0.0427518 
217 405 7 9 0.042682145 
153 470 9 11 0.04263344 
264 461 9 11 0.042613067 
288 415 8 9 0.04259792 
245 558 11 16 0.0425699 
847 469 9 11 0.0425447 
641 416 8 10 0.042506926 
211 558 13 16 0.042498957 
838 470 10 12 0.042466257 
342 433 8 9 0.042431545 
254 430 8 9 0.042430326 
40 439 10 12 0.04231245 
32 383 7 9 0.042284504 
168 621 18 21 0.04227527 
904 413 7 10 0.042232957 
122 423 7 10 0.042187903 
353 545 20 26 0.0421721 
926 649 14 18 0.042057693 
969 531 14 19 0.042043082 
863 521 12 14 0.042018086 
222 390 7 9 0.041971497 
442 392 8 10 0.041928716 
63 423 8 10 0.041899547 
672 538 12 15 0.041843273 
306 360 8 9 0.04175783 
745 469 10 13 0.041716713 
66 416 7 9 0.041678358 
817 391 8 10 0.04163569 
174 376 8 10 0.04162797 
689 406 7 10 0.04159798 
320 378 7 9 0.041586485 
928 453 8 10 0.04154438 
441 424 8 9 0.041488353 
252 533 13 17 0.04147372 
767 408 7 9 0.04146375 
737 447 8 10 0.041452087 
159 483 9 12 0.041403666 
222 458 10 13 0.04137977 
790 368 7 10 0.041351873 
816 438 8 11 0.041296408 
985 453 8 10 0.041246448 
49 399 9 10 0.041207448 
218 416 8 9 0.041205995 
868 533 13 16 0.04116736 
200 406 8 10 0.041154057 
16 510 11 14 0.04112909 
936 484 10 12 0.041113347 
817 382 7 9 0.041004315 
925 553 14 16 0.040925175 
761 431 9 10 0.040904 
135 414 8 10 0.040897842 
137 394 6 8 0.040885117 
235 585 16 20 0.04087472 
193 558 10 14 0.04081192 
351 441 9 10 0.040805213 
237 499 11 14 0.040753473 
634 437 12 15 0.040727835 
907 339 11 13 0.040711746 
310 483 9 11 0.040644325 
400 413 7 9 0.040633783 
96 451 10 13 0.040604312 
990 448 9 11 0.040572368 
335 375 7 9 0.04055959 
289 599 20 28 0.040540084 
47 391 7 9 0.040524013 
166 462 9 11 0.040501047 
746 407 7 8 0.04044059 
929 464 9 11 0.040337723 
724 448 10 12 0.04021871 
354 376 6 9 0.040149074 
254 469 9 11 0.04006553 
659 400 8 10 0.04006289 
839 483 10 12 0.040044956 
752 400 8 10 0.040038466 
167 433 8 10 0.040016737 
118 623 17 27 0.03999266 
815 408 7 9 0.039969772 
321 430 8 9 0.039884653 
200 377 7 8 0.039820954 
1014 505 10 14 0.039798867 
304 462 8 10 0.0397608 
466 334 10 11 0.039739005 
689 422 8 10 0.039720315 
311 558 10 15 0.039695486 
200 432 7 9 0.039657243 
271 462 10 11 0.039656732 
232 471 10 12 0.039646085 
900 548 14 16 0.03958561 
702 481 11 13 0.0395332 
177 357 7 9 0.03948932 
272 335 6 9 0.03945638 
334 534 11 13 0.039414294 
366 491 10 12 0.039413966 
351 484 9 11 0.039395068 
858 514 11 14 0.039382186 
463 437 10 11 0.03933234 
105 422 8 10 0.039325673 
304 384 8 9 0.03929816 
207 367 7 8 0.03925049 
114 497 13 15 0.039206732 
249 414 7 9 0.039202068 
734 606 15 19 0.039098494 
305 455 8 10 0.039028954 
288 461 9 10 0.039005756 
102 451 10 12 0.039004356 
732 493 12 14 0.038998466 
134 573 13 18 0.038996827 
6 420 9 11 0.03899002 
957 560 16 21 0.03893385 
1015 437 8 12 0.038922194 
136 439 9 11 0.03891338 
789 373 8 10 0.03885708 
137 399 6 8 0.038784645 
232 400 7 9 0.03876825 
327 564 20 26 0.038719118 
1011 526 12 16 0.038636383 
377 422 8 9 0.038586587 
168 357 7 9 0.038585875 
783 455 8 10 0.03853051 
294 382 8 9 0.03847075 
401 392 7 8 0.03838884 
993 628 25 34 0.0383792 
65 443 10 12 0.038366687 
395 446 8 10 0.038349863 
54 401 9 10 0.038332805 
918 383 8 9 0.038291667 
765 485 11 12 0.03820932 
920 492 10 13 0.038177162 
943 534 12 15 0.038162004 
792 421 9 11 0.038100168 
365 430 10 11 0.03806875 
79 551 11 15 0.03806864 
191 415 8 10 0.038050167 
17 406 8 9 0.038006764 
192 366 7 9 0.037971243 
993 589 24 29 0.037963755 
797 601 15 21 0.037937965 
936 377 7 8 0.03792326 
367 424 8 9 0.037910327 
161 405 7 10 0.037817795 
377 439 7 10 0.037761066 
959 422 7 10 0.03775795 
312 430 8 9 0.037732523 
675 521 13 17 0.0376856 
467 446 11 13 0.037538644 
74 516 12 16 0.037524052 
310 359 9 10 0.037522767 
446 391 7 10 0.03743127 
353 382 7 8 0.037399795 
948 528 20 24 0.037337635 
65 562 14 19 0.037327763 
24 367 7 9 0.037319675 
437 540 13 17 0.03730259 
887 651 15 19 0.03728577 
385 399 7 9 0.037228223 
37 473 17 21 0.037226815 
80 592 16 19 0.0372003 
1006 493 14 17 0.037162505 
230 556 13 17 0.03713775 
36 451 11 12 0.0370895 
831 501 10 13 0.037043337 
359 408 7 8 0.03701503 
313 423 7 9 0.03693711 
842 375 6 9 0.036892913 
670 466 11 14 0.03684168 
70 440 9 11 0.03683663 
733 478 11 13 0.036788266 
736 400 7 9 0.03677323 
847 373 8 10 0.036683314 
872 437 9 11 0.03664689 
934 429 8 10 0.036586244 
404 476 12 16 0.036566503 
230 527 13 16 0.03656201 
814 430 8 11 0.03652299 
935 572 15 18 0.036505807 
739 571 13 15 0.03641344 
831 548 11 14 0.03631342 
238 593 16 20 0.036312804 
707 557 16 19 0.03629147 
32 506 12 14 0.03628093 
66 577 15 21 0.036257774 
694 463 9 13 0.03624415 
458 447 10 14 0.036171947 
745 400 7 9 0.036126375 
108 523 12 15 0.0360931 
283 513 12 15 0.036087807 
839 651 13 16 0.036031887 
336 414 8 9 0.036028404 
327 408 8 9 0.035982396 
174 507 10 14 0.035906766 
344 416 8 10 0.035845283 
165 509 13 15 0.035826597 
838 518 10 13 0.03580163 
732 484 11 14 0.035710294 
689 391 8 10 0.03569624 
1003 575 15 20 0.035685852 
27 626 14 19 0.035636906 
299 563 14 18 0.035625644 
758 463 9 12 0.035622563 
861 436 9 12 0.03560077 
722 431 8 10 0.035581473 
687 439 8 10 0.035574947 
954 509 12 15 0.035554796 
985 407 7 9 0.035544693 
20 663 13 18 0.035536595 
98 368 7 8 0.03549679 
1004 587 14 18 0.03549118 
1000 417 7 8 0.03545629 
992 424 8 9 0.035423037 
734 526 11 14 0.03541301 
930 631 24 30 0.03539848 
231 349 7 9 0.03531378 
137 422 8 10 0.035298858 
358 415 8 9 0.035288483 
296 417 8 10 0.03522956 
913 406 7 10 0.035211943 
574 350 10 13 0.03510359 
439 461 10 13 0.03507427 
111 423 8 10 0.035041362 
186 367 8 9 0.035034344 
407 399 8 9 0.035032876 
767 666 14 14 0.035019428 
776 444 8 10 0.03499216 
162 548 14 18 0.034991205 
628 431 14 16 0.034947723 
327 548 11 14 0.034925446 
432 420 8 10 0.034853596 
149 523 12 14 0.034804262 
832 431 8 10 0.034801897 
305 392 7 8 0.034749344 
120 415 8 9 0.034745127 
999 423 7 9 0.034709238 
931 657 15 19 0.034692694 
21 486 12 14 0.0346101 
136 376 7 9 0.034563072 
344 365 8 9 0.034560956 
541 319 8 10 0.034559388 
667 491 13 17 0.03453492 
926 413 8 10 0.034471765 
64 350 8 9 0.034437217 
689 430 8 10 0.03442634 
853 452 10 11 0.034422554 
26 360 7 8 0.034397535 
360 381 7 9 0.034383584 
289 526 11 13 0.034326416 
985 389 6 9 0.034313504 
160 495 10 12 0.034256447 
396 496 13 18 0.03422305 
161 432 8 9 0.034193493 
885 516 11 14 0.0341111 
296 430 7 10 0.034101747 
477 567 15 20 0.03409767 
963 644 12 17 0.034088623 
445 510 11 15 0.034055937 
743 431 8 10 0.033954788 
381 475 10 13 0.033876557 
931 546 14 17 0.033806473 
349 524 11 14 0.033776663 
4 500 11 14 0.03377561 
256 376 7 9 0.03374299 
210 445 7 10 0.033722747 
102 462 10 12 0.03372007 
219 482 12 14 0.033691477 
207 471 9 11 0.03366787 
831 398 7 10 0.033651065 
943 381 8 9 0.033639535 
666 499 13 17 0.033633664 
769 400 7 9 0.033632502 
400 373 7 9 0.033627648 
940 595 14 17 0.033518262 
824 537 12 15 0.03351789 
3 492 12 14 0.033510525 
230 493 11 15 0.0334892 
251 659 17 22 0.033455346 
702 508 11 14 0.033446774 
361 484 10 12 0.03341398 
782 461 9 10 0.033397958 
266 505 19 23 0.033372633 
1 549 9 13 0.03329753 
740 646 15 20 0.033295408 
849 415 7 9 0.033291247 
992 569 24 29 0.033279806 
404 483 14 18 0.033264294 
40 399 7 9 0.03324504 
840 385 7 9 0.03320652 
255 399 7 9 0.03313078 
735 515 12 15 0.03311673 
371 482 12 15 0.033101197 
672 444 9 11 0.033042382 
271 437 9 10 0.033016805 
1007 389 9 10 0.032987323 
280 561 14 18 0.032951772 
241 336 5 8 0.03294915 
818 609 16 21 0.032944057 
791 576 13 19 0.03293469 
378 530 13 16 0.03293444 
914 359 9 12 0.03288608 
828 608 14 19 0.03287309 
410 382 7 9 0.032863114 
703 600 14 18 0.03282425 
970 392 7 9 0.03277569 
681 401 7 10 0.032763977 
128 500 11 15 0.032751214 
332 541 11 13 0.032721136 
968 440 7 11 0.032707356 
761 492 10 12 0.032694332 
745 462 10 13 0.032669906 
367 392 7 8 0.03263631 
125 483 10 12 0.03258988 
871 407 8 9 0.032572415 
865 600 16 19 0.032549843 
529 369 9 11 0.0325337 
345 375 7 9 0.032478567 
762 422 8 10 0.03247697 
96 461 11 12 0.03247373 
839 461 9 11 0.03246284 
981 537 13 15 0.03243042 
148 435 10 11 0.032422327 
377 507 14 17 0.032307267 
154 360 7 8 0.032238122 
118 392 8 9 0.032157317 
863 368 7 9 0.032154895 
272 628 20 26 0.032129463 
319 441 8 9 0.032121517 
791 406 8 10 0.03212005 
912 416 8 10 0.032088827 
1013 407 8 11 0.032079276 
521 377 7 10 0.03203993 
799 422 9 11 0.032036632 
785 406 8 9 0.031966146 
136 353 9 10 0.031963825 
985 616 27 34 0.031920366 
245 533 12 15 0.031918816 
499 632 16 19 0.03191625 
327 446 9 11 0.031909537 
434 359 8 10 0.03190618 
808 452 9 11 0.03187239 
975 454 9 11 0.03184877 
169 446 8 10 0.03184613 
923 564 15 17 0.03182957 
177 429 8 11 0.031803135 
839 611 12 16 0.03176605 
935 463 9 11 0.0317228 
1007 450 9 10 0.03171293 
284 635 20 27 0.03169008 
218 389 8 10 0.031666655 
965 565 18 26 0.031652573 
788 524 11 13 0.031640626 
42 391 7 9 0.03160513 
73 369 6 8 0.031586185 
930 393 7 8 0.031581838 
360 398 8 9 0.031522583 
98 391 7 9 0.031497315 
145 400 6 9 0.031484086 
463 378 7 8 0.03148366 
319 528 19 25 0.03147354 
969 368 7 9 0.031418595 
328 460 8 11 0.031412255 
31 360 8 9 0.031405788 
846 618 14 18 0.031397287 
824 433 9 10 0.031393014 
846 531 11 14 0.031374343 
862 374 7 9 0.031266447 
814 413 8 10 0.031249614 
902 521 10 14 0.031219356 
182 408 7 9 0.031151515 
247 501 11 13 0.0310911 
62 359 7 9 0.031081663 
355 503 19 23 0.031078719 
80 424 8 10 0.031066082 
923 572 15 17 0.031049352 
831 407 8 10 0.031027704 
170 381 8 10 0.030997721 
639 407 9 10 0.030959489 
207 361 7 9 0.030920539 
130 506 12 15 0.03091635 
784 392 7 8 0.030872174 
2 651 13 17 0.030858563 
806 369 8 10 0.030848993 
310 576 15 21 0.030845817 
825 406 8 10 0.030796321 
280 500 11 14 0.030781219 
324 525 11 14 0.030722944 
871 414 8 10 0.030708669 
343 534 10 12 0.030702965 
854 526 11 13 0.030666495 
143 407 8 9 0.030659137 
677 451 19 23 0.030624531 
793 460 9 11 0.030602055 
959 461 9 12 0.030589374 
152 392 7 9 0.030578699 
858 510 19 21 0.030561024 
338 539 21 27 0.030523524 
329 368 7 8 0.030440873 
125 470 11 13 0.030436425 
695 453 10 12 0.0304322 
166 499 13 15 0.03042385 
224 401 7 9 0.030418918 
80 429 8 10 0.030398168 
615 398 8 10 0.030340526 
368 438 8 10 0.030281117 
141 563 13 17 0.030271959 
709 597 13 17 0.030270386 
789 541 11 14 0.03023336 
1014 429 8 12 0.030229878 
651 465 18 24 0.030124625 
265 376 8 9 0.030097831 
956 502 12 15 0.030095449 
15 383 8 9 0.030094206 
55 375 7 8 0.03007661 
541 325 9 13 0.030056208 
222 523 13 15 0.030035114 
290 382 7 9 0.030019028 
788 510 12 14 0.030012766 
201 351 8 9 0.029988144 
0 629 13 19 0.02998702 
158 523 10 13 0.029973472 
967 423 8 9 0.029970655 
904 658 14 18 0.02996621 
690 591 15 20 0.029962007 
25 412 8 11 0.029960144 
815 462 10 13 0.029947773 
889 460 8 10 0.029943705 
823 509 12 14 0.029929232 
279 393 7 8 0.029905923 
865 624 18 26 0.029848708 
280 382 8 9 0.029813932 
841 396 8 10 0.029788932 
820 587 12 18 0.029783493 
882 407 8 10 0.029783214 
62 496 11 14 0.029735185 
391 477 21 25 0.02964375 
249 407 7 10 0.029634995 
980 582 17 23 0.029597543 
507 117 17 20 0.02959364 
854 561 14 20 0.029517384 
310 460 10 11 0.029510047 
359 535 21 25 0.029491294 
21 572 15 19 0.029481707 
330 472 8 10 0.029446956 
376 383 6 8 0.02941274 
343 422 8 9 0.029337749 
385 423 7 10 0.029277613 
208 413 7 10 0.029270783 
861 540 11 14 0.029243223 
270 385 9 10 0.029217692 
565 406 8 11 0.029177723 
149 376 8 9 0.029142909 
91 560 13 16 0.02912235 
749 477 9 13 0.02909979 
801 394 8 10 0.029069846 
760 390 9 10 0.029041002 
698 561 16 19 0.029035576 
815 423 8 9 0.029026296 
279 555 12 18 0.029023858 
188 534 12 16 0.028965214 
405 580 12 15 0.028951734 
414 381 7 9 0.02887905 
386 408 7 8 0.028873902 
966 488 12 16 0.02885204 
61 550 14 18 0.028849272 
920 476 10 13 0.02884219 
185 359 8 10 0.028841041 
253 481 20 22 0.02881436 
142 523 13 15 0.028814316 
71 429 8 10 0.02878538 
740 529 20 23 0.028751759 
119 446 9 11 0.028747752 
311 415 8 10 0.028712044 
254 556 13 18 0.028664224 
969 464 19 22 0.028661948 
832 374 6 8 0.028648756 
360 535 12 15 0.028646866 
360 461 9 11 0.0286322 
157 509 12 16 0.028603017 
779 557 12 15 0.028602336 
9 398 8 10 0.028596798 
664 406 7 9 0.028549733 
464 500 10 14 0.028469665 
750 555 14 19 0.028449683 
170 370 6 8 0.02839025 
181 501 11 14 0.028380625 
764 530 12 16 0.028377363 
623 390 9 11 0.028328389 
810 408 8 9 0.028310575 
239 361 7 9 0.028308408 
984 474 9 13 0.02825933 
331 584 15 19 0.028226553 
6 432 8 10 0.02821611 
976 397 7 9 0.028176062 
240 342 6 8 0.028175382 
975 367 7 8 0.028149178 
208 508 12 16 0.028118731 
856 461 10 13 0.028078392 
312 408 7 8 0.02807129 
35 644 14 17 0.028067017 
844 611 15 17 0.02805983 
858 431 9 11 0.028031236 
815 519 10 13 0.028015284 
137 460 9 11 0.02800573 
234 453 9 11 0.02795238 
152 418 7 10 0.02794107 
440 376 7 9 0.027940603 
719 531 14 16 0.027882164 
434 439 9 13 0.027813746 
680 439 10 11 0.027801594 
111 397 8 10 0.027790971 
846 517 10 12 0.02774918 
487 444 9 11 0.027744563 
87 529 14 17 0.02770339 
400 451 9 12 0.027679514 
999 601 17 20 0.027616678 
130 408 7 9 0.02757057 
853 597 23 27 0.027562745 
855 581 11 16 0.0275479 
659 475 12 14 0.02753175 
981 437 10 12 0.027529407 
717 514 12 15 0.02752615 
82 41 16 20 0.02752588 
381 462 9 12 0.027522508 
689 416 7 9 0.027517246 
377 432 9 10 0.027485805 
805 592 15 19 0.027484575 
1 455 8 11 0.027463928 
230 545 14 17 0.027453538 
685 524 12 15 0.027446521 
736 383 6 9 0.027429845 
25 385 6 8 0.027411466 
377 399 7 9 0.027411312 
766 454 9 11 0.027373647 
111 446 9 11 0.027371101 
109 455 9 11 0.02734736 
194 376 7 9 0.02726185 
133 561 14 18 0.027242692 
312 517 12 16 0.027240947 
927 645 23 28 0.027199168 
675 460 20 23 0.027152142 
915 399 7 9 0.027142974 
260 659 14 20 0.027136005 
370 384 6 8 0.027124966 
735 556 13 17 0.027113834 
42 407 8 11 0.027058613 
365 454 9 10 0.027017679 
903 384 8 9 0.026960295 
369 374 7 9 0.026933676 
318 360 8 9 0.02692518 
662 530 12 16 0.026916325 
680 414 8 10 0.026874892 
277 212 12 15 0.026868261 
454 432 11 15 0.026820052 
353 407 8 9 0.026815409 
943 458 18 22 0.026804622 
327 415 8 9 0.0267943 
796 539 12 15 0.02678567 
65 368 7 9 0.026727673 
426 447 18 23 0.02669427 
58 436 9 11 0.026673732 
158 459 10 12 0.026673628 
448 417 8 10 0.026662542 
120 585 15 21 0.026626755 
383 452 9 10 0.026624832 
776 405 7 8 0.026554365 
704 430 8 10 0.026552662 
647 417 8 10 0.026526915 
248 400 8 9 0.026523432 
445 434 11 14 0.026475968 
851 619 18 21 0.026463822 
319 579 20 27 0.026463602 
314 383 7 9 0.026443325 
296 392 7 8 0.02643584 
0 516 9 16 0.026389912 
856 382 7 9 0.026376775 
233 375 7 9 0.026364975 
66 397 8 10 0.02634988 
166 403 9 11 0.026330233 
469 404 8 11 0.026301654 
999 469 9 11 0.026291275 
943 406 7 9 0.026208565 
761 465 19 22 0.0261851 
791 533 11 14 0.02617009 
223 472 10 12 0.026116759 
320 389 7 10 0.026105266 
265 400 7 9 0.026061816 
914 393 7 8 0.026053676 
159 366 7 9 0.026001424 
951 369 7 8 0.025987115 
96 469 10 12 0.025964387 
269 502 13 15 0.025959106 
288 351 7 9 0.025920514 
232 439 8 10 0.02588869 
234 367 8 9 0.025885744 
744 384 6 8 0.025883699 
674 407 8 10 0.025857288 
200 423 7 9 0.025847932 
343 384 7 8 0.025836792 
834 390 8 10 0.025818797 
24 334 7 10 0.025742328 
911 533 11 14 0.02573476 
312 393 7 9 0.025716925 
894 404 10 11 0.025709927 
212 590 12 17 0.025700968 
142 351 9 10 0.025582146 
184 506 20 24 0.025577178 
963 375 7 9 0.025559617 
221 562 14 16 0.025502155 
207 376 6 8 0.025473574 
129 376 8 8 0.02544413 
243 477 20 23 0.025442172 
664 479 21 25 0.025426384 
83 500 11 14 0.02541573 
747 590 12 17 0.025409305 
210 485 10 12 0.025408708 
642 422 19 26 0.025386969 
271 246 12 14 0.025378916 
360 495 9 11 0.025344983 
1011 578 12 18 0.0253407 
22 375 7 8 0.02532709 
791 399 9 10 0.02530994 
875 384 7 9 0.025306271 
268 534 13 16 0.02527642 
928 439 8 11 0.025264177 
763 415 7 9 0.025262093 
744 391 7 9 0.025244264 
925 542 15 19 0.025216727 
382 496 11 14 0.025195513 
23 477 12 15 0.02514205 
231 407 8 9 0.025123471 
872 467 11 12 0.025103565 
656 422 9 11 0.02508817 
65 384 7 9 0.025087293 
182 479 10 11 0.025070773 
158 423 8 10 0.025042268 
440 404 8 10 0.024988057 
869 423 9 12 0.024974689 
479 422 9 11 0.024956668 
102 469 10 12 0.024955299 
56 367 7 8 0.024927549 
425 408 8 9 0.024917694 
143 599 20 28 0.024896367 
806 421 9 10 0.024891848 
709 514 12 16 0.024890255 
1 482 12 15 0.024885183 
345 360 7 9 0.02478858 
689 399 7 9 0.02474529 
772 477 11 13 0.024712592 
933 502 11 14 0.02469797 
401 597 9 13 0.024662064 
178 513 19 23 0.024649324 
973 564 15 21 0.024645828 
881 375 6 9 0.024544219 
678 474 11 14 0.024518287 
19 506 13 15 0.024473904 
408 446 10 12 0.024454093 
106 532 14 19 0.024430703 
38 464 10 12 0.024400264 
731 530 20 24 0.02439207 
727 405 7 9 0.024358107 
87 336 7 9 0.024335807 
369 415 7 8 0.024257688 
187 439 8 9 0.024234654 
973 594 22 31 0.024195248 
336 359 8 9 0.024183078 
256 336 7 8 0.02405513 
87 445 10 12 0.024040839 
716 540 14 16 0.024032893 
761 594 16 21 0.02401081 
510 432 10 13 0.024007868 
337 400 6 8 0.023903657 
79 439 9 11 0.02385535 
521 334 9 11 0.02384876 
663 538 11 15 0.023835689 
785 477 9 12 0.023780284 
755 608 14 17 0.023710297 
698 496 18 24 0.02369153 
959 410 8 9 0.023669165 
231 383 7 9 0.023666596 
973 494 11 15 0.023618354 
330 375 7 8 0.023602568 
788 595 13 17 0.023588886 
810 548 13 17 0.02358253 
584 309 9 11 0.023574805 
526 335 8 11 0.023564154 
6 580 12 17 0.023537619 
300 557 12 16 0.023515753 
375 492 11 14 0.023502925 
592 405 8 11 0.023497349 
312 508 10 13 0.023494024 
324 475 20 23 0.023476567 
770 538 20 25 0.023467962 
390 492 14 18 0.02345713 
714 508 20 24 0.023411712 
693 391 8 9 0.023407701 
680 504 13 18 0.023390839 
192 361 8 9 0.023387749 
13 579 12 16 0.023367815 
783 471 9 11 0.02335909 
350 559 13 18 0.023351146 
106 397 7 9 0.02334871 
171 564 12 15 0.023318533 
617 451 11 15 0.02331766 
897 510 19 23 0.023315545 
501 562 11 16 0.023313938 
411 471 14 17 0.023298537 
67 345 7 9 0.023280911 
290 393 6 7 0.023247112 
65 376 6 8 0.023202391 
480 445 9 12 0.0231935 
714 560 16 21 0.02319215 
558 324 9 12 0.023171784 
889 480 9 12 0.023133026 
231 462 10 13 0.023125852 
901 469 10 11 0.023118677 
1002 473 19 25 0.02307925 
470 438 9 12 0.023071771 
68 550 13 16 0.023060344 
456 375 7 9 0.023054296 
440 382 7 9 0.023044573 
927 500 10 14 0.023033617 
692 540 14 16 0.023031872 
937 414 7 9 0.02301885 
582 402 9 13 0.023006516 
0 431 8 12 0.023000546 
56 486 11 13 0.022991966 
73 374 7 9 0.022987382 
707 502 19 23 0.022949344 
729 394 6 8 0.02294152 
882 522 19 23 0.022937423 
342 407 8 10 0.022931278 
246 494 11 13 0.022903765 
910 479 10 12 0.022892226 
197 462 9 11 0.022884646 
433 375 7 9 0.022875965 
320 365 7 9 0.022872766 
393 375 6 8 0.022872655 
425 367 7 9 0.022844821 
468 473 11 15 0.022828352 
736 76 10 12 0.022804337 
233 430 7 10 0.022765933 
751 430 8 10 0.022762258 
857 489 19 22 0.022756463 
41 428 9 11 0.022754563 
302 508 10 13 0.02274475 
978 424 7 9 0.022724746 
200 415 7 10 0.022721944 
1009 658 12 16 0.022705017 
786 369 8 9 0.022701226 
202 572 13 16 0.022646751 
239 515 13 15 0.022628952 
328 518 9 12 0.02261743 
970 508 10 12 0.022610389 
145 417 7 9 0.022548757 
918 392 9 9 0.022547422 
133 471 17 21 0.022546906 
788 617 17 22 0.022542424 
977 415 7 10 0.022539552 
393 106 30 35 0.0225299 
608 380 8 10 0.022489378 
861 467 11 14 0.022477088 
809 600 20 26 0.022465795 
449 369 8 10 0.022462882 
409 439 9 10 0.022444315 
208 462 9 11 0.022443848 
153 367 7 8 0.022433564 
750 508 12 16 0.022406816 
940 565 14 17 0.022404468 
775 417 9 10 0.022403544 
864 382 7 9 0.022370202 
200 399 8 10 0.022362461 
45 665 13 16 0.022317355 
249 391 7 9 0.022312097 
213 547 13 16 0.02229818 
894 599 15 20 0.02229555 
169 421 8 10 0.022258233 
694 547 15 18 0.022246426 
363 553 14 16 0.022223705 
407 414 7 9 0.022219688 
291 610 22 29 0.02221675 
389 606 10 13 0.022206903 
0 421 8 11 0.0221865 
98 360 7 8 0.022165157 
328 360 7 9 0.022139173 
439 525 11 14 0.022097282 
710 484 11 13 0.022085147 
195 515 12 15 0.022083227 
618 429 22 26 0.022079526 
874 498 18 22 0.022068989 
984 639 26 33 0.022067038 
894 550 20 26 0.022061097 
422 577 12 16 0.022060784 
664 393 7 9 0.022059478 
140 489 19 24 0.022046993 
991 489 12 15 0.022045175 
432 439 18 23 0.02204175 
801 641 22 26 0.022037618 
53 594 16 19 0.02200593 
310 550 10 14 0.021930996 
109 437 10 12 0.021924723 
321 400 6 9 0.021891128 
245 182 13 14 0.021881085 
295 404 8 10 0.021844894 
640 358 7 10 0.02181874 
220 536 20 23 0.021808418 
109 508 11 14 0.021802992 
871 549 13 17 0.02179415 
33 366 7 9 0.021767836 
132 320 11 13 0.021756124 
185 397 8 10 0.021744428 
456 417 9 10 0.021737427 
872 558 19 23 0.021728313 
815 397 8 10 0.021716831 
729 382 8 9 0.021713944 
94 543 13 17 0.021700982 
793 471 9 12 0.02169906 
376 407 6 9 0.021684047 
91 475 20 24 0.021660972 
816 369 7 8 0.021651354 
986 564 18 21 0.021650044 
436 515 12 15 0.021635871 
215 493 11 13 0.021578679 
583 71 423 493 0.021566628 
327 400 8 9 0.021470848 
846 626 15 19 0.021470116 
166 477 11 13 0.02143631 
30 415 9 10 0.021413468 
721 513 20 24 0.021383615 
872 369 6 8 0.021379277 
270 373 8 9 0.021356246 
845 511 10 11 0.021333365 
790 584 14 20 0.021316828 
1013 551 14 19 0.021315962 
468 399 8 11 0.021292856 
43 543 15 19 0.02128315 
432 385 8 9 0.02127833 
423 440 9 11 0.021240843 
879 515 11 13 0.021227866 
207 425 8 9 0.021227242 
445 526 11 15 0.021225324 
794 430 10 12 0.021219604 
204 608 15 20 0.021204377 
659 488 21 26 0.021192167 
350 517 10 13 0.021187913 
654 376 9 11 0.021181721 
963 579 21 28 0.021175953 
633 413 8 11 0.021166103 
39 486 20 25 0.021132516 
667 509 13 18 0.021129861 
732 540 20 24 0.021122565 
847 460 8 11 0.02109573 
49 369 7 8 0.021093447 
112 368 6 8 0.02108607 
273 471 20 23 0.021056166 
120 398 7 8 0.021031918 
642 398 8 10 0.021031573 
947 640 16 22 0.021019662 
159 542 13 15 0.021018764 
247 539 12 17 0.021009803 
727 548 11 15 0.021007607 
990 382 7 10 0.021006405 
648 490 12 15 0.020997988 
875 568 14 17 0.020975223 
688 507 20 23 0.02093951 
167 455 9 11 0.020928867 
283 619 13 19 0.020887828 
815 587 19 27 0.020882394 
9 358 7 10 0.020871684 
977 385 7 9 0.020857716 
76 465 18 22 0.020844739 
464 392 8 11 0.020834712 
543 310 9 11 0.020827549 
1012 588 11 17 0.02075031 
649 405 8 10 0.020720785 
167 393 7 9 0.020714883 
1011 482 11 15 0.020713907 
585 302 10 11 0.020694815 
58 353 7 9 0.020690262 
51 627 15 21 0.020688463 
842 640 21 29 0.020687837 
896 504 200 232 0.020686021 
303 617 20 28 0.020601558 
373 465 20 24 0.020576676 
337 383 7 9 0.020563014 
856 595 12 17 0.020544475 
769 502 18 22 0.020533677 
67 489 18 25 0.02048249 
780 597 13 16 0.020479705 
658 462 19 23 0.020454748 
152 496 20 26 0.020450607 
938 527 20 25 0.020438328 
222 370 9 9 0.020416917 
86 439 9 12 0.020411896 
879 526 12 15 0.020400027 
919 440 8 10 0.020399379 
237 574 13 17 0.020372398 
293 551 13 15 0.020359902 
115 561 15 18 0.020355418 
480 439 8 12 0.020347407 
457 470 10 13 0.020329768 
137 382 6 9 0.020314537 
945 494 10 12 0.020304106 
454 500 11 14 0.02030165 
287 422 9 10 0.020291205 
335 368 7 9 0.020269364 
592 383 8 10 0.020229848 
617 391 8 10 0.020229833 
327 528 22 26 0.02022155 
-37 495 232 246 0.020215629 
144 370 7 8 0.020190379 
860 548 12 16 0.020190371 
999 448 10 12 0.020187743 
895 428 20 23 0.020170137 
39 367 7 9 0.020154413 
848 384 7 10 0.020148566 
72 358 7 9 0.020133909 
72 385 7 8 0.02012078 
40 294 8 10 0.020119792 
836 494 11 13 0.020116264 
360 469 10 11 0.020096587 
30 487 13 15 0.020067042 
232 392 7 9 0.020039884 
79 391 6 9 0.020027231 
41 287 7 9 0.020015862 
280 417 8 10 0.02000118 
