21_Festival_Festival_21_562
50
611 116 51 64 0.99189633 
51 239 25 34 0.4784843 
404 274 25 32 0.24881746 
354 291 17 19 0.17940827 
487 532 232 260 0.09802597 
716 315 111 126 0.09388058 
762 334 92 140 0.06414293 
354 282 30 30 0.05608214 
164 92 32 35 0.0513716 
499 203 13 17 0.04661307 
795 382 18 23 0.043992333 
966 248 34 30 0.042158045 
227 363 13 15 0.03987631 
917 223 11 15 0.036958076 
399 300 15 19 0.036498047 
485 126 8 11 0.035201393 
669 171 15 17 0.03505141 
615 108 14 16 0.03356082 
101 332 59 58 0.033414017 
568 181 10 12 0.03215594 
726 313 66 71 0.03191242 
275 327 57 73 0.031650566 
611 278 446 510 0.02982804 
484 139 9 13 0.029754639 
786 380 32 41 0.029496383 
687 258 191 228 0.029296944 
948 361 54 78 0.028263774 
185 287 46 56 0.028190374 
915 346 100 118 0.02721435 
160 95 49 55 0.027121633 
472 250 46 60 0.026291195 
397 283 25 30 0.02591241 
784 340 35 40 0.025781313 
551 204 10 13 0.024347577 
173 159 38 38 0.024037175 
524 203 11 13 0.023727397 
272 329 26 35 0.023655562 
796 338 112 147 0.023611363 
130 144 34 44 0.022820229 
160 142 63 61 0.02273692 
769 330 41 43 0.02264532 
495 172 11 13 0.02238963 
773 382 13 17 0.022274947 
161 78 29 32 0.021792514 
392 276 14 17 0.021100271 
557 197 10 12 0.021038288 
390 298 15 18 0.020751737 
975 360 47 82 0.020742577 
502 181 11 13 0.02069626 
474 490 387 473 0.020310376 
