21_Festival_Festival_21_42
3142
140 1277 16 20 0.98497933 
626 1332 14 18 0.98141676 
771 1222 15 18 0.97609407 
764 1196 13 16 0.9717026 
754 1316 15 19 0.9556487 
639 1260 12 16 0.9450891 
899 1204 15 20 0.9435221 
702 1289 15 19 0.941601 
157 1082 12 16 0.93839043 
593 1161 15 18 0.9314502 
1 1185 15 21 0.9264144 
18 1163 12 18 0.919987 
37 1273 16 22 0.90604335 
696 1317 16 22 0.90313286 
773 1315 18 22 0.90120023 
537 1283 14 18 0.890419 
98 1164 13 19 0.88954824 
839 1055 9 11 0.88848615 
260 1027 12 16 0.88337743 
601 1267 13 16 0.8727444 
645 1148 12 15 0.85827935 
800 1286 16 19 0.84810394 
767 1276 15 18 0.8471304 
874 1324 17 21 0.8457493 
670 1288 15 19 0.8406938 
58 1266 14 18 0.82678986 
728 1178 12 14 0.8244911 
682 1269 14 17 0.82290184 
643 1174 11 14 0.81359303 
205 980 11 13 0.80651593 
293 1146 14 18 0.8053879 
873 901 10 13 0.803934 
17 1100 14 18 0.80090964 
63 1222 13 18 0.7976643 
701 1077 10 13 0.7919054 
661 1329 13 16 0.7907925 
179 1011 11 15 0.7904889 
146 1150 12 16 0.79035646 
104 1332 16 18 0.7844316 
917 1134 11 14 0.78409886 
165 1200 18 21 0.7815682 
700 1190 15 17 0.77770317 
76 1275 14 17 0.77317023 
107 1208 14 20 0.7646493 
78 1326 13 18 0.76270145 
159 1267 14 17 0.75466645 
741 1194 12 14 0.75137526 
207 1014 13 14 0.7513163 
253 1321 14 18 0.7337726 
726 1273 15 20 0.73285484 
557 974 11 14 0.73131174 
604 990 11 12 0.71268415 
170 1037 12 15 0.71225893 
248 1141 11 13 0.69916904 
219 1121 11 13 0.6877226 
149 1113 13 16 0.6779491 
123 1091 13 16 0.6730813 
110 1257 13 17 0.66866845 
173 1159 15 18 0.6526643 
687 998 10 14 0.63736033 
581 844 10 13 0.63547444 
793 1013 10 12 0.62909544 
900 1324 17 24 0.6221311 
255 916 11 14 0.6206173 
199 1084 10 14 0.6161255 
47 1212 13 15 0.61302954 
868 1173 10 13 0.6128601 
630 925 10 12 0.60405344 
668 1138 12 15 0.60328794 
256 862 11 12 0.59837574 
92 1068 11 14 0.59624577 
942 1157 11 13 0.5961416 
240 998 11 14 0.5955016 
254 983 10 12 0.5920821 
319 1166 10 13 0.5894542 
695 837 10 12 0.5829902 
70 1025 11 12 0.5824588 
126 1129 14 18 0.57378316 
887 1027 11 14 0.57026863 
671 1227 14 18 0.5647427 
364 993 10 13 0.55955535 
449 1006 10 12 0.55828416 
724 1339 15 18 0.55474746 
710 1216 11 14 0.5543189 
616 934 9 11 0.55072266 
600 942 11 12 0.5481918 
612 1022 10 13 0.54707795 
344 1135 8 12 0.5461156 
277 851 9 12 0.54447883 
654 1192 13 16 0.54277617 
710 1155 11 14 0.5421547 
723 1218 14 16 0.5405554 
271 941 10 12 0.5405362 
311 836 8 10 0.53737366 
92 1093 13 17 0.53686893 
100 1291 13 16 0.53223646 
663 1260 12 14 0.5319837 
711 881 9 11 0.5314654 
631 868 10 12 0.52953774 
620 975 9 12 0.5280027 
648 844 11 13 0.5240656 
606 884 11 14 0.51981646 
986 1164 13 18 0.51888007 
252 941 9 12 0.51877326 
828 947 10 13 0.518211 
192 958 9 12 0.5163781 
339 1220 13 16 0.5105953 
285 1221 14 16 0.5099745 
672 851 9 12 0.50839424 
624 782 9 12 0.5025724 
629 1024 9 13 0.5010953 
629 917 10 12 0.49802878 
583 880 9 11 0.49422547 
647 998 11 12 0.49086142 
541 861 9 13 0.48945862 
117 922 11 13 0.48499405 
630 895 9 12 0.4847539 
173 1218 14 17 0.4823362 
572 862 10 13 0.48109832 
836 1094 11 12 0.4808049 
253 846 8 11 0.48023033 
103 1016 8 10 0.4801848 
881 1000 8 11 0.47578973 
112 1054 11 14 0.47030845 
341 1038 12 14 0.45871142 
277 830 9 13 0.4586155 
573 1203 11 13 0.45788923 
611 1230 12 15 0.45503277 
61 964 10 12 0.45357728 
456 726 7 10 0.4526263 
769 938 10 14 0.45241448 
171 1209 16 20 0.44303307 
230 839 10 11 0.44234073 
657 1311 15 20 0.44005015 
304 1214 11 15 0.43435147 
585 1000 10 12 0.4328187 
647 1045 10 13 0.43225905 
224 909 10 12 0.4318103 
824 944 10 12 0.43122834 
801 873 7 9 0.42949834 
568 965 9 12 0.42819598 
39 1071 10 13 0.42667687 
637 1086 14 16 0.42636576 
656 1302 11 14 0.4247626 
201 792 9 11 0.42250657 
207 1006 11 12 0.4200195 
592 753 8 10 0.41931632 
664 1136 10 13 0.4192096 
93 1289 15 18 0.41868633 
605 996 10 12 0.41786408 
253 813 10 12 0.41677102 
100 895 11 14 0.41619655 
88 1044 13 16 0.41516298 
733 878 9 11 0.41404602 
495 1207 9 13 0.41359583 
922 988 9 12 0.41192517 
812 1012 9 12 0.41159886 
228 1054 10 12 0.41027904 
445 1181 15 18 0.40684757 
639 939 10 11 0.40665352 
217 912 8 10 0.40562537 
860 1221 10 14 0.39981505 
200 1048 10 12 0.39976656 
664 942 9 11 0.3997548 
226 821 9 11 0.3972632 
508 805 9 12 0.39320174 
81 1222 12 16 0.3917062 
688 877 9 11 0.39068457 
168 1108 12 15 0.38470015 
685 1205 11 14 0.38277763 
648 775 8 10 0.3823082 
286 814 9 10 0.3777466 
629 1229 13 17 0.37675092 
535 1021 11 15 0.37674806 
48 1236 13 15 0.37531734 
38 1098 12 15 0.37459323 
141 1172 13 16 0.37400955 
98 992 10 12 0.37393773 
688 1051 11 13 0.3639674 
262 800 9 11 0.36372396 
599 932 10 12 0.35566837 
701 1008 9 12 0.35526305 
723 1164 11 13 0.35117936 
727 862 8 11 0.3500273 
0 1315 13 21 0.34686825 
687 1101 10 13 0.34669486 
112 918 11 13 0.3443628 
639 839 8 11 0.34365028 
119 1046 11 14 0.34060434 
824 1063 7 10 0.33798274 
181 994 10 13 0.33730578 
441 963 11 15 0.33650234 
317 784 8 10 0.3355378 
789 958 8 11 0.33476764 
207 1053 10 13 0.3343413 
199 1006 10 11 0.3339053 
655 1055 9 12 0.33261365 
689 791 9 11 0.33220103 
254 1008 10 12 0.33161646 
825 1003 10 12 0.33057156 
648 741 8 11 0.32663164 
625 913 10 11 0.32624906 
653 991 10 12 0.3251794 
846 974 9 11 0.32173404 
604 869 11 14 0.32107902 
143 864 10 12 0.32017347 
972 1047 11 13 0.3188289 
571 1021 11 13 0.31882346 
22 1045 12 15 0.31578967 
200 913 9 10 0.31453627 
592 1207 12 15 0.31395194 
327 824 8 9 0.3137235 
394 1142 9 12 0.31157196 
583 915 10 12 0.3114058 
477 1013 9 12 0.31109557 
468 1254 13 18 0.31092787 
598 726 8 11 0.3092611 
254 805 9 11 0.30897647 
327 828 7 10 0.30879778 
176 981 11 12 0.30838346 
721 1124 10 12 0.3051264 
185 966 8 11 0.302299 
260 924 10 12 0.30023912 
590 1077 9 12 0.2998844 
200 956 10 12 0.29985094 
231 957 11 12 0.29920158 
168 1029 11 13 0.29900438 
661 791 8 10 0.2977692 
261 959 9 11 0.29586285 
288 893 9 12 0.2929203 
310 926 9 12 0.29138574 
646 886 9 10 0.29130915 
158 1241 13 16 0.29020193 
200 1124 12 15 0.2896234 
470 718 9 11 0.28919074 
619 1310 10 13 0.28837255 
380 1221 12 15 0.28793705 
601 734 9 11 0.28231338 
273 783 8 10 0.28185576 
613 910 9 12 0.2799109 
192 1062 12 14 0.2793698 
129 1071 10 13 0.27920365 
344 700 8 10 0.278783 
205 959 7 10 0.27791822 
114 1007 9 12 0.27680415 
632 983 10 12 0.27616024 
231 1024 10 12 0.27444044 
736 1101 10 14 0.27187246 
745 1087 9 11 0.27056584 
279 1182 11 14 0.26934835 
664 815 10 13 0.26822004 
670 815 10 12 0.2669326 
775 902 9 11 0.26630032 
228 828 10 12 0.2652088 
559 965 11 13 0.26354447 
624 1194 12 14 0.2610658 
280 1219 13 15 0.2600681 
230 804 8 11 0.2586812 
704 1102 9 12 0.25822902 
288 823 8 10 0.25776818 
302 849 9 10 0.25738493 
597 1306 14 19 0.2553122 
616 813 9 11 0.25465685 
64 847 9 10 0.25391158 
705 896 8 9 0.25220764 
125 879 8 12 0.252065 
599 902 9 12 0.25065136 
620 1163 12 15 0.25030434 
279 878 9 12 0.24904436 
398 718 8 10 0.24875559 
393 670 8 9 0.24785738 
575 983 9 11 0.24657321 
642 1117 13 16 0.24453972 
108 1113 14 15 0.24362484 
597 1246 11 14 0.24339503 
191 911 8 10 0.24279614 
630 782 9 11 0.24258897 
119 1013 8 10 0.24127282 
397 678 8 9 0.23920847 
381 1296 14 17 0.23858291 
281 812 8 10 0.23759732 
393 695 10 12 0.23717865 
232 951 9 11 0.23711248 
52 1060 9 12 0.23585914 
127 997 8 11 0.23506153 
176 821 8 10 0.2346515 
655 1059 11 13 0.2344613 
120 885 10 12 0.23331545 
70 1058 12 14 0.2329711 
40 1332 17 19 0.23277593 
635 1234 12 15 0.2325993 
296 815 8 10 0.23181914 
694 879 8 11 0.23124664 
480 663 8 10 0.23071818 
641 885 8 11 0.23053132 
684 1072 11 13 0.22961655 
7 1052 10 14 0.22920153 
331 1179 12 14 0.22918248 
627 1243 11 14 0.22903618 
111 1230 13 16 0.22879007 
678 933 9 11 0.22734986 
70 958 9 11 0.22679828 
533 700 8 11 0.22599821 
639 765 8 10 0.2247571 
288 869 10 13 0.22425482 
296 846 10 13 0.22380953 
264 823 8 10 0.22360365 
329 816 7 9 0.22315271 
686 871 9 11 0.2193124 
568 998 10 12 0.21863312 
224 933 9 11 0.21855079 
190 964 10 12 0.21783903 
605 891 11 13 0.2172785 
0 1264 12 20 0.21701327 
608 902 10 12 0.21289459 
720 863 9 11 0.21228969 
484 1247 14 17 0.21218011 
223 1044 10 13 0.21216047 
694 1103 10 13 0.21196595 
407 1008 10 11 0.21082409 
302 806 8 10 0.21044306 
535 680 8 11 0.21009313 
181 1019 11 13 0.20886557 
164 1178 13 16 0.20874861 
439 1199 11 14 0.20789005 
641 742 8 10 0.20785908 
645 933 9 12 0.20777781 
432 703 8 10 0.20775852 
655 926 8 10 0.20706464 
751 918 9 11 0.20654508 
567 1063 10 13 0.20614173 
476 701 9 11 0.20531546 
628 695 8 11 0.20525858 
127 950 10 12 0.20434776 
606 863 9 11 0.20368047 
645 808 9 11 0.20359708 
312 798 7 10 0.20269081 
718 1213 14 17 0.20248196 
664 838 8 10 0.20242964 
679 853 9 12 0.20227084 
710 896 8 10 0.20189755 
396 1146 10 13 0.20097898 
528 938 11 15 0.19874942 
269 886 9 11 0.1970682 
230 981 11 14 0.1970018 
177 1241 17 23 0.1964203 
258 760 7 9 0.19616129 
630 1003 11 14 0.19574267 
436 1230 11 15 0.19570692 
31 1225 11 15 0.19527593 
224 958 10 11 0.1944651 
271 949 9 12 0.19352853 
113 981 9 12 0.19335784 
232 885 8 10 0.19281055 
693 798 8 10 0.19261388 
89 1064 11 14 0.19152175 
290 916 8 11 0.19132894 
245 1002 11 13 0.1906668 
747 950 8 10 0.18974924 
796 1336 23 27 0.1895771 
97 876 9 12 0.18952549 
269 893 9 10 0.18891937 
713 857 9 11 0.18724297 
557 957 11 13 0.18568796 
119 1190 12 14 0.1856176 
402 1013 8 12 0.18550074 
117 1157 14 18 0.18479808 
790 950 8 11 0.18376379 
14 1051 11 14 0.18330918 
777 1225 14 18 0.18269043 
262 829 9 12 0.1817005 
228 909 9 10 0.17995942 
294 839 8 11 0.17969993 
215 846 10 12 0.17941749 
222 1229 12 16 0.17934787 
263 909 10 12 0.17832421 
624 1158 12 15 0.17827098 
630 789 9 10 0.17782123 
303 815 7 10 0.17765062 
75 1053 11 14 0.17754592 
273 847 11 13 0.17726213 
206 925 9 11 0.17709385 
690 838 9 11 0.17702797 
505 799 8 11 0.17694238 
641 807 8 10 0.17690748 
616 725 8 11 0.17682852 
518 1148 12 16 0.17679438 
561 678 7 9 0.17657189 
605 876 12 15 0.17642838 
189 1035 12 14 0.17616975 
199 855 7 9 0.17489676 
232 880 8 10 0.17463973 
639 719 7 10 0.17378953 
321 1006 9 11 0.17302719 
205 789 10 12 0.17282504 
680 878 9 11 0.17174406 
823 864 10 13 0.1717039 
85 1207 11 13 0.17105141 
330 774 7 9 0.16980997 
569 678 8 10 0.16967729 
680 1204 11 14 0.16958342 
830 1086 9 12 0.16953154 
685 861 9 11 0.16903299 
616 744 10 11 0.16887234 
216 768 9 11 0.16873586 
679 805 7 10 0.16866663 
709 1100 10 13 0.16853042 
177 976 8 11 0.168429 
585 681 6 8 0.16805011 
585 1028 9 12 0.16771309 
654 919 8 10 0.16738293 
432 1140 10 13 0.16735281 
887 877 10 12 0.16542767 
540 882 14 19 0.16529167 
733 1157 10 13 0.16524543 
118 893 9 11 0.16451608 
83 1212 11 14 0.16371538 
163 1068 11 13 0.16352476 
136 1061 9 12 0.16323046 
663 760 7 10 0.16310714 
405 1189 10 13 0.16248597 
236 965 10 13 0.16185401 
225 1023 9 11 0.16175163 
200 894 11 13 0.16158408 
120 1086 13 16 0.16102119 
167 1044 11 13 0.16021141 
238 928 9 11 0.16006689 
332 917 10 12 0.16004308 
525 622 8 9 0.1599631 
87 1156 11 14 0.15984717 
71 1244 11 15 0.15845919 
647 782 8 9 0.15836918 
414 639 8 10 0.1583645 
671 884 9 11 0.15834865 
208 1060 11 13 0.15828854 
685 856 9 11 0.15705772 
254 852 9 11 0.15667987 
335 815 6 9 0.15614085 
87 1195 10 13 0.15602595 
607 1076 10 13 0.15595753 
103 950 9 11 0.15572253 
150 912 10 12 0.15527831 
78 1029 9 11 0.15514259 
744 909 9 11 0.15498203 
613 958 9 11 0.15495743 
585 702 8 10 0.1548826 
581 951 9 12 0.15413721 
204 896 12 13 0.15402608 
639 824 10 12 0.15377636 
701 1264 13 15 0.15337373 
327 843 10 12 0.15332611 
318 789 8 10 0.15279034 
287 876 10 12 0.15231745 
764 1313 17 24 0.15207116 
487 680 8 10 0.15196322 
208 1036 10 12 0.15178806 
182 972 8 11 0.15077607 
697 1012 10 12 0.14999469 
683 1198 12 16 0.14944564 
632 719 8 10 0.1488952 
844 854 10 12 0.14870718 
231 1340 11 15 0.14856635 
601 1131 10 12 0.14847744 
635 1068 13 14 0.14785329 
438 703 8 10 0.1477985 
185 853 9 11 0.14753753 
29 1100 12 16 0.14628235 
425 629 8 10 0.14615929 
606 1003 9 11 0.1459516 
197 1068 11 14 0.14533877 
133 1006 9 12 0.14485899 
101 1244 14 16 0.14447954 
313 902 8 11 0.14389858 
278 792 7 9 0.14355461 
102 931 10 13 0.14355017 
75 1316 14 17 0.14319494 
714 1086 8 11 0.14283998 
637 1109 12 14 0.14260972 
529 997 8 11 0.14259219 
318 894 8 10 0.14250498 
317 1159 10 13 0.1423138 
607 927 9 11 0.14223142 
224 1008 9 11 0.14174552 
180 1135 11 13 0.14169687 
712 1095 10 11 0.1414491 
293 790 8 10 0.14126785 
212 868 10 12 0.14017794 
665 883 8 11 0.14001244 
31 1075 11 13 0.13988125 
509 999 10 12 0.13987325 
565 907 11 15 0.1396084 
695 805 9 11 0.13945359 
107 1292 12 15 0.13862622 
449 719 8 10 0.13838227 
416 644 9 11 0.13778527 
601 664 9 10 0.13769406 
524 1067 13 16 0.13769196 
591 704 9 11 0.13763376 
689 823 9 10 0.13761503 
246 1043 11 13 0.13755494 
175 1063 9 12 0.13735804 
230 904 8 11 0.13716699 
250 784 8 10 0.13714574 
661 901 9 11 0.1370497 
741 904 9 11 0.13639034 
649 927 9 11 0.13636172 
529 679 8 10 0.13626075 
253 1188 9 13 0.13607503 
616 759 9 10 0.13583192 
515 1139 14 18 0.13558769 
648 749 8 11 0.13535492 
265 901 10 11 0.13506873 
701 871 8 10 0.1349778 
290 1259 12 17 0.1349393 
600 1037 10 14 0.13481098 
0 1061 7 12 0.13444571 
625 1214 10 12 0.13429485 
649 1051 10 13 0.13404515 
700 838 9 12 0.13395552 
751 1093 9 12 0.13385953 
117 975 8 11 0.13355269 
606 741 9 11 0.13328439 
625 787 9 11 0.13295439 
160 1044 9 11 0.13232704 
604 1123 11 14 0.131672 
729 1158 10 13 0.13129579 
576 743 7 9 0.1312547 
42 1093 12 16 0.13121867 
127 1226 10 14 0.13108416 
857 1226 11 15 0.13107857 
316 1311 15 20 0.13090833 
729 855 9 10 0.1305946 
369 704 7 10 0.13039917 
616 749 9 10 0.12991251 
360 671 8 9 0.12948655 
577 950 9 12 0.12791894 
649 918 9 11 0.12744659 
455 722 8 9 0.12742604 
653 742 8 10 0.12738197 
695 1006 10 13 0.12668824 
477 1124 11 13 0.12651944 
791 891 12 17 0.12649952 
536 908 8 12 0.12637623 
432 1134 9 12 0.12625971 
748 1261 11 15 0.1262292 
166 1024 11 12 0.12555383 
521 1259 10 13 0.12518108 
338 713 8 9 0.12510069 
239 895 7 9 0.12497243 
222 846 11 12 0.12494294 
203 1277 14 18 0.124800295 
132 1139 13 16 0.12476975 
224 817 9 10 0.12454807 
143 916 8 10 0.12422136 
646 768 8 10 0.124119565 
250 1345 16 19 0.123921536 
502 693 7 10 0.123739146 
528 806 7 10 0.12366466 
534 1042 12 13 0.123294674 
240 855 9 12 0.123253085 
542 1109 13 16 0.12319297 
440 1148 11 14 0.122991405 
283 754 6 8 0.122779265 
277 918 9 11 0.122758076 
702 1340 12 17 0.12274742 
256 800 8 10 0.12263485 
305 862 8 10 0.12227498 
280 798 9 10 0.12211481 
806 1047 7 10 0.12204386 
147 1104 14 15 0.12201131 
216 973 9 12 0.121962205 
733 872 8 10 0.12193762 
359 1027 10 13 0.12153872 
437 1142 11 14 0.121153384 
287 828 9 11 0.12064051 
165 1241 15 19 0.12036607 
77 1006 10 11 0.120145746 
605 789 9 11 0.11969861 
695 1245 12 16 0.11960049 
279 1142 11 13 0.11955145 
596 1074 12 15 0.119278006 
646 758 8 10 0.11862645 
17 1046 11 14 0.11848953 
681 870 9 11 0.11825104 
285 808 9 11 0.11822116 
480 1120 9 11 0.118051 
176 1126 11 13 0.11801895 
631 807 8 11 0.11722069 
629 700 8 11 0.117034875 
321 752 7 9 0.11702134 
592 1244 11 14 0.11697126 
599 705 7 9 0.11679363 
589 823 10 12 0.116640694 
375 725 8 10 0.11643881 
398 712 8 10 0.11615378 
640 761 8 10 0.115996994 
590 1054 9 14 0.115807176 
188 1149 12 15 0.11572434 
543 621 8 10 0.115598455 
723 1208 14 16 0.1153799 
127 1014 8 11 0.11515101 
1 1254 11 18 0.11481234 
665 807 8 10 0.114670664 
51 1138 11 15 0.11452897 
781 1030 8 11 0.11451599 
471 1164 12 15 0.11440453 
239 876 9 12 0.11411121 
278 776 8 10 0.11388417 
488 712 7 9 0.11375256 
465 525 7 10 0.113482244 
504 534 8 10 0.11332062 
38 1264 13 17 0.113264814 
15 1094 13 17 0.112774536 
445 1142 11 13 0.11260841 
710 1228 11 14 0.1118252 
633 776 8 10 0.11170476 
162 1054 9 12 0.11165209 
103 439 7 9 0.11159551 
587 787 12 15 0.11123906 
697 1073 10 13 0.11091678 
744 1166 10 12 0.110871956 
598 1067 11 15 0.11061823 
569 989 9 11 0.110528134 
936 1151 11 14 0.11011729 
693 1019 10 13 0.11011334 
281 989 10 12 0.10989904 
225 879 7 10 0.109760135 
623 759 8 10 0.10964446 
225 904 9 12 0.10963975 
93 1347 14 16 0.10954943 
519 673 8 10 0.109508924 
261 981 11 13 0.10917226 
287 864 10 11 0.10909423 
57 959 10 12 0.10855009 
641 843 10 12 0.10851394 
818 1320 16 21 0.1080585 
232 862 9 11 0.108034514 
712 1235 11 13 0.10799026 
348 695 8 9 0.10797073 
94 1159 14 17 0.1079327 
799 967 9 12 0.10792171 
729 869 8 10 0.10782594 
77 1252 12 14 0.10748555 
49 1053 10 13 0.107028194 
309 823 9 10 0.10702208 
604 949 9 11 0.10659676 
111 1046 13 15 0.10653362 
695 832 9 11 0.1062951 
241 871 9 11 0.105972305 
156 1322 13 17 0.10595781 
229 933 9 11 0.105734296 
326 1004 9 11 0.105721675 
325 1185 13 14 0.10571738 
728 848 8 9 0.10571577 
277 782 7 10 0.10534425 
697 870 8 11 0.1052975 
66 1022 10 12 0.10502237 
674 1140 11 14 0.10486324 
149 1014 10 13 0.104798526 
143 1094 10 14 0.10448195 
248 840 10 12 0.10445979 
551 504 7 8 0.10441136 
230 1058 10 12 0.10397584 
319 830 8 10 0.103909 
236 1021 10 13 0.10379894 
236 1029 10 12 0.10343919 
64 1338 12 16 0.10336577 
531 1146 13 16 0.103005126 
638 957 9 12 0.10293994 
606 1036 12 15 0.102929026 
725 822 9 12 0.10291338 
274 776 8 11 0.1029071 
632 875 10 13 0.102688126 
215 785 8 10 0.102677844 
814 1009 9 11 0.102622725 
134 1148 11 15 0.10255214 
271 823 8 11 0.102291726 
466 717 7 10 0.10182238 
615 1211 9 13 0.101720825 
588 863 9 11 0.101663105 
335 727 7 9 0.10161195 
401 1008 8 10 0.10140003 
716 1158 11 14 0.10135107 
399 1197 9 12 0.101329945 
272 880 9 11 0.10098376 
293 893 9 11 0.10089649 
183 848 9 11 0.10072688 
156 1185 14 19 0.10042885 
236 838 10 12 0.10020325 
688 1021 10 13 0.100082815 
229 987 11 14 0.10002691 
97 886 9 11 0.09996884 
250 789 8 11 0.09983418 
41 969 9 10 0.09973572 
232 783 9 11 0.0997255 
262 760 7 9 0.09967098 
70 1046 12 14 0.09959714 
724 917 11 14 0.099462435 
886 872 9 11 0.09918161 
445 1197 11 15 0.09910425 
488 685 7 9 0.099092305 
304 782 8 10 0.09858306 
280 861 9 11 0.09857564 
133 1094 11 15 0.09850705 
358 1206 12 17 0.098348096 
704 701 8 11 0.0981463 
429 502 9 11 0.09805747 
45 1069 9 13 0.09780147 
351 1020 11 15 0.097726844 
327 998 10 12 0.09769752 
600 668 10 13 0.09749413 
528 551 10 12 0.09748362 
192 952 10 12 0.097442724 
626 701 8 10 0.097439155 
638 879 9 11 0.097244166 
525 1147 11 15 0.09712567 
688 830 8 11 0.097047284 
654 775 8 11 0.09701605 
607 687 8 10 0.09664529 
727 1147 10 13 0.09656281 
446 1133 11 14 0.096206605 
649 828 9 11 0.09603391 
286 1142 14 17 0.09601076 
224 964 10 12 0.09568203 
841 1016 8 10 0.09568129 
704 1151 12 13 0.09559571 
86 979 9 12 0.09544901 
311 920 8 12 0.095170334 
233 973 11 12 0.09512034 
608 1025 12 17 0.09494747 
370 632 9 10 0.09480611 
632 931 10 12 0.09467065 
239 784 8 9 0.094649546 
424 734 8 11 0.09460885 
625 1007 11 13 0.09452854 
216 877 8 10 0.094467334 
365 1207 11 15 0.09444239 
632 759 8 10 0.094394326 
663 936 8 10 0.09393872 
648 992 12 14 0.09391989 
649 737 9 11 0.09383946 
558 1011 9 14 0.093792066 
585 710 8 9 0.09373558 
311 862 8 10 0.09285185 
734 854 7 10 0.092783146 
693 824 8 9 0.09265866 
294 1215 11 15 0.09238718 
270 982 10 12 0.092310004 
224 928 8 10 0.09229074 
622 978 11 13 0.09207993 
207 1000 10 12 0.0919414 
728 893 8 10 0.09182715 
393 666 7 9 0.09182559 
522 495 8 10 0.09178329 
197 939 9 11 0.091673635 
655 839 9 11 0.09158863 
313 790 8 10 0.09150816 
365 1028 10 12 0.09126144 
256 895 8 12 0.09110879 
427 1305 15 20 0.091034286 
670 742 7 10 0.09100222 
77 1311 11 14 0.090630546 
224 753 8 9 0.09049949 
614 916 9 11 0.0904805 
94 1199 10 13 0.09036447 
452 1008 10 15 0.09033388 
465 685 8 11 0.090304144 
559 760 8 10 0.09020438 
232 757 8 10 0.08995038 
882 1202 12 15 0.08987047 
69 1268 15 20 0.08944856 
588 884 10 12 0.089209326 
846 959 8 11 0.08920359 
250 806 9 12 0.08919978 
337 701 7 10 0.08894689 
488 718 8 10 0.08870867 
891 1023 10 12 0.08853911 
492 1199 11 14 0.08840977 
864 878 8 10 0.08835503 
122 1161 13 17 0.08835022 
495 527 7 10 0.08829426 
640 774 7 10 0.0881135 
575 677 8 10 0.08796429 
407 1179 9 13 0.08768296 
496 701 8 10 0.087515 
606 839 9 12 0.08751168 
431 708 8 10 0.08732184 
79 1013 9 10 0.0871554 
711 899 9 11 0.08686961 
726 828 8 10 0.08684975 
654 1067 12 14 0.08675249 
98 438 8 10 0.086702235 
252 947 11 13 0.08668077 
334 773 8 10 0.08659853 
726 1141 10 13 0.08655165 
620 934 9 12 0.08647636 
200 973 9 12 0.08643876 
567 983 10 12 0.08620971 
373 704 8 11 0.08620486 
481 669 8 10 0.08597728 
550 694 8 10 0.0859027 
350 743 8 10 0.085863985 
472 723 8 11 0.0856841 
253 1146 11 13 0.085416295 
457 731 8 11 0.085407004 
170 939 10 13 0.08523513 
369 637 9 11 0.0851543 
167 1161 16 19 0.08514465 
506 622 7 9 0.08497498 
-1 1325 12 19 0.08484316 
496 559 9 11 0.08469396 
375 708 7 10 0.08466385 
465 679 7 11 0.08460699 
50 1242 14 17 0.084436394 
274 1188 10 12 0.08441596 
672 807 8 10 0.08436489 
345 1086 10 12 0.08421645 
473 1126 9 11 0.0841802 
401 1251 13 16 0.08412644 
53 1218 13 16 0.084021375 
768 956 8 10 0.083999604 
397 1203 10 13 0.08395579 
155 1109 11 15 0.08363464 
654 736 7 10 0.08342452 
21 1337 15 18 0.08340091 
829 1079 9 11 0.083353624 
622 743 9 11 0.08332901 
607 932 11 12 0.08332604 
584 718 8 10 0.08330281 
722 847 7 9 0.083098955 
241 816 10 12 0.082858525 
721 1181 10 12 0.08282839 
637 926 10 12 0.08282043 
791 944 8 10 0.082789555 
524 1124 11 14 0.08263998 
829 1069 9 11 0.08249947 
417 1129 7 10 0.082371436 
663 862 9 10 0.082198896 
116 1203 13 18 0.082190275 
171 1167 14 18 0.08206714 
114 1114 13 16 0.0819597 
183 814 8 10 0.081916004 
464 712 8 10 0.08163493 
446 759 9 11 0.081547596 
113 998 9 10 0.08149532 
256 1021 13 15 0.08135158 
201 1179 15 19 0.08133666 
224 988 10 13 0.08122185 
637 988 9 12 0.08113968 
197 1129 12 15 0.080938146 
534 664 9 11 0.08081274 
288 1070 9 12 0.0807493 
651 1156 12 14 0.08043677 
590 880 9 11 0.08039142 
478 656 9 10 0.08037977 
102 966 9 11 0.080238566 
236 959 10 12 0.080209546 
669 840 9 10 0.08013325 
440 759 10 12 0.08012891 
80 444 9 11 0.079921424 
44 1324 14 17 0.07990378 
362 775 6 9 0.07984999 
796 1008 10 13 0.079805925 
287 1026 11 14 0.07973016 
642 1089 13 17 0.079632826 
611 1069 12 14 0.07959516 
222 1012 9 11 0.07959446 
192 1132 11 15 0.07944698 
688 815 8 10 0.07935004 
576 956 9 11 0.07915473 
360 678 8 9 0.07910612 
727 815 8 10 0.07909793 
559 1005 10 14 0.0790817 
659 1055 10 13 0.07903949 
99 1015 8 11 0.079010256 
719 855 8 11 0.078895174 
511 1235 12 18 0.0788339 
67 1232 13 17 0.078825936 
872 1266 14 18 0.078824066 
705 878 8 11 0.078727596 
181 1228 12 14 0.078717336 
575 695 8 10 0.0786524 
603 740 8 10 0.0785865 
500 1206 11 14 0.07839833 
614 719 9 12 0.0781366 
262 1005 10 11 0.07794414 
178 988 11 13 0.077901304 
591 1238 10 13 0.07789112 
497 534 7 9 0.07779035 
733 883 11 13 0.077689685 
622 776 10 11 0.07768289 
85 894 9 10 0.07753133 
624 807 9 11 0.077345 
705 1214 12 15 0.07714584 
184 1240 17 21 0.07710438 
88 1285 12 15 0.07685466 
102 941 11 14 0.07673997 
635 1077 14 16 0.07672045 
443 966 14 20 0.07664321 
292 912 10 13 0.07661996 
369 725 7 10 0.07649417 
424 696 8 11 0.07648686 
687 902 9 11 0.07646381 
572 1210 12 15 0.076415755 
615 967 9 11 0.07638743 
185 877 10 12 0.0763154 
749 911 8 11 0.07629845 
109 900 9 12 0.07627549 
228 1044 12 14 0.0762383 
295 783 8 10 0.07617355 
767 950 9 11 0.076084204 
584 685 7 9 0.07596821 
833 1100 10 12 0.0758446 
631 750 7 9 0.075791955 
319 1186 11 13 0.07576765 
126 1118 13 15 0.07560642 
48 440 8 10 0.07558659 
256 765 8 10 0.07538971 
137 928 8 10 0.07536715 
638 800 8 9 0.07520581 
66 1290 15 18 0.07516397 
675 1177 14 17 0.07495607 
917 1046 8 11 0.07493635 
481 678 8 11 0.07478436 
666 1253 15 17 0.07477615 
559 646 8 9 0.074625455 
314 1250 14 18 0.07456825 
614 694 7 10 0.07439527 
435 1300 12 15 0.07430015 
77 1059 11 13 0.07415679 
181 1116 13 15 0.07415279 
366 776 7 9 0.074115664 
667 1145 13 16 0.07403375 
589 1029 9 12 0.07401533 
185 901 8 11 0.07400227 
595 756 9 11 0.0739257 
605 1069 13 16 0.07386299 
152 974 8 11 0.07373136 
546 694 7 11 0.073660776 
342 831 7 9 0.07319392 
320 713 7 9 0.07316798 
166 1062 11 13 0.073084004 
576 1253 13 16 0.073022954 
620 1117 11 14 0.07294017 
557 952 9 11 0.072938465 
685 684 10 12 0.07284589 
734 1150 10 13 0.07276867 
191 854 8 10 0.07275986 
431 632 8 10 0.07260934 
662 782 8 10 0.07247425 
592 951 8 10 0.07237587 
142 1164 15 18 0.072325036 
657 1133 10 12 0.07230454 
528 801 7 9 0.07227562 
244 1203 14 19 0.072215766 
710 700 8 10 0.07200743 
623 725 8 10 0.07200281 
221 851 10 12 0.07188357 
695 903 8 10 0.071763836 
749 943 10 14 0.07174848 
591 678 7 10 0.0717246 
280 870 10 13 0.07169992 
327 1173 11 14 0.07156642 
396 699 9 11 0.07146573 
473 655 8 11 0.07146197 
238 1014 10 13 0.071333274 
595 1349 13 15 0.071295775 
465 600 7 10 0.071276195 
151 1044 11 12 0.07123354 
881 871 10 11 0.07121298 
663 1075 10 12 0.0710868 
45 970 9 12 0.071074076 
148 1120 13 15 0.071012415 
306 838 9 10 0.07095709 
147 862 9 12 0.07094879 
316 1234 14 17 0.07093534 
230 869 9 11 0.070856236 
656 782 8 9 0.07083588 
837 1088 10 12 0.07077179 
616 1261 10 14 0.07067219 
92 1051 10 13 0.07066847 
92 1039 11 14 0.07045674 
314 737 7 8 0.07028219 
496 725 9 11 0.07025275 
642 812 10 11 0.070212275 
607 726 9 11 0.070149235 
671 918 9 11 0.07008553 
24 1077 9 12 0.070078924 
143 972 10 12 0.06996031 
225 757 8 9 0.06986096 
813 1317 16 19 0.06980994 
125 1340 12 15 0.069804125 
158 980 9 11 0.06976458 
98 1098 12 15 0.06961778 
514 606 7 10 0.069589145 
566 895 11 15 0.06952912 
856 1053 10 13 0.06944562 
560 661 8 9 0.06938198 
656 821 9 12 0.069226526 
746 1189 12 16 0.06917689 
646 823 9 11 0.068984136 
576 672 7 10 0.06885919 
224 916 9 11 0.06868909 
625 718 8 11 0.0686726 
197 965 9 11 0.06861254 
634 941 10 12 0.068527505 
676 1241 13 18 0.068435356 
104 1110 12 15 0.068146445 
367 672 7 9 0.06803652 
589 910 9 12 0.06800886 
254 789 9 11 0.06781415 
138 918 8 10 0.06775764 
511 487 7 9 0.06765652 
127 956 10 12 0.06742312 
599 874 10 13 0.06729307 
562 640 7 9 0.06720602 
192 846 8 11 0.067177646 
237 886 9 11 0.06716161 
355 1014 10 12 0.06714685 
247 851 10 12 0.06713507 
193 823 10 12 0.067120075 
753 923 8 11 0.06708148 
397 672 8 10 0.06706259 
367 721 7 9 0.06704515 
298 751 6 8 0.06697624 
781 1233 13 16 0.06693617 
282 895 8 10 0.06693151 
283 1185 12 15 0.066893004 
497 687 8 9 0.066880174 
663 1244 12 13 0.066754945 
233 927 8 11 0.066636495 
143 998 8 10 0.06654165 
633 798 8 10 0.06650218 
577 916 10 13 0.066466615 
585 735 6 9 0.06644039 
586 751 9 10 0.06642374 
577 878 10 12 0.06638113 
259 867 10 12 0.066372536 
321 845 9 11 0.06617733 
569 1197 12 15 0.066160105 
662 869 9 11 0.0661462 
183 885 10 12 0.066136956 
620 1125 11 14 0.06613447 
472 696 8 10 0.066025436 
613 1243 11 14 0.06601174 
329 729 8 9 0.06600078 
569 719 7 10 0.065859206 
628 1251 12 15 0.06575852 
329 702 7 9 0.06573766 
666 1238 11 14 0.0657027 
176 1084 11 14 0.06569408 
681 830 8 10 0.06564603 
254 839 9 12 0.065617085 
784 999 7 10 0.06554969 
520 525 8 10 0.06540525 
451 726 8 10 0.06540218 
377 720 8 11 0.06523318 
198 827 10 13 0.06512622 
436 985 16 19 0.0650714 
229 942 10 12 0.06488433 
426 700 8 11 0.06487911 
735 1028 9 12 0.06487076 
172 1113 13 16 0.06479113 
517 1244 11 17 0.06474355 
597 752 9 10 0.06472113 
638 893 9 11 0.06456018 
240 789 8 9 0.06439406 
664 1158 10 14 0.06435592 
585 824 10 11 0.0642061 
640 997 9 12 0.06395125 
540 1025 11 14 0.06382181 
840 1038 8 11 0.06375386 
235 1337 14 19 0.06362858 
76 997 11 12 0.06359298 
182 1062 9 13 0.063580215 
648 789 8 10 0.063547194 
36 1344 16 19 0.06348269 
32 830 9 12 0.06346298 
602 894 10 12 0.06341026 
335 854 8 11 0.06339313 
273 919 9 12 0.06330432 
519 1251 11 14 0.06328439 
657 759 8 10 0.063200645 
591 956 9 11 0.06314271 
86 1086 12 14 0.06312587 
694 884 9 10 0.06307174 
494 1166 11 14 0.06305045 
192 940 10 13 0.0630489 
326 751 7 10 0.06287283 
320 796 7 10 0.06279806 
437 1132 11 15 0.06277438 
808 1008 9 13 0.06275507 
662 797 9 10 0.06257838 
759 1124 10 13 0.062544465 
289 888 9 11 0.06251464 
442 720 7 10 0.062499244 
460 1326 16 20 0.06248529 
336 809 7 9 0.062437948 
610 711 7 8 0.06238901 
162 1186 16 19 0.0622822 
552 688 8 10 0.062266245 
638 965 9 12 0.062221736 
281 996 9 12 0.062218346 
746 944 8 11 0.06220468 
613 702 9 10 0.062123083 
0 1099 9 12 0.062114652 
401 1173 10 14 0.062099062 
177 839 8 10 0.06202152 
278 925 9 11 0.06200471 
404 789 9 12 0.061985046 
214 999 10 13 0.061934788 
679 886 8 10 0.061839446 
623 748 9 11 0.061721813 
677 823 8 11 0.061692204 
632 949 11 13 0.06157019 
21 1058 11 14 0.06149255 
307 1311 17 23 0.06134376 
573 999 10 13 0.0613246 
529 991 9 12 0.061321184 
551 712 8 10 0.06129061 
513 567 9 12 0.061246846 
631 743 8 11 0.061217885 
159 871 8 11 0.061192468 
437 1179 14 17 0.061154425 
118 1077 11 14 0.061141774 
142 990 8 11 0.061061844 
152 1242 13 16 0.06104747 
716 1148 12 14 0.061017156 
719 1206 12 16 0.060965322 
662 1164 11 15 0.060818925 
666 855 9 11 0.060784668 
425 728 8 10 0.060734574 
304 751 7 8 0.060648028 
542 616 8 11 0.060623877 
720 896 7 9 0.060508136 
216 926 8 11 0.06028987 
627 1163 13 15 0.060260776 
953 949 11 13 0.060241606 
485 663 8 11 0.06016531 
697 863 8 10 0.060004592 
592 721 8 8 0.059957374 
554 678 7 9 0.059938945 
186 439 7 9 0.059891198 
171 950 11 12 0.059843745 
119 942 9 11 0.05976432 
271 1004 9 11 0.059737325 
657 797 8 10 0.05965689 
346 743 8 10 0.059578683 
904 840 7 9 0.05950239 
202 1173 12 15 0.05949022 
129 1005 9 11 0.05946672 
366 695 8 10 0.05944917 
54 1133 11 15 0.059418656 
693 1118 11 14 0.059279557 
638 972 9 12 0.05924262 
614 1017 10 13 0.059172813 
375 671 7 9 0.059167396 
449 678 9 12 0.059052937 
464 1126 9 11 0.059039637 
517 962 12 14 0.059024945 
609 703 8 10 0.058873363 
225 1028 9 11 0.058868222 
225 800 9 12 0.058856566 
111 941 9 12 0.05880012 
103 955 10 12 0.058756292 
609 693 8 10 0.058562867 
697 1082 11 14 0.058499027 
621 812 9 11 0.05829784 
206 911 9 11 0.058247596 
430 987 13 16 0.05813516 
644 1165 14 17 0.05802827 
263 999 11 11 0.058014747 
293 877 8 11 0.05799772 
110 1200 12 13 0.057975873 
221 973 10 12 0.05788184 
255 1069 11 14 0.057830714 
336 861 7 10 0.05768994 
481 491 9 11 0.057379957 
120 999 9 11 0.0573398 
530 662 8 11 0.057279896 
639 736 9 12 0.057276748 
746 916 9 12 0.057262357 
351 782 7 9 0.057250246 
206 1066 10 13 0.0571666 
601 687 8 11 0.057160873 
560 656 7 9 0.057153646 
478 1242 13 18 0.05713276 
162 1076 12 16 0.057101786 
716 1092 9 12 0.057074413 
334 1139 12 14 0.057019737 
272 1015 9 11 0.05701556 
599 986 11 13 0.057000678 
114 1060 12 15 0.05691595 
338 717 7 9 0.05687764 
845 1015 8 11 0.056854524 
144 1013 10 13 0.05685005 
284 1230 14 19 0.056832343 
677 848 9 12 0.05668082 
530 697 8 10 0.056563094 
502 689 8 9 0.056562662 
221 767 9 10 0.05654222 
824 1067 9 11 0.05650761 
400 1246 12 15 0.056504752 
774 906 11 13 0.056493264 
835 1053 9 11 0.056455784 
614 853 9 11 0.05641046 
131 1075 12 14 0.056410246 
311 728 6 8 0.056306005 
238 993 11 13 0.056142908 
290 783 7 10 0.0561184 
25 1053 11 13 0.056055274 
695 813 9 11 0.056020267 
453 997 12 16 0.055999886 
180 1067 11 14 0.05596448 
368 853 8 10 0.055908024 
109 934 11 14 0.055902362 
639 1043 13 17 0.055855166 
616 773 9 11 0.055847686 
246 877 9 11 0.05578769 
205 920 9 11 0.05576353 
472 735 8 10 0.055722572 
715 880 9 12 0.055704802 
73 1004 9 11 0.05561536 
54 1038 9 12 0.055575773 
191 1012 10 12 0.055564214 
210 846 8 11 0.055541627 
725 1109 9 12 0.055372622 
117 1068 11 13 0.05531977 
533 995 9 13 0.05522337 
375 1225 11 13 0.055218525 
152 887 8 11 0.05519004 
291 1225 13 15 0.05515655 
392 1204 11 14 0.055154216 
564 970 12 13 0.055123314 
273 924 9 12 0.055080377 
313 752 7 9 0.05505177 
440 647 7 10 0.05504739 
259 987 11 13 0.05501308 
531 727 10 12 0.054944023 
49 1046 10 13 0.054884855 
906 927 9 11 0.054856587 
501 734 9 11 0.054778297 
172 1238 16 20 0.054759163 
471 713 8 10 0.054699242 
24 1021 10 12 0.0546554 
111 990 9 11 0.054616485 
78 440 9 10 0.054544266 
582 766 8 10 0.054518837 
561 673 9 10 0.054475628 
510 504 9 11 0.054435335 
274 789 8 9 0.05439017 
360 664 7 9 0.054349117 
335 697 8 10 0.054131005 
329 1141 10 13 0.054026958 
670 1240 12 16 0.054013845 
221 493 12 14 0.05400972 
730 886 10 12 0.054001983 
273 1141 9 13 0.053975947 
198 1036 11 14 0.053958856 
786 1005 9 11 0.053951394 
125 943 9 11 0.053919964 
402 1258 14 19 0.053896047 
527 1321 12 19 0.053895287 
62 1245 13 16 0.05388226 
576 720 8 10 0.05386726 
618 664 8 11 0.053851787 
306 822 8 9 0.053748462 
668 941 11 12 0.053642396 
664 831 9 11 0.053610284 
139 867 9 12 0.05352833 
177 767 9 12 0.05349993 
288 798 8 9 0.053367954 
608 749 8 11 0.05336776 
449 662 7 9 0.0533208 
510 534 8 11 0.053289574 
613 928 9 12 0.053278822 
840 989 12 14 0.053267498 
222 1094 9 11 0.053191964 
329 852 9 12 0.053182527 
816 988 10 11 0.05315987 
606 783 7 11 0.053118967 
605 796 10 12 0.05311235 
298 806 9 11 0.052973375 
640 782 8 10 0.05296527 
611 1035 11 14 0.052958548 
478 724 8 11 0.052945253 
183 893 9 12 0.052903067 
170 1176 14 17 0.05290264 
287 996 8 12 0.052902017 
600 676 9 11 0.052805565 
263 836 9 11 0.05276602 
177 968 9 11 0.052730907 
846 1021 8 10 0.05265424 
140 1062 10 12 0.052638784 
96 1237 10 14 0.0526265 
231 1038 10 12 0.052530006 
570 695 7 9 0.05251164 
565 1003 11 13 0.0524607 
489 1204 11 15 0.05244222 
623 1229 11 15 0.0524145 
462 726 8 10 0.052360553 
743 887 8 10 0.05227288 
269 1021 10 13 0.052223828 
105 917 10 12 0.052216243 
780 900 10 14 0.052194938 
756 1096 10 11 0.05214861 
593 902 9 12 0.052111298 
630 885 11 13 0.052095342 
306 800 7 10 0.052013543 
286 758 7 8 0.05201003 
71 1329 14 17 0.051991906 
326 797 8 10 0.051962532 
431 1173 11 17 0.051895734 
527 1310 10 14 0.05184664 
268 973 12 13 0.0517987 
438 1153 12 16 0.051784337 
615 688 7 9 0.051719014 
627 1220 13 17 0.05165843 
240 1045 10 13 0.051612187 
321 757 7 9 0.051611323 
127 964 9 12 0.051579576 
418 736 8 9 0.05153474 
224 893 9 11 0.051530264 
224 1205 11 15 0.051369656 
200 1012 11 13 0.051296405 
243 1327 17 21 0.051228065 
535 1195 12 15 0.051220905 
101 1237 12 15 0.0511342 
315 895 8 12 0.05079618 
335 768 10 12 0.05076965 
264 774 8 10 0.050693672 
424 1128 7 10 0.05067815 
688 844 9 11 0.05062688 
518 687 8 10 0.050613545 
938 1152 18 22 0.050608646 
422 518 7 11 0.05054967 
606 679 9 10 0.050506625 
186 911 8 9 0.05035145 
50 445 7 10 0.050159197 
654 885 8 10 0.05014835 
246 1053 12 13 0.05014383 
471 1093 8 10 0.05012436 
819 1063 7 10 0.05000957 
250 798 8 11 0.050005347 
453 1134 10 12 0.049985584 
463 704 7 9 0.049943816 
206 934 8 11 0.04992885 
218 749 7 10 0.04991652 
279 983 9 12 0.049892705 
715 1241 13 17 0.049858946 
176 1077 11 15 0.04985789 
642 1110 13 15 0.04980857 
679 939 10 12 0.049792364 
6 877 10 14 0.04978114 
230 1006 9 12 0.049771532 
615 820 9 12 0.04973669 
583 870 10 12 0.04970135 
462 734 8 10 0.049677324 
297 759 8 8 0.049667217 
744 893 8 10 0.04960833 
498 695 8 10 0.049586754 
303 712 6 8 0.04949161 
438 1295 13 14 0.04946285 
685 1229 12 15 0.049373332 
517 1133 13 16 0.0493607 
946 1156 13 16 0.049356148 
336 830 8 10 0.04934992 
638 863 9 12 0.049338683 
138 886 8 12 0.04929115 
112 1077 10 12 0.049140032 
211 1017 12 15 0.04913658 
496 799 9 11 0.04910126 
510 1330 14 19 0.049084246 
479 719 8 10 0.049035154 
519 981 10 12 0.04900488 
168 967 9 11 0.048935037 
577 702 8 9 0.04892333 
541 1052 11 13 0.048877127 
623 1250 12 15 0.04877008 
375 662 7 9 0.04876878 
188 1023 10 13 0.048757464 
653 749 8 10 0.04875352 
895 1124 8 11 0.048709504 
294 863 8 10 0.0486507 
809 1019 9 12 0.048625834 
459 995 13 16 0.048559584 
104 1008 9 11 0.048540775 
99 1021 9 12 0.048532013 
615 1106 10 14 0.048527267 
345 783 7 9 0.048505697 
670 1173 14 16 0.048483618 
469 526 8 9 0.04847771 
430 734 8 11 0.048426785 
150 1091 12 14 0.04842347 
616 978 10 13 0.048319075 
446 599 10 11 0.04830761 
160 1194 14 19 0.04830204 
518 606 7 10 0.048274647 
159 1061 11 13 0.04826065 
203 1079 10 14 0.048222892 
287 753 7 8 0.048155043 
14 1087 10 13 0.04809586 
559 719 8 9 0.047985785 
624 712 8 10 0.047926392 
496 599 8 10 0.04789948 
303 745 7 8 0.04784665 
262 790 8 10 0.04783364 
247 818 10 12 0.04779199 
431 698 8 10 0.04779127 
568 742 7 10 0.047777746 
301 1225 11 16 0.047759872 
304 758 7 9 0.047732018 
334 686 7 9 0.047718126 
694 1094 11 14 0.047669914 
194 1008 9 12 0.047649853 
601 845 9 12 0.04760705 
695 671 8 11 0.047596928 
607 1084 10 12 0.047528766 
238 1052 10 13 0.04743171 
496 764 9 11 0.047412883 
591 1058 11 14 0.047360625 
356 1022 12 14 0.04726901 
232 742 7 9 0.047203306 
209 786 8 10 0.04718895 
511 615 8 10 0.047134746 
724 1118 9 13 0.04711001 
132 950 11 13 0.04710959 
410 638 9 11 0.046975967 
29 1335 17 24 0.046952773 
255 996 11 12 0.04693622 
601 853 9 11 0.046753723 
794 886 12 15 0.04673598 
568 1012 11 14 0.046718482 
304 869 8 10 0.046711788 
679 894 9 11 0.046673246 
547 838 16 18 0.046669744 
75 1023 11 13 0.046641245 
624 899 10 12 0.046625912 
69 1066 11 14 0.046624303 
815 964 9 11 0.046583056 
332 844 9 12 0.046509344 
581 982 9 11 0.04650552 
432 662 8 10 0.046500176 
522 1112 27 33 0.04649862 
903 845 7 10 0.046473708 
640 1153 12 16 0.04646601 
544 481 8 10 0.046452116 
832 867 10 14 0.0464257 
664 775 7 10 0.04634648 
577 662 8 9 0.046126194 
583 696 8 10 0.046122953 
142 1005 9 12 0.046118 
647 1293 14 17 0.046047013 
256 819 9 11 0.046040468 
295 798 8 9 0.045988426 
596 765 9 12 0.045961775 
81 1084 10 14 0.04595953 
317 1242 14 19 0.045923986 
533 749 8 11 0.045918617 
918 1167 9 12 0.045904227 
593 989 9 12 0.045884077 
495 710 8 10 0.045868885 
566 913 11 14 0.04580996 
806 1063 7 10 0.04580386 
647 892 9 11 0.045756407 
485 1118 8 11 0.04575217 
265 951 9 12 0.04573834 
525 824 11 15 0.04572041 
514 687 8 10 0.045673918 
633 1088 13 17 0.045635242 
634 823 9 12 0.04560566 
209 864 10 12 0.045586295 
463 952 8 10 0.045551665 
158 910 9 12 0.045498848 
642 1255 13 17 0.0454893 
688 884 9 11 0.045449868 
432 637 8 10 0.04544366 
528 1028 11 13 0.045411043 
70 963 9 12 0.0453735 
575 725 8 10 0.04534257 
790 1343 18 21 0.045317132 
532 1103 26 32 0.04530487 
606 855 9 11 0.045259118 
656 879 9 11 0.04524595 
276 1174 13 16 0.045207046 
244 1338 16 20 0.04517045 
341 717 7 10 0.045129746 
671 828 8 11 0.04508425 
303 777 8 10 0.045048304 
662 1181 12 15 0.04500631 
624 1220 10 13 0.045005616 
461 956 10 13 0.04499064 
624 886 10 14 0.044950824 
660 1070 11 13 0.044942737 
494 719 9 11 0.044923395 
552 1052 9 13 0.044916667 
311 815 7 10 0.04490733 
616 765 9 11 0.044876304 
685 1243 14 19 0.044839695 
518 989 9 11 0.044807762 
14 1332 15 18 0.044790316 
535 1113 12 18 0.044780746 
336 839 8 11 0.04474248 
721 1170 12 15 0.044709824 
415 870 9 13 0.044623107 
193 838 9 12 0.044544965 
225 940 10 11 0.044542324 
937 1040 8 11 0.044484463 
572 807 10 12 0.04442864 
889 1033 12 15 0.044414364 
632 976 9 12 0.04439713 
845 1282 11 14 0.044362187 
320 815 8 9 0.044361696 
839 1204 10 13 0.04436168 
906 933 11 13 0.044350464 
319 774 9 9 0.04428353 
832 1108 8 11 0.04425684 
656 806 8 11 0.044243976 
311 805 7 10 0.04424117 
756 924 9 12 0.04422393 
549 1114 10 15 0.044169895 
184 1026 11 14 0.044169508 
76 1258 15 18 0.044136323 
685 1115 13 17 0.044085402 
702 830 9 12 0.044078454 
238 758 8 10 0.044070628 
635 839 8 11 0.04404846 
426 710 8 10 0.043977316 
119 965 8 10 0.04395462 
271 836 10 12 0.04393287 
309 855 9 11 0.043916546 
654 1200 12 15 0.043850105 
528 1004 8 11 0.04377828 
350 748 8 10 0.04374814 
380 1213 15 18 0.043745186 
481 709 8 10 0.043595232 
611 759 8 10 0.043567803 
271 955 9 12 0.04349595 
150 869 9 12 0.04349088 
641 712 7 9 0.043452587 
579 1198 11 15 0.04343893 
361 727 7 9 0.043436445 
667 1154 12 14 0.04340399 
486 511 8 11 0.043401342 
195 1240 13 18 0.043398134 
622 765 9 11 0.04333535 
295 941 9 11 0.043089226 
610 718 8 11 0.04306866 
601 693 7 9 0.04301165 
182 771 9 11 0.04298512 
62 1014 10 13 0.042928196 
318 864 8 9 0.042880006 
250 917 9 11 0.042830843 
553 1211 11 14 0.042817738 
571 1061 11 14 0.04281369 
749 1037 10 13 0.042745203 
823 1057 8 10 0.04273396 
710 1251 13 18 0.042723108 
870 877 8 11 0.04269743 
677 814 8 11 0.042687617 
717 884 9 10 0.042686526 
695 843 10 11 0.042604577 
687 679 9 12 0.042593054 
287 1085 9 12 0.042564362 
756 844 11 14 0.04254835 
670 909 9 12 0.042544838 
384 694 9 11 0.04245994 
553 1012 10 14 0.04244032 
501 764 10 11 0.042427875 
142 886 10 12 0.042402655 
321 717 7 9 0.042356394 
428 993 12 17 0.042324163 
345 749 8 10 0.04229607 
647 879 10 12 0.04223176 
178 845 7 10 0.042220894 
607 775 8 11 0.042205367 
81 1195 11 14 0.042190626 
261 766 9 10 0.042164933 
230 1205 12 16 0.04216077 
666 845 9 11 0.04215793 
664 684 10 13 0.04211728 
634 765 9 11 0.042050276 
582 661 8 10 0.04202249 
1 1054 10 13 0.04199539 
675 1146 13 15 0.041978467 
313 1156 10 13 0.04195316 
247 936 10 12 0.041948285 
454 679 9 11 0.041942824 
892 879 9 11 0.041940305 
657 766 8 11 0.041908465 
441 600 7 10 0.04180284 
568 673 8 10 0.041730333 
582 933 11 14 0.041723937 
577 656 8 10 0.04166754 
438 1003 11 14 0.041653834 
767 981 9 11 0.041599523 
362 792 8 10 0.04159111 
432 1128 8 11 0.041548356 
464 1102 7 10 0.041527454 
737 907 11 12 0.04151845 
505 632 7 9 0.041476708 
521 582 8 10 0.041445315 
288 776 7 9 0.041429617 
39 1062 11 14 0.041418802 
574 911 11 14 0.041367535 
585 783 9 12 0.041353174 
417 518 8 11 0.041182607 
245 871 9 12 0.04118129 
328 925 10 13 0.041174628 
280 822 9 12 0.041162252 
613 893 10 13 0.04113371 
413 1181 10 13 0.041081093 
78 991 10 12 0.04106937 
233 893 9 10 0.041040413 
328 878 10 11 0.040993422 
60 1252 13 15 0.040982068 
287 972 8 12 0.040931016 
838 858 12 15 0.040893417 
666 1325 12 16 0.04088348 
353 776 7 9 0.04083651 
575 1026 10 12 0.04080827 
491 836 10 14 0.040743206 
0 1077 7 14 0.040690888 
671 736 7 9 0.040685732 
725 1132 11 13 0.04064053 
600 655 7 10 0.040611662 
439 605 8 10 0.040563773 
247 862 9 11 0.0405556 
248 911 8 11 0.04052244 
326 757 8 10 0.040517215 
525 1055 12 16 0.040510334 
62 827 9 12 0.04050866 
311 758 8 9 0.040466916 
657 711 9 12 0.04045127 
804 872 8 10 0.04042631 
213 979 10 13 0.040402535 
592 934 11 13 0.0403963 
288 735 6 8 0.040357288 
609 918 10 11 0.04034114 
494 1178 11 16 0.040317688 
330 733 8 10 0.040288642 
279 884 8 11 0.04028082 
126 1020 8 11 0.040270757 
692 1205 12 15 0.040214766 
168 1150 12 14 0.040203243 
633 1259 12 16 0.040195003 
488 544 8 11 0.04018859 
409 670 8 11 0.040175248 
318 838 9 11 0.040108044 
554 759 8 12 0.04008132 
320 1071 9 11 0.040057186 
598 1082 11 14 0.0400207 
172 935 10 12 0.040018424 
593 941 10 12 0.040012065 
456 480 9 10 0.03998023 
193 1044 10 12 0.039957073 
200 774 7 10 0.039906435 
167 1227 13 15 0.039868057 
667 1164 12 14 0.039855212 
605 1245 12 15 0.039836988 
654 1099 10 13 0.039836384 
272 799 8 10 0.03982557 
527 575 7 9 0.0398224 
881 876 11 13 0.039815523 
429 1003 10 13 0.03978686 
701 916 9 12 0.039762292 
123 1202 13 18 0.039720733 
367 1189 9 14 0.039708737 
551 716 9 12 0.03968918 
551 1028 9 11 0.039666552 
807 1112 8 11 0.039597385 
561 899 13 17 0.0395419 
611 1075 11 15 0.039519873 
504 503 10 11 0.039508734 
519 648 8 10 0.039468717 
854 909 10 12 0.0393978 
425 718 7 9 0.039380945 
69 878 8 11 0.039338987 
557 1133 11 15 0.039318826 
655 896 9 11 0.039290372 
307 831 8 11 0.039283056 
637 949 11 13 0.03910122 
191 809 8 9 0.039086077 
441 590 7 10 0.039055783 
278 1006 8 10 0.039054126 
676 1208 13 16 0.038998958 
344 1092 9 12 0.03897132 
719 1142 10 13 0.03891327 
127 1063 11 13 0.038907483 
667 743 7 9 0.038894206 
576 852 11 14 0.038853563 
348 701 8 10 0.03884309 
270 1059 11 13 0.03883712 
461 1149 11 14 0.03883484 
414 575 8 10 0.03876632 
207 796 9 11 0.03869209 
818 944 9 11 0.03868924 
189 902 8 12 0.038688045 
382 1149 10 12 0.03863352 
81 1156 10 12 0.038632493 
551 822 10 11 0.038606543 
261 1067 10 14 0.038564913 
631 724 8 10 0.038533267 
661 1171 12 15 0.038500898 
511 1146 13 18 0.038475014 
863 998 11 13 0.03840423 
266 784 7 9 0.038399424 
788 1275 12 16 0.03839048 
525 616 8 11 0.038377102 
430 727 7 10 0.03836352 
647 911 9 11 0.038312033 
97 957 9 11 0.038304348 
726 923 9 12 0.038291004 
701 807 8 11 0.038267694 
488 725 9 11 0.03823638 
281 1022 9 12 0.03821351 
703 813 7 10 0.03819765 
46 478 9 11 0.038176525 
861 1004 12 15 0.03817458 
463 743 9 11 0.038131658 
766 931 18 24 0.038095 
386 1142 9 11 0.03808468 
447 519 8 9 0.038013443 
334 733 8 10 0.03800073 
702 1249 11 16 0.037979033 
252 1213 11 15 0.03797883 
585 726 7 10 0.03797279 
145 856 9 11 0.037955686 
750 894 7 10 0.037922278 
15 1059 11 14 0.037890047 
471 1246 10 15 0.03785945 
342 837 8 11 0.0378405 
441 725 8 11 0.03780423 
677 1249 12 16 0.037773892 
845 1039 8 11 0.03771501 
462 481 7 8 0.037702937 
241 752 7 9 0.037641965 
560 701 8 10 0.03763784 
551 849 12 16 0.037512492 
89 1161 12 16 0.037496675 
445 998 12 17 0.037490886 
706 1257 14 18 0.03746588 
630 1202 11 14 0.037416108 
213 1037 9 12 0.037401684 
351 688 7 9 0.037381135 
661 718 8 10 0.037360333 
574 812 10 12 0.03731322 
694 676 10 12 0.03730043 
433 655 8 11 0.03724323 
455 759 7 10 0.037227377 
225 862 8 11 0.03717841 
61 1295 16 19 0.037145916 
544 1283 13 17 0.03712676 
602 1302 13 16 0.037111815 
176 772 8 10 0.037103277 
260 1014 11 12 0.037096072 
457 551 8 10 0.03709057 
360 685 7 10 0.037074275 
662 1290 16 18 0.037061494 
191 813 8 10 0.03705151 
440 735 8 11 0.037030824 
0 1068 7 12 0.037023664 
51 1330 14 18 0.03701046 
190 1125 13 16 0.037006818 
537 639 8 10 0.036974754 
101 972 9 11 0.03692397 
578 737 6 8 0.036923088 
373 1212 12 15 0.03691858 
887 1014 10 13 0.036885697 
513 672 7 9 0.036877383 
103 983 10 12 0.036853563 
45 1181 10 14 0.03684285 
438 1241 13 15 0.036842316 
576 748 8 11 0.036836416 
384 741 8 10 0.036812223 
486 750 9 11 0.036806945 
671 759 8 11 0.0368038 
248 775 8 10 0.0367663 
512 541 8 10 0.036738522 
524 1289 13 17 0.036722675 
77 1046 11 15 0.036722336 
266 942 9 11 0.036721904 
569 479 8 10 0.036707684 
582 1036 10 12 0.03669952 
21 1070 11 13 0.036691204 
592 868 8 12 0.03667596 
152 892 8 11 0.036653634 
54 440 8 9 0.03664007 
722 841 7 9 0.036603075 
475 1249 14 18 0.03655649 
190 1139 13 17 0.03651804 
455 591 7 10 0.03644201 
224 1346 11 15 0.036420517 
41 479 9 11 0.036406484 
214 904 9 11 0.036373455 
181 821 9 11 0.036361124 
569 503 7 10 0.036329843 
410 688 8 10 0.036326386 
480 1149 10 12 0.036325227 
186 1038 9 12 0.036315374 
590 1140 11 14 0.03622592 
432 606 8 10 0.03621007 
2 1340 12 17 0.036198683 
843 1217 13 16 0.03619617 
439 662 8 10 0.036168188 
554 978 11 14 0.036089003 
99 951 9 11 0.036051773 
142 901 9 11 0.03604021 
65 870 9 12 0.03601991 
366 677 8 10 0.036019843 
252 1135 11 14 0.03598821 
55 879 9 12 0.035969347 
697 717 9 11 0.035966206 
671 764 8 11 0.03594661 
844 994 11 14 0.035944358 
590 1219 10 14 0.035936676 
865 872 8 11 0.035904143 
560 726 7 9 0.03588588 
654 911 9 11 0.03582317 
472 1018 11 14 0.035820782 
503 792 8 11 0.03581116 
592 1230 9 12 0.035792105 
269 908 9 12 0.03577475 
566 639 7 10 0.03577424 
294 832 8 10 0.03570646 
735 893 9 11 0.035698652 
439 653 8 10 0.03568282 
384 638 8 10 0.035673466 
450 671 8 10 0.03566245 
70 1280 15 18 0.035577536 
298 745 6 8 0.035473697 
265 752 7 9 0.03542223 
864 1167 11 14 0.035415623 
311 1152 9 13 0.03541053 
260 815 9 12 0.035362307 
142 932 8 10 0.03532167 
441 493 7 10 0.03522646 
613 1222 12 15 0.03521708 
252 1054 12 14 0.03521599 
48 464 9 10 0.035210937 
873 1287 16 19 0.0352017 
941 1168 14 19 0.035198197 
494 805 8 11 0.035179544 
790 974 10 12 0.0351733 
961 894 8 10 0.035167247 
759 870 8 10 0.035123684 
127 1147 13 17 0.03511728 
29 1022 10 13 0.03511401 
744 881 8 10 0.03504567 
572 1219 12 15 0.035041332 
321 769 8 10 0.03493732 
217 967 9 11 0.034927294 
260 854 10 12 0.03490255 
305 790 8 9 0.034896493 
109 1148 13 15 0.03486893 
215 990 10 13 0.0348402 
41 440 8 10 0.034835055 
350 1211 12 15 0.03481749 
709 1106 11 13 0.034807812 
344 815 7 9 0.034806963 
119 1338 13 18 0.03479892 
240 845 9 11 0.034782503 
529 1038 10 12 0.034775816 
216 1094 9 12 0.034774844 
845 1047 9 11 0.034700897 
842 1021 8 9 0.034698714 
489 765 8 11 0.034689642 
693 1237 14 17 0.03464245 
580 940 12 14 0.034603734 
653 851 9 12 0.034593843 
215 798 9 12 0.03458825 
645 1097 13 16 0.034583364 
200 784 8 10 0.034559336 
593 1036 9 12 0.034533568 
111 1066 12 14 0.03453015 
447 764 9 11 0.034509987 
167 749 9 11 0.03450937 
107 1048 19 23 0.034488086 
182 1101 11 15 0.034451954 
451 1173 15 20 0.03444308 
745 1171 10 13 0.034438875 
141 1143 13 16 0.03443818 
111 367 8 10 0.034431253 
704 734 8 11 0.03441686 
485 487 8 11 0.03440674 
533 556 9 11 0.034396615 
646 1067 11 14 0.034362424 
647 1060 12 14 0.034335822 
697 708 9 12 0.034317546 
214 941 9 11 0.034306534 
527 1284 20 25 0.034265913 
287 925 9 10 0.034247503 
456 990 11 15 0.03424428 
167 774 9 11 0.034243826 
325 1038 9 11 0.034236167 
215 840 9 12 0.03422883 
561 999 9 13 0.034224294 
384 622 8 9 0.034218762 
645 1129 11 15 0.034213472 
294 1234 13 16 0.034196977 
758 1016 9 11 0.0341884 
121 437 8 11 0.03418444 
256 774 8 10 0.034160443 
248 744 7 9 0.03414981 
759 940 11 15 0.034126747 
896 895 9 12 0.03407149 
30 1084 11 13 0.034067504 
596 1321 13 17 0.034033626 
856 877 9 12 0.033998728 
375 1023 9 11 0.033996083 
599 774 8 10 0.033984978 
329 697 8 9 0.033984132 
256 1258 11 14 0.03397668 
142 776 9 11 0.033950783 
267 734 8 10 0.03392378 
936 880 8 9 0.03391006 
434 670 7 10 0.033814583 
529 1022 12 15 0.03381324 
464 589 8 10 0.03380824 
217 745 7 9 0.033801846 
457 702 8 10 0.033778783 
387 1219 12 15 0.03376665 
500 1329 15 20 0.033756457 
711 1207 11 15 0.033734314 
186 961 10 12 0.03371083 
546 718 8 10 0.033706132 
319 888 9 13 0.033699922 
720 925 9 11 0.033672307 
323 1237 11 15 0.033652253 
437 671 8 10 0.033645153 
501 727 7 10 0.033639148 
657 1260 10 14 0.033630684 
720 1277 11 16 0.033621218 
486 478 8 10 0.03361574 
656 1322 16 20 0.033609055 
292 822 8 10 0.03358901 
785 975 8 12 0.033581045 
373 623 8 9 0.033567842 
416 1213 9 12 0.0335405 
100 1028 11 13 0.033525687 
392 1199 9 12 0.033487234 
286 1075 10 12 0.03346238 
262 1164 11 14 0.033460356 
836 870 11 13 0.03343161 
941 855 9 11 0.033418853 
611 1306 19 24 0.03337472 
681 901 9 12 0.03337307 
528 671 8 11 0.033363357 
519 805 8 12 0.03335191 
253 1075 10 13 0.033340264 
137 912 9 11 0.033336066 
454 664 7 9 0.033332463 
720 686 8 10 0.033291005 
216 885 8 10 0.0332495 
216 1047 10 12 0.033247307 
245 1137 17 21 0.03324694 
598 721 9 10 0.033241853 
527 592 8 9 0.03322373 
541 576 8 11 0.033181973 
42 485 8 10 0.033122852 
278 1012 9 12 0.033086848 
846 965 9 12 0.033079375 
32 823 9 12 0.03307556 
538 647 8 9 0.03306281 
520 575 8 9 0.033046965 
720 725 8 11 0.033038188 
493 815 9 11 0.033015154 
503 648 8 10 0.03297419 
293 997 9 12 0.032973934 
310 1227 12 16 0.032972522 
516 1100 44 54 0.032962743 
551 630 8 10 0.03294717 
838 876 9 11 0.03294495 
726 991 10 11 0.032941353 
879 1022 11 14 0.032933816 
701 726 9 11 0.032931626 
344 775 7 9 0.032917615 
351 807 7 10 0.03290917 
734 847 8 10 0.032895856 
439 678 7 11 0.0328856 
23 1161 17 22 0.03288535 
505 941 9 11 0.032880437 
855 1046 10 13 0.032867227 
148 1179 13 17 0.03283516 
806 1322 16 21 0.032825403 
128 872 7 9 0.03276682 
704 886 8 9 0.032744788 
551 623 9 10 0.032718726 
31 1093 12 16 0.032711074 
125 1051 10 13 0.03267542 
389 1211 12 15 0.032663353 
438 1127 10 12 0.032661192 
607 1015 11 13 0.03265195 
443 979 13 18 0.03261699 
474 479 7 9 0.032611948 
904 870 8 10 0.032553367 
863 1168 18 22 0.032529607 
290 729 7 9 0.0325282 
613 711 8 10 0.03242974 
871 871 8 11 0.032424618 
494 680 7 9 0.03241591 
658 943 9 11 0.032403365 
696 654 8 10 0.0323635 
393 1022 9 12 0.032353554 
1015 1127 8 12 0.032326873 
132 1227 10 14 0.032312974 
622 1236 11 15 0.032299247 
863 1036 8 11 0.032293048 
158 991 9 11 0.03228883 
904 1175 10 13 0.032285437 
744 864 8 10 0.03224711 
617 829 7 10 0.032243285 
615 734 8 10 0.032228995 
612 870 9 13 0.032210607 
448 655 8 9 0.03217747 
669 1195 13 17 0.03216645 
491 1173 9 13 0.032165885 
713 717 10 12 0.032156073 
646 862 9 12 0.03214847 
327 781 8 9 0.03214472 
510 632 8 9 0.032139324 
638 724 8 10 0.03212769 
471 599 7 9 0.032126036 
282 743 7 9 0.03211821 
695 755 9 13 0.032048207 
118 931 10 13 0.031995572 
226 886 8 10 0.03198994 
55 1021 9 12 0.031967063 
132 1118 11 15 0.031964283 
661 927 7 10 0.031951007 
230 918 8 10 0.031916957 
462 749 10 11 0.031877115 
625 1026 10 13 0.031875942 
323 823 8 10 0.031872936 
73 990 9 12 0.03185519 
551 509 7 10 0.031851944 
640 910 9 11 0.031842064 
454 1328 16 21 0.031839445 
701 864 9 10 0.031815305 
504 1013 9 11 0.03179299 
96 1243 12 16 0.03177196 
475 661 8 10 0.031692654 
821 990 9 10 0.03167309 
362 720 7 9 0.031671617 
561 1061 11 13 0.03166308 
225 870 8 10 0.03164418 
862 1029 10 13 0.031634495 
552 482 8 10 0.031608522 
225 952 10 11 0.03156415 
290 845 10 12 0.03156214 
527 631 8 9 0.031560406 
608 1090 9 13 0.031559527 
347 1140 11 13 0.03155599 
103 908 9 11 0.03152637 
140 1132 12 15 0.031510714 
136 990 9 11 0.031501 
521 1308 9 14 0.03146863 
404 1166 11 14 0.031458292 
750 869 10 11 0.031395346 
541 679 8 10 0.031375386 
857 1061 10 11 0.031374257 
865 848 8 11 0.031348906 
428 985 21 29 0.031330824 
480 568 10 11 0.031304408 
711 1142 11 14 0.031281326 
582 924 11 13 0.031248823 
814 1102 8 10 0.031231092 
760 948 10 13 0.031209737 
702 783 8 11 0.031209702 
607 805 9 12 0.031208294 
833 1047 10 13 0.031195987 
524 1244 13 16 0.03119563 
419 647 9 12 0.031179534 
361 1172 10 14 0.031167632 
113 1040 19 24 0.031145602 
265 879 9 10 0.031144595 
168 433 7 9 0.031122427 
481 479 8 9 0.031094123 
311 721 7 8 0.031088097 
677 1185 14 18 0.031087916 
153 764 10 13 0.031080952 
262 1141 10 13 0.031074613 
134 1000 9 10 0.031066641 
78 463 9 10 0.031063646 
271 1173 12 15 0.031055236 
446 1127 9 12 0.031053443 
721 1109 9 11 0.031034924 
455 957 11 13 0.031017324 
236 1036 11 13 0.031004155 
84 1030 10 12 0.030982101 
648 799 9 11 0.030973524 
326 792 8 10 0.03096494 
296 1207 10 13 0.030937431 
709 830 9 12 0.030930148 
54 1249 14 16 0.030901521 
317 1302 14 17 0.030896436 
448 1000 18 23 0.030891383 
466 534 7 9 0.030889118 
761 1268 11 15 0.030864256 
517 1005 10 12 0.030862713 
596 1237 11 15 0.030851793 
398 1264 13 18 0.030849151 
433 958 10 12 0.030843224 
841 848 9 11 0.030828416 
35 1162 16 20 0.030816345 
255 938 10 11 0.030816311 
182 839 9 11 0.03080152 
688 670 8 10 0.030792575 
719 1131 11 13 0.030782796 
392 788 9 11 0.030770928 
120 959 8 10 0.030744985 
545 536 7 10 0.030733172 
672 861 9 11 0.030727515 
183 1091 10 13 0.03072487 
489 591 8 10 0.030720295 
458 1000 14 20 0.030684004 
65 1044 11 13 0.03062099 
86 900 9 11 0.030612541 
753 1099 10 12 0.030599287 
722 815 8 10 0.03057282 
472 741 8 11 0.030565318 
54 1031 9 12 0.030499546 
146 828 9 12 0.030494427 
620 782 8 11 0.030455949 
64 953 10 12 0.030418249 
528 684 9 11 0.030374313 
815 982 9 12 0.03036251 
392 1137 9 13 0.030357743 
598 1296 10 14 0.030313805 
292 1134 12 15 0.030297082 
142 981 9 11 0.030279865 
238 901 9 10 0.030272512 
561 735 8 11 0.030265698 
117 1182 13 16 0.030253975 
86 1338 13 17 0.03021324 
526 1308 21 29 0.03019291 
465 654 8 10 0.030162752 
577 710 8 9 0.03014631 
495 590 8 10 0.03014422 
446 622 9 11 0.030128248 
169 956 9 12 0.03010019 
952 886 8 10 0.030083437 
96 918 9 12 0.030073924 
127 984 8 10 0.030063147 
557 1331 14 17 0.030046482 
438 708 9 10 0.03004071 
646 718 7 10 0.03001516 
513 678 7 9 0.03000969 
687 1013 12 15 0.029975088 
744 822 8 10 0.029952435 
681 837 8 10 0.02994336 
539 1044 11 14 0.029929942 
734 1186 12 15 0.029915756 
433 1130 20 24 0.029894521 
575 884 10 12 0.029860374 
304 1054 10 11 0.02984676 
276 933 10 12 0.029822983 
572 894 11 13 0.029813023 
112 894 9 12 0.029808003 
318 942 10 12 0.029770767 
191 438 7 9 0.029727625 
191 1092 11 13 0.029686987 
77 1231 13 18 0.029655518 
296 776 9 10 0.029649328 
300 1243 12 16 0.029648539 
701 1237 11 14 0.02964474 
697 925 9 12 0.029634919 
871 998 10 13 0.029621856 
457 749 9 11 0.029613385 
807 967 8 11 0.029592663 
605 1252 11 13 0.029564584 
863 1010 10 14 0.029556245 
637 1097 13 16 0.029554825 
520 1135 21 26 0.029546883 
473 1007 11 15 0.02953672 
534 1051 13 16 0.02952326 
191 996 10 13 0.029522141 
638 918 10 13 0.029510003 
656 949 9 11 0.029499864 
670 775 8 10 0.029494103 
122 1195 13 17 0.029460458 
455 519 7 10 0.029444465 
367 655 7 9 0.02943051 
818 868 10 12 0.029403932 
247 750 7 9 0.029368898 
536 878 12 16 0.029366829 
502 599 8 10 0.029353946 
552 1132 11 15 0.029350825 
93 1278 13 17 0.029308109 
921 854 9 11 0.029306274 
565 782 10 12 0.029292304 
877 906 10 12 0.029278588 
197 1030 12 14 0.029264247 
159 887 8 11 0.029233746 
551 1253 11 13 0.029232025 
638 791 9 10 0.02921507 
257 963 9 12 0.029183673 
760 1191 13 18 0.029088981 
655 1246 10 12 0.029088158 
385 736 7 10 0.029082442 
36 1220 15 18 0.029053615 
206 1102 10 12 0.029047295 
462 1155 11 15 0.029037675 
398 1019 10 13 0.029029757 
335 680 7 9 0.029026967 
726 933 9 11 0.029018736 
422 671 8 10 0.029017473 
556 1053 10 14 0.029006593 
206 953 9 11 0.029000951 
111 914 19 24 0.028964277 
334 743 8 10 0.028945852 
185 809 7 9 0.028925825 
622 1076 10 14 0.028907092 
583 742 9 11 0.028878035 
495 604 8 10 0.028847026 
829 862 12 15 0.028836086 
439 741 8 10 0.028802963 
32 439 8 10 0.028796732 
374 1028 9 11 0.028787773 
150 1053 11 12 0.028779522 
105 444 8 10 0.028766051 
246 1115 10 14 0.028754557 
829 1063 9 11 0.028750988 
611 990 11 12 0.028676331 
532 1123 14 19 0.02867299 
33 1065 19 23 0.028671708 
560 481 8 10 0.028662734 
570 687 7 9 0.02865533 
655 1020 11 15 0.02865212 
120 1019 9 11 0.02865017 
749 798 8 10 0.028641645 
512 992 9 12 0.028582828 
320 728 8 9 0.028573228 
174 1221 21 24 0.028536288 
110 913 10 12 0.028527513 
718 1228 12 14 0.028522832 
735 813 9 11 0.028507035 
344 759 8 10 0.028490769 
567 736 7 10 0.028429776 
166 806 8 10 0.02842911 
871 1004 10 14 0.028422907 
327 1135 11 13 0.028386 
319 1012 9 11 0.02837459 
328 1022 8 11 0.02837084 
365 1228 11 14 0.02836634 
655 1211 12 15 0.028365308 
196 1290 14 16 0.02836106 
56 1014 9 12 0.028335458 
862 1070 9 10 0.028325753 
454 670 7 10 0.028306343 
311 1094 10 12 0.028295098 
454 1260 12 17 0.028292103 
527 1218 11 15 0.028283512 
587 845 11 14 0.028258255 
471 536 7 9 0.028223747 
344 807 7 10 0.028195426 
272 870 9 11 0.028184539 
461 1132 10 12 0.028176611 
593 732 8 11 0.028174747 
554 963 11 13 0.028167838 
446 702 8 10 0.028163819 
525 1130 14 18 0.028148724 
654 1163 12 15 0.028135728 
320 743 7 9 0.028132573 
568 775 8 11 0.02810594 
844 1331 13 19 0.02808947 
73 1049 19 23 0.028072955 
592 774 8 10 0.02807264 
528 637 7 10 0.028067563 
53 446 8 9 0.028014492 
198 847 8 11 0.028012142 
696 908 8 11 0.027971352 
400 567 8 10 0.027951363 
805 1116 9 11 0.027950177 
628 1317 12 16 0.027935592 
294 1005 8 10 0.027935216 
860 1232 12 16 0.027906325 
911 1077 11 14 0.027876763 
112 1157 12 16 0.027874049 
742 1183 11 14 0.027869489 
360 796 9 11 0.027851893 
497 521 8 10 0.027838008 
557 599 7 10 0.02782957 
527 1014 10 12 0.02782914 
643 1040 17 23 0.027820036 
159 1013 9 11 0.027813787 
671 747 8 11 0.027810104 
306 904 8 10 0.027808083 
296 936 9 11 0.027799929 
589 893 10 12 0.02778774 
596 822 10 12 0.02778325 
161 749 9 11 0.027779507 
305 933 9 12 0.02777939 
612 879 10 13 0.027757281 
462 797 9 12 0.027748937 
752 957 9 11 0.0277364 
789 1094 9 11 0.027697058 
577 767 8 10 0.027673408 
383 711 8 11 0.02766024 
38 1316 14 18 0.027653046 
63 971 9 11 0.027649777 
846 1029 9 11 0.02764556 
584 793 10 13 0.027635895 
110 958 9 11 0.027595736 
530 742 11 13 0.027583173 
676 1135 12 13 0.027575135 
843 1059 9 12 0.027565334 
233 997 10 12 0.02755474 
736 1023 9 12 0.02754643 
751 878 9 11 0.027539734 
520 614 9 12 0.027525932 
287 967 8 12 0.027517503 
573 1191 13 16 0.027506728 
471 543 8 10 0.02750346 
321 1039 8 10 0.027493842 
207 1108 11 14 0.027475456 
750 886 8 11 0.02745664 
534 632 8 9 0.027454905 
832 1205 9 12 0.027428573 
752 815 8 10 0.027421815 
707 1278 13 16 0.027419496 
493 1187 13 17 0.02741139 
626 863 10 13 0.027390018 
410 581 8 10 0.027375214 
553 660 8 10 0.027368119 
172 1151 14 16 0.027355097 
488 647 7 9 0.027342368 
479 607 7 10 0.027331743 
496 638 8 10 0.027325481 
640 748 8 11 0.027318638 
96 432 8 10 0.027301565 
54 1227 13 16 0.02729921 
817 959 9 12 0.027295422 
315 1171 10 14 0.027294865 
106 1054 11 13 0.027288865 
702 844 9 11 0.027270988 
504 997 11 13 0.027268615 
583 1222 10 13 0.027262634 
269 741 8 11 0.02726185 
565 1076 12 14 0.027260846 
415 670 9 11 0.027243484 
144 824 10 11 0.027241 
215 934 9 11 0.027234994 
703 789 7 10 0.027229492 
532 1120 24 33 0.027219402 
581 1046 11 13 0.027180577 
728 808 8 10 0.027176142 
423 652 8 12 0.027172491 
142 440 10 11 0.027167784 
481 543 7 10 0.027164968 
212 1181 13 17 0.027164642 
162 433 7 9 0.027149666 
656 1300 19 22 0.027141444 
359 1096 10 11 0.027138716 
856 1005 10 14 0.02711965 
671 903 9 12 0.027108537 
180 1145 19 23 0.02708789 
98 926 9 12 0.027072871 
158 996 9 11 0.027046023 
823 1012 9 11 0.027040899 
570 899 12 15 0.027040446 
198 860 9 11 0.027039131 
290 1153 11 15 0.027031621 
582 990 10 12 0.027022013 
169 974 8 11 0.027012294 
674 926 9 11 0.027000086 
125 1110 12 14 0.026990537 
317 900 9 12 0.02698474 
640 902 8 10 0.026977163 
196 836 11 13 0.0269509 
376 656 7 9 0.026939413 
232 856 10 11 0.026919128 
152 1329 14 16 0.026917363 
555 1206 11 13 0.026909458 
488 990 9 12 0.02690937 
415 536 7 8 0.026901152 
462 484 8 10 0.02689876 
948 1171 13 18 0.026879642 
53 1067 10 13 0.026853794 
600 783 10 12 0.026832001 
942 1039 8 12 0.026823834 
684 940 9 13 0.026798815 
613 847 9 12 0.026797421 
717 901 9 10 0.02679231 
729 1333 16 20 0.026781403 
573 1067 10 13 0.026764195 
759 958 8 10 0.026762363 
788 999 10 11 0.026751323 
112 965 9 11 0.02674626 
288 853 9 12 0.02673875 
536 512 6 10 0.026736094 
157 1248 16 19 0.026712216 
921 894 8 10 0.026699036 
152 996 9 11 0.02667323 
696 1073 17 21 0.026639076 
442 1093 8 10 0.026609838 
919 886 8 9 0.026594102 
145 780 8 11 0.026561357 
45 1249 15 18 0.026547335 
785 821 8 10 0.02654009 
505 509 8 10 0.02652439 
22 1084 11 14 0.026468182 
528 596 7 9 0.026464088 
381 718 8 11 0.026461205 
222 1087 9 13 0.026447706 
183 918 9 10 0.026435716 
624 1151 12 15 0.026414316 
658 871 8 11 0.02639599 
537 592 8 10 0.026395114 
448 733 8 10 0.02636739 
367 645 8 9 0.026332224 
314 743 6 8 0.026325257 
249 1184 10 14 0.026323771 
817 999 9 11 0.026307859 
854 1215 17 24 0.026307832 
256 1327 15 19 0.026307382 
713 848 7 10 0.026277162 
767 975 9 11 0.026274655 
132 1084 11 15 0.026271649 
328 744 8 9 0.026264092 
108 949 10 12 0.026259193 
914 1167 9 12 0.026250279 
768 1005 7 10 0.02624889 
822 956 10 13 0.02624062 
344 678 7 8 0.026232626 
615 798 8 10 0.026227921 
525 1212 12 15 0.02621284 
501 1157 11 14 0.026196113 
142 892 10 12 0.026195602 
670 1091 11 14 0.026190246 
454 511 7 9 0.02618639 
463 623 8 10 0.026184285 
233 737 7 8 0.026156314 
661 711 8 11 0.026154721 
903 831 8 9 0.02614164 
98 941 9 12 0.026119618 
796 1020 9 11 0.02611205 
684 934 10 13 0.026108734 
103 1247 19 23 0.026102701 
521 799 8 10 0.02606353 
894 884 8 11 0.02605721 
183 925 8 12 0.026053056 
520 501 8 10 0.026041957 
69 422 9 12 0.026032258 
539 907 10 13 0.026015384 
293 1071 9 11 0.026000299 
464 604 7 10 0.025994347 
135 1165 12 16 0.025973903 
665 678 9 12 0.025966244 
116 1219 13 17 0.025927119 
361 988 17 22 0.025912762 
479 1094 8 11 0.025897242 
275 949 10 13 0.025896462 
503 637 8 10 0.025882954 
153 991 8 11 0.025875363 
292 1162 12 14 0.025873415 
690 1097 17 24 0.025853697 
622 940 9 11 0.025851846 
188 1061 19 24 0.025849951 
591 1149 13 15 0.0258405 
273 1219 13 16 0.025838736 
322 695 7 9 0.025828531 
687 1058 11 15 0.025812825 
585 1053 10 14 0.025806062 
537 575 8 10 0.02579138 
616 1169 13 16 0.025753912 
826 1093 8 11 0.025751771 
166 799 8 10 0.025741622 
582 1245 12 16 0.025738059 
415 631 8 9 0.025731832 
247 1000 20 22 0.025710475 
374 1149 10 12 0.02570437 
554 842 13 16 0.025691502 
386 701 8 11 0.025674213 
406 1205 10 14 0.02567123 
704 911 8 11 0.025646301 
73 934 9 12 0.025638377 
79 1090 11 16 0.025625587 
656 728 8 9 0.025609821 
695 855 9 11 0.025606763 
720 911 9 13 0.025606263 
232 753 7 10 0.025583819 
451 1197 12 15 0.025583358 
438 639 8 10 0.025583223 
455 484 8 10 0.025555082 
740 1106 10 13 0.025548896 
519 1211 12 15 0.02554653 
669 1076 9 12 0.025441343 
495 615 8 10 0.025431609 
875 1173 11 14 0.02542588 
111 1039 12 14 0.02540554 
545 830 11 14 0.02540393 
173 1103 12 15 0.025395218 
854 871 10 12 0.02539443 
692 957 10 12 0.025380876 
583 1237 12 14 0.025377277 
329 808 8 9 0.025374386 
639 703 8 11 0.025373068 
640 678 7 9 0.02535706 
738 701 9 12 0.025332717 
164 1220 22 28 0.02532442 
685 895 10 11 0.025324186 
298 712 7 9 0.02532089 
286 767 8 10 0.025317295 
223 789 9 11 0.025282929 
612 1083 10 14 0.025277626 
895 1324 14 22 0.025257478 
793 963 10 13 0.025256736 
423 637 9 11 0.025254184 
269 1346 15 18 0.02525291 
13 877 11 13 0.02524116 
942 1014 9 12 0.025240866 
367 814 8 10 0.025225723 
299 1152 12 15 0.02521982 
225 784 9 11 0.025204921 
518 702 9 11 0.025191626 
360 1006 9 11 0.025186798 
0 1246 11 17 0.025179189 
728 797 8 10 0.02517791 
551 606 9 11 0.025173834 
335 823 8 9 0.025164185 
501 989 12 14 0.025162816 
710 1117 11 14 0.025147002 
52 1157 11 15 0.025136007 
684 994 17 22 0.025112573 
672 869 9 12 0.025083087 
541 930 13 17 0.025072929 
470 1006 17 25 0.025048079 
1012 1203 12 18 0.025046239 
622 830 8 11 0.025044076 
530 820 12 15 0.02503525 
552 764 9 11 0.025030177 
515 1319 20 30 0.02502558 
80 966 8 11 0.02501011 
509 1054 9 12 0.024979925 
502 700 8 11 0.024976552 
625 689 7 10 0.024947653 
217 1229 12 15 0.0249448 
502 975 11 13 0.024936192 
2 1209 14 18 0.024920655 
558 686 7 9 0.024905952 
658 815 9 11 0.024905484 
568 750 8 9 0.024904853 
343 822 7 9 0.024870774 
638 1168 13 15 0.024837663 
506 617 7 10 0.024832074 
434 679 7 9 0.024795337 
703 1135 10 13 0.024785345 
695 1135 10 13 0.02477246 
807 1068 8 10 0.024767173 
704 1163 12 14 0.024763256 
554 655 8 10 0.024762306 
287 1091 9 11 0.024738833 
653 1126 11 15 0.024723701 
513 710 8 10 0.024716465 
519 600 8 9 0.024685824 
742 1263 13 17 0.024671925 
535 517 7 10 0.024663039 
691 1267 14 16 0.024657173 
15 1067 10 14 0.024650889 
456 684 8 11 0.024642732 
454 1139 11 14 0.024636935 
342 727 7 10 0.024636012 
363 703 7 10 0.024629625 
46 1145 12 16 0.024610976 
159 1230 12 15 0.024606282 
279 973 9 12 0.024595797 
119 1098 13 14 0.024587756 
496 990 9 13 0.024571024 
597 1230 11 13 0.02456354 
647 639 8 9 0.024524087 
288 743 7 8 0.024519837 
741 970 13 16 0.024500184 
546 711 8 10 0.024498673 
559 695 8 11 0.02449706 
666 1347 14 17 0.024463894 
280 967 9 12 0.024455152 
296 1055 8 10 0.024454538 
442 1235 12 15 0.024450028 
104 469 10 12 0.024437979 
225 1232 15 20 0.024426308 
62 841 10 12 0.024423389 
304 996 9 12 0.024417263 
359 1034 9 12 0.024406355 
926 855 8 10 0.024402859 
390 1095 7 10 0.024390424 
286 982 8 12 0.02438897 
733 861 9 10 0.024376256 
376 677 8 10 0.02436634 
577 1038 9 11 0.024360856 
656 1252 11 15 0.024349565 
390 1189 10 13 0.024339916 
344 870 9 11 0.024338888 
295 1061 9 11 0.024336869 
14 751 9 11 0.024327667 
133 1055 10 13 0.024316499 
553 600 8 10 0.024307143 
313 777 7 9 0.024306815 
439 614 8 10 0.024297511 
353 648 7 9 0.024291249 
181 1055 10 13 0.024287835 
974 1220 10 13 0.024286356 
974 1163 16 18 0.024270328 
148 1030 11 13 0.02426947 
691 992 13 14 0.02426056 
226 953 19 22 0.024253272 
435 1143 20 24 0.02425151 
163 528 12 15 0.024249468 
519 693 8 10 0.02424864 
54 756 10 12 0.024248082 
740 1249 16 22 0.024231011 
53 1197 12 14 0.024228917 
701 1201 13 17 0.024214337 
293 1173 13 15 0.024207296 
630 1099 12 16 0.024191324 
195 1079 16 22 0.02418466 
651 1004 12 14 0.024163133 
664 972 8 12 0.024160754 
407 654 8 10 0.024152717 
575 687 8 9 0.02415246 
583 1011 9 12 0.024146501 
921 848 8 10 0.024139538 
815 1037 8 11 0.024138639 
149 808 243 253 0.024134977 
789 979 9 12 0.024123797 
798 960 9 11 0.024123056 
37 456 9 11 0.024115955 
24 750 9 12 0.02411363 
545 541 8 10 0.024109295 
329 872 8 10 0.024109075 
521 663 7 9 0.024105284 
751 851 9 12 0.02410128 
392 1182 10 13 0.024086699 
333 1147 11 14 0.024084993 
431 718 8 10 0.024082832 
198 886 11 14 0.024077956 
672 1204 12 15 0.024044057 
621 968 9 13 0.024036573 
206 963 9 11 0.024025947 
644 987 20 24 0.024024379 
504 528 8 10 0.024004417 
63 1181 9 12 0.023980903 
109 1120 14 16 0.02397967 
213 1111 10 13 0.023976237 
5 477 9 11 0.023973925 
314 1007 8 11 0.023970423 
766 831 8 10 0.02394369 
84 968 10 12 0.023927232 
551 1247 9 13 0.02391076 
256 977 19 22 0.023900792 
888 917 8 11 0.023887578 
310 1254 13 18 0.023875134 
647 957 10 13 0.023872327 
542 856 12 15 0.023871085 
815 1096 8 10 0.023866342 
902 1123 9 12 0.023851996 
415 687 8 11 0.023850475 
487 614 9 10 0.02384222 
943 1022 9 12 0.023838101 
888 911 9 11 0.023836749 
520 1299 11 15 0.023835516 
321 1046 9 11 0.02382747 
710 1183 12 14 0.023826618 
79 1068 11 13 0.023826092 
161 1022 10 12 0.023816349 
479 613 10 11 0.023806235 
717 983 9 12 0.023788925 
440 488 9 10 0.023786278 
497 996 9 12 0.023768133 
128 973 8 11 0.023761813 
170 821 8 11 0.023759969 
360 710 7 9 0.023743965 
442 992 21 27 0.023734475 
105 1046 10 13 0.02373151 
141 875 11 13 0.023730267 
206 1117 10 14 0.023723911 
88 1075 12 14 0.02370558 
244 1185 19 26 0.023702929 
569 725 7 10 0.02369779 
1 1271 14 19 0.023689637 
684 1180 12 16 0.02368141 
512 637 7 9 0.023671854 
725 1249 13 17 0.023665922 
6 1099 11 15 0.02364608 
653 1173 12 14 0.023641959 
251 857 19 21 0.023638617 
704 967 9 11 0.023630524 
369 625 8 8 0.023618521 
590 1133 11 14 0.023614174 
412 920 13 17 0.02359462 
319 1093 9 11 0.023591364 
559 485 7 9 0.023589473 
513 703 8 10 0.02357543 
649 1053 18 23 0.023552446 
205 1167 11 14 0.023545807 
689 807 8 10 0.02352143 
702 1095 11 13 0.023518817 
43 1262 14 17 0.023498839 
503 520 7 9 0.023488982 
460 1141 11 14 0.023463834 
695 1261 14 18 0.02345877 
594 1152 14 17 0.023457631 
221 996 10 13 0.023451714 
103 1149 12 14 0.023433657 
840 1212 12 16 0.023414481 
409 577 7 9 0.023411116 
307 728 7 8 0.02339919 
719 988 10 12 0.023393596 
158 917 9 11 0.023365706 
683 1043 20 24 0.02336477 
539 615 8 11 0.023362748 
580 1023 18 23 0.023354553 
659 1201 13 17 0.023346486 
26 432 7 10 0.02334453 
943 951 9 12 0.023329813 
448 535 8 9 0.023328891 
481 517 9 11 0.023314461 
909 948 10 14 0.023299133 
683 1070 19 23 0.023290759 
103 1230 12 14 0.023279745 
512 528 8 10 0.02325841 
9 1118 9 13 0.023228008 
137 894 9 11 0.02321875 
725 911 11 14 0.02320897 
591 1199 12 15 0.02318662 
246 967 10 12 0.023174543 
335 1216 13 15 0.023155073 
902 896 9 11 0.02313706 
456 782 8 10 0.023136884 
24 1016 9 12 0.023132773 
345 616 238 254 0.023131566 
412 1012 9 11 0.023130191 
253 1060 13 15 0.023127524 
278 1179 19 24 0.023121256 
425 1096 8 9 0.023112917 
654 1182 14 16 0.02306674 
464 757 8 10 0.023065476 
594 1300 11 15 0.023055483 
716 1314 14 20 0.02301144 
818 1069 7 9 0.02300753 
398 1000 9 12 0.023005038 
326 711 8 10 0.023003226 
553 613 9 11 0.022992652 
320 870 7 9 0.022992192 
190 1196 10 15 0.02298805 
84 445 8 11 0.022965966 
733 1204 13 15 0.022962645 
765 1046 10 12 0.022953244 
193 775 7 9 0.022947589 
65 1018 19 22 0.022944268 
624 735 8 10 0.022935286 
734 971 12 16 0.022927687 
263 1170 11 15 0.022920927 
31 869 10 13 0.022915943 
375 853 8 10 0.022907432 
807 1335 17 22 0.02285298 
687 907 9 12 0.022837257 
240 1116 11 14 0.022831593 
334 869 8 10 0.02282319 
33 793 9 11 0.022807762 
672 1213 11 14 0.022798847 
327 1147 11 13 0.022793123 
314 1161 18 23 0.0227857 
280 912 9 12 0.022784878 
381 1157 11 13 0.022779154 
437 957 19 24 0.02276746 
237 1206 16 18 0.022754405 
599 955 9 12 0.022721179 
512 483 7 9 0.02271182 
589 1285 10 12 0.022700468 
151 966 9 11 0.022698265 
246 1019 11 14 0.022697566 
44 1074 11 14 0.02268071 
584 1071 9 13 0.022671985 
29 851 10 14 0.022660708 
591 1071 11 14 0.022659224 
551 702 8 10 0.022656536 
614 1252 12 14 0.022654852 
461 1171 12 18 0.022651369 
825 1110 8 11 0.022645937 
144 263 9 12 0.022639738 
920 881 8 9 0.022622338 
317 1151 11 13 0.022619363 
722 791 7 10 0.0226115 
195 1042 19 22 0.022601921 
709 1080 9 13 0.022599626 
647 1189 12 15 0.0225888 
734 807 8 9 0.022587255 
150 942 10 12 0.022576565 
510 1317 11 14 0.02257481 
309 1054 9 11 0.022552142 
393 726 8 10 0.022550616 
543 559 8 9 0.022543492 
103 1198 10 13 0.02253411 
845 848 9 12 0.022529626 
574 974 9 11 0.02252872 
87 440 8 10 0.022523988 
544 592 7 9 0.022503631 
225 744 7 9 0.022493985 
248 989 11 13 0.022475928 
432 741 8 10 0.022461064 
273 805 8 11 0.02245909 
783 991 8 11 0.022457954 
400 735 8 10 0.022444863 
524 1300 12 17 0.022442395 
391 735 8 10 0.022440651 
455 630 7 10 0.022439966 
56 1237 20 26 0.022439955 
536 485 8 10 0.022439621 
87 1023 9 12 0.022432044 
496 621 8 10 0.022419441 
304 1047 9 11 0.022416232 
641 687 7 10 0.022403702 
561 774 9 12 0.022391347 
125 919 9 12 0.022361701 
907 940 11 14 0.022347035 
513 600 8 10 0.02231999 
328 1014 8 11 0.022304218 
121 950 8 11 0.022297036 
176 925 9 11 0.022296058 
58 1006 9 12 0.022286665 
683 1051 11 14 0.022278685 
846 885 9 12 0.022255028 
321 948 9 11 0.022239987 
416 651 9 11 0.022239417 
353 822 6 9 0.022229435 
150 844 8 11 0.022211457 
686 663 9 11 0.022208849 
727 792 8 10 0.022208279 
524 958 10 15 0.022207193 
936 886 8 9 0.022201685 
551 1323 13 18 0.022174753 
359 733 7 10 0.022173556 
636 1003 11 14 0.022164386 
189 894 10 13 0.022162832 
702 1150 20 23 0.02215918 
496 551 9 11 0.022144543 
63 1068 11 15 0.022135066 
557 820 10 12 0.022134695 
441 526 8 10 0.02213019 
151 383 7 9 0.022102257 
382 1023 8 10 0.022102095 
196 1137 11 15 0.022098457 
877 1011 11 15 0.02207751 
400 1002 20 23 0.02206352 
295 1014 9 12 0.022055784 
760 878 8 10 0.022049798 
654 1037 11 13 0.022028392 
591 925 9 12 0.0220283 
84 1056 18 23 0.022022476 
753 1109 9 12 0.022003034 
396 1210 12 16 0.021993432 
895 869 9 11 0.021988336 
852 973 10 13 0.021985672 
698 1096 18 24 0.021978337 
344 736 8 9 0.021975536 
534 916 11 13 0.021967098 
385 671 8 10 0.021964623 
766 870 9 11 0.021963859 
535 653 9 10 0.021959377 
785 1092 9 11 0.021959322 
778 997 8 11 0.021946346 
33 445 8 10 0.021945206 
838 1006 9 11 0.021934757 
279 1233 14 17 0.0219287 
568 701 8 10 0.021917287 
517 998 9 13 0.02191063 
415 1206 10 14 0.021899575 
679 1019 12 16 0.021899087 
952 871 8 10 0.021897608 
768 925 11 14 0.021888135 
528 545 8 10 0.02188291 
183 871 10 13 0.02187268 
82 973 10 13 0.021854626 
647 869 9 11 0.021848455 
446 591 9 10 0.021846993 
536 870 10 12 0.021845607 
208 876 9 11 0.021840371 
576 924 11 13 0.021834666 
343 766 8 11 0.0218316 
45 1156 13 17 0.02183096 
249 759 7 9 0.021828506 
447 486 9 11 0.021826683 
341 862 8 10 0.02182516 
922 1135 10 12 0.021818804 
346 1221 11 14 0.021809386 
713 928 8 11 0.021807507 
782 1035 9 11 0.021800958 
661 811 19 23 0.021798335 
149 837 10 13 0.021779876 
787 1230 11 14 0.02177709 
327 884 10 13 0.021770151 
676 1229 21 26 0.0217689 
810 1104 7 9 0.021747248 
595 1054 11 15 0.021740159 
569 1027 9 11 0.02172664 
218 820 8 12 0.021723377 
655 964 10 14 0.021713858 
375 1165 10 13 0.021713661 
528 519 7 10 0.021711867 
192 1055 11 13 0.021709433 
518 1073 14 17 0.021697383 
120 991 9 12 0.0216804 
489 694 8 10 0.021676209 
248 974 10 13 0.021675173 
142 949 10 13 0.021665562 
99 1085 12 15 0.021652222 
585 775 7 9 0.021635333 
55 1124 11 16 0.021624519 
151 1221 10 14 0.02162306 
431 1059 9 11 0.021616133 
22 878 9 11 0.021583209 
622 669 8 10 0.021581335 
183 862 9 10 0.021576563 
701 1276 15 16 0.021571804 
209 940 8 10 0.021568714 
222 772 9 12 0.021518134 
376 1158 9 12 0.021516042 
37 792 10 13 0.021512888 
253 913 17 23 0.021506976 
746 868 8 10 0.021495666 
777 1036 9 10 0.02148619 
248 902 9 10 0.021421064 
467 693 7 10 0.021415746 
505 671 8 11 0.021410264 
775 1114 9 12 0.021409806 
509 940 11 14 0.021408498 
814 1031 9 11 0.021400597 
855 1233 11 15 0.021382714 
920 1013 8 10 0.02135798 
637 1273 12 15 0.0213326 
359 958 9 11 0.021317067 
422 1311 14 17 0.021315629 
711 871 8 11 0.02131316 
894 1102 8 11 0.021311019 
112 1189 12 15 0.021307945 
552 592 8 8 0.02130719 
368 1149 9 12 0.021305958 
555 648 7 9 0.021303209 
583 902 10 14 0.021275284 
525 980 11 14 0.021275032 
519 652 8 11 0.021272022 
861 1021 11 14 0.021267015 
416 719 7 10 0.021266159 
593 1241 19 23 0.021259587 
455 606 9 10 0.021258706 
495 1023 8 11 0.021250898 
39 445 8 9 0.021222828 
626 998 10 12 0.021218779 
928 878 8 9 0.021216545 
199 768 8 10 0.021204542 
447 584 8 9 0.021203874 
190 871 9 12 0.02118895 
23 870 9 12 0.021184778 
312 870 7 10 0.021181982 
542 639 8 11 0.021168878 
279 870 243 258 0.021159416 
670 966 10 13 0.021158362 
527 945 11 14 0.021154104 
409 632 8 10 0.021136856 
632 807 240 256 0.021117661 
475 1159 12 14 0.0211152 
500 1179 12 18 0.021107735 
304 1061 10 11 0.02110395 
684 1080 13 17 0.021096962 
602 879 19 23 0.021067107 
175 1315 13 19 0.021061085 
553 673 7 10 0.021054814 
124 1066 18 24 0.02103444 
546 512 7 9 0.021033218 
409 727 8 9 0.02102322 
713 667 9 12 0.021023208 
160 1028 11 13 0.021017667 
666 1264 14 16 0.021017097 
833 1038 8 12 0.021007769 
104 925 19 25 0.021006146 
17 1040 10 11 0.021005385 
48 469 9 11 0.021000091 
447 647 8 10 0.021000061 
480 536 7 9 0.020995392 
806 1052 7 11 0.020985976 
470 872 246 255 0.020981032 
288 1064 9 11 0.020978395 
544 701 8 10 0.020970298 
62 1006 10 12 0.020954885 
280 767 9 9 0.020953517 
134 798 7 10 0.02094884 
717 1119 17 22 0.02094626 
816 876 11 14 0.020944314 
269 1070 11 14 0.020942543 
416 752 8 10 0.020933516 
545 607 8 9 0.020933485 
382 1206 13 16 0.020932812 
488 757 8 11 0.020932736 
761 981 10 12 0.020931061 
86 1182 12 16 0.020925842 
608 1224 10 13 0.020925796 
910 997 10 12 0.020919237 
248 1013 11 14 0.020909704 
80 453 9 11 0.020907937 
199 756 9 11 0.020907015 
477 1197 11 14 0.020896345 
313 712 7 9 0.020894667 
63 1283 13 17 0.020894246 
581 606 9 11 0.020888682 
319 807 8 10 0.02087719 
71 1155 10 13 0.020856647 
250 1276 13 16 0.020855915 
249 895 9 11 0.020842005 
2 871 9 13 0.02082717 
65 1061 11 14 0.020818999 
263 932 10 12 0.02081722 
455 598 9 11 0.020813495 
393 1028 9 11 0.020810736 
321 704 7 9 0.020810548 
472 1204 11 15 0.0208081 
399 725 8 10 0.020808024 
477 1204 11 16 0.02078612 
213 1031 10 12 0.020785734 
95 358 8 9 0.020785546 
880 994 9 11 0.02076658 
681 692 9 13 0.020750199 
624 950 10 11 0.020747893 
400 957 9 11 0.020747725 
533 1202 12 15 0.020733027 
448 713 8 11 0.020732373 
632 1332 14 17 0.020730896 
214 710 241 254 0.020724878 
529 1038 20 22 0.020724759 
33 968 8 10 0.020719884 
56 973 10 11 0.02071723 
256 1155 10 14 0.020704774 
716 1159 18 21 0.020698532 
301 1208 10 13 0.020697145 
431 497 8 10 0.020687861 
77 959 7 11 0.020677345 
174 1054 10 13 0.020670211 
329 860 10 12 0.020668123 
289 942 8 11 0.02066166 
413 1229 10 14 0.020660104 
336 782 8 9 0.020657912 
574 477 9 11 0.02065119 
544 653 7 10 0.020635564 
118 900 9 11 0.02063382 
608 1211 10 14 0.0206242 
97 1008 9 12 0.020596657 
829 1212 12 15 0.020593937 
79 1036 10 13 0.020593582 
596 937 18 21 0.020584825 
378 688 7 10 0.020583086 
784 1024 8 11 0.020575635 
368 849 8 10 0.020566324 
496 1159 11 14 0.020558044 
0 1108 8 13 0.020555545 
509 1029 9 11 0.020555187 
63 440 7 9 0.020554839 
407 877 12 14 0.020553365 
898 839 8 10 0.020541344 
511 810 9 12 0.020526761 
471 678 8 11 0.020519467 
665 734 7 10 0.02051435 
927 1156 10 13 0.020494139 
456 526 8 10 0.02048821 
625 919 19 22 0.020487513 
110 1030 11 12 0.020476595 
667 1317 13 16 0.020466242 
539 1188 13 17 0.020453371 
371 1193 14 16 0.020452863 
375 616 7 9 0.020439405 
59 845 9 11 0.020438278 
751 822 7 9 0.02043336 
32 916 9 13 0.02043307 
684 974 12 15 0.020431245 
625 798 8 11 0.020427315 
832 876 10 12 0.020419551 
433 1224 19 25 0.020415716 
361 837 7 10 0.020414138 
38 1254 12 16 0.02038311 
481 649 8 9 0.020372506 
598 816 10 11 0.020364856 
488 997 8 11 0.020359699 
607 831 9 11 0.020350497 
98 967 9 11 0.020334035 
944 882 8 9 0.020331515 
625 878 10 13 0.02033048 
527 501 8 10 0.020328896 
870 884 9 12 0.020325206 
834 1049 17 20 0.020321282 
231 1094 8 11 0.020316867 
470 520 9 11 0.02031447 
443 520 8 10 0.020288514 
424 740 8 10 0.020287791 
494 820 9 12 0.020279432 
600 864 18 22 0.020278782 
494 1091 9 11 0.020278659 
513 963 11 14 0.020276703 
617 790 8 11 0.020275457 
525 582 7 9 0.020274086 
64 812 8 10 0.020260355 
656 931 9 12 0.020258121 
313 942 9 11 0.020255236 
103 463 9 11 0.020237613 
547 502 7 10 0.020225534 
632 735 8 10 0.020205492 
169 815 8 11 0.02020548 
499 1235 21 29 0.020195536 
167 1013 11 13 0.02019511 
141 1185 14 17 0.020191234 
581 994 17 22 0.020183569 
569 950 8 11 0.020179067 
911 1173 8 12 0.020174311 
185 949 9 12 0.02017311 
643 840 18 21 0.020169845 
201 1022 10 11 0.020160513 
801 1054 7 10 0.02016003 
325 1030 9 11 0.020159706 
272 767 8 9 0.020158418 
294 1085 9 12 0.020151645 
578 907 19 24 0.020147385 
285 1251 21 27 0.020132137 
35 915 12 15 0.020125112 
447 525 8 10 0.020118246 
236 1197 15 18 0.020107085 
679 1262 12 16 0.020104118 
843 1094 9 12 0.020097617 
310 1101 9 11 0.02008846 
679 908 9 12 0.02008682 
604 1062 12 15 0.020082965 
518 1323 11 18 0.020077907 
199 877 10 12 0.020077262 
31 752 10 11 0.020066798 
199 806 9 10 0.020066101 
339 1129 17 22 0.020055732 
150 901 10 12 0.020046536 
325 1169 20 25 0.020046383 
591 501 8 9 0.020040413 
490 598 7 9 0.020036787 
485 1191 19 24 0.02002492 
383 687 8 10 0.020022403 
376 693 8 11 0.020020762 
236 1188 12 16 0.020009516 
188 990 11 14 0.020002984 
