21_Festival_Festival_21_640
40
168 251 10 13 0.09455723 
173 249 11 14 0.09422286 
320 319 10 11 0.09317764 
46 438 24 32 0.09312471 
1001 190 9 13 0.0680929 
169 223 9 13 0.05599188 
232 318 10 13 0.051501263 
620 599 12 15 0.048877954 
913 341 25 30 0.048413247 
110 237 10 13 0.046057403 
667 485 11 14 0.04159289 
922 347 15 17 0.036415696 
173 226 10 14 0.03603444 
183 366 8 10 0.035473026 
42 370 12 15 0.035154406 
53 423 12 14 0.033760555 
160 247 10 14 0.03169143 
1008 511 7 10 0.03164164 
230 323 9 13 0.031074587 
908 348 14 16 0.03024714 
742 399 7 9 0.029639155 
166 237 11 14 0.029278493 
999 195 11 16 0.028891752 
869 440 9 11 0.02661 
109 249 13 15 0.025953777 
199 434 11 14 0.025360867 
126 429 13 15 0.025237732 
83 379 13 17 0.024812067 
64 371 10 13 0.024759285 
184 373 9 12 0.024474502 
313 318 9 12 0.024043454 
82 374 10 12 0.023857366 
1009 439 9 10 0.023188991 
236 317 11 15 0.023010138 
41 427 24 30 0.021916771 
999 205 10 16 0.021883124 
1007 517 8 10 0.021060068 
598 614 13 17 0.020858437 
192 389 8 10 0.020738654 
663 454 8 9 0.02022012 
