21_Festival_Festival_21_585
404
122 333 23 29 0.98269063 
201 316 15 21 0.8407245 
22 236 11 14 0.7995443 
58 349 19 25 0.72813743 
26 258 13 16 0.6541167 
114 284 16 19 0.648049 
17 301 14 16 0.62373674 
198 244 11 15 0.5660311 
564 57 36 37 0.56446004 
20 354 17 22 0.53996575 
256 339 17 21 0.51340276 
309 325 14 17 0.48641968 
79 286 11 14 0.48381123 
183 338 19 25 0.45348206 
215 290 12 16 0.41339147 
20 325 17 22 0.37791482 
60 257 13 16 0.3592651 
293 244 11 14 0.3557863 
188 398 25 35 0.33575568 
288 530 15 17 0.33150813 
124 303 17 20 0.3210219 
252 307 17 21 0.3079037 
33 209 9 11 0.2787683 
268 262 11 14 0.2762285 
6 207 10 13 0.26598853 
52 235 10 13 0.24707794 
251 277 13 16 0.23052067 
51 207 8 10 0.2281484 
95 256 11 13 0.20066787 
46 289 14 16 0.18307637 
94 199 7 10 0.17844437 
69 231 8 11 0.16951746 
110 237 9 11 0.15606174 
182 254 10 13 0.15228926 
553 -5 407 444 0.15065767 
50 232 9 12 0.14300333 
263 232 9 11 0.14280431 
79 221 9 11 0.14193587 
153 193 8 11 0.14028336 
130 280 15 17 0.13731776 
103 213 7 10 0.13073106 
250 415 16 20 0.12735969 
159 240 9 11 0.1221726 
0 346 12 22 0.11626337 
77 280 10 15 0.1139673 
208 373 13 17 0.113032855 
72 201 8 11 0.11243254 
123 281 15 18 0.11169128 
0 348 20 30 0.11055075 
645 83 213 262 0.109263465 
323 530 12 15 0.10794926 
152 470 19 24 0.107342914 
198 192 8 10 0.10635143 
175 254 11 13 0.09700147 
175 191 8 10 0.096607745 
130 206 7 10 0.09608768 
369 64 23 34 0.092838384 
32 183 9 10 0.08816528 
79 244 10 12 0.087407 
114 199 8 9 0.08615766 
367 523 12 15 0.0817901 
210 344 14 18 0.07684108 
96 231 8 10 0.07468889 
264 254 10 13 0.07358873 
553 271 17 23 0.07247675 
551 534 8 10 0.07132698 
98 214 8 10 0.07131374 
81 216 9 11 0.07013103 
100 255 11 13 0.06925269 
61 276 12 16 0.068748236 
275 549 12 14 0.06837199 
265 340 15 18 0.067829356 
195 193 7 10 0.06757274 
551 559 7 9 0.06724098 
271 300 10 14 0.06604283 
561 551 7 9 0.06521076 
128 181 8 10 0.06423289 
12 355 19 25 0.06403369 
51 286 14 16 0.063995555 
56 256 11 14 0.061871067 
506 495 8 10 0.06014465 
249 271 10 13 0.0601406 
169 255 9 12 0.059980836 
160 214 9 11 0.059862927 
283 401 14 17 0.05961055 
559 50 13 18 0.059256 
476 535 9 11 0.05848994 
552 529 7 8 0.058375753 
235 389 14 18 0.05800739 
121 166 9 10 0.05594065 
428 533 10 14 0.055827618 
253 272 10 14 0.0556599 
197 310 15 20 0.055632945 
235 499 12 16 0.055062246 
210 459 15 17 0.054804325 
191 320 15 19 0.05406801 
86 214 8 11 0.053931896 
176 197 8 10 0.053346615 
53 242 11 14 0.052868374 
128 176 7 10 0.052512467 
119 287 20 25 0.05242139 
536 535 8 10 0.051532224 
38 198 8 10 0.051496238 
58 313 16 20 0.051055677 
175 229 9 13 0.050051324 
324 278 10 14 0.049790137 
193 344 15 20 0.04952372 
119 192 9 10 0.049207658 
231 244 13 15 0.049044944 
544 520 8 10 0.048847962 
159 367 20 26 0.04853712 
259 318 16 21 0.048189245 
61 265 14 18 0.048057698 
543 525 8 10 0.047928806 
161 177 7 10 0.047707397 
187 349 15 19 0.047502823 
353 508 10 12 0.0474541 
88 408 24 34 0.047040522 
70 277 11 15 0.046962265 
157 192 8 11 0.046736088 
409 223 470 512 0.045871366 
595 167 405 490 0.045558605 
271 525 13 16 0.04529029 
443 541 12 15 0.04513542 
220 244 12 14 0.044804867 
264 265 12 15 0.044364206 
527 520 9 10 0.044316173 
316 282 13 16 0.044066712 
18 314 16 20 0.04398285 
536 525 9 11 0.043871433 
81 289 14 17 0.04377212 
542 545 9 9 0.043749455 
367 0 395 487 0.043461032 
141 261 11 14 0.04338667 
520 454 9 13 0.043184288 
560 518 8 10 0.04312605 
64 224 8 9 0.042980988 
32 197 9 11 0.04290461 
414 560 15 18 0.04259387 
342 519 10 12 0.042370718 
562 543 8 10 0.042212963 
268 305 14 18 0.042133644 
310 278 12 16 0.041949533 
448 519 10 12 0.04152664 
245 244 13 16 0.040932182 
674 114 141 137 0.04070446 
437 508 11 13 0.040667523 
569 526 8 9 0.040636536 
49 355 28 31 0.04059037 
208 183 7 10 0.040012076 
567 521 8 10 0.03986054 
0 283 11 17 0.03970393 
20 463 15 19 0.039493635 
347 493 11 14 0.039464258 
165 215 8 10 0.039445184 
550 583 7 10 0.038948573 
541 550 8 10 0.038940288 
538 543 8 10 0.03873148 
88 175 8 9 0.038379308 
191 239 19 23 0.037696134 
521 527 8 9 0.037665717 
254 584 54 62 0.037453838 
105 239 9 11 0.03714989 
236 249 13 15 0.036762476 
159 261 9 11 0.036527157 
440 351 10 12 0.036240984 
268 322 15 18 0.036135383 
545 576 7 8 0.036006387 
110 278 15 18 0.03580538 
38 182 8 11 0.03570601 
232 237 11 14 0.035676397 
32 189 9 11 0.035636414 
527 525 8 10 0.035577726 
464 509 10 12 0.03547633 
109 269 12 14 0.035340257 
454 509 10 12 0.035215367 
219 298 12 15 0.035141315 
317 526 20 25 0.034877405 
26 349 23 29 0.03487464 
140 300 15 21 0.0348364 
186 168 7 9 0.03478249 
47 223 8 10 0.03453015 
166 180 9 11 0.03452147 
126 189 9 10 0.03441561 
3 277 12 16 0.03405645 
111 242 9 12 0.033960152 
552 542 8 10 0.033688977 
439 502 9 12 0.033639904 
62 183 7 9 0.033532884 
73 224 8 10 0.033443738 
553 503 8 9 0.03329233 
200 340 21 25 0.032710403 
320 270 9 12 0.032679476 
24 197 9 11 0.03260662 
438 494 9 11 0.032594346 
239 222 12 13 0.032558918 
566 541 9 10 0.032550987 
201 393 18 24 0.03247736 
208 316 15 18 0.032430828 
261 302 13 17 0.03207192 
165 245 10 12 0.032053154 
559 487 10 10 0.03197477 
489 423 10 11 0.031807393 
238 229 12 12 0.03159177 
302 514 11 15 0.031342275 
118 222 9 11 0.031289116 
271 231 10 12 0.031270526 
559 510 8 10 0.031268086 
144 198 8 10 0.030962981 
357 517 12 15 0.030885601 
134 206 9 10 0.030872943 
183 182 7 9 0.030788714 
145 232 8 11 0.030787269 
255 252 11 13 0.030771552 
199 231 9 11 0.030679947 
201 183 8 9 0.030643575 
64 311 20 24 0.030592078 
116 319 26 32 0.030482806 
79 207 8 10 0.030341249 
84 245 9 12 0.030190852 
268 331 14 18 0.03014579 
19 332 22 28 0.030005028 
448 575 9 12 0.029918412 
103 245 10 12 0.029847842 
112 214 8 10 0.029753432 
96 206 8 10 0.029688539 
518 460 9 15 0.029469842 
40 289 14 16 0.029419018 
562 559 8 9 0.029109709 
568 43 28 36 0.028760416 
896 103 11 12 0.028658235 
288 241 20 24 0.028589182 
76 312 16 20 0.02856298 
40 231 9 11 0.028459689 
265 313 16 21 0.028359838 
447 509 11 13 0.028191257 
544 511 8 9 0.028066488 
414 530 11 14 0.028051268 
355 152 273 297 0.027990403 
118 298 16 21 0.027939433 
473 540 8 11 0.027927682 
275 306 14 18 0.027920095 
72 279 18 23 0.027796818 
253 367 14 19 0.027666805 
53 297 13 16 0.027605573 
504 499 9 11 0.027363252 
1 210 10 13 0.027276743 
289 240 10 13 0.027254345 
88 207 8 10 0.027097845 
235 332 13 17 0.027003165 
129 201 7 10 0.02697514 
113 207 8 9 0.02683829 
559 49 23 30 0.026657976 
454 501 10 13 0.026648093 
203 239 12 16 0.02661507 
558 505 8 9 0.026588516 
10 211 11 13 0.026472237 
177 184 8 9 0.026467012 
103 232 8 10 0.026313012 
79 229 9 10 0.0263072 
76 295 14 16 0.026044207 
258 276 14 16 0.0257976 
26 183 8 10 0.025586367 
560 536 9 11 0.025527218 
25 190 8 11 0.025520587 
64 216 8 10 0.025510233 
604 58 17 20 0.025470188 
18 238 11 13 0.025445618 
73 173 6 9 0.025416004 
465 503 10 11 0.025344344 
513 462 9 15 0.025336517 
71 143 8 10 0.025315613 
0 398 11 22 0.025301943 
198 399 28 36 0.025239162 
66 199 7 11 0.025214529 
574 567 8 11 0.025055917 
65 144 7 9 0.025032293 
216 239 11 15 0.024954265 
40 220 9 12 0.024945542 
153 238 9 12 0.024944173 
236 391 22 28 0.024942284 
126 460 23 29 0.02481858 
432 510 11 12 0.024813069 
469 580 9 12 0.024801245 
185 174 8 11 0.024769701 
332 547 11 13 0.024710298 
535 415 11 13 0.024507204 
63 235 10 12 0.024274638 
88 260 11 14 0.024204286 
464 493 11 12 0.024177196 
120 254 9 11 0.024169462 
360 58 25 34 0.024134425 
121 160 8 10 0.02412899 
304 174 8 10 0.024056096 
159 252 10 13 0.024047712 
17 231 10 11 0.02401653 
480 487 9 10 0.02398797 
239 183 9 10 0.023927232 
567 536 8 11 0.023890087 
372 60 16 23 0.023856545 
25 175 8 10 0.023844313 
242 441 27 31 0.023828186 
520 445 9 12 0.023732841 
89 192 8 10 0.023695705 
145 192 8 10 0.02368117 
49 213 8 10 0.023649365 
170 191 9 10 0.02364362 
27 243 12 14 0.02359474 
196 325 17 21 0.02351144 
293 389 13 17 0.023452835 
142 247 9 11 0.02339536 
109 254 11 12 0.023375748 
588 56 27 30 0.02335665 
46 297 14 17 0.023254583 
80 173 7 10 0.023253663 
23 223 8 11 0.023242883 
143 207 9 10 0.023136383 
480 504 9 10 0.023118084 
205 450 23 29 0.023114286 
204 443 13 16 0.023109298 
208 189 7 10 0.023011034 
545 558 8 10 0.02295219 
553 519 7 9 0.022927228 
227 372 14 18 0.02287896 
15 243 11 14 0.022878742 
494 539 14 18 0.022834426 
280 236 10 12 0.022824652 
191 174 7 9 0.022803426 
414 76 15 19 0.022766264 
275 260 10 13 0.022756543 
129 307 18 24 0.022709042 
554 552 8 9 0.022707675 
520 536 8 9 0.022508288 
519 541 8 11 0.022499215 
272 554 11 14 0.02249493 
115 310 19 21 0.022349901 
504 519 8 11 0.022318553 
827 391 48 57 0.022234824 
299 246 11 14 0.02221788 
566 560 8 9 0.022202916 
74 392 17 22 0.022184342 
497 180 10 14 0.022184044 
519 509 8 10 0.022109723 
534 567 9 10 0.022061499 
206 266 10 14 0.022053318 
549 260 15 21 0.022029357 
169 230 9 11 0.022012824 
151 184 7 9 0.021956937 
248 190 7 10 0.021934502 
518 503 9 10 0.021897122 
97 224 8 10 0.021866744 
36 212 10 12 0.021806154 
55 277 21 25 0.021746254 
137 460 28 32 0.021721771 
79 169 7 9 0.021713082 
7 253 11 13 0.02169628 
212 238 20 25 0.021677503 
529 534 7 10 0.02161735 
72 214 8 10 0.021594709 
260 251 20 26 0.021560298 
244 267 21 28 0.021518702 
287 555 13 14 0.021496851 
150 230 9 11 0.021439146 
141 254 11 13 0.021320874 
440 485 9 11 0.021266356 
136 200 8 9 0.021221898 
552 567 7 9 0.021119976 
513 527 7 9 0.0211083 
528 566 10 11 0.02110711 
83 295 14 18 0.02109926 
32 176 8 10 0.021083105 
97 143 7 10 0.020990402 
213 306 13 17 0.020986052 
493 510 8 10 0.020949714 
301 251 11 14 0.020947644 
77 199 9 10 0.020947393 
64 151 8 10 0.020930337 
126 253 9 12 0.0208613 
204 385 18 22 0.020825274 
553 510 9 10 0.020792915 
232 377 21 28 0.020769509 
424 508 10 13 0.020738157 
154 245 9 12 0.020708999 
350 501 12 14 0.020656446 
67 255 12 15 0.0206496 
97 237 8 10 0.020637989 
48 151 8 11 0.020630993 
16 189 8 11 0.020587191 
93 254 20 23 0.020572292 
32 150 8 11 0.020531865 
488 509 9 11 0.020509176 
461 525 11 14 0.020421006 
550 269 29 34 0.02036363 
262 293 13 17 0.020342998 
550 64 48 57 0.020275902 
464 580 10 13 0.020273188 
81 191 8 10 0.02026648 
192 407 44 52 0.020201556 
143 213 9 11 0.020094493 
112 193 8 10 0.020090947 
170 198 8 10 0.020051531 
560 573 8 10 0.02004201 
226 242 22 26 0.020027561 
49 201 7 9 0.02000691 
