21_Festival_Festival_21_100
83
674 102 134 171 0.99855024 
432 449 125 155 0.9649302 
78 179 21 29 0.7719879 
100 172 23 32 0.52787316 
89 175 24 31 0.32216036 
409 84 52 70 0.2399401 
122 327 28 36 0.2384579 
151 353 13 19 0.2301468 
21 240 28 32 0.21963876 
491 542 38 42 0.17005524 
163 157 19 23 0.16983062 
399 312 31 34 0.16750883 
239 344 54 85 0.16425878 
301 284 28 36 0.1246196 
54 205 25 32 0.12240137 
27 287 50 59 0.11640389 
-1 207 23 34 0.11123946 
10 241 26 33 0.10872943 
6 244 39 49 0.08241574 
37 194 22 30 0.07423098 
328 441 29 40 0.07071661 
392 307 46 60 0.06623129 
106 167 14 18 0.05104588 
521 606 53 60 0.049773492 
58 217 26 31 0.044694528 
34 137 13 20 0.03914492 
141 342 22 31 0.038570948 
408 303 30 37 0.036680114 
607 407 67 76 0.03610888 
316 386 27 34 0.03559123 
702 239 400 467 0.034723356 
111 319 49 55 0.034216966 
2 203 17 22 0.032407705 
87 252 24 30 0.032233004 
262 481 97 125 0.032199215 
528 487 32 40 0.031403568 
892 97 50 67 0.03138953 
151 445 14 19 0.030394545 
307 468 50 83 0.030110015 
463 514 80 83 0.03010796 
191 143 53 69 0.029959207 
83 175 15 19 0.028816275 
387 310 30 35 0.028430453 
369 341 46 58 0.02840798 
333 376 28 32 0.027660577 
334 384 15 20 0.027222166 
653 135 15 21 0.02703975 
162 159 29 36 0.02620938 
88 249 15 20 0.025860384 
874 490 35 38 0.025616825 
61 231 25 30 0.025338206 
514 451 41 48 0.025174277 
381 255 57 79 0.024848685 
545 492 17 22 0.024413219 
106 412 15 19 0.024389008 
399 456 480 433 0.024352925 
124 341 31 36 0.023998085 
995 491 29 52 0.023846004 
361 240 58 69 0.023450075 
69 187 23 31 0.023411514 
588 647 11 14 0.023322048 
193 89 91 117 0.023270413 
1 227 25 39 0.023040561 
374 352 28 34 0.02301046 
0 371 13 27 0.022984263 
660 643 13 16 0.022831788 
529 592 38 51 0.022754429 
9 280 85 93 0.022712054 
279 261 52 68 0.022355521 
208 145 61 81 0.022210578 
183 485 54 73 0.0221089 
24 130 22 30 0.021890435 
909 467 27 26 0.021822156 
902 113 31 39 0.021739712 
217 259 165 216 0.021673905 
214 299 92 127 0.021248372 
269 532 67 79 0.021235872 
409 325 18 25 0.021171393 
210 95 48 67 0.020794088 
382 326 49 62 0.020626875 
39 241 17 23 0.020608721 
145 202 26 34 0.02052687 
152 154 25 31 0.020290604 
