21_Festival_Festival_21_107
524
595 188 49 56 0.9162015 
175 218 61 76 0.9055993 
792 198 27 33 0.90347916 
689 223 34 42 0.7289605 
604 243 39 41 0.5396831 
839 258 21 28 0.4970802 
845 188 16 22 0.4886416 
997 258 16 20 0.38324034 
198 531 50 62 0.37192023 
920 186 17 20 0.3579897 
946 265 18 20 0.3578722 
1001 193 15 18 0.33397794 
918 237 14 18 0.32343754 
565 198 31 37 0.32106337 
779 278 22 32 0.3027631 
723 229 29 35 0.28064522 
948 188 13 15 0.27948645 
599 216 50 57 0.27540383 
557 223 30 35 0.2731893 
966 189 12 14 0.26191247 
161 320 59 66 0.22563317 
846 237 15 20 0.21108429 
781 175 13 17 0.18814291 
881 245 17 19 0.18470906 
951 205 12 15 0.17860827 
765 227 24 34 0.17815866 
834 159 16 19 0.17526326 
862 219 15 18 0.17437753 
402 369 36 45 0.1707958 
928 260 13 16 0.17036176 
833 366 12 15 0.16859561 
150 145 49 61 0.16434038 
970 217 13 16 0.15273504 
634 268 28 38 0.15083875 
655 274 25 32 0.14938848 
444 150 46 54 0.13831173 
1006 215 14 15 0.1377574 
943 194 13 16 0.13228926 
966 249 15 17 0.12597331 
828 227 17 19 0.123700954 
906 179 12 16 0.12173303 
616 252 40 51 0.11989632 
323 414 25 36 0.11895166 
667 274 24 31 0.112223595 
990 221 13 14 0.11136526 
933 269 14 19 0.111159466 
942 236 13 15 0.11064767 
982 237 14 17 0.11035708 
965 270 13 16 0.11016513 
722 247 24 29 0.108782426 
1012 156 10 15 0.10816361 
706 327 17 20 0.10514376 
471 206 47 57 0.10373781 
771 332 26 31 0.10253736 
939 219 14 16 0.10219738 
967 213 13 15 0.10211083 
931 254 12 15 0.09955071 
1002 255 13 16 0.09849715 
862 154 15 17 0.09831934 
761 166 17 19 0.098128945 
906 173 13 15 0.09546947 
0 153 13 21 0.09339885 
818 251 17 19 0.09293666 
1014 239 9 13 0.09050571 
702 300 15 18 0.089246884 
882 187 15 17 0.0892399 
987 163 15 18 0.08871515 
933 212 13 16 0.08746243 
844 254 16 19 0.08661776 
198 110 11 14 0.08557601 
760 189 26 34 0.08508808 
732 233 17 20 0.08352969 
817 200 14 20 0.082976155 
72 250 77 99 0.08242516 
936 229 12 14 0.08189738 
395 329 16 19 0.08183012 
801 164 10 13 0.08115245 
809 278 17 20 0.08100109 
967 202 12 16 0.08038233 
924 274 15 18 0.08033721 
869 223 16 19 0.078761004 
908 217 14 18 0.078541994 
958 165 11 12 0.078198366 
578 198 34 39 0.07802186 
702 220 40 51 0.077963755 
955 209 14 16 0.076670974 
957 271 13 17 0.07400568 
301 124 10 13 0.07394532 
964 238 12 16 0.0738935 
891 273 14 18 0.07301259 
1015 270 9 14 0.072955765 
969 256 16 19 0.071306385 
1003 264 13 17 0.069386646 
999 182 11 13 0.06917729 
991 259 15 21 0.068028964 
902 185 13 16 0.067136355 
925 211 15 18 0.06639391 
1004 281 12 17 0.06629534 
408 203 13 17 0.06596538 
973 198 12 15 0.06583156 
756 331 22 31 0.06540282 
397 177 15 18 0.06484236 
788 279 24 30 0.06393898 
997 220 14 14 0.06255075 
567 231 29 36 0.062481362 
829 255 21 26 0.061571933 
980 198 10 14 0.061178297 
154 143 15 17 0.061139777 
744 273 19 23 0.060346104 
1013 261 9 14 0.059627786 
936 266 20 25 0.05861403 
1005 183 11 13 0.057695188 
870 239 23 26 0.057010688 
773 173 14 17 0.056744363 
1014 276 9 16 0.05661946 
378 360 49 61 0.056433413 
898 155 16 17 0.05643227 
136 538 44 50 0.056409087 
1014 227 10 14 0.05635138 
1006 237 11 14 0.05608417 
808 195 21 31 0.05598121 
679 313 26 33 0.055035483 
832 330 14 21 0.05484839 
702 368 28 34 0.054284688 
837 177 13 17 0.05420426 
894 162 15 16 0.05378116 
942 202 14 17 0.053729974 
498 1 167 232 0.053661454 
926 266 15 20 0.05360276 
838 187 16 21 0.05340652 
45 112 29 33 0.053187042 
143 100 88 114 0.05316349 
909 258 13 16 0.05246871 
891 225 14 17 0.052267093 
933 292 15 19 0.050587703 
668 289 25 33 0.05049079 
727 316 14 20 0.05043227 
785 172 14 17 0.050228804 
958 188 12 15 0.04997138 
669 220 15 20 0.04967484 
877 172 11 13 0.04920431 
591 240 36 40 0.04820249 
861 322 15 21 0.04793401 
144 133 24 29 0.047604572 
901 218 15 18 0.04758915 
637 398 45 71 0.047426224 
243 106 13 16 0.046746925 
879 180 13 14 0.045956824 
868 282 14 19 0.045909446 
834 231 18 21 0.045839928 
782 337 23 30 0.04570264 
991 214 12 14 0.045501538 
732 219 27 38 0.044890653 
820 219 13 18 0.04411625 
964 164 11 13 0.04393885 
762 323 24 32 0.04391873 
479 230 32 40 0.043709427 
939 210 15 18 0.043696247 
957 250 14 16 0.04360597 
771 240 25 30 0.04358706 
293 5 384 480 0.043505594 
823 308 22 29 0.043430485 
931 172 13 16 0.043369565 
180 517 52 58 0.04330841 
278 272 26 36 0.04315247 
1004 226 14 15 0.043040045 
954 166 9 11 0.042994205 
722 287 21 28 0.042558666 
93 122 13 17 0.042541496 
871 172 12 13 0.042457104 
802 304 16 20 0.042267244 
1010 196 11 15 0.04225987 
969 265 14 17 0.04225807 
217 189 28 32 0.042132296 
533 55 99 125 0.04207735 
846 265 22 28 0.041978467 
854 235 21 27 0.041916847 
889 245 14 18 0.04169332 
944 181 11 15 0.041381296 
715 294 17 22 0.04113991 
842 314 16 20 0.040867053 
974 286 14 18 0.04081888 
546 201 48 51 0.040482175 
163 135 13 16 0.040287692 
973 180 12 15 0.040264834 
628 370 32 40 0.040264815 
170 175 35 41 0.039881404 
946 316 16 18 0.03987217 
983 228 15 17 0.03982247 
941 251 14 16 0.039699007 
830 291 14 19 0.039324287 
298 118 9 12 0.039212026 
904 253 12 17 0.039130047 
779 143 15 21 0.039111286 
401 219 13 17 0.038971893 
190 545 31 42 0.038802844 
675 287 16 22 0.0384682 
1014 170 9 14 0.0384232 
326 108 13 18 0.03824601 
925 291 16 20 0.038231365 
540 99 12 17 0.03820644 
908 167 13 14 0.038171098 
399 154 15 20 0.03808232 
702 309 24 27 0.038000226 
917 228 15 19 0.037883326 
867 229 22 25 0.037645724 
958 218 14 16 0.037576772 
611 13 14 17 0.037529014 
683 370 32 40 0.037216768 
774 264 28 35 0.037172675 
281 267 14 18 0.036613002 
833 220 19 21 0.036412735 
854 352 15 17 0.036167976 
530 90 24 34 0.035788964 
704 289 23 27 0.035680864 
916 246 15 19 0.03557013 
819 209 14 19 0.03556255 
46 563 12 14 0.03546161 
851 196 18 22 0.03542765 
599 258 42 50 0.035418067 
220 538 41 52 0.035390325 
886 221 13 16 0.035323046 
714 305 15 20 0.035297073 
920 282 12 15 0.03504509 
159 527 44 50 0.03474774 
902 297 14 17 0.0346878 
585 166 31 38 0.034664653 
910 266 14 18 0.03464612 
778 236 15 21 0.03436783 
155 88 12 16 0.034133375 
49 132 17 21 0.03388666 
403 194 23 29 0.03368142 
403 149 13 17 0.033678714 
911 236 14 17 0.033570424 
456 169 50 64 0.033525985 
646 280 27 38 0.033474304 
1012 204 11 15 0.033109754 
804 171 14 16 0.033067714 
931 222 21 24 0.033065498 
295 480 41 52 0.032980956 
1010 174 9 12 0.03290461 
839 226 22 27 0.032892913 
804 209 23 29 0.03263802 
758 192 16 21 0.03261009 
963 190 19 24 0.032237627 
179 88 88 112 0.032073446 
860 179 16 16 0.03198725 
4 538 15 19 0.031977646 
812 301 22 28 0.031976953 
550 146 44 54 0.0319476 
987 243 12 16 0.031712294 
944 145 13 16 0.03162095 
540 279 30 37 0.03147334 
990 253 13 17 0.03145895 
808 283 22 27 0.031348515 
223 23 8 10 0.031318486 
701 244 31 36 0.031271137 
404 227 12 16 0.03126632 
830 177 14 17 0.03125432 
980 179 12 15 0.03118033 
948 230 12 15 0.031105664 
317 428 31 35 0.030967394 
861 298 15 19 0.030822968 
764 159 13 16 0.030813206 
795 294 21 27 0.030776942 
779 319 24 32 0.030347971 
699 291 17 20 0.030081777 
31 571 12 17 0.03000643 
771 314 22 29 0.029942056 
230 130 14 18 0.029818365 
996 287 13 18 0.029811922 
881 297 16 21 0.029793141 
917 261 14 17 0.029734379 
868 163 14 15 0.029730698 
820 297 17 22 0.029618058 
651 249 14 18 0.029463671 
875 248 25 28 0.029416706 
331 318 43 55 0.029396867 
268 149 11 14 0.029301021 
265 159 23 28 0.029277194 
933 280 15 20 0.029215643 
752 209 30 41 0.029141605 
887 165 12 13 0.029109573 
568 45 59 91 0.029057968 
826 180 22 27 0.02868987 
934 245 14 17 0.02867249 
332 124 38 46 0.028642625 
602 16 25 33 0.02863809 
459 144 33 40 0.02846302 
180 187 33 37 0.028461453 
489 203 33 41 0.028405368 
389 187 24 29 0.028340073 
226 126 26 32 0.028335564 
836 237 21 25 0.02826426 
957 183 11 14 0.028231531 
78 132 13 16 0.028215196 
402 118 14 17 0.028136553 
858 201 14 18 0.028080612 
959 194 14 16 0.027988847 
1007 141 10 12 0.027978119 
894 212 14 16 0.027919572 
714 321 16 23 0.027913705 
925 203 13 16 0.027883831 
405 210 13 16 0.027874542 
657 294 25 36 0.02785953 
723 92 12 14 0.0278405 
684 290 16 21 0.027816202 
190 471 54 52 0.027808847 
505 197 27 34 0.02758719 
880 222 21 26 0.027577158 
929 187 14 18 0.027531499 
837 194 23 26 0.027489014 
970 274 13 16 0.027446406 
994 162 13 16 0.02742853 
884 282 16 18 0.027341658 
1009 149 11 16 0.027333401 
856 156 15 17 0.027271545 
795 337 14 20 0.027221814 
236 55 10 12 0.027218899 
691 302 25 30 0.027211202 
830 168 16 18 0.027194295 
947 254 16 18 0.027162893 
287 482 30 43 0.027027503 
946 204 19 23 0.026770588 
301 130 13 16 0.026695365 
386 334 27 34 0.026633842 
13 597 11 14 0.026625793 
661 108 11 14 0.02661074 
894 180 12 14 0.026469871 
588 176 37 49 0.02644359 
744 255 24 32 0.026413247 
77 124 13 16 0.026404623 
573 180 30 39 0.026387567 
154 526 29 34 0.026244693 
97 115 15 19 0.026193563 
765 209 30 43 0.026165543 
979 256 19 26 0.026139954 
940 224 21 25 0.026133534 
976 157 9 12 0.025999695 
997 173 10 13 0.025912253 
264 308 30 42 0.025877293 
696 330 26 33 0.025712512 
324 119 14 19 0.025694786 
174 515 27 36 0.025657818 
277 45 13 17 0.025639014 
966 226 13 16 0.025630457 
901 169 20 25 0.025624046 
552 138 29 38 0.02561639 
849 226 22 27 0.025565498 
837 282 15 21 0.025510551 
706 66 27 38 0.02550059 
821 188 13 16 0.02548561 
693 352 27 35 0.025450524 
928 167 12 14 0.025432456 
757 147 12 14 0.025313828 
777 190 26 35 0.025239704 
981 189 11 14 0.025233774 
194 168 47 57 0.02517048 
355 328 13 17 0.025150687 
151 221 57 64 0.02514559 
850 275 25 29 0.025143672 
652 260 28 32 0.025096307 
693 291 15 20 0.025089573 
579 237 31 39 0.025038522 
542 616 32 38 0.025014976 
982 170 12 16 0.024979768 
611 177 32 42 0.024947321 
695 263 16 20 0.024946393 
631 284 27 39 0.024898157 
975 165 10 11 0.024820494 
835 322 21 29 0.024811119 
805 159 12 14 0.024756083 
680 150 8 11 0.024668694 
716 263 17 21 0.02466532 
762 175 21 28 0.024647664 
774 279 17 24 0.024630273 
932 195 12 17 0.024626486 
282 310 32 42 0.024518585 
972 245 21 27 0.024365062 
479 155 27 36 0.02432452 
821 157 23 27 0.02428023 
836 211 17 18 0.024278335 
5 566 13 16 0.024253462 
156 135 22 27 0.024192112 
384 348 27 32 0.024131259 
399 213 13 15 0.024052693 
135 249 25 34 0.02402706 
991 291 12 16 0.023966875 
534 102 15 20 0.023943242 
682 274 14 19 0.023937728 
958 227 12 15 0.023850977 
906 220 21 25 0.023752516 
861 259 13 17 0.023654433 
297 111 9 12 0.023648173 
915 218 15 17 0.023631835 
338 421 13 20 0.023586586 
955 234 20 25 0.023568472 
765 323 16 19 0.023406582 
350 325 21 30 0.023395168 
685 212 13 17 0.023387263 
418 374 19 26 0.023381935 
99 153 14 17 0.023376646 
954 220 22 26 0.023370067 
12 73 14 19 0.023359606 
918 143 13 17 0.02334671 
269 157 14 17 0.023317538 
633 377 43 62 0.02326156 
885 202 13 16 0.023259142 
882 261 24 28 0.023228548 
982 220 14 16 0.023222037 
35 575 15 19 0.023167985 
823 236 22 27 0.023137584 
758 249 26 34 0.023111565 
769 164 13 17 0.023019435 
660 223 26 34 0.022994267 
902 243 13 17 0.022983298 
759 343 27 33 0.022983033 
876 155 12 14 0.02298038 
104 241 47 59 0.022976905 
815 227 14 18 0.022960516 
887 156 12 15 0.022882495 
823 182 12 15 0.022852201 
108 145 13 18 0.022784961 
810 219 25 31 0.022782711 
318 120 13 18 0.022780303 
710 193 12 15 0.022777278 
868 297 13 19 0.02275537 
918 298 13 17 0.022739295 
869 257 15 19 0.022710158 
690 319 17 22 0.022706283 
1014 179 9 13 0.022681346 
834 297 14 19 0.022591533 
453 414 39 39 0.022566922 
1005 217 20 27 0.022540634 
657 110 10 13 0.022523772 
-13 401 91 117 0.02250253 
503 139 25 35 0.022501789 
880 193 14 17 0.022485556 
883 235 16 21 0.02241327 
623 58 12 15 0.022393541 
837 307 16 21 0.02233778 
39 90 42 49 0.022330074 
550 114 13 18 0.022285247 
107 98 25 33 0.022250684 
814 261 22 28 0.02222361 
998 143 11 12 0.02212499 
841 282 23 28 0.022080982 
477 135 25 36 0.022049302 
1012 190 11 15 0.022037392 
744 286 24 29 0.022035772 
268 117 11 14 0.022020523 
495 125 26 34 0.022000775 
966 281 14 19 0.021958431 
407 234 12 15 0.021953352 
612 334 34 39 0.021944558 
701 285 16 17 0.021879202 
1 566 10 15 0.021871492 
787 143 15 20 0.02181577 
773 152 14 19 0.021784399 
202 193 49 62 0.021781852 
823 210 24 28 0.021750316 
777 205 30 40 0.021738347 
139 220 35 45 0.021713387 
708 267 26 31 0.021703728 
698 231 20 24 0.021683162 
580 197 16 20 0.021598266 
911 182 19 22 0.021521509 
990 143 11 11 0.02146969 
198 132 13 17 0.021466225 
995 264 19 27 0.021383835 
665 304 28 35 0.021365976 
349 355 23 32 0.02129697 
208 137 51 69 0.021251665 
633 357 29 36 0.021231342 
748 166 21 29 0.021228975 
944 325 24 32 0.021226587 
71 130 13 19 0.021219347 
940 173 11 14 0.021199562 
558 181 31 40 0.021170706 
715 273 15 18 0.021150043 
588 219 38 43 0.0211303 
619 304 19 24 0.02112723 
756 266 25 31 0.021108326 
972 224 13 17 0.021103846 
12 565 13 16 0.021056756 
359 345 77 99 0.021034097 
170 141 12 14 0.021033922 
836 268 17 23 0.02101549 
152 84 11 16 0.021013202 
916 166 12 14 0.021009475 
841 157 15 17 0.02096478 
623 240 29 39 0.020957435 
928 156 10 12 0.020949835 
798 160 19 23 0.020948013 
394 202 14 16 0.020844014 
643 239 22 31 0.020832878 
996 311 21 32 0.020822594 
747 185 24 30 0.020813983 
586 258 31 38 0.020802526 
936 237 21 24 0.020768661 
577 160 27 34 0.020763574 
87 113 22 29 0.020718245 
859 286 18 23 0.020676948 
533 138 12 16 0.020667585 
805 346 13 18 0.020607518 
957 170 11 14 0.020594375 
509 140 14 19 0.020468682 
1013 252 11 15 0.020421416 
764 304 15 20 0.020414991 
892 188 12 15 0.020388125 
732 249 26 32 0.020377513 
157 534 18 20 0.020355247 
517 371 15 18 0.020336296 
860 267 14 19 0.020311877 
154 168 57 72 0.020302383 
424 141 79 97 0.02029447 
919 225 22 27 0.020242516 
998 305 13 19 0.020235237 
623 300 24 35 0.020226663 
930 200 21 25 0.020225639 
164 126 12 15 0.020143967 
188 258 40 42 0.0201382 
820 321 23 30 0.020089904 
548 100 14 17 0.020022973 
