21_Festival_Festival_21_97
34
232 32 46 62 0.9833702 
262 611 43 56 0.9805304 
136 600 46 56 0.97933125 
502 577 44 56 0.97587323 
202 581 49 66 0.121353984 
793 563 53 65 0.08994812 
661 739 15 16 0.0806136 
351 10 16 19 0.07508234 
629 741 11 13 0.060877506 
854 558 33 41 0.054771014 
572 714 12 15 0.04446639 
824 532 36 40 0.043584067 
587 731 16 18 0.043311607 
607 754 13 18 0.040565647 
664 707 12 14 0.03993523 
802 545 59 56 0.038208913 
285 177 189 241 0.035694256 
191 594 39 51 0.03334311 
655 741 13 15 0.031057695 
630 710 9 11 0.027628101 
381 629 13 16 0.026361143 
526 93 401 438 0.026041195 
603 723 15 17 0.025115684 
597 738 12 16 0.024749162 
349 642 12 14 0.023917872 
573 732 12 14 0.022056617 
653 734 23 28 0.021987526 
587 747 12 17 0.021908138 
664 718 100 148 0.021065835 
572 722 12 15 0.020905083 
590 729 23 30 0.020755965 
575 750 10 13 0.020477664 
92 -4 109 132 0.020286776 
795 332 153 215 0.020243462 
