21_Festival_Festival_21_395
179
762 413 37 49 0.98569787 
546 126 34 43 0.9790385 
407 262 32 40 0.9241676 
559 401 43 48 0.9081399 
517 274 35 50 0.90362775 
685 267 34 43 0.82564616 
978 501 20 26 0.6968311 
77 484 17 21 0.641341 
177 495 18 23 0.33637407 
298 263 24 25 0.3206918 
421 589 15 19 0.274334 
20 468 12 15 0.25251102 
560 569 51 60 0.2061374 
93 531 21 29 0.20445251 
308 423 34 43 0.19506638 
237 551 36 46 0.19375128 
130 492 15 20 0.18548481 
667 424 30 39 0.18358356 
732 581 75 117 0.17566231 
647 463 33 39 0.16247313 
665 503 17 21 0.1564555 
242 413 30 45 0.15192243 
110 489 14 21 0.12394819 
866 450 30 33 0.11832704 
917 473 19 21 0.114425726 
83 479 23 27 0.10825375 
962 489 15 21 0.106584445 
610 467 18 24 0.09139562 
2 494 14 18 0.08461746 
655 482 30 35 0.08280538 
43 475 10 14 0.07915089 
68 444 12 15 0.07770411 
87 552 23 31 0.07551236 
29 492 11 13 0.074944586 
52 489 14 17 0.07462197 
2 543 14 18 0.07443884 
20 557 15 21 0.07354239 
658 505 27 36 0.0721236 
107 477 107 102 0.07050632 
531 267 46 63 0.06999448 
849 457 47 42 0.069649994 
61 475 12 17 0.0672462 
288 387 33 38 0.06444953 
67 451 13 16 0.06352361 
964 418 46 66 0.06318783 
61 462 14 19 0.06289033 
140 488 61 61 0.06168424 
552 586 36 48 0.061017353 
551 277 28 43 0.060224425 
397 558 25 34 0.057456717 
831 490 57 54 0.056683023 
106 479 61 63 0.056391325 
71 439 11 13 0.055855606 
402 378 35 44 0.055359766 
39 451 11 14 0.053971846 
318 352 28 34 0.053852882 
840 479 41 43 0.051317763 
79 559 23 28 0.049947415 
662 263 25 39 0.049778104 
377 396 34 38 0.049264155 
698 593 15 18 0.049172655 
1 448 10 14 0.048781514 
996 499 14 19 0.04836681 
531 561 86 95 0.04787942 
529 394 45 49 0.046622988 
40 470 11 15 0.046296343 
677 414 32 45 0.044973712 
872 458 33 35 0.04366644 
67 522 22 30 0.043289267 
709 369 27 37 0.043196764 
944 494 12 15 0.04252922 
91 477 15 19 0.042526077 
13 537 14 20 0.042032447 
940 444 88 119 0.04200825 
104 474 16 19 0.041769158 
8 577 21 35 0.041021887 
952 490 22 29 0.040884156 
928 440 28 34 0.04038336 
963 476 52 67 0.04025907 
672 266 27 39 0.040247105 
948 498 14 18 0.04001018 
62 615 43 54 0.039883707 
99 506 15 19 0.039843664 
908 462 24 29 0.03959662 
29 485 11 14 0.038769487 
48 428 180 206 0.037922964 
120 488 21 25 0.037209276 
747 430 46 63 0.037046794 
421 554 24 33 0.037006192 
849 446 35 35 0.0369986 
573 550 47 54 0.036659356 
68 561 15 20 0.035732236 
72 483 14 20 0.03497066 
14 559 15 20 0.034398727 
11 522 14 19 0.03411802 
0 504 12 19 0.03335433 
204 421 32 39 0.03328686 
298 255 18 20 0.032821238 
592 488 38 53 0.03279555 
408 177 29 39 0.0326804 
370 593 17 19 0.03196783 
94 478 23 27 0.031865265 
29 501 13 16 0.03183695 
709 461 31 37 0.031832803 
98 536 28 36 0.03180168 
43 480 14 20 0.03128809 
905 478 27 25 0.031155305 
130 510 16 22 0.030938208 
967 491 22 29 0.030919671 
935 447 14 17 0.030386414 
112 490 22 28 0.030201904 
516 287 52 75 0.030036062 
218 413 43 49 0.029506834 
881 447 30 33 0.02913815 
403 555 17 20 0.02907374 
27 476 11 15 0.028926875 
726 573 55 80 0.028287381 
4 484 12 14 0.028192442 
909 451 16 19 0.028132303 
898 482 52 45 0.028039563 
170 498 29 38 0.0278015 
4 524 21 32 0.027245412 
916 522 28 30 0.026953245 
18 531 13 19 0.026922984 
84 466 43 51 0.026643818 
108 529 31 36 0.026577333 
932 462 17 20 0.026540741 
98 592 24 32 0.026519408 
5 477 11 15 0.02632816 
15 463 20 25 0.025943633 
915 458 16 21 0.025329722 
504 389 52 54 0.025279997 
578 580 52 62 0.025137378 
100 468 16 19 0.025073698 
291 270 20 22 0.02501564 
123 547 31 37 0.024887586 
18 563 21 33 0.024860945 
101 550 29 37 0.024830213 
422 571 23 30 0.024686912 
250 545 44 52 0.024418809 
747 559 58 86 0.024273908 
215 409 30 35 0.024158651 
66 470 21 28 0.023992302 
106 471 26 28 0.02395796 
915 487 20 19 0.023602996 
24 469 20 26 0.02360003 
24 485 11 14 0.023373231 
135 489 20 26 0.023345755 
893 467 29 31 0.02327773 
583 409 44 52 0.023186626 
227 404 31 39 0.023185832 
48 430 10 12 0.023016427 
74 570 25 33 0.022955175 
56 478 20 27 0.022932116 
538 599 37 40 0.022748018 
949 460 52 61 0.02267863 
494 574 79 95 0.022607105 
74 588 15 19 0.022572767 
689 439 45 60 0.022390094 
37 490 13 17 0.022382397 
280 542 28 42 0.022359615 
14 542 21 30 0.022050124 
337 385 24 36 0.021972034 
606 491 13 20 0.021764304 
835 403 187 196 0.021656465 
983 511 42 71 0.02124458 
4 467 11 16 0.021171222 
86 530 17 24 0.021164265 
56 460 13 17 0.021119652 
575 612 76 75 0.021100419 
695 464 30 33 0.021049634 
369 201 50 67 0.020900255 
999 534 24 47 0.020835964 
914 505 32 34 0.020792855 
950 434 47 61 0.020667192 
162 508 29 37 0.02055406 
408 567 24 33 0.020386279 
896 447 28 32 0.020378703 
557 485 32 45 0.020024069 
