21_Festival_Festival_21_22
1994
208 491 32 50 0.9991677 
916 397 13 18 0.9544965 
688 327 10 12 0.8263401 
979 406 13 16 0.8031431 
153 278 9 11 0.76756585 
412 348 9 13 0.75364405 
294 362 12 14 0.74332476 
870 380 12 15 0.68207055 
557 371 10 13 0.671588 
232 456 24 28 0.66588354 
945 499 15 23 0.6566097 
358 401 14 20 0.6228175 
318 494 19 28 0.6085562 
343 439 19 28 0.5948876 
987 340 12 13 0.5558314 
939 385 16 17 0.54239523 
762 517 30 42 0.5376107 
787 357 15 18 0.51336867 
941 442 16 20 0.5083434 
661 327 11 12 0.50060487 
824 343 11 14 0.50013757 
644 331 10 11 0.49020046 
888 374 10 13 0.47871158 
752 350 10 12 0.4740311 
953 303 8 10 0.47055992 
892 373 11 13 0.46954757 
867 424 12 17 0.46913502 
942 332 10 12 0.45866004 
734 333 9 13 0.4556315 
269 373 12 14 0.4467485 
901 333 9 12 0.4462554 
68 282 12 15 0.4329044 
935 419 14 17 0.42439342 
504 277 8 10 0.41841364 
525 351 9 12 0.4106652 
617 350 9 11 0.4042928 
694 363 11 14 0.40177476 
592 357 11 14 0.39381772 
957 303 9 12 0.39327502 
35 317 12 15 0.37909284 
810 472 19 24 0.37746608 
566 347 12 13 0.37727353 
404 428 19 21 0.37437645 
488 367 11 13 0.37219274 
898 490 21 31 0.3704778 
320 360 11 12 0.3681444 
815 299 8 11 0.36478052 
430 502 22 29 0.36258528 
494 372 9 11 0.36161765 
255 373 8 12 0.3598552 
600 300 7 10 0.35648632 
352 379 12 15 0.35388634 
511 343 8 11 0.34406397 
567 270 9 10 0.34363565 
286 386 12 14 0.33669218 
670 354 11 14 0.33666754 
1 359 15 19 0.33652937 
574 426 13 17 0.3281937 
875 383 12 15 0.3270995 
328 324 9 11 0.32578486 
722 475 18 22 0.32471466 
909 421 12 15 0.32153216 
577 382 10 14 0.320292 
974 301 9 12 0.31470802 
721 349 11 13 0.31418273 
668 390 12 15 0.31352833 
929 303 8 9 0.31265152 
333 439 18 28 0.31206185 
568 311 9 11 0.31065172 
94 275 11 13 0.30899715 
501 326 9 12 0.3088751 
655 309 8 10 0.3071855 
528 277 10 12 0.30451122 
343 333 9 12 0.3038277 
359 357 12 16 0.29851836 
336 342 10 11 0.298209 
742 431 15 21 0.29483953 
982 437 15 21 0.29431862 
720 319 8 10 0.29211324 
495 303 8 10 0.2915118 
537 319 8 10 0.29089653 
136 310 10 14 0.29073238 
275 433 15 22 0.28854004 
536 342 9 12 0.28761756 
947 386 13 17 0.2832231 
165 299 12 13 0.28315976 
654 406 12 15 0.2824358 
704 302 7 9 0.28238395 
567 262 8 11 0.28233325 
885 327 9 12 0.28168038 
688 340 10 12 0.2741861 
789 323 10 13 0.27363914 
256 325 10 13 0.26934358 
758 350 11 13 0.26705298 
665 350 11 13 0.26566523 
606 339 10 12 0.26361153 
781 301 8 11 0.26268998 
673 316 8 10 0.26180387 
562 460 24 30 0.26112777 
560 279 8 10 0.26072136 
607 318 8 11 0.25883672 
933 403 12 15 0.25666407 
944 351 10 12 0.25317505 
743 411 12 15 0.25278828 
1013 350 9 13 0.25205985 
903 299 8 11 0.24827272 
959 341 11 12 0.24479064 
304 349 9 12 0.24421775 
136 263 7 10 0.24285753 
321 293 8 11 0.2410037 
731 388 13 17 0.23824376 
598 365 11 14 0.23660928 
293 326 9 12 0.23620503 
766 348 10 13 0.23615138 
793 272 8 10 0.23600593 
849 310 9 11 0.23154986 
118 263 8 11 0.2311854 
291 411 13 17 0.22994903 
354 449 16 24 0.22918269 
120 291 9 12 0.22907215 
946 437 14 18 0.22642596 
323 383 12 15 0.22576687 
832 506 22 31 0.22453764 
743 291 9 12 0.22436367 
466 530 28 35 0.22365373 
341 311 8 10 0.22291188 
31 321 12 15 0.22116743 
641 326 10 12 0.2186396 
561 299 8 10 0.21624646 
710 362 11 14 0.21502417 
777 283 9 11 0.21392 
677 359 10 13 0.21384819 
750 287 9 12 0.21230252 
518 333 8 11 0.21002352 
553 365 10 15 0.20987238 
967 317 9 12 0.20897952 
536 416 14 18 0.20896395 
1 269 10 14 0.20855996 
989 347 11 14 0.20774229 
850 279 7 9 0.20638575 
854 310 9 11 0.20585893 
766 343 8 11 0.20585471 
516 404 11 15 0.20558813 
552 397 10 14 0.20490494 
621 348 9 12 0.20339936 
751 308 10 13 0.20327254 
481 301 8 10 0.20222704 
816 330 10 13 0.20215437 
967 310 9 10 0.2018289 
710 340 9 12 0.20171145 
887 460 13 18 0.20166701 
199 275 11 14 0.200778 
863 378 13 17 0.20044826 
573 311 8 11 0.20034033 
683 394 14 19 0.20012955 
326 448 17 24 0.19957264 
423 291 9 11 0.1981589 
934 303 8 9 0.19792789 
880 326 9 12 0.19722727 
139 312 13 16 0.19667175 
838 356 11 14 0.19525708 
430 286 8 11 0.19510755 
1007 331 10 13 0.19500403 
494 309 9 10 0.19489615 
334 318 9 11 0.19438869 
737 292 8 11 0.19075142 
54 284 9 11 0.18904646 
473 276 9 11 0.18863383 
853 302 9 11 0.18858771 
38 300 10 13 0.18804608 
549 301 8 12 0.18761279 
395 428 22 27 0.18267262 
793 287 7 10 0.18238983 
489 458 22 34 0.18224199 
426 473 22 30 0.18198441 
119 268 8 11 0.18171772 
734 365 11 15 0.18113264 
268 386 12 15 0.17980766 
377 334 9 12 0.17783177 
641 372 10 14 0.17771794 
376 397 12 16 0.177621 
447 312 8 10 0.17506875 
809 299 9 11 0.17470495 
585 342 8 11 0.17469667 
472 316 7 10 0.17406227 
555 410 13 18 0.17365174 
960 334 9 11 0.17350316 
895 367 12 14 0.17296343 
503 373 9 12 0.17255342 
255 318 11 14 0.17239328 
161 215 7 9 0.17088519 
782 280 9 10 0.16838337 
802 424 15 23 0.16784585 
753 460 18 25 0.16769366 
990 317 9 12 0.16701534 
137 286 10 11 0.1668821 
572 458 26 33 0.16537839 
953 319 9 11 0.16456491 
712 317 8 11 0.16455975 
744 310 9 11 0.16345899 
734 328 8 11 0.16341116 
960 294 9 10 0.16280475 
533 275 10 13 0.162436 
565 301 8 10 0.1617029 
700 457 13 16 0.16063353 
485 402 11 15 0.16000214 
382 334 9 11 0.15926535 
489 360 9 11 0.15849142 
553 277 8 10 0.15750556 
975 296 9 11 0.1547125 
695 343 8 10 0.15421882 
505 349 9 11 0.15421432 
640 365 9 12 0.15343493 
328 536 31 32 0.15300177 
10 325 10 12 0.15295304 
656 305 8 10 0.15275098 
344 328 9 10 0.15188533 
649 346 11 14 0.15152274 
270 545 27 36 0.15147138 
305 310 9 11 0.15145463 
361 333 9 12 0.15104945 
565 387 10 14 0.15039824 
739 416 14 20 0.1503948 
936 309 8 9 0.1499738 
602 317 8 11 0.14995538 
293 332 8 12 0.14989045 
792 399 21 30 0.14962341 
919 277 7 10 0.14928909 
787 446 15 21 0.14864632 
495 430 15 19 0.14846908 
700 361 12 15 0.14832401 
481 296 8 10 0.14692764 
976 349 10 13 0.14674224 
743 276 8 10 0.14629915 
553 272 7 10 0.14595662 
579 428 13 17 0.14565344 
856 378 11 16 0.14446576 
805 343 9 12 0.14425427 
266 303 8 11 0.14267696 
270 350 10 13 0.14230011 
934 492 20 30 0.1416857 
632 288 8 9 0.14162275 
924 397 11 16 0.1413468 
711 395 14 18 0.14114925 
572 348 11 12 0.14058775 
646 435 12 17 0.14045815 
312 335 9 11 0.1399196 
392 526 25 30 0.13957866 
585 295 7 10 0.13954498 
496 331 9 11 0.13875823 
705 298 8 10 0.13875027 
678 363 11 14 0.13845451 
704 342 8 11 0.13736579 
725 441 13 17 0.13674264 
324 362 11 13 0.13671432 
184 270 8 10 0.13663611 
378 309 8 10 0.13600323 
391 350 10 12 0.135555 
798 288 8 9 0.13534147 
639 359 10 12 0.13471125 
510 288 8 11 0.13406965 
266 359 8 10 0.1337133 
439 305 9 11 0.13352165 
20 335 11 14 0.13330442 
265 308 10 12 0.13262992 
156 506 27 34 0.1324917 
308 491 21 28 0.13236277 
489 341 9 11 0.13197044 
520 318 8 10 0.13153103 
390 295 8 11 0.13138027 
799 320 9 12 0.13122226 
901 390 12 15 0.1310377 
1013 310 8 11 0.13092203 
495 296 8 9 0.13085231 
879 292 9 11 0.13057125 
427 330 13 16 0.13036683 
689 312 8 10 0.1297723 
829 316 9 11 0.12948994 
178 473 22 31 0.12927398 
897 300 8 10 0.12911889 
658 415 14 20 0.12910943 
182 279 9 11 0.12901738 
71 312 45 55 0.12901412 
241 380 9 12 0.12809753 
781 374 14 19 0.12800334 
749 382 14 17 0.12793025 
864 289 7 9 0.12787233 
926 333 9 12 0.12683655 
774 375 13 20 0.12681486 
697 303 7 9 0.12680478 
719 324 9 10 0.12675862 
969 304 9 11 0.12650554 
980 500 13 18 0.12648217 
149 333 14 18 0.12599333 
845 388 10 15 0.12410409 
922 304 7 9 0.123983786 
290 365 10 13 0.12394314 
41 271 8 9 0.12387488 
614 286 8 10 0.12386665 
727 365 12 14 0.123845525 
518 372 10 13 0.123759925 
532 498 18 23 0.123648405 
958 319 9 12 0.123593785 
1014 390 9 12 0.123335734 
888 454 21 27 0.12316621 
724 354 11 13 0.12209742 
588 276 10 13 0.12197226 
530 343 9 11 0.12193789 
984 335 10 12 0.1213295 
933 411 14 16 0.12092389 
798 362 12 17 0.120760806 
980 476 15 19 0.119856656 
647 286 7 10 0.11978052 
750 315 9 12 0.119452484 
286 404 15 17 0.11937928 
23 279 10 11 0.1193636 
447 286 9 11 0.11928589 
615 403 10 14 0.118951224 
617 342 9 12 0.11846596 
303 388 11 15 0.11828948 
561 271 8 10 0.11787077 
938 334 9 12 0.11777406 
462 304 7 10 0.117733926 
895 394 11 14 0.117603295 
701 349 10 12 0.11730343 
602 341 7 10 0.11727686 
520 459 12 18 0.11717305 
961 289 8 9 0.11687818 
706 422 14 16 0.11672967 
47 279 8 11 0.1163679 
292 387 11 14 0.115748934 
289 271 7 10 0.115471475 
489 320 8 10 0.11534461 
700 381 14 18 0.11514367 
512 397 10 15 0.11485042 
983 348 11 14 0.11475319 
896 316 8 11 0.11414409 
891 496 21 36 0.11362003 
43 277 8 12 0.11334701 
373 373 12 16 0.112903185 
791 350 13 15 0.11274841 
294 271 7 10 0.11253646 
983 286 8 10 0.112534165 
585 271 10 13 0.11246967 
653 343 10 12 0.112267144 
480 356 8 11 0.11225518 
493 359 9 10 0.112245515 
790 342 12 13 0.112194076 
718 342 11 12 0.112166576 
97 283 11 13 0.112132736 
478 277 8 10 0.111760214 
506 344 8 10 0.11160724 
328 334 8 10 0.11148356 
452 318 9 11 0.11140665 
289 325 9 12 0.11091608 
113 268 9 11 0.110879235 
722 452 15 19 0.11062925 
1003 497 15 20 0.110404454 
564 435 13 16 0.11025308 
826 312 8 11 0.11005741 
732 433 14 20 0.10992463 
511 373 11 12 0.10979569 
622 278 8 10 0.10957038 
186 353 13 17 0.10939533 
921 332 9 11 0.109228194 
812 373 13 16 0.10917546 
384 326 9 11 0.10910518 
36 309 11 14 0.108961016 
965 324 10 13 0.10858041 
367 377 12 16 0.10838031 
687 359 10 13 0.10830658 
960 326 9 11 0.10720464 
362 308 9 12 0.10709615 
980 380 13 18 0.106955044 
281 318 9 11 0.10659973 
301 357 9 12 0.10637737 
560 333 9 11 0.10623899 
765 368 13 20 0.106057085 
566 278 8 9 0.10596809 
966 287 8 10 0.105821975 
976 434 13 19 0.10566155 
551 328 8 10 0.10551546 
382 364 10 13 0.10543335 
802 277 8 10 0.10508026 
778 297 8 10 0.10493141 
985 309 8 10 0.10488739 
806 277 8 9 0.10474745 
24 284 10 12 0.10456109 
580 385 11 15 0.10441817 
687 295 7 9 0.104171626 
556 463 17 22 0.10386403 
0 276 9 13 0.10368511 
974 356 11 13 0.103625365 
569 316 8 11 0.10360446 
289 334 9 11 0.10356615 
975 278 9 10 0.10339321 
309 350 8 11 0.10301824 
528 271 10 12 0.10291336 
519 264 7 9 0.102826126 
799 272 8 10 0.10271194 
1007 317 10 12 0.102170624 
1010 480 13 20 0.10117224 
694 378 14 18 0.10116285 
839 279 8 9 0.101138964 
951 324 9 12 0.10113298 
976 341 9 11 0.10063789 
1008 350 10 13 0.10050956 
681 296 7 10 0.10040675 
77 269 9 11 0.09982066 
607 323 9 11 0.09973899 
688 364 11 14 0.09919726 
338 280 7 9 0.09904526 
126 277 8 10 0.09875934 
137 270 7 10 0.09828336 
714 403 14 18 0.09813912 
541 343 9 12 0.09803966 
339 392 13 17 0.09777646 
802 498 16 22 0.097677656 
127 272 8 10 0.09761115 
297 295 7 10 0.09742746 
448 316 10 12 0.09719963 
416 303 10 11 0.096909374 
689 319 9 11 0.09655179 
464 308 8 10 0.096439786 
15 333 10 13 0.09585909 
974 429 13 17 0.09535115 
541 319 8 11 0.095176406 
663 443 14 18 0.09496116 
740 363 11 16 0.094795056 
648 411 12 15 0.09478957 
500 394 13 16 0.09447089 
168 346 32 38 0.094465196 
885 513 24 35 0.09434494 
481 311 7 9 0.094292864 
512 270 7 9 0.09406752 
552 360 8 11 0.094053805 
593 371 12 15 0.09373788 
499 412 11 14 0.09353102 
848 295 7 10 0.093502894 
408 354 11 14 0.09275737 
708 382 13 16 0.092721075 
694 369 12 16 0.09260274 
615 324 8 11 0.09246966 
23 292 9 12 0.0918422 
999 364 11 14 0.09166252 
895 312 8 10 0.09164832 
479 332 9 11 0.09153565 
471 331 9 12 0.09129168 
784 367 16 20 0.09121374 
705 320 8 9 0.090994075 
600 325 9 10 0.09052588 
458 302 8 10 0.090488784 
999 349 10 13 0.09039252 
13 317 10 13 0.09037339 
162 221 7 9 0.090193465 
176 278 9 11 0.09009751 
291 503 15 20 0.089948684 
574 317 8 10 0.08973714 
904 328 8 10 0.08956924 
942 340 10 11 0.08924246 
493 319 9 11 0.089090444 
976 387 12 15 0.08907101 
409 343 9 12 0.08905861 
783 340 11 14 0.08901837 
760 370 12 16 0.08892361 
918 318 8 10 0.088915184 
599 286 7 9 0.08879212 
479 286 8 9 0.088738814 
863 292 8 11 0.08848832 
127 308 10 14 0.08843799 
999 285 8 10 0.08841108 
292 486 20 32 0.08814287 
366 327 9 12 0.08805671 
683 331 10 14 0.08798173 
854 333 13 16 0.08792209 
438 470 20 29 0.08769181 
746 316 8 11 0.08765021 
402 522 16 22 0.08762762 
332 323 10 12 0.0875638 
335 347 10 12 0.087551236 
486 381 12 14 0.08731956 
392 356 9 12 0.087240815 
610 288 7 9 0.087086424 
655 277 8 10 0.08701125 
989 379 13 18 0.08680908 
90 270 11 14 0.08680323 
513 264 8 9 0.08669114 
631 325 8 11 0.08667213 
168 277 9 12 0.08636741 
505 285 9 11 0.08624333 
478 351 9 11 0.0862011 
845 467 16 18 0.08613357 
388 431 14 21 0.08605679 
974 364 11 14 0.08556878 
561 311 8 10 0.08552435 
910 343 9 10 0.085309684 
589 341 8 10 0.08525918 
694 311 7 9 0.085234225 
367 302 8 10 0.08516948 
921 273 7 9 0.08509793 
232 469 26 32 0.08497725 
945 303 7 9 0.08493346 
23 318 10 13 0.084553815 
654 318 7 9 0.08451007 
486 294 9 11 0.08443123 
915 422 10 14 0.08441553 
854 280 7 9 0.08425029 
927 327 9 12 0.08408959 
664 286 8 10 0.08385327 
569 326 8 10 0.0837178 
658 332 10 12 0.08340883 
629 192 9 10 0.08334641 
623 264 7 10 0.083340034 
956 411 11 14 0.08319236 
589 434 13 18 0.082670346 
511 382 8 10 0.08257191 
408 279 7 9 0.082429975 
649 280 8 11 0.08242644 
861 397 13 17 0.08230243 
510 388 10 13 0.08225877 
632 444 13 15 0.08222487 
587 465 25 34 0.08191346 
487 302 8 10 0.081382155 
125 291 10 12 0.08134908 
939 404 12 14 0.08134748 
521 388 9 13 0.0812963 
561 262 8 10 0.08064003 
270 395 12 15 0.080554105 
533 336 10 12 0.0805259 
1001 333 10 12 0.08030798 
632 348 9 11 0.08029729 
321 312 9 11 0.080252916 
367 507 23 33 0.08019485 
399 301 9 10 0.080088824 
171 296 10 12 0.08006038 
591 295 8 10 0.080019586 
211 561 14 16 0.079982206 
1011 401 12 18 0.07996816 
584 319 9 12 0.079520874 
622 270 7 10 0.07940215 
1012 325 10 14 0.07938143 
150 248 8 9 0.079134576 
6 262 11 13 0.07836749 
981 535 15 23 0.07814835 
990 312 9 11 0.07808012 
590 286 9 10 0.078044295 
1012 331 10 14 0.077919975 
553 403 12 17 0.07759697 
617 280 7 10 0.07750416 
503 302 8 11 0.07727681 
1014 342 10 12 0.077276506 
899 451 17 21 0.07720681 
318 395 14 17 0.07716857 
256 293 10 13 0.07699252 
343 302 7 9 0.07697283 
695 450 14 20 0.07687619 
614 320 8 11 0.0768288 
242 483 16 20 0.076802894 
215 399 18 21 0.076776326 
113 291 10 14 0.07672653 
983 303 9 10 0.07670656 
903 339 10 12 0.07660404 
375 277 8 10 0.076359466 
966 542 24 29 0.07631908 
963 343 11 13 0.07597496 
325 293 9 12 0.07589 
311 340 9 12 0.07586948 
911 390 12 15 0.0758296 
528 284 8 11 0.07565057 
416 364 11 15 0.07563014 
928 271 6 9 0.07549967 
758 405 13 16 0.075197935 
646 365 9 12 0.07504168 
887 303 9 11 0.07492194 
285 395 13 17 0.07491548 
413 475 24 32 0.07479643 
820 332 11 14 0.074757606 
664 342 9 11 0.07465655 
273 520 16 22 0.074584305 
526 365 9 12 0.074577 
766 296 9 11 0.07401137 
666 206 8 11 0.074005194 
849 457 18 22 0.07397377 
138 279 8 9 0.07393464 
677 425 11 15 0.073839545 
847 355 11 15 0.07381935 
536 294 7 10 0.073638625 
409 263 7 9 0.07361177 
798 342 11 13 0.07355268 
926 402 12 17 0.07354612 
971 503 20 29 0.07343463 
936 325 9 11 0.07324349 
625 287 7 9 0.07274168 
401 295 8 10 0.07270329 
959 348 12 14 0.07267182 
352 292 8 10 0.0724404 
648 317 9 10 0.072434716 
791 277 8 10 0.07236768 
679 300 8 10 0.072348446 
679 409 11 15 0.072189175 
920 326 8 12 0.07209416 
856 286 7 9 0.072044715 
881 308 8 11 0.07200473 
848 286 7 10 0.071950614 
855 327 9 11 0.07159814 
299 497 20 28 0.07153267 
448 531 24 35 0.07143109 
433 348 8 12 0.07140555 
920 309 7 10 0.07136164 
582 403 12 16 0.07125523 
639 378 12 15 0.07122094 
34 302 10 13 0.07100258 
381 373 10 14 0.07096026 
987 533 26 36 0.07081965 
304 315 10 12 0.07079042 
862 457 13 19 0.07061974 
527 319 8 10 0.07058864 
430 319 8 11 0.070504926 
142 302 10 13 0.07030572 
709 302 8 9 0.07013176 
500 403 13 16 0.070086636 
751 279 8 9 0.06989217 
527 327 8 9 0.06955239 
503 381 10 12 0.06952573 
588 448 13 19 0.069455095 
559 389 11 13 0.069347605 
497 420 14 17 0.069343396 
938 424 17 18 0.06931806 
18 278 9 12 0.06928729 
295 317 8 11 0.06907931 
558 358 9 12 0.06896808 
508 475 22 28 0.06870713 
169 166 7 9 0.068671204 
528 334 9 10 0.06865875 
545 325 8 11 0.068474084 
188 468 23 35 0.06827704 
655 357 9 11 0.06821415 
672 300 8 10 0.067965955 
553 296 8 10 0.06788051 
835 279 7 8 0.06783982 
303 344 9 11 0.06763266 
403 393 13 19 0.06747004 
511 303 8 10 0.06742517 
951 406 11 14 0.06731508 
871 288 9 11 0.06731485 
418 366 14 21 0.067283705 
553 286 8 10 0.06717065 
906 413 14 17 0.06715465 
659 407 12 16 0.06711929 
965 333 9 11 0.06687515 
337 294 9 11 0.066868834 
492 403 13 18 0.06673824 
334 389 11 17 0.066623986 
159 193 6 8 0.066539325 
575 358 10 13 0.06652322 
941 310 7 10 0.06652144 
272 316 8 11 0.066443786 
593 301 8 10 0.066409126 
264 367 10 12 0.0663966 
425 319 9 11 0.06639512 
166 437 29 34 0.066249706 
983 278 8 9 0.06613256 
939 392 15 18 0.06610701 
351 318 8 11 0.06609486 
784 334 9 12 0.066041954 
401 288 8 9 0.06600141 
639 285 9 11 0.06594621 
480 317 8 10 0.06588759 
583 348 8 11 0.06580955 
535 263 9 9 0.065774985 
956 356 12 14 0.06558478 
305 288 7 10 0.06511399 
894 349 9 11 0.06500806 
552 264 8 9 0.064949304 
159 297 10 12 0.06491353 
818 506 24 30 0.06487646 
622 332 9 11 0.06487157 
537 312 8 10 0.064826734 
43 357 10 16 0.06469082 
756 380 12 16 0.06467024 
924 450 15 19 0.06466372 
558 284 9 11 0.06461867 
366 318 8 10 0.06460931 
211 387 26 29 0.06459368 
535 285 9 11 0.06452977 
504 356 9 11 0.064491265 
374 428 23 29 0.06447071 
985 272 7 9 0.06445687 
343 362 10 13 0.064392455 
607 295 7 9 0.06434815 
633 303 7 10 0.06432301 
712 279 8 10 0.06431454 
789 456 14 22 0.06423888 
977 286 9 10 0.06421259 
605 366 9 12 0.06417168 
486 501 20 27 0.06415873 
647 358 9 11 0.06396926 
261 331 9 12 0.063964956 
623 328 9 11 0.063938014 
950 333 9 11 0.063862294 
775 335 8 11 0.06383889 
969 278 9 11 0.06378239 
9 319 10 13 0.063627556 
533 405 13 16 0.063622266 
703 325 8 10 0.06354902 
344 295 8 10 0.06352066 
872 317 8 11 0.06329368 
286 318 9 11 0.06324404 
425 324 10 14 0.06316772 
441 285 8 11 0.063120805 
929 307 8 10 0.06310853 
637 350 11 12 0.06306203 
8 329 12 15 0.06282873 
635 447 13 19 0.06264662 
841 287 8 10 0.062635645 
536 324 8 10 0.06258787 
976 336 8 11 0.06257648 
377 514 27 31 0.062497344 
176 283 9 12 0.062278748 
1 291 11 16 0.062196042 
185 245 6 9 0.062191892 
567 333 10 12 0.062095888 
992 260 8 11 0.061956637 
759 303 8 11 0.061704714 
669 343 10 11 0.06163448 
789 416 21 30 0.06152473 
336 302 8 9 0.06147961 
720 296 7 8 0.061468095 
372 439 17 24 0.06134518 
806 358 10 14 0.06123625 
654 365 10 12 0.061134424 
143 278 9 10 0.0609703 
864 301 8 11 0.060787935 
265 349 9 12 0.060787022 
814 350 10 13 0.060759142 
559 328 8 10 0.060716838 
439 341 10 14 0.060711585 
795 462 14 20 0.060674436 
819 560 17 17 0.06066665 
992 294 8 10 0.06062952 
935 297 7 9 0.060441583 
1013 316 9 12 0.06037545 
356 386 11 14 0.06034072 
368 295 7 9 0.060278222 
915 280 8 10 0.059958946 
215 409 18 21 0.05981459 
998 356 12 14 0.05967842 
937 339 8 11 0.059642524 
559 316 8 10 0.05962984 
999 342 10 12 0.05956598 
386 294 8 10 0.059506893 
45 271 8 10 0.059467774 
370 279 8 11 0.05944685 
624 215 8 9 0.0594186 
521 327 8 10 0.05941379 
913 318 8 10 0.05932188 
304 303 8 10 0.059317537 
560 255 8 10 0.059276395 
936 319 8 10 0.059197742 
975 373 12 14 0.059154194 
677 390 12 16 0.059017226 
661 303 8 10 0.058924615 
591 336 8 10 0.058881965 
496 388 12 15 0.05882184 
638 412 11 14 0.058765583 
504 293 9 11 0.058641925 
824 287 7 9 0.058635402 
646 396 13 15 0.05854462 
712 313 7 9 0.058361225 
887 310 9 11 0.05835349 
494 380 10 12 0.05824202 
929 394 21 25 0.058130812 
439 317 9 11 0.058130242 
632 364 10 13 0.05808685 
310 280 7 8 0.05806881 
808 310 8 10 0.05806104 
383 339 10 12 0.0579721 
522 278 8 11 0.057931278 
102 277 10 13 0.057913512 
976 514 24 32 0.057907067 
523 355 9 12 0.05788742 
647 295 7 9 0.05786336 
859 464 15 20 0.05768258 
998 402 13 16 0.057621084 
590 316 8 13 0.05752153 
390 325 9 12 0.05745601 
574 413 13 17 0.057377163 
418 507 21 33 0.05737379 
306 385 13 17 0.057359993 
253 481 16 22 0.057299435 
848 327 9 12 0.05727829 
616 296 7 9 0.05724323 
793 293 8 10 0.057128493 
631 438 11 15 0.05693624 
806 371 13 17 0.05693585 
1014 395 10 16 0.056787536 
846 381 12 17 0.056483533 
318 334 8 12 0.056444637 
576 326 8 10 0.05643944 
855 297 8 10 0.05641993 
680 401 12 17 0.05633485 
990 353 12 14 0.056262977 
724 319 8 10 0.0562176 
265 378 12 15 0.0562019 
668 327 9 11 0.05618729 
186 265 7 9 0.0560935 
807 505 22 31 0.056071885 
563 350 9 12 0.055977605 
242 451 18 27 0.055945434 
693 318 8 10 0.0557673 
911 381 10 12 0.055687178 
567 355 11 14 0.0556359 
677 352 10 12 0.05563452 
269 518 14 20 0.0555748 
711 296 7 9 0.05545062 
768 336 9 11 0.05543776 
689 394 14 18 0.055429045 
398 333 10 13 0.05535033 
788 333 12 14 0.05534821 
509 356 10 12 0.05534697 
694 441 13 19 0.055232607 
341 339 10 12 0.05508577 
639 319 8 11 0.055058595 
880 365 9 13 0.05498014 
149 331 23 30 0.054828253 
975 397 13 16 0.05476867 
623 373 11 14 0.05475798 
286 339 10 12 0.05465791 
757 285 8 11 0.054652613 
128 262 9 10 0.054610062 
127 199 6 8 0.0543981 
848 317 8 10 0.054380845 
650 312 8 10 0.05435473 
322 265 7 9 0.05434555 
764 434 14 19 0.054335408 
896 341 9 11 0.05431527 
837 325 11 14 0.054222178 
1010 300 9 12 0.054197356 
992 434 20 30 0.05416088 
360 455 16 20 0.054145847 
273 254 10 13 0.054027617 
759 280 8 10 0.054023836 
148 314 11 15 0.05385675 
880 374 9 13 0.053786032 
489 311 8 9 0.053710926 
526 405 10 14 0.053609096 
951 276 8 11 0.05335697 
952 297 7 9 0.05330087 
962 501 21 29 0.05329265 
382 318 8 10 0.053019397 
623 198 9 11 0.052867603 
947 428 16 21 0.052727595 
633 421 10 13 0.052716736 
316 527 28 33 0.052617576 
807 348 10 13 0.052568063 
350 335 9 11 0.05254993 
277 355 10 14 0.052512795 
837 393 15 18 0.052478988 
376 304 7 10 0.05242942 
972 306 11 13 0.052398115 
840 270 7 10 0.05219525 
351 341 9 11 0.052045092 
1003 546 15 21 0.052016385 
517 340 9 12 0.051959455 
1005 364 12 15 0.051921807 
890 477 22 32 0.051853437 
735 358 10 14 0.051852923 
592 352 11 12 0.051839262 
473 286 7 10 0.051660255 
919 356 10 13 0.051626552 
904 484 26 34 0.051580206 
1012 278 9 12 0.05152868 
464 343 9 13 0.05145887 
473 458 25 31 0.051200584 
601 335 8 11 0.051087476 
732 490 15 21 0.05104049 
589 440 24 29 0.05103514 
950 418 14 17 0.050975114 
605 389 11 14 0.050920684 
816 287 8 9 0.05091526 
498 463 14 22 0.05084917 
805 466 15 20 0.050814178 
939 414 13 15 0.050814047 
432 281 7 9 0.05081374 
677 370 13 15 0.050781526 
728 296 7 9 0.05077293 
465 331 9 13 0.05076003 
638 437 14 17 0.050680302 
873 325 10 13 0.050656796 
134 331 14 19 0.050648566 
883 471 16 22 0.05064424 
743 382 13 17 0.05054538 
965 425 13 18 0.050517555 
155 192 7 9 0.05046523 
515 336 8 11 0.050459996 
534 359 9 11 0.050419386 
709 408 15 19 0.05041695 
512 318 8 10 0.050402567 
135 301 11 14 0.050383974 
632 358 10 13 0.050245803 
463 460 13 18 0.050240014 
536 373 10 12 0.050188024 
379 529 29 34 0.050157584 
721 302 7 9 0.050076876 
360 294 8 9 0.0499573 
494 395 13 16 0.049917147 
528 263 9 9 0.049904305 
646 418 13 16 0.04985909 
553 318 8 10 0.049825627 
949 393 13 17 0.049824126 
786 406 17 22 0.049713198 
582 453 24 32 0.04970248 
509 277 7 10 0.049677975 
996 379 13 17 0.04951578 
361 428 24 30 0.04941158 
816 318 8 11 0.04939611 
203 394 26 30 0.04938572 
12 263 9 11 0.049255524 
391 318 9 11 0.049248323 
771 362 14 21 0.04922243 
527 303 8 10 0.049059074 
489 336 8 10 0.0490313 
687 348 9 12 0.04893253 
294 369 11 14 0.04884031 
851 348 12 17 0.048800938 
499 277 8 10 0.048781365 
1008 387 11 15 0.048634227 
527 311 8 10 0.048577756 
776 309 8 11 0.04828135 
267 523 22 33 0.048242375 
413 427 23 29 0.048198942 
150 301 9 12 0.048184294 
176 239 7 9 0.048166573 
161 249 7 10 0.048152614 
744 350 10 13 0.048071947 
848 332 13 16 0.04796484 
717 388 12 16 0.047950566 
303 293 8 11 0.047926795 
677 316 8 11 0.047790546 
987 446 14 20 0.04777347 
705 335 8 11 0.0477687 
741 448 14 18 0.04774177 
543 263 8 10 0.047727272 
679 462 12 16 0.04771028 
952 498 18 22 0.047699507 
926 364 11 15 0.047689583 
997 372 13 16 0.047525756 
326 287 9 10 0.047466386 
954 309 8 10 0.047222592 
405 377 12 18 0.047117263 
431 339 11 14 0.047093496 
574 402 13 17 0.04699958 
100 299 14 19 0.046895932 
815 386 14 19 0.046894822 
543 309 8 10 0.046854097 
592 311 9 12 0.046776004 
250 262 9 12 0.04676461 
140 329 20 26 0.04675701 
679 313 8 10 0.046635196 
175 273 8 11 0.046609048 
862 310 9 11 0.046599902 
576 334 9 10 0.046524957 
1014 283 8 12 0.0465063 
640 388 10 14 0.04649889 
742 303 8 11 0.046486765 
606 313 8 11 0.04640899 
884 356 11 13 0.046381973 
450 269 8 10 0.046332974 
624 205 8 10 0.046296544 
855 316 9 11 0.046240002 
889 318 8 10 0.046153054 
733 452 12 17 0.046081018 
351 362 10 13 0.045980953 
137 184 7 8 0.045963448 
312 293 8 10 0.045915693 
202 255 48 76 0.04590121 
261 314 11 14 0.04587933 
981 491 15 21 0.045842245 
744 438 17 23 0.045807313 
709 433 15 19 0.04580357 
654 425 13 19 0.04573422 
670 420 12 16 0.04572689 
910 435 14 17 0.04572392 
823 296 8 9 0.045645565 
525 373 10 12 0.04560086 
281 440 14 20 0.045578122 
31 263 8 9 0.045483653 
163 209 7 10 0.04547624 
853 384 12 18 0.04543788 
424 309 9 10 0.04543662 
215 228 9 11 0.045395978 
1007 340 10 12 0.045364812 
167 208 6 9 0.045255505 
343 316 9 11 0.045243204 
487 288 8 9 0.045195486 
711 452 13 18 0.045193654 
541 374 9 11 0.045117497 
945 286 7 9 0.045038786 
473 348 8 12 0.045029186 
655 371 11 14 0.04502074 
911 284 9 11 0.045020267 
169 238 7 9 0.045003623 
511 310 8 10 0.04499846 
620 404 11 15 0.044864148 
168 254 7 9 0.04482631 
580 396 12 16 0.044790886 
971 516 16 22 0.044779364 
838 455 15 19 0.044723123 
398 506 26 39 0.044673152 
820 379 12 16 0.044651885 
644 388 12 15 0.044575438 
742 358 10 14 0.044551194 
453 286 8 11 0.044529628 
926 372 10 12 0.044505436 
985 263 8 9 0.044428334 
600 280 8 10 0.044393357 
327 301 8 10 0.044361606 
383 278 7 9 0.044307545 
889 349 10 13 0.04423799 
744 414 18 26 0.04419073 
671 506 21 28 0.04415368 
930 548 28 25 0.04411395 
521 382 8 11 0.044092923 
174 231 8 9 0.044036653 
636 429 12 15 0.043998357 
676 467 13 18 0.043992482 
544 295 8 11 0.04392435 
94 290 13 15 0.043911483 
595 105 13 19 0.043808144 
951 341 10 12 0.043760914 
841 318 8 12 0.043748118 
1011 496 12 19 0.04369693 
776 525 29 36 0.043684065 
136 189 7 9 0.043630805 
73 260 9 13 0.04357247 
277 423 14 17 0.043526273 
430 292 8 11 0.04348855 
925 356 10 13 0.043484468 
869 354 12 15 0.04347915 
447 348 9 11 0.043400906 
632 294 7 9 0.04339441 
699 261 11 11 0.043347903 
400 310 8 11 0.043308824 
309 315 10 12 0.04329839 
564 365 11 14 0.04329587 
809 287 7 8 0.043277204 
614 355 10 12 0.04323515 
287 276 9 10 0.043217424 
1014 364 10 14 0.043169573 
896 405 11 13 0.04316789 
834 272 7 8 0.043107025 
607 380 11 14 0.043106236 
452 470 15 20 0.04307863 
154 281 12 14 0.043066625 
565 426 20 24 0.043000173 
73 247 8 11 0.042953793 
967 294 9 11 0.042946614 
825 554 18 20 0.0428767 
322 401 14 17 0.042841118 
6 286 10 13 0.042823836 
609 358 9 12 0.04272252 
861 337 12 15 0.042625453 
301 482 15 21 0.0426227 
257 342 9 12 0.042621996 
688 289 7 10 0.042573325 
1007 397 12 16 0.042526145 
726 342 10 12 0.04244296 
169 161 7 9 0.042365592 
473 293 7 10 0.04229054 
440 280 8 10 0.042272147 
136 209 7 9 0.042259622 
572 270 8 11 0.04221277 
64 280 12 14 0.042204015 
551 309 9 11 0.04219255 
602 462 27 34 0.04216984 
397 373 11 15 0.04214534 
247 325 11 14 0.042099148 
929 298 7 9 0.042082336 
837 475 15 18 0.042006135 
309 303 8 10 0.04189309 
584 301 8 10 0.041845344 
0 246 7 13 0.041785344 
596 477 19 22 0.04177558 
739 272 7 9 0.04176678 
737 302 8 10 0.04174946 
834 520 23 30 0.041739777 
355 375 11 14 0.041697938 
169 272 9 12 0.041678146 
194 166 7 9 0.041678093 
142 271 8 10 0.04158214 
278 398 11 15 0.04157303 
488 348 9 12 0.041534346 
238 375 9 13 0.041359566 
122 159 8 10 0.04135577 
219 462 28 32 0.041314613 
745 326 8 10 0.041223958 
398 271 8 10 0.041196782 
976 273 8 10 0.04116578 
736 428 13 19 0.04109667 
525 381 10 13 0.041086644 
392 299 8 11 0.041075513 
575 343 9 11 0.04104553 
785 487 16 21 0.0410124 
633 321 8 10 0.040995933 
343 379 11 14 0.04091654 
734 350 10 13 0.040895022 
23 310 10 13 0.04081606 
880 373 19 22 0.04076756 
718 435 12 17 0.040764343 
597 434 26 31 0.04069199 
141 263 9 11 0.040687423 
328 489 14 21 0.040567696 
872 311 8 10 0.04046828 
151 262 7 9 0.04037381 
919 351 9 11 0.04034542 
0 392 12 20 0.040327314 
504 519 28 42 0.040277813 
943 319 8 10 0.040154696 
614 429 12 15 0.04015104 
952 288 7 8 0.040138613 
896 325 8 11 0.04002381 
595 435 17 19 0.039959244 
490 438 22 30 0.03995155 
832 333 9 12 0.03989627 
77 275 11 14 0.039891433 
712 189 9 12 0.039858386 
967 435 14 18 0.03983759 
136 213 7 10 0.039760817 
785 271 8 10 0.039735433 
520 312 7 10 0.039712574 
997 487 16 22 0.039700743 
397 355 9 14 0.039694596 
647 406 20 24 0.039680466 
122 520 16 20 0.03968005 
502 464 21 29 0.03964354 
513 461 20 26 0.0395231 
551 391 10 14 0.03950131 
229 409 14 17 0.03949478 
470 387 11 15 0.039465018 
839 264 8 9 0.039388053 
616 334 9 11 0.03933409 
378 317 7 10 0.039308205 
278 260 8 11 0.0392947 
726 389 13 19 0.03928698 
485 492 12 17 0.039246093 
165 215 7 9 0.039217837 
932 464 15 20 0.03919551 
151 273 19 21 0.039172817 
552 456 15 23 0.039166953 
520 303 6 9 0.03915997 
989 550 14 19 0.03911385 
751 326 8 10 0.03911057 
968 356 10 13 0.03909687 
295 276 7 10 0.039060354 
697 349 9 11 0.039037418 
371 427 17 21 0.039036844 
422 303 8 11 0.03898352 
126 223 7 9 0.038887024 
684 468 16 20 0.038743548 
871 303 8 10 0.038742717 
535 302 9 10 0.03871156 
1013 383 11 15 0.038699284 
303 521 23 33 0.03869174 
643 447 14 20 0.0386742 
828 535 23 30 0.038633674 
190 263 8 10 0.038534116 
818 470 23 28 0.03851474 
543 397 11 15 0.038496047 
727 302 8 10 0.038460474 
167 223 7 9 0.038441263 
583 335 8 11 0.038394954 
325 311 8 10 0.0383603 
616 375 10 14 0.0383384 
541 423 14 17 0.038270466 
335 375 10 13 0.03826945 
652 399 12 15 0.038261708 
465 279 8 10 0.038248744 
838 381 14 17 0.038177066 
414 404 13 18 0.03811378 
800 398 18 23 0.038060628 
218 277 46 75 0.038054254 
449 293 8 9 0.038043104 
304 434 20 29 0.038037166 
155 331 32 36 0.038016938 
318 412 14 15 0.03800305 
551 427 10 14 0.038000844 
139 292 11 12 0.03789252 
608 269 8 9 0.037880696 
680 248 7 9 0.037846558 
669 439 13 18 0.037801575 
480 447 26 35 0.037781555 
160 486 37 46 0.037758328 
137 257 7 10 0.03775063 
533 422 14 19 0.037588716 
531 503 24 30 0.03753987 
984 325 9 11 0.037527807 
623 357 9 12 0.037511297 
103 272 9 11 0.037439123 
519 270 8 10 0.037422124 
27 317 20 24 0.037417915 
1015 295 8 11 0.037386883 
631 389 10 12 0.037367176 
393 310 8 11 0.0373496 
911 296 8 11 0.037326988 
788 431 20 27 0.03731327 
160 197 6 9 0.03724345 
541 405 12 15 0.03720326 
971 319 10 12 0.037150692 
312 357 10 12 0.037110414 
406 310 8 11 0.0371042 
276 379 11 15 0.03706316 
919 374 10 13 0.037043698 
144 160 7 9 0.037041042 
45 301 11 13 0.036908574 
712 325 8 10 0.036868054 
624 364 10 14 0.03684859 
812 546 25 28 0.036810137 
307 529 14 20 0.03677844 
560 435 22 26 0.03670907 
844 518 15 21 0.03665662 
215 198 9 11 0.03664291 
772 349 11 15 0.036560643 
945 279 9 10 0.03650054 
759 396 13 15 0.036483556 
783 416 14 19 0.036479026 
558 442 14 18 0.036433537 
583 358 9 13 0.03642348 
280 334 9 12 0.03639701 
610 349 10 11 0.036361754 
127 300 10 15 0.036356803 
942 541 31 32 0.036334533 
246 308 10 13 0.036332887 
465 455 22 28 0.036250062 
161 306 12 15 0.036202513 
152 159 7 9 0.03618465 
631 230 7 9 0.036175888 
496 273 8 10 0.036170684 
681 339 10 12 0.036117394 
282 506 22 28 0.036108326 
518 513 25 35 0.036083013 
211 414 23 28 0.036029767 
392 288 7 10 0.03591489 
989 481 15 19 0.035873387 
168 247 7 9 0.03586701 
892 402 212 230 0.03577805 
317 454 19 23 0.03576216 
286 313 8 10 0.03575585 
158 175 8 10 0.035724454 
393 271 8 9 0.03563636 
867 397 12 16 0.035632122 
748 407 13 17 0.035584684 
418 293 8 11 0.035580408 
738 309 7 10 0.035568275 
591 377 13 16 0.035345748 
281 324 8 11 0.035295676 
719 335 9 11 0.035293266 
911 325 9 11 0.035270125 
885 287 10 11 0.035208553 
984 494 21 27 0.035168216 
246 395 12 16 0.035163905 
415 278 7 9 0.035125934 
262 343 8 10 0.035117093 
557 429 14 17 0.035098292 
720 313 8 10 0.03506565 
760 293 10 12 0.035030268 
381 419 14 18 0.034978457 
909 334 10 12 0.034958713 
966 406 10 15 0.034919627 
692 464 21 28 0.034799304 
447 323 10 12 0.034709226 
1004 452 14 21 0.034681063 
912 375 10 13 0.034538012 
871 365 11 13 0.034455817 
947 407 20 24 0.034422614 
679 134 26 33 0.03441209 
310 401 13 17 0.03439405 
314 529 17 23 0.034374658 
929 319 8 10 0.03433023 
668 411 12 17 0.03426126 
62 307 26 34 0.034251995 
31 270 8 10 0.03424794 
899 371 11 13 0.03422137 
654 443 22 27 0.034218535 
415 264 7 9 0.034201134 
717 429 12 16 0.03419239 
841 311 8 10 0.034178145 
311 288 7 9 0.034168404 
174 166 8 9 0.034158252 
439 324 10 13 0.034096025 
925 391 10 14 0.034079965 
785 319 10 12 0.034049764 
950 354 12 15 0.0340116 
526 397 10 13 0.03394689 
329 281 7 9 0.03394509 
358 279 8 10 0.033917166 
154 295 8 11 0.033904895 
605 301 8 10 0.033858523 
984 293 9 10 0.033852674 
799 292 9 11 0.033803523 
673 364 10 14 0.033793367 
297 300 7 9 0.033733044 
845 469 26 33 0.033730607 
934 437 14 19 0.03368869 
246 315 11 16 0.033660233 
685 360 19 24 0.03364805 
903 348 10 11 0.033627838 
416 271 8 10 0.033598118 
452 357 10 12 0.033582184 
686 436 13 18 0.033571616 
504 321 9 11 0.03353375 
691 333 11 13 0.033513404 
189 300 11 14 0.033490196 
658 246 9 10 0.033473846 
191 246 7 9 0.033411585 
144 165 7 10 0.033407368 
640 310 7 9 0.033398777 
256 299 9 11 0.03338397 
550 419 11 16 0.033376668 
863 326 8 11 0.03337094 
43 315 11 15 0.03330045 
902 318 8 10 0.03328209 
901 273 8 10 0.033269975 
193 215 7 9 0.03326693 
15 268 9 12 0.03324676 
842 294 7 9 0.033244736 
562 371 12 15 0.03324131 
443 341 11 14 0.033202447 
585 286 9 11 0.03317763 
560 380 10 12 0.033112653 
317 372 13 15 0.033070028 
911 348 9 11 0.03305752 
782 456 15 21 0.03303812 
968 364 11 13 0.03303721 
751 411 19 26 0.033028334 
247 277 9 13 0.033025023 
717 363 11 14 0.033014596 
792 301 8 10 0.03300129 
533 398 12 15 0.032997813 
981 367 11 13 0.032983456 
272 325 8 11 0.032963596 
400 262 8 9 0.032962013 
576 302 8 11 0.032942474 
229 224 9 10 0.032923177 
834 287 7 8 0.03285644 
83 325 17 23 0.03284385 
955 387 12 16 0.03278568 
73 252 9 13 0.03274146 
87 282 13 15 0.032719284 
30 149 11 14 0.032711945 
727 310 8 10 0.032623146 
364 417 14 17 0.032600198 
582 451 14 18 0.032595426 
604 428 14 16 0.032585807 
854 376 19 24 0.032559272 
22 300 10 12 0.032512072 
489 272 7 9 0.03251091 
292 482 15 22 0.03250222 
672 359 21 23 0.0324178 
714 286 7 9 0.03241459 
507 391 19 25 0.032372326 
255 285 10 13 0.03229013 
709 347 12 13 0.032263227 
489 -41 416 508 0.03224157 
193 240 7 9 0.03221317 
886 367 11 14 0.032168105 
352 348 9 11 0.032132175 
285 416 15 19 0.032117352 
832 296 8 9 0.032083437 
405 470 23 30 0.032083124 
415 307 9 11 0.032081008 
326 265 7 9 0.03205986 
763 458 14 21 0.032042798 
825 271 7 8 0.0319858 
728 326 8 10 0.031983707 
224 223 8 11 0.03193312 
587 402 13 16 0.031908426 
591 364 21 24 0.03188877 
566 393 12 16 0.03184327 
156 326 12 17 0.031792168 
28 278 9 11 0.031771917 
998 302 8 10 0.031761415 
988 427 13 17 0.031725954 
108 277 10 12 0.031680528 
724 379 14 18 0.031676576 
905 439 21 27 0.031665713 
887 394 11 15 0.031647004 
270 427 17 21 0.031594776 
588 353 19 24 0.03155299 
945 297 7 8 0.03154974 
230 481 24 33 0.031542696 
696 297 7 9 0.03152427 
229 228 9 12 0.031518348 
635 367 18 24 0.0315161 
655 286 8 9 0.03151508 
193 160 8 10 0.031492744 
375 356 12 15 0.03146402 
822 302 7 10 0.03139584 
769 309 8 10 0.031390663 
433 304 8 11 0.031360842 
146 247 7 10 0.031354576 
470 344 9 12 0.031328913 
14 327 22 26 0.031325843 
739 458 15 19 0.03131475 
649 302 8 10 0.03131203 
920 296 8 10 0.0312854 
466 318 8 10 0.03123097 
282 312 9 11 0.031229349 
260 431 25 28 0.031216457 
921 478 25 36 0.031201499 
656 508 24 30 0.03120083 
641 206 7 10 0.031033264 
222 238 11 13 0.03098652 
952 364 11 14 0.03095396 
871 331 11 14 0.030939884 
454 351 9 12 0.030921087 
718 278 10 11 0.03090076 
503 309 9 10 0.030864375 
255 311 9 12 0.030856783 
177 493 28 35 0.030833585 
317 352 10 12 0.030828051 
337 285 8 11 0.030806126 
879 358 11 14 0.030799938 
310 328 9 10 0.030797727 
30 333 11 14 0.030786034 
992 288 8 10 0.030778607 
617 301 7 9 0.030758 
280 387 11 14 0.030668417 
725 480 20 27 0.030665992 
281 340 9 11 0.030649133 
283 536 28 38 0.030619109 
984 528 19 25 0.03059723 
808 317 8 11 0.030595103 
851 418 17 24 0.030579394 
175 160 7 9 0.030561928 
324 505 30 30 0.03054745 
357 416 15 19 0.030500984 
393 375 9 13 0.030497253 
699 436 15 18 0.030449431 
619 429 13 17 0.03043748 
447 304 8 10 0.030413399 
903 383 12 13 0.03039971 
709 195 10 13 0.03038803 
852 394 15 19 0.030374017 
243 348 11 16 0.030287521 
578 295 7 11 0.030280458 
281 377 20 24 0.030267848 
623 220 8 10 0.030233497 
571 263 8 11 0.030231945 
270 343 9 12 0.030225975 
169 200 6 8 0.030196832 
989 323 10 12 0.03019619 
6 309 11 14 0.030174265 
603 442 26 34 0.030142728 
129 191 7 9 0.030122899 
22 355 11 17 0.03010246 
456 296 7 9 0.030072257 
400 396 20 27 0.03006885 
678 252 9 10 0.03006201 
653 441 14 19 0.030049244 
132 318 21 28 0.03000986 
758 437 21 27 0.02994854 
860 385 14 18 0.029925304 
493 494 23 30 0.029863032 
653 388 13 15 0.029851556 
775 340 10 13 0.029796062 
153 197 8 9 0.029761292 
142 306 20 24 0.029755175 
564 503 25 33 0.029735427 
736 319 8 9 0.029714953 
158 296 20 22 0.029697772 
453 265 8 9 0.029680857 
297 389 20 25 0.029675081 
375 328 10 12 0.029652543 
456 310 8 10 0.029640527 
542 286 8 11 0.029625433 
901 423 16 19 0.029610839 
805 489 16 21 0.029523205 
494 350 9 11 0.02946659 
55 270 8 11 0.029456472 
135 322 13 17 0.029455705 
716 345 18 22 0.029400542 
109 300 11 15 0.029384183 
127 167 7 8 0.029359942 
282 429 13 17 0.02934648 
383 348 11 13 0.029291332 
318 383 19 24 0.029267022 
781 140 44 48 0.029263042 
292 395 13 17 0.02916426 
848 273 7 9 0.029113283 
623 254 7 9 0.029094953 
591 325 8 11 0.029076362 
663 322 10 11 0.029055784 
370 456 17 20 0.0290382 
717 442 14 18 0.028989792 
865 515 26 33 0.028979609 
624 302 7 10 0.028978087 
401 279 8 9 0.028971305 
369 285 7 10 0.028925037 
423 271 6 9 0.028884923 
810 497 15 22 0.028852325 
533 365 10 11 0.028833317 
237 405 13 16 0.028809283 
197 184 8 10 0.028721953 
914 551 29 26 0.028685134 
223 396 22 28 0.028630728 
200 459 25 36 0.028609993 
398 398 13 19 0.028609423 
992 278 7 10 0.028582469 
901 277 8 11 0.028573813 
682 322 18 21 0.028569862 
176 245 8 10 0.028552232 
935 351 10 12 0.028504295 
884 387 11 16 0.028490305 
177 175 8 10 0.028465504 
638 304 8 10 0.028416222 
330 341 9 11 0.02839522 
804 459 14 19 0.028394151 
345 540 26 33 0.02838332 
1013 468 10 16 0.028327972 
409 418 16 21 0.028298521 
768 536 25 34 0.028283903 
161 230 8 10 0.02820847 
258 534 28 38 0.028199019 
278 516 23 31 0.028166657 
567 284 9 10 0.028149877 
918 343 8 10 0.028136855 
567 421 13 17 0.028127348 
410 513 17 25 0.028036846 
457 466 20 28 0.028034123 
733 175 9 11 0.028019017 
1010 551 14 20 0.02798473 
630 371 12 15 0.027983857 
991 246 9 11 0.027975384 
892 443 15 19 0.027918091 
361 317 9 10 0.027852118 
191 269 8 11 0.027846893 
357 441 22 29 0.02781269 
337 451 19 25 0.027805082 
910 301 8 11 0.027804788 
641 341 10 12 0.027792003 
664 294 8 10 0.02775846 
791 310 9 11 0.02775727 
711 469 19 28 0.027741965 
195 271 77 115 0.027725443 
977 542 24 28 0.02771596 
759 269 7 10 0.02771276 
409 271 7 9 0.027710523 
632 281 9 10 0.027710311 
712 443 12 17 0.027638474 
357 287 8 10 0.027638441 
352 422 24 28 0.027627403 
364 426 17 19 0.027626697 
189 452 24 36 0.027606191 
902 358 10 12 0.027557846 
800 312 9 11 0.027539311 
289 383 19 22 0.027522 
198 240 8 10 0.027502285 
900 405 13 15 0.027494995 
409 487 26 39 0.02742361 
85 304 26 32 0.02741669 
196 476 27 36 0.027412647 
645 88 42 51 0.027409142 
510 325 8 11 0.02736915 
460 493 25 32 0.027361017 
153 222 8 10 0.027351815 
480 263 6 8 0.027285157 
1005 416 13 20 0.027232362 
255 269 10 12 0.027187014 
511 409 11 14 0.02717876 
704 190 10 11 0.027106917 
1003 321 20 25 0.027085934 
991 270 8 10 0.02704069 
696 440 20 28 0.02702613 
406 295 7 9 0.027022664 
62 350 58 68 0.027000293 
995 548 18 22 0.026999697 
933 472 16 24 0.02699426 
253 442 25 31 0.026989153 
752 344 8 11 0.026986064 
326 371 11 15 0.026982047 
6 321 19 25 0.026952319 
660 371 12 15 0.026934128 
840 393 21 26 0.026912777 
671 473 13 18 0.026908057 
1004 380 14 18 0.026885664 
453 534 13 19 0.026843846 
287 264 8 10 0.026830757 
40 284 8 11 0.026817774 
735 182 9 11 0.026808938 
375 364 13 16 0.0268082 
771 439 16 22 0.026807465 
207 160 8 9 0.026794735 
927 351 9 11 0.02678765 
465 285 7 10 0.026772218 
831 362 13 16 0.026749002 
603 425 24 30 0.026737649 
214 191 9 11 0.026737323 
245 388 12 15 0.026715955 
36 311 20 26 0.026707344 
6 353 21 27 0.026693713 
171 231 7 10 0.026669646 
949 373 11 14 0.026638394 
216 215 7 9 0.026629135 
281 278 9 10 0.026625758 
354 513 22 31 0.02662435 
604 371 11 14 0.026594562 
895 459 26 32 0.026563272 
432 308 9 12 0.026559735 
479 382 11 15 0.026541486 
35 355 21 29 0.026516262 
385 287 7 9 0.02648972 
272 333 8 11 0.026478434 
986 405 13 17 0.02646668 
408 363 11 14 0.026428128 
781 307 9 12 0.02637206 
407 285 7 10 0.026363246 
151 254 8 9 0.026324868 
357 352 10 13 0.026312592 
25 271 9 11 0.026306342 
749 363 13 16 0.02625796 
162 521 18 25 0.026242143 
997 410 14 19 0.026212879 
350 395 13 18 0.026196744 
124 331 21 28 0.026188422 
224 229 9 11 0.026135664 
376 545 27 30 0.026106752 
261 271 10 11 0.026100956 
4 298 11 15 0.026077157 
705 206 9 11 0.026066083 
120 258 8 10 0.026049899 
607 394 12 16 0.026034761 
205 406 17 22 0.026016388 
845 362 12 15 0.025999136 
663 384 19 24 0.025975274 
793 265 8 10 0.025952723 
128 216 7 10 0.025897821 
309 545 14 20 0.025895564 
343 287 8 10 0.025893921 
914 14 17 18 0.02588079 
66 248 7 10 0.025811594 
832 325 9 12 0.025802357 
401 257 7 9 0.025784401 
217 224 9 11 0.025783468 
304 270 9 10 0.025769476 
618 198 8 11 0.02574979 
419 407 14 20 0.025725447 
676 436 13 17 0.025723206 
90 350 48 59 0.025705412 
702 269 9 11 0.025682887 
977 262 7 10 0.025655692 
223 362 25 32 0.025626522 
771 446 20 28 0.02556686 
668 402 13 17 0.02555847 
55 313 11 17 0.025537908 
670 381 14 17 0.025505299 
297 313 8 10 0.025499512 
929 420 12 16 0.025484178 
297 351 10 13 0.02548358 
299 413 12 16 0.02546083 
316 354 19 23 0.025434848 
685 458 13 17 0.025412176 
53 292 12 14 0.025381347 
447 280 8 11 0.025373254 
39 265 8 9 0.025350558 
839 302 7 10 0.025346175 
661 310 9 10 0.025345217 
384 272 7 10 0.025329653 
298 289 7 9 0.025327396 
153 309 23 28 0.02532413 
782 264 9 11 0.025288366 
690 366 20 25 0.025259022 
339 426 23 30 0.025258822 
553 255 7 10 0.025252588 
166 457 29 35 0.025221959 
706 461 20 28 0.025206799 
529 295 8 9 0.02519187 
489 505 27 38 0.025184063 
749 448 22 29 0.025180446 
654 507 15 18 0.02516742 
949 524 32 36 0.025162742 
709 500 13 18 0.025158938 
417 287 7 10 0.0251458 
708 439 21 26 0.025138205 
199 208 6 8 0.025135515 
237 494 22 31 0.025114644 
997 499 25 31 0.025109239 
398 387 14 21 0.025108906 
901 437 14 16 0.025101477 
623 245 7 10 0.02509218 
953 341 20 23 0.02508906 
283 348 11 13 0.025078354 
189 333 12 16 0.025076061 
885 441 15 19 0.025038276 
545 332 10 12 0.025020925 
729 197 9 12 0.024972303 
719 373 12 15 0.024971943 
109 307 11 15 0.024968378 
171 327 26 32 0.024945486 
649 365 20 25 0.024919959 
890 384 20 24 0.02491631 
574 491 24 36 0.024891183 
334 516 28 30 0.024886385 
624 296 7 9 0.024880953 
766 355 12 17 0.024858905 
446 332 11 14 0.024854274 
985 426 38 52 0.024814736 
147 296 20 25 0.02479993 
17 294 9 12 0.024699712 
480 365 10 12 0.024694808 
623 310 9 11 0.024685714 
933 445 14 20 0.024677353 
901 310 9 11 0.024672376 
199 266 22 29 0.024665521 
408 343 17 22 0.02461112 
255 346 10 14 0.024603918 
894 519 27 32 0.024592547 
821 326 10 11 0.024579173 
542 278 9 11 0.024556166 
730 181 8 11 0.024542533 
946 271 8 10 0.024540918 
543 389 10 13 0.024502812 
839 498 25 33 0.024499835 
44 362 12 18 0.024498828 
353 433 18 23 0.024474457 
334 381 10 14 0.024404487 
499 482 23 31 0.024378566 
843 500 15 18 0.024376908 
349 325 9 11 0.02433943 
684 418 12 16 0.024306804 
995 395 21 27 0.024301022 
0 283 10 17 0.024297794 
995 477 14 18 0.024246598 
498 451 14 20 0.024241162 
520 286 8 10 0.024226377 
479 511 27 37 0.02416115 
795 488 20 27 0.024154233 
533 436 11 16 0.024097165 
524 405 18 25 0.024038557 
998 311 9 11 0.024017252 
483 472 21 32 0.023988543 
210 454 25 36 0.023987781 
453 503 16 23 0.023957472 
310 390 19 25 0.023953639 
697 183 10 12 0.02394349 
196 441 25 37 0.023935484 
509 458 14 20 0.023919683 
376 296 7 9 0.023894198 
198 315 13 17 0.023875 
343 413 12 16 0.02387101 
572 382 17 23 0.023852736 
992 302 8 10 0.023832737 
243 401 13 18 0.023825342 
868 340 11 14 0.023814473 
874 503 27 38 0.023797987 
155 216 7 9 0.023784827 
25 262 9 10 0.023779105 
916 426 13 17 0.023759834 
708 207 10 13 0.023758626 
689 301 7 9 0.023742912 
177 200 7 9 0.023655163 
911 358 10 12 0.023621466 
274 392 21 27 0.023572646 
535 379 10 13 0.023525791 
929 454 20 27 0.023512842 
301 433 14 20 0.023508128 
563 412 13 17 0.023493202 
447 362 11 14 0.023435432 
262 365 21 25 0.02342284 
598 524 28 36 0.0234184 
630 378 11 15 0.02339497 
61 290 13 14 0.023378374 
558 397 22 28 0.023339078 
888 368 18 22 0.02333066 
46 309 10 13 0.023322638 
981 333 21 24 0.023315828 
179 336 23 30 0.023310145 
255 278 10 13 0.02329992 
236 249 13 17 0.023284102 
747 431 22 27 0.02325845 
379 389 13 17 0.023257943 
512 400 20 24 0.023239171 
127 308 21 28 0.023238353 
544 412 19 26 0.023187699 
367 397 19 24 0.023182986 
43 348 11 18 0.023174046 
972 344 20 23 0.02316366 
966 395 12 16 0.023155462 
1000 316 9 13 0.02315087 
301 527 14 23 0.023135962 
169 184 7 9 0.023102356 
670 286 7 10 0.023052748 
1007 409 12 19 0.023046136 
956 425 13 18 0.02304324 
306 456 17 21 0.023024432 
162 237 8 10 0.023005793 
407 317 9 12 0.022966327 
860 467 23 32 0.022956228 
877 455 21 26 0.022955917 
136 177 7 9 0.022951629 
420 439 17 21 0.022950737 
469 453 14 19 0.022940716 
994 445 22 31 0.022936683 
834 352 19 24 0.02292929 
4 276 10 13 0.02292129 
605 106 12 16 0.022888869 
479 342 9 11 0.022871023 
656 380 11 15 0.022801764 
239 384 13 17 0.022783078 
829 458 15 18 0.022781076 
294 340 10 12 0.022777775 
704 197 10 12 0.022770632 
762 264 7 9 0.022753824 
897 530 30 34 0.022744536 
136 323 49 55 0.022728115 
544 358 9 12 0.02268328 
397 326 10 13 0.022680337 
805 187 14 16 0.022624064 
862 317 10 11 0.022614999 
690 477 17 20 0.022614324 
161 159 7 9 0.022604773 
472 302 8 10 0.022591759 
478 398 18 26 0.02256828 
245 342 10 14 0.022561096 
738 277 8 10 0.02255209 
47 294 10 13 0.022544885 
900 443 14 19 0.022492139 
421 359 11 15 0.022486083 
574 375 11 15 0.022463443 
850 521 14 19 0.022384608 
974 324 10 12 0.022383776 
519 295 7 10 0.022378942 
745 500 38 50 0.022376811 
264 379 20 24 0.022324797 
806 195 12 14 0.022296423 
194 207 6 9 0.022240426 
522 486 23 30 0.022222146 
315 437 20 30 0.022216214 
227 395 12 17 0.022211842 
687 380 13 17 0.022207746 
869 411 13 19 0.022200614 
625 240 7 9 0.022149853 
815 309 9 10 0.022132427 
866 453 15 20 0.02212846 
306 536 25 31 0.02212516 
1010 3 13 17 0.02212188 
768 280 9 10 0.022092545 
671 371 13 15 0.022076825 
407 302 8 10 0.02207199 
421 349 10 12 0.022060784 
116 281 20 25 0.022028485 
722 360 20 23 0.022024931 
194 184 7 10 0.022023648 
238 396 12 17 0.021978183 
620 452 14 17 0.021954482 
672 263 7 10 0.0219498 
290 522 24 35 0.021949504 
372 418 16 18 0.021945829 
263 396 11 14 0.021932073 
250 448 16 25 0.021927206 
351 312 9 11 0.021898922 
252 396 11 14 0.021898083 
1012 459 12 17 0.021881176 
360 353 19 25 0.021870855 
703 356 20 22 0.021866286 
800 352 19 25 0.021865854 
749 370 14 18 0.02182118 
562 343 19 23 0.02180072 
811 495 26 33 0.021789107 
809 421 25 31 0.021776715 
923 421 22 26 0.021759095 
257 477 22 30 0.021757722 
696 257 9 10 0.02172594 
923 240 11 12 0.021722334 
811 363 14 18 0.021675136 
487 486 22 31 0.02164616 
848 340 21 28 0.021645712 
717 189 10 13 0.021619186 
843 422 18 23 0.02160641 
31 293 9 12 0.021587623 
808 326 8 11 0.021570928 
991 364 11 14 0.021559704 
717 379 13 17 0.021558577 
220 381 26 30 0.021537319 
258 509 24 31 0.02153221 
574 278 8 10 0.02151037 
768 175 9 12 0.021501008 
534 514 26 31 0.021499038 
390 363 9 13 0.021498326 
127 151 7 9 0.021469325 
740 333 10 12 0.021450054 
786 491 20 28 0.021447452 
25 256 7 10 0.021432215 
752 333 8 11 0.02141555 
640 214 7 10 0.021397533 
487 408 12 16 0.021391015 
646 460 12 17 0.021359222 
915 445 20 27 0.021347834 
189 309 12 15 0.021335209 
520 347 19 23 0.021332107 
79 297 25 29 0.0213171 
91 300 17 19 0.021312097 
575 286 8 10 0.021302558 
110 287 10 13 0.021298535 
852 328 21 26 0.021281864 
521 482 14 19 0.02128008 
923 438 20 27 0.021278119 
811 186 15 16 0.021254364 
852 475 28 37 0.021246405 
109 287 19 24 0.021242917 
571 441 14 19 0.021235678 
196 331 12 18 0.021203911 
326 -146 474 527 0.021180363 
863 347 13 15 0.021176215 
462 477 23 33 0.021145923 
387 422 14 18 0.02111982 
628 332 10 12 0.02109538 
561 340 10 13 0.021083819 
172 439 16 19 0.02105742 
623 388 10 13 0.021027949 
270 285 8 11 0.02102203 
807 519 25 33 0.021007616 
424 340 9 13 0.02100614 
693 355 17 23 0.020999735 
139 161 7 8 0.020979092 
354 278 8 9 0.020953136 
310 513 28 34 0.020939222 
592 510 28 34 0.020928571 
248 492 21 31 0.020916179 
459 386 15 17 0.02089734 
178 443 27 35 0.02088716 
998 294 9 11 0.020877685 
186 345 26 33 0.020866819 
558 476 26 39 0.020861212 
93 265 10 11 0.020857604 
341 419 15 18 0.020845165 
700 503 17 23 0.020828279 
835 547 26 32 0.02081719 
486 362 19 23 0.020784624 
143 255 8 9 0.020706465 
259 495 15 21 0.020704366 
248 269 10 13 0.020681746 
120 307 10 14 0.020669973 
300 445 20 26 0.020660432 
537 492 18 23 0.020657234 
168 262 8 10 0.020655012 
954 435 12 16 0.020654548 
2 315 10 13 0.020642783 
687 448 19 28 0.020627186 
321 300 8 11 0.02062426 
922 435 15 19 0.020607198 
759 326 8 11 0.02060041 
45 326 11 15 0.020574883 
675 404 18 25 0.020551812 
119 340 13 18 0.02055055 
990 455 15 19 0.020539152 
232 371 12 16 0.020487042 
997 261 8 11 0.020486953 
862 428 14 20 0.020455237 
53 303 20 28 0.020354696 
672 501 12 16 0.02034155 
656 326 20 21 0.02033055 
475 452 15 19 0.020318115 
388 391 18 25 0.020311914 
388 344 11 12 0.020274388 
540 486 26 33 0.020268004 
66 19 419 491 0.020258255 
824 279 7 9 0.020233141 
912 430 21 26 0.020217195 
917 381 10 12 0.020202402 
436 332 12 16 0.02020076 
287 355 18 25 0.020197833 
15 299 10 13 0.02019295 
196 340 51 64 0.020190435 
660 382 13 15 0.020182777 
205 479 29 38 0.020178156 
690 506 16 19 0.020171087 
841 404 24 30 0.020169463 
5 336 13 17 0.02015688 
735 126 9 12 0.020156762 
664 350 19 22 0.020118335 
192 256 7 9 0.020105153 
681 533 27 37 0.020103911 
386 539 28 33 0.020086516 
601 271 8 10 0.020085763 
29 297 20 25 0.02008099 
795 154 14 17 0.020067316 
144 224 7 9 0.02004664 
174 254 8 9 0.020043483 
261 295 10 12 0.020026572 
732 469 21 27 0.02002331 
877 392 12 16 0.02002259 
679 263 8 10 0.020018343 
88 270 20 23 0.020001426 
363 515 17 24 0.020001194 
