21_Festival_Festival_21_605
100
805 76 65 87 0.99937195 
938 259 30 38 0.9993624 
178 111 63 80 0.9993005 
633 55 68 96 0.99864465 
311 63 75 97 0.9979113 
441 33 84 107 0.9960368 
986 183 21 27 0.95667595 
6 249 17 22 0.9234125 
58 239 17 23 0.82012975 
991 265 30 35 0.8170941 
87 269 17 25 0.8100928 
34 231 15 19 0.777331 
755 162 25 28 0.60582477 
935 207 18 23 0.5637682 
41 259 12 16 0.55658823 
53 282 13 16 0.51895565 
5 221 10 13 0.23964906 
0 229 9 13 0.20037189 
87 262 12 16 0.18551977 
964 225 14 19 0.15848112 
72 319 12 14 0.1397884 
96 273 15 21 0.13881369 
993 290 29 38 0.11393961 
53 246 12 17 0.093252525 
61 230 14 18 0.09141181 
62 302 13 16 0.08424343 
46 252 11 16 0.082066394 
66 245 16 19 0.081938796 
1000 297 14 18 0.07940854 
45 263 11 15 0.07762698 
5 238 12 15 0.07540697 
4 226 11 14 0.0702526 
84 317 12 14 0.06931319 
48 280 12 16 0.066005714 
49 245 11 14 0.064695776 
12 222 10 12 0.061317436 
123 274 12 16 0.059679072 
77 160 13 14 0.058700692 
75 244 11 15 0.05460607 
727 416 62 63 0.052818913 
40 324 13 16 0.04975013 
61 267 10 13 0.04914059 
919 317 15 20 0.04866391 
632 216 113 156 0.047475077 
-1 269 9 14 0.04644618 
67 307 14 17 0.04550232 
55 261 11 15 0.044926457 
959 193 13 18 0.043422014 
15 214 10 12 0.04309717 
999 318 25 36 0.0426414 
77 235 13 18 0.04165031 
47 192 9 12 0.04064779 
959 227 22 30 0.040337104 
58 279 13 16 0.039025594 
919 266 13 18 0.038862977 
31 205 9 12 0.03732177 
134 174 10 14 0.036851667 
70 317 20 23 0.036311906 
26 228 11 15 0.035995282 
991 270 17 24 0.035892136 
148 195 11 14 0.03589006 
945 102 29 38 0.035693374 
68 221 12 14 0.035613712 
983 101 13 16 0.035558924 
79 258 12 17 0.03469215 
938 217 25 30 0.033514917 
208 483 33 48 0.032848947 
30 224 12 16 0.032798935 
956 99 40 48 0.03226689 
0 258 11 15 0.032016285 
36 300 13 16 0.03087434 
1002 288 17 24 0.030333078 
16 281 12 17 0.0302891 
947 246 27 36 0.029185668 
3 253 11 16 0.028959444 
884 175 28 40 0.028582312 
16 254 16 21 0.028210383 
941 199 14 16 0.027299259 
119 270 12 16 0.026064051 
78 311 13 17 0.025783291 
4 330 14 21 0.025158113 
923 263 25 32 0.02512906 
3 299 13 17 0.02382397 
873 188 33 44 0.023570294 
21 212 10 12 0.023380568 
0 243 13 18 0.023237094 
47 204 10 13 0.02269398 
0 330 11 18 0.022592591 
882 250 39 57 0.022020154 
1004 106 14 20 0.021733455 
53 213 11 13 0.021693766 
90 317 13 15 0.021566486 
1010 290 14 20 0.021488758 
48 252 18 25 0.021190224 
13 228 11 14 0.021168951 
6 306 13 18 0.020641966 
41 234 13 18 0.020543648 
128 198 10 12 0.020468498 
943 192 24 29 0.020263227 
56 134 9 9 0.02003897 
