21_Festival_Festival_21_354
47
272 143 417 524 0.9995401 
756 541 114 101 0.8662443 
762 450 73 65 0.5089348 
198 328 419 493 0.17866611 
262 -2 148 99 0.13814661 
99 58 101 136 0.105847925 
634 522 32 33 0.084519885 
243 519 471 528 0.0676612 
647 515 29 37 0.067643404 
94 766 63 77 0.064564034 
327 599 234 284 0.063484915 
99 733 60 56 0.061386477 
89 595 65 59 0.0545319 
730 412 98 86 0.051743362 
793 498 36 37 0.050847422 
55 712 55 50 0.05073722 
85 556 125 101 0.047812402 
771 478 62 58 0.046325512 
660 520 31 39 0.04104813 
621 752 455 430 0.040124603 
69 733 57 54 0.03968779 
746 484 173 184 0.0374565 
631 529 21 23 0.035188694 
695 987 34 43 0.033911552 
709 397 69 65 0.032395642 
782 516 43 38 0.03136013 
768 521 75 65 0.030947063 
774 430 42 36 0.03069084 
722 454 74 70 0.030087044 
726 517 74 74 0.028179437 
68 696 55 49 0.02807521 
663 464 63 58 0.027238283 
56 743 46 42 0.02655926 
659 515 16 21 0.025942314 
107 704 56 53 0.025853775 
616 523 35 36 0.025669394 
56 616 52 59 0.025587263 
665 963 12 15 0.025350811 
161 573 78 69 0.024932416 
0 574 57 107 0.024642184 
661 499 28 34 0.024550278 
270 10 77 71 0.023802692 
644 512 18 21 0.023214575 
641 504 31 35 0.023089865 
668 958 12 15 0.021238767 
64 1 162 253 0.020907212 
675 989 14 17 0.020045534 
