21_Festival_Festival_21_275
400
965 330 17 21 0.96618927 
998 346 15 20 0.9493262 
685 229 10 14 0.8550959 
259 264 27 51 0.70778733 
-6 190 56 95 0.48995912 
741 333 13 15 0.47623935 
569 338 22 27 0.46938637 
192 444 47 50 0.45548838 
919 348 9 11 0.4298559 
752 227 9 11 0.30477303 
370 297 37 41 0.28527027 
138 213 17 27 0.25250632 
863 344 8 10 0.23728059 
883 344 6 8 0.2327358 
625 290 15 17 0.23194435 
470 401 42 59 0.20678031 
874 333 8 10 0.19889416 
903 349 8 10 0.19291192 
926 371 11 14 0.1871511 
236 273 35 46 0.17866276 
765 255 10 11 0.17266151 
628 337 15 18 0.17259417 
686 104 11 14 0.16369197 
724 254 11 14 0.15236154 
737 337 11 14 0.13807982 
960 391 10 12 0.13598968 
708 195 12 15 0.12842512 
312 312 52 64 0.123338625 
733 92 13 17 0.121880524 
859 343 7 10 0.11896673 
761 404 9 12 0.116351105 
994 405 15 16 0.11328303 
821 336 10 12 0.11243408 
661 419 12 15 0.108949125 
679 233 10 13 0.107456006 
622 334 15 19 0.10635487 
879 335 7 9 0.10593881 
26 195 61 86 0.10562629 
353 297 31 43 0.105252 
135 278 24 37 0.10345213 
972 356 11 14 0.10144229 
916 404 9 13 0.099817604 
902 383 9 12 0.0986279 
712 336 10 12 0.09755208 
399 135 10 14 0.094530955 
453 259 39 49 0.093804635 
704 452 11 15 0.09197698 
690 228 11 15 0.090453714 
773 316 11 14 0.089813426 
533 303 31 37 0.08957515 
991 348 12 17 0.08870517 
724 242 13 14 0.08781452 
723 395 12 15 0.08706359 
869 349 8 10 0.08655349 
684 423 12 13 0.08566264 
897 389 9 10 0.084437735 
507 309 40 51 0.08293156 
636 338 12 16 0.081609845 
766 445 15 16 0.07904032 
767 259 9 12 0.077492274 
673 311 9 12 0.077476196 
722 260 10 13 0.07717175 
949 343 11 14 0.07699129 
944 348 10 13 0.07516798 
712 300 10 13 0.07380932 
846 374 7 10 0.07213469 
729 308 10 12 0.0719583 
690 194 13 16 0.07043961 
936 397 10 13 0.07036767 
767 341 10 14 0.06936171 
806 94 12 15 0.06922928 
789 95 9 11 0.06871148 
726 214 11 13 0.06700631 
703 66 11 15 0.06563303 
962 333 12 16 0.06501851 
229 228 13 19 0.06408822 
846 94 8 10 0.063879475 
718 335 10 12 0.06381776 
1012 405 10 13 0.06345585 
671 315 9 13 0.062865384 
748 339 13 14 0.06255632 
721 430 10 14 0.061820015 
752 435 10 11 0.06166245 
305 334 28 32 0.06057599 
656 322 12 15 0.060489174 
146 277 13 19 0.05995245 
768 316 10 13 0.059297543 
310 338 16 18 0.058053784 
728 435 9 11 0.05745993 
886 383 8 11 0.056814898 
599 504 14 19 0.056205254 
705 254 9 11 0.05594083 
736 436 7 10 0.055504113 
734 215 10 11 0.055265125 
703 237 11 14 0.055140365 
726 332 10 14 0.054956406 
132 332 24 31 0.054786894 
718 235 13 16 0.05468522 
858 349 7 9 0.054420598 
828 402 12 16 0.053182743 
983 349 13 17 0.053125083 
719 243 12 13 0.05288494 
767 230 10 14 0.05189021 
901 388 9 11 0.050554436 
841 94 8 11 0.05041124 
137 330 16 20 0.05033268 
896 344 8 9 0.050131135 
766 246 10 12 0.050126538 
337 303 38 49 0.05002599 
707 404 13 16 0.049683 
913 349 9 11 0.049677096 
773 339 12 14 0.04886196 
885 423 9 11 0.048840478 
711 365 10 13 0.048072644 
619 282 24 27 0.047749333 
808 349 9 13 0.0475728 
870 343 8 10 0.047449253 
678 334 12 16 0.04723571 
743 270 10 12 0.0472335 
680 224 17 22 0.046425276 
559 335 41 45 0.046148464 
757 342 11 14 0.045763344 
871 372 8 11 0.045653667 
816 340 10 13 0.045613974 
749 447 9 12 0.045484375 
510 299 28 36 0.045432646 
735 254 10 13 0.045298066 
924 344 9 12 0.044834245 
702 222 10 13 0.04473498 
847 345 8 9 0.044279903 
725 326 11 14 0.044217303 
767 309 10 13 0.044120483 
204 276 25 40 0.04355713 
771 193 13 16 0.043261137 
832 350 10 12 0.043110725 
822 356 10 13 0.042838052 
849 390 8 10 0.04278607 
0 294 155 233 0.042696714 
370 310 53 57 0.04265096 
836 404 9 12 0.042447004 
669 181 11 13 0.042358696 
728 198 9 11 0.042312007 
662 317 11 14 0.04224546 
870 423 8 12 0.04221132 
822 348 11 15 0.042210106 
764 17 49 56 0.042108245 
711 236 12 14 0.042107176 
1006 406 12 14 0.041995414 
516 318 19 27 0.04163572 
847 384 7 9 0.041563947 
298 328 46 55 0.041500002 
1015 382 9 13 0.041449934 
787 237 10 13 0.041279882 
523 323 29 34 0.04125803 
644 108 10 13 0.04107156 
736 269 10 13 0.04094271 
213 391 53 60 0.04090071 
724 268 11 13 0.04051016 
873 359 8 10 0.040404286 
64 132 36 46 0.04002508 
895 311 7 10 0.039401677 
297 191 8 10 0.03936594 
942 405 9 13 0.039306108 
862 111 9 10 0.039215278 
758 229 10 12 0.039192695 
731 302 11 13 0.038806852 
639 221 9 14 0.038640298 
963 395 12 15 0.038602706 
888 390 9 10 0.038524818 
739 97 13 16 0.038455274 
696 302 9 11 0.038452968 
788 292 9 13 0.0383382 
685 333 13 15 0.03821203 
735 198 9 11 0.03809542 
645 104 9 11 0.037874058 
807 189 13 18 0.037845884 
785 242 11 15 0.03759538 
402 138 12 14 0.03755639 
814 350 10 14 0.03736671 
741 229 11 13 0.036776762 
451 384 41 60 0.036613658 
871 366 9 11 0.036566813 
582 582 30 33 0.036353502 
899 349 8 10 0.035852175 
558 315 29 38 0.035762053 
546 306 29 38 0.035637885 
233 225 16 18 0.035579592 
734 230 13 16 0.035543222 
723 402 13 17 0.03508843 
672 235 10 13 0.034809064 
733 220 11 12 0.034376696 
586 346 16 18 0.033926427 
643 338 13 17 0.03385882 
768 269 9 12 0.033687048 
746 451 9 12 0.0335249 
177 423 82 82 0.033455145 
815 374 9 12 0.033275757 
719 325 11 14 0.03277619 
683 394 13 17 0.03274575 
1001 458 21 37 0.032695703 
702 321 11 15 0.032563917 
782 311 10 12 0.032458365 
760 318 10 13 0.032324556 
740 235 12 14 0.032184742 
437 274 13 18 0.03197444 
711 243 11 13 0.031879142 
755 430 11 13 0.03184841 
801 95 21 25 0.031704776 
222 233 12 16 0.031371064 
709 348 12 15 0.031250045 
694 235 10 13 0.031231595 
50 223 53 69 0.031191569 
704 467 10 15 0.031086955 
696 66 11 15 0.030968776 
824 365 9 11 0.030920802 
422 201 49 56 0.030916559 
752 347 11 13 0.030866912 
862 116 9 11 0.03080805 
902 356 9 10 0.030593429 
761 259 10 12 0.030308928 
838 349 10 12 0.030215923 
710 54 10 12 0.030099189 
705 261 10 12 0.030024687 
888 336 7 9 0.029946849 
878 359 8 10 0.029887535 
742 213 10 12 0.029801825 
680 223 10 14 0.029791797 
728 206 9 12 0.029775614 
710 356 12 14 0.029747643 
926 378 10 13 0.02921669 
619 342 18 20 0.029214537 
809 355 9 12 0.028943863 
866 358 7 9 0.028859077 
724 231 15 17 0.028785912 
781 316 11 13 0.028778762 
761 447 11 14 0.028748348 
926 357 11 13 0.028740756 
831 391 9 11 0.028724907 
935 358 10 12 0.028690802 
789 300 9 13 0.028675992 
784 285 11 15 0.028647227 
392 134 11 14 0.028510448 
514 336 34 39 0.028406065 
618 397 27 33 0.027968373 
436 371 44 59 0.027907094 
830 354 11 13 0.027820975 
706 455 13 18 0.027647162 
535 307 15 21 0.02748991 
842 383 7 9 0.027430298 
1002 261 8 12 0.027369492 
903 376 9 12 0.027353315 
1001 336 9 13 0.02724623 
959 373 10 13 0.027111676 
382 51 401 474 0.026992343 
719 247 21 25 0.026985245 
386 304 19 24 0.02694219 
757 435 10 13 0.026762241 
807 341 11 14 0.026591597 
705 398 11 14 0.02657443 
897 358 8 10 0.026413696 
960 383 8 10 0.026359186 
295 321 26 35 0.026309673 
1013 397 10 14 0.02625393 
687 36 10 12 0.026211834 
800 349 10 13 0.02616279 
204 287 14 22 0.026151758 
452 327 28 39 0.026050678 
734 205 10 11 0.0260324 
901 413 8 10 0.025960285 
718 214 13 15 0.025883714 
683 271 12 14 0.02578126 
653 349 12 16 0.025719455 
965 403 12 15 0.025663557 
709 254 9 12 0.025660435 
774 382 10 13 0.025594108 
996 399 14 15 0.025566617 
772 261 10 13 0.025464037 
765 399 9 12 0.025447339 
672 459 12 17 0.025440935 
703 150 12 14 0.025395034 
650 30 15 18 0.02534201 
734 286 10 12 0.025255498 
743 437 8 11 0.0252294 
715 195 12 14 0.025164347 
695 214 8 10 0.025101326 
748 326 12 14 0.025088983 
742 477 12 14 0.025088023 
785 252 10 14 0.025074217 
1006 461 13 20 0.024857314 
743 222 10 14 0.02482585 
772 254 11 13 0.024698976 
741 260 11 14 0.024667678 
695 288 8 10 0.024629058 
805 335 11 14 0.024594063 
646 314 12 16 0.024560364 
695 253 10 13 0.024432246 
615 299 12 15 0.024376597 
704 108 12 16 0.024107229 
956 356 13 15 0.024068983 
565 320 17 23 0.024065364 
817 343 20 26 0.024063375 
679 30 11 15 0.024013774 
623 383 25 31 0.023898516 
719 235 21 24 0.023804743 
136 323 13 20 0.023784868 
128 259 27 34 0.023772446 
704 244 10 12 0.023643747 
467 344 15 19 0.023619685 
887 398 10 13 0.023592098 
821 221 11 15 0.023534684 
734 276 11 14 0.023465822 
696 293 8 11 0.023383485 
894 304 7 9 0.023367347 
845 86 10 14 0.023330672 
681 102 11 15 0.023275347 
661 381 10 13 0.023229038 
936 351 9 12 0.0232277 
712 306 10 12 0.02319979 
178 450 48 69 0.023195665 
637 292 10 14 0.02318115 
382 133 10 12 0.023099635 
1007 371 11 15 0.023092797 
729 88 11 14 0.022922663 
445 506 15 18 0.022913484 
709 230 22 26 0.022881992 
146 278 30 40 0.02285282 
656 94 9 12 0.022738764 
726 228 22 26 0.022736868 
691 102 12 16 0.02272893 
639 253 9 12 0.022531055 
316 437 24 30 0.022524912 
669 349 13 15 0.022500487 
505 290 26 31 0.022497417 
840 344 9 11 0.022469243 
1014 348 9 13 0.022429718 
1005 336 10 12 0.022391189 
626 411 16 18 0.022347266 
628 388 15 17 0.022328107 
801 108 11 12 0.022324672 
760 278 9 13 0.02226473 
593 346 17 18 0.022248678 
123 322 38 52 0.022216497 
721 391 10 12 0.022196855 
673 494 9 12 0.02213868 
743 316 10 12 0.022130525 
865 367 8 10 0.022106918 
759 247 11 13 0.022044227 
120 262 44 60 0.022032162 
746 219 20 24 0.022031575 
439 268 28 35 0.022021329 
937 341 9 12 0.022011064 
908 383 9 11 0.021880198 
764 309 20 24 0.021860428 
589 453 12 14 0.021832243 
677 45 13 14 0.02182858 
802 31 14 19 0.021763299 
936 404 9 12 0.021659624 
763 410 12 14 0.021624064 
449 343 42 51 0.021552347 
677 464 11 16 0.02155093 
121 293 42 61 0.021521548 
717 296 9 12 0.021515308 
702 300 10 12 0.02147916 
890 303 7 10 0.021377813 
847 367 8 11 0.021350922 
854 389 8 11 0.02134552 
703 192 26 28 0.021341676 
732 292 10 12 0.02131796 
708 155 10 13 0.021254102 
709 370 11 14 0.021250768 
576 344 27 29 0.02121802 
735 226 21 24 0.021217098 
226 451 33 36 0.02113575 
351 387 55 73 0.021113373 
626 324 15 21 0.021083185 
1006 419 13 17 0.021070654 
528 323 48 58 0.021045715 
880 348 8 10 0.020970741 
796 186 22 26 0.020904262 
542 537 16 21 0.020898083 
726 96 14 17 0.020880241 
1006 398 12 14 0.020847367 
1011 409 12 16 0.020831106 
505 330 29 39 0.020831091 
692 333 11 14 0.020818545 
855 103 8 10 0.02081703 
670 339 12 14 0.020780884 
928 311 7 9 0.020670898 
676 315 10 13 0.02055738 
428 254 27 34 0.020351652 
750 275 10 13 0.020338053 
773 277 10 14 0.02030882 
220 224 21 29 0.020263601 
715 346 13 16 0.020263355 
718 450 11 16 0.020210737 
1001 236 10 13 0.020191012 
616 338 15 19 0.02014779 
623 503 11 14 0.020120062 
936 318 8 10 0.020107845 
748 398 12 14 0.020103391 
