21_Festival_Festival_21_513
60
211 112 81 107 0.99668473 
507 100 78 97 0.96937525 
61 168 33 42 0.96609336 
19 63 29 31 0.6690726 
364 147 28 41 0.6527303 
979 366 21 25 0.6116258 
644 211 27 31 0.4448328 
737 90 74 111 0.15802142 
0 98 11 17 0.12465558 
329 171 41 40 0.11161277 
1 114 12 17 0.08640649 
979 217 14 17 0.07859496 
848 88 63 85 0.078445524 
1000 203 12 16 0.07759808 
328 84 49 53 0.07410736 
989 204 11 14 0.06767698 
972 238 14 20 0.062145837 
714 120 82 112 0.055793315 
629 206 44 58 0.054597918 
342 136 49 59 0.053670797 
592 512 18 19 0.04295763 
757 122 89 119 0.04283096 
38 16 42 50 0.042599052 
717 46 35 47 0.039733592 
0 105 13 20 0.037304252 
969 212 22 29 0.035418898 
48 21 27 29 0.035028003 
553 231 45 74 0.034223765 
26 46 28 34 0.03385015 
1 120 16 19 0.033545915 
998 199 19 25 0.03252194 
654 207 27 31 0.030939007 
615 225 53 63 0.030745434 
744 174 47 66 0.029768303 
950 217 26 38 0.02858942 
309 312 397 526 0.028328892 
1006 208 13 17 0.027232217 
925 344 26 37 0.027207406 
685 187 23 30 0.027052741 
940 223 23 36 0.026625965 
673 190 25 32 0.026096096 
32 49 18 21 0.025711633 
981 205 20 26 0.02507336 
670 181 12 16 0.024179693 
1010 203 12 18 0.023913108 
18 171 15 22 0.02389289 
94 0 29 23 0.023545692 
9 126 24 32 0.023441996 
353 160 37 50 0.02306814 
-1 91 19 28 0.022769036 
916 204 11 15 0.02258999 
980 180 11 15 0.022569401 
-29 635 398 478 0.022312522 
967 370 24 30 0.022281656 
975 181 11 15 0.022071155 
696 134 53 72 0.02135897 
337 110 34 40 0.02133228 
4 139 14 19 0.02122672 
0 129 13 16 0.020819787 
643 205 18 21 0.020258704 
