21_Festival_Festival_21_797
86
641 127 109 140 0.99989116 
417 215 54 67 0.9994653 
502 255 49 73 0.99846375 
315 321 52 67 0.9983399 
835 162 39 50 0.9956262 
85 243 51 58 0.9939873 
286 197 29 41 0.9897872 
785 295 59 53 0.9772818 
292 234 51 58 0.9568921 
172 298 43 42 0.95416754 
100 338 46 54 0.947799 
182 72 26 46 0.63718915 
269 306 37 37 0.59541744 
39 184 28 42 0.288444 
662 66 40 47 0.28690562 
502 54 56 65 0.2585861 
516 200 32 36 0.24777724 
265 455 14 17 0.21668828 
144 22 48 60 0.18852578 
807 298 59 59 0.17109966 
287 205 43 52 0.16246141 
695 14 29 37 0.15062915 
922 144 42 53 0.13013162 
901 173 29 42 0.10518206 
136 64 36 44 0.10219611 
264 448 11 17 0.08639586 
765 55 29 43 0.07705282 
155 1069 407 438 0.074592106 
134 448 17 23 0.0690428 
180 279 36 46 0.067830026 
281 304 44 56 0.064631045 
781 276 37 61 0.06334408 
931 0 27 22 0.06099114 
165 84 42 61 0.060090937 
679 63 47 64 0.058369942 
929 33 18 22 0.052302003 
585 93 13 15 0.05087049 
45 188 16 26 0.046723526 
952 16 27 38 0.045785956 
323 155 32 37 0.045315363 
912 162 31 42 0.044263393 
703 5 35 40 0.043989964 
44 304 27 34 0.043978978 
146 51 45 60 0.042687096 
740 42 24 31 0.041589044 
449 151 15 18 0.04105215 
216 337 383 542 0.03880994 
481 38 88 106 0.03747147 
513 163 47 57 0.036377613 
798 76 14 18 0.036329344 
161 287 28 40 0.035925455 
262 444 22 31 0.035047945 
523 151 29 35 0.035022583 
781 154 17 20 0.03231844 
848 279 29 38 0.030491633 
802 452 53 72 0.030435117 
859 286 15 21 0.029487396 
397 219 12 18 0.029329168 
159 26 53 75 0.02889666 
255 57 37 45 0.028684286 
360 1292 137 138 0.028006729 
175 49 48 73 0.027049286 
529 185 28 32 0.0269735 
159 89 31 40 0.026943883 
524 1165 18 18 0.026241273 
261 322 29 43 0.026015665 
358 225 14 20 0.025391622 
719 71 30 47 0.0253537 
390 230 27 38 0.025226725 
91 535 28 35 0.024687074 
308 202 28 37 0.023838636 
499 237 35 47 0.02365278 
835 298 36 43 0.02357959 
62 239 11 15 0.023359153 
485 61 31 39 0.022945581 
284 467 27 37 0.022910425 
417 194 35 38 0.02261533 
245 25 45 66 0.022432577 
134 73 51 60 0.021589937 
593 486 29 39 0.021539394 
906 106 13 16 0.02129529 
160 103 33 50 0.021048274 
777 77 15 22 0.02089759 
934 40 24 33 0.020872772 
272 288 31 41 0.020537743 
532 154 18 21 0.020252477 
