21_Festival_Festival_21_943
331
739 189 11 13 0.8237868 
294 186 15 20 0.611747 
69 194 11 14 0.5898381 
761 186 8 11 0.46680474 
549 183 11 14 0.3945416 
711 193 11 12 0.3544733 
352 180 9 12 0.34792352 
153 196 9 11 0.34526327 
595 436 11 13 0.30502418 
261 190 11 14 0.29817423 
112 196 11 14 0.2828198 
808 191 8 11 0.28227758 
110 189 12 15 0.26528817 
831 196 9 12 0.2603324 
887 182 11 12 0.25422525 
104 181 10 14 0.25111273 
543 187 10 13 0.2509618 
190 191 9 11 0.2402781 
489 189 10 12 0.21349682 
567 219 11 13 0.21003136 
765 187 9 12 0.19708708 
356 175 9 13 0.19607349 
87 190 9 12 0.18750449 
225 184 7 10 0.18226978 
257 189 9 13 0.18082614 
135 196 8 11 0.17472921 
519 183 9 12 0.17206785 
170 192 8 10 0.1665096 
156 197 10 12 0.14783664 
604 423 10 13 0.1401708 
598 430 11 15 0.13597295 
421 188 11 16 0.13590118 
558 183 9 11 0.12313943 
214 189 8 10 0.123074025 
319 189 11 14 0.120811895 
258 196 9 12 0.11959624 
186 189 8 11 0.11770512 
938 199 7 9 0.117569566 
513 182 9 12 0.11350118 
288 186 14 18 0.110068634 
661 443 14 16 0.10900497 
277 182 11 16 0.10647269 
300 181 13 19 0.1026927 
616 227 10 14 0.09711157 
325 191 9 12 0.09424517 
513 188 9 12 0.093998425 
398 197 11 14 0.093282975 
718 195 10 12 0.09263273 
344 182 10 12 0.09233364 
215 183 9 12 0.09074463 
66 190 11 15 0.087571025 
927 253 10 11 0.08670535 
303 173 11 14 0.085704945 
1008 222 8 11 0.08456071 
568 191 8 10 0.08376587 
573 221 12 15 0.081709415 
270 189 12 16 0.08030086 
130 191 9 11 0.08003159 
527 191 9 12 0.0786385 
231 184 7 11 0.07611487 
397 214 11 15 0.07554848 
382 188 9 13 0.072924085 
695 215 11 13 0.07211329 
958 237 10 11 0.07168994 
694 221 11 13 0.07143053 
836 196 9 11 0.07076854 
343 188 8 10 0.07044598 
519 302 391 462 0.070179224 
856 199 7 9 0.0693474 
185 185 8 10 0.06857555 
536 189 9 12 0.06798348 
275 193 14 18 0.06721026 
881 179 10 13 0.06518836 
53 179 10 13 0.065118454 
95 189 10 13 0.063440025 
393 189 9 12 0.063404605 
81 191 8 11 0.06295584 
581 222 10 14 0.05996394 
774 189 9 11 0.059770253 
397 189 11 14 0.05955113 
385 183 8 11 0.059491273 
726 197 10 13 0.057278793 
190 185 9 12 0.05587828 
95 183 10 13 0.055865593 
825 198 10 11 0.055219665 
239 221 7 11 0.0550426 
119 231 9 11 0.054529935 
653 387 25 29 0.053810157 
260 182 14 17 0.053476196 
186 196 9 11 0.052750062 
367 219 10 14 0.052386668 
110 230 11 13 0.052039284 
573 192 9 10 0.05151039 
638 228 10 14 0.05070887 
108 176 11 12 0.049765028 
508 198 10 13 0.048679776 
336 189 8 11 0.04838649 
143 198 8 10 0.048346754 
506 181 8 11 0.04827236 
870 300 24 28 0.048035815 
397 202 11 15 0.04772719 
100 182 19 25 0.047464877 
155 192 10 12 0.047165126 
813 195 9 12 0.04692633 
238 198 9 11 0.04677514 
943 237 9 11 0.046005666 
168 196 9 11 0.04585824 
637 234 13 18 0.04569779 
222 228 9 12 0.045674097 
160 205 9 11 0.045269784 
897 337 17 20 0.044471387 
798 212 9 12 0.044400994 
258 185 20 24 0.043656785 
953 237 9 11 0.04363853 
311 187 12 16 0.043428905 
254 183 11 14 0.04323902 
96 210 12 16 0.043149717 
392 197 12 15 0.043047614 
176 184 9 10 0.042813756 
581 413 11 14 0.042536926 
944 230 9 11 0.0424978 
703 306 12 14 0.04216251 
916 288 17 20 0.04197827 
87 183 9 12 0.041280854 
674 433 25 28 0.040607024 
209 198 9 11 0.04027276 
924 292 13 15 0.040170286 
1014 215 8 12 0.03995829 
569 195 9 11 0.03979639 
1002 223 8 11 0.038917992 
266 187 20 25 0.038775172 
209 183 9 11 0.038721338 
716 235 11 13 0.038081493 
168 224 8 12 0.03791281 
872 300 12 14 0.03785595 
403 198 11 14 0.037783727 
648 198 9 11 0.03773649 
391 211 12 18 0.037642445 
594 425 18 24 0.037639752 
250 183 8 11 0.037417013 
78 196 9 12 0.03731382 
927 258 11 15 0.037271034 
807 185 9 12 0.037226498 
238 205 9 12 0.03707315 
966 254 12 13 0.036932703 
342 175 11 14 0.03663527 
542 178 18 23 0.036342934 
521 198 8 11 0.03633236 
708 236 13 16 0.03621188 
375 190 11 15 0.035993464 
224 176 8 10 0.035937887 
535 214 9 13 0.035926286 
543 175 10 14 0.035906017 
101 194 14 18 0.03580563 
1000 227 9 12 0.03571432 
215 220 10 12 0.035190955 
501 261 11 12 0.035154138 
618 222 11 14 0.035091847 
736 193 11 13 0.034922037 
520 204 9 12 0.03484931 
645 242 11 15 0.034810055 
704 197 10 12 0.034734808 
535 181 10 13 0.03472501 
797 206 10 13 0.034679845 
663 227 12 15 0.03411613 
520 167 9 10 0.03409303 
351 186 9 12 0.03406565 
116 203 10 13 0.03391609 
373 216 13 17 0.0338122 
255 244 10 13 0.03375457 
543 194 10 12 0.033649646 
590 250 13 15 0.033326562 
489 194 9 12 0.033253696 
527 180 10 13 0.03313783 
932 254 12 14 0.03306356 
337 184 9 11 0.032436818 
248 198 9 11 0.032415673 
708 186 19 23 0.032400373 
1012 219 9 14 0.032343138 
566 183 8 12 0.032201026 
93 194 13 16 0.03208678 
802 191 9 11 0.032068454 
687 205 10 11 0.031960595 
239 172 9 11 0.03195701 
702 206 10 12 0.031905845 
921 252 9 11 0.03154104 
511 175 9 11 0.03133423 
639 199 9 11 0.03130161 
870 215 8 10 0.0311976 
595 246 13 15 0.031162629 
116 189 9 13 0.031013066 
942 244 9 11 0.03070458 
792 238 10 13 0.030502137 
239 213 9 12 0.030328963 
360 189 8 11 0.030025067 
557 250 13 16 0.029924946 
270 182 12 16 0.029785238 
944 224 7 10 0.029579984 
99 204 13 17 0.029578608 
238 183 9 12 0.029483275 
390 184 9 12 0.02938911 
623 443 14 17 0.029349335 
171 265 14 17 0.02926137 
368 190 9 13 0.029171789 
391 203 12 16 0.029088069 
936 215 7 10 0.02906037 
198 197 8 11 0.02903398 
143 205 8 10 0.028879236 
493 194 10 13 0.028672932 
348 170 18 24 0.028649235 
892 277 12 15 0.02856979 
249 244 10 13 0.028378876 
168 212 9 12 0.028308049 
927 192 8 10 0.02802774 
169 184 9 10 0.02769782 
262 243 9 13 0.027599344 
422 155 10 13 0.027506936 
886 276 12 16 0.02728975 
747 228 10 14 0.0270648 
505 175 10 12 0.027055053 
929 207 8 10 0.027033735 
246 239 10 13 0.02699511 
904 263 10 13 0.02694795 
999 199 9 11 0.026931647 
251 188 8 12 0.026870536 
879 269 11 13 0.026738195 
639 204 9 11 0.02671749 
173 196 9 12 0.026350778 
893 186 9 12 0.026209235 
90 190 21 25 0.02613732 
550 250 13 15 0.026082737 
192 203 9 11 0.026035944 
61 182 10 14 0.025900297 
957 244 10 12 0.02573517 
541 251 11 14 0.025555309 
563 212 19 24 0.025523515 
536 252 10 12 0.025481198 
938 222 7 9 0.025255516 
134 184 9 11 0.025192736 
506 203 10 13 0.025170637 
744 244 9 11 0.024815356 
493 185 10 12 0.024757221 
404 190 11 13 0.024706606 
53 186 11 15 0.024365708 
384 206 21 28 0.02429087 
928 298 10 13 0.024256466 
935 245 10 11 0.024191594 
249 174 8 10 0.024167754 
658 437 23 27 0.024072204 
910 263 10 11 0.024066232 
824 191 10 11 0.023713276 
622 198 8 11 0.023678483 
936 239 9 11 0.02365423 
378 193 14 17 0.02360523 
902 275 11 14 0.023554463 
274 178 21 28 0.023553636 
237 189 9 11 0.023454422 
952 246 9 11 0.023372523 
375 208 21 27 0.0233683 
261 262 10 16 0.023350574 
608 230 11 13 0.023325978 
910 252 10 12 0.023299098 
752 183 11 14 0.023281837 
864 222 11 13 0.023268247 
951 300 11 13 0.023099877 
951 231 9 11 0.02306264 
71 184 9 12 0.023057902 
117 182 10 12 0.023041643 
902 269 11 12 0.022989264 
864 208 7 9 0.022925457 
108 253 14 18 0.022854416 
792 250 10 14 0.022814889 
174 205 10 13 0.02274806 
696 234 22 27 0.0226322 
937 194 7 9 0.022628441 
700 222 12 14 0.022625532 
792 244 11 13 0.022583675 
728 192 9 10 0.022521995 
721 203 9 12 0.02244141 
212 247 11 14 0.022415554 
278 175 12 15 0.022192277 
856 205 8 10 0.022148022 
333 237 10 15 0.022146516 
973 247 9 12 0.022071403 
869 220 10 13 0.022055553 
561 219 12 14 0.021989953 
695 206 11 13 0.021963425 
389 193 19 25 0.021943301 
799 197 11 13 0.021894384 
230 244 9 12 0.021840008 
533 182 19 23 0.021793969 
254 204 10 12 0.021763533 
534 166 9 11 0.021657247 
558 204 9 12 0.021615641 
991 293 14 16 0.021588955 
922 285 14 17 0.021531532 
81 174 8 11 0.02150925 
214 197 8 10 0.02138703 
648 191 9 11 0.021262836 
534 195 10 13 0.021186551 
144 192 8 11 0.021147829 
927 236 9 12 0.02110945 
660 222 21 26 0.021100877 
182 205 9 12 0.02106235 
528 167 9 10 0.021027332 
957 254 12 13 0.02102224 
756 178 19 23 0.020989811 
526 213 11 14 0.02093766 
179 289 16 20 0.02091168 
873 191 9 10 0.020852823 
94 110 225 252 0.020851366 
370 188 21 27 0.020792322 
309 193 13 17 0.020789089 
308 173 11 14 0.020783646 
196 192 9 10 0.020772686 
208 204 9 12 0.020626653 
685 433 27 28 0.020624615 
233 221 9 12 0.020572577 
1000 204 9 11 0.02055711 
128 184 9 11 0.02048368 
928 199 7 8 0.020415748 
792 221 10 12 0.020351658 
797 285 12 15 0.020335222 
232 168 8 11 0.020312734 
550 165 9 10 0.020283092 
799 251 13 16 0.020233093 
648 203 8 11 0.020217864 
526 205 9 12 0.0201828 
829 201 11 14 0.020156924 
565 224 15 17 0.02012669 
728 182 10 12 0.020123897 
