21_Festival_Festival_21_526
1769
110 467 10 12 0.74676144 
624 631 14 17 0.63274527 
34 117 24 29 0.61112905 
462 774 14 19 0.5647667 
81 600 19 23 0.46571714 
645 638 14 21 0.45617616 
696 564 11 15 0.3610426 
727 509 10 12 0.35595384 
584 511 9 11 0.355783 
624 571 12 14 0.3360834 
176 534 10 13 0.33412537 
911 582 14 18 0.32697418 
623 461 8 11 0.3237815 
660 429 9 12 0.31934908 
553 207 25 28 0.28439143 
901 568 11 13 0.28328776 
911 620 12 17 0.28004768 
684 549 11 13 0.27052313 
132 388 11 13 0.25775453 
501 56 24 31 0.25430277 
946 633 16 22 0.25258848 
220 210 14 18 0.25179702 
257 342 10 12 0.2446953 
697 558 10 13 0.23882887 
47 557 12 15 0.23765244 
331 123 25 32 0.23479411 
114 308 12 16 0.23305257 
864 565 12 15 0.23229524 
607 508 10 11 0.23166545 
952 557 10 14 0.23091254 
469 73 25 29 0.22719513 
583 268 12 17 0.22161107 
309 522 12 16 0.22062972 
608 582 11 14 0.20634046 
659 611 13 16 0.20187198 
56 492 9 11 0.20115362 
665 525 10 12 0.19957303 
577 613 10 12 0.19822374 
753 675 16 19 0.19809304 
881 540 10 13 0.19468366 
63 594 14 19 0.19015568 
607 588 11 14 0.18832688 
225 476 9 11 0.18671826 
623 526 11 13 0.18587291 
15 478 11 12 0.18569149 
54 563 13 15 0.1848907 
257 244 11 14 0.18343765 
46 506 11 13 0.18243349 
976 580 9 12 0.18217269 
183 308 13 16 0.18212561 
611 232 14 18 0.18124144 
923 656 16 21 0.18098389 
85 478 9 12 0.18003966 
590 463 9 11 0.17732714 
46 525 12 16 0.17551926 
401 43 33 37 0.1740953 
586 469 8 10 0.17402162 
219 293 11 14 0.17380121 
731 486 10 14 0.17352062 
614 477 9 11 0.17291404 
262 681 11 16 0.17157269 
457 358 10 12 0.17096862 
102 502 11 12 0.1708336 
983 558 12 15 0.17044495 
55 510 10 11 0.17019705 
218 300 13 17 0.16952406 
101 507 11 14 0.16716127 
657 488 9 11 0.16694869 
663 547 10 12 0.16626012 
928 563 12 14 0.16389726 
131 347 16 20 0.16288395 
881 534 9 13 0.16219048 
718 551 9 12 0.16163303 
648 557 11 13 0.16022754 
616 416 8 10 0.15932252 
827 570 14 16 0.15623537 
745 528 9 12 0.15565726 
81 470 8 10 0.15408663 
468 784 21 26 0.15403655 
824 633 13 18 0.15281095 
628 532 12 14 0.15200257 
137 547 10 14 0.15134905 
982 542 10 11 0.15092838 
138 455 10 11 0.15030393 
760 545 8 12 0.14980428 
402 324 10 13 0.14888324 
655 566 11 14 0.14854634 
266 120 27 35 0.14834884 
160 455 9 11 0.14817479 
244 284 10 13 0.1481724 
193 374 11 13 0.14768451 
241 502 11 14 0.14397213 
63 475 9 11 0.14328828 
794 528 8 11 0.1431727 
71 453 8 10 0.14226413 
700 73 11 15 0.14110263 
679 542 9 12 0.13931632 
272 252 13 16 0.13901468 
67 155 18 23 0.1389695 
681 555 11 13 0.1387424 
190 485 9 11 0.13811412 
5 495 9 12 0.13771702 
262 348 11 13 0.1370228 
945 512 9 10 0.13700385 
984 549 9 11 0.1356147 
180 469 10 13 0.13520683 
151 317 12 13 0.13427956 
557 157 22 27 0.13404487 
458 192 19 23 0.13400081 
207 479 9 11 0.13329944 
617 430 8 10 0.13299651 
217 349 10 12 0.13279438 
94 541 11 14 0.13206603 
696 550 10 12 0.1317972 
232 323 11 14 0.13176015 
111 502 10 12 0.13035497 
948 535 10 12 0.12996437 
194 217 14 19 0.12938236 
22 530 11 14 0.12884973 
184 516 9 12 0.12847833 
623 587 12 17 0.12785494 
201 534 11 13 0.1274578 
198 471 9 11 0.12743014 
1000 541 9 10 0.12654561 
717 524 9 12 0.12611528 
251 126 43 58 0.12535329 
110 545 12 16 0.12516114 
671 309 9 12 0.12336025 
151 469 8 10 0.12297135 
151 350 13 16 0.121438354 
675 626 17 21 0.12139878 
749 528 9 11 0.121246554 
116 267 12 16 0.120695926 
617 420 10 12 0.11993891 
659 569 12 15 0.11969345 
680 517 9 11 0.11816793 
752 565 9 13 0.11763329 
624 478 8 11 0.11727608 
87 470 8 10 0.11571564 
633 390 8 9 0.11560251 
174 363 12 15 0.11553835 
505 746 14 16 0.114602014 
0 493 9 12 0.11355494 
315 251 13 18 0.11299001 
755 573 13 15 0.1129784 
265 502 9 12 0.112588644 
241 455 8 10 0.11207959 
204 538 13 17 0.11129552 
776 493 8 10 0.11119859 
694 365 11 12 0.10881589 
694 492 10 12 0.10824024 
240 246 11 12 0.10813532 
143 372 10 14 0.10795239 
719 502 9 11 0.10755979 
606 534 11 13 0.10743634 
834 549 9 11 0.10684846 
308 373 9 12 0.1063403 
442 472 7 9 0.10538673 
558 464 9 10 0.10532897 
733 596 13 18 0.10529633 
646 291 12 15 0.104976684 
624 580 12 15 0.10453589 
264 380 8 10 0.10422961 
31 493 10 14 0.10400914 
661 493 8 11 0.10384795 
822 619 11 13 0.103628844 
985 537 9 10 0.103585266 
719 521 8 10 0.1033492 
927 542 9 11 0.103197195 
567 542 10 14 0.10319442 
69 597 21 27 0.102728486 
678 510 9 11 0.102664575 
472 559 10 13 0.10164206 
649 285 11 14 0.10140946 
585 515 10 12 0.10133117 
770 534 9 11 0.10126283 
655 502 10 12 0.10028984 
685 544 10 12 0.099883534 
268 508 9 12 0.09982833 
569 512 8 10 0.099764936 
798 663 17 23 0.09949947 
618 186 15 17 0.09901753 
88 500 9 10 0.09877176 
96 501 10 11 0.09826504 
615 400 7 9 0.097708166 
881 556 11 14 0.09769942 
224 469 10 12 0.09677476 
952 298 23 30 0.09627792 
0 486 7 12 0.09621087 
454 551 10 13 0.095639445 
22 433 8 10 0.095262855 
792 532 9 11 0.09500436 
76 522 15 19 0.09427076 
671 461 9 10 0.09405235 
922 542 8 11 0.09375089 
848 642 11 14 0.09311556 
156 317 12 14 0.092867345 
166 551 11 14 0.09280823 
968 0 51 56 0.09246174 
671 447 9 11 0.09227174 
648 400 8 10 0.09177111 
645 526 11 13 0.090753846 
113 487 8 10 0.09028691 
600 407 8 10 0.0899139 
629 407 8 10 0.08985101 
573 462 8 9 0.089751974 
645 611 15 19 0.08959844 
873 517 8 11 0.08952182 
654 534 11 14 0.08885159 
189 494 11 11 0.08843418 
191 557 14 19 0.088058494 
653 614 15 19 0.08752648 
184 510 9 13 0.087155156 
85 524 13 16 0.08712148 
712 502 8 10 0.087048225 
808 572 9 12 0.08704331 
631 556 10 12 0.086980306 
232 525 10 13 0.08685163 
669 382 8 10 0.08625611 
131 394 11 13 0.086142115 
289 262 11 16 0.08588859 
160 494 8 10 0.085754395 
729 491 9 11 0.085568726 
158 591 22 28 0.085524306 
112 494 8 10 0.085501306 
194 479 9 11 0.08481921 
359 306 11 13 0.08418468 
424 479 8 10 0.08397934 
745 543 8 10 0.083960116 
143 485 8 10 0.0839023 
193 470 9 11 0.08368792 
585 464 9 11 0.08363305 
628 525 12 15 0.08302347 
683 691 17 23 0.082925916 
645 428 8 11 0.08290586 
656 389 9 10 0.08254075 
12 149 16 22 0.082211435 
185 486 10 10 0.0821932 
231 471 9 11 0.08218786 
799 552 8 11 0.08187994 
334 279 11 13 0.08160272 
99 513 13 16 0.081524126 
928 527 9 10 0.08110738 
575 512 9 11 0.080768004 
132 302 12 15 0.08057769 
85 514 12 17 0.080423586 
26 303 16 20 0.08035997 
200 350 11 12 0.08021766 
752 509 11 13 0.08007166 
648 507 10 12 0.07985755 
252 134 26 32 0.07978026 
981 571 11 15 0.079709254 
815 334 12 15 0.079645395 
664 447 8 11 0.07956866 
135 487 9 10 0.07909202 
254 294 10 14 0.079082675 
689 495 8 10 0.079067886 
728 590 10 12 0.07871794 
197 446 9 13 0.07858024 
624 400 7 8 0.07853997 
604 594 12 17 0.07841866 
986 619 15 19 0.0783657 
139 257 13 17 0.07823789 
140 543 10 14 0.078170896 
879 638 12 15 0.078110725 
814 573 9 12 0.07800516 
727 542 8 11 0.07793593 
569 446 8 10 0.077928916 
176 529 9 11 0.07790994 
917 503 8 10 0.07783051 
1 500 9 13 0.077601425 
182 539 11 13 0.0773258 
640 398 8 9 0.07723764 
661 487 8 10 0.07711815 
999 566 10 14 0.07708049 
592 556 10 14 0.07705553 
159 478 9 11 0.07704448 
599 412 9 10 0.07686905 
5 431 9 11 0.076556325 
167 323 11 14 0.07640678 
648 406 9 10 0.07628902 
768 494 9 10 0.0761251 
760 527 8 10 0.07603589 
688 503 8 10 0.0757214 
743 510 10 12 0.075713694 
696 518 8 12 0.07552246 
322 11 56 58 0.07536501 
997 527 9 11 0.07527319 
46 517 11 14 0.07526122 
812 634 12 17 0.07516287 
181 526 9 12 0.074886166 
224 462 9 11 0.07458895 
592 485 8 10 0.07424445 
97 510 10 13 0.074206784 
198 477 9 11 0.07413427 
897 422 9 12 0.07410976 
1013 608 10 16 0.074056625 
263 374 9 12 0.07389116 
751 545 8 10 0.07388648 
149 231 12 16 0.073868684 
325 501 11 14 0.07329427 
271 393 9 10 0.0732257 
248 537 9 12 0.07321987 
670 557 10 12 0.07307113 
673 533 9 11 0.072775684 
80 511 11 13 0.07251665 
961 527 8 10 0.07224402 
678 534 9 11 0.07200435 
654 550 12 14 0.071965426 
999 534 8 11 0.07185766 
31 4 28 34 0.071558595 
885 579 12 14 0.07146652 
920 564 10 14 0.07146152 
732 509 9 12 0.07111552 
613 503 10 12 0.071019195 
638 589 12 15 0.07100866 
227 579 13 17 0.07085736 
1007 542 9 11 0.07064315 
662 325 9 12 0.0705922 
111 527 11 14 0.07057874 
866 78 30 35 0.07056515 
607 476 11 12 0.07028605 
72 668 27 32 0.069922656 
641 439 8 11 0.06972802 
1015 565 9 12 0.06951256 
881 20 39 38 0.06931588 
240 352 10 12 0.06910845 
942 573 11 14 0.06906156 
145 496 9 10 0.069060065 
921 549 9 12 0.06881078 
304 519 11 14 0.06874962 
283 409 9 11 0.06862569 
998 600 14 20 0.068492524 
629 446 9 10 0.0681627 
39 531 13 14 0.068011306 
933 570 12 16 0.06798683 
89 463 8 10 0.06777994 
15 538 12 16 0.06758369 
151 496 8 10 0.06751289 
207 462 9 12 0.067246854 
646 533 11 15 0.06722612 
15 492 11 14 0.06719322 
207 484 11 12 0.06715108 
598 598 13 17 0.06714855 
278 365 9 11 0.067015484 
16 500 10 12 0.066982985 
37 450 10 13 0.06692465 
631 423 9 11 0.06689686 
523 188 14 17 0.06680945 
208 446 9 12 0.06679167 
879 644 13 19 0.06669561 
488 331 10 12 0.06651367 
739 596 13 18 0.066455916 
586 271 15 20 0.066424474 
1 438 9 13 0.066245735 
72 448 9 10 0.066178575 
454 517 9 12 0.06582807 
575 479 8 11 0.065710396 
883 548 11 14 0.06531684 
262 281 11 16 0.06502792 
743 563 10 13 0.0648666 
80 432 8 9 0.06484332 
405 473 8 10 0.06465868 
561 292 12 16 0.06462227 
704 536 8 11 0.06456352 
168 419 10 12 0.064144775 
670 519 9 12 0.06400944 
133 566 11 14 0.06376038 
685 470 9 11 0.06373063 
1012 549 9 13 0.063596755 
646 423 8 11 0.063555285 
906 535 9 11 0.063500516 
780 649 13 18 0.06343535 
665 519 10 12 0.063412316 
657 423 10 12 0.06323854 
225 493 10 12 0.06319532 
136 460 9 11 0.06310041 
250 319 10 13 0.062843636 
133 470 9 11 0.06279927 
576 495 9 10 0.062625736 
991 534 9 11 0.06259115 
645 582 12 15 0.062473867 
277 532 10 14 0.062404037 
663 464 8 10 0.0623658 
173 549 11 14 0.062323485 
21 540 12 15 0.06229475 
208 503 9 11 0.062259175 
783 495 8 10 0.062202137 
181 475 10 13 0.06208931 
265 327 9 11 0.061975166 
0 105 27 41 0.06194322 
926 593 13 16 0.061879307 
713 519 7 10 0.0617902 
214 371 10 13 0.0616954 
629 462 10 12 0.06136999 
776 552 8 10 0.061201032 
581 559 11 14 0.060866762 
129 470 8 10 0.060770456 
770 566 9 12 0.060730755 
703 492 10 12 0.060639463 
223 518 11 12 0.06050152 
653 507 10 12 0.060342785 
736 581 9 12 0.060286757 
584 415 8 10 0.06025711 
904 541 10 13 0.059972137 
52 524 12 16 0.059903342 
645 439 8 11 0.059722506 
153 453 9 10 0.059705164 
690 359 10 13 0.05967022 
571 548 11 13 0.059632096 
757 515 10 13 0.059586745 
142 534 9 12 0.05945085 
93 514 11 16 0.05928994 
120 414 11 13 0.059195437 
153 523 9 12 0.059169017 
904 549 11 13 0.059156094 
774 539 9 11 0.059112277 
640 424 9 11 0.059111595 
988 551 10 12 0.059032094 
37 493 9 12 0.058904734 
955 633 15 20 0.058903087 
138 415 10 12 0.058710825 
268 349 9 12 0.05868277 
688 508 8 10 0.05864419 
29 530 12 14 0.05856204 
93 588 11 15 0.058525156 
607 431 7 9 0.058120027 
771 572 10 13 0.057916693 
687 517 9 12 0.057858147 
224 500 9 12 0.057851855 
113 585 14 16 0.057755083 
142 461 10 12 0.057749018 
561 487 8 10 0.05774099 
166 443 8 12 0.057601016 
101 524 13 17 0.057563487 
622 416 9 10 0.0575615 
79 465 8 9 0.05742877 
961 543 8 10 0.05729565 
613 573 11 13 0.057129264 
673 510 9 11 0.05710949 
744 549 8 10 0.056748834 
934 528 8 11 0.05660184 
630 520 11 11 0.056295574 
710 509 8 10 0.0562549 
700 367 8 10 0.05616081 
190 534 10 13 0.05606093 
372 251 14 16 0.055894114 
695 373 9 10 0.055850867 
196 502 10 12 0.055794872 
602 510 9 12 0.055720665 
669 574 13 14 0.055716723 
719 495 8 10 0.055670533 
629 251 13 17 0.05564357 
20 497 12 16 0.05553067 
687 330 12 15 0.05552614 
93 470 9 11 0.055423625 
271 342 10 13 0.055382702 
951 621 12 16 0.055337466 
210 419 13 15 0.05530953 
128 222 12 15 0.05519991 
39 556 13 17 0.05511185 
712 535 8 11 0.055075303 
567 537 9 12 0.055067535 
712 574 10 14 0.054995995 
848 517 9 13 0.05495794 
241 495 8 11 0.054735694 
115 201 16 18 0.054712597 
199 452 9 11 0.054612447 
625 350 10 11 0.054564953 
230 463 8 10 0.05446067 
404 411 11 13 0.054448638 
721 543 8 10 0.054301847 
73 462 8 10 0.053970035 
883 653 15 22 0.053945184 
671 453 9 11 0.053869423 
663 342 9 11 0.053860493 
681 301 9 12 0.053708047 
564 317 10 14 0.053565547 
903 413 11 13 0.05353961 
-2 58 34 39 0.053436387 
149 502 10 12 0.05336556 
168 494 9 11 0.053353306 
608 399 9 10 0.053334504 
750 689 14 19 0.05325761 
892 589 12 16 0.053256497 
728 536 9 12 0.053233847 
366 406 8 11 0.053185266 
196 322 12 15 0.053117607 
249 408 9 11 0.053098574 
694 446 10 12 0.053059097 
656 463 9 10 0.05299754 
256 393 8 10 0.05297149 
640 485 9 11 0.05282211 
256 654 12 13 0.052789982 
470 543 8 10 0.05278842 
662 389 8 10 0.052680932 
574 517 10 11 0.05260701 
968 574 10 13 0.052386604 
932 578 13 16 0.052304834 
817 620 10 13 0.052213345 
106 464 9 11 0.052130852 
822 604 11 15 0.052084774 
671 581 13 17 0.052061833 
144 506 11 14 0.051783375 
673 286 9 12 0.051771287 
838 589 10 13 0.05172325 
541 3 13 16 0.051712066 
793 551 9 11 0.051675227 
194 203 13 17 0.05153984 
864 559 10 13 0.051524486 
281 383 7 9 0.051520854 
620 430 10 10 0.051455166 
16 433 9 10 0.051412314 
526 473 8 10 0.0510181 
692 577 13 16 0.050987083 
925 548 10 12 0.05098683 
133 316 12 15 0.050925225 
245 505 11 15 0.05092515 
919 557 10 13 0.050886627 
431 348 9 12 0.050771672 
225 488 10 11 0.05074975 
56 516 10 14 0.050635774 
241 437 9 11 0.05043138 
431 331 11 14 0.050387107 
768 540 9 12 0.050310843 
128 464 8 10 0.05026583 
224 659 12 16 0.050155904 
711 495 7 10 0.05014274 
632 384 8 10 0.05001742 
661 436 9 11 0.049966063 
619 276 12 15 0.049900595 
638 534 10 14 0.049895793 
327 440 8 9 0.0498678 
117 389 10 13 0.049763694 
430 511 7 10 0.04973276 
108 273 14 17 0.049672656 
632 398 7 9 0.049640242 
807 580 10 13 0.049618945 
593 495 8 11 0.04958322 
718 666 16 20 0.049488846 
645 562 12 15 0.04948654 
116 532 10 13 0.049445573 
254 573 11 14 0.049281675 
695 533 9 11 0.04915512 
196 234 14 18 0.049080778 
664 383 8 10 0.048990484 
647 487 8 10 0.048972756 
756 688 14 19 0.04886522 
431 486 7 9 0.048836987 
841 117 24 30 0.048823666 
600 478 9 11 0.048739698 
246 485 9 11 0.04869509 
196 340 12 14 0.048621338 
614 567 11 13 0.04850509 
144 480 8 11 0.048502892 
181 549 11 15 0.04848188 
648 454 10 12 0.0484543 
914 589 16 20 0.048411977 
773 581 9 13 0.048400827 
721 618 15 21 0.048386063 
630 537 13 15 0.048362836 
350 324 9 11 0.048257012 
968 527 9 11 0.048241027 
424 524 8 11 0.048196692 
797 532 9 12 0.048167665 
736 550 8 10 0.048118487 
580 607 11 15 0.048089486 
289 518 8 10 0.048074152 
216 468 9 11 0.04798689 
257 502 9 12 0.047972888 
192 211 13 18 0.047893245 
145 469 9 11 0.04787228 
79 501 9 10 0.04787205 
320 390 8 10 0.047857206 
177 357 13 15 0.047829356 
675 584 14 19 0.04775151 
433 413 9 11 0.047718752 
615 285 14 16 0.047698442 
631 477 10 13 0.04769421 
191 195 14 18 0.047483057 
55 422 10 12 0.047363635 
573 543 11 13 0.047311164 
1013 579 9 13 0.047255255 
662 531 10 13 0.04716883 
829 578 11 14 0.047050554 
414 355 11 13 0.04703727 
415 182 12 13 0.047029812 
910 555 11 14 0.04693318 
165 485 11 13 0.046926595 
592 457 8 10 0.04683049 
662 470 9 10 0.046819936 
169 525 8 11 0.046741933 
909 650 24 30 0.04672463 
247 480 9 10 0.046723578 
160 486 9 11 0.046634797 
30 541 11 14 0.04661896 
967 590 11 15 0.046610184 
12 514 11 16 0.046595547 
714 639 15 19 0.046553668 
306 350 10 12 0.046540525 
694 502 9 10 0.046480957 
999 281 21 30 0.046479963 
576 484 9 11 0.04643229 
21 564 14 16 0.046387255 
656 396 8 11 0.046377935 
431 547 9 13 0.046346772 
718 280 12 16 0.046339154 
0 460 8 13 0.046241485 
40 508 12 14 0.046201482 
768 528 8 10 0.046196356 
27 561 13 16 0.04618095 
529 495 8 10 0.046174508 
276 246 12 15 0.04601617 
431 479 7 10 0.045955513 
633 301 9 12 0.045949046 
254 355 12 14 0.045714576 
217 354 12 14 0.04569927 
215 461 10 13 0.04569381 
60 524 12 16 0.04569039 
664 359 8 11 0.04568398 
577 328 9 12 0.045484085 
808 567 8 11 0.045471165 
1009 553 10 14 0.04545086 
775 320 12 16 0.045399982 
497 411 9 13 0.045363747 
646 413 10 10 0.045320075 
94 563 14 16 0.04529677 
245 243 11 14 0.04525785 
626 405 8 10 0.045252264 
668 549 10 13 0.045238655 
695 425 9 12 0.045201078 
81 438 7 9 0.045102127 
128 430 9 11 0.045100577 
614 493 11 12 0.045088127 
436 315 12 15 0.045044404 
847 524 9 13 0.045009825 
622 599 14 19 0.044964332 
360 376 8 10 0.04491728 
187 313 15 18 0.044852242 
584 587 11 18 0.044811826 
189 507 12 15 0.04475035 
727 594 12 16 0.04467325 
1006 603 14 20 0.04460644 
289 366 9 11 0.04442561 
575 557 11 13 0.044424295 
685 621 21 29 0.044386063 
32 444 12 15 0.044339225 
656 470 9 11 0.044292092 
201 462 9 10 0.044290803 
640 525 10 13 0.044282787 
934 739 13 17 0.044281695 
614 292 12 15 0.04424594 
967 580 11 14 0.044052012 
55 429 9 12 0.04404792 
653 455 9 11 0.04401592 
864 511 8 10 0.04396905 
849 479 8 10 0.043959614 
607 405 9 10 0.04386242 
47 478 10 11 0.043813456 
549 271 12 14 0.043785356 
622 468 9 12 0.043701183 
244 356 11 14 0.043683812 
944 516 9 11 0.043656547 
166 439 8 11 0.0436182 
591 500 8 11 0.04341542 
568 479 9 10 0.043355104 
94 233 14 18 0.04330763 
671 316 10 11 0.043213066 
978 641 16 19 0.04315634 
670 358 7 10 0.043111008 
433 527 8 10 0.04298642 
449 510 8 12 0.04290849 
85 437 8 11 0.04287376 
640 566 11 14 0.042690013 
664 185 13 17 0.042684264 
64 314 17 21 0.04266981 
622 439 10 10 0.04261833 
475 27 14 20 0.04253703 
254 580 10 14 0.042527 
128 486 10 12 0.042513356 
323 406 8 10 0.04240681 
929 693 49 60 0.042305592 
536 391 8 9 0.04229621 
566 485 9 10 0.042291168 
918 663 16 22 0.042258672 
255 496 10 11 0.042219795 
455 351 11 13 0.042084333 
441 477 8 10 0.042069376 
735 542 8 11 0.04197467 
636 550 10 12 0.041862853 
814 566 10 13 0.04184522 
192 452 9 11 0.041808777 
254 508 10 12 0.04178656 
1008 571 10 14 0.04177429 
467 154 26 28 0.041749824 
853 517 10 12 0.041682545 
625 391 7 9 0.041674264 
973 526 8 11 0.041630846 
433 534 8 11 0.041601 
705 294 11 14 0.04158823 
230 489 9 10 0.04157611 
167 519 8 12 0.041375782 
895 428 11 14 0.04135879 
165 478 10 12 0.04134746 
976 518 8 10 0.041300762 
264 332 9 12 0.041287255 
854 739 12 16 0.041277226 
768 341 12 16 0.041203607 
238 301 12 15 0.041134764 
303 333 9 11 0.041123066 
247 463 8 9 0.041118223 
799 566 8 12 0.041108906 
321 384 7 9 0.04108571 
48 446 9 12 0.04108457 
210 427 12 15 0.04105326 
684 536 210 253 0.040977716 
656 318 11 12 0.040974155 
854 571 13 16 0.040943693 
81 482 9 12 0.040922154 
231 500 9 12 0.040898956 
224 634 13 18 0.040890124 
103 497 10 11 0.040737152 
950 612 12 15 0.04071492 
580 542 10 12 0.040617734 
623 484 10 11 0.040570352 
370 389 8 11 0.040546462 
638 390 8 10 0.040509623 
178 573 16 18 0.04045038 
212 533 13 16 0.04037876 
455 184 17 20 0.04032438 
307 235 23 31 0.040303804 
733 589 10 14 0.04027123 
167 271 12 16 0.04024931 
582 478 9 11 0.04017149 
582 495 8 10 0.040147007 
1014 572 9 13 0.040111367 
248 581 10 14 0.040030975 
624 560 11 13 0.040014006 
441 360 9 11 0.039957263 
4 444 10 14 0.039943516 
845 748 12 15 0.03993993 
745 468 9 12 0.039920166 
536 430 8 10 0.039883852 
524 207 15 20 0.0398201 
616 472 8 11 0.039795768 
21 352 12 15 0.039777253 
38 515 12 14 0.039755397 
582 486 8 11 0.039708592 
874 535 9 12 0.039689578 
935 633 21 30 0.039651416 
192 264 13 17 0.039570518 
613 595 12 16 0.03950005 
20 616 15 20 0.03942296 
1013 555 9 14 0.0393801 
761 476 9 12 0.039351605 
991 582 10 13 0.039333105 
40 502 11 13 0.039318793 
869 598 11 15 0.039172824 
768 550 8 10 0.039152995 
1012 628 11 18 0.039038558 
869 462 10 12 0.03903457 
230 543 11 14 0.03900532 
167 461 9 10 0.038995795 
936 533 7 10 0.038895912 
885 629 13 16 0.038890522 
61 540 12 15 0.03888993 
116 469 10 12 0.038872078 
-42 499 212 241 0.038860533 
894 525 10 12 0.03881111 
96 456 8 9 0.038787197 
1008 535 9 11 0.038752224 
360 381 7 10 0.038741995 
728 436 10 12 0.03873506 
603 689 14 20 0.038685005 
601 431 8 9 0.03862276 
960 501 8 10 0.038591485 
748 466 12 14 0.03857897 
200 355 12 13 0.038499646 
233 447 9 10 0.038491156 
48 486 10 12 0.038402874 
910 575 12 14 0.038402062 
589 281 14 17 0.03840194 
11 478 10 12 0.03836798 
741 671 23 29 0.038367413 
655 146 13 16 0.038218245 
303 327 8 11 0.03793909 
375 389 9 12 0.037709158 
614 406 8 9 0.03770508 
692 587 13 17 0.037656527 
654 326 12 14 0.0376447 
198 483 9 12 0.037640594 
304 219 28 34 0.037591897 
333 336 11 13 0.037591517 
678 439 8 9 0.03750961 
949 601 14 18 0.03749694 
135 493 9 10 0.03745946 
335 389 9 10 0.03743242 
245 455 8 11 0.037424814 
0 665 20 40 0.0373877 
371 264 13 17 0.037281036 
600 516 10 13 0.03727162 
791 540 9 11 0.03725436 
625 384 8 10 0.037207335 
687 532 9 12 0.03720589 
6 509 11 14 0.037203766 
574 431 7 9 0.037126455 
737 57 16 21 0.037034236 
417 374 10 12 0.037025895 
117 463 10 12 0.037016246 
210 436 8 12 0.036979474 
613 603 13 18 0.036922112 
569 455 8 9 0.03690383 
279 390 8 11 0.036872964 
240 473 7 9 0.036807485 
116 486 10 12 0.036795713 
630 484 9 11 0.036794405 
574 439 9 12 0.036740817 
143 398 9 12 0.036713894 
933 541 9 12 0.03671073 
592 405 9 11 0.03670375 
638 635 15 21 0.03661645 
614 484 10 12 0.03652787 
240 431 8 10 0.036514916 
577 524 9 12 0.03646908 
933 602 16 19 0.03644996 
534 149 23 29 0.036328807 
582 446 7 10 0.03632321 
61 492 11 14 0.036294345 
679 461 9 11 0.036253914 
175 317 12 14 0.036228713 
418 423 10 12 0.036198642 
979 544 9 11 0.036187742 
349 158 13 17 0.036145654 
497 399 8 11 0.036137007 
671 343 10 11 0.03613646 
718 671 22 29 0.03613272 
400 439 8 9 0.03611205 
231 309 11 14 0.036097124 
862 587 11 14 0.036090296 
723 564 12 15 0.036030643 
871 513 9 10 0.036018778 
623 521 11 11 0.0360165 
54 447 9 9 0.035971217 
560 612 10 13 0.035947707 
211 487 11 12 0.035909813 
5 438 10 12 0.035876703 
345 323 9 12 0.035869874 
158 509 9 11 0.035837173 
696 405 8 11 0.035745453 
837 806 15 18 0.035744824 
591 563 12 15 0.03573079 
159 581 12 15 0.03572659 
681 326 10 13 0.035707626 
698 569 13 17 0.03569552 
854 578 12 17 0.035639003 
214 446 9 11 0.03563859 
0 541 7 15 0.03559251 
70 571 13 17 0.03555501 
721 486 8 11 0.035526957 
102 484 10 11 0.035499696 
624 356 10 12 0.03546912 
255 365 12 15 0.035441637 
311 398 8 9 0.035413116 
241 476 8 10 0.035410684 
259 239 11 14 0.035318647 
456 470 8 10 0.035280533 
565 606 12 14 0.03527935 
909 543 10 12 0.035252806 
105 282 15 19 0.035232544 
431 408 9 10 0.03522976 
592 480 8 10 0.035134066 
196 331 12 15 0.03509649 
278 373 9 10 0.03502776 
928 535 9 10 0.034995206 
139 347 14 19 0.034976315 
931 595 14 17 0.03495987 
704 405 9 11 0.034894537 
53 503 10 12 0.034858823 
911 526 8 11 0.034781706 
607 326 10 13 0.034740813 
612 508 10 12 0.03473853 
212 478 10 11 0.034705304 
455 524 10 12 0.0346632 
672 304 8 11 0.03463754 
858 436 11 14 0.03459874 
206 453 9 11 0.034584247 
679 454 10 11 0.03458252 
641 502 9 12 0.034519043 
587 261 14 18 0.034484208 
222 314 10 14 0.034480724 
735 535 8 10 0.03445701 
663 511 8 10 0.034454994 
510 389 9 11 0.034434423 
860 679 20 28 0.03440079 
751 561 8 10 0.034381226 
801 412 11 14 0.034274023 
13 568 16 19 0.034265544 
189 578 14 17 0.03425635 
168 471 9 11 0.03424268 
405 557 10 14 0.034154408 
930 587 14 17 0.034138486 
78 447 8 10 0.034126002 
631 440 9 10 0.034118682 
94 533 12 17 0.034051064 
639 384 9 10 0.034050986 
368 382 8 11 0.034025278 
111 438 8 10 0.03399736 
856 430 11 13 0.033953723 
86 590 13 16 0.03386294 
506 375 8 10 0.033826463 
328 446 7 9 0.033752646 
0 509 9 13 0.03374831 
610 178 25 28 0.0337329 
593 445 8 10 0.03373147 
45 554 19 24 0.03372016 
445 486 9 11 0.03368943 
765 502 9 10 0.033653323 
641 445 8 11 0.033644196 
690 571 11 14 0.03362246 
461 533 8 11 0.033613708 
262 290 11 14 0.03360907 
938 741 16 20 0.033597123 
881 528 8 10 0.033583663 
239 446 8 11 0.033568185 
569 496 7 9 0.033551373 
933 501 9 11 0.033544768 
241 461 7 10 0.0335428 
928 522 8 10 0.03353627 
680 524 10 13 0.03348103 
734 576 10 12 0.03348086 
71 438 8 10 0.03342714 
943 628 14 21 0.033424515 
99 709 44 59 0.033406794 
608 578 19 23 0.03335865 
710 600 12 17 0.033272646 
561 480 8 10 0.033218365 
567 621 13 15 0.033141524 
303 341 9 11 0.03308657 
213 523 12 15 0.033019304 
214 492 10 11 0.033007324 
257 676 19 26 0.032986194 
783 549 8 11 0.032983534 
406 154 13 18 0.032980718 
650 626 17 22 0.032930348 
405 366 8 11 0.032910362 
782 323 12 15 0.032863423 
262 368 9 12 0.032852557 
880 562 12 16 0.03273273 
638 316 10 12 0.03261559 
71 202 14 18 0.032601878 
632 585 20 27 0.032589972 
257 275 13 16 0.032569274 
198 546 13 16 0.032543566 
966 595 13 18 0.03252424 
252 309 11 12 0.032511715 
695 543 9 11 0.032511562 
173 188 12 14 0.03250361 
583 522 10 13 0.032501854 
144 318 10 13 0.03244976 
646 313 10 11 0.0323011 
320 373 7 11 0.032283586 
61 548 11 14 0.032209244 
654 269 12 12 0.03214816 
784 543 8 10 0.032128222 
575 624 14 16 0.032125458 
228 640 12 15 0.032120895 
58 511 11 13 0.03207075 
576 501 8 9 0.03206539 
678 446 10 11 0.032057222 
963 634 13 18 0.031956464 
777 404 10 12 0.031885136 
742 110 28 33 0.03186825 
600 423 8 9 0.031858798 
905 408 10 13 0.03184644 
616 525 10 12 0.031782053 
28 634 13 17 0.031781856 
853 638 12 16 0.0317817 
230 329 13 15 0.03175772 
93 461 8 10 0.031690273 
597 495 9 11 0.03165118 
663 405 9 11 0.03164513 
165 456 8 11 0.031607587 
14 524 12 17 0.03158628 
1013 596 11 17 0.031579733 
571 585 15 19 0.03157456 
655 372 8 10 0.031546414 
599 399 9 10 0.031542603 
47 427 11 14 0.031538896 
711 540 9 11 0.03153887 
607 425 8 10 0.031530175 
870 641 20 27 0.0315004 
847 532 9 12 0.03147713 
582 550 9 12 0.031447113 
558 504 8 10 0.03144248 
501 144 12 17 0.031436905 
917 617 21 26 0.03139114 
445 479 8 10 0.031377707 
153 448 8 9 0.031374257 
878 511 9 10 0.031352654 
678 292 9 12 0.031338993 
688 446 9 12 0.031338178 
519 390 10 10 0.031300373 
618 461 9 11 0.03127016 
661 656 20 27 0.03126961 
118 632 22 33 0.03123642 
449 325 10 13 0.031209333 
458 454 7 11 0.031188736 
164 584 25 29 0.031148966 
217 315 10 14 0.031130005 
957 597 14 17 0.031110978 
584 504 7 9 0.031103913 
179 559 24 29 0.031053655 
447 542 9 11 0.031023426 
663 555 11 13 0.030956076 
224 511 9 11 0.030939516 
60 570 14 19 0.03093299 
651 291 13 16 0.03086949 
208 495 11 12 0.030863913 
597 461 9 12 0.030846944 
931 680 15 18 0.030830286 
94 496 10 12 0.030791752 
214 332 11 14 0.030714655 
807 628 12 14 0.030685661 
656 446 9 11 0.030626506 
686 463 8 10 0.030612318 
353 423 7 10 0.030572087 
736 406 10 12 0.030555643 
870 469 9 11 0.030552957 
47 493 10 12 0.030549964 
904 587 13 18 0.030531004 
923 716 17 19 0.030497033 
694 349 10 12 0.030453803 
576 457 7 9 0.03042814 
180 234 14 19 0.03038388 
351 416 7 9 0.03038112 
142 406 9 12 0.030330284 
641 414 9 11 0.030294415 
629 356 9 11 0.030276632 
536 758 12 15 0.030260827 
273 527 10 12 0.030224921 
164 561 13 18 0.030176355 
75 572 15 18 0.030149769 
584 421 8 11 0.030138351 
599 503 10 12 0.030133257 
771 333 10 14 0.030120336 
510 381 10 12 0.030092835 
979 668 22 28 0.03008578 
183 465 10 11 0.03007775 
0 202 21 32 0.030067185 
808 338 12 15 0.030055622 
241 488 8 10 0.02998718 
129 382 12 15 0.02996112 
660 320 11 12 0.029959096 
909 564 11 14 0.029929115 
89 456 7 9 0.029917028 
670 630 15 20 0.02989153 
171 495 11 12 0.02988258 
774 556 9 12 0.029862383 
887 587 13 16 0.029855857 
214 341 11 15 0.029831538 
160 447 9 10 0.029818512 
314 302 10 12 0.02980395 
592 398 9 11 0.02978603 
701 595 13 17 0.029769402 
814 695 12 16 0.029746417 
904 618 14 19 0.029734971 
957 549 10 14 0.029718379 
439 535 9 12 0.0297157 
1013 437 9 13 0.02965666 
955 561 11 15 0.02964426 
637 556 11 14 0.029605797 
232 531 10 13 0.029574819 
170 534 10 13 0.029565362 
152 477 9 11 0.029549627 
978 596 14 17 0.029538495 
455 362 11 13 0.029524906 
344 382 9 11 0.029507263 
868 635 14 17 0.02949564 
464 557 9 12 0.029444734 
234 318 10 13 0.029443588 
662 398 9 11 0.029426288 
51 557 21 26 0.029407019 
90 510 19 25 0.029396998 
737 558 10 12 0.029367182 
220 633 22 29 0.02931268 
732 624 15 21 0.02928109 
874 681 15 19 0.029258288 
759 560 9 11 0.029249264 
741 581 9 13 0.029242987 
510 271 13 15 0.029242804 
606 471 10 12 0.029202294 
351 468 9 11 0.029195547 
553 503 8 10 0.029172443 
462 453 9 12 0.029151991 
791 571 11 14 0.029141985 
95 484 10 12 0.029141279 
497 405 10 13 0.029138079 
40 423 11 13 0.029131377 
669 563 11 13 0.029130712 
500 268 13 17 0.029099932 
256 270 11 15 0.029096503 
449 413 11 12 0.029018657 
55 436 9 11 0.028994774 
248 526 8 11 0.028985623 
893 627 13 16 0.028977104 
848 742 11 13 0.028976753 
980 554 19 25 0.028959632 
29 547 11 16 0.028941313 
652 577 12 16 0.028881777 
399 329 11 14 0.02884668 
646 493 9 11 0.028825669 
927 581 11 15 0.02880356 
15 640 47 57 0.028793432 
350 286 10 11 0.028774295 
599 332 10 12 0.028757364 
417 552 9 12 0.028750518 
252 556 12 15 0.028730733 
609 485 9 11 0.02872939 
631 412 8 11 0.028703403 
70 564 12 15 0.02869857 
454 511 8 11 0.028657246 
181 554 14 18 0.028642798 
500 445 10 12 0.028637152 
326 389 9 10 0.028620308 
146 252 14 17 0.02861426 
868 558 12 15 0.028608462 
404 330 12 14 0.028593902 
254 336 11 14 0.028563358 
932 480 9 11 0.028510012 
0 531 8 15 0.028509583 
670 390 8 10 0.028466558 
452 417 10 12 0.028461235 
155 754 28 35 0.02844544 
765 595 11 16 0.028417898 
765 690 15 20 0.028407302 
884 444 10 13 0.028385919 
627 186 12 16 0.028343778 
616 437 9 11 0.028317709 
685 477 8 11 0.028314233 
188 513 11 15 0.028304592 
705 510 9 11 0.02830451 
174 501 9 12 0.028279066 
175 351 12 15 0.028234245 
823 587 11 13 0.028199675 
569 470 8 10 0.02819652 
343 320 8 11 0.028195744 
437 791 14 18 0.028170634 
158 519 9 12 0.028138014 
641 367 8 10 0.028134331 
647 444 9 12 0.02811168 
432 472 7 9 0.02811153 
303 391 8 10 0.028102556 
740 690 15 20 0.028045436 
345 462 8 10 0.02804251 
742 518 9 11 0.028034877 
674 440 8 11 0.028015062 
908 625 22 26 0.027972486 
327 367 9 10 0.02794506 
866 454 10 11 0.027936678 
402 454 9 11 0.02789694 
799 571 9 13 0.027860008 
768 486 9 12 0.027847655 
237 341 10 13 0.02781879 
414 204 21 26 0.027808383 
564 583 14 17 0.027787594 
282 261 20 26 0.027764302 
695 381 8 10 0.027753316 
401 239 12 14 0.027747354 
633 429 9 11 0.027718266 
111 445 7 10 0.027709978 
822 543 9 11 0.027667327 
654 366 10 11 0.027662618 
898 648 25 31 0.027609583 
622 522 21 25 0.02760394 
678 342 12 14 0.027585097 
652 129 12 14 0.027584242 
808 440 9 9 0.027575564 
431 357 8 11 0.02756912 
687 348 9 11 0.027565671 
753 516 9 11 0.027563883 
581 533 10 13 0.027557762 
198 527 11 14 0.027536357 
941 608 14 18 0.027529977 
903 518 9 10 0.027488466 
708 384 10 11 0.027460005 
722 508 10 12 0.027452584 
688 320 11 12 0.027427332 
648 460 9 12 0.027425 
880 572 12 17 0.027412804 
436 145 17 22 0.027400298 
686 452 9 12 0.027331097 
351 464 7 10 0.027308872 
151 488 8 10 0.027292358 
246 292 12 15 0.02722988 
945 539 9 12 0.027226536 
294 518 8 11 0.027224617 
716 572 12 15 0.02721333 
575 534 10 12 0.027206209 
521 294 13 15 0.02719517 
229 235 12 15 0.027184324 
592 600 14 19 0.027178586 
480 192 13 18 0.027161544 
184 501 10 13 0.02715847 
464 447 9 11 0.02715032 
705 93 10 13 0.027084257 
52 551 12 14 0.027067332 
848 549 9 13 0.027042452 
70 529 13 16 0.027035492 
92 523 13 17 0.026988048 
684 68 13 16 0.026982998 
37 502 21 25 0.026979841 
916 574 11 14 0.026952067 
486 450 11 14 0.026942933 
20 483 11 14 0.02693748 
607 493 10 11 0.02690556 
879 479 7 9 0.026896754 
959 532 9 11 0.02688673 
661 501 8 11 0.026880205 
994 618 16 20 0.026875287 
390 463 8 10 0.026866782 
672 503 9 10 0.026822919 
562 56 25 29 0.026822528 
15 111 30 38 0.0267918 
688 580 12 16 0.026782488 
0 453 9 13 0.026767103 
232 563 10 14 0.026738478 
214 216 16 19 0.026729187 
965 542 9 11 0.02672688 
678 427 10 12 0.026711455 
158 473 9 11 0.02670119 
568 503 8 9 0.02669477 
297 325 9 11 0.02666267 
901 418 10 14 0.026619311 
695 620 19 29 0.026576405 
441 365 10 11 0.026567595 
582 382 8 9 0.026559247 
230 585 12 16 0.026556775 
172 529 19 24 0.02655335 
466 542 9 10 0.026538858 
407 538 9 13 0.026528044 
732 504 9 11 0.026524883 
688 564 12 14 0.026501011 
537 423 8 11 0.026489658 
425 484 8 11 0.026474206 
463 398 9 12 0.026452804 
748 659 23 28 0.026434606 
65 439 8 10 0.026427519 
702 517 9 12 0.026416136 
251 244 20 24 0.026391596 
839 545 9 11 0.026381943 
651 278 12 14 0.026368989 
499 259 12 16 0.026341226 
725 666 22 28 0.026338594 
444 790 11 14 0.026314026 
297 317 9 12 0.026287248 
47 454 9 11 0.026279958 
106 593 22 26 0.026275003 
612 558 12 13 0.026248293 
892 609 14 18 0.02624611 
23 252 13 16 0.026192252 
230 347 13 16 0.026180083 
854 480 8 10 0.026175248 
606 437 8 11 0.026169594 
985 511 8 10 0.026157964 
960 518 9 10 0.026156504 
229 574 12 15 0.026146129 
178 309 20 25 0.026132636 
923 674 15 19 0.026129233 
573 617 14 18 0.026119674 
584 456 7 10 0.026116751 
169 190 11 14 0.026098305 
337 400 8 9 0.026087834 
391 376 8 10 0.026086975 
667 603 14 17 0.026086792 
61 578 13 18 0.026084544 
125 212 13 17 0.02606386 
226 662 15 19 0.02605907 
607 526 10 13 0.026035972 
256 281 12 17 0.026030228 
804 419 10 14 0.026015678 
655 478 8 10 0.026014771 
639 294 12 14 0.02595514 
222 225 14 18 0.02591723 
518 399 11 12 0.02590589 
725 548 10 12 0.025896698 
263 498 10 10 0.02586277 
785 534 8 11 0.025837542 
991 602 13 17 0.025831196 
647 518 10 12 0.025821133 
831 587 11 13 0.025809223 
644 594 14 17 0.025802236 
672 348 9 12 0.025788939 
85 581 14 17 0.025787607 
35 440 12 13 0.025784587 
709 405 10 12 0.025784492 
867 616 16 19 0.025765419 
824 441 8 10 0.025763776 
619 564 19 23 0.025755452 
720 477 9 11 0.025750771 
477 602 10 15 0.025738705 
256 463 7 10 0.02573666 
99 539 14 18 0.02573356 
912 519 7 10 0.025733521 
823 566 13 15 0.02573153 
935 510 8 11 0.025730047 
249 412 9 12 0.025725521 
231 520 10 12 0.025716137 
838 479 8 11 0.025668291 
285 421 8 10 0.025641873 
569 431 8 9 0.025639893 
296 310 9 12 0.025632521 
872 383 10 11 0.025629528 
345 415 8 9 0.025619188 
402 447 8 10 0.025588542 
49 462 8 10 0.025572624 
400 434 7 9 0.025556805 
432 517 8 10 0.025548404 
110 701 14 17 0.025534868 
582 283 13 16 0.025531115 
758 593 13 17 0.025517847 
892 581 12 14 0.025514843 
887 528 8 11 0.025478555 
647 384 9 9 0.02547194 
664 364 9 12 0.02544831 
118 478 9 11 0.025432702 
876 390 8 11 0.025415143 
133 333 13 17 0.025410736 
831 545 10 10 0.025393927 
246 433 8 10 0.02534922 
721 399 7 10 0.025334522 
335 365 9 10 0.025326531 
0 479 8 13 0.02530216 
382 416 8 10 0.02528787 
296 435 7 9 0.025279446 
709 662 16 21 0.025275836 
246 299 10 14 0.025230132 
551 344 8 10 0.025228139 
577 414 7 10 0.025216203 
617 235 13 17 0.025193384 
77 545 13 17 0.025177006 
424 503 8 10 0.025158998 
109 516 12 14 0.025157461 
134 419 11 13 0.02515141 
103 545 13 17 0.025148885 
552 471 8 9 0.025113685 
269 332 9 12 0.02509387 
784 559 9 12 0.0250868 
595 551 12 15 0.025084028 
725 601 12 16 0.025080021 
321 367 8 11 0.025079712 
253 563 12 17 0.025072671 
784 564 10 13 0.025070526 
158 541 11 14 0.025061775 
989 541 10 11 0.025061207 
761 533 8 11 0.025058433 
491 130 17 22 0.025048826 
670 366 8 10 0.0250434 
361 301 13 14 0.02503859 
385 439 8 10 0.025031138 
792 479 8 10 0.025008356 
197 439 9 13 0.024994928 
245 493 9 12 0.0249666 
820 611 18 25 0.024940012 
382 423 7 9 0.024937952 
343 388 9 11 0.024905166 
175 577 25 27 0.024888841 
587 300 12 16 0.024863513 
714 556 10 13 0.024848424 
66 229 14 17 0.024824137 
638 520 10 12 0.024823766 
510 617 27 32 0.024801396 
361 367 8 10 0.024798391 
574 472 8 9 0.024763677 
233 431 9 11 0.024735205 
777 462 9 11 0.024729898 
798 653 13 18 0.024714626 
414 382 11 12 0.024712488 
928 479 9 11 0.024691569 
612 190 16 19 0.02468331 
649 391 8 10 0.024677722 
0 608 18 22 0.024676805 
672 542 9 12 0.024669806 
687 341 10 12 0.02465372 
174 229 14 16 0.024632111 
533 238 13 15 0.024595242 
621 242 11 16 0.024574934 
54 462 8 10 0.024569875 
87 540 13 18 0.024541833 
548 106 25 29 0.024540937 
115 507 12 14 0.024525117 
726 571 11 14 0.024519728 
127 317 13 16 0.024514034 
352 300 11 14 0.024499586 
157 535 10 12 0.024491888 
973 587 11 15 0.024481852 
1014 587 10 16 0.024447255 
569 440 9 10 0.024429955 
695 509 9 11 0.024405736 
436 334 10 12 0.024390347 
204 317 11 14 0.024376053 
568 657 12 17 0.0243539 
947 618 20 27 0.024342911 
6 478 20 25 0.024340075 
425 82 15 21 0.024321804 
255 527 10 11 0.024321381 
612 297 13 17 0.024315119 
934 728 24 30 0.024297476 
806 585 11 16 0.02426398 
364 294 11 12 0.02426098 
727 681 25 31 0.024253841 
584 406 8 10 0.024246342 
594 382 8 10 0.02423233 
124 268 13 17 0.024226991 
31 516 12 14 0.024219973 
827 619 13 15 0.02420815 
-1 4 21 37 0.024202911 
904 526 9 12 0.024186566 
295 439 7 9 0.024178062 
640 359 9 11 0.024174731 
168 541 10 14 0.024165504 
761 676 14 18 0.024152748 
467 766 13 17 0.024128603 
390 359 9 11 0.024128485 
395 605 12 16 0.024110056 
925 559 18 24 0.024099344 
126 572 14 18 0.02407111 
549 689 15 21 0.024070272 
671 127 10 13 0.023999384 
757 469 11 13 0.02397876 
719 416 9 10 0.023898322 
569 643 11 15 0.023868779 
708 621 19 27 0.023865726 
667 229 11 14 0.02384729 
533 1 16 18 0.023835745 
783 478 8 10 0.023834063 
448 548 12 15 0.023833843 
653 606 13 19 0.023807742 
947 570 12 15 0.023778496 
103 502 19 24 0.023777638 
806 551 9 11 0.023767103 
-37 397 223 241 0.023765113 
566 367 8 10 0.023756031 
662 413 10 10 0.02375271 
270 382 9 11 0.023710579 
965 705 28 36 0.023701899 
401 366 8 11 0.023678077 
674 422 9 12 0.023670826 
600 471 9 12 0.023654087 
808 558 8 10 0.023649817 
641 407 8 10 0.023622906 
381 268 11 14 0.02361169 
774 527 10 11 0.023609191 
74 197 13 16 0.023607314 
513 398 9 12 0.023581032 
921 526 9 11 0.023565082 
414 388 10 13 0.02356235 
136 374 12 14 0.023548787 
935 710 30 37 0.02353697 
216 520 11 12 0.023529839 
558 456 9 10 0.023519307 
987 632 16 21 0.023503197 
380 144 15 18 0.023499649 
3 656 17 22 0.023497578 
902 637 24 31 0.02348857 
457 462 8 10 0.02348313 
721 372 10 11 0.023460222 
462 550 9 12 0.023448711 
66 455 8 10 0.023432717 
127 547 13 15 0.023430511 
712 644 22 30 0.023427352 
190 550 12 16 0.023412118 
689 325 12 15 0.023403984 
421 358 10 11 0.023384582 
741 309 10 15 0.023381466 
559 524 9 13 0.02337452 
817 327 12 15 0.023360832 
740 641 15 20 0.02330082 
751 691 26 31 0.023292458 
705 501 9 12 0.023277361 
848 512 8 12 0.023261009 
225 316 20 25 0.023251217 
350 293 12 14 0.023248762 
672 495 8 11 0.023247262 
102 584 21 26 0.023232868 
976 548 11 13 0.023218198 
661 293 11 13 0.023189401 
912 739 11 14 0.023188516 
550 478 8 9 0.023175178 
71 487 10 12 0.023170644 
263 514 11 13 0.023157014 
726 399 8 10 0.023116231 
999 549 11 13 0.023101604 
799 540 8 11 0.023091272 
253 485 10 12 0.023088664 
127 405 10 12 0.023081219 
566 333 8 11 0.023080515 
44 648 26 39 0.023078576 
605 463 11 11 0.023058468 
720 588 10 13 0.023057185 
65 446 8 10 0.02305197 
266 472 8 10 0.023050133 
401 373 8 11 0.023048708 
676 575 11 14 0.023036974 
869 589 11 14 0.023018528 
190 464 9 10 0.02301409 
84 352 16 19 0.023006404 
312 423 8 9 0.023006303 
470 547 10 13 0.022984715 
185 529 22 26 0.022980839 
897 673 47 59 0.02297084 
848 502 8 10 0.02295773 
270 316 9 13 0.022955688 
423 398 8 11 0.022940546 
719 626 22 29 0.022929644 
248 340 10 12 0.02291306 
589 522 10 14 0.022879194 
551 742 12 15 0.022876272 
669 593 16 20 0.022867732 
289 513 8 9 0.022827104 
622 585 21 27 0.022815362 
637 479 10 11 0.022799756 
728 117 12 15 0.022792902 
719 534 9 12 0.022774432 
368 325 11 13 0.022774156 
238 257 12 16 0.022767833 
449 810 14 16 0.022765737 
98 228 13 16 0.022762071 
495 251 13 16 0.022757927 
855 486 8 9 0.02272966 
593 431 8 10 0.022729421 
558 285 13 17 0.022724211 
554 463 8 11 0.0227179 
346 407 8 9 0.022689218 
222 575 13 17 0.022680469 
19 526 19 24 0.022678267 
944 661 48 64 0.02266377 
560 509 8 10 0.022640375 
387 318 11 14 0.022639297 
685 525 11 14 0.022630746 
853 664 14 20 0.022609053 
863 597 11 14 0.022608628 
941 598 12 17 0.02260108 
456 777 14 20 0.022598764 
431 342 10 13 0.022595888 
862 517 9 10 0.022574997 
919 520 8 10 0.022563152 
350 333 11 13 0.022553401 
808 542 8 11 0.022546455 
621 317 14 17 0.022536486 
773 374 11 13 0.02252999 
777 470 9 11 0.022523828 
654 526 11 13 0.022508977 
295 341 8 11 0.02250446 
206 468 9 12 0.02245494 
595 240 13 18 0.022449503 
321 400 7 9 0.02244154 
261 302 10 12 0.02238762 
936 566 20 25 0.022384072 
623 536 13 16 0.022369463 
933 627 13 18 0.022349048 
55 539 12 15 0.022329533 
608 414 8 9 0.02230432 
700 579 12 15 0.022300774 
220 532 12 15 0.022286607 
436 525 9 11 0.02225846 
913 509 7 9 0.022250652 
378 415 8 10 0.022242345 
944 551 9 12 0.022222325 
288 359 9 11 0.022221826 
671 375 8 11 0.02221105 
351 399 8 10 0.022178063 
647 374 8 10 0.022172464 
442 169 13 17 0.022168517 
654 298 11 13 0.022137297 
26 522 21 25 0.022134015 
479 408 9 11 0.022122499 
463 573 10 12 0.02211664 
639 333 9 13 0.022100527 
27 140 25 33 0.022095982 
0 196 13 20 0.022087455 
799 454 9 11 0.022053275 
537 413 9 12 0.022051109 
161 549 22 27 0.022027848 
461 781 17 24 0.022025922 
638 340 10 11 0.022016756 
769 559 8 11 0.022014832 
409 517 8 11 0.022008006 
219 363 12 14 0.021998879 
887 606 12 15 0.021997228 
89 585 21 28 0.021991452 
416 406 9 11 0.02199129 
237 654 12 15 0.021985717 
546 155 24 29 0.021973113 
119 438 9 11 0.021971656 
876 552 19 24 0.021970525 
863 487 8 10 0.021961913 
762 567 19 26 0.021952564 
749 567 21 25 0.021943593 
569 390 9 10 0.021941388 
135 555 11 15 0.021939287 
505 381 10 12 0.021930927 
527 389 8 10 0.021925267 
27 124 26 34 0.021919368 
811 624 21 26 0.02190196 
595 606 14 19 0.021894896 
552 488 8 9 0.021885049 
585 393 9 10 0.02187878 
863 614 12 16 0.021836856 
793 510 9 10 0.021828057 
681 504 8 10 0.02182466 
238 572 11 15 0.021818291 
438 212 14 17 0.021812724 
544 479 8 10 0.021796435 
557 390 9 10 0.021762311 
518 217 14 17 0.021761775 
13 577 14 19 0.021760006 
21 509 11 14 0.021759953 
46 275 16 21 0.021752488 
623 494 9 11 0.02174801 
88 605 16 22 0.021715676 
619 663 16 20 0.021703938 
861 634 14 18 0.02170377 
325 401 8 10 0.02170324 
126 306 14 17 0.021682194 
606 682 24 29 0.021657737 
422 551 11 13 0.02163886 
687 310 9 11 0.021625591 
551 495 7 9 0.021624591 
287 431 8 10 0.021599904 
694 524 10 13 0.021596111 
793 462 8 10 0.021590203 
294 245 12 16 0.02158988 
616 390 7 9 0.021586109 
263 270 12 16 0.021576075 
657 633 16 20 0.021561014 
607 167 24 29 0.021537049 
406 550 10 13 0.021535484 
866 54 16 19 0.021532547 
431 323 12 15 0.021529552 
685 423 10 12 0.021526711 
988 569 13 17 0.021502858 
560 493 8 10 0.021496784 
702 399 10 11 0.021496773 
553 360 8 10 0.02147927 
213 502 10 12 0.021468021 
148 362 13 16 0.021462122 
414 518 9 12 0.021449238 
605 517 10 12 0.021422623 
311 447 7 9 0.021419106 
895 572 12 14 0.021406885 
599 439 8 10 0.021403229 
1004 627 19 29 0.02140083 
465 374 9 11 0.021395735 
78 454 8 10 0.021367371 
722 331 12 15 0.021365194 
85 431 8 10 0.021357559 
692 554 18 24 0.021335836 
546 382 8 10 0.021328 
142 515 12 15 0.02132206 
755 537 20 24 0.02130906 
137 534 10 13 0.021308756 
301 311 10 12 0.021307081 
206 324 9 13 0.02130525 
598 524 11 13 0.02127453 
461 527 9 12 0.021266915 
253 586 10 14 0.021265864 
543 484 9 11 0.021262689 
560 534 10 12 0.021252701 
444 66 16 20 0.021250695 
1014 619 10 18 0.021232596 
622 251 12 16 0.021225993 
147 240 15 19 0.02122446 
723 598 21 27 0.021212924 
188 637 14 20 0.021203928 
922 634 98 124 0.021196246 
511 376 9 10 0.02118799 
446 536 10 11 0.021185426 
162 561 24 29 0.021166814 
978 565 20 25 0.021165669 
661 695 16 23 0.021165185 
636 601 15 20 0.02114284 
230 651 21 26 0.02113819 
360 295 11 13 0.02113727 
143 525 9 13 0.021131711 
909 599 14 19 0.021130094 
254 534 11 12 0.021110453 
135 404 11 13 0.021104861 
647 479 8 10 0.021097878 
991 553 21 26 0.02109709 
812 445 10 12 0.021092199 
408 358 9 12 0.021074412 
791 566 10 12 0.021055238 
679 545 19 23 0.021045411 
298 223 42 51 0.021004396 
638 520 22 26 0.020994505 
204 535 21 26 0.020988202 
736 349 9 12 0.020957323 
627 62 12 16 0.020950455 
415 501 8 10 0.020949168 
534 493 8 11 0.020935232 
744 591 20 26 0.020934762 
458 309 10 12 0.020921528 
270 373 9 12 0.02092091 
845 757 14 17 0.020867672 
405 373 10 12 0.02086112 
623 365 8 10 0.020831663 
110 433 9 10 0.020821728 
48 436 10 12 0.02081703 
814 602 15 19 0.020816565 
127 384 19 23 0.020807415 
105 463 18 21 0.020805791 
110 609 23 31 0.020805316 
433 431 9 12 0.020792728 
890 650 21 28 0.020777304 
253 260 13 15 0.020750765 
382 316 11 15 0.020733096 
784 527 9 11 0.020732384 
658 624 17 22 0.020724276 
742 572 10 13 0.020700892 
215 324 11 14 0.020677082 
71 469 9 12 0.020670343 
895 519 10 11 0.020668104 
321 507 9 12 0.020667637 
631 469 11 13 0.02062537 
612 539 12 14 0.020603336 
344 358 10 11 0.020597154 
21 516 11 14 0.02058536 
594 333 9 12 0.020550454 
268 477 8 13 0.020543192 
854 596 12 14 0.020539777 
189 338 14 17 0.020534022 
396 288 9 12 0.02052623 
286 253 13 16 0.020525023 
295 302 10 12 0.020484783 
456 502 7 10 0.020480135 
239 292 13 17 0.020434156 
18 486 20 25 0.020431062 
0 467 7 14 0.020417094 
996 557 12 15 0.020401038 
417 365 10 12 0.020399375 
734 516 10 12 0.02039694 
95 477 10 14 0.020393275 
728 423 9 11 0.020381583 
103 602 23 30 0.020380208 
631 310 11 14 0.02037106 
976 557 12 16 0.02035924 
597 589 14 17 0.020358244 
106 525 19 25 0.020340597 
506 389 8 11 0.020325687 
194 548 23 29 0.020315157 
32 437 11 13 0.020305319 
349 375 9 12 0.020255778 
273 539 10 14 0.02025305 
605 164 17 20 0.020246703 
133 266 14 17 0.02020995 
584 368 7 9 0.020204931 
213 631 14 19 0.020203331 
128 492 9 11 0.020190831 
781 461 9 11 0.020180786 
714 558 21 26 0.020173643 
163 580 14 18 0.020162819 
169 541 41 50 0.020130146 
224 607 21 31 0.02011549 
406 143 12 16 0.020114254 
943 528 9 11 0.020071866 
903 556 12 14 0.020066332 
896 740 10 12 0.020034485 
245 554 15 17 0.020025954 
128 340 14 18 0.020022659 
