21_Festival_Festival_21_936
51
384 209 290 400 0.9986027 
237 283 141 203 0.9486847 
642 422 220 281 0.61148554 
280 265 187 259 0.3995363 
426 536 468 434 0.36591583 
316 892 357 500 0.36468118 
231 156 26 30 0.24621956 
34 111 28 29 0.1711153 
146 81 32 38 0.14156953 
660 488 128 187 0.11752652 
57 160 174 236 0.11507068 
824 19 206 320 0.114258446 
491 267 296 416 0.11033295 
33 370 28 34 0.09461584 
85 431 48 51 0.09373089 
372 1126 340 459 0.0847549 
532 379 395 446 0.06938443 
187 85 28 36 0.06688852 
918 140 111 189 0.065991655 
674 122 110 156 0.061539408 
149 153 30 33 0.05601741 
809 609 39 48 0.053656414 
0 114 11 22 0.050018966 
38 175 129 145 0.047863796 
125 231 162 213 0.045474973 
806 199 28 34 0.04147662 
774 1026 221 256 0.039509363 
-27 360 619 559 0.03830378 
851 123 143 179 0.035798028 
123 359 38 42 0.033883322 
30 250 216 244 0.03382307 
959 202 75 145 0.033648886 
726 355 135 138 0.033506177 
183 1337 81 67 0.0299692 
886 241 41 46 0.028452987 
1 389 29 38 0.028305694 
94 249 111 147 0.02827874 
77 1306 222 202 0.027176542 
161 373 33 36 0.025070308 
774 574 98 117 0.02479122 
377 1015 210 293 0.02435441 
793 621 38 43 0.02371849 
713 493 136 172 0.022144986 
868 172 18 20 0.02190711 
699 417 126 151 0.021839952 
683 100 178 232 0.021784058 
844 660 34 56 0.021164956 
833 231 30 35 0.02107678 
0 576 25 58 0.020902416 
126 1337 134 110 0.020837212 
158 76 41 53 0.020686692 
