13_Interview_Interview_2_People_Visible_13_217
27
316 161 290 415 0.9964719 
281 993 473 596 0.40847543 
805 1180 190 234 0.24798833 
220 44 41 55 0.1691053 
985 502 38 53 0.14560677 
146 389 543 559 0.07078848 
435 1127 273 321 0.042778026 
916 171 24 33 0.034623723 
817 1038 118 179 0.033547364 
333 753 465 576 0.032819245 
899 269 98 139 0.031033808 
792 474 17 21 0.030863129 
865 1173 60 84 0.028123884 
950 140 57 75 0.026570808 
360 944 233 391 0.026380917 
946 155 36 46 0.026342312 
762 1022 327 417 0.025840146 
227 31 32 41 0.024825653 
804 74 44 47 0.023709752 
939 139 92 135 0.023058157 
822 53 58 70 0.0222873 
90 1048 470 522 0.021652272 
901 338 92 124 0.021262717 
364 -6 125 95 0.020805709 
673 300 31 40 0.020507036 
263 378 29 37 0.020442605 
905 150 42 58 0.020423964 
