13_Interview_Interview_On_Location_13_510
19
366 75 288 436 0.9870345 
205 1091 69 77 0.2809804 
-59 261 457 504 0.23004884 
228 25 327 446 0.13325717 
289 1048 440 537 0.12630168 
19 348 271 334 0.10006594 
-13 80 387 470 0.08241405 
591 1090 456 518 0.07840086 
522 97 393 406 0.07524101 
635 211 149 181 0.06664004 
452 773 388 532 0.059982248 
401 658 88 109 0.052746464 
31 7 254 251 0.04732328 
663 52 384 546 0.046018012 
386 261 165 242 0.036101066 
193 1067 64 81 0.024207463 
547 150 224 276 0.023358481 
531 611 392 532 0.021938654 
580 1197 13 15 0.02178049 
