13_Interview_Interview_Sequences_13_7
68
475 246 28 33 0.99896073 
635 193 40 49 0.9987618 
255 204 35 48 0.9974642 
105 244 25 29 0.99336845 
384 262 22 28 0.8196994 
862 243 23 26 0.7621946 
916 253 19 23 0.53552073 
861 234 17 19 0.22447558 
889 283 31 37 0.22434944 
878 276 14 18 0.12410873 
954 222 11 15 0.11132553 
768 333 10 12 0.098790035 
923 259 16 22 0.09634618 
912 251 14 19 0.092754506 
549 281 21 29 0.09120219 
767 296 11 13 0.08773588 
783 280 12 18 0.08217418 
958 243 15 19 0.072267294 
775 312 11 13 0.07144811 
573 303 11 13 0.05953781 
983 277 13 17 0.059037294 
850 275 17 19 0.056630306 
867 231 13 16 0.052599132 
872 242 16 21 0.05129676 
858 324 12 16 0.049865812 
925 296 28 29 0.045588974 
183 225 24 31 0.043201238 
881 279 23 29 0.043098606 
288 173 9 10 0.042306967 
964 239 22 27 0.04150908 
129 273 25 29 0.038196843 
942 250 12 15 0.036969017 
872 223 9 11 0.036008358 
969 229 12 14 0.035641205 
882 266 15 20 0.035378493 
887 293 15 20 0.033853665 
436 282 13 17 0.033493407 
838 268 21 28 0.031998552 
860 281 14 17 0.031610347 
837 289 28 35 0.03137889 
931 252 12 17 0.031196384 
918 228 11 15 0.031099306 
941 232 13 17 0.029578105 
844 280 16 18 0.029150533 
893 258 12 15 0.027493332 
704 425 12 16 0.027116606 
802 154 206 241 0.02706166 
779 354 14 19 0.026428582 
115 274 31 35 0.02626032 
489 244 25 34 0.024966521 
275 181 12 14 0.024665497 
557 295 14 17 0.024172466 
903 251 13 17 0.023842962 
96 279 48 49 0.023505775 
776 284 9 13 0.023453264 
324 380 26 34 0.023438765 
562 290 14 18 0.023238668 
931 282 27 29 0.022970209 
945 220 20 26 0.022168804 
378 460 16 16 0.022096785 
770 339 13 15 0.021411425 
867 275 21 25 0.021243494 
949 251 13 15 0.021206658 
580 418 17 23 0.020897467 
125 248 226 288 0.02070435 
940 236 21 27 0.020676691 
872 262 22 29 0.020319857 
862 223 11 13 0.020306772 
