13_Interview_Interview_2_People_Visible_13_409
33
263 99 425 538 0.998988 
474 871 88 112 0.9906158 
139 423 581 649 0.30413768 
689 303 87 127 0.19333553 
26 530 323 473 0.16032103 
434 791 424 425 0.14848262 
70 89 411 475 0.14305115 
218 273 15 20 0.12264564 
169 423 16 21 0.10622851 
869 29 92 117 0.105896875 
584 677 422 438 0.0998972 
206 775 247 257 0.055858288 
475 153 339 456 0.054852806 
927 279 32 42 0.04548194 
1 611 208 314 0.045154937 
803 418 48 72 0.037675347 
878 188 23 31 0.036400974 
913 272 50 68 0.03355158 
144 885 90 128 0.03283922 
910 -1 39 43 0.0293819 
401 206 105 145 0.027623786 
289 211 127 151 0.027541982 
672 784 399 521 0.027182112 
384 199 37 45 0.024178343 
392 214 55 76 0.023734499 
885 256 92 124 0.02344398 
786 390 75 121 0.022594592 
436 184 149 219 0.02245068 
30 769 136 159 0.022335706 
956 287 53 74 0.020833574 
912 299 56 81 0.020796126 
71 186 176 281 0.020689817 
996 182 15 21 0.02006864 
