13_Interview_Interview_On_Location_13_478
20
453 55 119 160 0.99968636 
38 478 33 37 0.21151449 
140 462 17 20 0.05694191 
859 357 15 17 0.05291425 
165 458 24 29 0.04636804 
790 341 12 16 0.039942205 
946 364 11 16 0.03667135 
878 356 10 13 0.035516225 
218 278 414 535 0.035447028 
167 75 28 33 0.033919316 
1011 546 12 18 0.03086855 
832 386 13 16 0.03080532 
989 535 30 43 0.028046047 
868 356 13 15 0.027046908 
413 449 129 124 0.024380652 
224 212 103 111 0.023805378 
167 156 208 249 0.023029786 
412 507 141 122 0.02280865 
16 465 44 51 0.021259204 
1 475 32 41 0.020881584 
