13_Interview_Interview_On_Location_13_539
18
417 677 438 571 0.9999056 
46 1019 45 65 0.06843863 
102 1075 54 55 0.06756225 
122 175 481 581 0.053484693 
-113 907 418 514 0.05216822 
17 1099 33 41 0.048410088 
89 1089 58 62 0.043941986 
316 693 329 438 0.04097719 
612 694 393 490 0.040296517 
898 896 31 37 0.038810857 
0 421 12 22 0.034793507 
221 15 494 486 0.034537904 
-1 946 32 43 0.028529929 
477 451 468 567 0.024240972 
15 489 186 225 0.022279643 
983 980 38 56 0.02151849 
913 898 29 34 0.021305053 
0 1066 24 35 0.020511111 
