13_Interview_Interview_On_Location_13_426
24
304 291 90 109 0.9899002 
398 430 184 217 0.41638324 
439 492 126 113 0.31829637 
8 494 28 42 0.08063636 
273 327 16 18 0.07258338 
33 86 376 468 0.070200555 
275 286 17 19 0.05182946 
60 250 231 294 0.04937126 
306 350 32 45 0.044443883 
351 321 334 419 0.04162744 
861 409 9 13 0.03741732 
165 338 30 36 0.03522203 
52 282 14 18 0.034897026 
317 191 216 265 0.03321467 
479 169 458 544 0.027692266 
964 637 9 11 0.027483243 
141 371 98 151 0.026108583 
962 633 8 9 0.024250858 
452 299 20 31 0.022219144 
144 313 49 54 0.020904414 
50 291 25 30 0.020816548 
857 409 19 24 0.020766148 
714 529 99 132 0.020520313 
560 340 14 17 0.020153722 
