13_Interview_Interview_Sequences_13_35
35
547 478 53 66 0.99111664 
510 409 54 65 0.9903341 
621 497 44 61 0.9831503 
356 279 51 65 0.974478 
473 73 44 58 0.9691886 
306 483 26 33 0.12181495 
262 15 31 38 0.11359607 
960 168 8 11 0.11294135 
570 419 46 52 0.09256216 
274 23 26 34 0.0684624 
675 241 32 32 0.06720369 
725 175 10 14 0.0620321 
818 548 29 41 0.055426527 
937 152 8 11 0.054301903 
936 157 8 10 0.049045052 
543 448 56 68 0.043791287 
411 474 127 127 0.041919507 
828 732 46 34 0.039580088 
742 173 9 12 0.039236527 
573 442 47 57 0.037606455 
721 402 30 31 0.037349753 
559 417 32 39 0.037348364 
259 638 62 59 0.029869528 
954 169 8 10 0.028294923 
919 177 7 10 0.027476463 
929 159 8 10 0.027084146 
271 651 38 35 0.026215676 
942 152 8 11 0.025406746 
243 610 115 92 0.024474736 
661 242 62 51 0.024437936 
257 601 71 59 0.02394966 
736 173 10 13 0.023478845 
541 722 28 38 0.022715606 
929 165 7 9 0.021070864 
964 167 8 10 0.021065481 
