13_Interview_Interview_2_People_Visible_13_461
18
158 151 65 93 0.9349256 
86 171 64 101 0.38583308 
12 462 169 219 0.28311214 
109 161 80 108 0.16093247 
61 458 17 19 0.104033895 
600 40 460 491 0.07569456 
112 385 12 15 0.062103815 
707 126 276 326 0.032075677 
52 443 15 17 0.03170303 
170 320 18 19 0.03125243 
156 381 40 37 0.030866925 
44 452 15 17 0.029571088 
139 467 30 39 0.027572941 
322 588 17 20 0.027294138 
167 397 31 31 0.024887605 
109 380 22 27 0.02441757 
121 469 36 45 0.024012644 
218 552 27 37 0.021056304 
