13_Interview_Interview_Sequences_13_759
26
448 593 154 189 0.9989423 
802 1337 28 33 0.23711655 
482 780 137 122 0.13021256 
332 1290 31 33 0.09612684 
779 1045 31 45 0.09349616 
731 1164 118 138 0.074744254 
391 1115 10 12 0.06124165 
722 55 213 274 0.05316858 
363 1204 14 17 0.04417096 
804 1045 25 43 0.04416322 
786 1338 31 36 0.0434148 
817 1334 25 38 0.039933473 
317 1203 11 15 0.036017265 
317 1181 9 13 0.03550403 
333 911 499 475 0.034069646 
514 134 14 17 0.029981498 
470 177 98 127 0.029803047 
333 970 16 21 0.029442282 
764 899 28 33 0.026680935 
499 182 41 53 0.025416901 
793 95 202 311 0.024338864 
320 1293 27 30 0.02343499 
778 1202 29 35 0.022624537 
774 947 14 17 0.022057446 
361 842 81 111 0.020971656 
356 1258 18 20 0.020144762 
