13_Interview_Interview_2_People_Visible_13_668
188
937 455 17 22 0.7591111 
597 466 18 21 0.7441853 
292 746 12 17 0.35975757 
126 715 12 15 0.3209554 
415 471 13 15 0.30848145 
250 738 17 21 0.24691273 
107 694 11 13 0.23724726 
13 116 442 612 0.1907816 
30 746 17 19 0.16686863 
29 685 12 15 0.16199777 
63 700 11 14 0.16020828 
287 739 14 18 0.15898 
175 722 13 17 0.15844668 
588 493 23 27 0.15291901 
322 746 19 20 0.1507615 
496 485 11 14 0.14860553 
290 467 17 20 0.14489476 
90 731 13 16 0.14204186 
524 475 13 15 0.140964 
718 627 12 15 0.1397576 
533 447 10 14 0.13736825 
719 224 238 296 0.13654543 
222 707 14 19 0.13534072 
223 729 14 20 0.106059924 
205 709 14 17 0.10294566 
480 470 10 13 0.102178685 
4 682 13 17 0.101697005 
244 743 19 22 0.08878259 
85 684 10 14 0.08865611 
39 717 12 15 0.07620054 
339 736 17 21 0.07246823 
177 648 9 11 0.07226115 
21 726 12 14 0.071345456 
54 687 10 13 0.070976734 
179 719 12 15 0.06997659 
251 725 15 18 0.069541804 
212 707 15 18 0.06775453 
227 714 12 17 0.0672678 
437 525 14 20 0.06479352 
68 739 14 18 0.06126616 
525 492 15 18 0.060420115 
388 745 15 19 0.060022585 
119 713 14 17 0.057773568 
156 715 14 17 0.05607297 
533 470 11 15 0.05392725 
608 468 16 20 0.05331882 
165 717 11 16 0.053106938 
128 660 9 11 0.052710947 
175 701 10 13 0.050436974 
274 743 18 22 0.05041834 
371 -48 406 525 0.048625503 
318 739 17 19 0.04861602 
198 701 13 16 0.04810067 
29 670 11 13 0.048004035 
117 702 12 14 0.047564 
136 695 11 13 0.047563758 
484 467 11 14 0.047007848 
500 489 13 16 0.04685486 
329 740 22 26 0.0463458 
60 696 11 14 0.04578839 
205 723 14 17 0.045119617 
525 480 15 20 0.045003995 
27 552 12 16 0.043619454 
181 702 10 13 0.043465383 
90 586 17 20 0.042535048 
204 702 13 16 0.041090727 
204 748 15 17 0.04097177 
709 630 14 17 0.04080607 
260 722 14 18 0.040465306 
500 530 13 19 0.040088408 
227 724 14 19 0.03980498 
481 463 9 14 0.039645154 
629 505 17 23 0.039575193 
616 503 25 30 0.03949365 
102 688 14 15 0.039410274 
79 655 10 12 0.039329614 
132 710 13 15 0.039174914 
509 491 13 16 0.03857517 
269 739 16 19 0.037952535 
28 679 13 14 0.037302945 
513 495 22 26 0.036378328 
694 488 28 35 0.03626486 
596 472 24 28 0.03619245 
640 113 391 506 0.035788134 
100 587 14 17 0.035699498 
60 725 13 15 0.035693 
256 742 18 23 0.035673063 
-69 327 395 463 0.03555081 
380 739 17 20 0.03414017 
92 745 14 16 0.0337932 
74 -26 350 500 0.033243738 
604 490 26 32 0.033163223 
11 713 14 16 0.033072066 
552 451 11 16 0.032911777 
705 476 28 36 0.032838214 
46 581 11 15 0.03280517 
133 660 9 12 0.032596003 
213 730 15 20 0.032496255 
29 725 12 14 0.032043036 
21 685 21 25 0.03143201 
579 371 15 18 0.03134362 
257 730 17 22 0.03081953 
211 747 14 17 0.030737225 
178 728 15 18 0.030406833 
517 481 14 17 0.030388402 
158 694 10 12 0.030266078 
711 622 20 26 0.030218031 
558 446 11 15 0.029652024 
542 445 11 16 0.029636882 
140 700 11 13 0.02950474 
671 638 10 13 0.029374527 
181 748 14 16 0.0293306 
16 589 12 15 0.02913239 
78 689 12 14 0.028935557 
37 670 10 12 0.028884312 
70 183 121 167 0.028694589 
920 457 15 21 0.02834729 
5 712 13 17 0.028288925 
150 708 14 17 0.028131286 
680 627 33 36 0.02812112 
346 732 14 18 0.02812107 
151 702 11 14 0.028081993 
88 727 12 15 0.027724912 
79 679 10 13 0.027397458 
528 551 29 39 0.027113253 
617 491 15 18 0.02664896 
109 747 13 16 0.02656702 
2 678 11 15 0.026172651 
139 746 16 19 0.026007958 
211 724 14 18 0.025801476 
708 473 17 23 0.025794998 
725 274 420 480 0.025756132 
29 733 12 14 0.025749754 
44 709 12 14 0.025624081 
149 748 13 17 0.0254638 
60 715 14 15 0.025431558 
776 335 115 144 0.025295548 
528 498 17 21 0.025188424 
197 745 15 18 0.025173023 
232 726 21 27 0.024822563 
108 586 13 17 0.024812702 
167 700 10 12 0.024541438 
509 497 15 20 0.024277028 
944 452 15 20 0.024267282 
188 746 14 17 0.024138194 
48 686 11 13 0.024072824 
389 734 13 17 0.024040904 
58 696 19 23 0.023844786 
721 633 13 18 0.023794437 
142 708 12 16 0.023607345 
88 736 15 19 0.023577452 
700 628 17 19 0.023549013 
94 578 24 29 0.023493936 
688 545 24 33 0.0234735 
927 455 22 27 0.023434257 
163 719 20 25 0.023300001 
626 518 16 20 0.023240887 
67 704 13 16 0.02290406 
181 708 10 13 0.022898924 
38 709 13 15 0.022867465 
174 669 9 13 0.022548096 
94 708 11 14 0.022466196 
135 656 8 11 0.022266155 
373 745 17 20 0.02214584 
11 689 12 17 0.021912249 
238 745 16 21 0.021879645 
86 462 25 36 0.021725891 
503 487 23 26 0.021701403 
36 690 11 15 0.021673564 
152 662 9 11 0.021622095 
102 692 21 23 0.021540545 
62 730 13 16 0.02148707 
499 479 12 14 0.021481898 
484 556 12 16 0.02103767 
251 750 17 19 0.020771861 
117 608 12 17 0.0207272 
39 702 12 15 0.020724604 
717 551 18 24 0.020704148 
198 723 14 17 0.02066398 
611 479 18 23 0.020622075 
151 677 9 11 0.020578794 
74 535 13 18 0.020553403 
187 403 120 178 0.020230206 
119 722 13 16 0.020229308 
31 709 11 14 0.020204628 
151 669 10 12 0.02017702 
493 461 10 15 0.020165656 
180 651 10 13 0.020152492 
