13_Interview_Interview_Sequences_13_867
142
387 258 240 342 0.9998772 
286 400 34 50 0.9983261 
881 429 22 28 0.9630617 
174 418 20 28 0.9253205 
97 58 77 87 0.79564524 
14 449 28 37 0.7196652 
998 370 15 19 0.7181769 
920 469 18 29 0.6599591 
239 413 23 30 0.65038264 
213 452 25 34 0.64592254 
878 470 13 17 0.53772557 
750 215 183 243 0.33243766 
882 327 19 21 0.3177192 
182 421 18 23 0.31217703 
124 448 15 19 0.2653076 
0 419 12 17 0.23960406 
828 3 17 17 0.2382853 
599 65 10 12 0.21227859 
844 447 11 15 0.19889386 
107 384 19 22 0.17965582 
575 75 13 15 0.1546669 
859 393 16 19 0.1537544 
192 213 12 14 0.14157997 
947 289 51 64 0.13677928 
755 407 175 204 0.13141493 
228 418 24 31 0.1264788 
944 361 15 20 0.12210884 
557 71 8 11 0.11083116 
11 437 15 22 0.11059182 
937 435 10 13 0.10657431 
974 381 15 17 0.099706076 
828 435 15 18 0.093184054 
945 404 15 19 0.08787258 
1011 366 12 17 0.08353596 
967 385 13 16 0.07440498 
816 28 12 13 0.07371964 
1003 365 17 22 0.07132935 
184 215 9 11 0.07050742 
224 437 25 36 0.06989759 
189 526 11 15 0.06639805 
250 417 25 32 0.064653456 
923 464 15 19 0.06364734 
984 436 11 13 0.0633678 
117 381 22 30 0.063343175 
797 281 17 22 0.06286552 
875 418 42 48 0.057037022 
201 391 21 27 0.054552652 
173 597 9 12 0.05034894 
628 41 12 15 0.04933359 
638 18 31 35 0.048945215 
3 425 14 18 0.0476475 
820 22 13 14 0.04509801 
114 66 45 50 0.044842303 
882 421 17 22 0.043988805 
523 68 16 18 0.04292279 
368 322 352 459 0.042561963 
965 377 22 27 0.041941058 
718 23 11 14 0.041488662 
10 446 20 26 0.041447803 
509 84 25 31 0.04082487 
223 430 14 20 0.040443584 
30 419 13 15 0.040332872 
807 3 10 12 0.0403004 
834 0 13 12 0.0399392 
653 15 35 36 0.03962979 
525 59 14 16 0.038956195 
873 67 14 16 0.038119294 
884 318 17 21 0.0370613 
380 847 37 38 0.036996815 
766 317 131 167 0.036784526 
48 302 45 66 0.036513757 
178 215 8 10 0.036387857 
552 115 13 16 0.036139727 
163 421 23 30 0.035931602 
194 376 27 32 0.03580651 
929 469 25 27 0.035399638 
676 21 17 19 0.03499899 
731 250 130 166 0.034717586 
412 141 16 25 0.03434229 
238 424 28 34 0.034064837 
638 10 65 68 0.03403565 
977 362 15 18 0.03338639 
37 417 11 15 0.033312768 
519 69 13 15 0.03273918 
819 461 16 20 0.031677265 
806 21 10 14 0.03162525 
641 26 18 23 0.031041492 
322 517 31 43 0.030631296 
468 225 234 308 0.029696688 
398 174 9 13 0.029651392 
862 62 23 29 0.02948027 
453 110 9 11 0.028653359 
61 472 15 19 0.028645061 
15 419 10 13 0.028476821 
947 474 15 19 0.028182827 
155 421 20 29 0.027999252 
875 459 22 29 0.027703615 
133 392 15 21 0.027277077 
956 386 14 17 0.026718685 
77 452 15 17 0.026583172 
583 69 25 25 0.026368082 
942 443 11 14 0.02610934 
6 426 22 29 0.026007257 
264 221 9 14 0.025856102 
128 376 23 34 0.025598181 
596 69 16 19 0.025329636 
22 284 12 15 0.025270717 
513 74 25 30 0.025095526 
23 419 12 14 0.024866084 
266 413 28 33 0.024760112 
415 774 31 32 0.024747837 
573 72 21 25 0.024135279 
783 397 13 15 0.024092862 
988 355 12 13 0.02407462 
895 13 13 14 0.024070496 
970 367 22 29 0.023898317 
821 51 100 128 0.02371664 
632 8 105 109 0.023613194 
821 9 16 16 0.023265816 
846 439 12 15 0.023058413 
947 361 22 30 0.022988848 
729 82 344 451 0.02281678 
120 436 25 35 0.022679832 
840 448 19 26 0.022576462 
29 269 74 108 0.021950917 
983 441 13 16 0.02184144 
134 445 24 29 0.021831863 
229 402 24 32 0.02178147 
34 462 16 23 0.021762328 
801 0 10 10 0.021674687 
668 107 216 287 0.021581376 
135 484 26 36 0.021252152 
53 460 23 28 0.021191424 
853 436 13 15 0.021157056 
521 55 26 30 0.021037139 
631 68 11 14 0.020833481 
60 453 24 28 0.020682355 
413 120 31 38 0.020446118 
990 524 15 22 0.02044071 
145 230 11 12 0.02037473 
487 96 9 12 0.020259535 
870 431 25 32 0.020242628 
