13_Interview_Interview_Sequences_13_5
39
477 25 88 122 0.9973362 
109 292 33 47 0.8437109 
224 229 68 89 0.3413843 
704 139 68 58 0.17246728 
93 283 55 81 0.13157961 
70 279 57 64 0.10640451 
632 76 30 37 0.09875896 
591 49 27 38 0.094077356 
699 241 87 111 0.0738286 
851 9 181 242 0.070498995 
74 336 48 66 0.067013465 
180 237 127 135 0.049161453 
684 106 17 24 0.04468238 
81 273 37 46 0.043943465 
664 245 88 136 0.03837677 
700 170 67 69 0.035928026 
745 126 31 40 0.030549264 
64 289 37 48 0.029796671 
86 311 53 83 0.02879636 
903 43 105 154 0.028021712 
670 97 24 37 0.027638914 
712 155 40 37 0.026319074 
570 49 48 68 0.025515081 
624 96 25 31 0.025423475 
342 120 12 16 0.025224974 
10 29 490 442 0.025196558 
85 265 29 33 0.025103977 
163 215 197 236 0.02470321 
67 266 35 37 0.024592303 
419 338 50 52 0.02441339 
667 300 57 94 0.02439578 
678 104 109 100 0.023165988 
716 278 94 119 0.023027983 
737 142 39 45 0.023025023 
541 318 14 17 0.022402257 
679 109 29 37 0.022276426 
692 197 86 109 0.021911774 
120 301 20 27 0.02068928 
670 190 159 214 0.020516455 
