13_Interview_Interview_On_Location_13_791
19
363 407 383 441 0.9991487 
314 170 183 276 0.21042039 
515 347 369 490 0.15762232 
381 99 34 51 0.11206219 
-90 -82 442 563 0.10210524 
280 177 367 455 0.068279766 
495 1239 22 28 0.06619459 
323 479 243 316 0.053958617 
365 105 34 41 0.042854574 
512 975 458 459 0.04276261 
504 110 38 40 0.0388452 
619 115 235 260 0.035148114 
397 103 34 49 0.031507995 
412 108 33 44 0.030406073 
-42 301 550 412 0.02969254 
677 434 230 296 0.022974383 
180 121 38 51 0.022577826 
7 24 266 326 0.022230044 
287 910 119 204 0.022197958 
