13_Interview_Interview_Sequences_13_2
92
493 170 51 66 0.9995741 
918 219 36 46 0.9994709 
265 189 53 71 0.9994282 
639 241 51 72 0.9984231 
547 199 33 46 0.99650025 
644 148 29 38 0.9954483 
655 26 35 44 0.99379563 
325 29 32 41 0.9921848 
742 288 77 90 0.9907727 
236 28 37 43 0.9894639 
121 269 54 66 0.98443675 
568 29 39 47 0.9772142 
945 18 55 64 0.9513186 
314 138 29 37 0.9286677 
9 240 23 30 0.82304156 
223 188 33 48 0.77184916 
678 165 27 35 0.7288814 
0 25 24 44 0.49788705 
369 166 27 37 0.22048372 
710 188 26 33 0.21119161 
715 159 16 20 0.20964168 
324 229 31 41 0.17791808 
692 377 30 35 0.090383455 
52 149 13 17 0.085718565 
344 153 26 34 0.084848575 
151 255 48 76 0.08106647 
427 510 12 17 0.07002915 
417 179 27 33 0.06955791 
0 228 38 51 0.064558975 
242 176 46 63 0.06310972 
465 610 46 62 0.062423654 
610 111 17 25 0.057506755 
189 73 20 25 0.050916146 
298 425 39 56 0.047101863 
219 448 52 56 0.047076076 
448 -2 40 28 0.047022182 
203 196 44 58 0.046278454 
1013 226 10 16 0.045187417 
53 171 17 21 0.0438808 
190 214 46 60 0.04082633 
1011 240 13 21 0.040371127 
572 524 18 22 0.038892448 
525 539 27 34 0.036800865 
882 72 24 34 0.035936825 
278 107 15 18 0.03563755 
946 292 55 68 0.03472062 
891 174 16 18 0.034420006 
288 160 42 63 0.033682548 
178 235 45 64 0.033182036 
671 245 49 71 0.032964464 
592 183 43 59 0.032767624 
337 371 36 46 0.032354303 
201 155 16 20 0.03177131 
117 -1 40 28 0.031695064 
1 12 51 70 0.031625338 
315 224 29 40 0.030721841 
938 27 13 18 0.03002737 
373 374 29 41 0.029743906 
510 591 54 65 0.029648367 
995 247 14 19 0.028848313 
382 160 38 52 0.028840957 
426 516 14 22 0.028281119 
435 473 24 39 0.027940318 
527 523 31 37 0.027605796 
170 270 31 46 0.027584616 
373 164 17 22 0.027539363 
861 281 42 63 0.02686624 
703 3 60 56 0.026856642 
806 -1 32 33 0.026284182 
701 92 104 128 0.026222223 
289 433 34 39 0.026188917 
520 616 32 36 0.026100207 
633 495 123 94 0.025703697 
394 170 37 50 0.025586534 
31 441 29 35 0.0251938 
933 23 32 42 0.025014209 
0 141 12 24 0.024765814 
705 388 17 21 0.024666145 
289 200 47 59 0.023754407 
473 -1 34 27 0.023285607 
1004 230 21 35 0.02264741 
357 158 27 34 0.022172863 
407 38 119 127 0.021386722 
720 189 29 38 0.021009605 
305 147 38 55 0.021009512 
418 319 34 51 0.02096248 
13 -87 423 449 0.020815093 
102 211 11 14 0.020808827 
370 10 72 78 0.020803688 
613 226 10 15 0.02071384 
986 11 36 53 0.020322343 
685 27 59 60 0.020136952 
