13_Interview_Interview_2_People_Visible_13_327
23
360 188 181 278 0.99961025 
591 147 161 251 0.9984456 
515 156 174 235 0.082046576 
462 700 24 30 0.061975587 
439 195 169 243 0.04550066 
115 168 34 43 0.04158752 
981 196 14 19 0.04116732 
966 235 44 56 0.03831251 
923 197 26 31 0.035958808 
119 180 48 58 0.035380904 
73 410 398 424 0.035195533 
916 229 88 108 0.033858415 
943 250 50 62 0.031042742 
163 96 58 84 0.029103851 
103 88 163 243 0.028150184 
979 217 44 64 0.02785125 
18 -21 333 462 0.027643722 
415 693 45 52 0.027607752 
868 233 11 15 0.024362456 
67 252 34 48 0.024170727 
414 667 11 17 0.022657882 
927 175 10 12 0.020629046 
891 196 43 54 0.020209586 
