13_Interview_Interview_2_People_Visible_13_475
25
327 206 235 338 0.99987626 
629 210 154 213 0.9897405 
-1 3 113 160 0.38427675 
45 654 108 171 0.34589997 
19 663 170 286 0.26439983 
432 165 282 384 0.102861546 
563 110 27 35 0.08192197 
-16 417 209 333 0.079012305 
35 132 258 265 0.075934395 
185 103 309 406 0.0720118 
37 669 52 77 0.036868826 
-40 709 323 458 0.03628535 
-8 835 175 282 0.031636354 
412 612 70 57 0.02562819 
8 759 115 212 0.0252004 
53 667 65 99 0.02518823 
215 99 52 65 0.022350978 
66 150 31 39 0.021824026 
617 62 109 111 0.021802045 
193 104 95 113 0.021718128 
193 114 29 33 0.021378234 
-9 543 139 178 0.021358492 
-161 310 425 454 0.020977221 
51 877 176 285 0.020515773 
77 665 335 425 0.02002688 
