13_Interview_Interview_Sequences_13_541
43
484 249 22 29 0.9833823 
186 97 26 32 0.33071023 
751 326 11 15 0.24952187 
124 109 25 33 0.11287431 
960 79 11 14 0.1077283 
689 282 22 29 0.060521994 
897 113 16 20 0.04622599 
27 87 18 22 0.042183567 
155 83 13 17 0.039142158 
752 278 10 12 0.03804949 
92 97 25 30 0.03514496 
438 223 10 13 0.031491503 
346 413 31 35 0.03037572 
475 235 37 47 0.029906327 
131 99 17 21 0.029786194 
750 319 11 16 0.028700711 
749 321 19 24 0.028239548 
750 307 10 15 0.027775967 
699 372 17 21 0.027450787 
74 95 16 21 0.027304357 
686 312 24 36 0.026115887 
359 361 92 122 0.025291737 
344 253 10 13 0.024963072 
503 198 9 12 0.024154568 
91 113 25 31 0.02414127 
750 283 11 14 0.023789374 
68 89 17 21 0.023650132 
419 329 16 19 0.02320355 
533 294 11 14 0.023180388 
502 204 10 13 0.022911755 
630 103 9 12 0.021930559 
179 102 40 51 0.021519972 
599 133 10 12 0.021352928 
473 168 8 11 0.021118198 
146 81 23 29 0.021083057 
134 84 25 31 0.020803098 
214 89 14 19 0.020700177 
683 423 24 36 0.020638276 
187 94 17 23 0.02063377 
744 328 13 17 0.020610133 
484 306 14 19 0.020504957 
80 93 24 28 0.020146864 
419 342 30 34 0.020008229 
