13_Interview_Interview_Sequences_13_513
23
355 123 135 181 0.9984114 
502 13 13 17 0.1064504 
177 315 11 14 0.101674646 
140 256 24 31 0.051696755 
241 228 14 18 0.042595956 
482 2 15 17 0.03433375 
145 167 8 10 0.03246227 
508 16 11 15 0.03218706 
441 5 10 11 0.031116966 
490 126 92 205 0.029413654 
180 318 14 20 0.028604383 
424 0 11 11 0.026635306 
267 19 15 19 0.026591605 
223 300 12 14 0.026328404 
492 7 21 26 0.025225604 
689 0 18 16 0.024579238 
109 342 12 13 0.023744987 
148 159 8 11 0.023488954 
467 261 69 78 0.021531174 
200 207 11 16 0.021357823 
496 16 12 16 0.020942662 
174 306 20 27 0.020716842 
404 138 217 259 0.020058217 
