13_Interview_Interview_On_Location_13_569
82
247 370 349 483 0.9986149 
860 647 34 41 0.77715796 
762 607 26 35 0.7099914 
724 333 62 67 0.31595936 
797 607 46 58 0.19619283 
752 133 196 264 0.17883888 
791 620 23 32 0.16800648 
691 795 475 610 0.16269387 
776 615 25 32 0.14622906 
681 320 49 57 0.1406159 
804 623 26 38 0.12334431 
733 708 30 39 0.115586124 
116 291 352 508 0.094749086 
897 684 33 40 0.093894824 
789 203 114 168 0.086298846 
702 55 351 394 0.08492898 
810 696 26 34 0.08125358 
420 881 422 473 0.08098329 
780 604 17 21 0.07582415 
723 279 117 127 0.07470027 
765 663 41 61 0.07340572 
785 680 23 36 0.07189598 
815 659 25 31 0.07069812 
735 303 71 77 0.06429317 
751 254 32 39 0.06344196 
728 663 29 38 0.058303438 
758 612 19 26 0.057473022 
774 656 23 35 0.053118046 
820 628 27 36 0.05156887 
807 604 28 39 0.046127893 
696 344 55 63 0.042681277 
767 304 38 34 0.042239144 
840 777 32 27 0.041357674 
829 733 34 40 0.03891179 
789 653 14 19 0.038591556 
816 238 70 98 0.03822018 
859 666 35 40 0.037653867 
734 294 32 35 0.03635464 
773 651 16 21 0.036186032 
84 49 490 620 0.035378374 
786 611 14 20 0.0346689 
491 8 411 464 0.03432112 
833 629 25 32 0.033054583 
707 242 107 117 0.03257455 
739 677 19 23 0.032048278 
716 364 60 68 0.032012068 
817 693 18 21 0.0292897 
740 339 37 45 0.02880466 
738 636 79 104 0.02850642 
681 295 95 101 0.0280781 
782 732 23 37 0.027812261 
721 238 58 61 0.02774519 
731 328 33 40 0.027478794 
843 634 14 19 0.027208185 
811 674 29 35 0.026623188 
760 279 66 85 0.02653236 
791 680 42 52 0.025940584 
858 741 31 37 0.025915464 
691 372 51 73 0.0253906 
848 732 31 37 0.024859762 
818 609 16 21 0.023835203 
744 692 88 115 0.023615154 
810 666 19 23 0.02343478 
824 755 31 36 0.023349676 
739 768 23 32 0.023341637 
788 653 24 32 0.022661062 
667 351 87 121 0.022559522 
733 252 64 70 0.022487842 
763 681 52 77 0.021587543 
717 333 33 47 0.021522906 
817 624 18 25 0.02132948 
708 645 51 60 0.020984216 
764 662 26 41 0.020757804 
811 605 18 21 0.020693265 
748 324 33 38 0.020641478 
53 754 350 487 0.020513453 
785 597 16 19 0.020430686 
701 246 29 34 0.02037055 
785 632 27 33 0.020336058 
801 666 25 34 0.020176567 
746 920 240 390 0.02013574 
746 664 27 39 0.020086983 
