13_Interview_Interview_On_Location_13_554
82
287 109 315 417 0.99706846 
226 268 572 560 0.77353555 
65 476 466 608 0.61375344 
260 1048 417 451 0.4785504 
691 76 53 61 0.3537869 
509 670 421 522 0.33348668 
948 65 49 69 0.27880043 
428 979 386 461 0.26576403 
827 17 69 95 0.25943914 
952 496 59 97 0.22487101 
404 64 343 450 0.16629018 
947 174 55 82 0.14110272 
500 411 341 439 0.12058898 
824 186 56 70 0.11127624 
566 161 204 287 0.10518882 
730 0 63 61 0.10471394 
947 65 30 43 0.07760849 
819 52 62 80 0.075410664 
831 305 58 76 0.06929147 
299 584 382 524 0.06273834 
949 537 50 85 0.056490794 
762 5 58 59 0.05217905 
897 175 48 67 0.05109835 
880 187 87 106 0.05073018 
948 179 33 52 0.05023307 
664 1198 148 116 0.047970396 
662 71 75 90 0.04425319 
859 25 60 82 0.044074006 
96 751 383 517 0.04370312 
926 197 60 82 0.04369667 
795 9 59 64 0.041999385 
588 906 270 414 0.04130377 
961 375 57 94 0.041274782 
888 292 49 68 0.036649514 
934 87 55 77 0.035900645 
847 109 50 70 0.03486492 
957 622 58 104 0.034568105 
770 53 50 60 0.034271386 
945 35 76 116 0.032790408 
899 474 52 66 0.03232866 
854 162 74 102 0.032098472 
815 214 58 74 0.03177768 
890 44 54 71 0.030942893 
926 475 54 71 0.03070588 
819 86 55 74 0.030604806 
928 110 83 116 0.02993728 
567 1095 123 148 0.029848091 
825 283 51 74 0.02872635 
221 1048 116 157 0.028121864 
927 566 55 76 0.027071163 
707 0 56 60 0.026941353 
835 445 52 72 0.026729222 
697 49 55 67 0.02634537 
625 61 83 110 0.02591234 
950 282 55 88 0.025865324 
916 563 35 44 0.025735047 
914 53 51 71 0.02567822 
4 988 348 475 0.025578057 
917 109 55 72 0.025424838 
817 0 59 60 0.024815423 
849 218 60 73 0.024789443 
892 145 80 109 0.02459889 
751 24 51 67 0.024521926 
250 1218 64 65 0.024126409 
782 31 55 71 0.023934841 
730 52 49 63 0.023660138 
719 75 50 59 0.023446733 
927 30 55 77 0.023074178 
957 413 52 82 0.022603093 
617 0 64 51 0.02254005 
938 309 50 71 0.022183193 
789 563 33 44 0.02206791 
827 344 56 74 0.021413498 
988 5 34 41 0.02141108 
855 332 61 70 0.02124237 
945 587 53 84 0.021141699 
831 154 56 78 0.021121318 
892 9 56 71 0.021013232 
875 1 57 61 0.020973912 
585 45 65 97 0.020827532 
875 229 55 69 0.02068634 
909 496 54 70 0.020684619 
