13_Interview_Interview_On_Location_13_728
19
-29 298 548 585 0.9991689 
199 241 408 538 0.984669 
355 868 459 576 0.6991886 
-1 107 433 545 0.3253056 
381 257 416 528 0.30753335 
146 415 586 580 0.18743578 
339 13 403 517 0.16775526 
682 450 129 157 0.15264426 
501 1108 50 60 0.13470253 
565 40 418 517 0.07352739 
160 20 381 516 0.07223124 
570 882 405 495 0.048956014 
572 374 232 286 0.044907514 
-79 797 440 533 0.041431077 
683 383 208 268 0.031991303 
420 1163 63 80 0.025457151 
479 1083 82 115 0.024901858 
591 1073 52 61 0.023309873 
694 993 32 53 0.021683427 
