13_Interview_Interview_Sequences_13_557
84
505 351 85 100 0.98179895 
88 219 10 12 0.102041855 
102 146 10 14 0.07926996 
766 426 14 16 0.07625586 
139 155 12 15 0.07349443 
80 413 10 13 0.072803676 
246 422 13 15 0.06793478 
125 149 11 13 0.06463526 
111 403 10 13 0.0642151 
135 149 12 16 0.05641536 
876 77 10 13 0.056175996 
23 351 9 11 0.05544016 
71 222 10 11 0.053983398 
252 631 15 21 0.050156537 
94 267 9 12 0.04772904 
93 220 9 12 0.045885798 
939 302 17 22 0.045039296 
742 388 11 15 0.044319812 
84 175 10 13 0.04179555 
1011 437 11 17 0.041726854 
240 423 12 14 0.041276444 
140 350 11 15 0.040825192 
74 150 9 11 0.04060693 
111 237 8 11 0.040486634 
105 286 8 11 0.03859197 
89 268 9 11 0.03773928 
25 382 9 11 0.035742246 
1012 294 11 20 0.03478276 
96 207 8 10 0.0343078 
129 132 10 12 0.03372106 
837 5 11 13 0.03360742 
121 29 24 32 0.03236133 
104 302 8 10 0.031593755 
534 325 92 120 0.031374052 
81 240 9 10 0.031226188 
800 52 11 15 0.031103471 
120 191 9 12 0.030900052 
487 534 14 17 0.030731918 
78 418 11 13 0.030104062 
77 158 9 11 0.028643845 
4 173 13 17 0.028511511 
1 130 10 15 0.02831258 
847 63 8 11 0.027714018 
622 579 23 29 0.0266716 
953 72 8 11 0.026624912 
78 407 9 13 0.026368892 
972 298 16 21 0.026024291 
871 60 10 12 0.02570806 
119 196 10 13 0.025663255 
132 178 12 14 0.025498066 
0 177 12 16 0.02532619 
140 161 13 16 0.024917694 
988 402 13 20 0.024708215 
826 63 9 11 0.024554636 
128 179 11 13 0.024494132 
31 406 9 12 0.024346875 
103 135 10 12 0.024291096 
215 326 13 16 0.02428482 
126 172 14 15 0.024133472 
1005 385 13 18 0.023899274 
69 170 10 14 0.023739686 
141 365 63 63 0.023377309 
931 300 27 37 0.02317899 
221 329 13 17 0.023125997 
241 418 23 24 0.023026643 
100 187 11 14 0.022996347 
55 352 10 11 0.02288004 
40 366 9 11 0.022828106 
72 411 10 13 0.022685533 
110 301 8 10 0.0226367 
117 404 10 13 0.022159377 
132 145 22 27 0.02186318 
990 390 12 17 0.021805175 
125 260 11 14 0.021782352 
143 224 11 13 0.021556243 
101 154 11 14 0.021507263 
92 436 15 16 0.021435542 
101 180 11 14 0.021378681 
118 265 10 14 0.0212781 
31 398 9 11 0.021127095 
109 180 10 13 0.021037878 
105 293 9 11 0.020687535 
103 231 9 12 0.02039727 
25 182 8 11 0.020273667 
