13_Interview_Interview_2_People_Visible_13_254
35
449 30 96 134 0.99875844 
371 138 94 165 0.99838746 
728 218 51 71 0.9972766 
613 2 86 82 0.54580474 
682 113 25 34 0.1275007 
227 129 38 45 0.08112122 
782 164 23 32 0.080883026 
509 219 45 68 0.07896894 
726 156 14 18 0.05352971 
394 78 113 186 0.049422108 
351 10 77 61 0.0461693 
652 100 15 20 0.045630746 
552 167 59 60 0.04069569 
728 162 16 19 0.036080744 
230 199 117 125 0.035779897 
657 105 17 22 0.03481871 
694 148 15 19 0.032729514 
289 4 122 95 0.031683538 
572 -1 46 34 0.028700678 
529 216 36 46 0.028129682 
652 89 14 18 0.02738256 
215 18 56 64 0.026354352 
654 111 25 33 0.025672635 
602 128 50 50 0.02460312 
272 133 186 195 0.024403775 
570 184 30 34 0.023612913 
646 37 56 66 0.0233924 
667 9 63 63 0.022198074 
666 113 16 22 0.022145743 
651 111 16 22 0.021964649 
529 188 56 62 0.021290474 
645 95 48 52 0.020801539 
591 95 57 66 0.020674104 
672 -26 206 226 0.020460926 
644 86 26 33 0.020007214 
