13_Interview_Interview_2_People_Visible_13_252
124
618 29 63 83 0.99968195 
872 10 63 87 0.9993554 
32 29 51 67 0.9980762 
864 525 32 38 0.99777895 
111 555 43 57 0.99634415 
84 287 27 34 0.99612516 
805 273 34 43 0.99289495 
328 560 43 54 0.99120754 
578 509 33 42 0.9871967 
225 15 30 36 0.9828393 
436 13 23 28 0.98203593 
501 282 26 31 0.9761109 
273 267 21 26 0.8005017 
20 261 25 30 0.581656 
29 331 21 26 0.33578134 
798 360 57 54 0.3208592 
981 402 16 22 0.25909823 
301 364 26 32 0.2414859 
121 6 29 36 0.20347871 
340 315 13 16 0.18694103 
977 373 18 22 0.13693331 
346 369 16 19 0.13189988 
549 349 12 15 0.13145518 
457 289 26 34 0.12330606 
988 321 16 21 0.10914282 
296 298 21 29 0.10485669 
325 351 14 21 0.10266842 
570 308 25 32 0.09493887 
51 328 25 31 0.086984366 
217 140 16 19 0.08556799 
725 311 16 21 0.083345674 
368 307 14 18 0.08205224 
162 357 12 16 0.08125691 
307 299 17 24 0.07954432 
461 284 15 16 0.07651964 
957 403 23 28 0.07250696 
435 68 35 45 0.0724122 
233 387 25 34 0.06794897 
346 314 13 15 0.06775412 
628 294 25 32 0.06754151 
626 312 16 19 0.0670758 
386 298 14 19 0.06581161 
649 295 17 22 0.065112 
989 397 24 29 0.06504472 
28 304 16 19 0.058991976 
221 343 10 13 0.058766928 
250 254 16 20 0.054633193 
273 346 15 21 0.05452141 
187 339 16 19 0.053863347 
931 320 26 34 0.053780276 
627 351 17 21 0.053746536 
245 342 16 20 0.05343832 
990 325 23 30 0.051077284 
913 361 15 20 0.049401212 
917 426 15 18 0.04936531 
121 60 27 36 0.046639204 
968 402 21 26 0.045741066 
142 346 21 28 0.045617636 
732 294 13 16 0.04446175 
146 112 31 36 0.04227903 
90 49 39 55 0.04167647 
108 59 29 36 0.04094685 
259 338 23 29 0.040737372 
38 328 24 28 0.040153503 
542 325 15 18 0.03998726 
285 299 23 28 0.03812296 
743 306 16 20 0.038052127 
765 262 31 47 0.037927143 
312 354 24 33 0.03706662 
726 297 23 31 0.03701639 
724 76 16 23 0.03631659 
36 301 14 17 0.03465801 
413 361 13 19 0.03462987 
326 396 13 16 0.0341831 
22 337 16 20 0.033499505 
336 390 11 14 0.032701418 
199 276 12 15 0.031512696 
257 257 15 19 0.03125328 
628 545 18 22 0.030278329 
979 314 40 51 0.03024134 
339 303 21 26 0.030133884 
544 349 21 27 0.029939508 
559 271 12 16 0.028866734 
622 319 15 19 0.028695893 
915 423 27 31 0.028262695 
482 380 18 20 0.028150758 
593 562 59 64 0.028140858 
346 297 16 20 0.027346756 
23 315 15 18 0.02683058 
561 75 20 32 0.02674193 
291 345 42 49 0.026550915 
949 338 14 19 0.026046129 
26 324 17 21 0.025889304 
998 337 16 20 0.02556929 
979 382 24 30 0.025450738 
332 307 20 27 0.025288073 
86 339 22 28 0.024825541 
632 346 18 21 0.024527788 
807 327 60 71 0.024227884 
136 354 22 31 0.02392467 
558 78 10 17 0.0239181 
243 351 16 20 0.023580506 
938 312 16 20 0.023485817 
769 345 29 38 0.023409741 
281 262 23 29 0.022871058 
312 304 19 29 0.022476345 
467 389 11 13 0.022444598 
261 10 15 20 0.022374768 
874 334 24 33 0.021814598 
48 361 18 22 0.02145282 
5 0 24 30 0.021351095 
643 300 18 22 0.02130284 
248 329 24 32 0.021174202 
1000 402 17 21 0.02115881 
549 314 14 17 0.021145845 
230 367 30 37 0.020826897 
451 390 12 13 0.02078638 
983 328 16 21 0.02075179 
987 336 27 34 0.0207245 
984 368 18 21 0.020723097 
10 335 23 29 0.020589925 
541 587 51 67 0.020289982 
635 323 15 19 0.020211479 
240 442 26 27 0.020051766 
