13_Interview_Interview_On_Location_13_636
27
186 40 58 76 0.99881434 
799 115 32 42 0.9934669 
724 110 32 46 0.9870979 
829 179 52 74 0.10951017 
845 627 15 18 0.0424997 
624 68 9 12 0.041789066 
692 116 24 29 0.039631728 
80 242 38 43 0.03626181 
640 93 9 12 0.027244978 
935 345 22 30 0.027189245 
855 284 218 234 0.026831523 
650 78 7 10 0.026657876 
838 119 14 18 0.024313439 
692 69 11 13 0.024151828 
721 22 8 11 0.023688553 
846 78 10 13 0.023308268 
673 104 9 12 0.023201492 
647 88 9 11 0.023009183 
889 322 27 34 0.022220014 
703 78 9 11 0.021754203 
19 26 117 124 0.021750836 
932 404 22 28 0.021603951 
655 70 10 11 0.021111157 
759 136 25 33 0.02092723 
683 121 27 32 0.0206429 
689 64 10 11 0.020334775 
940 378 12 15 0.020264788 
