13_Interview_Interview_Sequences_13_3
186
178 35 354 479 0.9995902 
846 8 56 79 0.7857358 
833 360 24 31 0.5029513 
897 420 28 38 0.3804605 
920 536 33 37 0.26839668 
617 265 14 19 0.2620328 
733 392 22 28 0.26068458 
864 401 20 22 0.2512824 
778 386 16 21 0.20378675 
722 439 26 31 0.19799544 
582 276 15 21 0.18936864 
801 426 26 34 0.1745355 
959 71 15 17 0.16499992 
888 429 32 46 0.13828664 
703 370 13 18 0.1275259 
646 384 23 28 0.118854485 
687 276 11 15 0.10775426 
972 128 16 21 0.10585736 
647 278 12 15 0.10127474 
74 555 14 17 0.09444943 
678 304 12 16 0.0877694 
644 303 17 21 0.079638846 
723 233 13 16 0.07921174 
693 257 14 20 0.07874226 
893 280 13 17 0.07694078 
584 242 11 15 0.075491816 
622 34 16 21 0.07422364 
704 393 23 32 0.07103902 
906 428 30 44 0.069761276 
741 387 22 31 0.066472396 
849 396 24 30 0.06450734 
837 391 25 33 0.064482756 
675 399 28 35 0.06422726 
897 386 26 33 0.06156748 
1012 253 11 18 0.060492907 
622 348 14 19 0.059272576 
639 308 12 17 0.05869382 
562 39 18 24 0.055500202 
685 267 14 19 0.054211173 
832 372 29 37 0.054198142 
793 434 25 33 0.052977838 
739 306 12 14 0.051912714 
797 354 16 20 0.051464465 
1005 68 14 19 0.05060403 
619 78 14 18 0.05046838 
846 349 24 35 0.04891378 
717 388 13 17 0.047339544 
861 342 21 26 0.046343338 
861 334 13 16 0.046224497 
952 372 13 16 0.046210606 
854 151 22 28 0.045742504 
773 390 15 19 0.0456621 
995 255 16 21 0.04506732 
990 253 14 18 0.044868864 
632 244 11 14 0.044710964 
630 261 11 15 0.044248167 
647 305 23 28 0.044233825 
698 366 22 28 0.04322542 
583 272 13 15 0.042623565 
832 453 22 29 0.042075735 
876 306 11 15 0.04058082 
992 463 26 42 0.04045881 
77 277 10 14 0.03920032 
854 0 85 125 0.03894648 
893 381 41 53 0.0389089 
37 261 12 18 0.038010407 
655 244 12 15 0.03799183 
643 279 21 26 0.03797104 
644 290 22 26 0.037763774 
884 341 13 16 0.03739253 
631 251 11 15 0.037211716 
1003 252 20 29 0.037031353 
645 270 13 17 0.03648416 
802 319 16 18 0.036359303 
868 324 13 15 0.036197506 
678 274 15 17 0.036075566 
838 413 24 32 0.035629973 
908 387 27 33 0.035308085 
926 281 16 20 0.0350896 
662 330 15 19 0.03442488 
724 242 13 17 0.033814617 
879 446 31 42 0.033335403 
747 389 13 18 0.03324616 
605 66 22 30 0.033204086 
93 229 98 121 0.032379635 
620 344 24 30 0.031516217 
925 396 15 21 0.03131374 
866 383 36 46 0.031225549 
1011 225 13 19 0.031158466 
907 403 47 60 0.030689083 
816 429 18 24 0.030595351 
661 249 14 18 0.030374032 
949 247 21 29 0.030246152 
846 419 23 32 0.030183341 
950 123 15 19 0.02988612 
681 232 22 27 0.029622981 
810 136 9 10 0.029481182 
942 111 14 18 0.029379485 
726 398 19 22 0.029225823 
636 249 13 16 0.02886355 
670 300 14 19 0.028843584 
827 311 16 19 0.028743189 
782 374 15 18 0.02853249 
948 111 15 20 0.028378699 
757 393 15 20 0.02833188 
621 242 13 15 0.028210867 
847 17 37 47 0.028067563 
722 389 14 18 0.028050814 
726 251 13 16 0.028030615 
24 191 10 14 0.027877823 
884 267 25 30 0.027757648 
602 64 16 19 0.027700389 
978 468 26 38 0.027443232 
710 385 23 30 0.027117638 
575 270 11 13 0.026629312 
615 246 11 13 0.025929196 
833 490 17 23 0.025903651 
844 430 16 21 0.025710562 
999 453 21 32 0.02566274 
578 243 10 14 0.025569918 
749 309 13 16 0.025566593 
685 245 21 27 0.025566299 
786 421 42 54 0.025386974 
962 121 22 29 0.02517113 
958 346 14 19 0.024953464 
667 334 16 22 0.02486771 
636 389 22 28 0.024460841 
973 429 14 17 0.024445483 
795 257 13 15 0.024379496 
668 325 14 18 0.024276188 
843 368 26 32 0.024269376 
708 231 15 19 0.024157016 
1013 59 11 17 0.024115667 
676 314 13 17 0.024109872 
976 247 24 28 0.024092045 
980 251 14 17 0.024043629 
827 347 26 33 0.024022283 
764 395 13 17 0.024004646 
606 247 12 13 0.023924764 
686 271 21 30 0.023881497 
670 26 14 18 0.023879891 
685 392 28 35 0.023804946 
626 29 14 18 0.023778003 
573 276 20 29 0.023698209 
812 305 15 19 0.023653574 
652 324 22 29 0.023557227 
715 226 19 25 0.023470838 
882 254 26 31 0.023435572 
636 299 15 19 0.02312613 
979 219 13 15 0.023084966 
803 350 25 31 0.022970317 
695 378 26 34 0.022816384 
583 251 12 14 0.022673838 
587 125 11 15 0.022644158 
841 450 25 33 0.02254137 
866 331 16 18 0.022479942 
735 243 13 16 0.022477252 
885 21 32 50 0.022392321 
631 223 10 12 0.022216095 
629 305 14 17 0.022114404 
611 11 13 18 0.0220064 
655 332 48 57 0.02200568 
675 31 14 18 0.02191899 
897 443 32 44 0.021895671 
627 314 103 124 0.021876695 
726 406 26 33 0.0218097 
28 160 16 22 0.021581002 
625 255 20 27 0.021508528 
809 428 41 52 0.021258036 
757 361 15 19 0.021123957 
860 364 25 30 0.02103814 
824 422 22 29 0.020995812 
763 384 22 30 0.020938976 
975 214 11 15 0.020907385 
872 394 19 22 0.020841883 
675 325 12 15 0.020773437 
824 134 9 10 0.020722391 
846 380 26 34 0.020717787 
20 364 31 42 0.020706397 
874 29 96 130 0.020686291 
849 361 14 20 0.02065328 
854 335 22 28 0.020604499 
668 275 14 16 0.02043927 
732 301 20 26 0.02029102 
110 372 12 14 0.020195728 
67 22 13 17 0.020172916 
