13_Interview_Interview_Sequences_13_929
38
485 157 59 75 0.9997936 
174 165 69 91 0.9907967 
795 169 82 108 0.9864222 
65 162 79 111 0.92493916 
854 290 86 139 0.43000406 
2 79 62 78 0.31664145 
767 258 45 49 0.25760087 
232 334 53 46 0.17211306 
597 289 16 21 0.12757204 
109 162 73 104 0.09674366 
733 261 29 30 0.057861093 
4 163 47 87 0.054251283 
765 204 85 97 0.050957363 
153 173 61 78 0.04727391 
12 177 81 121 0.046134695 
3 123 49 91 0.03623204 
138 180 38 62 0.036045883 
544 300 12 13 0.03506375 
737 276 20 21 0.03131125 
421 284 15 19 0.030958446 
-3 237 107 166 0.029272694 
464 361 15 21 0.029152563 
728 287 31 35 0.028469592 
833 311 73 96 0.028452255 
718 251 36 39 0.02823119 
739 254 45 46 0.0278561 
824 162 88 132 0.026581006 
612 320 14 17 0.026512785 
525 333 11 15 0.02550565 
209 316 91 83 0.024054758 
23 92 36 44 0.023787586 
512 416 46 59 0.023629054 
884 284 111 160 0.02287325 
702 126 12 15 0.021328887 
592 316 12 14 0.021271357 
590 291 25 31 0.020480309 
427 291 12 16 0.02033716 
191 340 62 50 0.02004472 
