13_Interview_Interview_On_Location_13_921
143
752 392 28 35 0.9995172 
660 387 24 33 0.9991487 
201 390 22 26 0.97610563 
937 386 22 32 0.95056796 
963 333 15 18 0.18908256 
638 350 23 30 0.17716381 
687 381 13 18 0.16576535 
92 362 15 20 0.122338764 
640 398 12 16 0.11986116 
622 373 10 14 0.10659417 
965 378 15 21 0.10362031 
702 358 11 14 0.10178929 
116 357 14 17 0.095948465 
256 416 12 16 0.09443588 
973 332 13 18 0.093449675 
701 386 19 25 0.0922432 
152 366 11 14 0.09034893 
813 327 10 11 0.09007064 
582 363 12 13 0.085091956 
788 405 15 19 0.079587765 
185 356 14 19 0.0792633 
184 396 12 16 0.0791768 
559 355 10 14 0.07876616 
695 375 10 14 0.076740064 
443 353 15 19 0.071067624 
94 384 13 16 0.07099862 
155 372 10 14 0.070932634 
495 362 15 17 0.069000505 
151 355 12 14 0.06455824 
731 355 15 19 0.059053563 
550 351 10 13 0.055271734 
588 380 12 17 0.053954635 
543 354 12 16 0.053504955 
961 350 17 21 0.05265298 
269 364 12 15 0.051293354 
452 355 14 17 0.051046543 
696 363 11 14 0.050569337 
645 335 10 11 0.048158374 
635 397 21 28 0.047258493 
571 374 15 18 0.044915825 
952 374 24 33 0.044761695 
125 362 12 15 0.044169974 
454 389 12 17 0.043588843 
459 416 13 18 0.043534353 
419 350 15 21 0.043085314 
709 382 13 15 0.04277902 
550 363 11 14 0.042548746 
630 351 10 13 0.042382818 
863 350 11 14 0.041278895 
974 346 13 19 0.041140717 
542 380 12 16 0.040075883 
700 411 15 17 0.039953038 
222 397 12 16 0.03896707 
278 381 10 13 0.038348746 
183 369 13 17 0.03832674 
679 354 11 14 0.03825311 
71 379 11 12 0.03816601 
438 362 14 18 0.03810723 
259 368 15 20 0.037742604 
139 365 13 15 0.037614815 
584 340 11 13 0.03760798 
708 357 9 12 0.03663596 
691 382 16 20 0.03637415 
690 407 17 20 0.03620428 
649 353 16 19 0.03572867 
619 545 12 18 0.035472058 
148 395 11 15 0.035311073 
936 383 13 20 0.03505214 
740 361 14 20 0.034999855 
77 379 11 14 0.034861628 
521 358 9 11 0.03480528 
581 373 14 17 0.03462359 
598 382 10 15 0.033980936 
192 390 20 26 0.0338944 
501 385 12 16 0.0336668 
496 381 12 16 0.03249311 
847 373 10 13 0.03226109 
222 408 14 19 0.031762574 
230 396 13 15 0.031739645 
629 332 10 12 0.03137833 
278 372 11 14 0.03050201 
240 373 10 15 0.029499695 
672 378 22 29 0.029438077 
147 416 13 19 0.029338524 
948 483 35 41 0.029296728 
961 359 17 22 0.029285504 
686 348 12 14 0.028549057 
662 370 13 16 0.028177997 
565 351 9 12 0.028132284 
969 384 15 20 0.02798611 
541 375 11 14 0.02786619 
254 398 9 12 0.027294321 
556 361 13 16 0.027274432 
641 60 129 148 0.027120108 
685 356 11 13 0.027027981 
638 349 15 19 0.027018884 
178 349 24 29 0.026416713 
656 342 11 14 0.026270678 
280 387 11 13 0.02610434 
435 308 12 15 0.0258579 
254 404 10 13 0.025635028 
559 342 9 11 0.025451057 
303 371 11 14 0.025220333 
543 363 12 15 0.02510715 
246 349 9 12 0.02498823 
166 338 10 15 0.024943693 
565 357 10 12 0.024797319 
427 348 21 28 0.024723753 
290 509 10 14 0.02456456 
696 398 23 26 0.024476284 
246 358 10 13 0.024452494 
149 377 13 14 0.024276154 
280 341 10 13 0.024098812 
987 463 15 17 0.023299724 
238 350 11 14 0.023297315 
237 390 12 14 0.02303776 
866 356 11 15 0.022933768 
582 374 20 28 0.022851037 
526 364 10 12 0.022731714 
240 380 11 14 0.022647567 
535 379 13 16 0.022529734 
566 340 8 12 0.021915177 
545 349 19 26 0.021906573 
660 347 12 17 0.0218492 
575 364 12 14 0.02169891 
543 342 9 12 0.021680754 
672 348 12 16 0.021590088 
222 350 13 16 0.021538937 
260 377 12 15 0.021499198 
263 359 14 17 0.021496013 
643 340 13 15 0.021460291 
211 390 21 27 0.021428477 
649 372 23 30 0.021182392 
436 390 16 23 0.021054078 
789 414 14 18 0.02103534 
188 389 14 19 0.020999659 
225 400 15 19 0.02099302 
963 387 17 23 0.020762248 
640 333 10 12 0.020707132 
112 388 11 14 0.02048943 
543 401 11 15 0.020422839 
484 357 14 17 0.020072477 
586 359 12 15 0.020019434 
