13_Interview_Interview_Sequences_13_717
98
294 178 173 234 0.99828327 
628 160 77 102 0.9642175 
846 277 19 25 0.906643 
130 302 21 27 0.89696455 
681 449 15 22 0.8326985 
603 406 24 30 0.8112378 
72 308 18 22 0.61651266 
649 465 23 32 0.5634462 
806 403 23 28 0.42955092 
163 421 16 22 0.31745794 
298 143 18 22 0.25538027 
901 319 21 27 0.24376936 
643 135 15 17 0.20350856 
155 107 24 31 0.15765618 
690 450 16 20 0.087161906 
499 385 28 31 0.083071776 
158 490 13 16 0.08165126 
337 474 28 37 0.07824727 
849 353 17 20 0.07089314 
946 325 11 14 0.07054249 
685 360 16 20 0.056920853 
698 450 16 21 0.05323134 
833 459 27 39 0.051319152 
92 142 22 31 0.05021291 
878 336 13 18 0.049192935 
128 387 12 16 0.048938256 
908 309 13 15 0.048754666 
157 351 15 23 0.0484165 
395 622 9 11 0.046814464 
927 329 13 16 0.045922276 
845 271 16 19 0.0441828 
381 623 8 10 0.042494476 
927 68 11 15 0.042452917 
927 343 12 15 0.041329194 
673 338 46 59 0.040506437 
251 167 12 17 0.039028015 
692 437 13 16 0.03760692 
173 376 21 25 0.03735031 
321 624 11 15 0.03714282 
261 519 30 38 0.036872935 
163 411 18 22 0.03523036 
62 304 17 23 0.03511764 
658 460 25 33 0.034772504 
390 638 12 14 0.033782907 
382 628 9 11 0.03302296 
333 71 230 296 0.032952383 
667 493 16 20 0.032696202 
204 308 26 31 0.032275178 
915 322 14 20 0.03222296 
353 624 9 11 0.031911783 
163 403 17 18 0.029566629 
241 -42 382 507 0.029327804 
861 370 13 17 0.029129138 
283 140 16 18 0.02843509 
253 156 38 54 0.02830832 
618 415 15 21 0.028295372 
921 61 9 13 0.02815368 
668 453 22 29 0.028099094 
177 72 8 11 0.028052086 
693 452 25 33 0.028027466 
511 382 20 26 0.027397422 
69 80 24 36 0.027026761 
911 78 12 14 0.026741378 
93 325 12 15 0.026432287 
651 463 15 20 0.026291702 
661 147 58 87 0.026102824 
152 399 24 27 0.025888259 
391 631 10 11 0.025548784 
249 225 15 19 0.02549418 
687 439 12 15 0.025143158 
113 335 17 22 0.02511065 
832 460 13 19 0.024926204 
589 154 14 18 0.024905037 
17 242 386 512 0.024835035 
657 475 27 34 0.024527125 
636 378 42 39 0.02432193 
389 410 16 17 0.024252146 
707 325 380 432 0.024155185 
556 146 15 18 0.023982385 
688 328 26 38 0.023850342 
385 146 133 175 0.023803968 
152 421 22 27 0.02364248 
941 301 9 13 0.023626696 
574 134 11 14 0.023158962 
432 116 118 168 0.022952985 
392 616 8 9 0.022905864 
939 362 14 23 0.022886114 
653 382 50 48 0.022880644 
816 401 16 21 0.022416057 
65 294 26 32 0.02229466 
703 460 23 29 0.022017207 
860 357 14 17 0.021915391 
478 442 48 68 0.021814918 
257 189 16 24 0.02145125 
932 346 12 16 0.021365937 
124 194 29 37 0.021342304 
69 315 17 22 0.020148197 
565 141 13 18 0.02012245 
