35_Basketball_basketballgame_ball_35_709
1474
883 1009 30 39 0.9995326 
768 997 32 42 0.99932384 
222 1007 35 44 0.9987703 
63 990 30 36 0.9977393 
180 982 35 44 0.9975992 
136 960 26 32 0.9947519 
286 992 32 42 0.9945733 
37 988 27 35 0.99427646 
529 404 60 71 0.99339384 
172 940 24 28 0.9931463 
347 964 30 37 0.9909417 
3 1004 35 45 0.9899888 
898 980 25 31 0.9869838 
850 918 22 29 0.98463655 
3 967 23 31 0.98303163 
782 713 16 20 0.9817457 
245 929 25 31 0.9800654 
939 982 24 27 0.97700423 
1002 996 24 38 0.9764767 
994 930 21 28 0.9700041 
862 976 24 29 0.96602184 
26 774 21 27 0.96272045 
925 806 20 27 0.96161413 
323 777 21 28 0.9578407 
241 734 19 25 0.94964236 
906 926 20 25 0.92981666 
181 562 17 22 0.92525727 
910 955 20 24 0.92332894 
106 829 21 27 0.91212714 
869 861 18 24 0.9058011 
415 754 20 26 0.904104 
230 685 16 21 0.90172666 
973 832 20 26 0.90138775 
302 554 16 21 0.9001191 
899 674 15 22 0.8964933 
931 907 20 25 0.89339393 
290 624 16 21 0.8863191 
4 605 27 33 0.88149476 
307 805 20 26 0.8813532 
55 960 23 28 0.8784296 
354 555 17 22 0.87611204 
137 821 25 30 0.8585654 
297 686 19 24 0.8557204 
984 779 19 24 0.8507918 
322 703 19 24 0.84907675 
785 976 26 35 0.84563 
216 603 18 23 0.8419913 
261 775 21 27 0.83883756 
47 626 24 30 0.83186966 
828 720 19 24 0.82939196 
915 864 20 26 0.82728386 
494 989 31 42 0.8222539 
971 905 20 27 0.82080543 
860 811 18 23 0.81889826 
80 566 17 22 0.81261057 
993 975 31 39 0.81178933 
108 643 17 23 0.8115873 
998 812 21 26 0.8109879 
949 683 17 23 0.8029228 
945 654 18 23 0.80145216 
54 804 21 27 0.7828213 
974 579 14 18 0.7760573 
926 732 16 20 0.7630808 
439 704 16 22 0.7475175 
227 482 18 23 0.74583393 
867 772 15 19 0.7350153 
926 582 18 24 0.73269564 
410 550 17 21 0.7315517 
390 582 17 22 0.7238463 
354 752 21 26 0.70750946 
244 626 17 22 0.70667547 
0 887 20 27 0.70300746 
219 759 18 21 0.6910224 
98 930 22 27 0.68980247 
127 422 13 16 0.681552 
60 595 17 22 0.6814174 
155 709 20 26 0.6725754 
426 639 21 28 0.6698841 
20 857 20 24 0.6613626 
264 984 30 37 0.65190387 
295 429 13 16 0.6400006 
202 791 18 24 0.6388324 
417 597 17 22 0.63422155 
422 474 14 18 0.63001025 
266 959 28 37 0.6248 
83 859 19 25 0.6101324 
751 490 14 19 0.6068142 
269 706 16 20 0.6062743 
242 550 18 21 0.60471 
263 660 16 20 0.60089487 
247 323 13 16 0.60012585 
637 632 63 81 0.5944716 
292 322 13 16 0.59390646 
11 557 17 20 0.59226483 
388 785 23 26 0.5917355 
162 584 16 23 0.5872089 
766 468 15 19 0.57568365 
362 717 18 22 0.57013 
881 735 17 22 0.56599396 
231 412 13 16 0.55342686 
763 415 16 20 0.55153 
302 457 15 20 0.5474967 
974 608 14 18 0.5425354 
147 673 15 20 0.54127204 
276 754 18 23 0.5178641 
329 645 17 21 0.5174096 
814 412 12 16 0.5170635 
881 580 14 19 0.51478684 
364 357 14 16 0.514657 
30 828 21 26 0.5129731 
858 894 19 25 0.51075995 
192 662 18 22 0.5091173 
301 730 19 23 0.5072848 
206 374 13 16 0.50504625 
391 628 17 21 0.49849197 
182 617 14 18 0.49696192 
791 643 18 23 0.49694097 
187 709 16 20 0.49575895 
226 894 23 31 0.49270338 
75 412 13 17 0.4915129 
978 697 17 21 0.48669985 
839 649 13 19 0.48609096 
975 758 22 27 0.4842976 
166 375 13 16 0.48244318 
370 644 17 23 0.47772977 
355 831 23 30 0.4668593 
773 692 14 18 0.46091476 
985 719 19 23 0.4607102 
346 489 16 21 0.45868948 
45 421 13 17 0.45573288 
109 407 13 15 0.44819614 
827 493 14 16 0.4419327 
7 325 11 13 0.42912677 
965 968 20 27 0.4193811 
833 775 15 20 0.4097327 
803 778 21 26 0.40131348 
645 598 69 63 0.3981522 
312 388 12 14 0.3926227 
800 808 18 23 0.38680086 
252 398 13 16 0.37952343 
106 960 26 35 0.373603 
675 573 25 33 0.36840737 
841 680 15 19 0.36719897 
260 581 18 23 0.3579294 
357 690 17 22 0.35678935 
76 335 12 14 0.35628328 
926 474 13 18 0.3524551 
131 625 14 18 0.34785149 
895 444 13 17 0.34147584 
98 976 23 30 0.3375266 
616 277 11 15 0.33382556 
244 356 12 14 0.3331675 
262 366 13 16 0.329623 
393 370 12 16 0.32484582 
108 333 13 16 0.32289657 
-1 812 13 21 0.32096213 
77 212 12 15 0.31660673 
186 735 16 21 0.31166384 
168 990 32 36 0.30907407 
1002 680 17 22 0.30792314 
672 593 35 34 0.30775568 
801 550 17 22 0.30634493 
87 394 14 17 0.3011651 
797 430 13 16 0.29904348 
925 778 16 19 0.2961549 
63 431 12 16 0.29028493 
155 470 12 15 0.29015538 
762 739 16 20 0.28992787 
148 355 12 15 0.28292403 
195 306 12 14 0.28185162 
373 667 14 20 0.28099898 
18 459 14 18 0.27990064 
55 350 11 16 0.27324688 
752 963 22 33 0.27227917 
276 412 12 15 0.26885784 
895 649 14 19 0.2687734 
254 613 15 18 0.26810178 
367 207 10 13 0.2679321 
888 468 11 15 0.26690853 
0 932 23 27 0.264652 
508 361 13 17 0.26094556 
370 382 12 15 0.25992146 
45 396 12 15 0.25941712 
411 409 12 16 0.25870243 
263 427 12 16 0.25683305 
211 970 24 31 0.25545123 
93 428 12 15 0.25341192 
856 468 11 15 0.25015244 
855 734 13 19 0.24982391 
225 367 11 14 0.24896853 
237 444 15 17 0.24721166 
85 493 12 14 0.2466735 
787 401 14 17 0.24407755 
777 667 16 20 0.24358071 
414 384 10 13 0.24311866 
911 307 10 12 0.24242534 
168 426 11 14 0.23843049 
788 483 14 18 0.23493093 
743 702 13 18 0.23456265 
507 936 20 25 0.23397675 
288 373 13 17 0.22715673 
230 383 11 13 0.22688001 
297 403 11 15 0.22475885 
313 860 24 33 0.22291373 
888 952 18 24 0.22264111 
184 477 12 15 0.22238256 
871 415 11 14 0.21959493 
721 571 16 19 0.21948954 
698 455 14 18 0.21803604 
108 361 12 16 0.2167419 
66 370 14 18 0.21656701 
789 311 12 15 0.21420658 
976 866 19 23 0.20965941 
952 482 14 16 0.20839262 
5 363 11 15 0.20823541 
807 671 14 18 0.20711306 
215 453 14 16 0.20623039 
661 238 9 12 0.20610526 
255 242 10 13 0.20462199 
886 703 17 22 0.20439924 
381 469 13 17 0.1985531 
738 300 12 15 0.19809003 
399 212 13 16 0.19710203 
654 579 59 54 0.19661094 
206 334 12 13 0.1963957 
390 399 10 13 0.19444677 
726 461 13 16 0.19157016 
318 468 13 17 0.19153297 
252 301 11 13 0.1897878 
321 668 15 19 0.18691953 
110 442 13 15 0.18600665 
247 615 22 27 0.18494889 
-1 746 16 33 0.183723 
333 275 13 17 0.1837156 
188 383 11 15 0.1826895 
122 961 25 34 0.18164738 
316 532 14 17 0.1813903 
277 483 12 15 0.1803117 
879 722 20 27 0.17675006 
349 462 12 16 0.17670171 
897 640 16 23 0.1762652 
371 654 17 22 0.17557469 
330 313 15 18 0.17276789 
707 254 12 14 0.17224397 
269 309 12 15 0.17179088 
892 992 27 35 0.17070904 
70 358 11 14 0.16971433 
817 1003 27 36 0.16881861 
267 338 12 15 0.16871992 
117 382 11 14 0.16847496 
308 601 15 20 0.1659677 
325 439 11 13 0.16460508 
166 397 12 15 0.16405785 
220 430 13 15 0.16207346 
151 779 24 28 0.15980235 
39 470 12 15 0.15920188 
317 419 12 15 0.15793474 
139 501 14 17 0.15777862 
835 430 13 15 0.15589902 
279 354 13 16 0.15337218 
909 838 17 20 0.15213075 
120 287 10 13 0.15197824 
198 551 17 21 0.14943747 
735 450 12 16 0.14870885 
381 347 12 15 0.14823875 
253 507 12 17 0.14791423 
375 473 16 19 0.14634824 
66 465 14 18 0.14521606 
117 325 12 15 0.14508322 
804 476 12 15 0.14473645 
23 364 13 16 0.14333256 
988 438 11 14 0.1433051 
394 865 26 34 0.14306949 
172 515 16 21 0.1428781 
229 294 9 13 0.14244658 
846 446 12 14 0.1417852 
874 786 17 23 0.14090161 
274 856 15 20 0.14045914 
947 429 12 15 0.13845451 
790 433 14 17 0.13797906 
959 604 14 18 0.13579382 
538 369 17 20 0.13545355 
15 615 21 25 0.13508391 
23 586 16 20 0.13458326 
311 421 11 14 0.13446812 
246 280 10 12 0.13364242 
832 391 11 14 0.13314354 
662 276 13 15 0.13302998 
663 602 34 33 0.13113144 
373 506 15 18 0.13105254 
631 248 10 12 0.13023108 
796 515 12 16 0.1301876 
260 464 14 17 0.1296243 
334 343 13 16 0.12857766 
76 523 13 17 0.12852532 
375 816 18 21 0.12754387 
894 349 13 16 0.12678398 
771 460 14 17 0.1264377 
999 428 10 13 0.123747595 
310 510 15 20 0.1221638 
99 588 17 20 0.12084295 
59 625 18 24 0.12058361 
307 463 16 20 0.11900538 
936 447 11 13 0.11899416 
952 312 10 13 0.11709175 
151 390 12 14 0.1160829 
172 507 14 18 0.116001494 
775 323 11 14 0.11596131 
834 523 17 21 0.11506266 
401 688 16 21 0.11494437 
135 398 12 16 0.11476521 
941 331 11 15 0.114290096 
863 846 15 18 0.11360417 
1 413 14 18 0.11358328 
27 429 12 16 0.11338713 
146 606 14 19 0.11327989 
795 836 16 22 0.11273546 
6 521 16 20 0.11216793 
629 301 10 13 0.1112046 
48 971 26 31 0.11059698 
143 645 15 18 0.110356726 
235 229 11 14 0.10970303 
839 1005 25 34 0.10916358 
800 365 13 16 0.108770445 
883 810 16 19 0.108125016 
795 482 14 17 0.10796694 
238 332 10 13 0.10796635 
999 341 11 14 0.10765272 
758 389 13 15 0.107222535 
924 897 20 26 0.107014924 
186 689 15 18 0.10699688 
202 558 16 20 0.10675339 
925 753 16 18 0.10611142 
865 439 10 13 0.10556137 
18 605 23 28 0.10324834 
260 498 15 19 0.10324823 
741 246 11 13 0.10256893 
740 599 18 21 0.10240127 
953 972 22 29 0.10231599 
971 937 15 19 0.10212301 
730 457 14 17 0.10115182 
753 262 9 12 0.099602915 
171 357 13 16 0.09911591 
180 287 14 16 0.09874375 
328 203 12 16 0.09742148 
270 387 13 16 0.09723674 
963 601 20 24 0.09582773 
108 465 13 17 0.095764525 
148 318 11 14 0.09532974 
655 370 12 16 0.09525832 
997 717 16 19 0.09486179 
226 584 17 22 0.09347347 
0 475 12 19 0.093099706 
741 326 11 15 0.09292609 
924 763 17 20 0.09282365 
801 299 10 13 0.092534125 
872 498 13 16 0.0916326 
644 285 13 16 0.09101977 
197 404 11 14 0.09084164 
269 433 13 17 0.090704024 
404 450 11 16 0.090610564 
343 885 28 33 0.09053972 
335 622 12 16 0.0905223 
794 614 15 20 0.09037974 
995 747 17 21 0.08975027 
278 330 11 14 0.089131445 
173 502 11 15 0.08795804 
233 477 14 18 0.08772704 
343 436 12 15 0.087700345 
85 350 11 14 0.086403914 
58 1012 30 36 0.08597634 
222 341 11 15 0.085954614 
68 364 14 17 0.0858936 
830 307 11 14 0.08582272 
199 271 12 14 0.08578404 
669 291 13 15 0.08543688 
87 306 11 14 0.08494273 
15 188 13 18 0.084711365 
711 314 13 16 0.08421381 
698 395 15 19 0.08405343 
684 437 11 13 0.08358071 
293 585 14 17 0.08353239 
671 429 11 15 0.083345935 
768 231 9 11 0.08271634 
217 444 14 17 0.082444385 
336 476 12 16 0.08227367 
190 500 14 18 0.08204404 
804 294 11 14 0.08177555 
709 432 13 16 0.08174524 
120 263 10 13 0.08160168 
663 269 13 16 0.081120245 
37 311 11 13 0.08092182 
11 396 13 16 0.080773585 
142 294 11 14 0.07965389 
937 273 8 11 0.07872721 
316 481 15 17 0.078628145 
964 477 12 15 0.07823933 
369 712 17 22 0.078232236 
259 947 29 36 0.07785193 
959 508 13 16 0.07784494 
850 618 18 22 0.0778394 
974 405 10 13 0.07728937 
807 325 11 14 0.077135704 
798 230 10 14 0.07670635 
749 440 14 19 0.07667597 
22 433 13 16 0.076570705 
830 433 14 17 0.07640472 
231 451 14 17 0.07633041 
943 270 9 12 0.07493433 
0 983 35 46 0.074673496 
733 373 13 17 0.074102856 
830 516 15 18 0.07381364 
670 254 12 13 0.0737137 
710 348 14 17 0.073551446 
188 719 17 21 0.07350365 
271 762 20 27 0.07344822 
965 500 15 17 0.073330745 
241 438 14 15 0.0732783 
700 292 13 16 0.073244 
176 286 11 15 0.073226646 
621 507 47 49 0.07278892 
356 651 15 21 0.07243941 
402 479 14 18 0.0723747 
23 990 30 41 0.07234742 
215 428 12 16 0.072108485 
432 578 14 19 0.07196942 
927 784 17 22 0.071711585 
3 444 13 17 0.07117931 
293 341 12 15 0.07058762 
799 909 33 43 0.07058692 
31 326 11 14 0.07051083 
759 722 14 19 0.070503294 
989 490 14 18 0.070435844 
122 999 25 33 0.07042806 
213 475 14 19 0.07029313 
226 254 9 12 0.07016497 
351 269 12 15 0.069872394 
682 590 19 24 0.06980109 
982 753 22 27 0.06962771 
851 452 12 14 0.06935493 
724 310 13 16 0.06859858 
303 303 11 14 0.068585955 
869 276 11 13 0.06851506 
51 237 13 16 0.06845066 
165 310 13 15 0.06781291 
835 685 16 20 0.06780224 
320 338 13 15 0.067607835 
586 222 12 14 0.06760757 
110 295 12 16 0.067605 
386 467 13 16 0.06754847 
791 341 11 14 0.06714423 
735 332 12 15 0.067076184 
924 862 22 28 0.06694411 
163 996 20 27 0.06684645 
300 400 12 15 0.06679757 
871 776 18 24 0.066763565 
62 259 12 14 0.066736974 
919 898 15 18 0.066409804 
357 418 12 15 0.066375 
206 283 12 15 0.06593586 
1012 731 11 19 0.065616384 
727 428 13 16 0.06536232 
130 787 16 20 0.065136254 
983 316 10 13 0.06491773 
283 515 15 17 0.064814895 
784 314 14 17 0.064772844 
756 311 11 14 0.06473852 
840 278 10 13 0.06452336 
668 300 13 16 0.064283155 
232 333 11 14 0.06424023 
513 874 62 96 0.064156815 
743 350 12 15 0.06409692 
329 268 12 16 0.064042434 
86 262 12 15 0.06401136 
103 318 11 13 0.06330962 
821 564 14 19 0.06322673 
976 460 11 14 0.0630957 
262 238 11 14 0.063091144 
136 507 14 19 0.062971726 
865 277 10 13 0.06283723 
561 246 10 12 0.062827304 
811 535 16 20 0.06272793 
269 420 13 16 0.06240881 
591 271 11 14 0.06230309 
836 636 14 18 0.062036112 
188 941 27 31 0.061861534 
324 349 13 16 0.06177951 
611 308 10 15 0.061768744 
949 259 10 12 0.061750893 
201 816 15 19 0.061696704 
937 327 9 12 0.06160468 
604 339 11 15 0.061532248 
544 363 25 31 0.061359458 
685 270 12 14 0.061149165 
279 509 14 16 0.06112389 
578 448 30 43 0.061032444 
823 316 9 12 0.060879882 
891 769 18 23 0.060473572 
757 606 14 17 0.060471553 
93 223 11 14 0.060441934 
177 929 25 31 0.06039193 
949 500 14 17 0.059852567 
929 469 13 16 0.05982026 
3 337 14 19 0.059774995 
878 382 10 13 0.05962185 
74 615 17 22 0.059508257 
857 307 10 13 0.05899353 
75 238 13 16 0.058959737 
237 311 11 14 0.05868372 
185 698 19 23 0.058450826 
188 287 11 14 0.058380984 
869 336 10 12 0.05806624 
739 444 14 18 0.05800627 
271 484 13 16 0.05752512 
771 924 17 24 0.057070483 
42 476 13 16 0.05686423 
75 1029 17 21 0.05663609 
325 320 14 16 0.05644665 
29 358 12 16 0.056444965 
318 585 16 21 0.056374554 
743 601 23 28 0.056360472 
826 699 17 20 0.056263432 
102 521 13 16 0.05621662 
47 285 12 16 0.05615435 
188 492 14 17 0.056147434 
759 333 12 14 0.056014027 
88 285 11 13 0.055891715 
911 280 9 12 0.055835865 
972 332 11 14 0.05576877 
717 478 13 17 0.055331934 
299 608 19 25 0.05524028 
295 516 12 17 0.05520254 
974 437 13 17 0.055085625 
731 412 14 16 0.055077817 
943 373 12 14 0.05505264 
695 400 14 19 0.055050243 
101 561 15 20 0.054965124 
361 601 16 21 0.05472763 
371 522 15 19 0.054637734 
173 441 13 17 0.05453411 
325 505 14 19 0.053858396 
190 543 21 27 0.053664576 
367 820 24 28 0.053526327 
813 325 11 14 0.053500913 
924 741 19 23 0.053462997 
146 551 16 22 0.053356946 
56 602 23 29 0.05330276 
713 428 15 18 0.05327038 
95 453 11 13 0.053133566 
951 351 12 14 0.053114835 
436 633 16 24 0.053061865 
150 461 12 16 0.05302143 
728 377 11 15 0.052943863 
783 483 13 18 0.05272133 
887 404 11 14 0.05269996 
830 508 13 18 0.0524786 
745 595 16 19 0.052324552 
124 501 11 16 0.05211051 
804 870 16 21 0.052106902 
630 364 10 14 0.05208262 
55 503 12 15 0.051839773 
245 513 15 20 0.05183559 
493 414 32 45 0.051800776 
49 609 24 32 0.051746596 
88 382 11 15 0.05157301 
932 419 13 15 0.05139526 
265 590 17 21 0.051150504 
186 622 14 20 0.051081832 
159 292 13 14 0.051062744 
777 698 16 21 0.050925907 
268 228 12 13 0.050783355 
315 783 23 31 0.050658163 
1011 410 12 17 0.05059377 
358 262 10 13 0.050510947 
822 284 10 13 0.050466828 
981 703 20 26 0.05039239 
869 423 13 16 0.05026146 
924 793 19 23 0.050240267 
188 435 12 16 0.050135802 
638 259 11 14 0.05012554 
255 501 14 18 0.050101962 
350 580 14 18 0.049842957 
898 439 13 16 0.04980661 
9 940 18 24 0.04974399 
945 256 10 13 0.049664117 
814 226 12 16 0.04965848 
868 236 11 14 0.04929972 
85 446 11 13 0.049294204 
295 616 17 24 0.049155787 
100 552 16 21 0.04911992 
798 460 12 16 0.049094323 
182 365 12 15 0.04908558 
148 430 12 15 0.048565105 
63 618 22 27 0.04846648 
235 586 15 21 0.048257288 
983 358 11 13 0.048033565 
3 390 15 17 0.048004266 
333 367 14 15 0.047901575 
260 514 15 18 0.04784373 
366 452 13 16 0.04770094 
620 270 14 17 0.047674406 
391 922 44 58 0.047415126 
636 254 11 14 0.047360364 
247 789 14 18 0.04731149 
296 245 9 12 0.0473096 
512 412 48 60 0.047209404 
865 850 18 23 0.047070142 
115 829 22 28 0.046905044 
380 713 16 21 0.046853967 
314 522 16 21 0.04682814 
676 346 14 18 0.046781406 
134 373 13 15 0.046712637 
216 479 21 27 0.046563666 
271 444 12 14 0.046544693 
733 601 17 21 0.04635293 
98 579 16 19 0.0463276 
20 591 22 29 0.046315085 
766 380 12 14 0.046306998 
288 318 13 17 0.04623257 
185 481 15 19 0.046136938 
332 636 16 20 0.04612385 
838 477 11 14 0.046074897 
139 402 13 16 0.04606347 
431 210 10 13 0.045972764 
818 406 13 16 0.045828354 
802 434 12 16 0.045755785 
437 333 9 12 0.045716073 
856 351 10 13 0.04568297 
566 461 35 47 0.04560336 
662 262 13 15 0.04555154 
941 433 14 16 0.04543673 
119 420 14 17 0.045367308 
299 495 15 19 0.045365296 
219 676 14 18 0.045341313 
827 558 16 22 0.045202702 
206 290 13 15 0.045167074 
827 689 17 20 0.0451299 
911 406 12 14 0.045018688 
52 395 12 15 0.04499059 
258 396 13 15 0.044982683 
99 701 17 21 0.044941977 
518 342 23 29 0.044924084 
611 235 12 13 0.04486725 
847 367 10 13 0.04479558 
931 892 16 20 0.04469524 
350 263 12 14 0.04466488 
318 244 10 12 0.044529505 
2 950 22 29 0.044468485 
773 300 11 14 0.04446511 
221 825 15 19 0.044287324 
198 341 12 14 0.044248126 
205 420 13 18 0.044123095 
12 300 13 16 0.044093084 
984 690 20 26 0.044085216 
365 371 14 16 0.0440017 
697 326 11 14 0.043969877 
389 484 14 17 0.043798592 
767 326 11 14 0.043789208 
736 522 25 30 0.04378238 
254 371 13 16 0.0436914 
805 469 13 17 0.0436072 
805 452 12 15 0.04358169 
87 222 12 14 0.04356031 
108 253 11 13 0.04354903 
203 275 13 16 0.04346279 
107 517 14 17 0.04334695 
119 506 11 16 0.04318419 
433 1019 16 23 0.04310697 
362 206 10 12 0.043105792 
524 268 14 16 0.043017242 
124 302 11 15 0.04301281 
664 306 12 15 0.042986196 
634 390 15 19 0.042981554 
193 537 17 22 0.042848647 
827 1009 28 34 0.04275147 
716 309 15 18 0.04274038 
951 270 10 12 0.042730987 
639 290 12 16 0.04270615 
906 247 9 12 0.04269483 
166 269 11 14 0.042442463 
220 406 13 15 0.042362545 
645 317 13 15 0.042300954 
340 370 14 17 0.04215953 
812 557 21 27 0.04215585 
830 238 11 13 0.042153735 
1000 477 11 14 0.042123325 
781 915 28 38 0.041911773 
851 402 13 15 0.041853014 
151 247 10 13 0.041848395 
93 371 12 16 0.04172659 
825 311 10 13 0.04165151 
234 572 14 18 0.04157723 
263 387 14 16 0.041568015 
984 406 10 14 0.04149826 
684 340 14 17 0.041474793 
298 317 13 16 0.041439764 
277 383 12 15 0.041348033 
234 456 15 19 0.041281518 
352 419 11 14 0.041219916 
380 538 15 19 0.04114241 
928 770 16 19 0.04103031 
863 778 21 27 0.04100167 
44 910 17 22 0.04088087 
567 314 12 14 0.040820617 
903 634 22 27 0.040808033 
325 448 14 17 0.040707532 
59 353 14 16 0.04068524 
757 898 49 68 0.04066742 
3 533 25 31 0.040651325 
179 1074 36 48 0.04059042 
767 286 11 13 0.04053245 
223 410 13 16 0.04052487 
51 317 13 15 0.04043701 
595 285 12 15 0.040389348 
307 706 15 19 0.040182173 
925 643 16 19 0.040026486 
956 500 15 18 0.0400111 
361 684 15 20 0.039960373 
173 691 13 18 0.039944455 
546 426 55 66 0.039746348 
852 1002 26 35 0.03960308 
835 498 13 16 0.039503302 
90 982 22 31 0.039480872 
311 228 12 15 0.03946222 
804 459 13 15 0.03941637 
864 341 10 14 0.039325584 
185 555 18 23 0.039299764 
964 720 15 20 0.03927672 
1001 727 21 29 0.039156534 
668 259 12 15 0.039086334 
658 441 14 18 0.03908446 
804 1002 26 34 0.03900679 
895 653 20 26 0.039000664 
88 374 11 14 0.038748626 
171 913 16 19 0.03873249 
396 654 13 16 0.03865404 
870 365 11 13 0.03857995 
312 270 9 12 0.03854606 
874 418 13 16 0.03849628 
897 1336 16 25 0.03849185 
805 602 17 21 0.038464904 
278 451 11 14 0.03846459 
106 592 15 20 0.038459033 
1006 479 10 12 0.03842912 
985 725 26 28 0.03838895 
228 341 12 16 0.03833714 
93 261 12 15 0.038249575 
64 299 11 13 0.038142256 
301 422 13 17 0.038100414 
859 387 12 15 0.038031135 
53 308 12 14 0.03796649 
812 469 11 15 0.037966464 
235 999 28 36 0.037919953 
304 207 11 13 0.03789369 
193 731 14 19 0.037729893 
103 218 12 14 0.037717883 
680 506 16 19 0.037691314 
871 807 20 26 0.03764037 
349 244 10 13 0.037637673 
187 654 19 21 0.037613813 
218 769 22 29 0.037608895 
18 268 14 15 0.037589137 
115 362 13 16 0.03758808 
713 576 26 31 0.0375774 
190 531 15 20 0.037572693 
261 454 14 16 0.03747862 
250 356 13 15 0.037429918 
979 573 15 19 0.037409395 
111 327 13 16 0.037137095 
302 846 25 33 0.03711428 
858 461 13 15 0.037103876 
198 802 21 27 0.036999397 
204 396 12 14 0.036762074 
843 438 13 15 0.0367393 
337 625 16 19 0.0367342 
648 570 16 21 0.036701944 
997 398 10 14 0.03659934 
336 254 11 12 0.03650458 
588 460 15 22 0.03641869 
915 427 13 15 0.036275174 
129 232 11 13 0.036237992 
970 593 17 21 0.0362324 
1001 269 9 11 0.03619243 
982 439 14 17 0.036183503 
293 239 10 12 0.036178544 
402 989 45 63 0.036108587 
767 695 15 19 0.036028888 
100 570 15 17 0.03600235 
216 310 11 13 0.035982016 
122 551 15 20 0.035971034 
860 474 11 14 0.035934363 
678 434 14 15 0.035863824 
339 943 32 41 0.035812195 
141 260 10 12 0.03577993 
858 988 28 36 0.035695218 
147 614 15 21 0.035680126 
807 418 12 15 0.035482608 
403 415 14 18 0.03538559 
137 256 9 12 0.035379566 
117 297 13 17 0.035372604 
150 269 12 15 0.035366327 
339 379 14 16 0.03535948 
403 370 12 15 0.0352765 
391 310 11 13 0.03510774 
875 755 15 17 0.035091106 
314 592 16 21 0.035081968 
346 371 12 14 0.03504854 
229 658 15 18 0.035036247 
609 229 10 14 0.03492808 
340 484 16 20 0.03490973 
174 253 10 14 0.034892466 
877 979 27 32 0.034888256 
98 943 26 34 0.034824092 
134 543 20 27 0.03472494 
773 378 12 15 0.03466103 
746 514 15 18 0.034606427 
971 969 25 32 0.03455464 
665 604 20 21 0.034536846 
928 394 13 16 0.03450937 
92 1047 18 26 0.034481414 
15 245 11 14 0.034435537 
698 463 14 19 0.03439658 
289 429 13 17 0.03418508 
267 976 20 25 0.034153 
642 553 88 97 0.034098975 
948 483 22 26 0.034090314 
267 516 14 17 0.034049828 
150 405 13 16 0.03395782 
889 445 13 15 0.033948947 
308 302 11 14 0.033918723 
992 283 10 12 0.03382622 
908 251 10 12 0.033788305 
650 291 13 17 0.03376855 
419 636 20 25 0.03361762 
943 570 15 19 0.033615567 
20 222 12 14 0.03361543 
939 872 17 21 0.033598065 
333 404 12 14 0.03354466 
266 460 13 15 0.03353062 
243 588 13 19 0.033501692 
554 367 33 39 0.033466518 
755 971 31 40 0.03346346 
188 367 11 14 0.033298694 
609 276 12 16 0.033283047 
221 580 16 19 0.033244673 
390 340 11 13 0.033238143 
167 363 14 17 0.03312579 
747 348 13 15 0.033121813 
830 424 12 14 0.033106823 
991 398 11 13 0.033045013 
626 276 13 15 0.033037562 
859 672 15 19 0.033015665 
812 662 13 17 0.03295884 
222 682 16 21 0.032946415 
988 816 22 29 0.032924492 
350 387 12 15 0.0329173 
228 627 14 18 0.032886848 
350 239 10 12 0.032767914 
34 615 26 30 0.032679766 
34 465 21 25 0.032641336 
640 278 12 15 0.032588962 
84 245 12 15 0.03256917 
899 539 12 17 0.032544944 
653 253 12 15 0.03253053 
180 923 18 22 0.032490462 
614 587 97 112 0.032455456 
264 222 11 14 0.032445855 
157 626 14 17 0.03244262 
938 422 13 15 0.0323556 
998 617 13 17 0.032252133 
340 467 13 17 0.032180168 
689 381 10 13 0.032036606 
222 627 13 17 0.031898465 
1 347 11 17 0.03184214 
287 339 13 15 0.031839006 
268 451 13 15 0.031788386 
764 765 15 20 0.031782273 
268 506 13 18 0.0317728 
981 467 11 15 0.031755134 
274 436 13 15 0.031725332 
765 408 12 16 0.031715725 
60 505 12 15 0.03169978 
275 658 15 19 0.03161661 
767 292 12 15 0.031610824 
880 776 21 27 0.031593826 
825 704 21 27 0.031564906 
754 613 16 20 0.03149572 
101 460 13 17 0.0314514 
885 671 19 26 0.03145046 
1007 405 11 15 0.03139692 
966 419 12 16 0.031361822 
166 451 13 17 0.031189667 
261 267 11 14 0.031188013 
2 499 14 18 0.03116848 
852 422 12 15 0.031159554 
803 538 18 22 0.031134741 
284 363 14 17 0.031006413 
166 676 12 16 0.030988097 
793 278 10 13 0.030987477 
127 396 13 16 0.030982722 
4 401 15 19 0.030942308 
556 370 17 20 0.030916885 
757 402 14 17 0.030914374 
3 326 19 25 0.03085394 
289 239 9 11 0.030824345 
796 790 24 29 0.030822206 
796 466 15 20 0.030773008 
156 393 13 17 0.030770583 
229 467 15 19 0.030763995 
862 303 10 13 0.03071297 
295 261 10 13 0.030702354 
794 864 23 30 0.03067853 
758 728 18 24 0.030621432 
355 461 13 17 0.030608509 
613 303 10 13 0.030531388 
332 499 14 18 0.030525295 
835 922 14 17 0.030501729 
268 237 12 14 0.030471055 
203 626 15 19 0.030454991 
918 531 15 18 0.030411713 
5 284 11 15 0.030376468 
816 317 10 13 0.030331291 
787 440 14 17 0.03025607 
743 489 16 20 0.030206477 
905 381 10 13 0.030203229 
168 419 18 23 0.03020039 
618 279 14 17 0.030194866 
247 372 12 14 0.030178254 
687 641 62 68 0.030167677 
402 1083 15 18 0.030136183 
39 461 13 16 0.030125061 
757 747 21 28 0.030094327 
165 410 14 16 0.030082595 
277 617 15 20 0.030024407 
726 340 12 14 0.029975113 
954 729 16 21 0.02993428 
154 668 14 20 0.029871104 
0 427 11 17 0.029834354 
875 504 13 17 0.029824046 
224 300 10 12 0.029771136 
71 519 13 17 0.029731125 
871 517 13 15 0.029717442 
676 778 98 141 0.029681427 
955 474 21 26 0.02967193 
343 246 12 14 0.029617142 
871 461 11 14 0.029615387 
508 926 32 40 0.029602576 
667 396 12 15 0.02953817 
866 805 16 20 0.029516736 
704 595 28 30 0.029496463 
310 483 14 17 0.029457344 
787 599 16 22 0.029454686 
919 876 22 27 0.029447412 
595 292 12 14 0.02943406 
358 703 22 27 0.02939063 
287 267 10 13 0.029322607 
48 321 12 16 0.029312188 
132 724 14 18 0.029303454 
37 365 12 15 0.029210206 
239 350 11 15 0.029199388 
292 805 21 28 0.02909127 
120 776 23 28 0.029019186 
679 419 14 17 0.02899952 
272 206 10 12 0.028983219 
808 544 18 22 0.02896639 
91 491 12 15 0.028947605 
782 445 12 14 0.028935833 
299 519 15 20 0.028935008 
954 356 11 13 0.028904416 
1014 364 9 14 0.028890273 
894 396 12 14 0.028841 
178 421 14 16 0.028822403 
82 617 16 21 0.028791267 
181 436 13 17 0.028784426 
225 782 16 21 0.028775617 
396 693 17 22 0.028772699 
311 472 14 18 0.028770326 
160 310 11 14 0.02876164 
684 307 13 16 0.028709846 
217 975 27 34 0.028581968 
798 605 20 26 0.028572489 
810 554 13 19 0.028509906 
20 339 13 16 0.02849156 
807 574 21 29 0.028453948 
781 478 11 15 0.028417543 
244 726 16 19 0.028387189 
322 472 15 19 0.02838633 
379 478 16 20 0.028375957 
160 390 20 26 0.028371409 
138 580 15 18 0.028368693 
191 345 12 16 0.028363124 
108 398 14 17 0.028361918 
108 368 13 17 0.028352499 
485 915 91 129 0.02830703 
640 318 11 14 0.028296629 
11 363 14 18 0.028285675 
894 303 10 12 0.028269557 
188 791 21 25 0.02826104 
138 611 18 24 0.028260525 
407 301 9 11 0.028202424 
879 253 10 12 0.02815086 
327 373 13 16 0.028148834 
997 484 13 17 0.028137896 
997 695 15 19 0.028131314 
187 470 14 18 0.028091032 
77 709 27 31 0.028076675 
316 1015 17 24 0.028022215 
324 581 15 19 0.028012767 
94 343 12 13 0.028008949 
696 794 54 75 0.027984312 
826 751 15 20 0.027983217 
758 325 12 16 0.027981773 
72 407 13 16 0.027975595 
796 632 24 28 0.027926996 
280 285 11 13 0.027924249 
366 259 11 15 0.027891448 
984 351 10 13 0.027890177 
197 956 28 37 0.027837196 
253 277 11 13 0.027825624 
989 356 10 12 0.027803678 
679 599 46 43 0.027786124 
899 529 13 18 0.02772389 
99 598 16 21 0.027715223 
140 493 14 17 0.027705332 
678 305 13 17 0.02768343 
872 389 11 14 0.027674831 
736 296 10 14 0.027647272 
323 653 21 26 0.027615895 
717 597 25 30 0.027611293 
83 652 16 20 0.027603898 
301 596 17 20 0.027587323 
76 316 11 14 0.027552057 
446 309 10 12 0.027535776 
389 361 101 136 0.027476856 
169 713 16 23 0.027455159 
267 860 17 21 0.027398933 
704 258 13 16 0.027322946 
990 545 12 17 0.027306946 
250 989 26 34 0.027268892 
806 228 11 15 0.027268387 
348 292 12 14 0.02725135 
79 348 12 15 0.027185306 
205 520 16 21 0.027105948 
21 389 11 15 0.02707834 
999 355 10 12 0.027053272 
43 899 16 22 0.02703176 
928 349 12 15 0.027019292 
642 1421 29 27 0.026942238 
323 412 13 16 0.026940309 
969 438 12 14 0.026914416 
188 297 19 23 0.026869506 
383 363 13 17 0.02686634 
589 293 12 14 0.026835337 
63 267 13 14 0.026803154 
341 403 11 14 0.026802197 
909 483 12 15 0.026801053 
805 660 15 19 0.026789887 
349 284 12 16 0.026760515 
980 934 21 26 0.026710019 
754 593 16 19 0.026694959 
267 491 14 17 0.026659794 
336 647 16 21 0.02665782 
963 510 16 21 0.026559671 
384 719 16 19 0.026558843 
893 410 10 13 0.026475117 
235 428 15 17 0.026471723 
812 445 13 16 0.026462507 
573 276 11 15 0.02645835 
657 277 11 14 0.0264318 
114 437 13 15 0.026403323 
385 644 20 28 0.026399188 
200 334 12 14 0.02638727 
572 270 10 13 0.026349023 
373 536 16 21 0.026336847 
748 322 13 16 0.02632956 
937 365 10 13 0.026325766 
353 486 15 18 0.026296623 
976 718 19 25 0.026295885 
262 378 13 17 0.026283678 
255 460 15 19 0.026279537 
255 427 13 16 0.02623651 
921 524 15 18 0.026197966 
405 513 14 19 0.02618988 
1013 609 12 20 0.026143305 
762 717 13 18 0.026132302 
376 349 12 15 0.02610535 
690 594 28 30 0.026097 
989 403 11 16 0.026084565 
227 885 17 21 0.02607932 
935 861 24 27 0.026076289 
941 367 12 15 0.026060963 
263 377 21 25 0.026046166 
241 326 11 14 0.026034119 
248 292 10 13 0.02603343 
801 648 15 21 0.026026454 
989 523 13 16 0.026008058 
778 682 15 20 0.0259309 
718 341 13 14 0.025910504 
941 477 24 26 0.02590778 
151 454 12 15 0.025893096 
230 436 13 16 0.025861379 
30 293 11 14 0.025845565 
956 520 14 18 0.025829736 
440 311 9 12 0.025809066 
774 254 11 13 0.025802797 
204 386 15 18 0.025763499 
316 236 12 15 0.025665516 
75 354 12 16 0.025660966 
83 205 13 15 0.02565741 
956 311 9 12 0.02565156 
280 623 19 25 0.025645722 
211 422 13 16 0.025638126 
210 787 22 30 0.0256286 
700 447 14 17 0.02560199 
654 402 13 17 0.025530927 
357 594 16 20 0.02552257 
727 269 10 13 0.025519479 
422 393 12 16 0.025488198 
751 316 13 15 0.025487522 
13 339 13 17 0.025464345 
845 476 12 15 0.025402151 
365 673 16 18 0.025400998 
995 738 18 21 0.025318036 
255 596 20 27 0.025317777 
52 424 15 18 0.025277123 
388 356 11 15 0.025264598 
964 998 17 22 0.025255945 
932 462 12 15 0.025230689 
223 872 23 27 0.025215808 
207 453 13 16 0.025213726 
238 352 19 24 0.025203608 
396 513 16 20 0.025199251 
787 346 12 15 0.025166621 
339 314 12 17 0.025151404 
213 626 14 18 0.02513059 
790 465 14 18 0.025121422 
979 817 20 25 0.025120087 
298 485 16 19 0.025086267 
699 329 13 16 0.025068438 
285 329 13 16 0.02506681 
166 690 14 17 0.0250587 
342 283 12 16 0.025050813 
285 572 15 18 0.025021499 
947 500 23 26 0.025011115 
932 573 21 27 0.025002468 
343 237 11 13 0.024998102 
270 303 13 16 0.024991473 
315 382 12 15 0.024978938 
712 840 98 134 0.024977956 
909 501 12 16 0.024973288 
726 418 15 18 0.024885127 
150 980 29 36 0.024845263 
859 347 12 14 0.024838092 
788 624 15 19 0.024833051 
655 245 12 13 0.024814723 
7 973 29 35 0.0248062 
791 221 11 15 0.024804827 
289 849 24 31 0.024798991 
9 865 26 35 0.024772648 
139 835 20 25 0.024746057 
888 529 21 28 0.024690758 
838 454 12 14 0.02468849 
293 508 14 18 0.024685193 
11 176 17 23 0.024683291 
713 607 54 53 0.024681466 
320 318 11 15 0.024660949 
308 673 19 25 0.024624052 
913 849 20 28 0.024623627 
1010 722 14 19 0.024592541 
889 310 9 12 0.024592074 
157 269 12 15 0.024554512 
213 340 12 15 0.02454847 
959 263 9 11 0.024520157 
300 1007 30 40 0.024517817 
116 466 13 17 0.024488555 
926 574 16 20 0.024470044 
241 278 10 13 0.024435751 
931 390 12 15 0.024431363 
692 269 11 13 0.024422819 
783 627 12 16 0.024354178 
0 277 9 15 0.024333198 
896 391 10 13 0.024308203 
877 461 12 15 0.024243014 
855 383 10 13 0.024222346 
860 792 22 29 0.024179293 
3 802 16 22 0.024127122 
268 632 15 19 0.024101924 
221 867 17 21 0.02409963 
219 466 15 19 0.02409917 
722 476 14 17 0.024095766 
197 620 14 19 0.02408122 
340 265 19 24 0.024079615 
496 916 53 72 0.024078624 
114 592 20 25 0.024068046 
841 642 15 22 0.02403994 
664 429 20 23 0.02402448 
283 611 17 21 0.024020175 
741 437 15 18 0.024015937 
958 269 10 12 0.023981078 
390 300 11 13 0.023971273 
512 345 95 121 0.023955267 
253 378 12 15 0.023930622 
738 320 19 26 0.023930116 
755 438 12 17 0.02389823 
583 295 11 14 0.023850538 
920 294 10 12 0.023835689 
173 282 19 25 0.023822283 
71 334 19 22 0.02381521 
155 773 18 20 0.023769027 
279 847 22 31 0.02375089 
733 268 11 13 0.023727924 
227 424 15 18 0.023656944 
232 224 11 14 0.023633912 
62 353 21 26 0.023601739 
197 938 17 20 0.02357991 
125 503 19 25 0.023544945 
735 608 27 33 0.023515608 
64 1024 28 36 0.023491506 
331 352 14 17 0.02347814 
999 452 13 16 0.02346298 
133 585 16 19 0.023445556 
609 272 19 25 0.023430996 
102 259 12 15 0.023413735 
300 246 11 13 0.023385786 
164 386 15 18 0.023380648 
367 529 15 19 0.02337612 
80 488 20 24 0.023370283 
70 485 11 14 0.023369387 
337 917 31 38 0.02333555 
786 1001 26 37 0.023335408 
983 607 22 25 0.02332518 
214 411 12 15 0.02332145 
292 593 15 18 0.023320602 
198 374 19 23 0.023230843 
180 517 21 28 0.023226926 
136 293 12 14 0.023215197 
796 987 23 30 0.023204485 
377 342 12 14 0.023203561 
366 507 16 19 0.023185782 
165 443 13 17 0.023171332 
221 361 18 24 0.023118688 
192 624 21 26 0.023116965 
318 293 11 13 0.023076022 
933 401 13 14 0.023069723 
918 373 12 15 0.023052618 
396 396 12 15 0.023026073 
295 309 12 14 0.023006216 
661 253 14 17 0.022970969 
836 484 12 15 0.022961913 
894 755 13 16 0.02294048 
411 513 16 20 0.022921056 
737 700 21 27 0.02291652 
918 302 11 14 0.022907078 
712 634 56 59 0.022881703 
172 321 14 17 0.022868188 
768 372 12 15 0.022852488 
29 385 14 18 0.022838129 
870 270 11 14 0.02283146 
250 244 10 12 0.022800835 
276 340 12 15 0.022791883 
37 388 14 18 0.022791466 
238 521 15 19 0.022775218 
736 239 9 11 0.022774285 
838 535 15 20 0.022773823 
339 431 20 24 0.022755846 
147 389 20 24 0.022719897 
932 960 17 22 0.022718912 
649 611 34 41 0.022690274 
323 461 13 17 0.0226786 
949 734 16 20 0.022678385 
700 371 12 15 0.022672163 
741 240 11 13 0.02262572 
30 285 11 14 0.022592774 
733 262 11 12 0.02258658 
791 216 10 12 0.022581192 
784 667 16 18 0.022569202 
773 230 9 12 0.02255784 
360 548 16 20 0.022512913 
959 421 13 16 0.022478614 
92 347 11 14 0.022456719 
835 302 10 12 0.022442939 
764 480 14 18 0.022437144 
732 337 12 15 0.02243012 
287 222 10 13 0.022370728 
184 379 20 24 0.022330038 
990 351 10 13 0.022323731 
296 253 10 13 0.022306833 
240 453 22 27 0.022288302 
104 544 20 27 0.02226567 
85 252 12 15 0.02225744 
37 903 17 22 0.022231175 
338 706 15 21 0.022212422 
35 331 13 15 0.02219195 
300 259 12 13 0.022165598 
771 846 45 62 0.02215962 
760 472 14 18 0.022123396 
150 182 13 15 0.022082638 
174 279 10 11 0.022068368 
967 864 19 27 0.022063449 
307 416 19 22 0.022051604 
367 300 10 12 0.022048451 
82 332 12 14 0.022025928 
823 485 13 15 0.022010546 
781 303 10 13 0.022000914 
410 382 11 13 0.021987768 
199 982 28 39 0.021944912 
366 698 23 29 0.021943567 
726 292 11 13 0.02193376 
134 366 12 14 0.02193067 
86 277 12 14 0.021925727 
733 304 13 17 0.021923095 
898 763 15 20 0.021918468 
941 274 10 12 0.021907577 
631 259 11 14 0.021866862 
39 400 14 16 0.021847442 
928 643 23 27 0.021845756 
179 509 15 19 0.021839438 
199 525 21 27 0.021817401 
195 666 21 28 0.021807788 
66 294 12 15 0.021783864 
462 122 107 119 0.021744104 
582 339 11 12 0.02172631 
266 671 15 19 0.021698032 
890 458 13 18 0.021690447 
165 485 13 16 0.021687951 
159 378 14 16 0.02167597 
431 316 8 11 0.02162989 
0 743 12 21 0.021628572 
164 477 13 14 0.021627825 
966 299 10 13 0.021614349 
0 944 15 21 0.021575661 
645 295 14 18 0.021547873 
416 481 23 30 0.02154353 
877 801 16 21 0.021531012 
594 275 13 15 0.021516277 
822 236 12 14 0.021507965 
77 921 16 20 0.021502532 
778 866 29 36 0.021492427 
387 473 15 21 0.021488601 
5 292 13 16 0.021458147 
339 632 15 20 0.021453522 
1004 694 14 19 0.02144342 
704 266 11 15 0.02143205 
295 463 15 19 0.02142384 
839 316 10 13 0.021413043 
846 319 10 12 0.02141099 
577 1473 36 40 0.021399835 
841 440 20 24 0.021375066 
199 281 12 16 0.021353567 
693 285 14 18 0.021341015 
763 802 22 30 0.021335466 
5 507 21 28 0.021331286 
354 954 44 54 0.021330668 
104 337 13 16 0.021325383 
158 445 13 15 0.021315249 
801 326 11 14 0.02131437 
187 512 14 19 0.021313122 
852 886 15 19 0.021309545 
659 296 20 25 0.021306867 
981 381 10 12 0.021301374 
151 460 20 24 0.02129396 
992 431 11 14 0.02128357 
635 247 11 12 0.021244563 
2 469 13 16 0.021240562 
103 246 12 14 0.021228852 
-3 903 26 37 0.021226542 
93 204 13 15 0.021218589 
853 641 14 18 0.02121605 
916 307 10 13 0.021203896 
176 557 15 20 0.021202343 
543 285 10 12 0.02120222 
572 951 16 26 0.021191126 
1008 356 10 14 0.021179827 
1011 871 14 22 0.021170711 
844 577 13 17 0.021160318 
780 321 12 16 0.021132383 
1002 745 14 19 0.021131238 
251 784 16 21 0.021128083 
956 487 23 29 0.021120638 
946 858 18 21 0.02108063 
693 408 13 16 0.021077232 
158 287 11 14 0.021071179 
996 434 12 14 0.02106498 
630 284 11 14 0.021064138 
974 327 11 14 0.0210556 
159 429 12 15 0.021049384 
917 480 14 17 0.021019304 
663 292 12 16 0.021014437 
388 575 17 19 0.02100309 
706 292 11 15 0.020998858 
116 695 15 20 0.020995809 
900 738 14 17 0.020994587 
738 455 14 18 0.02099338 
813 627 14 18 0.020980038 
303 227 11 14 0.020943385 
981 686 14 18 0.020940902 
802 223 19 24 0.02090583 
874 962 22 28 0.020875184 
252 362 19 23 0.020867806 
116 975 17 22 0.020854216 
855 316 11 12 0.02085352 
767 444 12 15 0.02084561 
1014 475 9 14 0.020840842 
285 291 12 14 0.020837534 
873 763 15 19 0.02083646 
691 594 15 19 0.020793865 
998 445 13 16 0.020786798 
808 405 13 17 0.020769529 
747 702 23 29 0.020758655 
1 396 12 15 0.020755768 
350 429 12 14 0.020746842 
371 375 13 15 0.020711344 
91 670 22 27 0.020703083 
1015 381 9 13 0.020697838 
781 593 17 21 0.020693175 
78 852 15 21 0.020663612 
219 708 15 18 0.0206596 
117 931 26 32 0.020658778 
181 317 13 15 0.020650879 
86 325 12 14 0.020640355 
182 871 15 21 0.02063593 
15 328 21 26 0.020616854 
776 471 20 27 0.020613855 
714 353 13 16 0.0206094 
821 358 11 14 0.020581812 
845 283 10 12 0.020581763 
147 658 16 19 0.020576645 
844 427 13 15 0.020575335 
896 449 21 26 0.0205647 
78 666 15 19 0.020554097 
187 804 21 27 0.020553825 
510 351 21 26 0.020549435 
888 354 12 14 0.020515606 
22 293 11 14 0.02050277 
796 661 22 26 0.020482926 
132 936 16 19 0.020480538 
839 442 12 15 0.020467063 
157 404 13 15 0.020443607 
18 394 12 15 0.02044049 
839 366 10 12 0.020425314 
155 880 24 31 0.020418612 
208 245 10 12 0.02040933 
785 287 9 11 0.020391082 
372 459 14 18 0.020386016 
322 335 19 23 0.02037498 
880 468 11 14 0.020363683 
715 421 13 16 0.020348571 
367 511 20 25 0.020336555 
164 300 13 15 0.02033344 
146 499 13 18 0.020330489 
286 500 14 18 0.020326724 
761 394 14 16 0.020323124 
67 455 23 28 0.020312786 
920 770 15 19 0.020280467 
107 697 16 20 0.020274187 
370 211 13 15 0.020264955 
455 377 15 18 0.020219874 
87 435 13 15 0.020209 
116 502 19 25 0.020206435 
213 498 13 16 0.020202504 
671 351 15 18 0.020195823 
357 732 24 32 0.020176498 
156 451 14 16 0.02016568 
144 246 10 12 0.020158524 
849 398 11 15 0.020146318 
773 490 13 16 0.02014304 
900 292 10 13 0.02013095 
980 363 11 14 0.02010716 
828 441 13 16 0.02008589 
4 383 13 14 0.020070732 
759 700 25 31 0.02005408 
751 387 14 19 0.020053184 
982 322 11 14 0.020049939 
44 455 12 15 0.020027058 
