35_Basketball_playingbasketball_35_36
26
817 51 58 100 0.9587474 
45 434 222 299 0.8401908 
885 62 52 84 0.19871306 
78 458 151 167 0.18347037 
59 511 144 175 0.1568482 
472 279 46 67 0.111774296 
1003 77 20 33 0.06955264 
4 289 365 430 0.06933955 
551 640 27 33 0.049951125 
650 62 64 62 0.04423081 
444 314 54 99 0.037475385 
565 174 14 20 0.036576364 
907 88 53 77 0.029545797 
461 256 76 112 0.028336016 
854 47 76 120 0.02662218 
659 87 62 78 0.025686776 
67 576 63 79 0.024469374 
106 485 80 95 0.023582432 
929 100 33 47 0.02329021 
709 444 44 61 0.02318893 
492 281 30 43 0.02297586 
58 580 36 47 0.022637697 
494 666 13 16 0.021721916 
134 429 162 167 0.020706711 
681 333 445 408 0.02027944 
108 529 81 92 0.02007077 
