35_Basketball_Basketball_35_801
33
642 276 15 20 0.796487 
922 254 15 18 0.54186654 
572 323 56 59 0.14560115 
648 276 14 17 0.10358984 
590 341 34 37 0.082148 
508 324 34 49 0.06802613 
908 246 13 16 0.03721834 
917 259 17 22 0.035987183 
630 285 48 51 0.034171347 
560 69 11 13 0.033631217 
929 252 15 18 0.028497798 
565 68 11 13 0.028458413 
6 378 197 265 0.027360598 
848 117 7 9 0.026702875 
305 93 9 11 0.02645284 
269 103 12 16 0.025984878 
599 47 9 12 0.025324967 
910 246 22 28 0.024993127 
889 230 10 13 0.024716742 
514 317 52 65 0.024474874 
326 95 9 12 0.024291521 
639 282 28 34 0.0236442 
309 88 9 11 0.023412181 
891 234 11 15 0.023258677 
312 103 9 13 0.022904195 
524 316 13 18 0.02278235 
825 167 8 10 0.022244992 
906 258 27 36 0.02205131 
516 219 30 29 0.021146275 
512 97 21 29 0.02078804 
321 61 9 12 0.020404521 
643 309 33 33 0.02011054 
564 349 53 61 0.020034458 
