35_Basketball_Basketball_35_393
33
204 -2 204 231 0.9938577 
784 80 58 72 0.5647301 
260 291 410 473 0.3386996 
757 175 42 52 0.2812658 
221 16 408 449 0.26618567 
55 225 442 474 0.22208945 
744 103 90 115 0.12109572 
727 165 56 70 0.0975486 
39 29 194 222 0.08348494 
798 21 173 262 0.072343454 
476 625 16 22 0.07024827 
709 115 95 124 0.06846453 
78 50 367 401 0.06591578 
154 -89 338 407 0.058409445 
237 216 119 142 0.05307626 
341 111 438 449 0.04832274 
484 578 13 18 0.0462434 
544 644 11 15 0.040168907 
56 621 23 30 0.039438978 
730 65 172 230 0.038678356 
808 96 40 47 0.035707504 
255 157 203 253 0.03449955 
769 167 42 44 0.03331691 
278 700 15 16 0.031901844 
404 402 231 320 0.03146021 
241 478 270 324 0.02560199 
784 84 32 41 0.024085252 
821 80 29 43 0.023182344 
62 672 15 17 0.020637246 
434 666 12 17 0.020429876 
744 273 49 59 0.020272808 
475 639 15 18 0.020218613 
935 6 88 156 0.020046907 
