35_Basketball_playingbasketball_35_632
66
128 445 19 22 0.87936765 
910 484 14 17 0.6924604 
721 488 15 18 0.34575033 
964 143 24 32 0.19403696 
31 508 10 11 0.13583174 
927 194 56 63 0.089784876 
28 660 12 14 0.08907248 
914 480 13 16 0.085815534 
320 541 32 30 0.08089178 
337 509 39 43 0.0762842 
2 658 14 20 0.07199466 
458 325 31 38 0.06497529 
304 685 13 15 0.06470351 
927 137 35 41 0.063891746 
136 444 15 19 0.0625064 
965 137 18 23 0.05500985 
37 509 9 12 0.049700342 
889 37 27 33 0.04348716 
0 651 13 18 0.0434666 
935 125 35 39 0.04252774 
239 472 10 12 0.04205396 
522 259 404 555 0.041915596 
204 327 9 13 0.040977582 
14 154 40 52 0.040311 
891 180 85 105 0.039933234 
472 350 27 27 0.039130572 
520 362 11 15 0.03881718 
132 466 13 16 0.037660256 
585 278 9 11 0.037060175 
942 135 40 48 0.035062864 
438 303 62 60 0.03499697 
136 492 12 16 0.034504026 
449 341 29 37 0.033042338 
325 553 35 30 0.032934636 
747 415 222 243 0.030991305 
332 532 35 34 0.030982114 
182 479 10 13 0.030937754 
902 486 17 22 0.030292355 
892 54 18 23 0.030157417 
207 491 10 12 0.029194385 
294 716 16 20 0.027935151 
850 83 211 236 0.02681768 
141 439 11 14 0.0266796 
524 358 10 14 0.026496882 
24 540 10 15 0.026132187 
907 491 17 21 0.025721982 
1004 243 21 40 0.025480822 
821 486 140 120 0.025322787 
157 517 10 13 0.024828449 
489 352 17 22 0.02466618 
117 466 13 17 0.023645768 
920 149 51 58 0.023081155 
233 471 9 11 0.023068387 
479 278 11 13 0.022571111 
472 334 28 31 0.022414444 
870 237 55 63 0.02237276 
892 484 23 30 0.022277875 
879 202 57 71 0.022264428 
105 165 18 18 0.02195585 
454 459 30 36 0.021709234 
870 33 32 34 0.021098854 
601 278 8 11 0.020923667 
647 279 7 10 0.020789215 
467 326 15 19 0.020533705 
716 509 31 37 0.020142607 
879 493 26 31 0.020094018 
