35_Basketball_playingbasketball_35_279
24
361 996 241 174 0.9569019 
237 506 214 226 0.56594807 
444 987 180 121 0.10789055 
108 106 23 34 0.10263969 
596 1129 392 427 0.09429127 
11 96 56 76 0.073673815 
658 1188 242 244 0.072144255 
135 438 351 361 0.05986148 
65 91 26 38 0.054827176 
134 46 28 37 0.040868573 
145 961 25 38 0.036806934 
61 42 31 37 0.03644804 
218 1178 468 473 0.034312706 
84 46 42 54 0.027775774 
73 83 29 41 0.02744837 
51 79 46 62 0.027243426 
104 59 42 57 0.024863305 
463 1033 171 155 0.0248388 
411 1021 116 74 0.024191605 
109 91 30 40 0.023336692 
18 84 18 23 0.022537068 
82 99 91 128 0.02154573 
207 39 190 231 0.021520013 
-27 71 396 483 0.02027049 
