35_Basketball_basketballgame_ball_35_681
35
455 36 91 114 0.9988967 
963 448 17 20 0.3804893 
939 464 14 19 0.2802783 
926 501 21 29 0.27086195 
83 369 22 29 0.14738134 
119 218 26 35 0.05620482 
731 415 55 71 0.054338127 
235 430 29 29 0.043587904 
139 403 14 18 0.04354728 
693 405 47 60 0.04120254 
720 547 18 22 0.038934715 
1005 466 18 31 0.036458675 
73 266 25 31 0.03303435 
112 363 19 20 0.032434672 
91 365 25 30 0.0320467 
232 317 44 50 0.031393055 
43 333 29 34 0.030505741 
695 403 94 123 0.030244928 
704 366 43 55 0.029948581 
283 391 27 35 0.029297616 
968 454 16 21 0.026761247 
958 454 17 20 0.02630014 
944 458 21 27 0.026016355 
994 496 17 23 0.025944244 
177 412 15 18 0.024605133 
897 450 15 19 0.024426725 
632 410 29 42 0.02435489 
884 570 16 22 0.02285913 
670 426 28 41 0.022456896 
685 420 32 41 0.022328585 
651 476 30 38 0.021260604 
545 55 374 451 0.021256628 
132 212 15 20 0.020932985 
858 445 17 20 0.020908292 
976 274 46 65 0.02054756 
