35_Basketball_Basketball_35_458
26
492 29 48 64 0.99861217 
245 37 41 54 0.9906901 
743 28 40 54 0.98891324 
636 257 14 20 0.10896252 
417 217 21 21 0.07385195 
316 230 57 51 0.060691852 
622 246 25 32 0.054053694 
162 133 33 44 0.05133571 
592 220 18 19 0.041506283 
581 123 24 32 0.03985712 
47 315 191 305 0.03835661 
499 184 29 36 0.03815926 
645 293 14 19 0.03672233 
427 574 18 19 0.031228598 
607 240 32 39 0.028774576 
173 126 38 44 0.027247125 
638 298 26 39 0.02634115 
599 218 25 26 0.025554104 
877 162 16 21 0.024979515 
380 260 12 14 0.024226345 
569 335 29 52 0.024044588 
408 215 33 37 0.023516804 
645 285 13 17 0.021865608 
580 573 16 17 0.021209791 
97 133 24 34 0.021206848 
64 251 25 31 0.021150652 
