35_Basketball_basketballgame_ball_35_80
95
492 95 100 121 0.999634 
295 13 36 46 0.9987936 
34 113 35 44 0.9985499 
260 129 43 67 0.99742657 
90 181 41 52 0.9972934 
805 75 53 60 0.99723816 
384 17 35 48 0.996335 
165 2 40 49 0.99344 
5 167 39 49 0.99155736 
905 377 35 47 0.9827816 
891 68 44 57 0.9815497 
164 232 39 47 0.95652306 
141 154 29 32 0.9334933 
67 207 43 53 0.92516726 
1 238 34 52 0.9082882 
2 362 41 56 0.8518619 
352 144 30 37 0.84520984 
99 485 24 30 0.42412636 
187 176 33 46 0.34792322 
522 4 19 23 0.3234408 
509 5 30 37 0.31967103 
491 11 35 39 0.2623524 
438 202 28 37 0.26076472 
82 279 36 52 0.19565868 
376 113 29 35 0.15536414 
472 59 25 31 0.151492 
455 78 22 31 0.14823014 
72 461 32 41 0.14755355 
202 57 24 33 0.14580405 
362 119 45 48 0.13021664 
139 36 29 45 0.123882376 
609 176 44 54 0.10925923 
85 473 31 36 0.09007857 
55 172 28 37 0.08573096 
189 284 39 50 0.08563857 
17 143 41 54 0.0708668 
335 429 14 16 0.06566192 
90 33 31 39 0.061877523 
77 195 43 48 0.06185666 
74 221 47 58 0.061733093 
390 160 21 29 0.060659505 
1 267 34 48 0.059928875 
1002 450 24 48 0.05755941 
401 546 341 476 0.051676422 
908 359 17 23 0.051290087 
396 114 31 40 0.051243216 
81 254 42 57 0.048248738 
177 261 45 59 0.046387635 
464 46 23 30 0.046354767 
924 440 27 31 0.042887915 
136 166 32 38 0.039931916 
428 159 16 21 0.037837185 
528 35 47 59 0.037812162 
696 203 33 48 0.03775809 
460 47 17 22 0.036425218 
687 310 66 78 0.036104333 
211 292 29 38 0.03575158 
154 20 40 52 0.035619505 
462 60 25 34 0.033653468 
715 428 53 92 0.033521753 
906 361 27 38 0.0334671 
275 307 124 187 0.032096647 
421 161 27 32 0.03151156 
106 281 43 55 0.03092886 
396 155 17 22 0.03066836 
13 108 29 38 0.030061686 
516 12 44 58 0.029667258 
148 216 33 40 0.028900389 
639 276 83 122 0.028689533 
376 517 31 43 0.027809491 
383 127 18 21 0.02687856 
195 614 13 15 0.026834494 
169 258 34 42 0.025974134 
591 150 27 38 0.025546886 
400 156 43 56 0.025147773 
114 357 35 45 0.025072807 
2 190 38 44 0.025014983 
391 140 28 37 0.024965916 
624 188 22 24 0.024128426 
98 252 29 37 0.024032384 
62 197 33 42 0.024032122 
391 120 19 24 0.023960797 
101 271 34 43 0.023928879 
996 326 25 45 0.023647208 
988 303 26 42 0.023628155 
392 177 26 36 0.023279034 
1 352 30 41 0.023031307 
52 174 20 24 0.022933163 
211 51 18 22 0.022441456 
171 183 43 53 0.022204088 
691 266 61 71 0.021877278 
8 153 27 35 0.021158397 
533 111 90 114 0.021074481 
186 56 31 36 0.020350127 
44 155 30 40 0.020179404 
