35_Basketball_playingbasketball_35_636
26
340 62 220 279 0.9998728 
871 368 72 98 0.794317 
921 89 29 36 0.79215276 
888 119 30 36 0.43904462 
661 488 30 37 0.27813575 
705 151 28 35 0.13813898 
801 67 25 34 0.123148754 
-43 232 408 391 0.05975393 
839 100 25 31 0.05669204 
878 100 26 33 0.04397055 
875 127 45 53 0.04278728 
870 126 27 34 0.032077745 
862 101 24 31 0.028072692 
849 103 26 32 0.027871076 
698 98 16 20 0.027310936 
857 131 27 33 0.02645175 
688 126 23 31 0.026254483 
63 389 156 156 0.025523802 
868 130 17 22 0.025407529 
828 99 25 33 0.023592439 
874 178 28 38 0.023370536 
791 68 23 37 0.021903628 
442 -19 134 146 0.021859756 
934 95 21 27 0.021574754 
922 86 19 24 0.020966273 
877 97 17 23 0.02057126 
