35_Basketball_playingbasketball_35_366
28
411 322 33 48 0.8533617 
504 747 26 33 0.11089536 
528 470 33 39 0.09564359 
422 789 30 38 0.060734272 
555 169 27 37 0.04785433 
420 329 19 29 0.045122802 
407 330 15 23 0.03620413 
397 339 38 41 0.032695916 
571 49 18 21 0.030206708 
508 170 40 56 0.027985511 
631 110 9 14 0.027722174 
588 -53 399 456 0.026349174 
692 148 13 15 0.025755953 
513 749 16 20 0.025534257 
373 345 27 36 0.024976285 
413 329 17 25 0.024791775 
692 114 12 15 0.023938151 
704 102 30 31 0.023553679 
491 566 47 55 0.023293843 
714 107 17 19 0.02275955 
678 137 30 31 0.021755757 
687 142 10 12 0.021651966 
624 117 8 12 0.021623436 
656 141 8 10 0.021555815 
614 110 12 15 0.020517541 
476 517 407 374 0.020483399 
759 33 25 30 0.020302963 
716 122 12 15 0.02003676 
