35_Basketball_basketballgame_ball_35_201
47
597 2 117 138 0.9999337 
278 375 121 168 0.9998449 
724 167 103 125 0.9996922 
632 394 112 131 0.99968684 
506 225 104 143 0.9993649 
14 396 112 170 0.99933136 
937 219 85 130 0.99918574 
125 272 93 133 0.99888426 
841 -7 88 119 0.9987865 
88 141 91 116 0.9947949 
385 157 93 124 0.99198395 
0 39 81 133 0.9868493 
713 509 107 114 0.6022009 
288 -2 51 37 0.5681505 
498 -4 69 64 0.17258337 
465 -4 73 63 0.16636834 
802 -3 92 109 0.13425872 
382 1097 110 129 0.12275872 
3 760 30 46 0.121783026 
177 802 107 175 0.104467556 
946 25 51 73 0.0840063 
964 6 44 70 0.07678258 
424 -10 105 100 0.0703805 
785 2 69 86 0.058668148 
670 440 116 146 0.05237971 
22 728 51 58 0.050644875 
0 794 30 39 0.043254714 
913 20 58 76 0.03793995 
455 0 44 43 0.032190118 
480 1 48 37 0.0314321 
524 0 69 80 0.03084437 
208 -1 64 60 0.030621454 
751 553 71 84 0.030602185 
143 737 375 479 0.02840077 
-2 1172 33 45 0.028251447 
138 216 37 46 0.028222581 
54 1142 14 18 0.028188685 
12 752 38 53 0.027866505 
40 364 107 143 0.02638409 
683 860 222 279 0.025219547 
56 1117 11 14 0.02326019 
49 734 33 43 0.022339992 
644 1162 13 17 0.02172326 
642 1170 14 19 0.021703325 
421 162 102 128 0.021596547 
477 2 101 102 0.02158486 
581 817 358 441 0.020330625 
