35_Basketball_playingbasketball_35_13
20
444 165 86 120 0.99933916 
841 18 26 33 0.23421705 
682 86 94 139 0.10832763 
349 46 61 85 0.098257184 
782 62 62 74 0.06357258 
736 61 96 129 0.056997914 
-75 -133 411 470 0.04837765 
519 1112 140 128 0.03368514 
802 63 36 50 0.03158018 
218 245 98 152 0.03119224 
267 113 43 57 0.031032043 
861 49 35 47 0.029849745 
-105 415 373 432 0.029047206 
359 611 403 475 0.026824718 
772 47 102 123 0.026675252 
259 69 82 113 0.02612654 
282 333 402 514 0.025683198 
775 39 34 43 0.024039341 
290 24 91 113 0.021931235 
607 -3 88 101 0.0204355 
