35_Basketball_basketballgame_ball_35_478
434
128 415 69 96 0.99839765 
720 318 12 14 0.82806414 
658 159 9 12 0.2965486 
310 274 23 26 0.20521973 
472 168 10 11 0.2026903 
734 165 9 12 0.18371116 
406 159 7 10 0.16677774 
661 162 10 12 0.16371529 
343 149 7 10 0.15453464 
430 144 10 12 0.15359756 
895 209 14 17 0.15041965 
611 179 10 12 0.1472995 
72 207 10 14 0.14345317 
624 159 9 11 0.14117588 
696 168 10 12 0.14060424 
620 110 9 11 0.140481 
599 159 8 10 0.13822386 
788 241 12 15 0.13821134 
561 158 9 11 0.12537558 
401 160 9 10 0.12345164 
624 165 10 11 0.12199457 
380 261 11 15 0.12059766 
463 149 9 11 0.1185086 
717 167 10 12 0.113957234 
497 104 9 11 0.10352174 
743 159 8 10 0.099396385 
655 135 8 11 0.0990333 
623 192 9 12 0.0984917 
490 165 8 11 0.09805455 
713 168 10 12 0.09739235 
656 197 8 10 0.09326241 
340 243 12 15 0.09300017 
457 158 9 11 0.091936775 
89 197 8 10 0.09044893 
495 143 7 10 0.08228434 
76 210 10 12 0.08176091 
552 24 8 10 0.08132371 
478 129 8 9 0.08065821 
560 151 9 11 0.07969041 
614 201 11 14 0.0787468 
806 244 12 13 0.07847983 
744 237 12 16 0.07644419 
809 158 8 10 0.076362066 
498 65 8 10 0.07479902 
394 174 9 12 0.07363785 
439 174 9 11 0.07194179 
478 150 8 10 0.071239516 
624 142 8 11 0.07113265 
494 165 8 12 0.07074705 
323 273 16 20 0.0707393 
778 176 8 9 0.07054202 
313 159 7 9 0.07003013 
738 79 8 11 0.06848583 
273 149 8 10 0.066312216 
440 198 8 11 0.0656505 
69 188 8 11 0.06530859 
441 158 8 10 0.06498705 
334 182 10 12 0.06167784 
447 125 7 10 0.060860187 
629 164 9 12 0.060185455 
472 149 8 11 0.060151156 
632 86 8 11 0.05999833 
280 130 8 9 0.05989646 
397 191 10 11 0.05929215 
88 230 8 10 0.05902481 
326 263 13 16 0.058576368 
813 158 8 10 0.058246106 
783 176 6 9 0.057560544 
497 69 7 10 0.05694032 
306 168 7 9 0.056810524 
513 89 7 9 0.056723822 
103 191 9 10 0.056289416 
462 157 8 10 0.056245063 
80 231 7 9 0.055668674 
289 150 7 9 0.055375937 
476 167 9 11 0.055301186 
189 23 8 10 0.055271994 
159 24 9 12 0.05412333 
109 222 9 11 0.05395645 
400 164 8 10 0.053843364 
338 79 7 9 0.053719237 
560 23 8 11 0.053568106 
736 159 9 12 0.053451125 
599 163 8 11 0.05260629 
463 127 8 10 0.052539494 
640 166 7 10 0.052520912 
447 153 8 9 0.052493587 
463 112 8 9 0.051539302 
736 49 8 11 0.051428583 
332 259 12 17 0.04982582 
340 252 14 17 0.04939708 
432 173 8 12 0.049284805 
682 206 8 11 0.04896487 
745 196 7 11 0.048954263 
320 192 8 10 0.04874488 
489 119 8 10 0.04815722 
616 189 10 12 0.048066508 
344 181 8 11 0.04789303 
564 149 10 13 0.04779193 
369 192 7 9 0.04778141 
440 167 8 10 0.047430784 
633 48 7 11 0.047296207 
120 228 9 10 0.04652402 
489 160 8 11 0.046371393 
357 205 11 13 0.046255015 
734 111 8 10 0.046002973 
510 260 11 16 0.045859497 
600 86 9 11 0.045786742 
345 176 8 11 0.045652874 
687 181 9 12 0.045437552 
441 181 9 12 0.04536286 
842 197 10 12 0.045333285 
83 88 11 12 0.04466847 
382 165 8 10 0.04447422 
335 253 12 16 0.04421009 
776 195 9 11 0.0441209 
365 166 9 10 0.043329485 
761 158 8 11 0.043032367 
802 339 27 32 0.042907853 
624 127 8 10 0.042751558 
552 149 8 11 0.042749204 
458 152 8 11 0.042573325 
104 215 8 12 0.042465795 
70 183 9 11 0.04238692 
196 183 10 12 0.042325072 
448 120 7 9 0.041969985 
624 172 9 11 0.041658584 
495 160 8 10 0.041644234 
798 88 9 11 0.041620933 
798 225 14 16 0.041010052 
479 132 8 11 0.04100627 
90 225 7 9 0.040896717 
669 158 10 12 0.040719245 
811 341 14 18 0.040443406 
71 232 9 11 0.040367614 
577 103 8 10 0.040192924 
440 192 8 10 0.040024903 
766 117 8 10 0.039962098 
616 167 8 10 0.03954694 
383 160 8 10 0.03948003 
455 96 8 10 0.03909912 
943 201 11 13 0.038961194 
445 200 9 12 0.038939442 
703 205 8 11 0.03851149 
629 197 9 11 0.038508773 
192 108 8 10 0.038429245 
758 192 9 12 0.03807587 
352 176 6 9 0.037853505 
638 49 8 12 0.03754438 
735 172 8 10 0.037501283 
630 142 8 11 0.03745148 
593 190 8 10 0.03741971 
760 120 9 10 0.037245277 
615 24 8 10 0.03684801 
112 168 8 11 0.036787085 
318 158 7 9 0.03651631 
595 158 8 10 0.035893116 
742 79 9 11 0.035724796 
646 149 8 12 0.035665214 
597 201 11 15 0.035638273 
639 111 8 9 0.035612956 
339 150 7 9 0.035334032 
808 209 9 11 0.035148293 
754 193 8 10 0.034815725 
749 240 12 15 0.034434408 
840 149 8 10 0.034388524 
640 199 8 10 0.034266084 
624 150 9 11 0.034234803 
599 152 8 10 0.03419125 
839 144 8 10 0.034158725 
327 197 9 11 0.03413655 
583 102 9 10 0.03398327 
265 189 9 11 0.03385559 
661 152 11 13 0.0337553 
577 23 8 10 0.03374377 
313 125 8 10 0.0337131 
551 160 8 10 0.03351753 
236 149 11 13 0.03343284 
97 214 8 12 0.033384025 
309 166 7 9 0.033246603 
657 126 7 10 0.033159308 
648 95 8 12 0.03306641 
111 216 8 11 0.032878794 
646 173 8 10 0.032816026 
760 135 9 10 0.032674156 
512 93 9 11 0.032600045 
315 121 7 9 0.032551747 
599 189 9 11 0.03251407 
713 69 10 13 0.032340307 
351 151 8 9 0.032178488 
624 135 8 11 0.032084696 
616 76 9 13 0.032072376 
888 183 11 14 0.032071836 
517 156 8 11 0.03148584 
327 238 9 12 0.03147389 
744 96 7 10 0.031453103 
393 158 8 10 0.03141523 
808 154 7 9 0.031391613 
768 142 7 10 0.031336997 
440 119 8 10 0.03133504 
128 206 9 10 0.03108218 
924 243 23 33 0.030880064 
768 104 7 8 0.030768437 
623 77 9 12 0.030657869 
512 101 8 11 0.030598126 
334 160 7 8 0.030558946 
550 28 9 12 0.030387618 
494 118 9 12 0.03036098 
495 125 8 10 0.030191313 
689 175 9 12 0.030084142 
271 102 7 10 0.02992417 
677 261 13 14 0.029858856 
161 104 7 9 0.029849844 
496 148 8 10 0.029804572 
808 126 8 11 0.02975285 
359 47 8 11 0.02972689 
647 120 8 10 0.029718164 
625 23 8 9 0.029551322 
222 165 9 12 0.029532319 
93 198 9 10 0.029423729 
769 36 9 12 0.029288897 
717 341 14 15 0.029288735 
406 261 10 13 0.029287035 
511 60 9 11 0.02912694 
280 144 7 9 0.029049775 
486 199 10 12 0.02904618 
480 95 7 9 0.029029183 
727 94 7 9 0.028993193 
726 87 8 10 0.028962603 
496 173 7 10 0.028880445 
223 174 8 10 0.028766463 
416 153 6 9 0.028699456 
610 71 8 10 0.028604375 
645 166 8 11 0.028569749 
590 103 8 10 0.02854082 
465 175 9 12 0.028527299 
414 157 8 10 0.02844502 
662 134 9 12 0.028350148 
328 167 8 11 0.028108403 
289 120 6 8 0.02804099 
120 214 8 10 0.027997954 
311 281 27 35 0.02796688 
282 174 7 10 0.027962679 
629 148 9 11 0.027955124 
815 192 9 11 0.027894568 
441 153 8 10 0.02776281 
278 158 9 11 0.02760744 
529 104 8 10 0.027606217 
806 335 13 14 0.027588122 
266 183 8 10 0.027507372 
622 105 9 11 0.02743989 
446 156 8 11 0.027314302 
608 204 10 13 0.027154882 
473 96 7 8 0.02698537 
703 333 11 15 0.026902039 
422 87 8 10 0.026808964 
338 144 7 9 0.026658203 
152 24 8 10 0.02663308 
232 155 11 14 0.026517214 
774 413 13 16 0.026485313 
780 196 9 11 0.026441364 
865 165 9 12 0.026439535 
454 86 7 10 0.026220411 
97 25 8 11 0.026209777 
446 135 10 12 0.02619514 
365 24 8 10 0.026182555 
800 214 10 12 0.026171207 
769 207 9 11 0.026129663 
615 31 8 11 0.026032584 
642 72 7 10 0.026014939 
688 157 8 10 0.025999887 
217 175 7 10 0.025976697 
129 142 7 9 0.025935352 
661 204 11 12 0.025810061 
735 151 8 10 0.025794629 
398 388 12 15 0.025688786 
352 196 10 13 0.025670897 
789 207 10 12 0.02565697 
690 168 8 11 0.025654228 
489 95 6 9 0.025616355 
337 206 9 12 0.025536671 
608 151 7 10 0.025484728 
184 28 8 10 0.025396913 
607 187 9 12 0.025362877 
401 209 9 11 0.025306849 
792 184 7 9 0.025285216 
648 101 7 11 0.025262134 
760 221 11 13 0.025244266 
381 217 11 14 0.025226986 
501 62 9 11 0.025215529 
398 154 9 10 0.025187645 
783 206 10 12 0.02517607 
426 172 8 11 0.025175633 
775 118 7 9 0.025164165 
257 111 7 9 0.025160158 
720 61 8 12 0.025149893 
583 175 9 12 0.0250489 
720 103 7 11 0.025034027 
860 276 10 12 0.024992257 
455 101 8 10 0.024972212 
293 151 8 9 0.024971616 
256 141 8 10 0.024927814 
629 24 8 10 0.024885567 
817 175 7 9 0.024853421 
500 108 9 11 0.024777504 
325 275 23 31 0.024766453 
495 137 8 10 0.024766175 
735 135 8 10 0.024726568 
328 191 9 11 0.024651146 
313 261 25 31 0.024648022 
94 221 8 10 0.024596872 
382 152 7 8 0.024591267 
321 152 7 9 0.024315739 
377 215 10 13 0.02431215 
720 143 7 9 0.02424152 
152 199 7 9 0.024239494 
681 151 8 11 0.024123322 
144 24 8 9 0.024110213 
702 340 11 15 0.024082012 
202 125 8 11 0.023923067 
240 143 8 10 0.023782667 
617 105 8 11 0.023747075 
790 128 8 10 0.023675315 
336 176 8 11 0.023558747 
702 170 8 12 0.023553994 
336 238 12 15 0.023531618 
450 95 7 10 0.023491178 
303 142 7 10 0.023487415 
337 239 21 27 0.02347275 
705 151 8 10 0.023427308 
599 70 7 10 0.02339751 
792 189 7 10 0.023323672 
440 95 7 9 0.023316965 
480 190 8 11 0.023306215 
489 136 7 10 0.023286773 
432 137 8 10 0.023221627 
264 176 8 10 0.023218652 
456 200 8 11 0.023215966 
729 158 9 12 0.023207484 
823 150 8 9 0.02319363 
266 151 7 9 0.023105817 
360 160 8 10 0.023068096 
89 215 9 11 0.022922818 
315 286 17 21 0.022880755 
617 128 8 10 0.022850942 
886 201 24 29 0.022731459 
482 79 7 10 0.022695225 
649 198 8 11 0.0226948 
680 197 9 12 0.022692902 
786 151 7 9 0.022687595 
338 276 17 22 0.022633992 
720 206 9 11 0.022609202 
729 47 8 11 0.022593977 
781 238 21 23 0.022571186 
743 101 7 10 0.022551531 
265 144 7 9 0.02251102 
434 193 7 9 0.02250219 
639 160 9 11 0.022442648 
92 230 9 12 0.022328347 
122 207 8 10 0.022311976 
382 239 11 15 0.022311438 
576 175 9 11 0.022180615 
520 87 8 11 0.02210074 
318 119 7 9 0.022059366 
512 120 7 10 0.022053896 
551 144 8 11 0.022043051 
694 313 13 17 0.022022562 
406 164 9 10 0.02201033 
545 24 8 10 0.021979313 
471 144 8 11 0.021972135 
369 453 10 12 0.021949474 
455 163 9 12 0.021865973 
729 152 8 10 0.021850973 
774 206 10 12 0.021813346 
375 191 8 10 0.021797016 
258 190 8 10 0.021794613 
351 269 97 138 0.021750942 
177 41 8 10 0.021707255 
480 144 8 10 0.021706615 
722 87 8 10 0.02168987 
326 150 7 8 0.0216629 
528 128 8 9 0.021585029 
799 243 13 15 0.021574287 
351 142 8 10 0.021554764 
351 181 7 10 0.021468837 
161 108 8 10 0.021372877 
167 104 8 10 0.021368608 
491 141 8 12 0.021323206 
496 95 8 10 0.021311453 
669 173 9 12 0.02128819 
64 66 10 13 0.021239128 
751 196 10 12 0.021101391 
710 151 8 10 0.021031043 
486 79 7 9 0.021020187 
849 23 8 10 0.020993339 
711 189 10 11 0.020970287 
65 212 8 11 0.02092081 
281 119 6 8 0.02075004 
320 238 11 13 0.020681467 
278 150 8 9 0.020652121 
362 78 8 11 0.020650107 
94 206 9 12 0.020645825 
704 158 8 11 0.020643974 
271 231 174 239 0.020630127 
546 159 8 9 0.020621875 
289 112 6 8 0.02055576 
656 151 9 12 0.020552443 
272 213 9 13 0.020542065 
342 79 7 10 0.020513088 
343 85 7 10 0.020507718 
725 230 11 15 0.02049477 
111 228 8 10 0.020493953 
427 143 9 11 0.020468926 
719 191 7 10 0.020459808 
709 320 20 26 0.020456826 
592 151 9 11 0.020430554 
464 117 7 10 0.020409185 
790 347 11 16 0.020409178 
481 118 7 9 0.020384578 
798 353 32 39 0.020360373 
743 31 8 11 0.020352906 
664 171 9 12 0.020352745 
501 70 9 10 0.020318761 
749 159 9 12 0.020311974 
784 181 7 10 0.020296661 
377 165 8 11 0.020270985 
765 213 11 13 0.020245438 
720 24 7 9 0.020198183 
425 206 8 11 0.020187587 
654 152 18 23 0.020159433 
450 86 8 9 0.020096663 
888 193 11 14 0.02008391 
823 143 8 10 0.020063734 
184 69 7 9 0.020003472 
