35_Basketball_Basketball_35_579
76
902 92 52 68 0.9986846 
734 295 47 60 0.9913051 
412 343 23 27 0.9788285 
82 97 25 31 0.9756235 
267 529 22 28 0.9640938 
478 569 19 28 0.94251037 
79 598 24 32 0.8044887 
203 216 23 28 0.45679104 
491 114 26 35 0.31930014 
845 141 49 66 0.31543973 
108 148 10 12 0.15423155 
511 78 27 33 0.12724057 
79 179 11 15 0.12009217 
199 177 22 27 0.105985515 
105 653 11 14 0.09564575 
703 244 34 35 0.073677644 
45 603 10 13 0.06005399 
455 685 28 30 0.05640599 
468 77 18 22 0.056107443 
54 133 13 14 0.05437446 
189 187 14 19 0.052597992 
786 628 107 144 0.046831477 
489 571 14 21 0.045498498 
220 145 13 16 0.043986294 
500 76 24 31 0.041691918 
175 164 11 15 0.038245253 
174 227 15 21 0.03706063 
105 165 10 14 0.037015524 
175 144 13 17 0.03676015 
69 77 17 20 0.036387026 
40 637 11 13 0.036380105 
209 604 9 12 0.03482289 
209 183 17 21 0.033835515 
53 146 13 16 0.033670597 
120 634 11 16 0.03248466 
454 692 14 16 0.032030687 
125 180 12 16 0.030792309 
507 605 21 32 0.030603787 
466 601 15 17 0.030410571 
103 644 12 15 0.030291907 
117 628 23 29 0.030248784 
83 173 14 20 0.029975414 
103 131 12 16 0.029871115 
721 581 241 235 0.029261682 
40 601 10 12 0.029047925 
108 155 11 14 0.028828131 
59 144 13 17 0.028596228 
476 90 15 21 0.02843058 
166 231 22 26 0.02838846 
102 139 20 25 0.028298514 
68 604 26 34 0.02670119 
490 79 22 33 0.026663681 
120 468 10 13 0.026538027 
686 212 50 48 0.026249085 
126 620 12 14 0.025743224 
43 148 13 15 0.025378397 
49 135 22 26 0.025211073 
180 164 12 15 0.024193525 
158 148 11 14 0.02403391 
118 148 9 12 0.023992043 
867 146 37 49 0.023761174 
165 162 13 16 0.023565225 
158 160 13 17 0.023311902 
478 32 340 459 0.023165531 
63 615 13 19 0.022837816 
105 124 13 15 0.02277724 
523 82 17 23 0.022458017 
519 605 24 34 0.021836586 
557 200 182 261 0.021832325 
135 604 10 13 0.021652903 
188 176 23 29 0.021039477 
220 192 15 21 0.020848911 
700 353 26 38 0.02079713 
498 99 30 41 0.020569287 
167 152 25 30 0.02053302 
732 200 31 41 0.020388477 
