35_Basketball_basketballgame_ball_35_133
20
331 99 174 214 0.9979431 
740 99 183 278 0.99781346 
701 74 105 157 0.9946371 
107 44 161 203 0.98663527 
722 355 112 124 0.102094226 
265 63 169 219 0.088915035 
231 132 395 502 0.08498395 
692 127 72 101 0.05152351 
357 39 121 144 0.03653361 
673 341 147 200 0.035355575 
607 357 135 188 0.03437638 
894 74 144 178 0.031666327 
119 253 178 277 0.030456252 
645 75 109 158 0.029259283 
563 88 382 424 0.028246779 
87 276 51 55 0.025799751 
212 31 103 141 0.022077816 
38 334 16 19 0.021412631 
350 297 382 377 0.021090217 
667 168 219 281 0.020522043 
