35_Basketball_Basketball_35_791
25
767 43 82 118 0.9971975 
64 263 10 14 0.1148136 
92 238 13 15 0.062274627 
462 231 14 18 0.05658055 
618 287 10 13 0.048312847 
964 740 13 18 0.042739853 
476 205 15 16 0.041747827 
487 224 15 18 0.04081316 
569 298 11 14 0.039070252 
559 281 8 10 0.0375057 
613 326 10 13 0.035134945 
477 225 14 17 0.03456333 
980 738 18 19 0.034041267 
629 324 9 13 0.03124013 
261 235 14 16 0.030335905 
545 285 9 12 0.03001165 
955 659 11 15 0.029434048 
252 354 15 17 0.025563285 
584 294 9 11 0.025436068 
483 211 13 15 0.023154074 
557 365 12 15 0.021720918 
491 175 14 17 0.02155386 
543 303 9 13 0.021501536 
593 435 11 14 0.020876255 
128 551 9 12 0.02023874 
