35_Basketball_basketballgame_ball_35_460
28
448 446 202 251 0.9997873 
691 878 110 117 0.24750307 
41 290 472 434 0.18729565 
-14 167 346 448 0.17353311 
132 703 243 276 0.13292746 
361 1001 338 444 0.11279726 
670 853 219 296 0.10506085 
362 223 368 485 0.09681809 
486 947 372 497 0.07402921 
51 464 386 441 0.06803457 
695 904 146 156 0.062157545 
539 212 444 439 0.054159913 
22 714 357 456 0.053125054 
660 810 374 472 0.05305375 
484 58 35 46 0.047015544 
667 833 156 122 0.035544716 
16 23 108 109 0.034025744 
217 628 313 400 0.033622924 
413 659 221 283 0.032287728 
550 966 64 59 0.026626468 
538 458 217 253 0.025847452 
620 1048 350 488 0.024686845 
340 576 418 404 0.024297932 
407 223 44 59 0.022406759 
352 1100 224 277 0.022198495 
506 1049 219 328 0.021788377 
120 376 283 288 0.021223363 
697 895 44 53 0.020640802 
