35_Basketball_Basketball_35_361
86
165 249 25 35 0.9989931 
699 117 25 31 0.9987771 
908 130 31 39 0.99742633 
477 118 24 30 0.9972451 
651 254 27 32 0.99662495 
596 121 24 32 0.996354 
301 250 24 33 0.996188 
870 238 29 34 0.9959233 
405 247 24 31 0.994888 
71 164 26 32 0.99465746 
776 240 27 34 0.9943514 
518 245 23 29 0.9926063 
363 130 25 33 0.9897294 
162 129 25 31 0.98840463 
264 127 23 29 0.9447839 
826 115 24 28 0.93094957 
486 209 13 18 0.1238293 
389 201 13 17 0.10268193 
265 239 22 29 0.102361076 
761 247 30 35 0.09703176 
1 211 11 16 0.08095428 
163 217 25 32 0.07471839 
530 186 24 29 0.07343435 
872 365 12 15 0.06871891 
662 180 13 16 0.06593073 
385 446 11 13 0.06375656 
99 166 18 22 0.062752694 
748 421 14 18 0.061769757 
167 223 14 18 0.060082126 
619 446 12 15 0.058691908 
275 244 15 19 0.054854613 
702 205 13 20 0.053525243 
484 236 16 19 0.0505755 
268 192 30 41 0.05009568 
483 204 22 28 0.049987864 
862 316 24 33 0.04542176 
118 357 15 21 0.044989087 
364 221 31 38 0.044544946 
316 193 25 31 0.04178225 
588 262 29 31 0.041469447 
370 237 27 30 0.041115224 
167 228 26 32 0.039420303 
323 314 11 15 0.038676195 
821 208 13 18 0.03793091 
275 480 19 20 0.037065234 
412 158 11 14 0.03449767 
45 169 15 18 0.034447677 
377 196 29 36 0.03427554 
593 210 30 35 0.03384198 
649 381 10 13 0.032889515 
166 203 27 36 0.032320134 
829 206 15 20 0.03191961 
700 201 23 31 0.030891633 
382 476 16 16 0.03045777 
26 210 14 18 0.02970242 
748 414 12 14 0.029514164 
765 428 14 15 0.028886488 
765 192 16 22 0.028390724 
275 216 14 20 0.028249169 
361 204 31 40 0.027278667 
385 243 17 21 0.027019465 
715 230 18 21 0.026846224 
182 226 15 20 0.025871802 
733 105 26 31 0.025650963 
349 421 11 16 0.02488068 
325 161 16 18 0.024487859 
820 202 23 31 0.024338914 
827 196 25 32 0.024000652 
87 161 23 30 0.023552686 
176 244 25 33 0.023035515 
3 218 11 14 0.023018664 
182 205 12 16 0.022990488 
964 298 15 19 0.022876358 
501 445 11 14 0.022694543 
393 241 25 31 0.022571875 
830 389 12 16 0.022366611 
415 250 27 32 0.021904526 
608 351 10 12 0.021512797 
531 249 24 32 0.021445045 
757 153 17 21 0.021137062 
263 221 26 36 0.021039508 
268 235 16 19 0.020543678 
534 444 12 14 0.020375447 
454 446 12 14 0.020117048 
259 245 19 21 0.020096526 
888 119 23 29 0.020012703 
