35_Basketball_playingbasketball_35_644
25
343 206 167 215 0.9986389 
738 376 226 268 0.24290527 
751 1247 97 141 0.2427811 
580 790 274 438 0.22582163 
487 596 446 517 0.14669006 
718 300 367 433 0.09922401 
-4 1270 82 144 0.071015105 
14 1336 103 146 0.067606755 
11 1260 52 80 0.058466107 
77 1400 109 146 0.05162193 
962 1076 40 47 0.032929026 
735 1271 67 101 0.030790806 
36 833 85 123 0.029583419 
57 821 48 58 0.029150272 
-28 1261 157 252 0.028111642 
-2 1280 43 83 0.027662134 
21 1312 169 229 0.02677841 
758 1234 189 264 0.024549544 
562 1173 108 161 0.023037087 
948 1077 77 168 0.022957148 
560 382 493 536 0.022273565 
109 40 375 487 0.022121623 
683 1218 158 223 0.021407899 
242 304 71 88 0.02112181 
599 1102 209 288 0.020464212 
