35_Basketball_basketballgame_ball_35_287
1441
950 423 11 14 0.8908273 
374 390 9 12 0.82047737 
304 412 8 10 0.7997843 
869 361 10 13 0.7367766 
793 358 10 12 0.73502606 
770 389 11 14 0.71959275 
295 426 12 15 0.66906047 
811 418 11 16 0.64180934 
837 361 12 16 0.64172286 
216 447 10 12 0.63128585 
199 399 10 12 0.59224164 
693 322 10 13 0.57855594 
648 448 12 16 0.5778925 
245 402 8 12 0.5488435 
929 367 10 13 0.5447298 
423 358 13 18 0.54119456 
675 369 12 14 0.53300923 
258 437 9 13 0.5216257 
896 381 10 13 0.51896715 
273 426 10 14 0.5164234 
873 309 9 12 0.50117284 
608 409 13 16 0.47830054 
702 343 10 11 0.4659037 
396 359 8 12 0.42951438 
795 423 11 15 0.4119457 
864 310 8 11 0.39867705 
724 413 10 14 0.3749533 
895 387 10 13 0.36831188 
981 400 10 13 0.36675084 
971 452 9 12 0.36190933 
931 398 11 14 0.35716993 
891 446 11 14 0.35051864 
444 355 13 18 0.33954957 
938 312 7 10 0.3374356 
633 406 10 12 0.3340204 
896 374 10 13 0.32999155 
887 322 10 13 0.3255223 
688 388 9 11 0.32382435 
695 414 8 12 0.31584224 
673 404 10 13 0.3150146 
950 379 11 13 0.31335366 
846 395 14 18 0.30580232 
185 444 11 12 0.30476978 
833 364 10 14 0.30156562 
18 417 14 17 0.30087376 
661 375 9 12 0.29243794 
239 429 12 16 0.2913808 
744 373 11 13 0.2892707 
733 436 11 14 0.28829917 
921 349 9 11 0.2845597 
830 303 9 11 0.28068691 
703 401 10 14 0.2794739 
1001 365 8 10 0.26423824 
632 428 12 15 0.26273552 
660 412 9 11 0.25805774 
1006 382 8 10 0.25389484 
712 383 8 11 0.25146294 
791 350 10 12 0.25050554 
648 310 9 11 0.25002265 
417 488 15 20 0.24918075 
206 462 10 13 0.23889054 
898 184 8 10 0.23768322 
976 398 9 11 0.23763223 
822 364 9 11 0.23602787 
615 314 10 13 0.23413387 
985 328 9 10 0.23244417 
327 357 12 14 0.22978272 
353 373 8 10 0.22857624 
377 385 9 13 0.22823508 
541 294 17 23 0.22572823 
704 348 8 10 0.22520821 
276 493 11 14 0.22435002 
825 309 11 14 0.21850407 
937 316 8 11 0.21817252 
609 297 7 9 0.21054015 
913 309 9 11 0.20809552 
766 373 8 11 0.20464946 
982 382 8 11 0.20417447 
247 429 10 14 0.19929151 
311 438 10 13 0.19928873 
828 306 12 14 0.19904903 
993 460 10 13 0.19890203 
686 337 8 11 0.19766477 
919 389 11 15 0.19364229 
937 336 8 11 0.19235137 
809 304 7 9 0.19224343 
872 348 11 12 0.1915572 
571 315 12 16 0.1910793 
911 362 11 13 0.18913902 
210 445 9 11 0.18474717 
583 323 10 13 0.17898409 
278 322 10 13 0.17004439 
776 359 9 10 0.16934684 
883 419 11 15 0.1660137 
853 342 12 13 0.16364963 
777 182 8 10 0.16229467 
1010 154 12 19 0.16147004 
716 358 8 10 0.16064161 
28 333 8 11 0.16047555 
55 366 10 12 0.15960307 
383 372 9 11 0.15934452 
254 431 9 13 0.15881379 
976 382 9 11 0.15816572 
870 343 11 12 0.15621728 
1001 424 8 10 0.1560356 
919 311 7 9 0.15283069 
893 318 11 13 0.15188608 
342 392 9 11 0.15035175 
430 390 11 14 0.15018286 
706 199 7 10 0.14969443 
992 405 11 14 0.14969437 
574 310 9 13 0.14819765 
952 396 9 11 0.14721943 
847 332 11 11 0.14561021 
919 318 9 10 0.14523679 
713 388 9 10 0.14329487 
783 327 12 13 0.14298397 
802 335 9 11 0.14237355 
77 328 10 12 0.1410505 
706 166 9 11 0.14017789 
895 341 8 10 0.13953991 
586 377 14 19 0.13668834 
760 367 8 10 0.13640653 
641 288 8 10 0.13623129 
71 332 11 14 0.13389549 
972 389 11 13 0.13348977 
686 443 10 13 0.13252164 
415 445 10 13 0.13218655 
744 356 8 11 0.13118987 
886 198 8 10 0.12970985 
495 322 30 37 0.12935597 
901 189 8 11 0.12678058 
984 413 10 12 0.12648106 
943 350 9 11 0.12577634 
992 270 9 11 0.124363765 
584 308 8 11 0.12300105 
656 406 9 11 0.122958764 
752 327 8 11 0.122505784 
782 231 7 10 0.12062579 
989 412 11 13 0.11978446 
751 437 10 13 0.11885356 
891 215 8 10 0.11793267 
78 332 11 13 0.11755804 
937 295 7 9 0.11714943 
822 373 10 13 0.11622795 
894 311 8 10 0.11617166 
681 340 9 11 0.11594422 
806 199 8 9 0.114445 
72 326 10 13 0.11314054 
353 391 7 10 0.11262024 
783 341 12 14 0.11107667 
718 350 8 10 0.110808745 
690 318 9 13 0.10952732 
677 410 10 13 0.10901279 
966 328 8 9 0.10843859 
1009 455 8 11 0.1079927 
945 367 9 11 0.10719724 
517 291 13 18 0.10684381 
924 390 12 13 0.10670446 
1013 429 9 13 0.106422625 
286 411 10 12 0.10628055 
751 309 8 9 0.10615123 
732 310 9 11 0.10604369 
872 304 8 10 0.10600507 
344 367 8 10 0.10596545 
524 288 14 21 0.10593311 
920 190 7 9 0.105887584 
648 396 10 14 0.105645165 
804 453 10 12 0.1053194 
759 176 8 9 0.105216846 
726 388 9 10 0.10521624 
842 167 8 10 0.10517145 
918 207 8 10 0.10515027 
718 384 9 12 0.10514427 
943 296 7 9 0.104921415 
649 315 9 13 0.10470329 
680 388 9 11 0.10417715 
307 271 8 9 0.1041474 
775 364 10 11 0.10321399 
296 453 10 12 0.10320028 
797 375 10 13 0.103065304 
785 398 10 13 0.10257035 
653 317 9 13 0.10251962 
742 438 9 13 0.10241236 
688 349 10 11 0.10238558 
203 468 13 16 0.102016345 
888 365 9 12 0.0997914 
737 158 8 10 0.09895232 
755 255 8 10 0.098871656 
744 327 9 10 0.097859606 
759 231 8 10 0.09697404 
854 333 9 11 0.0968987 
672 447 10 12 0.09674408 
933 232 9 10 0.096708186 
367 366 9 10 0.09662083 
920 245 9 11 0.09643924 
713 320 8 11 0.09638782 
821 403 10 15 0.096380934 
720 371 9 12 0.09604595 
367 342 9 10 0.09531048 
863 343 10 12 0.09523418 
745 212 9 11 0.09505255 
889 357 9 12 0.09504434 
991 344 9 10 0.09480268 
644 473 18 20 0.094569124 
438 360 13 18 0.09455942 
728 342 7 9 0.09453313 
182 439 11 14 0.094284594 
616 326 9 11 0.09402682 
656 430 11 13 0.09372028 
916 364 10 12 0.09354618 
725 237 8 11 0.09345457 
380 382 9 12 0.09316209 
758 326 10 12 0.09224565 
1007 413 9 12 0.09203346 
981 229 10 13 0.09193537 
988 332 9 10 0.09067823 
646 389 12 15 0.09059255 
759 389 10 13 0.090224266 
881 199 8 10 0.09018852 
793 375 9 12 0.090029866 
968 245 10 14 0.08968887 
751 412 11 16 0.089336336 
965 364 11 12 0.08933532 
736 384 9 11 0.089126594 
919 324 8 10 0.08900686 
975 311 9 10 0.08889063 
766 327 9 10 0.088808596 
807 309 8 10 0.08876616 
886 192 8 9 0.08841434 
254 467 10 11 0.08830266 
335 383 8 10 0.0879269 
849 185 7 9 0.08750998 
724 405 10 15 0.08748501 
888 169 7 9 0.08742002 
983 348 9 11 0.087226346 
984 374 10 12 0.08705507 
872 182 8 10 0.08641186 
798 350 9 12 0.08627927 
712 352 8 9 0.085804835 
974 303 8 10 0.08578768 
662 407 10 13 0.08572856 
864 182 8 10 0.08563187 
966 374 9 11 0.08549303 
678 381 11 14 0.08532967 
29 310 9 12 0.08526477 
776 208 7 9 0.0851856 
301 492 12 15 0.084466346 
65 323 9 12 0.08421933 
806 317 9 11 0.0841918 
816 374 10 12 0.08417759 
711 288 7 9 0.08382052 
368 335 9 10 0.08375786 
25 328 9 12 0.083736494 
935 209 7 8 0.08334801 
864 287 8 10 0.08330077 
236 423 12 17 0.08292131 
977 317 7 10 0.08285103 
927 319 8 10 0.08280905 
713 183 6 9 0.08245339 
88 317 7 10 0.08179457 
727 335 9 10 0.081592835 
750 381 11 13 0.08153754 
80 338 10 14 0.08149001 
726 233 8 10 0.08136663 
646 288 8 9 0.08115245 
60 382 12 15 0.08083898 
927 335 8 11 0.08073149 
1 291 11 17 0.08039414 
753 192 7 9 0.0803532 
274 324 9 11 0.0801541 
895 208 8 9 0.07998976 
317 375 9 12 0.07993727 
312 324 8 10 0.079555355 
296 459 9 12 0.07883951 
300 422 11 12 0.07874943 
920 334 9 10 0.078590125 
574 320 11 15 0.07853818 
912 174 8 10 0.07852344 
375 526 9 12 0.078414805 
942 335 9 10 0.07825896 
695 373 10 12 0.07823497 
790 345 9 12 0.077707216 
893 367 10 11 0.07722275 
416 358 14 17 0.07689492 
784 295 7 9 0.0768806 
901 325 9 12 0.07670929 
720 342 9 11 0.07647946 
573 402 17 22 0.07629799 
785 303 9 11 0.07624442 
722 182 7 9 0.07609582 
831 369 10 15 0.07608304 
709 342 9 11 0.07591451 
858 310 8 11 0.07541343 
969 382 8 10 0.0752434 
620 316 9 12 0.075152904 
996 469 10 12 0.07512749 
693 389 10 11 0.074988864 
769 384 10 13 0.07495868 
688 253 7 9 0.074812084 
608 334 9 11 0.07472401 
693 382 11 13 0.07454976 
825 287 8 10 0.07450989 
706 288 7 9 0.074179485 
593 301 7 11 0.07417116 
793 167 8 10 0.07393283 
338 390 8 11 0.07389973 
727 182 7 9 0.07357938 
831 181 8 9 0.07349107 
934 214 9 10 0.07326728 
951 180 9 10 0.0727885 
982 422 9 11 0.07274484 
462 511 16 19 0.072539635 
949 350 10 12 0.071733534 
929 198 8 10 0.07172163 
894 357 8 11 0.07085304 
706 403 12 15 0.07082501 
806 348 9 12 0.07075884 
744 182 7 9 0.07071511 
1014 436 9 13 0.0704719 
802 341 9 12 0.070433415 
303 436 10 13 0.070343204 
653 397 10 13 0.070196465 
368 360 8 10 0.07013542 
818 364 9 12 0.0701232 
686 422 10 13 0.07006874 
375 508 10 13 0.069660805 
814 387 12 16 0.06957899 
311 336 8 10 0.06919595 
624 399 9 13 0.06886394 
919 186 7 9 0.06869254 
926 342 9 11 0.06851273 
360 358 7 9 0.06835601 
775 350 10 11 0.068259776 
942 343 8 10 0.06822043 
920 343 10 12 0.06811026 
671 166 9 10 0.06795965 
958 412 11 13 0.06770024 
904 206 7 10 0.06764466 
1006 376 9 12 0.06753824 
917 358 11 13 0.06721953 
384 349 7 10 0.06681835 
1008 389 9 11 0.06658797 
613 296 8 10 0.06657846 
375 359 8 9 0.06647378 
743 367 11 12 0.06638254 
830 287 9 10 0.066364646 
769 303 7 9 0.06635488 
1015 391 8 11 0.066270694 
321 357 8 10 0.06621754 
0 319 8 13 0.06606186 
781 183 7 9 0.06592813 
1010 408 9 12 0.06587081 
784 348 9 12 0.065706804 
765 421 10 14 0.06531814 
87 312 7 10 0.06524893 
248 423 11 15 0.06500734 
882 193 7 8 0.06499442 
992 397 10 13 0.06489709 
13 424 18 23 0.064591505 
768 318 9 10 0.064010136 
379 388 10 14 0.063960835 
914 207 7 10 0.06370639 
661 428 12 14 0.06338957 
895 335 9 11 0.063294865 
760 192 7 9 0.06325669 
359 351 7 9 0.063039765 
710 198 8 10 0.062813826 
712 325 9 10 0.06273335 
281 303 7 9 0.06270447 
775 342 10 13 0.06268376 
992 276 9 12 0.062157154 
989 437 10 12 0.061808597 
889 373 9 12 0.06180145 
608 317 9 12 0.061652683 
935 199 7 9 0.061417192 
881 255 7 10 0.061381914 
767 311 8 10 0.06134203 
751 388 11 14 0.061291534 
358 411 8 12 0.06114445 
816 380 11 15 0.061109617 
942 160 9 10 0.060825054 
734 335 9 10 0.060745947 
344 372 8 10 0.060683124 
857 303 7 10 0.06066152 
856 183 8 10 0.060101558 
759 181 7 9 0.060052726 
445 309 9 12 0.059912648 
737 152 7 9 0.0597068 
963 411 11 12 0.05952595 
444 350 23 31 0.059514627 
648 306 7 10 0.059504516 
420 378 12 18 0.05937747 
1007 420 10 12 0.059359677 
367 542 12 16 0.059250932 
721 192 7 9 0.05917759 
358 383 8 11 0.059114967 
889 351 9 11 0.05901895 
904 364 10 13 0.059018698 
999 476 9 12 0.058818385 
742 159 8 10 0.058768846 
767 350 9 10 0.058768276 
652 390 10 13 0.058702003 
696 405 10 12 0.05867941 
802 198 8 9 0.05866457 
61 316 11 13 0.05863311 
768 240 7 9 0.05857087 
705 381 9 12 0.058556724 
333 363 11 13 0.058354355 
727 175 7 9 0.058241695 
936 302 7 9 0.0581481 
969 295 7 9 0.058118857 
702 222 8 10 0.057891447 
914 317 9 12 0.057838656 
743 431 8 12 0.057822026 
627 452 13 16 0.057626985 
784 392 9 11 0.057615023 
358 390 7 10 0.05754014 
311 454 10 12 0.057523385 
764 482 10 14 0.057411756 
601 327 9 11 0.057409827 
921 199 7 9 0.057306696 
950 415 11 14 0.057194203 
863 304 9 11 0.05710358 
784 423 11 13 0.057017047 
758 382 9 12 0.057003714 
895 351 9 11 0.056914814 
785 287 8 10 0.05690508 
967 359 11 12 0.056803733 
776 256 8 9 0.056792673 
751 443 10 12 0.05673952 
744 342 9 10 0.05657335 
760 199 7 9 0.056455757 
874 207 7 9 0.056364484 
824 294 8 10 0.056138758 
548 284 13 21 0.056052182 
905 167 9 10 0.05600592 
958 174 8 11 0.055904504 
754 232 7 9 0.0551067 
950 389 11 13 0.055071305 
589 383 14 20 0.05487873 
63 311 9 12 0.054754402 
904 397 10 13 0.05466944 
946 373 9 13 0.054606736 
1008 493 10 12 0.054577716 
742 378 11 13 0.054505102 
955 425 13 14 0.05422381 
890 207 8 10 0.054170944 
705 184 7 9 0.054142516 
801 220 8 10 0.05406184 
300 454 11 13 0.053880796 
832 295 7 9 0.05383893 
943 390 11 14 0.05367022 
878 305 8 10 0.053557955 
890 311 8 10 0.053400967 
726 400 8 12 0.053393614 
287 444 9 12 0.053168103 
58 311 8 11 0.05303063 
929 446 10 13 0.05288997 
953 177 8 9 0.05285883 
673 271 8 10 0.052800123 
744 332 9 11 0.052714936 
977 326 7 10 0.052590374 
778 177 7 9 0.052349903 
896 174 7 9 0.05234274 
70 390 11 15 0.052163083 
607 326 10 12 0.051946644 
929 192 7 10 0.05181088 
397 539 12 15 0.051788133 
622 239 7 9 0.05172329 
755 176 7 9 0.051649302 
999 413 10 13 0.051513534 
913 224 8 10 0.051503368 
899 435 13 15 0.05147872 
351 357 8 10 0.051324353 
630 302 8 10 0.05126249 
695 418 11 14 0.051213164 
782 428 11 14 0.051106375 
688 427 9 13 0.051075768 
29 404 11 14 0.051000323 
844 405 15 19 0.05097384 
1015 444 9 11 0.050663676 
895 169 8 9 0.050656177 
712 293 7 9 0.05060321 
751 332 8 11 0.050577905 
721 198 7 10 0.050542746 
760 395 10 13 0.05047821 
784 279 8 11 0.05042591 
962 328 7 9 0.050303884 
197 427 13 16 0.050151587 
327 397 10 13 0.050150227 
190 451 10 12 0.0501179 
729 169 7 8 0.050110854 
295 446 9 12 0.050082922 
751 342 8 10 0.050076056 
769 439 10 13 0.049814146 
609 435 9 13 0.049803857 
599 303 8 11 0.04971764 
992 422 9 11 0.04960695 
904 199 7 10 0.04950387 
408 527 12 14 0.04948848 
960 375 10 13 0.049441848 
975 376 9 12 0.049387217 
531 291 18 24 0.049202994 
289 461 8 11 0.04918722 
902 405 13 16 0.049090248 
767 342 10 13 0.049001772 
991 264 9 10 0.048887867 
774 412 10 14 0.04885991 
800 193 8 9 0.04884485 
876 344 10 11 0.048770327 
902 349 10 12 0.048768155 
905 175 7 8 0.048766084 
557 240 9 11 0.04869743 
760 309 8 10 0.048642766 
321 310 8 10 0.04845615 
917 224 8 10 0.0481977 
578 395 15 20 0.048196424 
872 166 7 8 0.04817408 
722 176 8 10 0.04798809 
56 304 7 9 0.047915034 
609 167 8 9 0.047820248 
1001 373 10 12 0.047768418 
361 343 8 10 0.04769542 
296 342 8 9 0.047623176 
367 526 10 13 0.047586348 
727 191 7 9 0.047452733 
742 246 8 11 0.047399946 
750 209 8 11 0.047308866 
323 478 13 17 0.047266323 
705 292 7 10 0.047065277 
705 161 9 11 0.047060393 
777 213 7 9 0.046997927 
828 315 11 13 0.04698444 
401 313 7 8 0.046900257 
767 368 9 12 0.046768837 
720 335 9 11 0.046733025 
612 332 10 13 0.046594955 
761 237 7 9 0.046593025 
699 400 9 11 0.04653369 
389 323 9 11 0.046418253 
816 326 8 11 0.046371136 
871 286 7 10 0.04635717 
599 309 8 11 0.046289857 
566 318 13 18 0.046218336 
1013 193 10 15 0.04608444 
414 372 20 29 0.04606122 
729 199 7 9 0.045996267 
904 357 10 13 0.045804214 
958 407 11 12 0.045744408 
197 413 13 15 0.045720343 
910 452 9 12 0.04565246 
791 286 8 10 0.045639563 
63 372 11 13 0.045629725 
423 340 10 12 0.04560078 
870 314 11 12 0.045597855 
321 353 7 9 0.045538 
880 207 7 10 0.045444228 
744 443 9 12 0.04543964 
806 151 8 10 0.045435872 
776 295 8 9 0.045425948 
757 413 10 15 0.045422647 
935 390 9 12 0.04542194 
864 315 9 11 0.0452771 
405 533 11 13 0.045017697 
744 151 7 9 0.045009937 
633 225 7 9 0.044994656 
430 337 13 15 0.044835504 
273 453 9 13 0.04470995 
273 487 10 13 0.04461935 
508 322 17 21 0.04461202 
556 300 11 14 0.044510152 
878 183 8 9 0.044420138 
386 324 8 11 0.0444092 
824 177 8 9 0.044285487 
927 359 8 11 0.044283133 
830 338 10 13 0.04426134 
992 393 9 10 0.044245068 
760 168 7 8 0.044178423 
983 389 9 11 0.04414703 
816 175 7 9 0.044072796 
797 364 9 11 0.044021603 
929 304 7 9 0.04397421 
970 303 7 9 0.043961357 
767 174 7 9 0.043920062 
690 414 9 12 0.043896113 
427 379 13 17 0.043870345 
978 424 9 11 0.043869805 
705 172 7 10 0.043792125 
351 309 9 12 0.043634355 
601 333 9 11 0.043579306 
809 207 7 9 0.043490753 
817 193 7 8 0.043442756 
23 404 12 15 0.043423068 
286 510 11 13 0.04339836 
738 247 8 10 0.043334045 
604 362 17 22 0.043294135 
22 350 9 12 0.043291852 
182 405 10 14 0.043240942 
750 358 9 10 0.043240044 
218 451 11 13 0.043141473 
353 352 9 10 0.042878993 
793 160 7 9 0.04256842 
630 272 8 9 0.04254771 
873 177 7 9 0.0425134 
191 412 11 14 0.04247316 
848 345 13 15 0.04231403 
807 448 10 12 0.042277496 
657 286 7 10 0.0422242 
442 303 7 9 0.042222764 
953 198 8 10 0.042180594 
695 248 7 9 0.042083193 
840 192 7 9 0.042026933 
848 302 9 11 0.0419952 
784 308 11 12 0.041994497 
817 286 8 9 0.041919988 
679 443 10 14 0.04184051 
775 248 8 9 0.041734464 
311 302 7 10 0.04172741 
328 353 9 11 0.041711222 
871 294 7 9 0.041671235 
317 435 11 14 0.041606404 
902 248 7 10 0.04154851 
881 316 8 12 0.041451424 
626 301 8 11 0.041425463 
879 215 8 9 0.041365787 
385 320 8 9 0.041353855 
959 295 7 9 0.041348595 
959 191 10 12 0.04134819 
782 176 7 9 0.041286904 
752 431 9 13 0.04127257 
808 295 8 10 0.041256577 
734 340 9 11 0.041040536 
982 319 8 9 0.04100639 
1013 460 9 14 0.040966794 
383 525 12 13 0.040956676 
669 423 10 14 0.04094254 
302 444 10 12 0.040936552 
841 184 7 9 0.040919475 
480 228 11 14 0.040885985 
911 382 8 10 0.040792577 
200 462 11 13 0.040560253 
284 501 12 14 0.040551055 
271 434 9 12 0.040517036 
748 310 7 9 0.04045944 
685 367 9 13 0.040443256 
864 176 7 8 0.04041621 
631 263 8 9 0.040364496 
956 380 9 13 0.040172085 
288 439 9 11 0.040090676 
318 454 9 12 0.040076576 
950 334 8 9 0.04004653 
970 395 10 12 0.04002986 
951 327 8 10 0.039973732 
633 287 7 10 0.03992278 
674 277 8 10 0.039875798 
337 396 9 13 0.03982669 
992 429 9 11 0.039808307 
632 294 7 11 0.039783526 
697 255 8 10 0.03974494 
312 431 10 14 0.039708138 
888 441 19 24 0.03970502 
673 381 10 13 0.039701365 
713 192 6 8 0.039695628 
816 209 6 8 0.039656054 
696 349 9 11 0.03945513 
864 293 8 10 0.039422687 
1009 436 9 12 0.039370626 
881 168 8 9 0.039340645 
899 388 11 13 0.039316144 
836 309 10 12 0.039311696 
720 151 7 9 0.039279502 
718 324 9 11 0.03925075 
807 194 7 9 0.039220512 
898 263 8 10 0.03916239 
974 295 8 10 0.039128818 
601 318 9 11 0.03906848 
194 466 21 27 0.039067656 
760 160 7 8 0.03904525 
721 158 7 9 0.039039347 
889 343 9 11 0.039032757 
769 169 7 8 0.038941577 
883 325 9 12 0.038878802 
782 226 7 9 0.038821276 
769 296 7 9 0.03881577 
695 427 11 15 0.038789216 
880 176 7 9 0.038718015 
204 421 10 14 0.038596757 
943 301 7 10 0.038590837 
799 448 10 13 0.03857858 
933 422 11 13 0.038452685 
913 342 8 11 0.038426105 
914 183 8 10 0.038408983 
919 166 9 11 0.03830247 
656 381 10 12 0.038195524 
782 359 9 11 0.038191285 
977 429 9 12 0.038159277 
594 185 8 9 0.038102075 
874 201 7 8 0.038100872 
990 365 10 12 0.037902996 
911 166 10 11 0.03790296 
364 546 24 28 0.03790035 
327 296 7 9 0.037898373 
312 295 8 10 0.037881244 
703 375 10 12 0.03779643 
912 390 10 13 0.03776286 
776 168 7 8 0.037755396 
198 454 10 12 0.037602507 
647 184 7 8 0.037593678 
984 255 10 12 0.037499677 
66 332 10 13 0.03749348 
368 384 9 12 0.037408307 
770 208 8 9 0.037398405 
754 198 7 9 0.037298642 
930 207 8 9 0.037212085 
794 192 7 9 0.037210636 
297 319 7 10 0.037190244 
863 207 7 9 0.037085325 
636 423 12 15 0.037075248 
920 305 7 9 0.037053104 
972 357 11 12 0.037047587 
958 318 8 10 0.037046235 
682 573 14 17 0.03702243 
337 375 8 10 0.036955543 
711 412 10 13 0.03685745 
329 382 8 10 0.036854524 
790 415 12 14 0.036797848 
512 380 27 32 0.03671637 
333 352 9 10 0.036547214 
550 304 13 17 0.036537293 
213 459 10 13 0.036521018 
655 323 9 11 0.036416244 
883 239 8 11 0.036398467 
622 404 11 15 0.036397275 
750 394 11 14 0.036374692 
997 343 9 11 0.036342934 
934 361 10 12 0.03631449 
258 321 8 10 0.036234587 
768 191 7 9 0.03620607 
353 412 9 12 0.036202595 
754 167 7 9 0.0361464 
943 411 10 14 0.036076505 
667 167 7 9 0.036048755 
702 319 10 12 0.036013786 
714 215 7 9 0.03600775 
663 421 10 14 0.03599995 
909 396 10 13 0.035981007 
687 313 7 9 0.03589531 
840 328 9 11 0.035774045 
368 532 11 15 0.035767585 
638 397 12 13 0.03573005 
355 543 23 29 0.035662424 
816 198 7 9 0.035653435 
720 254 7 9 0.035562433 
592 296 7 9 0.03552201 
744 177 7 9 0.0354816 
793 173 8 10 0.03538197 
675 399 11 12 0.035367366 
65 304 7 9 0.035340074 
710 399 11 13 0.0353228 
864 169 7 8 0.03530888 
927 310 7 9 0.035239 
848 189 7 10 0.035181988 
823 160 8 9 0.035178363 
894 437 12 15 0.035161216 
418 325 8 11 0.03515138 
327 319 9 11 0.035121877 
982 312 7 10 0.035090514 
931 215 7 9 0.035066977 
207 440 8 11 0.035054795 
303 350 7 9 0.0350463 
759 359 8 10 0.035001446 
884 395 12 16 0.034949627 
406 318 8 11 0.03490425 
903 450 11 14 0.03490196 
729 143 7 10 0.034866694 
401 317 9 11 0.034857564 
893 222 8 11 0.034747962 
609 201 7 8 0.03469263 
335 416 8 10 0.03458695 
633 229 8 10 0.034581333 
368 349 8 10 0.034541257 
630 400 10 13 0.034490045 
903 254 8 10 0.03445699 
954 319 8 11 0.034433916 
303 319 8 11 0.034414664 
833 192 8 9 0.034414344 
858 169 8 9 0.03434931 
199 436 11 14 0.03431095 
705 191 7 9 0.034302257 
703 218 8 9 0.03428538 
824 333 10 13 0.034214195 
0 419 12 17 0.03421315 
311 459 10 13 0.034207232 
890 303 7 9 0.034198616 
1000 334 8 11 0.034181338 
663 368 9 12 0.034160513 
722 232 8 10 0.03413343 
733 405 11 15 0.034108438 
898 255 7 9 0.034078036 
927 380 11 12 0.03402756 
814 448 8 11 0.03401242 
844 357 12 17 0.033935007 
640 263 7 9 0.033892512 
710 310 8 12 0.033883236 
944 327 9 10 0.03388228 
839 199 7 9 0.03385077 
876 356 11 13 0.03382812 
863 201 8 9 0.033794563 
278 453 9 12 0.03378039 
590 308 9 12 0.03377975 
319 460 11 13 0.03375723 
824 198 7 10 0.033742175 
631 279 7 10 0.033636298 
231 390 12 15 0.03355134 
813 301 8 11 0.033490166 
1006 479 10 12 0.033446793 
914 324 8 11 0.033426255 
401 378 27 36 0.033400476 
581 383 15 20 0.03339848 
981 429 9 11 0.033369124 
898 247 8 11 0.033341732 
999 391 9 11 0.033268567 
938 349 9 10 0.033212658 
880 263 8 10 0.03319643 
837 301 10 13 0.033124045 
705 205 7 9 0.033121035 
798 168 8 10 0.03306251 
322 294 7 10 0.03294144 
926 324 9 10 0.032925706 
888 332 9 12 0.032923944 
902 343 9 10 0.032884534 
743 241 7 9 0.032848164 
951 405 10 13 0.032757428 
943 355 10 12 0.032737684 
952 295 7 9 0.03266869 
834 208 7 9 0.032652434 
647 423 9 12 0.032640845 
641 215 7 8 0.032603443 
27 411 14 18 0.032552123 
815 394 12 17 0.03253732 
177 437 9 12 0.032503553 
273 523 15 17 0.032488607 
736 223 7 10 0.032418013 
294 367 9 11 0.032397714 
324 461 10 12 0.032363534 
680 423 10 13 0.032331914 
695 239 7 8 0.032225337 
21 397 12 15 0.03215822 
959 312 8 10 0.032153647 
646 292 8 10 0.03211014 
510 289 14 18 0.032106902 
345 360 7 10 0.03209712 
432 325 11 14 0.032085642 
360 367 8 10 0.032074746 
932 439 11 14 0.031953685 
912 215 7 8 0.0319534 
935 192 8 10 0.031946532 
713 208 7 9 0.031894438 
414 494 25 32 0.03186185 
912 349 10 11 0.031835884 
863 269 8 10 0.031829633 
720 398 9 12 0.031825677 
729 151 7 9 0.031816404 
565 332 12 16 0.031804282 
750 350 9 12 0.03175872 
84 340 11 14 0.03175323 
681 249 8 10 0.031748705 
858 174 8 9 0.03172967 
833 362 20 23 0.031716004 
726 367 9 12 0.031703327 
657 191 7 9 0.0317005 
800 310 9 12 0.031670906 
910 418 14 17 0.031651534 
756 436 10 13 0.03163797 
984 269 10 11 0.03163224 
736 165 7 10 0.031620316 
721 144 7 8 0.0315697 
599 185 7 8 0.03155523 
902 263 8 10 0.031530805 
688 407 9 13 0.031506915 
60 365 11 13 0.03146882 
944 181 8 10 0.031465113 
576 305 9 12 0.03140537 
15 388 10 12 0.03133602 
891 433 21 25 0.031331286 
272 397 10 13 0.03133104 
985 368 10 12 0.03130185 
389 461 9 13 0.031225935 
656 421 10 13 0.031152507 
962 333 8 10 0.03108075 
917 413 12 15 0.03108054 
287 320 8 11 0.031060018 
313 360 8 9 0.031055352 
711 174 8 9 0.030958101 
949 222 8 11 0.030920852 
1014 182 9 12 0.030875312 
550 277 11 16 0.030867616 
865 354 17 22 0.030832628 
973 460 11 13 0.030831432 
967 223 7 11 0.03082261 
712 334 8 11 0.030809758 
640 389 12 15 0.030801693 
711 376 9 11 0.030772902 
385 420 10 13 0.030765379 
383 395 10 13 0.030706929 
393 363 9 12 0.030702785 
291 429 10 13 0.030691797 
766 332 9 12 0.030686729 
753 160 7 9 0.0306733 
774 303 8 10 0.030647257 
904 229 7 11 0.030571377 
799 302 9 11 0.030546665 
927 394 18 22 0.030498147 
806 287 9 10 0.030482218 
749 365 9 12 0.030412674 
760 350 10 11 0.030397303 
726 324 9 12 0.030344518 
736 215 8 9 0.030268118 
588 324 10 12 0.030207867 
649 404 9 13 0.030161398 
816 295 8 10 0.030093936 
770 245 7 9 0.03009342 
255 477 10 13 0.030092355 
642 184 7 8 0.030083861 
665 174 7 9 0.030001918 
752 151 7 9 0.02998869 
856 190 8 10 0.029977905 
894 305 8 9 0.029975858 
917 174 8 10 0.029965568 
626 272 8 9 0.029937986 
1 245 11 16 0.029934242 
737 183 7 9 0.029917968 
566 302 9 13 0.02991185 
286 383 9 10 0.029896827 
661 320 9 11 0.029842457 
721 417 11 15 0.029796174 
751 248 7 9 0.029782075 
752 142 7 9 0.029770285 
294 336 8 10 0.02973967 
222 470 10 12 0.029692223 
858 286 8 10 0.029579055 
305 431 19 25 0.02955016 
751 319 8 10 0.029528368 
521 299 27 29 0.02948627 
761 226 7 9 0.029464992 
351 294 9 11 0.029346293 
1015 395 8 12 0.029343832 
960 357 10 12 0.029330611 
831 351 11 13 0.029324384 
350 329 8 10 0.029320644 
934 382 9 11 0.029315213 
732 412 11 14 0.029314354 
646 336 9 11 0.029289598 
826 182 8 9 0.029272074 
199 445 10 12 0.029223822 
318 365 10 13 0.029179536 
312 340 8 10 0.02917135 
27 427 13 17 0.029151237 
553 550 15 17 0.029112827 
955 460 12 14 0.02909674 
784 374 9 11 0.029063504 
936 222 8 9 0.029054224 
368 329 8 9 0.02902458 
800 173 8 10 0.028869469 
950 356 8 11 0.028863663 
816 215 7 9 0.028859954 
238 414 11 13 0.028824827 
753 182 8 10 0.028636893 
719 215 7 9 0.028627837 
840 172 8 10 0.028572652 
296 373 9 11 0.02856861 
1015 467 9 13 0.028546784 
774 373 9 10 0.028545342 
438 368 12 18 0.028545171 
809 174 7 10 0.028536972 
310 535 25 30 0.028524747 
396 389 24 33 0.028524354 
774 435 13 16 0.028504688 
729 159 7 9 0.028447365 
587 319 10 13 0.028446093 
863 189 8 10 0.028402774 
932 411 11 14 0.028386112 
863 214 8 9 0.028248794 
760 152 8 9 0.028189024 
296 326 7 9 0.028143004 
353 381 8 11 0.028133087 
895 429 13 17 0.028083235 
959 181 9 11 0.028075933 
930 295 8 10 0.028054988 
879 375 10 12 0.028013948 
596 390 15 19 0.028001204 
815 182 8 9 0.0279824 
381 358 8 11 0.027975423 
238 393 10 13 0.027970029 
784 200 7 9 0.027915983 
759 304 7 9 0.027851755 
885 255 8 9 0.027851071 
552 268 8 12 0.027846552 
778 225 7 9 0.027834604 
928 237 8 10 0.02782399 
966 428 10 13 0.027795538 
688 184 7 8 0.027792519 
638 223 8 10 0.027782831 
736 143 7 8 0.027692866 
698 218 8 9 0.027689733 
588 347 13 15 0.02759737 
778 327 20 25 0.027587727 
419 445 12 15 0.027573695 
187 438 13 15 0.027573543 
737 351 10 12 0.02752276 
978 393 19 24 0.027520048 
305 325 7 9 0.027496926 
625 295 8 11 0.027486429 
729 216 7 9 0.027480448 
680 303 8 10 0.027452253 
926 159 8 10 0.027419647 
672 173 9 11 0.027405763 
444 304 9 11 0.027352402 
790 419 18 23 0.027351769 
967 438 11 13 0.027332796 
289 367 8 10 0.027327346 
927 165 8 10 0.027320651 
519 334 28 40 0.027305761 
82 311 7 9 0.027291425 
370 384 17 22 0.027249118 
5 425 15 20 0.027237248 
777 287 8 10 0.027160417 
768 151 8 10 0.027129471 
693 468 10 14 0.027113872 
695 367 9 12 0.02711304 
343 316 10 11 0.027108494 
678 270 8 10 0.027021045 
308 407 10 12 0.02700112 
777 430 12 15 0.026994452 
307 503 13 14 0.02697415 
555 307 13 17 0.026963778 
320 320 9 10 0.026961617 
944 207 7 9 0.026959259 
713 143 7 9 0.026957694 
908 413 12 16 0.026957065 
438 494 13 16 0.02695656 
997 269 9 12 0.026942428 
997 455 11 13 0.026936496 
712 230 7 9 0.026936354 
770 184 7 9 0.026882075 
737 327 8 11 0.026835296 
1007 486 10 13 0.026820686 
920 214 7 9 0.026817916 
857 207 8 10 0.026812958 
23 380 10 12 0.026770523 
334 319 11 12 0.026732648 
662 398 10 12 0.026685202 
872 382 10 13 0.026663912 
869 336 10 11 0.026626147 
69 311 8 10 0.026579633 
719 430 10 14 0.026515953 
945 176 8 10 0.026503403 
462 302 9 11 0.0264749 
80 319 8 11 0.026456868 
746 320 7 11 0.026435694 
784 236 8 10 0.026420625 
969 311 8 10 0.026381863 
673 343 8 11 0.026362225 
792 240 7 9 0.026344672 
288 374 8 10 0.026325295 
655 222 7 10 0.026296316 
289 342 7 9 0.026250474 
881 248 8 10 0.026225012 
639 199 7 9 0.026126001 
622 232 7 9 0.026124751 
879 423 13 16 0.026121821 
809 183 7 8 0.026081502 
807 380 10 14 0.026078634 
438 379 11 15 0.026077302 
793 207 7 9 0.026074437 
951 255 9 11 0.026059238 
975 208 9 11 0.026031628 
752 136 7 9 0.026015915 
872 279 8 11 0.026009878 
641 209 7 8 0.0259722 
729 224 7 9 0.025966812 
713 152 8 8 0.025954306 
924 247 8 10 0.025933228 
776 188 8 10 0.025930768 
852 355 12 15 0.025891516 
704 355 8 11 0.025856374 
634 433 13 16 0.025806291 
819 408 12 17 0.025785035 
863 334 9 11 0.025776517 
946 426 10 14 0.025743205 
529 283 16 22 0.025719102 
800 184 8 8 0.02571262 
808 374 9 12 0.025699185 
334 420 9 12 0.025696898 
780 434 12 14 0.02569226 
801 152 9 9 0.025672963 
807 324 9 12 0.025635142 
756 384 19 24 0.025605818 
6 413 21 27 0.025604254 
703 143 8 9 0.025589364 
678 469 13 16 0.025578476 
735 200 8 9 0.025557768 
255 484 10 12 0.025555471 
824 193 7 9 0.025539108 
627 419 21 26 0.025530268 
304 343 7 9 0.02550757 
801 294 9 11 0.025503635 
622 326 8 11 0.025498902 
958 454 9 12 0.025422955 
242 424 17 23 0.025416052 
870 369 12 14 0.0254137 
536 216 7 9 0.025407374 
257 271 8 10 0.02539186 
319 390 10 12 0.025361639 
761 142 7 10 0.025309695 
342 384 8 11 0.025299698 
604 396 14 16 0.025287513 
969 209 9 11 0.025247999 
744 165 7 10 0.025212787 
597 341 10 12 0.025211552 
893 393 12 15 0.025198394 
266 538 26 31 0.025162462 
710 160 9 10 0.025155472 
945 381 11 13 0.025146583 
975 350 11 12 0.025122525 
767 200 8 9 0.02512106 
1012 421 10 14 0.025052436 
725 372 9 12 0.025050249 
774 240 8 9 0.02504356 
846 336 22 24 0.025030531 
789 352 17 21 0.024997592 
974 469 10 13 0.024993459 
507 290 24 28 0.024986437 
680 150 7 9 0.024980523 
959 350 11 12 0.024955079 
787 331 12 14 0.024942579 
239 444 10 13 0.024925096 
818 368 20 24 0.024900535 
680 265 8 9 0.024890967 
663 207 7 9 0.024857497 
191 429 12 14 0.02484992 
407 312 7 9 0.02483116 
642 303 8 10 0.024817888 
744 202 7 8 0.024805577 
26 316 9 12 0.024801873 
656 216 7 10 0.024770316 
672 349 8 10 0.024761304 
830 324 11 13 0.024737544 
22 268 10 14 0.024734244 
791 280 8 11 0.02471002 
69 303 8 10 0.024683475 
985 444 9 12 0.0246262 
637 446 14 15 0.024609225 
443 493 16 19 0.024572467 
905 310 7 10 0.024561068 
957 196 9 11 0.024540847 
497 336 17 21 0.024504116 
994 477 10 12 0.024485694 
663 342 9 12 0.024457512 
369 395 9 11 0.02445472 
279 446 10 13 0.024436457 
643 309 9 12 0.02443175 
567 295 8 10 0.024416184 
944 199 8 9 0.024408836 
938 159 8 10 0.024405662 
250 463 9 12 0.024396218 
688 143 8 9 0.024386091 
422 352 11 15 0.024376757 
166 467 9 14 0.02434017 
977 224 9 12 0.0243002 
288 358 8 10 0.024291743 
959 169 9 10 0.024289949 
24 374 9 11 0.024244387 
14 382 9 11 0.02416434 
311 398 9 11 0.02414202 
760 320 8 10 0.024126185 
189 473 15 19 0.024108183 
921 160 9 11 0.024028588 
913 335 8 10 0.024025122 
422 362 21 29 0.024000043 
246 453 10 13 0.023981659 
712 224 7 9 0.02398002 
914 191 8 9 0.02396618 
958 448 10 12 0.023864917 
351 302 9 11 0.02383747 
306 337 8 9 0.02381938 
719 209 8 9 0.023791412 
701 389 9 11 0.023777697 
737 374 10 13 0.023762131 
608 312 9 11 0.02375923 
672 389 9 12 0.023743872 
879 334 9 10 0.023715576 
485 330 27 35 0.02371468 
887 438 12 15 0.023689792 
685 469 12 15 0.023675496 
806 388 13 16 0.023612207 
24 340 9 12 0.02360097 
727 314 11 14 0.023569122 
541 276 14 18 0.023564216 
434 395 10 14 0.023515813 
936 176 8 9 0.023510404 
952 168 8 9 0.023469327 
576 313 17 24 0.023466023 
776 326 9 12 0.023460817 
768 159 7 9 0.023458945 
84 333 10 14 0.023453908 
325 454 10 13 0.02341941 
696 190 7 10 0.02341498 
411 530 12 15 0.023409108 
796 433 12 15 0.023404114 
657 184 7 9 0.023397904 
964 424 10 12 0.023393678 
545 546 25 28 0.023324825 
346 545 16 21 0.023317497 
943 215 9 10 0.0232737 
1001 453 19 25 0.023260701 
796 416 11 14 0.023256691 
780 490 13 16 0.023225747 
984 262 10 12 0.023190178 
985 278 9 11 0.02316304 
21 389 10 14 0.023121472 
754 261 9 11 0.02309532 
313 379 10 12 0.02307785 
522 386 16 19 0.023066271 
310 367 10 11 0.023058232 
687 356 9 12 0.023039786 
777 202 7 8 0.023025235 
847 160 8 9 0.023020737 
516 364 28 35 0.023001496 
745 125 8 10 0.022985293 
600 295 8 10 0.022976493 
905 226 7 9 0.022975385 
682 253 8 10 0.022966731 
776 334 10 13 0.022954335 
66 418 14 17 0.0229324 
704 270 7 9 0.02292169 
984 453 9 12 0.022919191 
389 390 12 17 0.022918364 
648 198 7 9 0.02290834 
580 362 14 18 0.02288794 
471 325 45 58 0.022853982 
323 435 10 13 0.02285337 
857 295 8 10 0.022828544 
323 355 19 24 0.022802085 
727 349 8 10 0.02275702 
399 509 9 13 0.022744048 
582 349 13 17 0.022721829 
823 166 7 9 0.0227107 
271 459 9 12 0.022690957 
757 406 11 14 0.02267935 
436 337 12 15 0.022665286 
510 317 28 32 0.022659367 
785 167 7 9 0.022644687 
856 213 8 10 0.022644054 
480 206 9 11 0.022633139 
376 548 19 20 0.022625277 
910 161 9 10 0.022612596 
966 230 8 10 0.02258555 
801 230 7 9 0.022567937 
187 425 22 26 0.022558853 
927 278 9 10 0.022547038 
736 366 9 12 0.022546297 
842 223 7 10 0.022528283 
304 367 10 12 0.022527443 
647 214 7 10 0.02252592 
626 470 12 15 0.022505919 
64 339 10 13 0.02249836 
823 437 10 13 0.022481961 
318 324 8 10 0.022468727 
984 405 20 25 0.02246501 
880 269 8 10 0.022460394 
659 433 12 15 0.022459064 
305 265 7 9 0.02244388 
873 214 9 10 0.0224165 
889 389 11 14 0.022399573 
918 445 10 13 0.02238857 
793 200 7 9 0.022379836 
1002 408 20 26 0.02237627 
600 175 8 8 0.022374047 
913 201 7 9 0.022364793 
656 174 7 9 0.022349073 
682 377 19 22 0.022336597 
38 253 11 14 0.022311104 
327 392 9 12 0.022303669 
69 318 10 13 0.022282882 
693 277 9 11 0.02223273 
833 199 8 9 0.02221429 
952 302 7 10 0.022212282 
858 201 7 9 0.022181673 
661 415 21 27 0.022126183 
819 358 19 23 0.022125544 
736 176 7 9 0.02212287 
926 411 12 14 0.022110213 
-1 404 8 13 0.022101436 
242 395 17 22 0.022093976 
782 215 7 9 0.022082385 
697 184 7 9 0.022079192 
677 166 9 11 0.022066412 
631 256 7 10 0.02206302 
598 349 11 13 0.022015309 
775 261 8 9 0.022011204 
938 289 7 10 0.022007816 
629 405 20 24 0.022007762 
905 160 9 10 0.022000678 
702 325 9 12 0.022000581 
992 360 10 12 0.021998629 
813 452 10 12 0.021979352 
698 199 7 10 0.021971943 
679 347 10 12 0.021968352 
953 192 9 11 0.021931935 
575 294 9 10 0.02193 
586 240 7 10 0.021917915 
856 315 9 11 0.021883102 
595 364 20 26 0.02181651 
812 399 20 27 0.021787567 
321 287 8 11 0.021753818 
967 352 10 11 0.021749862 
838 207 7 9 0.021748861 
219 358 216 254 0.021728383 
592 205 7 9 0.021724084 
57 361 11 12 0.021721506 
263 413 9 12 0.021701416 
958 400 22 26 0.021684157 
298 350 7 9 0.021672348 
252 396 12 15 0.021670906 
513 192 6 9 0.021670539 
328 323 9 11 0.021667045 
625 277 8 10 0.021641064 
768 142 7 10 0.02163553 
679 160 8 9 0.021632114 
785 159 7 9 0.021613674 
325 312 8 10 0.021578511 
263 432 9 12 0.021562302 
901 333 9 10 0.02156083 
906 417 22 28 0.021558488 
846 223 8 10 0.021554295 
624 426 13 16 0.021524603 
864 224 7 9 0.021522649 
816 168 8 9 0.021515118 
321 396 10 13 0.021505093 
264 293 9 11 0.021499338 
375 352 8 10 0.021495936 
744 231 8 9 0.021486536 
389 525 13 16 0.021477059 
953 310 7 10 0.021470591 
769 358 8 10 0.021427259 
492 343 15 19 0.021424383 
800 286 10 11 0.021378292 
759 343 11 12 0.021377565 
918 384 11 13 0.021367274 
504 284 13 16 0.021361174 
815 308 9 12 0.021360451 
766 404 10 13 0.021341745 
695 231 8 10 0.021331951 
1007 358 9 11 0.021329204 
387 388 22 30 0.021314852 
377 320 7 8 0.021314334 
626 256 8 10 0.02130408 
288 453 9 12 0.021274213 
623 348 9 12 0.021262668 
849 207 7 9 0.021253556 
697 294 8 11 0.02125186 
848 174 8 9 0.021241937 
1008 446 9 11 0.021217633 
648 255 8 9 0.021200133 
608 174 7 9 0.021154765 
586 295 7 9 0.021136047 
417 340 9 12 0.02111943 
80 347 10 13 0.021114813 
87 326 8 11 0.02110494 
610 224 6 8 0.021076674 
296 500 12 15 0.021053443 
272 488 18 24 0.021045411 
300 403 19 24 0.02104221 
888 161 7 9 0.021027178 
661 286 7 10 0.02099766 
925 419 13 16 0.02099171 
280 309 7 9 0.020964138 
853 365 11 13 0.020963507 
699 422 11 14 0.02096113 
800 158 7 9 0.020926049 
352 443 9 13 0.020910237 
657 281 9 10 0.020897847 
776 160 7 9 0.020891976 
577 256 6 9 0.02087669 
328 301 7 10 0.02082698 
738 240 7 10 0.020819966 
998 349 8 11 0.020794036 
811 381 20 27 0.020789137 
361 327 7 10 0.02076609 
634 247 7 8 0.020741139 
704 111 9 10 0.02071637 
623 495 11 14 0.020683398 
619 232 6 8 0.020674601 
766 414 11 15 0.020666406 
975 476 9 11 0.020655368 
649 175 7 9 0.020577863 
271 446 10 13 0.020573184 
901 319 8 12 0.02056194 
191 421 12 15 0.020560566 
425 349 39 51 0.020548884 
873 271 7 10 0.02054834 
390 540 14 16 0.020541504 
695 333 10 13 0.02052985 
299 414 9 11 0.020527706 
633 208 7 8 0.020515343 
1011 411 11 14 0.02050574 
224 339 12 14 0.020504925 
817 160 7 9 0.020499678 
732 315 10 12 0.020486431 
753 238 7 9 0.020451652 
664 184 6 9 0.020443834 
808 157 7 9 0.020442547 
787 401 13 15 0.020436024 
890 454 14 19 0.020428786 
360 335 8 11 0.020388464 
902 269 9 10 0.020376522 
841 161 8 9 0.020359593 
712 247 7 9 0.020325297 
1000 436 10 12 0.020312624 
425 311 8 9 0.020304082 
806 406 12 15 0.020291604 
296 408 9 13 0.020268794 
951 342 8 11 0.02024869 
808 169 8 10 0.02022309 
633 241 8 9 0.020221079 
782 365 8 11 0.02022015 
989 443 11 13 0.020202406 
953 287 8 9 0.02019342 
738 208 7 9 0.020187061 
824 207 7 9 0.020154763 
792 270 8 10 0.020128721 
958 302 8 10 0.020118846 
304 359 8 9 0.020112572 
694 272 8 9 0.020104337 
939 405 20 26 0.020095935 
867 343 19 23 0.020073252 
407 357 12 16 0.020058414 
291 426 20 25 0.020056602 
672 475 12 14 0.020039285 
