35_Basketball_basketballgame_ball_35_254
47
635 309 73 78 0.9903196 
15 151 61 84 0.9516992 
312 272 49 78 0.9428808 
600 271 94 112 0.4435342 
460 712 60 75 0.31127965 
199 130 113 127 0.22823331 
46 175 38 59 0.17427962 
368 170 103 126 0.14183414 
318 220 90 140 0.12323226 
620 111 99 145 0.09632378 
324 152 163 238 0.08137742 
0 82 87 131 0.07122236 
257 0 69 79 0.06968133 
1006 360 18 36 0.061919942 
307 164 117 137 0.05966414 
279 287 58 66 0.05764825 
572 94 117 187 0.055722382 
327 255 34 57 0.051352184 
20 34 63 98 0.049097337 
246 145 122 132 0.0463098 
-4 188 44 60 0.039195832 
499 51 198 293 0.038850274 
387 6 59 64 0.037867106 
310 224 67 89 0.03693262 
355 156 64 88 0.03628818 
80 150 339 448 0.03484834 
271 463 126 131 0.03335503 
43 87 36 46 0.03294958 
264 93 180 250 0.030915588 
122 396 45 67 0.03068034 
72 295 37 51 0.030263219 
194 377 204 257 0.030112578 
254 6 41 51 0.02756742 
343 250 107 142 0.027496282 
111 1100 12 15 0.027481643 
641 322 42 51 0.027371898 
562 221 104 151 0.027330754 
435 688 38 39 0.026973937 
445 725 106 129 0.02559406 
154 349 105 141 0.023526644 
126 10 40 50 0.022737255 
338 517 393 471 0.022612737 
286 -22 320 438 0.022585979 
130 324 87 131 0.020834936 
35 70 60 92 0.020525426 
145 376 55 80 0.020481752 
133 9 57 79 0.020359773 
