35_Basketball_basketballgame_ball_35_446
116
471 326 106 142 0.9983712 
867 845 26 35 0.80021626 
832 742 17 23 0.72825736 
253 802 21 26 0.6565044 
884 811 19 24 0.5965965 
762 741 16 20 0.4524051 
861 896 30 37 0.43082505 
761 828 18 25 0.4215375 
316 809 21 26 0.36238775 
862 779 17 21 0.35610855 
790 936 22 27 0.3390134 
808 813 23 30 0.32669988 
722 822 15 20 0.2740199 
798 889 30 40 0.24449629 
498 663 49 53 0.21919878 
235 850 17 25 0.20395295 
730 871 19 25 0.17225899 
780 781 13 17 0.16878371 
276 770 23 28 0.1561022 
297 260 218 285 0.14072849 
820 782 18 22 0.13608591 
399 293 163 204 0.13273822 
714 850 16 20 0.13000982 
718 775 15 23 0.12924168 
689 865 18 23 0.12263861 
836 813 24 29 0.11949546 
882 948 23 31 0.11657663 
298 861 25 32 0.10247518 
498 512 52 58 0.09196513 
209 798 34 46 0.08067516 
819 993 28 34 0.08055974 
582 101 132 130 0.07846822 
294 805 23 29 0.07627567 
116 295 45 49 0.06855274 
274 783 19 23 0.06594123 
746 737 16 20 0.05903196 
926 761 16 23 0.05877611 
693 727 24 32 0.055148914 
129 902 482 440 0.049901757 
693 898 24 31 0.04807799 
805 867 17 22 0.042820375 
840 743 16 21 0.040592924 
543 952 442 511 0.040349167 
329 826 47 62 0.04020906 
118 125 380 469 0.039838884 
927 916 22 28 0.039700747 
811 805 18 21 0.03952359 
893 946 24 31 0.03892595 
788 896 27 34 0.03878264 
777 782 22 27 0.037804246 
868 833 22 30 0.037571304 
907 741 14 18 0.036916483 
801 870 24 33 0.034997687 
662 844 23 31 0.034740034 
284 800 22 28 0.034166507 
889 846 24 34 0.033147532 
714 827 23 27 0.032883517 
615 792 44 75 0.032622315 
289 774 17 22 0.03217264 
831 853 29 35 0.031875715 
748 831 27 37 0.031504277 
695 855 23 29 0.030953495 
342 845 28 38 0.030933095 
813 781 17 20 0.030609727 
641 819 54 72 0.030447783 
301 770 16 21 0.030342504 
862 650 26 32 0.030326385 
219 795 43 59 0.030142706 
901 985 28 39 0.030056616 
211 757 27 35 0.029013658 
908 947 22 29 0.028609542 
729 821 14 18 0.028578473 
826 777 23 29 0.028412554 
832 823 29 35 0.02834913 
238 842 25 33 0.027740559 
251 762 18 21 0.027592832 
757 897 18 22 0.027130418 
297 850 41 50 0.026976595 
733 702 26 30 0.026911184 
109 292 33 38 0.026897399 
630 809 27 34 0.026820473 
874 779 15 20 0.026661767 
878 934 25 36 0.026654504 
711 946 30 36 0.026173975 
689 756 43 59 0.026162652 
825 809 25 30 0.025983026 
331 795 23 31 0.025930287 
218 765 29 36 0.025922505 
243 779 26 33 0.025738722 
875 819 22 29 0.025455913 
177 716 194 248 0.025192762 
823 744 17 22 0.02507659 
209 777 37 48 0.023671435 
272 777 15 20 0.02345777 
870 827 16 19 0.023449097 
907 769 14 21 0.023340276 
797 816 27 33 0.023044702 
632 809 96 124 0.023022588 
269 790 18 22 0.022958923 
712 761 25 35 0.02281564 
545 42 220 230 0.022659373 
238 772 24 31 0.022204956 
708 844 18 21 0.021922223 
813 828 26 35 0.021872293 
273 792 24 28 0.021487808 
748 648 27 33 0.021320133 
829 734 17 21 0.021261081 
822 836 26 31 0.021210857 
263 807 17 22 0.020800898 
723 876 28 36 0.020780493 
752 732 23 29 0.020660989 
837 869 27 35 0.020452557 
916 763 20 27 0.02028151 
303 794 39 54 0.020263663 
288 850 26 35 0.020012045 
224 913 112 139 0.020003052 
