35_Basketball_playingbasketball_35_674
121
17 231 34 48 0.99905235 
171 17 32 37 0.9986307 
370 149 61 83 0.9986247 
152 64 34 45 0.99740016 
89 8 30 35 0.9971861 
185 137 45 57 0.9963748 
860 260 30 38 0.9944665 
213 74 28 37 0.9942887 
563 104 27 34 0.99314225 
-1 87 25 51 0.99073654 
289 116 29 37 0.9905161 
266 85 30 37 0.98228973 
630 45 48 71 0.98036695 
982 23 40 84 0.9741572 
406 17 29 39 0.9532836 
596 277 35 40 0.94307756 
506 30 25 33 0.9332733 
452 33 28 39 0.9259956 
949 250 23 28 0.9188177 
352 9 25 33 0.91809756 
357 90 29 34 0.9025948 
604 25 21 29 0.88467574 
899 82 23 28 0.8135922 
1001 249 21 27 0.7903305 
873 167 29 35 0.7413973 
263 0 40 30 0.56896317 
479 105 24 30 0.5404253 
801 52 23 32 0.432682 
552 32 26 33 0.32988793 
832 133 33 41 0.31438124 
972 183 19 22 0.2289557 
814 152 32 47 0.18963037 
488 147 31 38 0.18174228 
932 86 17 23 0.17967081 
454 193 42 54 0.14068414 
581 69 27 35 0.12886311 
248 36 25 36 0.1107027 
939 155 17 19 0.10661638 
979 127 18 23 0.09794131 
785 86 30 39 0.092916764 
742 49 25 33 0.09263967 
796 104 39 60 0.08718513 
120 123 37 47 0.081502855 
155 279 50 55 0.08044457 
803 124 40 63 0.07680966 
164 -1 28 26 0.07634355 
1001 309 22 33 0.075613275 
553 94 26 34 0.06845857 
351 99 43 53 0.06727222 
472 101 39 48 0.06372644 
626 57 32 47 0.06322806 
481 69 18 22 0.06311211 
539 36 24 32 0.06257345 
514 35 28 34 0.0614404 
258 21 29 37 0.05423157 
912 285 23 32 0.053448983 
904 70 12 16 0.052439637 
546 86 18 22 0.05103034 
126 134 42 54 0.048690993 
361 15 28 33 0.04277824 
341 113 41 59 0.04065595 
270 71 31 40 0.040051732 
952 532 30 40 0.03986424 
230 36 24 35 0.03835711 
498 136 30 41 0.03830406 
32 192 26 36 0.035620894 
570 147 31 38 0.035223756 
455 24 23 29 0.03414386 
451 189 30 39 0.03369505 
708 66 48 68 0.033662923 
166 30 33 39 0.03319789 
553 227 39 52 0.03314786 
567 86 31 36 0.032621887 
922 275 29 35 0.03259855 
160 50 33 44 0.032270342 
826 143 41 58 0.03225711 
850 146 40 55 0.031692576 
782 74 46 75 0.030965598 
229 -1 27 30 0.030715404 
419 15 37 50 0.029809045 
878 142 25 33 0.029767253 
471 467 119 131 0.02940105 
1001 257 24 36 0.028989876 
251 1 32 32 0.02832093 
604 47 41 55 0.028180476 
650 47 54 76 0.028154856 
866 153 29 38 0.02766841 
491 33 24 30 0.027571714 
847 139 20 26 0.027523646 
465 33 29 35 0.027189083 
560 40 26 35 0.026596898 
476 122 33 43 0.02589398 
292 92 26 35 0.025748175 
935 296 26 34 0.02558446 
675 42 50 81 0.025545971 
973 174 15 19 0.02553382 
886 177 19 23 0.024215981 
425 137 33 51 0.024084086 
180 122 35 43 0.02399141 
373 19 25 31 0.023719681 
642 77 37 53 0.023283627 
219 52 31 44 0.023272052 
184 286 59 63 0.023005798 
963 294 22 31 0.022928672 
507 143 40 50 0.022691749 
568 107 40 53 0.022532262 
550 51 29 36 0.022297736 
148 0 27 25 0.02214884 
802 162 31 45 0.022001665 
98 161 43 60 0.021780726 
791 69 33 44 0.021721771 
24 206 30 39 0.021491155 
277 240 30 38 0.02108633 
521 110 23 31 0.021063922 
586 53 27 37 0.020785414 
317 0 25 28 0.020409983 
483 37 18 22 0.020330235 
526 89 25 35 0.020299342 
525 43 25 33 0.020266095 
859 174 29 37 0.020092333 
432 41 24 32 0.020006722 
