35_Basketball_playingbasketball_35_582
64
682 107 40 63 0.98835224 
511 131 52 56 0.9851008 
429 109 40 71 0.9527808 
502 64 26 34 0.29026762 
438 50 36 46 0.26177388 
422 27 15 20 0.24168195 
494 70 42 49 0.16662939 
64 216 11 12 0.14537768 
453 66 32 47 0.13196263 
375 45 24 31 0.1036604 
203 206 11 14 0.069606066 
619 120 13 20 0.0682495 
82 225 9 11 0.066811524 
96 212 9 13 0.06366658 
490 58 29 36 0.060128175 
81 229 9 12 0.04794415 
408 47 25 34 0.04707332 
466 83 29 43 0.046216384 
438 82 37 52 0.042213906 
664 124 26 42 0.041369822 
461 52 40 52 0.039205767 
413 34 28 34 0.038345266 
159 196 9 12 0.037950043 
31 236 9 12 0.03614223 
691 220 58 58 0.035513017 
452 105 43 66 0.03482661 
798 120 15 24 0.034569502 
140 200 10 12 0.032700263 
388 139 35 47 0.029525656 
63 228 10 12 0.029487006 
655 134 12 17 0.029486122 
168 206 10 13 0.029292839 
412 54 30 40 0.029108683 
476 46 33 42 0.028636131 
424 29 32 35 0.028143909 
135 219 11 14 0.028099893 
430 69 35 45 0.02796303 
390 97 31 49 0.027750932 
248 149 8 12 0.027743634 
761 433 53 67 0.027710086 
635 132 13 20 0.026723191 
424 55 34 42 0.026556436 
407 122 44 64 0.02585781 
364 13 28 34 0.02530809 
152 190 9 12 0.024716545 
389 38 22 30 0.0247019 
221 206 11 14 0.02468566 
574 81 11 16 0.024385786 
472 97 30 44 0.02415924 
363 41 42 52 0.024070855 
161 616 56 64 0.02390227 
959 113 9 11 0.023041742 
484 86 36 42 0.023024345 
530 143 49 62 0.022249715 
661 143 14 21 0.022193633 
918 125 11 14 0.02173981 
1010 181 12 17 0.021670258 
676 93 32 54 0.021597583 
627 238 39 36 0.020627264 
650 126 23 37 0.020462783 
208 149 9 11 0.020365726 
655 253 64 52 0.02035865 
431 26 49 59 0.020242875 
179 188 12 16 0.020084359 
