35_Basketball_playingbasketball_35_78
39
426 457 67 93 0.9965994 
636 473 74 96 0.98657775 
576 753 75 79 0.9798273 
150 298 81 82 0.8871477 
189 557 81 107 0.49979514 
253 842 108 110 0.23861659 
460 1091 404 430 0.19020592 
529 178 166 223 0.12984546 
279 829 68 65 0.1256437 
187 911 208 235 0.12055659 
554 231 92 130 0.10890735 
170 541 68 94 0.103615105 
256 799 109 104 0.07022491 
123 314 72 84 0.06673053 
314 1146 243 278 0.06043331 
93 752 406 387 0.051740628 
148 542 60 79 0.046193916 
432 1174 268 293 0.04601791 
405 995 26 36 0.04579996 
648 497 159 254 0.044253957 
573 241 38 46 0.04262367 
166 259 96 118 0.038149603 
228 581 59 69 0.035891578 
182 1171 216 256 0.03244796 
24 569 172 235 0.03127417 
293 850 73 66 0.030276505 
930 1077 54 51 0.029634653 
390 1244 446 441 0.029316181 
93 299 86 129 0.028703185 
39 631 106 144 0.026584012 
598 263 43 59 0.026156455 
264 994 121 135 0.025402704 
160 -24 361 408 0.025197119 
236 1021 203 283 0.024204437 
153 1028 125 133 0.022329079 
656 477 88 121 0.022098208 
161 997 192 264 0.021806842 
603 17 191 263 0.021340854 
200 558 33 45 0.020438712 
