35_Basketball_Basketball_35_754
51
482 18 17 19 0.8284536 
500 108 19 23 0.6896131 
394 111 28 41 0.23194079 
626 13 12 16 0.22164024 
481 100 25 30 0.13698775 
684 344 15 20 0.1255968 
924 294 14 18 0.1251977 
590 433 18 22 0.12200132 
670 340 14 19 0.1096226 
612 89 25 27 0.09815137 
375 121 13 15 0.09458422 
66 229 212 269 0.08720653 
676 339 16 20 0.08457803 
920 294 23 29 0.08180462 
498 56 26 33 0.07994782 
575 131 33 38 0.068178944 
676 352 17 20 0.06381432 
663 341 12 18 0.06039949 
508 65 14 20 0.05115917 
929 299 18 19 0.04721194 
478 36 42 47 0.04259018 
573 548 13 15 0.03967225 
478 105 17 21 0.039430812 
965 301 12 15 0.036499534 
478 23 25 26 0.035491556 
527 142 26 34 0.033720616 
588 128 27 29 0.031598832 
493 91 27 33 0.030057825 
939 299 16 18 0.028832788 
159 224 182 246 0.026184285 
601 123 25 29 0.025662001 
376 123 26 29 0.025442947 
171 327 23 28 0.025344813 
945 316 27 30 0.025042374 
-24 221 212 248 0.024889514 
229 228 16 16 0.024096798 
692 347 12 16 0.023090402 
163 338 13 18 0.023021493 
477 79 39 51 0.023005486 
513 106 14 20 0.022745674 
625 441 18 22 0.022709465 
610 114 30 33 0.02261356 
84 128 336 449 0.022337705 
500 -1 25 24 0.022166248 
104 128 11 11 0.022165587 
668 349 16 21 0.02207676 
625 22 17 22 0.022045465 
188 331 14 19 0.021000415 
157 334 14 18 0.020520102 
920 304 32 33 0.020400448 
476 32 18 20 0.020019578 
