35_Basketball_playingbasketball_35_619
27
199 282 16 21 0.95245034 
82 282 12 16 0.8124529 
610 283 12 16 0.78764594 
577 263 17 25 0.6558084 
323 55 212 266 0.36889076 
755 53 245 304 0.1851764 
31 27 168 198 0.14636841 
779 282 16 20 0.1407864 
811 226 15 20 0.10922638 
757 235 14 17 0.078243874 
688 383 40 60 0.07529873 
604 275 19 26 0.06388551 
807 265 23 29 0.058466107 
531 180 15 22 0.055404335 
784 298 12 15 0.04077061 
453 268 23 30 0.03750216 
578 274 18 24 0.03513606 
539 186 11 16 0.034874782 
701 312 22 36 0.032186158 
585 263 23 31 0.028500443 
90 275 13 19 0.028468017 
383 78 123 178 0.026233014 
784 289 15 17 0.024688004 
751 326 25 38 0.022549473 
543 334 36 45 0.02176907 
781 304 15 19 0.021190459 
788 221 23 28 0.021061668 
