35_Basketball_playingbasketball_35_794
110
510 135 31 38 0.99943215 
282 174 29 38 0.9991842 
554 124 34 38 0.99540734 
752 87 40 54 0.9935126 
99 157 26 36 0.99219865 
-2 165 27 46 0.98376197 
835 141 34 40 0.97123766 
424 175 21 27 0.9507672 
268 148 17 26 0.90967774 
186 163 18 28 0.8871043 
441 203 19 26 0.73219645 
391 145 16 22 0.7075898 
326 163 15 19 0.4969736 
379 194 25 31 0.24336886 
158 181 23 28 0.2114715 
599 173 25 32 0.19425426 
327 158 13 15 0.19145459 
236 179 13 20 0.16190115 
382 173 17 24 0.15227218 
0 257 11 15 0.1461517 
386 152 23 28 0.14613803 
235 181 20 30 0.14517137 
887 121 12 16 0.14464405 
558 218 43 47 0.13632081 
243 178 14 21 0.124987625 
399 149 19 24 0.122626394 
382 165 14 17 0.10015133 
142 137 14 17 0.094743185 
265 147 13 21 0.09387839 
213 273 52 96 0.09271906 
401 462 12 15 0.09234879 
177 71 15 22 0.08670509 
148 39 14 19 0.080126606 
246 175 11 14 0.07379554 
11 244 13 15 0.07230298 
113 30 25 30 0.072027825 
174 158 22 31 0.071695924 
425 399 18 24 0.06974785 
802 531 24 37 0.06969045 
366 396 12 15 0.06714211 
504 209 33 41 0.06557076 
850 352 30 38 0.061611794 
70 197 12 18 0.060097937 
243 183 21 29 0.056378108 
241 227 23 37 0.055928867 
149 172 22 33 0.053812172 
461 141 14 18 0.050984852 
273 153 25 31 0.04773609 
371 184 24 32 0.046816297 
498 224 37 44 0.0462932 
133 74 15 20 0.046054404 
225 225 26 33 0.0440197 
238 227 14 20 0.043400705 
193 169 21 29 0.043245725 
246 111 9 11 0.04318577 
891 118 12 17 0.04238025 
456 134 24 35 0.04118588 
147 153 22 36 0.039868116 
1011 454 12 18 0.03951309 
140 82 13 16 0.03898891 
384 467 9 12 0.038157526 
334 151 11 13 0.037654642 
133 29 27 31 0.037266802 
341 438 10 13 0.036920153 
0 505 19 33 0.03603883 
367 199 29 38 0.03498582 
388 199 23 32 0.034949128 
116 20 42 51 0.03292811 
385 185 17 22 0.032788362 
577 218 45 53 0.032693833 
127 75 13 17 0.03181632 
244 434 15 17 0.031007279 
884 113 20 28 0.030140454 
171 172 28 35 0.030104311 
550 221 26 38 0.029322138 
606 187 45 55 0.028972453 
68 197 25 33 0.028360432 
31 442 113 127 0.028329952 
180 62 23 34 0.027396971 
502 244 39 45 0.0272774 
539 127 36 45 0.026879374 
870 531 10 13 0.026260225 
134 125 12 16 0.02607506 
327 166 21 29 0.02581683 
65 210 24 35 0.025474211 
155 149 25 33 0.025024043 
826 186 36 54 0.024812872 
153 62 25 35 0.024477264 
395 194 14 21 0.023942633 
140 139 22 27 0.023906348 
2 252 14 17 0.023695653 
163 256 97 134 0.023588968 
547 201 46 51 0.023182992 
85 209 27 37 0.02259466 
181 144 15 20 0.022544315 
337 468 11 14 0.022500085 
208 115 26 30 0.022031095 
76 199 29 38 0.021973241 
368 414 9 12 0.021956097 
147 100 13 16 0.021910004 
0 144 24 46 0.021582669 
710 176 25 42 0.021210495 
229 182 16 22 0.021138327 
143 92 12 14 0.020885328 
383 144 36 45 0.020840656 
165 67 23 32 0.020423425 
429 192 25 31 0.020397753 
940 356 12 15 0.020298932 
95 179 27 36 0.020271337 
335 433 9 12 0.020259129 
