35_Basketball_Basketball_35_457
1009
609 138 41 53 0.9224846 
81 254 9 12 0.5207226 
151 296 8 10 0.50595444 
172 402 12 15 0.5032068 
126 268 9 10 0.4795613 
183 358 9 11 0.47668195 
183 351 9 10 0.4585399 
20 276 13 16 0.45774335 
41 350 10 13 0.4156915 
265 303 10 12 0.40508392 
50 247 8 10 0.4001028 
289 335 8 11 0.39597988 
359 324 9 11 0.36757323 
177 302 8 10 0.3632339 
473 321 6 8 0.35718805 
79 344 9 10 0.34679267 
127 372 10 11 0.34035778 
208 334 7 11 0.33607027 
120 301 9 11 0.33563638 
128 381 10 12 0.2984634 
119 357 9 12 0.29495168 
939 319 13 16 0.28945836 
143 334 8 9 0.27857992 
112 271 10 11 0.27125844 
213 402 11 14 0.26660335 
40 355 9 12 0.26335886 
158 298 8 10 0.2625369 
87 278 9 10 0.26010102 
16 389 11 15 0.25431517 
81 231 6 8 0.25397208 
376 329 9 11 0.24217568 
0 331 8 14 0.24159312 
137 285 8 10 0.2392521 
247 391 9 12 0.23589492 
145 296 9 10 0.23269928 
336 311 8 9 0.22808033 
86 358 8 10 0.22382851 
55 253 9 11 0.217872 
49 378 10 13 0.20821743 
185 364 9 11 0.20676114 
254 327 8 10 0.206675 
156 367 10 12 0.20292862 
409 337 7 9 0.20134957 
884 359 10 13 0.2001041 
474 385 7 8 0.19971436 
113 230 7 9 0.19955625 
64 303 8 11 0.19831392 
280 292 7 10 0.19641763 
263 280 7 8 0.19007692 
207 382 9 11 0.18340789 
246 374 8 11 0.18271327 
153 254 7 9 0.18159223 
112 333 8 10 0.17699046 
110 274 11 13 0.17698537 
121 364 9 13 0.17381082 
151 349 8 11 0.17327775 
39 312 9 11 0.16791353 
164 421 12 15 0.16707665 
125 307 10 13 0.16580603 
191 368 8 10 0.16488543 
201 264 7 9 0.16382492 
425 349 7 9 0.1604109 
5 410 14 17 0.15856236 
0 283 8 13 0.15841584 
168 389 10 13 0.1576923 
33 317 10 12 0.15711454 
95 288 8 11 0.15648638 
113 225 6 8 0.15591164 
466 368 7 9 0.154687 
79 308 8 10 0.15417866 
434 328 7 9 0.153098 
74 233 7 8 0.15229271 
192 312 8 10 0.15148573 
125 302 8 11 0.15086493 
120 269 9 11 0.1508567 
57 259 11 13 0.1468228 
215 280 7 9 0.14513794 
166 271 8 10 0.14501561 
328 357 8 11 0.14355265 
113 263 7 8 0.14323157 
439 327 7 9 0.14286883 
231 295 7 10 0.14251044 
186 255 7 9 0.14201114 
62 431 11 15 0.14132299 
168 256 7 9 0.13984957 
81 249 8 10 0.13827288 
337 444 10 12 0.13725297 
245 367 8 11 0.136749 
312 341 7 10 0.13506976 
400 320 7 9 0.13220355 
98 309 8 10 0.13158879 
79 420 12 15 0.13013986 
94 381 10 12 0.1299027 
45 354 10 12 0.12774496 
162 271 7 9 0.12692179 
36 364 11 14 0.12678072 
215 254 8 9 0.12657449 
64 275 9 12 0.12580636 
478 383 7 9 0.12556303 
176 245 8 9 0.12547356 
201 303 7 8 0.12475462 
233 313 7 9 0.12405953 
224 311 8 9 0.12332262 
238 312 8 9 0.122677155 
457 313 6 7 0.122636855 
349 452 10 13 0.12141971 
7 240 7 10 0.120739885 
239 302 8 9 0.1197153 
943 364 10 13 0.11881514 
137 295 7 9 0.118567415 
56 418 11 15 0.118210845 
201 374 8 10 0.117189445 
141 279 8 10 0.11716957 
57 224 6 8 0.117036335 
513 360 7 9 0.11629166 
449 327 7 9 0.11509447 
81 278 9 11 0.11474787 
441 358 7 10 0.11451687 
207 315 9 11 0.114335835 
168 317 8 10 0.11432103 
217 431 10 12 0.11372038 
473 389 7 10 0.11368851 
89 285 9 11 0.11365162 
169 301 7 9 0.11320765 
142 286 9 10 0.113183536 
72 237 8 9 0.11274198 
232 346 8 10 0.1123838 
957 354 14 17 0.111632295 
209 296 7 9 0.11039115 
21 200 7 9 0.10990349 
126 295 8 10 0.10928515 
41 223 7 9 0.10847787 
8 224 7 9 0.10790533 
6 245 8 9 0.10774991 
200 317 8 11 0.10724248 
39 332 9 11 0.10675174 
240 317 8 10 0.10626404 
24 246 6 8 0.1061214 
181 303 8 10 0.104944505 
98 224 7 8 0.10473782 
318 318 8 11 0.1036043 
270 308 8 10 0.10321746 
105 275 9 12 0.10307885 
143 342 10 12 0.10278137 
473 325 7 9 0.102281496 
786 1 17 18 0.102159604 
952 302 10 13 0.10075745 
41 343 10 12 0.1003647 
86 231 7 8 0.10018146 
257 373 9 12 0.09992763 
175 335 8 10 0.09952687 
22 205 8 10 0.098983064 
290 329 7 9 0.09729571 
80 206 6 8 0.09727468 
120 264 9 10 0.09686833 
441 353 6 9 0.09675829 
27 278 10 14 0.09630661 
191 255 6 9 0.09548364 
257 279 7 9 0.09515419 
247 319 7 10 0.09505096 
113 351 8 11 0.09504098 
151 357 10 12 0.094722785 
129 249 7 9 0.094693765 
215 357 7 10 0.094401546 
487 365 7 9 0.09423423 
206 388 9 11 0.0941541 
340 439 8 12 0.093643844 
127 252 8 10 0.092993386 
208 302 7 9 0.092878066 
69 271 9 11 0.09211838 
241 278 7 10 0.09208272 
240 295 7 10 0.0919994 
224 303 7 9 0.091155656 
201 269 8 10 0.09110666 
98 264 8 9 0.09100145 
70 403 13 15 0.09004207 
120 253 8 10 0.08996963 
159 254 7 9 0.08911367 
193 316 8 10 0.08892282 
529 351 6 9 0.088919744 
777 214 30 37 0.088887304 
489 343 6 8 0.088682696 
255 272 8 9 0.088035464 
413 413 7 10 0.08792259 
74 342 9 11 0.08791129 
85 260 9 11 0.08771658 
282 375 7 10 0.08771085 
110 398 9 11 0.0870601 
511 336 7 9 0.08657227 
498 352 6 8 0.086092085 
96 377 9 10 0.08588495 
489 399 7 8 0.08553211 
1009 335 8 11 0.08549731 
175 255 7 9 0.084828235 
166 412 13 15 0.084695235 
6 277 9 12 0.08456488 
117 335 9 10 0.084273025 
378 351 7 9 0.083953075 
129 226 7 8 0.08330285 
17 282 11 14 0.08268133 
456 374 7 9 0.082372606 
184 346 9 10 0.08199123 
39 254 9 11 0.081924975 
448 321 6 7 0.08080745 
215 327 9 10 0.08059525 
136 348 11 13 0.0805806 
16 224 7 9 0.08053617 
183 372 8 11 0.08034425 
199 288 7 9 0.08031731 
368 341 9 11 0.07938864 
393 351 7 9 0.078923285 
239 407 9 12 0.07873023 
456 392 6 9 0.07858722 
72 216 6 8 0.077623345 
142 348 11 13 0.077519566 
208 421 8 11 0.07739931 
65 231 7 9 0.07726299 
103 224 7 9 0.07721754 
153 270 8 9 0.07720549 
132 373 10 12 0.07720532 
192 371 9 11 0.07653022 
369 334 8 11 0.07641048 
257 285 6 9 0.076356724 
185 310 7 9 0.07580171 
70 382 10 11 0.07571322 
41 232 7 8 0.07543666 
18 205 8 10 0.07477288 
512 384 7 9 0.07476036 
383 352 7 9 0.07393894 
69 275 9 12 0.073656276 
96 270 8 10 0.073484935 
466 351 7 9 0.07332392 
327 335 7 9 0.073119916 
263 344 8 10 0.073067956 
507 337 6 8 0.07305221 
359 332 9 11 0.07285286 
49 209 7 8 0.07279184 
210 359 8 10 0.072482154 
29 216 7 9 0.072269335 
472 352 7 8 0.072260015 
255 334 8 10 0.072098345 
178 296 7 9 0.07208738 
9 407 15 16 0.07203774 
208 271 7 10 0.07180138 
154 249 7 9 0.071680315 
216 240 8 10 0.07151111 
110 414 12 14 0.07146889 
96 304 8 10 0.07114079 
430 350 7 9 0.07113883 
370 288 6 8 0.07112006 
247 381 8 10 0.07110767 
383 367 6 9 0.07069025 
466 319 7 8 0.0705629 
342 445 9 12 0.07014115 
189 349 9 11 0.07009453 
158 248 8 10 0.0699572 
449 392 7 9 0.06925197 
441 302 6 8 0.06923396 
121 249 8 9 0.06904056 
61 414 12 15 0.06890331 
157 403 10 14 0.06885727 
55 397 9 12 0.0687064 
73 348 9 11 0.06866814 
255 352 9 10 0.068371065 
63 225 6 8 0.068321764 
216 311 7 10 0.06831664 
248 285 7 9 0.06808823 
457 369 7 10 0.0680651 
450 335 7 8 0.06785917 
234 255 7 10 0.06752709 
941 328 12 18 0.06718709 
191 278 7 9 0.06717878 
182 296 8 9 0.06714562 
210 277 8 10 0.06691813 
351 447 10 11 0.06686373 
408 342 7 8 0.06671267 
32 310 10 11 0.066565104 
124 356 9 12 0.06621873 
238 412 9 11 0.066117235 
32 260 8 11 0.06595939 
21 395 10 14 0.06586356 
434 333 8 9 0.06574406 
46 310 8 10 0.06574248 
167 312 8 10 0.06549548 
94 239 7 9 0.06530181 
191 344 7 10 0.065123655 
355 320 8 9 0.06510893 
186 278 7 10 0.06474269 
313 338 7 8 0.06438018 
86 363 9 12 0.0643785 
357 423 8 10 0.06427108 
457 344 7 9 0.06423072 
950 333 12 16 0.06369748 
226 296 7 9 0.06359789 
167 264 7 8 0.063229255 
258 303 9 12 0.06283987 
160 426 12 15 0.062661536 
272 360 7 10 0.062458396 
202 296 6 8 0.062428568 
95 246 7 10 0.06239274 
58 215 6 8 0.062213924 
85 420 13 16 0.06219524 
326 353 8 10 0.062113065 
153 264 7 9 0.06196076 
393 320 7 9 0.06178103 
376 304 8 10 0.06173147 
9 217 7 8 0.061698362 
153 223 7 9 0.061433848 
57 280 9 11 0.06133105 
448 360 6 8 0.061302334 
213 381 8 11 0.06129315 
414 422 7 11 0.061144806 
104 293 7 11 0.06091993 
92 423 13 17 0.06086833 
382 327 7 10 0.06082305 
134 310 9 11 0.0606046 
203 335 7 10 0.06052196 
199 312 8 10 0.060477942 
168 337 8 11 0.060334377 
483 359 6 8 0.060187478 
194 229 7 10 0.06013056 
248 279 8 9 0.05998045 
417 305 7 9 0.059877973 
215 367 8 11 0.059787087 
136 241 7 8 0.059430912 
312 295 6 9 0.05940325 
473 344 7 8 0.059401333 
520 328 7 9 0.059166364 
151 288 7 10 0.059150238 
423 305 6 8 0.059004433 
294 327 7 9 0.05896538 
125 405 11 14 0.05895122 
32 301 9 11 0.05871465 
344 304 7 9 0.05860248 
124 429 15 18 0.05855665 
70 305 8 10 0.05854577 
439 397 6 9 0.058423776 
102 262 8 9 0.05835717 
249 336 9 10 0.05828119 
113 257 8 10 0.058118075 
159 341 9 12 0.058017064 
215 374 9 10 0.057662018 
48 251 9 12 0.057574023 
26 216 7 9 0.057270564 
257 341 8 10 0.057246447 
489 336 6 9 0.05723652 
136 247 6 9 0.057035692 
273 278 7 9 0.0570251 
208 328 9 11 0.056928612 
0 349 6 12 0.056859277 
97 215 7 9 0.056824077 
321 336 7 9 0.056682453 
72 333 9 11 0.05666486 
199 257 7 9 0.056373265 
47 231 7 9 0.05627743 
168 277 8 10 0.056270443 
81 227 7 7 0.0562549 
206 374 8 11 0.055902135 
127 386 10 13 0.055875614 
208 366 8 10 0.055870514 
423 312 7 8 0.055609453 
114 302 8 10 0.055602916 
126 400 11 12 0.05553504 
184 413 10 14 0.055519793 
314 318 8 12 0.05548362 
240 351 8 9 0.055204995 
434 312 6 8 0.05518407 
304 366 7 10 0.05512821 
455 334 7 9 0.05497142 
72 308 8 10 0.054966595 
49 224 7 9 0.05496059 
88 272 8 10 0.054933872 
263 256 7 8 0.05487947 
105 398 10 12 0.054837912 
504 377 7 8 0.05478399 
917 313 13 16 0.054622173 
313 325 8 10 0.054525733 
0 412 12 15 0.054409962 
321 303 8 9 0.054348923 
105 214 7 8 0.054039825 
87 248 8 10 0.053989757 
72 326 9 12 0.053903777 
200 406 8 10 0.05368635 
7 206 8 9 0.053665157 
201 380 9 12 0.053652205 
497 329 6 8 0.053636007 
132 317 11 12 0.05354372 
136 301 8 10 0.053362634 
73 208 7 9 0.05325016 
118 231 7 10 0.053068377 
177 287 8 10 0.052884724 
128 287 9 11 0.052397598 
367 452 11 12 0.05230454 
0 254 8 11 0.052290503 
159 335 10 13 0.052147485 
85 351 9 12 0.052020185 
287 295 7 9 0.05181416 
293 339 9 11 0.051779404 
135 254 7 9 0.051682167 
224 366 9 12 0.05159425 
78 414 11 13 0.051373255 
425 375 7 10 0.051273167 
463 345 7 8 0.051125005 
306 342 7 9 0.050979193 
328 287 7 9 0.050960675 
262 381 8 10 0.0508053 
105 208 8 9 0.050366852 
214 246 9 11 0.050339635 
454 329 7 9 0.050324388 
186 272 7 9 0.050189354 
215 318 7 9 0.04995881 
25 240 8 10 0.049873143 
93 326 9 11 0.049681507 
93 276 9 11 0.049486622 
463 372 8 10 0.049421817 
6 253 7 10 0.049396925 
560 351 8 11 0.049307294 
0 308 9 12 0.04912568 
344 335 7 10 0.049003404 
504 360 7 8 0.0489052 
224 373 8 10 0.04874403 
464 313 6 8 0.048651204 
49 215 7 8 0.048620377 
56 310 8 10 0.048427727 
111 214 6 8 0.048202377 
11 357 8 11 0.04813618 
418 310 7 9 0.048136007 
79 285 10 12 0.048090953 
42 248 8 11 0.047833685 
497 392 6 7 0.04778781 
209 399 10 12 0.0476956 
947 324 12 15 0.04756315 
415 288 6 8 0.047337513 
378 367 7 8 0.0473212 
16 229 8 10 0.04728287 
93 387 11 13 0.04727996 
466 359 7 9 0.047258735 
448 353 6 8 0.04717153 
199 279 7 9 0.047047593 
120 372 10 12 0.047034662 
369 310 8 10 0.047026522 
176 341 8 10 0.04697778 
457 351 6 8 0.046943296 
255 320 8 10 0.046937365 
319 311 8 10 0.046933416 
449 376 7 9 0.046881467 
112 342 8 11 0.046860427 
183 247 8 9 0.04673911 
24 222 8 9 0.046418265 
209 240 8 9 0.046291523 
328 379 8 11 0.04604772 
154 238 7 9 0.045945127 
305 288 7 8 0.045859095 
64 215 7 8 0.04563839 
110 209 7 9 0.045613356 
297 303 6 9 0.045489736 
39 370 13 15 0.04538763 
143 357 9 12 0.04538636 
450 368 6 8 0.045144584 
110 391 9 12 0.04506961 
111 295 8 11 0.045009136 
497 359 7 8 0.04483375 
200 368 7 11 0.0447415 
240 285 7 9 0.044730905 
315 311 7 10 0.044597752 
47 241 8 9 0.04456833 
177 373 9 11 0.04456187 
216 354 7 9 0.044510916 
289 302 6 9 0.044435702 
464 392 8 9 0.044268463 
398 351 6 8 0.044136826 
249 255 6 8 0.04402917 
256 380 9 11 0.044010226 
65 184 7 9 0.04398341 
228 365 9 12 0.043921363 
342 310 8 9 0.0439162 
248 341 7 9 0.04383819 
143 374 9 11 0.043829747 
480 337 7 8 0.043678474 
216 303 7 9 0.043618165 
169 385 9 11 0.04356293 
232 247 7 9 0.04353043 
191 273 7 9 0.043478657 
383 455 9 10 0.04337553 
111 316 9 12 0.043238427 
413 336 7 8 0.04320031 
97 231 6 9 0.043030336 
490 393 6 8 0.042946074 
471 357 7 9 0.042812794 
432 296 6 8 0.0428122 
529 359 7 8 0.042778563 
258 357 8 10 0.042608865 
190 414 10 12 0.042601027 
543 305 8 10 0.04244164 
192 304 8 9 0.0424028 
245 295 8 10 0.042280942 
1 245 8 11 0.042173374 
65 239 7 9 0.04209858 
119 391 10 12 0.042047057 
31 239 7 9 0.041888077 
449 343 7 9 0.041873954 
37 260 9 11 0.041688807 
361 279 6 9 0.04168351 
215 296 7 9 0.041670814 
528 393 8 10 0.04165094 
481 353 6 8 0.041625556 
255 262 9 10 0.0416118 
424 319 6 8 0.04148557 
465 384 7 8 0.041412555 
162 312 7 9 0.04133348 
34 324 8 11 0.04132793 
161 264 7 9 0.041308213 
4 283 10 13 0.041276403 
170 239 7 9 0.04126329 
418 352 6 8 0.04123746 
184 261 7 10 0.04111091 
23 326 7 11 0.04094778 
250 326 8 10 0.04090658 
442 298 6 8 0.040854834 
406 320 7 9 0.040702377 
124 412 12 14 0.04068493 
425 368 7 9 0.040636644 
79 391 10 11 0.040577408 
314 303 7 9 0.040508196 
367 328 9 11 0.040485904 
392 326 7 9 0.040449824 
88 226 6 7 0.040351294 
63 295 10 12 0.040303268 
224 287 7 9 0.040244628 
361 342 8 9 0.040096246 
489 384 7 8 0.040085815 
116 412 13 14 0.040039662 
113 362 11 14 0.03991543 
383 358 7 9 0.03987098 
88 389 10 12 0.039855715 
46 304 9 11 0.03981697 
232 421 9 13 0.03979508 
952 372 9 12 0.039768633 
488 312 7 9 0.039719496 
360 366 7 8 0.03959595 
502 352 8 9 0.039442286 
46 399 10 12 0.039422836 
2 198 8 10 0.03936225 
18 246 7 9 0.039361022 
6 199 8 10 0.039264083 
263 348 8 11 0.03924312 
257 256 7 9 0.039186213 
80 202 7 8 0.03913518 
518 360 8 9 0.03913217 
424 390 7 10 0.03910004 
126 352 9 11 0.03905772 
118 397 10 13 0.038935043 
247 351 8 11 0.038801625 
130 230 8 9 0.038567457 
137 356 9 11 0.038522612 
480 390 6 9 0.038448233 
240 273 7 9 0.03840402 
927 396 10 11 0.03840252 
225 358 7 10 0.038283885 
438 334 8 9 0.03825511 
80 238 8 9 0.038253076 
75 398 11 13 0.03823356 
182 242 8 9 0.03815824 
378 357 7 10 0.038041722 
103 304 7 9 0.03792626 
526 336 7 8 0.037895575 
119 342 8 10 0.037888516 
335 450 10 13 0.03788514 
457 424 8 10 0.037865203 
544 343 7 9 0.03783777 
280 256 7 8 0.037828583 
167 286 8 10 0.03772063 
375 343 7 10 0.037641928 
55 317 8 11 0.03763427 
110 404 10 14 0.03762708 
274 295 8 10 0.037530787 
29 208 8 9 0.037459336 
456 305 6 7 0.037458085 
504 400 7 10 0.037432373 
391 424 7 10 0.0374289 
440 392 7 10 0.037411045 
15 216 8 9 0.037390828 
431 346 7 9 0.037332818 
944 339 11 14 0.03727889 
135 326 8 11 0.037242457 
320 342 8 9 0.037207305 
480 343 7 9 0.03708529 
73 263 9 11 0.03704794 
143 241 7 9 0.036967173 
16 293 9 11 0.03695821 
409 407 9 12 0.036946144 
545 350 6 9 0.036918513 
133 368 10 11 0.03682428 
160 288 8 9 0.03673142 
15 310 8 11 0.036697686 
274 273 6 8 0.036567006 
278 279 7 9 0.036552697 
931 204 23 26 0.036534768 
77 335 10 12 0.036411494 
85 414 10 13 0.036268357 
440 311 6 8 0.0362143 
536 360 6 8 0.036158577 
213 332 9 11 0.03613488 
334 359 8 10 0.036023207 
34 191 7 9 0.0360001 
241 397 9 12 0.035984546 
497 398 6 10 0.035864905 
281 263 7 8 0.03581978 
520 391 7 9 0.035806537 
105 231 7 8 0.035744496 
355 325 9 11 0.035614908 
322 352 8 10 0.035601515 
192 408 9 11 0.03559344 
447 304 6 8 0.035592686 
206 266 7 9 0.03552245 
349 457 12 15 0.035385836 
337 366 8 11 0.035251047 
285 288 8 10 0.035234913 
32 360 10 12 0.03521576 
80 291 9 12 0.03518084 
131 240 7 9 0.03512983 
134 230 7 9 0.035010647 
21 382 10 14 0.034992125 
215 273 7 10 0.03492323 
177 262 7 9 0.034915097 
8 230 6 8 0.03469648 
215 422 10 11 0.034688648 
1 231 7 9 0.034680165 
167 297 7 10 0.034546167 
353 423 9 11 0.034513913 
69 411 12 15 0.034498226 
450 312 6 8 0.034308683 
56 390 9 13 0.03429767 
473 302 7 9 0.034265045 
497 367 7 8 0.034264933 
222 327 8 10 0.034242865 
529 344 7 9 0.034198854 
232 289 8 10 0.034087382 
327 303 7 9 0.034072667 
41 238 7 9 0.03405218 
392 345 8 9 0.03403569 
993 328 8 10 0.033805765 
336 315 8 10 0.03373653 
31 232 7 9 0.03371528 
393 312 7 8 0.033707775 
465 303 6 8 0.033635166 
998 333 9 12 0.033519644 
72 223 7 9 0.03351772 
360 314 8 10 0.03348333 
87 291 10 12 0.033418052 
296 297 6 8 0.03336741 
447 382 7 9 0.03334883 
89 214 7 9 0.03334643 
172 319 9 10 0.033320867 
176 366 10 12 0.03325052 
464 397 7 9 0.033227425 
229 373 9 11 0.03313718 
94 333 10 12 0.03306461 
518 385 9 10 0.03300728 
176 326 8 11 0.03276378 
337 305 7 9 0.032755367 
262 284 8 9 0.032751456 
240 345 7 10 0.032749042 
535 383 7 8 0.032590754 
497 377 6 8 0.03257073 
319 325 7 10 0.032519616 
90 382 10 12 0.032470748 
89 239 7 9 0.03241425 
144 246 7 9 0.032354653 
553 352 7 9 0.032268547 
32 294 10 12 0.03215226 
415 441 8 11 0.03214153 
180 405 9 14 0.032136448 
951 356 14 17 0.03206041 
506 383 7 9 0.031980556 
409 454 10 11 0.03185092 
207 339 8 11 0.0317832 
30 221 8 10 0.031780176 
7 193 8 9 0.031751957 
79 317 9 12 0.03171559 
474 337 7 8 0.031694714 
200 247 7 9 0.031599995 
946 327 20 28 0.03155181 
153 233 7 8 0.0315312 
431 383 7 8 0.03151211 
262 359 8 10 0.031447973 
441 344 6 8 0.031427566 
250 272 8 9 0.031367097 
7 272 10 12 0.031332057 
232 301 7 10 0.031325463 
456 396 7 10 0.03129526 
0 316 9 12 0.031150967 
12 351 9 11 0.03109875 
118 316 10 13 0.031097645 
133 414 10 13 0.031069027 
521 333 7 9 0.031064227 
297 375 7 10 0.031017479 
358 439 8 11 0.031015562 
377 297 6 7 0.030987296 
135 225 7 9 0.030945702 
12 384 18 25 0.030927218 
698 -1 34 27 0.03088433 
56 210 7 8 0.030874947 
94 396 10 14 0.030761823 
23 229 9 11 0.030612452 
375 288 6 8 0.030554367 
253 388 9 12 0.030528927 
128 277 9 11 0.03050895 
120 216 7 8 0.030502828 
473 313 6 8 0.030481614 
425 382 6 10 0.03046785 
560 356 8 11 0.030423662 
353 334 8 10 0.030373821 
352 342 8 10 0.03035523 
73 246 8 11 0.030315882 
176 308 8 11 0.030278547 
263 261 7 9 0.030263837 
408 366 7 10 0.030260477 
4 326 11 14 0.030227942 
216 392 8 10 0.030213002 
177 357 11 13 0.03011213 
545 294 8 10 0.030010577 
367 360 7 9 0.029948436 
336 288 6 8 0.029934397 
1008 327 9 11 0.029924667 
384 392 6 8 0.029826742 
223 391 8 11 0.029787803 
587 222 28 49 0.02978324 
40 269 8 11 0.02977148 
103 287 8 11 0.029738693 
949 364 12 16 0.029517196 
382 374 7 10 0.029512176 
471 373 7 9 0.029441852 
152 371 10 12 0.02939441 
441 366 7 8 0.02924315 
166 396 20 24 0.029179363 
159 240 8 9 0.029103987 
144 217 6 8 0.029045492 
57 228 7 10 0.029029062 
176 430 11 14 0.02898981 
240 256 7 9 0.028987113 
384 445 8 10 0.028986152 
223 240 7 8 0.028983757 
702 125 44 56 0.028974645 
512 400 7 9 0.028968368 
408 374 8 9 0.02895563 
23 310 9 11 0.028950334 
71 285 11 13 0.028891928 
23 404 11 15 0.028870199 
138 334 8 10 0.028793786 
196 223 10 12 0.028767398 
161 277 7 10 0.028677447 
326 341 8 10 0.028643668 
168 358 10 12 0.02861965 
240 263 6 8 0.028557979 
230 389 10 12 0.028433414 
144 223 7 8 0.02831082 
225 352 7 9 0.028303042 
399 313 7 9 0.028286502 
757 223 36 40 0.028204083 
46 367 11 13 0.02815813 
48 201 7 9 0.028087119 
442 322 6 7 0.028070651 
103 390 10 13 0.028002212 
306 337 6 9 0.02800118 
128 342 8 10 0.027973194 
120 381 10 12 0.027954677 
87 304 9 11 0.027947143 
455 318 7 8 0.027926514 
231 413 9 12 0.027854254 
248 249 6 8 0.027796121 
329 310 8 10 0.027795242 
480 303 7 8 0.027771054 
174 381 9 11 0.027706914 
192 296 7 9 0.027672183 
936 330 11 15 0.027616858 
673 172 27 35 0.027553452 
222 413 10 14 0.027528 
306 326 6 9 0.027399544 
198 230 7 10 0.02738281 
489 376 6 8 0.027354483 
144 365 9 12 0.02733195 
73 318 8 11 0.027233198 
992 332 9 11 0.027198171 
232 383 9 11 0.027138963 
81 364 9 12 0.027138347 
370 304 8 9 0.027086651 
454 359 7 9 0.027080659 
496 384 6 8 0.027072664 
234 261 7 9 0.02703094 
133 420 10 14 0.027023202 
526 328 7 8 0.02702086 
341 367 8 12 0.02697849 
120 239 7 9 0.026947485 
48 328 8 10 0.026896456 
83 342 9 12 0.026873069 
241 381 8 11 0.026778439 
329 452 9 11 0.026726933 
512 404 8 10 0.026684068 
49 317 8 10 0.026602084 
447 296 6 8 0.026596965 
64 210 7 8 0.02657518 
119 225 7 8 0.026433818 
70 419 12 15 0.026427837 
997 326 10 12 0.026418425 
132 398 10 12 0.026377246 
54 356 9 12 0.026327299 
503 367 7 9 0.02631015 
377 381 7 10 0.026290989 
448 408 8 10 0.02628579 
101 420 12 16 0.026249921 
281 380 8 10 0.026242321 
224 317 7 9 0.026205815 
312 288 7 9 0.0261901 
480 378 7 9 0.02609561 
219 397 11 13 0.026088953 
41 398 10 12 0.026037687 
376 319 8 9 0.025976172 
414 428 8 11 0.025948685 
514 327 7 8 0.025909582 
62 246 9 11 0.025891107 
411 288 7 9 0.025880845 
89 396 10 12 0.025817644 
483 366 8 9 0.025788601 
536 343 7 9 0.02575277 
425 358 7 9 0.02572149 
270 365 8 11 0.02566763 
282 366 8 10 0.025560025 
221 420 10 13 0.025558824 
534 398 8 10 0.025544543 
217 285 7 9 0.025450315 
65 190 8 10 0.025358584 
368 367 6 8 0.025299722 
488 352 6 8 0.02527016 
506 342 7 9 0.025243482 
57 426 13 17 0.025242003 
401 345 6 8 0.025176035 
46 404 11 14 0.02513064 
446 287 7 8 0.0251238 
529 367 7 9 0.025041914 
513 364 7 9 0.024946488 
534 351 7 9 0.024892462 
336 335 7 9 0.02488102 
105 334 9 12 0.024868235 
279 360 8 11 0.024828076 
343 358 7 10 0.024798617 
410 304 7 9 0.024757538 
181 429 10 13 0.024665985 
31 246 7 9 0.024589438 
176 279 7 9 0.024563912 
366 317 7 10 0.02447107 
408 439 10 12 0.024406826 
144 271 8 10 0.024398126 
999 309 9 12 0.024341153 
478 327 6 8 0.024340207 
336 281 7 8 0.024332669 
414 453 10 12 0.024318332 
544 360 6 8 0.024285508 
919 375 10 11 0.024126554 
368 348 8 11 0.024111012 
368 448 11 11 0.024105718 
550 293 9 10 0.024078147 
80 272 9 10 0.023973057 
761 10 15 16 0.023959601 
150 334 9 12 0.023910727 
201 341 7 10 0.023903947 
478 319 7 9 0.023898503 
6 396 13 15 0.02388097 
1 239 8 10 0.023862226 
472 295 8 9 0.02379644 
409 383 7 10 0.023772016 
24 319 8 10 0.023760566 
47 332 8 12 0.023731157 
89 374 8 11 0.02368397 
230 358 9 11 0.023572987 
390 335 7 9 0.023548266 
271 349 8 11 0.023527248 
307 295 6 8 0.023524644 
95 255 8 11 0.023482412 
264 273 6 9 0.023355609 
225 255 7 10 0.02333126 
941 318 20 25 0.023288561 
64 405 12 14 0.023256322 
258 368 8 11 0.023253156 
227 344 8 9 0.023249835 
329 439 9 12 0.023230832 
321 356 8 11 0.023225773 
385 334 7 9 0.023183832 
955 337 15 20 0.023172159 
38 413 12 15 0.023088628 
1015 310 8 13 0.023063926 
126 421 13 15 0.023029324 
383 305 7 8 0.023022253 
279 302 8 9 0.0229522 
417 383 7 9 0.022919534 
88 333 10 13 0.0229091 
75 323 11 14 0.022886178 
510 341 7 9 0.022818299 
104 314 9 12 0.022787787 
66 382 9 13 0.022763018 
53 367 10 11 0.022626419 
246 313 9 10 0.02261813 
448 414 8 10 0.022556068 
481 399 6 8 0.022424709 
133 270 9 11 0.022382997 
150 382 10 12 0.02233419 
222 279 7 10 0.022322612 
998 317 10 12 0.022282498 
408 327 7 8 0.022270968 
241 356 8 12 0.022250678 
418 376 7 9 0.022250092 
392 358 7 8 0.02221264 
190 249 8 9 0.022211913 
221 436 10 12 0.02217341 
241 334 8 11 0.022113167 
186 358 10 12 0.022030538 
352 441 10 12 0.022013767 
1012 364 10 14 0.021987198 
105 342 9 12 0.021956742 
497 320 6 7 0.021954408 
939 355 22 27 0.021951756 
481 407 6 8 0.0219382 
519 319 7 9 0.02193664 
321 279 7 10 0.02187586 
32 197 8 10 0.021866627 
502 391 8 9 0.021854931 
441 383 7 9 0.021836016 
495 345 7 8 0.021735275 
1006 357 11 15 0.021635143 
55 404 10 12 0.0216267 
181 286 9 10 0.021623915 
329 364 8 11 0.021619003 
76 417 19 24 0.021591457 
457 383 6 8 0.021561544 
0 338 8 15 0.021529457 
361 359 8 11 0.021507135 
952 347 12 17 0.021445675 
841 160 26 31 0.02138346 
328 329 7 9 0.021370847 
520 366 7 9 0.021347087 
216 222 8 10 0.021341244 
353 312 7 9 0.021328831 
6 149 11 13 0.021318328 
410 351 6 8 0.021288639 
246 301 8 10 0.021272385 
143 381 9 11 0.021269 
612 397 11 11 0.021251826 
17 326 8 11 0.02123786 
33 358 20 25 0.021228494 
329 446 10 11 0.021160044 
87 319 9 11 0.02114324 
870 421 8 11 0.021142894 
970 278 8 11 0.021125646 
200 422 10 12 0.021107104 
62 397 11 13 0.021031158 
288 393 8 10 0.021023756 
6 302 10 12 0.021021532 
311 360 8 10 0.021009833 
1 205 7 10 0.02096792 
151 326 8 11 0.020964216 
376 413 7 10 0.020947322 
101 443 14 17 0.020945864 
536 366 7 9 0.02094213 
143 310 8 10 0.020921793 
219 404 12 15 0.020906653 
22 332 8 11 0.02090396 
440 431 10 11 0.020898383 
362 287 7 8 0.020891735 
216 263 7 8 0.020824686 
326 317 8 11 0.020807259 
995 192 28 33 0.020770043 
25 255 8 10 0.020767055 
112 382 9 12 0.020762522 
373 452 10 11 0.020754525 
265 299 8 10 0.020747783 
497 406 7 9 0.020743404 
98 427 14 17 0.02072598 
344 341 8 10 0.020717828 
65 199 7 9 0.02069262 
536 326 7 9 0.02068003 
432 391 7 10 0.02066929 
29 397 10 15 0.02064675 
79 215 7 8 0.020640163 
88 209 7 8 0.020606376 
933 321 21 29 0.020532135 
225 333 8 10 0.020517321 
374 308 9 11 0.020465389 
957 294 10 12 0.02045464 
263 367 9 11 0.020449564 
39 302 9 11 0.020444995 
105 258 8 10 0.020413397 
208 395 20 24 0.020405585 
211 246 7 10 0.020379512 
170 246 8 10 0.02033175 
463 337 7 9 0.020325733 
473 397 7 10 0.02030735 
288 271 8 9 0.020295212 
145 263 8 10 0.020221895 
207 413 12 13 0.020164737 
536 377 7 9 0.020158518 
131 405 11 14 0.02014497 
151 318 9 12 0.02010072 
199 430 10 12 0.020080926 
191 334 9 11 0.02007126 
308 365 9 12 0.020063255 
96 209 7 9 0.020048527 
0 215 7 10 0.020039879 
127 336 8 10 0.0200341 
15 270 21 26 0.020026613 
