35_Basketball_playingbasketball_35_219
179
246 680 102 119 0.9993563 
464 957 67 82 0.99854505 
701 1046 67 86 0.99822134 
923 858 72 94 0.99784994 
810 947 80 102 0.9926783 
583 858 32 45 0.9706052 
689 919 22 38 0.962541 
992 230 18 22 0.2502172 
179 371 13 18 0.22645937 
268 520 16 20 0.18943478 
630 30 13 18 0.16638061 
478 360 14 17 0.13847029 
832 883 19 22 0.135482 
422 1161 34 42 0.11637334 
211 500 11 15 0.11237798 
989 1068 35 48 0.110171944 
468 96 15 22 0.10528023 
12 430 11 15 0.09972182 
227 450 12 15 0.08284182 
236 435 12 15 0.08093994 
242 459 13 15 0.078776404 
204 425 15 18 0.07578256 
297 488 16 20 0.07535675 
205 366 11 15 0.074642695 
211 469 14 18 0.067792594 
753 148 29 36 0.06655977 
174 494 10 13 0.0635405 
332 396 26 33 0.06331 
482 337 14 18 0.06188467 
483 96 16 20 0.06098277 
233 278 9 11 0.060578253 
230 467 13 17 0.05803679 
444 401 16 21 0.05675861 
227 384 16 20 0.056497633 
102 444 12 17 0.05630324 
584 175 201 272 0.055397518 
405 338 15 21 0.055215776 
762 882 25 27 0.052828584 
299 345 15 19 0.052118413 
470 90 24 31 0.05042502 
483 232 16 21 0.049654238 
307 371 17 22 0.049129944 
323 514 14 18 0.048790775 
285 429 13 17 0.0482718 
250 356 14 18 0.047663808 
851 45 113 155 0.045301225 
278 486 13 17 0.04414202 
23 395 10 12 0.043551486 
193 500 12 16 0.04245571 
363 366 16 23 0.042216856 
7 503 9 11 0.04199682 
482 346 16 20 0.041396875 
363 531 13 15 0.039539218 
461 303 11 15 0.03952882 
206 398 11 14 0.03862658 
255 567 22 29 0.038294375 
738 869 59 46 0.037168376 
347 575 18 26 0.03703526 
518 53 380 451 0.03675897 
23 542 10 13 0.03575819 
829 36 15 20 0.035627924 
100 435 13 16 0.035035126 
600 122 14 19 0.03466665 
292 368 25 29 0.033883635 
222 526 11 14 0.033809375 
823 886 35 40 0.033103827 
438 542 23 30 0.032996483 
1003 5 20 37 0.03285355 
740 909 30 37 0.031858858 
223 380 14 16 0.031572632 
221 373 12 14 0.03129828 
610 226 26 35 0.0310011 
320 315 25 33 0.030352505 
262 491 14 18 0.029626502 
239 452 12 15 0.029066002 
14 559 11 13 0.02890556 
24 500 8 11 0.028860895 
76 436 13 16 0.028774777 
198 368 14 17 0.028394172 
317 519 20 26 0.028214063 
500 125 12 16 0.028184153 
990 254 24 34 0.02798829 
284 335 16 20 0.02771213 
38 557 12 15 0.027704353 
206 504 15 20 0.027653586 
-14 518 186 220 0.027503904 
526 88 24 30 0.027476832 
286 520 15 20 0.027463228 
20 567 11 13 0.027423065 
266 401 14 18 0.02722414 
829 157 17 21 0.027116904 
707 96 54 72 0.027093867 
55 494 9 13 0.027004914 
246 361 14 19 0.026717266 
197 426 14 17 0.0267092 
642 118 26 31 0.02670015 
220 471 17 24 0.02614942 
189 381 12 15 0.026111482 
557 107 15 18 0.026099298 
300 472 16 22 0.026046772 
328 454 11 15 0.026012776 
749 866 31 30 0.025974905 
363 557 22 28 0.02590908 
264 333 12 15 0.025840262 
817 96 102 120 0.025753295 
72 443 11 14 0.02569406 
745 891 52 63 0.025597073 
83 396 13 14 0.025546886 
484 63 92 114 0.025485042 
254 441 14 17 0.02546555 
857 162 12 15 0.025437728 
257 399 24 30 0.02539271 
235 459 19 24 0.024780773 
285 403 14 17 0.024771173 
263 339 11 15 0.024716465 
116 444 13 17 0.024635954 
563 1 16 17 0.024618138 
685 915 16 26 0.024561534 
21 494 10 13 0.024444869 
556 0 16 14 0.024412056 
143 489 13 17 0.024380352 
30 512 9 11 0.02433746 
214 445 11 13 0.024320066 
601 258 36 47 0.024164429 
7 469 9 12 0.024092287 
285 369 15 19 0.024008913 
349 518 11 14 0.023823174 
262 396 15 17 0.023759034 
497 209 110 124 0.023546996 
766 153 20 23 0.023439327 
732 905 26 32 0.023234138 
195 495 11 14 0.023221292 
385 418 15 18 0.023153951 
653 118 15 20 0.023038011 
495 148 19 27 0.0230195 
768 873 27 31 0.022878565 
248 385 46 52 0.02280134 
28 461 11 12 0.022729998 
54 404 9 12 0.022686448 
500 12 12 14 0.022644045 
31 406 10 12 0.022536382 
233 378 15 18 0.02250903 
38 429 10 12 0.022491362 
316 432 17 20 0.02244506 
440 58 97 117 0.022323953 
14 470 10 13 0.022258556 
135 701 55 61 0.022209533 
699 615 117 126 0.022188319 
265 497 15 18 0.02210514 
244 434 13 17 0.022066355 
32 475 11 13 0.022059225 
724 115 51 66 0.022026138 
33 157 104 125 0.021761833 
508 45 24 32 0.021761298 
6 452 10 12 0.021671891 
108 442 20 27 0.02166565 
771 22 14 18 0.021599235 
52 459 11 13 0.021570908 
190 388 13 16 0.021570837 
205 415 14 16 0.021384396 
629 106 26 32 0.021370668 
356 567 23 31 0.021205142 
934 30 94 147 0.021046992 
987 242 25 32 0.021006674 
283 548 14 19 0.020996468 
214 371 13 14 0.020974299 
32 437 11 13 0.020849807 
588 231 52 65 0.020740386 
540 356 14 17 0.020679442 
542 107 25 31 0.020485932 
251 406 23 31 0.020465968 
883 131 57 70 0.020330673 
288 523 21 26 0.020317322 
233 472 15 18 0.020264925 
159 523 10 13 0.020252772 
282 483 21 26 0.020198101 
836 122 49 58 0.020140247 
253 470 13 16 0.020098025 
140 523 11 14 0.020084253 
