35_Basketball_Basketball_35_158
54
198 469 105 170 0.99889463 
958 569 60 88 0.9971511 
675 704 25 29 0.6960072 
831 738 35 46 0.4448285 
212 1094 154 188 0.41783202 
106 399 23 26 0.3401215 
126 460 28 36 0.24535745 
190 456 26 37 0.19163324 
880 582 27 33 0.16559644 
288 884 47 63 0.14352077 
293 -56 455 525 0.13125488 
816 630 30 36 0.09664878 
166 386 24 32 0.086891815 
740 745 38 43 0.08002583 
150 1004 307 404 0.07191016 
989 1030 16 21 0.06972289 
96 825 35 50 0.06357228 
606 3 406 444 0.05660559 
82 803 18 22 0.056354854 
212 387 27 35 0.05537954 
152 830 32 43 0.053480748 
560 1285 37 53 0.05145334 
748 822 48 69 0.050918836 
322 927 60 88 0.04866433 
825 674 30 35 0.04743895 
304 1036 35 42 0.044430275 
283 851 425 465 0.043148447 
-21 -51 371 446 0.042377263 
138 285 27 35 0.042255905 
794 739 30 41 0.041907173 
629 673 46 59 0.041237924 
850 810 58 66 0.040650573 
140 459 29 35 0.040354725 
71 458 30 42 0.03654168 
188 275 27 34 0.03603217 
738 821 81 108 0.030666769 
719 707 76 103 0.029905101 
683 697 82 109 0.02882271 
382 15 258 296 0.026485022 
916 121 111 154 0.025632204 
133 771 27 38 0.02563088 
676 734 49 67 0.025470402 
242 1181 144 169 0.024369495 
887 757 26 30 0.024125017 
285 889 72 96 0.02403488 
898 615 34 42 0.022807885 
873 583 43 54 0.022667747 
745 707 33 36 0.022570722 
822 752 86 116 0.02250749 
866 803 33 48 0.022311365 
116 792 16 21 0.02213221 
877 577 17 24 0.021900631 
843 799 27 35 0.020104941 
617 668 85 111 0.020091727 
