35_Basketball_playingbasketball_35_19
33
120 302 26 50 0.9971872 
806 593 34 38 0.71888965 
531 248 31 35 0.5924518 
339 121 26 32 0.3685499 
718 100 11 15 0.11241719 
521 242 30 33 0.10890816 
91 353 45 57 0.08260533 
810 101 14 17 0.058022924 
576 359 35 35 0.05044837 
72 312 27 43 0.046858903 
519 259 31 33 0.046461683 
349 98 12 16 0.043738406 
798 91 13 17 0.04045715 
332 99 43 53 0.035919264 
569 635 26 35 0.034352854 
76 91 11 14 0.03262104 
93 84 9 12 0.031316016 
781 110 12 16 0.029449826 
804 92 15 19 0.02923446 
573 612 12 16 0.028114134 
812 227 16 18 0.02700449 
65 303 25 44 0.02654675 
899 75 17 22 0.026283512 
727 98 410 512 0.025205867 
555 138 21 27 0.025059957 
407 151 11 12 0.025016634 
525 273 30 34 0.024827888 
805 101 23 28 0.024255153 
153 159 8 10 0.02391947 
1014 59 9 14 0.023273805 
546 262 17 21 0.023001416 
751 121 21 29 0.02234282 
623 82 13 15 0.02219937 
