35_Basketball_basketballgame_ball_35_412
27
656 158 71 94 0.9990392 
855 205 61 96 0.9940367 
219 21 64 67 0.3940301 
64 203 58 68 0.21178283 
75 5 61 58 0.16006564 
4 786 30 37 0.14464097 
92 115 356 476 0.11269492 
0 242 12 21 0.0768163 
410 748 52 67 0.0721063 
206 20 110 103 0.06112972 
1007 725 15 25 0.05535971 
949 542 33 41 0.047444627 
539 301 27 33 0.04734253 
212 58 147 107 0.042918753 
843 473 34 37 0.041142862 
550 302 13 18 0.038537245 
639 425 152 181 0.03679575 
384 511 110 139 0.036262292 
122 3 202 183 0.034567717 
151 161 255 245 0.033629283 
1011 492 12 19 0.031143641 
97 70 265 230 0.030541964 
532 297 347 431 0.02182844 
626 329 34 40 0.021772731 
1002 488 22 32 0.02148508 
0 768 29 43 0.020136872 
828 477 57 51 0.020032182 
