35_Basketball_basketballgame_ball_35_153
22
81 2 125 150 0.9994667 
83 246 133 186 0.9992562 
711 308 141 180 0.9991715 
416 227 162 211 0.9981527 
185 1306 108 126 0.22750568 
293 287 121 165 0.19101603 
608 730 133 112 0.16830488 
819 10 193 243 0.084951125 
203 1351 73 66 0.06013711 
539 1038 218 325 0.049953286 
330 238 156 216 0.048407957 
159 968 182 245 0.047362722 
454 867 343 476 0.044786606 
161 243 115 179 0.039365474 
846 -4 68 54 0.039332807 
177 1229 167 211 0.036241952 
774 -72 283 423 0.03478471 
900 426 31 37 0.033714682 
378 771 57 69 0.027484898 
696 -5 190 239 0.024960289 
648 1287 252 214 0.022698155 
98 1422 28 36 0.02027833 
