35_Basketball_playingbasketball_35_362
524
889 428 16 19 0.9508064 
205 490 11 13 0.9051553 
17 525 11 13 0.87652963 
71 525 12 15 0.8534973 
620 368 22 28 0.8531115 
706 464 12 16 0.82112944 
47 523 9 11 0.75393814 
540 406 21 27 0.6866903 
221 501 9 12 0.64416593 
23 495 10 12 0.4795455 
135 487 8 10 0.47472203 
96 527 11 12 0.4649189 
263 525 9 12 0.4317056 
88 478 9 11 0.4256926 
168 521 10 12 0.40903616 
69 470 9 11 0.35569903 
152 495 8 10 0.32516983 
182 497 9 10 0.30662125 
222 540 10 13 0.30207556 
119 470 9 11 0.3020676 
184 520 10 12 0.2893243 
24 453 8 10 0.28918472 
475 385 18 23 0.27768686 
497 234 17 20 0.27278316 
0 483 9 14 0.251084 
239 549 14 16 0.23766927 
540 481 14 17 0.22893599 
119 487 7 10 0.20165272 
49 464 8 10 0.19652785 
280 517 8 10 0.1905598 
616 421 27 30 0.18485704 
192 479 8 10 0.18383013 
277 534 11 12 0.18231645 
85 549 10 12 0.17998298 
202 487 9 12 0.17932709 
145 479 8 9 0.17341024 
72 476 9 11 0.17026944 
302 478 7 9 0.16770008 
241 526 9 11 0.16642623 
42 502 8 12 0.16306236 
114 470 8 10 0.1607278 
80 479 8 10 0.15729083 
54 504 10 12 0.15700945 
150 501 8 10 0.15222071 
140 524 10 12 0.15128696 
362 503 8 11 0.148291 
885 467 17 20 0.14787643 
146 503 9 10 0.14298192 
47 470 10 10 0.13797069 
92 478 9 11 0.13768569 
28 492 10 13 0.13506162 
103 488 9 11 0.1345416 
48 477 9 11 0.13306859 
366 534 9 12 0.13210282 
225 464 8 9 0.12771294 
137 520 9 11 0.12342469 
103 493 8 10 0.1234013 
318 471 8 10 0.12169567 
299 480 7 9 0.12164066 
226 565 13 16 0.12106247 
114 525 9 12 0.11958081 
293 504 9 11 0.11943715 
627 431 17 20 0.11836114 
89 473 8 10 0.11829962 
182 508 9 11 0.11776581 
149 13 231 273 0.11341657 
73 573 10 12 0.11289768 
31 487 9 11 0.112340726 
158 535 9 12 0.11037602 
157 495 8 10 0.110265866 
152 536 10 12 0.10882126 
178 495 9 10 0.10684709 
54 574 9 11 0.10663321 
161 472 8 9 0.10617001 
304 517 7 10 0.10615162 
397 543 9 11 0.10497689 
150 479 7 9 0.104911365 
127 472 8 10 0.10437398 
365 507 9 11 0.10407068 
176 539 10 13 0.10360024 
176 508 9 11 0.10345969 
269 559 11 14 0.1024851 
192 469 9 10 0.09847841 
289 503 9 11 0.09797883 
41 495 8 11 0.097729884 
113 487 8 10 0.097530104 
602 413 26 31 0.09615347 
144 567 10 12 0.09259727 
71 566 10 11 0.09253693 
230 539 11 15 0.090401 
161 524 9 12 0.09025421 
241 518 8 11 0.09021773 
172 525 10 12 0.0900971 
234 493 11 14 0.08952492 
149 539 10 13 0.08816888 
71 549 8 10 0.08646405 
42 523 9 12 0.085325964 
127 445 9 11 0.08528336 
296 484 8 10 0.084524326 
503 516 10 14 0.08451626 
172 519 10 12 0.083664276 
137 482 7 9 0.083464086 
186 479 8 10 0.08309631 
199 463 8 10 0.08186578 
305 541 10 11 0.07861796 
144 462 7 10 0.07837143 
118 478 8 9 0.07798512 
145 495 9 11 0.07776252 
175 502 10 12 0.07713195 
352 547 9 12 0.07700096 
432 528 8 11 0.07671612 
80 543 9 11 0.07661411 
236 540 13 16 0.074688375 
128 493 8 10 0.07411143 
96 485 9 11 0.072729334 
152 559 10 12 0.07209028 
402 502 7 10 0.071775265 
114 520 8 11 0.071540505 
279 511 8 11 0.07089108 
237 532 11 13 0.07063487 
29 454 8 10 0.07004439 
609 -7 408 475 0.07000129 
279 502 8 11 0.06951808 
510 362 28 41 0.069371976 
165 565 10 13 0.06714905 
896 429 14 17 0.06621581 
40 507 9 11 0.06580681 
273 534 10 12 0.065727755 
225 528 8 10 0.06572288 
312 520 7 10 0.06565829 
119 520 8 10 0.06543988 
334 493 9 10 0.06537899 
150 510 9 10 0.0651229 
318 520 9 10 0.0646598 
596 412 16 20 0.06400667 
72 502 8 10 0.063804656 
196 480 9 11 0.06342702 
294 525 9 12 0.06316433 
298 518 8 10 0.06310991 
167 473 8 9 0.06296822 
240 465 8 9 0.06282541 
612 435 31 36 0.06263784 
199 469 8 10 0.062336523 
119 465 8 10 0.0621264 
150 563 10 12 0.061943665 
45 495 9 11 0.06160346 
18 455 8 10 0.061461914 
98 531 11 14 0.060981736 
211 598 16 17 0.06097248 
120 492 8 10 0.060509656 
421 494 7 10 0.06046489 
295 509 9 10 0.06016962 
70 465 9 11 0.05935001 
209 488 11 13 0.05933641 
313 567 10 11 0.059196413 
154 447 7 9 0.059067085 
24 557 9 11 0.058404524 
928 501 12 16 0.05802845 
114 454 7 9 0.058025092 
631 468 15 17 0.05802243 
314 471 8 9 0.057904556 
215 509 10 12 0.057739858 
919 439 14 16 0.057547096 
39 550 9 11 0.05752667 
449 543 7 10 0.05735714 
496 535 9 12 0.057346538 
145 509 9 11 0.05668647 
310 542 9 10 0.056458525 
188 524 9 12 0.056130476 
1012 467 9 13 0.05551634 
161 478 8 9 0.055229947 
170 503 8 10 0.054749712 
193 485 7 9 0.053787656 
393 533 9 10 0.053287894 
152 489 7 9 0.053059407 
157 559 10 12 0.051865954 
230 465 8 9 0.051807802 
51 524 10 13 0.051551092 
129 489 8 10 0.051404 
114 478 7 10 0.051299855 
258 495 8 10 0.051057894 
75 568 9 11 0.05091685 
231 533 11 14 0.050417997 
5 511 8 11 0.0502927 
53 478 9 11 0.049817912 
129 534 10 11 0.04953045 
316 572 11 13 0.049239855 
237 511 10 13 0.048987374 
232 469 8 10 0.04886789 
957 500 11 13 0.04881899 
160 564 9 12 0.0485301 
254 478 8 10 0.04852283 
119 455 7 9 0.048334934 
76 519 11 13 0.048076764 
72 542 8 11 0.047793735 
249 573 13 16 0.047782462 
573 398 12 16 0.047777746 
391 496 7 9 0.047754645 
192 463 9 11 0.04774268 
892 462 15 19 0.0476047 
7 547 8 11 0.047476176 
265 562 12 15 0.047465693 
32 542 8 11 0.047167376 
288 574 11 13 0.04716059 
957 485 11 14 0.0469341 
478 509 8 10 0.04669297 
112 576 8 11 0.0466508 
145 473 8 9 0.046633996 
175 473 7 9 0.04644842 
101 501 9 11 0.046222482 
48 484 9 11 0.046217516 
87 555 9 12 0.04613582 
25 488 10 12 0.046083767 
80 485 8 10 0.04592341 
239 469 8 10 0.045695797 
79 496 9 10 0.045427434 
384 533 7 10 0.04539792 
272 540 11 13 0.045090534 
320 541 8 10 0.045045767 
72 484 9 11 0.044918384 
304 473 7 9 0.04483315 
282 496 8 10 0.044730496 
176 549 9 12 0.04421426 
94 573 10 12 0.044101574 
56 567 9 12 0.044004947 
144 534 9 11 0.04390981 
47 508 9 11 0.043804392 
142 485 9 11 0.043777607 
32 525 9 11 0.04365392 
208 468 8 11 0.04360408 
151 473 7 10 0.043588843 
22 508 11 12 0.043081917 
176 477 7 10 0.04279279 
93 472 9 10 0.042596765 
384 501 7 10 0.04246777 
97 538 10 13 0.042400774 
0 471 9 13 0.042309478 
145 456 7 9 0.042289928 
96 599 11 12 0.042029828 
148 579 13 15 0.041930795 
855 516 10 13 0.04191195 
186 471 8 10 0.04177977 
168 487 8 10 0.041537147 
248 454 9 10 0.041403957 
231 527 8 10 0.04108102 
65 561 8 11 0.04105995 
101 582 10 12 0.040675256 
167 478 9 10 0.04063634 
708 493 14 16 0.040621538 
112 589 10 12 0.039539322 
55 542 10 13 0.039099142 
21 461 9 11 0.039077148 
500 533 10 13 0.038999163 
138 463 7 9 0.03879876 
113 449 7 10 0.038741864 
194 495 7 10 0.038615268 
272 548 12 15 0.03851376 
63 543 9 11 0.038344614 
370 488 6 8 0.038243208 
104 464 8 10 0.038146142 
912 436 25 33 0.03784937 
38 542 9 11 0.037762113 
345 526 7 9 0.037305307 
167 541 8 11 0.036917694 
8 517 8 11 0.03669322 
245 520 9 12 0.036572114 
63 503 9 11 0.036528606 
341 565 9 12 0.03637771 
889 464 25 29 0.036263563 
229 559 11 14 0.03620642 
112 560 9 10 0.0361769 
358 559 8 11 0.03611311 
356 548 10 13 0.035968356 
17 461 9 11 0.03586229 
328 524 7 10 0.03577033 
255 471 7 10 0.035722543 
469 536 9 11 0.03556549 
151 463 8 9 0.03541604 
399 548 9 11 0.035279054 
464 535 8 11 0.03526622 
632 427 16 18 0.03514395 
6 573 10 12 0.034990456 
202 484 18 21 0.03494589 
261 500 9 12 0.03482344 
791 494 7 9 0.03473181 
42 478 8 11 0.03468339 
1010 464 8 11 0.034418587 
352 525 7 9 0.034338214 
105 469 8 10 0.034061074 
129 503 8 10 0.033987954 
304 512 8 10 0.03394716 
186 463 8 10 0.03386704 
84 581 9 12 0.03370474 
440 544 8 9 0.03367476 
223 546 10 13 0.03364961 
376 528 7 10 0.033569016 
3 478 11 15 0.033548824 
657 481 16 20 0.03353389 
244 561 13 16 0.033267196 
290 526 8 11 0.03325537 
168 557 10 13 0.033224877 
112 565 8 11 0.033161182 
400 528 7 9 0.033109333 
311 549 9 10 0.033104606 
160 464 8 9 0.03306922 
328 543 8 10 0.032980982 
244 542 13 15 0.03279169 
386 497 7 9 0.032731153 
173 555 10 13 0.032513782 
335 560 9 11 0.032468777 
232 509 10 13 0.032455765 
402 510 7 9 0.03239772 
16 449 8 10 0.032311484 
270 518 9 12 0.032304425 
15 575 9 11 0.032286298 
206 464 8 10 0.032161657 
336 488 8 11 0.032112803 
25 551 8 11 0.031980563 
334 510 8 11 0.031958446 
86 517 8 12 0.031948593 
385 511 7 9 0.031944968 
199 526 8 11 0.03194302 
0 548 8 11 0.03193491 
331 494 8 10 0.03163184 
113 464 8 11 0.03162947 
87 484 9 10 0.03157455 
65 476 8 11 0.031457614 
274 504 9 11 0.031382035 
992 476 10 12 0.03136824 
29 448 9 11 0.031366937 
153 454 7 9 0.031234814 
29 565 9 11 0.031100335 
40 486 7 11 0.030717839 
535 478 23 28 0.030689517 
119 511 9 10 0.030682223 
252 549 11 13 0.0306249 
85 511 8 10 0.030588597 
31 481 9 10 0.030551743 
342 487 8 9 0.030513197 
274 509 8 11 0.030430572 
201 519 8 12 0.030414933 
180 548 10 13 0.030350622 
508 510 10 13 0.030341683 
135 503 8 10 0.030268006 
215 517 9 11 0.030182747 
505 238 15 19 0.030178295 
455 540 8 11 0.03011892 
312 488 7 9 0.03011357 
369 529 7 9 0.030100249 
361 527 7 9 0.029809618 
166 550 11 12 0.029693248 
436 534 8 11 0.029458953 
957 494 11 13 0.029414594 
448 581 9 11 0.02938494 
15 543 9 11 0.029347528 
400 496 8 10 0.029295228 
184 485 8 10 0.029209139 
158 501 9 10 0.029158955 
910 443 14 18 0.028964203 
855 471 9 10 0.028800575 
190 510 9 10 0.028558165 
160 487 8 10 0.028508762 
66 464 9 11 0.028457133 
69 561 9 11 0.028253254 
385 542 9 10 0.028205078 
189 502 8 10 0.028159343 
218 456 8 9 0.027951147 
216 525 9 11 0.027871115 
337 479 7 9 0.027823417 
127 466 8 9 0.027786437 
24 565 8 10 0.027750282 
311 558 11 12 0.027733892 
398 534 8 9 0.027717806 
158 511 9 11 0.027637692 
650 204 15 19 0.027407786 
589 419 25 30 0.02718218 
1013 535 9 13 0.026975377 
167 533 10 13 0.026972659 
256 486 8 10 0.026933577 
167 461 9 11 0.02686381 
224 458 8 9 0.026860928 
229 498 12 15 0.026839685 
6 503 9 11 0.026821837 
379 502 7 10 0.026796935 
264 571 13 16 0.026701003 
27 501 11 12 0.026629953 
52 485 9 11 0.026576921 
303 485 8 10 0.026574956 
352 480 7 8 0.026392147 
440 548 8 10 0.026302056 
249 479 8 10 0.026277993 
421 487 8 11 0.026150325 
209 519 9 12 0.025959456 
126 526 10 13 0.025849653 
127 519 8 12 0.025731327 
430 93 34 35 0.025649816 
78 500 9 11 0.025541876 
129 478 7 9 0.025517251 
122 447 8 10 0.025492059 
253 542 9 12 0.025482817 
198 9 151 146 0.02548133 
97 495 9 10 0.025413828 
210 509 9 12 0.025336105 
236 2 41 31 0.025272872 
12 516 18 23 0.025236756 
239 487 10 12 0.02520341 
248 462 8 10 0.025171723 
66 533 10 12 0.025089173 
23 542 9 11 0.02506973 
458 466 13 18 0.02506822 
7 461 9 11 0.024977347 
454 575 9 12 0.024848223 
998 488 11 16 0.024831532 
5 567 10 12 0.02477496 
972 501 11 13 0.024730517 
158 550 11 12 0.02472338 
319 477 8 9 0.024648594 
98 590 10 13 0.024640927 
118 549 9 11 0.024571143 
79 472 8 11 0.024556657 
762 493 8 11 0.024543954 
899 461 15 18 0.024417749 
113 510 8 11 0.024360837 
15 468 9 11 0.024309084 
894 434 22 28 0.024153918 
64 549 9 10 0.024135515 
132 582 9 12 0.02413497 
418 564 8 11 0.024107048 
832 504 10 12 0.023986973 
158 572 10 13 0.023951856 
286 533 9 11 0.023924803 
286 472 8 10 0.023912173 
620 448 27 32 0.023906816 
134 472 8 10 0.023897894 
501 521 11 14 0.023896463 
31 461 10 12 0.023883082 
227 529 19 24 0.02372364 
18 495 9 12 0.023717023 
479 504 9 10 0.02366536 
729 517 9 12 0.02362669 
906 475 13 18 0.023557095 
456 463 12 14 0.023318876 
5 470 10 12 0.023267454 
198 456 8 9 0.023219777 
94 558 10 12 0.02307319 
344 479 8 9 0.023020614 
327 565 10 12 0.022957115 
32 549 8 12 0.022942629 
480 384 24 31 0.022940382 
64 487 9 10 0.02289125 
946 0 35 26 0.022856455 
169 455 9 10 0.0227763 
118 558 9 11 0.022710172 
311 493 8 9 0.022661114 
1 509 9 12 0.02259831 
104 479 8 11 0.022535827 
599 432 30 30 0.02249231 
745 493 8 10 0.022487063 
46 549 11 13 0.022436075 
450 536 8 10 0.02236981 
303 504 8 10 0.022356682 
101 509 10 11 0.022325791 
743 128 55 56 0.02224901 
174 456 9 10 0.022225076 
760 150 45 54 0.022206204 
255 463 7 10 0.022186304 
1005 489 11 17 0.022182878 
247 485 9 10 0.022170253 
95 567 10 12 0.022167856 
857 477 9 12 0.022120463 
330 509 8 10 0.022039063 
240 477 8 11 0.022032075 
293 567 9 12 0.021907805 
119 503 8 10 0.021885823 
80 462 8 11 0.021847462 
256 532 10 13 0.021837682 
175 461 9 10 0.02178866 
375 532 9 12 0.021762054 
16 513 9 11 0.021733869 
998 478 10 13 0.021618841 
176 488 7 10 0.021578738 
344 521 7 9 0.021562384 
192 455 9 10 0.021537218 
276 565 10 14 0.02149722 
9 448 8 9 0.021427201 
360 487 7 8 0.02135589 
405 502 8 11 0.02126506 
219 530 19 26 0.021169 
417 502 7 10 0.021138811 
101 430 8 11 0.021027045 
425 528 9 10 0.021005347 
155 579 11 14 0.020993156 
901 448 24 32 0.020986341 
718 462 9 13 0.020956265 
49 568 10 12 0.020922111 
320 465 8 9 0.020883389 
88 575 10 12 0.02082226 
320 549 8 10 0.020801334 
376 480 8 9 0.020721128 
52 470 9 11 0.020711074 
1005 475 11 14 0.020675605 
-9 302 248 254 0.020668088 
213 478 10 12 0.020659035 
860 513 11 15 0.02059493 
328 559 10 12 0.020590344 
214 469 10 11 0.020561518 
848 515 11 15 0.02055637 
264 540 10 13 0.020552224 
135 514 22 25 0.020541864 
15 580 9 11 0.020484207 
330 488 9 11 0.020470453 
110 492 8 10 0.020440303 
327 549 9 10 0.020437716 
304 582 10 14 0.020413568 
335 518 8 10 0.020388065 
336 542 8 10 0.020296166 
18 501 8 11 0.02026733 
353 485 7 10 0.020243315 
422 551 9 10 0.020227429 
146 448 8 9 0.020157691 
623 428 26 32 0.020150313 
233 487 9 13 0.020135203 
80 455 9 11 0.02008854 
167 494 8 10 0.020010812 
