35_Basketball_basketballgame_ball_35_197
47
41 96 65 76 0.9997179 
801 12 53 72 0.999665 
243 104 65 75 0.99935275 
628 154 58 76 0.9993303 
258 185 61 79 0.9991352 
717 206 71 94 0.9965372 
449 163 56 75 0.9960963 
819 274 73 74 0.9942046 
23 33 57 71 0.9684162 
344 35 33 37 0.69016504 
0 -1 49 39 0.6169469 
696 165 51 64 0.50090826 
10 4 56 64 0.4706745 
999 3 25 35 0.37649465 
324 53 47 59 0.2927808 
988 163 31 48 0.24882093 
356 79 50 60 0.2336691 
43 0 40 41 0.17151906 
930 565 43 53 0.14912993 
448 0 21 18 0.086737715 
360 2 17 19 0.08022987 
586 617 16 18 0.077423796 
693 177 69 97 0.065760694 
465 2 34 26 0.061547723 
661 163 54 70 0.061080355 
29 11 60 66 0.05685746 
929 13 28 32 0.05023317 
547 220 37 53 0.048967123 
151 0 37 28 0.04772535 
299 -2 27 25 0.029187992 
893 23 37 43 0.02882313 
718 139 14 18 0.02826585 
451 0 33 23 0.028077496 
969 85 47 60 0.02729382 
619 141 32 41 0.026047444 
741 636 12 15 0.024420807 
42 372 103 132 0.024000674 
314 200 31 50 0.023814823 
423 614 31 41 0.022645649 
992 15 30 41 0.021577524 
297 5 34 42 0.021515196 
698 154 35 44 0.021488952 
340 0 31 26 0.021028157 
343 74 34 42 0.020834353 
961 291 32 37 0.020800715 
488 0 37 27 0.02064123 
539 227 25 37 0.020556226 
