35_Basketball_Basketball_35_664
172
22 318 10 13 0.67731076 
52 340 12 16 0.36176798 
40 326 10 12 0.35494184 
65 369 12 16 0.3433577 
114 350 11 13 0.27659127 
86 345 13 15 0.24473749 
193 347 11 14 0.20327264 
168 341 9 11 0.17925784 
175 339 10 12 0.17310172 
80 340 12 16 0.15093346 
91 338 14 20 0.13540141 
6 444 12 16 0.11519598 
526 379 12 15 0.104920425 
494 372 9 12 0.100558184 
45 321 10 13 0.09874129 
63 310 10 12 0.09861676 
136 335 9 10 0.092105575 
63 295 7 10 0.08913044 
754 249 14 16 0.08586525 
0 306 16 22 0.08255032 
543 362 11 14 0.07994307 
4 396 15 22 0.07813636 
98 309 8 10 0.07808055 
137 350 9 11 0.07772147 
135 341 9 12 0.07646684 
31 325 9 13 0.06926651 
131 447 13 15 0.06834638 
102 308 8 10 0.06659409 
137 383 9 13 0.06428574 
160 340 9 11 0.06044631 
558 365 13 17 0.058551755 
62 396 12 16 0.05807398 
149 316 8 11 0.055501617 
829 391 10 12 0.054146904 
126 313 9 10 0.053995147 
4 301 12 17 0.052589603 
533 376 10 13 0.051698063 
127 367 10 14 0.051474635 
848 389 9 11 0.050391603 
847 404 9 11 0.050290264 
129 341 9 11 0.048892625 
848 400 9 11 0.04886824 
113 326 9 12 0.048658196 
56 307 9 12 0.04840528 
489 374 10 13 0.04792773 
781 242 11 15 0.047706638 
879 397 8 11 0.04764598 
45 330 13 17 0.046281707 
30 362 14 18 0.045957614 
560 390 9 12 0.0447555 
112 342 9 13 0.04475218 
16 312 18 22 0.044693854 
75 373 13 15 0.044526786 
158 336 9 12 0.044394154 
1 340 10 14 0.04404386 
45 420 10 14 0.04367409 
85 324 11 14 0.043363158 
28 310 11 14 0.04235309 
492 411 11 14 0.041526277 
180 339 11 13 0.04144181 
167 323 9 12 0.041203335 
520 381 11 15 0.041005086 
5 388 16 21 0.040898398 
77 333 13 17 0.040893145 
551 365 11 14 0.04004955 
103 359 10 13 0.039427258 
145 315 8 12 0.039249707 
369 396 32 35 0.039128102 
77 354 13 15 0.038861673 
71 311 9 11 0.038843226 
383 401 31 31 0.037116062 
96 305 9 10 0.036327466 
23 331 9 13 0.035961676 
743 188 13 16 0.03548244 
469 147 32 47 0.03546452 
85 333 14 19 0.035172325 
122 311 9 11 0.035042237 
118 342 9 12 0.03485094 
153 334 9 12 0.03471815 
142 343 9 11 0.03385116 
100 338 11 17 0.03361306 
67 374 15 17 0.033491075 
62 376 13 16 0.03232005 
134 368 9 12 0.032198116 
561 381 9 12 0.032127418 
21 341 10 14 0.032041516 
373 376 44 45 0.031984575 
136 317 8 11 0.031916097 
521 374 19 26 0.03189195 
430 390 14 17 0.031692594 
126 358 10 12 0.031400755 
140 385 10 14 0.031267054 
119 334 9 11 0.030686283 
885 374 9 11 0.030457627 
455 402 13 16 0.03026637 
552 372 10 14 0.030222042 
855 448 8 11 0.029749423 
8 305 19 27 0.029541342 
47 291 9 12 0.02933051 
552 380 9 12 0.029132146 
847 384 10 11 0.028759057 
25 286 8 11 0.028711768 
749 274 15 16 0.028635675 
519 372 12 16 0.028434413 
78 308 9 11 0.028321382 
78 324 12 15 0.028007692 
1 278 8 13 0.027439574 
118 326 8 11 0.027389022 
79 319 10 12 0.027277837 
160 326 9 11 0.02706553 
1 348 10 15 0.026966447 
510 379 11 16 0.026842164 
142 335 8 10 0.026819479 
873 399 8 11 0.026466452 
748 258 15 17 0.026330741 
634 308 31 46 0.025995072 
489 366 10 13 0.025917495 
791 308 10 13 0.025892396 
501 406 11 14 0.025545616 
756 276 14 16 0.025539616 
47 332 21 27 0.025206137 
7 388 24 32 0.024912223 
754 256 16 18 0.024840359 
121 316 9 12 0.024830746 
71 332 11 16 0.024800226 
4 333 13 16 0.024680495 
524 367 12 15 0.02435991 
112 332 10 12 0.024139112 
852 389 10 11 0.024099635 
572 -30 404 452 0.023866793 
78 303 9 11 0.023729272 
2 445 21 31 0.02362506 
743 268 14 16 0.023542117 
95 326 10 15 0.023303123 
54 391 20 26 0.023258949 
58 339 12 16 0.023163876 
61 300 10 12 0.023086265 
888 391 9 11 0.023061818 
880 393 9 10 0.022922723 
7 283 9 13 0.022887206 
57 294 9 11 0.022643922 
509 367 12 15 0.02252697 
64 287 8 10 0.022279583 
853 453 9 12 0.022108087 
152 340 9 12 0.02201753 
165 347 10 12 0.021920824 
887 381 9 11 0.02186824 
84 379 10 15 0.021840349 
424 388 23 30 0.021734692 
76 364 13 17 0.021659976 
504 371 10 14 0.021462094 
888 407 9 12 0.021352656 
555 361 21 27 0.021312365 
151 362 12 16 0.021228792 
537 363 11 14 0.021177853 
518 399 12 14 0.021137264 
37 321 17 23 0.021053217 
112 319 9 11 0.021002831 
839 389 9 11 0.020958751 
566 391 10 13 0.02086549 
69 328 19 28 0.020758675 
895 391 10 11 0.02073439 
14 331 11 15 0.020489685 
778 248 14 19 0.020469798 
421 394 15 18 0.020412229 
14 301 12 15 0.020312678 
703 21 32 41 0.020308629 
86 320 9 11 0.020299839 
71 294 8 10 0.020205332 
880 416 9 11 0.020080315 
881 381 9 10 0.020075398 
55 370 13 17 0.020041002 
