35_Basketball_basketballgame_ball_35_192
57
560 607 125 151 0.999383 
743 135 130 168 0.9990345 
153 488 36 47 0.8608004 
2 933 37 55 0.78815025 
56 419 43 57 0.69673824 
425 599 55 64 0.64869684 
75 766 117 110 0.45305398 
198 618 52 72 0.28344414 
72 1014 56 59 0.24531683 
26 555 46 54 0.2131177 
381 219 14 20 0.18659566 
218 598 88 119 0.15850477 
477 660 396 477 0.1065956 
355 222 12 18 0.10487965 
239 135 47 69 0.097332634 
247 162 31 38 0.088042036 
435 1150 58 87 0.07032828 
56 328 29 34 0.06485745 
232 631 121 113 0.05909314 
232 487 64 70 0.054822136 
348 204 16 22 0.053474583 
50 97 366 456 0.05319431 
86 774 41 40 0.05082807 
348 210 22 31 0.04883971 
8 1101 102 156 0.048109993 
111 744 121 99 0.04633157 
28 796 124 95 0.044121593 
666 774 118 105 0.04229548 
79 752 69 82 0.040442217 
346 198 14 19 0.03987602 
390 396 78 118 0.038133834 
329 218 65 69 0.037811503 
288 210 54 58 0.03700144 
1000 759 21 38 0.036347188 
248 114 34 39 0.035741553 
19 1089 187 195 0.032431453 
930 1146 66 65 0.032346174 
6 813 90 92 0.031757854 
267 202 87 92 0.03021903 
397 576 91 111 0.02961902 
1 319 16 24 0.028749572 
108 119 162 211 0.028505621 
47 699 178 193 0.027847532 
389 169 433 546 0.026738923 
3 277 16 25 0.025027364 
446 603 54 74 0.024645142 
651 66 173 244 0.02391905 
271 589 99 124 0.023228582 
261 300 65 71 0.022391096 
201 118 74 105 0.022272024 
320 201 53 63 0.021500167 
330 263 27 38 0.021268731 
337 199 28 43 0.020806158 
82 1003 43 43 0.02064655 
475 363 24 33 0.020594267 
179 265 220 239 0.020168478 
381 227 15 21 0.020075498 
