35_Basketball_playingbasketball_35_612
19
366 146 131 179 0.99919885 
554 467 164 217 0.99740535 
337 761 508 502 0.86486363 
490 841 272 296 0.7106006 
401 36 548 641 0.42284477 
317 -63 433 485 0.32732645 
164 891 425 543 0.16547358 
587 277 252 412 0.13913557 
92 21 426 476 0.10738787 
379 51 203 278 0.07262998 
257 72 198 270 0.07070991 
-102 -176 525 598 0.05748925 
619 867 205 230 0.053966198 
222 182 347 454 0.042210184 
761 867 155 247 0.0397439 
451 813 88 134 0.03866678 
-135 137 561 534 0.023383701 
550 -114 416 483 0.021348728 
350 983 453 505 0.02002021 
