35_Basketball_Basketball_35_712
50
655 251 21 28 0.9769917 
103 226 21 27 0.9683524 
584 241 23 29 0.95856047 
298 236 19 25 0.9407876 
367 238 21 25 0.93316954 
40 248 19 23 0.9139943 
788 235 15 18 0.9130219 
960 252 18 24 0.91193587 
912 243 16 20 0.8866003 
528 256 17 23 0.8804255 
720 259 17 22 0.85706365 
845 217 20 26 0.83906645 
240 236 17 22 0.7475077 
433 253 15 18 0.74529046 
168 225 19 23 0.5395622 
431 257 19 25 0.13107489 
436 275 14 19 0.10278944 
632 110 421 441 0.08976359 
449 296 16 19 0.062582105 
788 258 13 16 0.03835879 
788 247 14 18 0.038104117 
484 548 22 28 0.03638289 
213 129 12 15 0.03506454 
505 212 10 15 0.03376712 
510 191 8 11 0.03256342 
454 284 12 15 0.032535013 
-20 61 467 502 0.032413412 
383 280 15 19 0.031819697 
416 74 11 16 0.031618867 
853 261 12 14 0.030609673 
171 216 13 16 0.028855542 
760 97 13 18 0.02881341 
599 281 15 18 0.028718892 
761 71 10 14 0.028204456 
531 278 15 21 0.0280279 
793 239 14 20 0.0278094 
242 257 15 18 0.026290843 
504 191 8 11 0.025312882 
187 275 15 20 0.024673719 
519 245 9 12 0.024483237 
583 237 16 21 0.023927966 
172 270 15 18 0.023823315 
917 279 14 17 0.023499716 
417 50 10 15 0.023332344 
417 68 12 16 0.022969665 
170 237 16 20 0.022797199 
182 261 12 14 0.022639003 
790 267 13 15 0.022546632 
174 270 21 26 0.022349523 
757 51 13 16 0.020361533 
