35_Basketball_playingbasketball_35_350
22
485 159 153 182 0.99448264 
180 4 68 67 0.98472923 
234 188 118 149 0.73738444 
313 322 276 260 0.13256297 
341 175 107 110 0.11568896 
198 118 221 230 0.07556894 
800 0 65 50 0.06083795 
223 223 437 415 0.06029331 
509 217 516 487 0.056665387 
371 173 181 172 0.051732082 
378 414 164 168 0.04884482 
878 236 88 108 0.041757315 
540 140 192 244 0.04132182 
521 54 378 455 0.0374545 
297 178 102 137 0.033463027 
778 537 46 58 0.02956493 
194 231 135 148 0.028680645 
253 245 80 106 0.021378854 
322 113 68 62 0.021102931 
382 128 344 406 0.020483235 
357 228 125 108 0.02032037 
86 185 85 150 0.02008007 
