35_Basketball_playingbasketball_35_606
145
26 382 16 18 0.9686364 
949 382 13 15 0.90800834 
74 388 16 19 0.79595053 
381 192 24 29 0.54728687 
890 390 14 17 0.45568272 
239 400 13 18 0.3925725 
193 203 24 27 0.3850284 
1 408 12 20 0.3842378 
983 439 10 13 0.30426282 
878 381 9 13 0.16593246 
857 365 8 11 0.15873367 
837 403 11 13 0.15155132 
4 378 12 15 0.14320499 
622 42 367 449 0.12701444 
913 438 10 14 0.10688121 
75 399 16 20 0.10495045 
575 423 7 9 0.09429887 
747 361 18 21 0.09404333 
183 206 24 27 0.08598646 
989 438 11 13 0.08371011 
878 386 11 16 0.07532758 
944 385 13 15 0.07280545 
51 404 15 18 0.069756985 
997 438 9 13 0.0678814 
851 429 8 11 0.06534265 
782 413 9 13 0.062188223 
498 422 8 10 0.06205698 
496 369 16 19 0.061919473 
861 364 9 12 0.06096594 
986 441 15 18 0.060328532 
229 240 113 122 0.060131628 
933 370 12 15 0.059449773 
433 424 6 9 0.058867097 
817 368 8 9 0.05852385 
941 372 13 17 0.053923354 
847 364 9 11 0.05235816 
873 388 10 15 0.0509094 
457 423 7 9 0.050557643 
870 396 10 13 0.048172224 
470 118 366 454 0.046590414 
553 446 8 10 0.04553459 
559 440 7 9 0.045379654 
44 402 16 19 0.044832915 
161 235 14 16 0.04465193 
830 396 12 16 0.044321973 
349 129 24 35 0.043946177 
655 424 10 14 0.043613046 
845 360 10 11 0.042265713 
843 398 13 16 0.041921515 
80 391 15 18 0.04159513 
45 421 15 20 0.040654458 
497 417 9 10 0.040601544 
315 356 52 67 0.04044579 
984 192 22 28 0.04027326 
791 404 10 14 0.0382304 
17 488 16 18 0.03820802 
928 364 10 14 0.037076566 
902 366 9 12 0.03640777 
815 372 9 11 0.036010135 
977 439 22 26 0.03591101 
841 365 8 10 0.035700954 
960 365 9 11 0.035408694 
933 377 13 17 0.034305647 
919 358 11 14 0.034195542 
872 217 25 31 0.033959974 
214 132 178 232 0.033171803 
994 441 13 17 0.032937385 
897 367 10 12 0.032513432 
593 438 7 10 0.032485384 
798 399 9 12 0.03244901 
798 405 9 13 0.032322165 
878 383 19 24 0.032188132 
464 211 12 14 0.032144874 
576 416 7 9 0.032092053 
553 454 7 9 0.031978853 
985 363 9 12 0.03182055 
23 434 14 18 0.031740364 
853 422 10 12 0.03169452 
262 421 10 13 0.030800223 
950 365 10 11 0.030466639 
92 404 13 19 0.030351944 
943 347 12 15 0.030189028 
324 365 32 41 0.030132718 
485 439 8 10 0.029707186 
557 445 8 10 0.029093659 
83 402 15 20 0.028743843 
462 423 8 11 0.027718754 
874 376 9 13 0.027693596 
902 372 10 13 0.02759008 
24 392 14 17 0.027403234 
860 445 14 16 0.027295321 
911 365 11 14 0.02680543 
4 384 13 17 0.026684806 
926 377 12 17 0.026567833 
278 406 14 17 0.026565034 
116 309 12 14 0.026434766 
13 374 11 15 0.026318913 
834 395 19 24 0.026245391 
497 457 8 9 0.026127093 
652 455 10 12 0.026056103 
441 383 8 10 0.025844283 
928 370 11 16 0.025593823 
221 420 12 14 0.025477601 
927 398 9 12 0.025477469 
933 357 11 14 0.025296347 
42 406 24 27 0.025212513 
456 417 7 8 0.025162468 
133 235 13 18 0.02482641 
427 240 14 18 0.024808459 
891 383 15 19 0.024780627 
835 408 12 15 0.024349276 
769 414 8 11 0.02420604 
991 364 9 12 0.024068752 
343 447 8 10 0.02384377 
87 445 9 13 0.023726277 
15 6 389 472 0.023723677 
46 381 12 16 0.023667416 
29 419 14 18 0.023408294 
612 364 11 15 0.023136918 
503 144 32 37 0.022967953 
3 398 14 17 0.022886993 
846 373 10 12 0.022844234 
777 413 10 13 0.022679022 
800 410 10 14 0.02233843 
502 416 7 10 0.022305373 
284 409 14 16 0.022285035 
825 395 12 15 0.021856507 
870 365 9 12 0.021802895 
253 286 95 119 0.02156281 
228 493 11 13 0.021504132 
289 447 9 12 0.021492628 
1000 399 12 14 0.021465141 
544 416 7 8 0.021422504 
0 373 19 26 0.021322025 
36 424 15 20 0.020799085 
129 376 26 31 0.020734608 
232 395 22 28 0.020573871 
952 358 9 12 0.020536674 
940 366 12 14 0.020464262 
997 400 22 28 0.020435296 
822 371 9 12 0.020378971 
473 455 9 11 0.020286387 
933 349 11 14 0.020197012 
30 388 22 28 0.020160891 
512 445 7 10 0.02009056 
