35_Basketball_playingbasketball_35_732
26
646 261 35 43 0.9796221 
760 321 25 33 0.7961685 
554 227 46 54 0.16818373 
667 239 24 32 0.10243057 
659 250 27 39 0.072299466 
706 555 17 17 0.05926026 
613 230 15 19 0.05768012 
727 538 36 40 0.045550905 
750 331 31 35 0.036463264 
572 248 32 38 0.036293324 
707 236 14 17 0.034548026 
983 210 27 35 0.033803567 
959 219 11 15 0.032194782 
757 244 10 13 0.031580612 
729 312 22 35 0.03154519 
695 546 34 29 0.028297931 
698 228 24 29 0.02641144 
702 398 33 34 0.026129117 
594 413 52 60 0.023929805 
970 244 12 15 0.022579558 
354 90 15 19 0.022572273 
770 265 16 19 0.021966921 
361 46 423 472 0.021525208 
675 234 25 31 0.020944556 
681 241 15 18 0.020828081 
671 342 54 50 0.020824073 
