35_Basketball_basketballgame_ball_35_998
128
683 66 48 70 0.9954391 
64 281 32 38 0.9944641 
345 97 53 74 0.9936963 
0 311 25 40 0.9860924 
41 392 39 48 0.9693634 
35 202 36 45 0.9686886 
915 285 41 57 0.96361524 
352 316 38 54 0.93349147 
121 288 31 44 0.93222934 
443 140 35 45 0.7980744 
651 100 31 39 0.4397955 
463 104 26 34 0.37997985 
394 110 33 46 0.31566206 
1001 322 24 43 0.31353524 
839 219 28 41 0.31058085 
10 424 30 36 0.29128954 
984 273 31 37 0.27985346 
512 339 28 35 0.2679483 
374 100 45 61 0.22930549 
467 434 26 30 0.22130775 
325 405 30 42 0.19242863 
666 80 43 63 0.17249358 
430 520 25 29 0.14130816 
871 301 30 42 0.13064268 
513 47 27 33 0.11364829 
587 50 25 35 0.10823257 
931 11 27 36 0.10249185 
392 587 29 34 0.08867221 
0 257 15 22 0.088245906 
934 289 34 46 0.08754264 
407 12 25 33 0.08562968 
445 0 27 26 0.08290507 
573 151 25 34 0.07641564 
912 208 31 38 0.07562897 
262 155 38 45 0.07448007 
176 120 25 31 0.07441591 
12 218 17 21 0.07019114 
965 274 26 35 0.069482125 
432 210 196 260 0.06771838 
688 101 54 69 0.067046426 
244 49 27 38 0.06353294 
889 269 25 35 0.062110666 
265 69 45 58 0.05892553 
716 440 27 30 0.058071233 
760 42 43 56 0.056330234 
639 318 119 140 0.053186942 
193 136 30 36 0.052742675 
5 409 29 40 0.052685156 
84 102 16 20 0.05053709 
429 43 27 35 0.048830505 
369 313 32 44 0.04760576 
988 306 15 21 0.04749056 
304 320 41 48 0.047013722 
447 263 37 40 0.044844635 
878 298 42 55 0.04316871 
338 149 383 468 0.04290025 
474 226 26 32 0.04070646 
983 292 24 35 0.040300142 
905 290 32 41 0.04004714 
631 468 41 56 0.039626043 
141 160 17 21 0.038454298 
479 323 60 61 0.037459373 
457 477 24 32 0.03708769 
409 493 27 35 0.036241252 
894 279 27 37 0.036144976 
78 292 22 25 0.035439074 
479 423 29 36 0.034045827 
707 0 17 14 0.033998184 
461 378 13 17 0.033636484 
639 91 27 39 0.033583365 
473 428 19 23 0.033150345 
991 308 26 37 0.03279611 
1009 348 14 24 0.03271184 
590 25 29 37 0.03260825 
950 283 27 37 0.031828217 
885 295 27 35 0.031477686 
449 305 116 118 0.031252474 
76 214 24 33 0.03124681 
167 128 45 55 0.031014297 
819 332 29 38 0.030997153 
379 617 17 22 0.030774143 
496 16 28 35 0.030695204 
110 111 25 31 0.03027551 
852 269 26 32 0.02942209 
0 238 11 17 0.02939918 
762 15 49 60 0.028731333 
412 678 14 16 0.028614441 
218 123 29 32 0.02809051 
422 502 27 35 0.027952483 
901 290 13 17 0.027568838 
738 438 19 23 0.027391901 
184 137 49 60 0.027167745 
480 236 29 34 0.027166732 
18 409 30 40 0.027049765 
669 424 29 32 0.02691271 
74 144 17 22 0.02678085 
179 116 17 23 0.026752565 
226 279 61 59 0.026523776 
752 104 15 20 0.026422357 
697 1 29 27 0.026393028 
388 95 32 40 0.025896965 
392 179 33 44 0.02558102 
326 0 20 19 0.025493365 
329 312 27 37 0.025071012 
420 3 15 17 0.02476323 
468 89 26 33 0.024696037 
135 185 27 38 0.024256745 
408 113 20 26 0.024206545 
197 324 479 528 0.024121104 
22 404 14 18 0.023568263 
881 299 18 22 0.023351781 
745 32 42 57 0.023089878 
172 133 27 33 0.022920998 
874 271 38 50 0.022590687 
994 51 30 40 0.022571458 
255 25 54 68 0.022503432 
503 351 12 15 0.022487644 
756 66 43 60 0.02238114 
139 163 24 31 0.021650514 
17 443 19 23 0.021377947 
75 10 46 53 0.021343306 
162 121 87 100 0.021207878 
951 297 29 39 0.02115587 
26 153 26 30 0.021053486 
230 153 60 60 0.020809572 
351 68 49 70 0.02067589 
421 342 29 33 0.020667981 
478 380 13 16 0.020533344 
