35_Basketball_playingbasketball_35_764
23
490 246 29 39 0.9983808 
303 188 29 39 0.9285506 
591 363 13 17 0.089627534 
434 272 15 18 0.08564563 
133 84 30 45 0.07000213 
438 427 15 19 0.049160596 
547 395 13 15 0.04285199 
484 434 15 19 0.04275659 
435 446 20 32 0.038406327 
421 254 29 36 0.034791235 
455 231 13 14 0.033196494 
615 412 12 16 0.0322053 
595 367 14 19 0.031142104 
459 235 12 13 0.03080278 
287 196 31 38 0.029244937 
313 188 17 24 0.02792028 
435 429 22 30 0.024194729 
303 170 29 37 0.023292644 
105 91 26 44 0.023066768 
696 389 10 13 0.022034371 
276 199 26 38 0.021884942 
603 432 17 19 0.021587865 
612 379 15 18 0.020077018 
