35_Basketball_playingbasketball_35_405
66
824 296 16 23 0.67658675 
584 311 11 13 0.3871782 
356 316 14 18 0.3723116 
342 320 14 19 0.1559399 
349 318 14 19 0.15543784 
839 341 28 34 0.144496 
586 314 11 15 0.1183059 
505 181 16 19 0.117031716 
333 316 16 20 0.103636436 
360 320 15 18 0.09121797 
567 294 8 11 0.09055547 
542 134 9 11 0.088945925 
558 322 11 14 0.087018974 
581 319 13 18 0.07415001 
549 307 11 14 0.07412341 
494 180 23 24 0.07069471 
558 144 8 11 0.070312 
832 298 15 21 0.065335125 
560 278 9 10 0.05926202 
327 322 13 18 0.05172233 
511 264 8 11 0.045634452 
487 184 15 18 0.041637372 
564 321 13 17 0.04026066 
550 316 11 16 0.039299056 
543 270 10 12 0.039067548 
592 279 8 9 0.038109574 
360 307 15 18 0.036748935 
560 270 9 12 0.036498997 
341 312 12 17 0.036029536 
579 304 20 24 0.035677586 
538 134 9 11 0.035181735 
578 310 11 14 0.03330496 
352 311 13 17 0.03275691 
545 333 9 14 0.032549746 
551 270 9 11 0.031551104 
469 220 12 15 0.0313169 
576 317 13 17 0.030276882 
331 326 18 20 0.030215295 
550 324 12 15 0.030078195 
804 308 13 15 0.029753383 
567 270 10 11 0.029743303 
561 294 9 11 0.029518586 
528 133 9 11 0.02915087 
809 301 23 25 0.028198505 
555 313 19 25 0.027446713 
351 328 24 29 0.026211815 
585 277 8 10 0.025999634 
575 271 9 10 0.025971605 
518 116 9 12 0.025811661 
493 270 9 12 0.025199309 
-10 50 349 436 0.024431681 
537 386 13 18 0.024299603 
593 118 8 10 0.02416296 
576 175 9 11 0.023528319 
502 311 8 11 0.023204945 
351 351 22 29 0.02276009 
826 361 30 30 0.022537675 
547 330 13 15 0.021987217 
780 340 12 14 0.021834435 
828 333 48 62 0.021733664 
568 167 9 11 0.021348862 
559 285 9 11 0.02080974 
29 181 222 268 0.020701922 
542 276 10 12 0.020584311 
567 263 10 11 0.020292642 
337 469 30 33 0.020274809 
