8_Election_Campain_Election_Campaign_8_347
52
213 130 32 43 0.9985605 
753 163 27 40 0.9968086 
923 587 13 15 0.9203607 
22 571 14 20 0.7931196 
967 576 13 16 0.61426646 
1011 572 10 16 0.45979437 
175 562 13 19 0.27661726 
41 658 12 15 0.1783556 
965 586 13 15 0.15487115 
958 587 11 14 0.11364466 
469 577 15 22 0.06876136 
951 584 10 13 0.06570763 
931 555 12 16 0.06033362 
959 581 12 15 0.05748925 
120 272 108 161 0.05612862 
61 299 225 291 0.051088125 
966 631 12 14 0.05062477 
167 562 15 18 0.048837133 
13 565 17 20 0.04772846 
43 663 12 16 0.04535234 
143 686 28 32 0.044104993 
16 423 388 471 0.042141993 
999 640 10 13 0.041611932 
758 284 12 15 0.03952377 
885 579 16 20 0.03899474 
27 566 14 20 0.0376436 
951 597 11 13 0.03749466 
476 578 17 22 0.035696585 
932 568 13 16 0.03510136 
15 574 15 19 0.034084175 
145 568 16 18 0.030369082 
913 621 9 12 0.029846407 
1005 564 18 26 0.029445227 
892 574 12 16 0.029064856 
930 587 11 15 0.02628709 
61 221 178 256 0.025480337 
493 586 15 18 0.024998976 
1005 640 10 13 0.024978632 
457 568 25 30 0.024744919 
32 572 16 19 0.02388741 
1001 614 9 12 0.023317855 
767 665 40 55 0.022926055 
53 574 11 13 0.022574384 
926 556 20 25 0.022259882 
153 702 24 32 0.021433236 
324 460 48 62 0.021209426 
180 559 21 24 0.020958813 
139 677 43 56 0.020953193 
46 575 12 14 0.020756073 
924 578 19 23 0.020596672 
912 590 10 12 0.020159923 
228 135 29 38 0.020022372 
