8_Election_Campain_Election_Campaign_8_32
74
109 239 29 35 0.99913377 
365 286 23 32 0.99887425 
723 276 23 31 0.9985343 
467 281 26 32 0.9977981 
663 274 25 31 0.99779093 
222 261 29 37 0.9973316 
322 291 22 30 0.9958483 
616 292 22 29 0.9957638 
561 305 22 28 0.9952832 
875 288 24 31 0.9938911 
952 272 26 33 0.9930213 
792 289 26 32 0.98614466 
36 260 26 35 0.9641836 
912 265 30 35 0.95492953 
958 252 20 27 0.45549405 
988 254 23 29 0.3912039 
887 518 8 11 0.23448525 
439 515 11 14 0.20680599 
862 518 8 10 0.11058734 
124 518 10 12 0.096466586 
422 518 11 12 0.079260126 
843 442 13 20 0.07344373 
431 516 11 13 0.06925667 
72 510 10 12 0.06429982 
480 520 10 12 0.058688276 
862 382 13 16 0.053304445 
482 509 9 11 0.050688934 
913 519 8 9 0.049045052 
967 516 8 10 0.048145246 
905 532 8 11 0.04333766 
936 515 10 14 0.039243888 
690 6 88 63 0.03330686 
77 510 10 13 0.03309193 
830 478 10 13 0.03296776 
431 523 10 13 0.0317275 
105 519 8 11 0.031622455 
662 391 31 27 0.031093353 
109 521 8 10 0.03049324 
943 517 9 12 0.030087296 
820 525 9 12 0.03005936 
831 502 9 10 0.029336683 
830 518 8 10 0.028191043 
485 518 9 12 0.027702572 
473 518 9 10 0.027328545 
273 518 9 11 0.027124627 
588 341 27 30 0.02677561 
876 542 12 13 0.026765183 
88 499 9 12 0.026535714 
399 495 13 15 0.026219381 
927 514 11 14 0.026200447 
266 502 8 10 0.025514882 
342 494 8 11 0.025288247 
352 511 8 11 0.024870027 
919 517 7 11 0.024440072 
424 513 9 11 0.024113322 
831 509 9 11 0.023896175 
859 424 26 31 0.023890942 
909 270 20 25 0.023781765 
118 502 8 11 0.023721157 
249 504 8 9 0.023718141 
120 498 8 10 0.023453832 
485 524 10 11 0.023393814 
444 513 10 12 0.022312092 
12 377 255 260 0.021801572 
1005 497 12 15 0.021708157 
803 286 14 20 0.021660589 
815 339 28 34 0.02144665 
960 259 25 32 0.02112603 
892 517 9 11 0.021113832 
814 393 14 17 0.021006951 
553 361 35 42 0.020799827 
968 256 16 22 0.020785201 
437 539 10 12 0.020354936 
823 519 9 11 0.02008545 
