8_Election_Campain_Election_Campaign_8_437
182
437 62 22 28 0.9876602 
650 53 23 29 0.98343605 
364 64 23 27 0.9829427 
580 256 22 26 0.97971386 
730 50 24 29 0.9686639 
476 254 22 27 0.9681075 
683 259 23 29 0.9539197 
571 53 22 28 0.9471368 
149 161 15 19 0.94682133 
250 266 21 25 0.9331985 
641 146 15 19 0.92515 
588 147 15 20 0.917183 
259 164 21 26 0.9138755 
282 61 16 19 0.8973224 
699 145 14 18 0.89173895 
148 62 17 21 0.88705164 
522 35 14 18 0.88662714 
755 143 14 20 0.8769015 
213 62 16 19 0.87613416 
368 253 22 28 0.87227666 
131 262 19 24 0.8705315 
214 161 15 18 0.8568299 
621 58 15 20 0.8462486 
701 59 15 21 0.81742066 
88 161 13 17 0.6994048 
301 171 14 19 0.56132215 
784 59 12 16 0.5571954 
88 67 14 17 0.5195558 
22 71 14 17 0.50835496 
627 263 16 21 0.50454384 
444 310 38 57 0.5039758 
693 3 23 26 0.4881621 
26 158 14 18 0.44909853 
411 71 14 19 0.42473447 
613 2 23 28 0.41969097 
733 268 13 18 0.40542468 
492 95 23 31 0.373097 
351 152 24 32 0.35286212 
125 151 12 17 0.32388383 
526 381 62 56 0.26405117 
481 16 20 26 0.23595963 
625 334 27 37 0.22529493 
260 53 12 16 0.18625462 
523 261 13 19 0.18156263 
120 268 436 475 0.16616657 
284 224 17 21 0.16595754 
495 149 23 29 0.15802516 
625 207 23 27 0.15694733 
225 119 16 20 0.13724083 
171 270 12 17 0.12949014 
425 147 23 29 0.120564446 
404 211 22 26 0.11724523 
188 152 13 18 0.11420782 
614 339 29 43 0.1124589 
630 317 439 455 0.107458025 
292 272 14 18 0.099603005 
541 3 17 18 0.09895837 
696 48 18 26 0.089890584 
698 40 16 22 0.08922915 
297 121 17 22 0.08688404 
491 89 18 22 0.086332686 
62 150 12 16 0.08053334 
477 13 15 18 0.079949446 
461 312 34 51 0.07725874 
161 124 16 19 0.07657991 
513 82 17 22 0.07549354 
158 223 16 20 0.07368356 
533 42 14 18 0.06900226 
521 210 17 22 0.06692618 
406 20 22 25 0.066089146 
405 56 20 27 0.06497404 
599 343 30 43 0.061974872 
372 138 14 19 0.059462752 
615 40 19 27 0.058051392 
251 209 11 15 0.057679605 
503 84 20 29 0.0570671 
97 120 16 18 0.055965178 
484 57 14 19 0.055881824 
789 394 12 14 0.05516364 
189 53 14 17 0.05422964 
535 120 23 27 0.053742208 
819 86 193 258 0.051950913 
674 19 16 19 0.05168105 
124 55 14 18 0.04852642 
354 147 17 23 0.048126962 
130 154 13 17 0.047386535 
591 19 16 19 0.04503417 
859 427 163 132 0.04501728 
68 148 12 16 0.044521976 
410 51 14 19 0.044280566 
710 156 11 14 0.043127272 
547 113 19 20 0.042880867 
526 61 13 16 0.041342836 
140 145 14 18 0.041290596 
131 147 13 16 0.040952425 
250 119 15 19 0.04035087 
783 -56 351 463 0.04022328 
594 152 15 18 0.039557274 
190 198 11 14 0.039398916 
198 142 12 16 0.038656842 
484 34 15 18 0.038222205 
460 32 15 20 0.036948454 
532 60 14 16 0.03594776 
76 145 14 17 0.03505573 
499 83 16 19 0.03460897 
134 141 13 16 0.03449696 
483 42 16 19 0.034116685 
686 178 13 16 0.03338629 
628 138 16 18 0.03306312 
378 136 13 18 0.033033658 
421 145 16 20 0.032897435 
585 348 33 42 0.032858536 
204 145 13 17 0.032490894 
653 211 24 30 0.032325126 
490 14 14 19 0.031979907 
603 148 14 16 0.031759113 
628 253 16 21 0.031203346 
63 59 13 16 0.031178432 
678 131 12 15 0.030915655 
627 121 14 16 0.030613067 
659 141 14 15 0.030500023 
718 140 12 14 0.030417012 
444 140 14 18 0.030195799 
70 141 12 16 0.029729728 
673 235 19 23 0.029639397 
126 187 12 16 0.0291741 
502 61 14 17 0.028846893 
366 141 13 18 0.028766103 
410 31 16 19 0.028005432 
298 135 15 19 0.027524043 
124 159 13 17 0.027381314 
509 34 14 18 0.027095186 
694 174 12 15 0.027061203 
537 376 40 41 0.02696507 
650 147 15 19 0.026746651 
672 132 12 15 0.026186403 
181 122 14 18 0.025919465 
478 50 18 21 0.02552245 
99 25 17 20 0.025479224 
629 148 14 18 0.025471307 
780 112 14 16 0.025448067 
491 60 14 18 0.025379749 
413 63 21 28 0.025335304 
265 51 16 21 0.024778875 
187 130 14 17 0.02446863 
658 147 14 18 0.02428164 
604 142 13 14 0.02426441 
172 122 14 17 0.02423851 
301 157 13 19 0.02386055 
427 41 16 21 0.023853313 
540 117 16 18 0.023740478 
295 163 16 21 0.023734313 
632 145 20 23 0.023728302 
623 155 13 16 0.023701109 
732 209 23 28 0.023499941 
799 412 11 15 0.023107005 
189 141 13 17 0.022996385 
228 20 17 20 0.022940945 
59 121 14 17 0.022928111 
195 154 13 19 0.022844287 
556 136 15 20 0.022757867 
46 226 16 22 0.022680307 
494 109 16 22 0.022428503 
118 125 13 17 0.022419218 
205 164 21 26 0.022382107 
493 141 15 20 0.022312446 
258 158 18 21 0.02219877 
294 16 23 26 0.022149209 
705 3 16 19 0.022134535 
563 8 17 18 0.02200874 
478 64 16 20 0.021932796 
656 224 18 23 0.021609101 
398 49 21 29 0.02132056 
430 222 27 34 0.02126249 
79 164 13 15 0.021007337 
497 63 22 26 0.020912716 
501 9 15 18 0.020675994 
436 142 20 29 0.020542342 
776 -1 24 26 0.020397916 
165 214 10 14 0.020310793 
396 64 16 21 0.020201033 
196 196 13 16 0.020034673 
