8_Election_Campain_Election_Campaign_8_244
23
388 101 108 145 0.9999261 
109 62 128 166 0.9998128 
847 139 91 110 0.99929035 
511 136 114 156 0.9992385 
648 73 91 112 0.9989165 
785 120 62 82 0.9987405 
254 158 83 98 0.9936464 
735 142 45 66 0.9029712 
0 167 65 74 0.7974825 
967 97 64 140 0.7254581 
367 117 378 504 0.06695163 
805 111 81 107 0.06317902 
822 261 16 20 0.050879486 
699 105 69 98 0.049605343 
284 140 87 114 0.046891503 
969 243 35 41 0.04588988 
980 191 47 75 0.04551726 
25 155 63 82 0.042649005 
360 177 30 38 0.030724974 
951 141 60 103 0.02907744 
435 109 115 148 0.028344596 
887 113 92 128 0.024920594 
753 147 40 51 0.020941062 
