8_Election_Campain_Election_Campaign_8_174
831
737 483 61 71 0.9994216 
266 453 30 38 0.9994205 
128 413 35 43 0.99935013 
898 511 57 68 0.999042 
206 433 33 40 0.9990305 
741 443 34 38 0.9989526 
168 528 72 78 0.9986564 
584 461 39 42 0.998309 
199 478 37 45 0.9979322 
390 541 71 83 0.9978002 
9 481 44 55 0.9977584 
165 455 38 42 0.99738485 
952 468 40 48 0.99694735 
167 425 30 34 0.9968387 
611 416 22 30 0.99682033 
929 419 32 42 0.99673814 
68 469 45 57 0.9964149 
878 461 39 48 0.99616313 
452 446 41 48 0.99582326 
814 577 92 118 0.99553764 
656 421 22 27 0.9940672 
298 483 47 56 0.9928455 
504 345 30 36 0.992619 
623 502 39 53 0.9919886 
310 442 31 34 0.98944074 
850 386 17 23 0.98810345 
823 440 30 35 0.9851584 
256 421 25 29 0.97971636 
90 394 21 28 0.97599334 
47 446 32 40 0.97298604 
580 414 28 32 0.9704766 
889 391 17 24 0.95947146 
981 406 22 26 0.9568969 
33 386 22 28 0.95416874 
692 398 18 23 0.9534754 
421 428 26 31 0.94921815 
755 372 16 21 0.9415164 
770 380 18 22 0.9360395 
321 472 32 42 0.9272999 
854 309 11 13 0.92376447 
433 382 17 22 0.9209692 
991 334 11 13 0.91403574 
804 413 20 25 0.907389 
432 448 31 36 0.9067618 
243 419 24 30 0.9008834 
431 505 42 55 0.89960665 
167 610 84 88 0.8951087 
668 457 26 38 0.88833493 
951 419 28 35 0.8855778 
668 595 68 78 0.8772326 
345 392 16 20 0.8717772 
290 422 21 26 0.8710215 
938 338 18 23 0.8572516 
613 360 13 16 0.84733105 
579 341 10 14 0.8231131 
1010 360 13 20 0.80962616 
579 377 14 17 0.8021415 
451 617 69 80 0.7876492 
644 381 12 14 0.7732782 
492 330 12 16 0.76364434 
117 341 11 15 0.7511682 
213 405 21 25 0.7377696 
229 379 12 15 0.7329134 
726 396 18 22 0.73222023 
894 338 11 14 0.72846144 
759 412 23 27 0.7254117 
675 362 12 14 0.666287 
719 430 22 25 0.66231966 
171 373 14 18 0.6599568 
794 397 19 23 0.65518016 
183 350 8 11 0.65036416 
830 373 14 19 0.6501806 
972 337 11 14 0.63611317 
163 349 9 12 0.61823803 
402 398 17 22 0.61464286 
475 364 15 18 0.60671943 
934 391 23 26 0.60314834 
337 378 11 14 0.5232058 
871 379 16 21 0.517444 
50 427 24 28 0.51527727 
657 399 17 20 0.51402754 
627 380 14 17 0.4919753 
1002 439 23 38 0.4796582 
875 373 13 18 0.47611183 
281 374 9 11 0.45685196 
128 374 11 13 0.43952498 
677 383 13 14 0.439279 
455 379 14 18 0.43031994 
705 374 8 11 0.42589092 
4 371 14 18 0.41879484 
542 370 14 18 0.40139702 
187 366 11 14 0.4005123 
55 408 18 20 0.3961098 
313 453 33 41 0.39413103 
726 373 10 13 0.3922461 
409 375 9 12 0.3895139 
0 397 10 15 0.38483486 
558 357 10 14 0.36906475 
93 375 12 15 0.3604966 
918 318 9 13 0.35800824 
729 342 8 11 0.35788468 
624 344 10 11 0.3546128 
666 337 9 12 0.34458214 
980 290 11 12 0.34151515 
255 382 10 12 0.34104565 
379 376 13 18 0.31869358 
313 379 10 13 0.31674415 
640 340 9 13 0.30548495 
964 66 73 110 0.29882327 
443 414 23 28 0.2888911 
273 364 8 11 0.28650147 
998 387 21 25 0.27754015 
915 388 14 19 0.27728185 
277 367 9 11 0.27061763 
802 373 13 17 0.26744974 
305 415 23 27 0.26440185 
243 403 15 20 0.25952214 
12 370 11 15 0.2592644 
821 378 16 19 0.25912288 
40 360 9 13 0.25894758 
708 373 11 13 0.2583037 
215 371 10 13 0.2562483 
468 307 9 13 0.2533319 
469 521 35 52 0.24950142 
466 345 15 19 0.24304077 
83 445 26 32 0.23883238 
181 466 38 46 0.23812924 
479 360 12 15 0.23404075 
742 366 11 14 0.22817503 
276 402 14 19 0.22605634 
900 335 9 13 0.22446242 
788 461 27 34 0.22324522 
407 325 8 11 0.21274315 
987 376 15 17 0.21145572 
426 439 29 35 0.20936668 
484 587 66 80 0.20858087 
926 300 9 11 0.20610023 
244 412 17 20 0.20492911 
207 372 11 14 0.20467141 
941 295 9 12 0.2044448 
376 374 11 15 0.20395912 
877 389 19 24 0.20229882 
51 416 23 26 0.19984917 
132 386 16 20 0.1983172 
222 372 10 12 0.19612756 
178 404 15 18 0.19339414 
264 359 8 10 0.19298393 
686 327 7 10 0.1905531 
76 396 14 18 0.1870213 
451 512 42 58 0.18371181 
144 389 21 26 0.18162762 
904 309 9 12 0.18077172 
431 365 12 15 0.18052053 
685 446 25 31 0.18007405 
319 329 6 9 0.17583434 
231 356 9 11 0.17355835 
353 366 10 13 0.17353904 
565 380 11 14 0.16727686 
200 342 7 10 0.16391519 
629 347 10 12 0.16328733 
398 340 8 11 0.16314732 
661 378 12 14 0.16289783 
638 383 13 18 0.16223782 
318 348 8 11 0.15808207 
495 379 13 16 0.1577841 
918 344 10 13 0.1559885 
452 334 11 14 0.15401453 
452 359 12 15 0.15367857 
835 400 16 20 0.14981967 
890 336 10 13 0.14921084 
96 359 9 12 0.14859286 
78 339 9 13 0.14737073 
74 341 8 10 0.14550246 
697 373 9 11 0.1452484 
299 375 8 11 0.1398433 
930 403 28 35 0.13954136 
174 444 30 36 0.1387693 
723 435 26 31 0.13672747 
0 374 12 19 0.13661344 
614 394 14 17 0.1357224 
53 380 13 16 0.13252516 
80 395 21 28 0.13082296 
161 342 10 13 0.12949644 
597 378 11 15 0.12790896 
328 366 9 10 0.12730607 
25 355 8 11 0.12710555 
757 429 24 32 0.12594818 
94 363 11 15 0.12396207 
352 332 8 10 0.118061386 
448 331 10 14 0.11784192 
812 414 21 27 0.11718042 
667 396 14 17 0.11699277 
313 412 19 22 0.11665118 
971 410 24 31 0.11657556 
298 380 10 12 0.1140794 
232 333 8 9 0.112779334 
255 375 10 10 0.11236379 
1014 300 9 13 0.11227437 
716 365 11 13 0.111542575 
870 390 15 20 0.111119024 
712 366 10 13 0.110502616 
445 349 12 14 0.10945065 
118 403 13 18 0.10935796 
30 356 10 12 0.10897832 
53 347 9 12 0.10851055 
193 434 25 33 0.10662394 
719 371 12 16 0.10617972 
541 357 13 15 0.105905704 
996 296 9 11 0.10367861 
589 378 13 17 0.10346313 
158 335 8 10 0.103082165 
657 410 21 23 0.10301073 
383 397 13 16 0.10239421 
142 381 12 17 0.1012076 
386 412 23 30 0.09989203 
37 312 9 12 0.098884724 
357 373 9 12 0.09866542 
921 302 8 9 0.09824488 
340 375 11 14 0.09780305 
248 358 8 9 0.09778854 
23 327 8 10 0.097633034 
990 399 21 26 0.09666057 
717 440 18 21 0.096358344 
598 531 27 36 0.095057614 
153 335 8 11 0.094825946 
208 389 10 14 0.094718285 
909 309 9 12 0.09336383 
534 370 14 19 0.092703335 
423 382 12 17 0.09269684 
386 401 15 18 0.09238887 
390 326 8 9 0.091165826 
39 333 8 10 0.09112043 
181 369 12 15 0.09086148 
61 443 30 36 0.09038813 
509 311 9 11 0.09019957 
207 378 12 15 0.08996935 
359 380 11 14 0.08899019 
846 176 11 12 0.08848334 
439 378 19 25 0.087957844 
903 302 9 11 0.086439826 
248 365 10 12 0.08621664 
22 341 8 10 0.08578726 
684 380 11 13 0.085717276 
392 350 9 11 0.08538713 
824 426 24 31 0.08532619 
282 402 15 18 0.084978275 
280 379 8 11 0.08452521 
984 527 35 52 0.08300177 
53 366 12 14 0.08292339 
790 374 13 16 0.08191406 
317 376 10 13 0.08177232 
750 393 15 19 0.08160136 
444 326 11 14 0.08053217 
565 356 10 13 0.08004394 
489 326 11 15 0.07996577 
573 355 10 13 0.079776466 
201 371 10 13 0.07959457 
290 357 8 11 0.079405166 
913 343 10 13 0.07918367 
184 354 9 12 0.0790637 
3 417 15 23 0.078214325 
613 388 13 16 0.07792622 
650 378 14 15 0.07701868 
236 373 10 13 0.07680325 
717 359 9 12 0.07607022 
149 382 11 14 0.0759347 
966 297 9 11 0.07582966 
656 319 8 11 0.07548687 
768 359 10 12 0.07481136 
961 297 9 11 0.074434586 
254 368 9 10 0.07433866 
256 353 8 9 0.073965624 
697 367 9 12 0.0732649 
41 329 8 9 0.07319297 
937 295 9 12 0.07289282 
287 368 9 10 0.072299525 
551 357 11 14 0.07171517 
206 343 8 10 0.071505964 
88 272 8 9 0.07126948 
69 392 17 19 0.07114787 
192 333 8 10 0.0711068 
478 563 58 74 0.07040743 
672 382 12 14 0.07016514 
847 365 12 15 0.07005154 
104 343 9 12 0.06975942 
659 390 15 17 0.06974348 
575 344 12 15 0.06971202 
274 427 16 18 0.06919614 
414 350 9 11 0.06911014 
637 363 10 13 0.068563096 
682 387 15 18 0.06852565 
111 336 12 16 0.06794748 
743 316 9 10 0.067834325 
392 334 8 11 0.06764993 
72 270 9 10 0.06709798 
130 367 11 13 0.0666162 
357 329 8 9 0.066363536 
540 276 11 14 0.06631587 
52 371 13 18 0.06607004 
224 342 7 8 0.06508259 
172 410 22 26 0.064900495 
676 391 15 19 0.06466548 
526 318 8 10 0.0642024 
896 395 17 24 0.064202 
265 410 21 26 0.064039305 
686 462 39 44 0.063525185 
257 335 8 10 0.06329189 
696 441 22 28 0.06282206 
948 351 14 18 0.06198664 
96 350 10 12 0.0611105 
207 394 12 16 0.06103066 
315 329 7 8 0.061011914 
37 376 13 16 0.060892668 
927 346 11 14 0.060691714 
303 337 8 10 0.060459767 
62 365 11 14 0.059976656 
338 359 7 9 0.05997156 
630 394 12 16 0.05997056 
710 457 29 38 0.05918438 
998 381 14 17 0.059135128 
323 403 14 17 0.059067775 
785 312 8 9 0.05898107 
439 330 10 14 0.05871383 
301 367 9 10 0.058496073 
294 358 8 11 0.05840037 
595 365 11 13 0.05771522 
207 350 9 11 0.057665154 
297 366 7 10 0.056824457 
214 358 8 10 0.056652475 
240 399 13 17 0.05633927 
676 370 12 16 0.055617616 
46 363 11 14 0.055591144 
383 342 9 11 0.055116586 
123 400 16 20 0.054978576 
212 397 14 18 0.054903235 
379 383 15 19 0.054672446 
225 357 8 10 0.05465803 
101 348 9 12 0.05421057 
574 423 28 35 0.053481385 
151 339 9 13 0.05264996 
154 390 13 17 0.052638106 
17 317 8 10 0.052624684 
458 360 19 23 0.052578513 
287 325 8 9 0.052320722 
982 299 10 13 0.052039307 
413 325 9 11 0.051954854 
606 373 12 14 0.051787846 
464 341 13 16 0.051749773 
132 393 25 30 0.05165294 
692 392 14 18 0.051329937 
927 396 22 26 0.051026415 
944 278 9 11 0.05096543 
633 358 9 11 0.050955854 
677 10 98 126 0.050919905 
637 395 12 15 0.05081075 
693 380 11 12 0.050511196 
993 449 29 40 0.050128046 
49 343 9 12 0.05004294 
359 358 9 12 0.049844336 
703 378 11 13 0.049605902 
655 324 9 12 0.049122807 
992 299 10 14 0.04851539 
614 382 11 15 0.048469298 
874 311 9 12 0.04820963 
16 350 9 10 0.048172858 
285 391 11 14 0.04797219 
717 378 14 17 0.04769451 
1013 351 11 16 0.047691412 
414 343 9 11 0.047621813 
390 321 8 10 0.047616683 
369 373 10 14 0.047606364 
41 378 16 21 0.047533832 
23 335 9 10 0.047357984 
581 439 17 21 0.047325697 
891 477 45 55 0.04732182 
632 365 10 12 0.047286615 
386 321 7 10 0.047208723 
1009 393 14 20 0.046982028 
304 358 7 10 0.04697155 
448 355 12 15 0.04682029 
386 378 12 16 0.046743296 
181 400 11 14 0.046709564 
280 430 27 34 0.046614062 
157 458 27 34 0.046539925 
467 350 21 26 0.04652364 
708 443 15 19 0.04640046 
1014 411 11 16 0.046342183 
288 351 8 10 0.04629769 
873 316 10 12 0.046038404 
447 341 11 13 0.045838885 
249 353 7 9 0.045827154 
566 336 10 12 0.04549112 
752 316 9 11 0.045468315 
74 336 7 10 0.04543226 
686 395 17 22 0.045228954 
954 352 14 17 0.045176376 
578 435 34 41 0.044964254 
7 317 8 11 0.0448283 
335 376 19 24 0.044775568 
250 342 7 9 0.04477288 
392 404 20 25 0.04457841 
687 377 10 12 0.044525545 
903 371 12 15 0.04435048 
457 378 23 28 0.044190306 
152 358 8 11 0.04409064 
923 318 10 13 0.044040486 
619 403 15 17 0.043785214 
441 347 11 14 0.04358685 
61 387 12 16 0.04323088 
250 404 15 20 0.043154802 
605 379 13 14 0.04315464 
737 318 8 9 0.042937987 
719 318 7 10 0.04287267 
774 451 28 34 0.042840533 
987 332 18 21 0.042727444 
411 471 25 30 0.04248129 
208 357 10 11 0.0422709 
422 303 9 11 0.041966088 
256 342 7 9 0.04189405 
564 442 14 17 0.041682128 
187 358 10 13 0.041487295 
414 378 12 14 0.041408677 
838 366 10 14 0.04138936 
902 297 9 10 0.04129656 
123 341 10 14 0.04104003 
915 398 16 23 0.041013557 
941 514 34 45 0.041007373 
878 315 10 12 0.040925488 
8 342 7 10 0.040843807 
932 439 28 39 0.04077426 
46 327 7 10 0.04063746 
772 365 14 17 0.040602863 
136 350 9 11 0.04053378 
829 415 22 27 0.040445928 
914 428 24 31 0.04044344 
605 396 14 16 0.03988937 
596 497 27 34 0.039839886 
439 307 10 13 0.039796006 
80 272 8 9 0.039785657 
988 384 16 20 0.039492793 
473 293 8 11 0.039394546 
729 337 8 11 0.039354783 
789 341 8 11 0.039237335 
21 317 9 10 0.039229367 
421 309 10 13 0.039205078 
280 390 9 12 0.03916794 
88 366 12 15 0.03896375 
434 473 46 57 0.038928337 
757 444 32 37 0.038872484 
852 357 11 14 0.038862616 
329 372 8 12 0.038860746 
831 369 12 14 0.038640928 
262 336 7 9 0.038598403 
7 358 11 14 0.038545348 
661 319 8 11 0.038504254 
61 404 22 27 0.038478386 
639 376 13 16 0.038466863 
754 383 16 20 0.03834413 
661 324 10 12 0.03832718 
224 385 14 16 0.038289282 
374 326 8 9 0.038078688 
370 326 7 10 0.03805742 
126 392 15 21 0.037927307 
414 366 11 15 0.037884068 
435 374 13 17 0.037698537 
902 389 18 27 0.037635118 
838 327 9 12 0.037599627 
390 366 10 12 0.037588336 
770 446 17 22 0.037578944 
702 369 10 12 0.03756124 
394 341 8 11 0.037528377 
620 384 15 18 0.037412673 
790 310 9 11 0.037392106 
349 385 19 25 0.03736095 
842 394 21 23 0.037326135 
292 405 14 17 0.03732334 
988 366 13 15 0.037262127 
313 333 8 10 0.03714611 
897 296 9 11 0.037109323 
225 337 7 9 0.036523342 
983 364 13 16 0.036501776 
9 350 8 11 0.03650024 
862 454 41 49 0.036449105 
827 390 21 27 0.036332965 
797 406 19 24 0.036102306 
773 407 22 28 0.03606397 
773 359 10 12 0.036048565 
353 361 9 12 0.03586944 
407 342 9 11 0.03573278 
912 303 8 11 0.035623085 
863 349 10 13 0.035562523 
755 401 18 23 0.035555255 
701 49 96 128 0.03550875 
18 342 8 11 0.035477012 
646 346 9 12 0.035466664 
898 301 8 10 0.03538702 
729 302 9 11 0.03536382 
33 334 8 10 0.035294387 
202 349 8 11 0.035293113 
474 338 12 16 0.035289377 
313 351 8 10 0.035007164 
789 499 30 47 0.035000797 
184 433 18 23 0.034936946 
23 301 8 10 0.034812953 
943 285 8 11 0.034623764 
983 356 11 15 0.034611467 
600 341 8 11 0.034492992 
499 331 13 16 0.034425575 
914 322 10 13 0.034354534 
342 358 7 10 0.034246176 
88 377 12 15 0.034220442 
249 373 9 12 0.034098558 
33 328 8 10 0.03403645 
43 382 22 29 0.034028534 
274 382 8 11 0.03369065 
885 451 29 36 0.033665214 
97 343 8 12 0.03359497 
227 393 14 18 0.033515796 
239 368 8 10 0.03349333 
44 359 10 13 0.033392232 
815 380 14 17 0.033383913 
461 392 15 19 0.03334671 
299 337 7 9 0.033326276 
374 369 11 13 0.033029784 
285 411 20 25 0.032894496 
477 538 50 63 0.032863453 
705 369 19 23 0.032583866 
988 414 24 33 0.032429155 
908 369 13 18 0.032387897 
274 373 8 11 0.032354113 
0 455 28 36 0.032190856 
262 353 8 10 0.032147214 
272 399 12 16 0.03201929 
366 376 19 24 0.03195697 
964 305 13 15 0.031765793 
481 318 11 15 0.031667665 
995 344 14 19 0.03160376 
142 414 37 46 0.031357083 
838 332 9 13 0.03135473 
1006 349 14 18 0.03133642 
14 357 10 13 0.031326354 
1011 453 13 24 0.031308837 
294 352 8 10 0.031305782 
989 342 14 18 0.031130668 
721 342 9 11 0.03109314 
215 352 8 10 0.031041907 
220 397 15 18 0.030831909 
446 308 9 12 0.03081452 
470 316 10 15 0.030763406 
832 405 22 27 0.030635482 
161 439 30 38 0.030588716 
910 379 15 22 0.030569881 
70 263 9 11 0.03054947 
656 333 9 12 0.030532202 
198 337 8 10 0.030500261 
61 393 15 18 0.03041894 
384 349 9 11 0.030339738 
657 371 19 24 0.030279323 
60 370 12 16 0.030268244 
226 430 24 33 0.030131256 
312 343 8 10 0.030119278 
249 390 10 12 0.030102633 
85 341 9 12 0.030056216 
424 294 8 10 0.030012177 
669 383 19 22 0.029985985 
334 366 9 10 0.029541051 
283 378 11 13 0.029537342 
750 348 11 13 0.029468264 
273 344 6 9 0.029446676 
233 366 10 12 0.029303765 
238 334 7 10 0.029255787 
218 337 6 8 0.029252011 
624 309 9 11 0.029186418 
686 359 9 11 0.029097624 
410 493 48 56 0.029050253 
718 324 8 11 0.02902579 
300 387 11 14 0.029003385 
977 460 31 41 0.028928999 
479 269 9 11 0.028916871 
239 352 8 10 0.028861744 
287 345 7 9 0.028856406 
511 305 8 9 0.028804122 
123 370 19 24 0.028773692 
439 285 12 15 0.028647825 
226 352 8 10 0.028636012 
266 437 30 37 0.028599713 
239 357 8 10 0.028582841 
18 326 8 9 0.028559217 
420 370 15 18 0.028473496 
297 342 8 9 0.028441213 
883 372 12 17 0.028419977 
949 301 10 13 0.028412957 
501 338 24 29 0.028343536 
119 388 12 17 0.028204482 
402 320 7 10 0.028191734 
646 334 10 13 0.028186629 
107 397 14 19 0.02810199 
888 302 8 9 0.028066222 
732 380 13 16 0.028065864 
218 342 7 9 0.02803747 
510 572 50 73 0.028023815 
572 466 29 37 0.02786321 
80 373 11 15 0.027851922 
280 350 8 9 0.027838359 
47 270 8 10 0.027803032 
385 336 8 10 0.027636684 
758 316 8 10 0.027613161 
2 386 13 18 0.027587708 
737 326 8 10 0.027562173 
531 352 20 28 0.027528469 
950 284 9 11 0.027491134 
179 380 12 15 0.02746228 
945 308 10 13 0.027455242 
655 441 28 37 0.02745127 
105 334 9 12 0.027422601 
783 350 10 12 0.027233861 
88 294 8 11 0.027054423 
732 372 12 14 0.026988069 
650 325 9 13 0.026901305 
410 403 16 21 0.026895577 
669 350 11 13 0.02688906 
209 367 18 22 0.026797758 
142 349 9 11 0.026790185 
291 397 13 16 0.026738195 
151 349 9 11 0.026577355 
912 296 7 10 0.026572669 
281 345 7 9 0.026516207 
943 388 18 22 0.026439175 
990 23 33 40 0.026356693 
998 355 13 17 0.02634032 
174 310 8 10 0.026293878 
64 342 7 11 0.026149876 
271 326 8 9 0.026147036 
39 287 8 11 0.026087737 
335 341 8 11 0.026077284 
696 342 10 12 0.025992252 
720 311 7 10 0.025972456 
736 364 11 15 0.025933342 
629 403 13 17 0.025883952 
409 350 9 11 0.025802825 
848 140 12 14 0.025785938 
65 268 8 11 0.025746465 
419 403 13 17 0.025735555 
449 355 20 25 0.025734022 
161 373 10 13 0.025727514 
200 453 31 39 0.025562445 
681 462 18 25 0.025530957 
738 36 99 126 0.025517032 
430 345 10 14 0.025491292 
94 271 9 10 0.025394809 
354 376 21 26 0.02538693 
288 321 8 10 0.025381042 
552 352 19 24 0.025360527 
367 367 10 12 0.025360165 
43 463 31 43 0.025345337 
185 448 30 36 0.025322547 
68 366 10 12 0.02531706 
399 366 9 12 0.025209857 
278 360 8 10 0.025198769 
335 389 20 24 0.025197515 
916 353 13 17 0.02518758 
303 431 27 34 0.02518349 
45 372 13 18 0.025161672 
226 408 15 20 0.025126671 
562 336 9 12 0.025051793 
30 364 11 13 0.025044223 
995 327 13 17 0.025005076 
789 406 16 21 0.024955982 
733 333 9 11 0.024947982 
237 328 8 10 0.024929333 
752 300 9 12 0.024908008 
624 421 17 22 0.024894606 
309 374 17 21 0.024877096 
908 432 18 23 0.024870697 
7 325 7 10 0.024809686 
197 398 13 16 0.024698965 
80 329 7 9 0.024669092 
639 346 10 12 0.02466822 
986 295 19 23 0.024661886 
997 445 18 24 0.024661843 
100 374 10 13 0.024587618 
86 335 8 11 0.024506457 
604 535 16 21 0.024321701 
329 380 11 13 0.02431617 
177 356 9 12 0.024305448 
176 335 8 10 0.024284333 
968 270 9 11 0.024281899 
907 400 14 20 0.024263859 
720 420 21 24 0.0242275 
590 341 9 12 0.024184065 
360 350 9 12 0.024172686 
-2 393 16 23 0.024142599 
261 387 10 13 0.024060283 
152 364 9 12 0.02405987 
525 260 8 12 0.023976807 
441 425 26 33 0.023976164 
751 421 22 29 0.023965526 
164 643 36 41 0.02393212 
850 124 13 17 0.023928506 
901 327 10 12 0.02387987 
695 325 9 12 0.023830403 
193 341 8 10 0.023792718 
186 328 8 10 0.023714827 
423 348 10 13 0.023704657 
402 326 7 10 0.023686854 
240 342 8 10 0.0236475 
328 342 8 11 0.023642117 
472 324 11 14 0.023608344 
185 334 8 10 0.023552122 
0 411 12 20 0.023536338 
675 504 29 40 0.023495039 
478 322 11 15 0.02349473 
1000 428 24 32 0.023492666 
883 379 14 20 0.023476625 
984 326 11 15 0.023450708 
720 351 9 11 0.023433374 
936 286 9 11 0.023418058 
281 326 8 9 0.02341156 
165 354 11 12 0.023396172 
872 303 9 10 0.023311611 
403 391 14 17 0.023286153 
767 311 8 11 0.023271045 
47 319 8 11 0.023245346 
159 328 8 11 0.023227964 
940 348 16 20 0.023217998 
415 550 88 114 0.023215795 
264 342 7 8 0.023212574 
526 322 10 13 0.023184864 
408 332 9 12 0.023127524 
410 374 20 24 0.02308927 
739 394 16 22 0.023050612 
949 278 9 12 0.023029845 
62 309 8 11 0.02302565 
460 352 15 18 0.023006542 
174 383 12 16 0.022945939 
87 390 14 19 0.022924313 
236 387 11 15 0.022922296 
546 364 12 16 0.022900365 
666 357 10 14 0.022838514 
880 302 8 10 0.022837665 
711 341 9 10 0.022752592 
218 368 18 22 0.022709183 
122 404 23 29 0.022665964 
617 342 9 11 0.022539867 
982 279 9 11 0.022535067 
784 340 10 12 0.022465639 
187 403 14 17 0.022445323 
376 321 7 10 0.022400053 
72 328 8 9 0.022332724 
789 409 23 30 0.022322856 
686 485 32 40 0.022280037 
451 350 13 15 0.02225026 
921 386 21 25 0.022202838 
1010 295 9 12 0.02219567 
927 343 19 21 0.022161247 
55 280 7 9 0.022149675 
945 430 34 42 0.02209548 
505 305 9 10 0.02208883 
636 402 12 17 0.022049388 
918 334 11 14 0.02204392 
36 355 18 23 0.02197224 
16 397 12 15 0.021931212 
967 326 13 16 0.021927755 
429 527 53 65 0.02191421 
855 323 10 12 0.021881267 
89 361 18 24 0.021846412 
994 373 14 17 0.021803115 
63 303 8 11 0.021799443 
40 270 9 10 0.021772146 
401 374 10 13 0.02176417 
847 132 13 16 0.021725407 
738 361 19 24 0.021684332 
447 370 20 25 0.021666307 
542 455 13 18 0.021591825 
381 368 12 15 0.02155185 
778 373 15 18 0.02154504 
947 452 37 46 0.02153126 
54 367 21 25 0.02150688 
305 320 6 9 0.021485608 
712 361 19 24 0.021472901 
34 287 7 10 0.021396628 
201 357 8 12 0.021326667 
167 368 13 16 0.021312166 
365 384 12 17 0.021309664 
562 431 24 32 0.021301784 
311 357 8 9 0.021211697 
858 408 15 19 0.021211313 
627 409 15 21 0.021205027 
397 348 10 12 0.021180922 
405 370 18 23 0.021153022 
98 379 12 14 0.021133471 
764 364 13 16 0.02112221 
731 390 16 20 0.021092767 
239 409 15 21 0.021037234 
790 350 9 12 0.020982191 
833 327 8 11 0.02097995 
305 352 8 10 0.020968078 
95 445 28 35 0.020936845 
976 299 11 12 0.020922063 
8 271 8 10 0.020875853 
1006 295 18 24 0.020787766 
633 336 9 12 0.020785384 
526 311 8 11 0.020743527 
726 454 32 38 0.02069948 
736 310 8 11 0.020681664 
591 313 7 10 0.020677445 
490 328 20 25 0.020674653 
427 361 19 26 0.020661922 
159 355 10 12 0.02063798 
328 336 8 10 0.020615976 
646 394 12 16 0.020517303 
702 342 10 12 0.020507528 
332 393 14 19 0.020498041 
189 381 11 13 0.02048476 
8 335 7 10 0.020483388 
846 445 30 38 0.020479934 
896 329 10 11 0.020467656 
887 312 8 10 0.020430554 
56 286 9 12 0.02042907 
31 379 15 20 0.020386452 
377 350 9 11 0.020369956 
626 468 29 32 0.020309485 
846 277 9 11 0.020257095 
376 334 8 11 0.020243276 
565 416 23 30 0.020215372 
612 370 12 14 0.020211237 
473 328 20 26 0.02014946 
628 338 17 22 0.020127665 
8 256 8 10 0.020114047 
983 348 11 15 0.020050764 
261 374 9 11 0.020029565 
