8_Election_Campain_Election_Campaign_8_84
206
122 542 44 57 0.99440044 
210 508 24 37 0.9935469 
34 526 30 37 0.9902283 
490 190 17 22 0.98976654 
290 501 22 28 0.9867531 
312 496 25 32 0.98626673 
76 502 22 29 0.9813517 
445 185 17 21 0.9630854 
924 601 29 57 0.9503866 
881 507 19 26 0.93675876 
87 501 26 32 0.9290707 
127 484 20 24 0.9288742 
257 427 19 25 0.88702005 
632 203 17 25 0.86840516 
524 177 15 19 0.8569744 
536 515 19 25 0.8491519 
977 486 25 29 0.8433567 
444 540 23 30 0.58743423 
185 490 15 18 0.4682312 
197 455 14 19 0.44450146 
227 440 13 18 0.4276988 
6 527 22 31 0.3891602 
165 465 12 16 0.3611704 
559 180 13 17 0.35895804 
847 484 10 14 0.33184594 
221 466 11 15 0.31799585 
777 485 20 34 0.2284577 
291 431 15 20 0.22585298 
673 246 15 19 0.20452791 
118 49 14 19 0.18783635 
973 461 15 18 0.18750633 
603 212 13 20 0.15931688 
933 450 11 13 0.15022899 
220 475 14 19 0.1428009 
288 420 12 17 0.1390191 
876 721 53 46 0.1366806 
542 201 14 20 0.13464318 
286 426 15 22 0.1330925 
173 558 26 39 0.13021643 
831 464 10 12 0.12665246 
105 502 23 30 0.12204846 
660 258 24 31 0.11247393 
213 478 23 28 0.10596775 
178 476 11 13 0.0958118 
159 451 9 12 0.09503872 
172 468 11 14 0.08933942 
108 35 13 17 0.084281094 
167 398 10 12 0.081313744 
450 554 25 32 0.07947199 
983 431 13 18 0.07714315 
355 2 17 20 0.07711861 
173 414 10 12 0.075974196 
952 461 9 13 0.075864114 
953 469 10 15 0.07430441 
205 435 11 13 0.074262425 
177 420 10 12 0.071602985 
161 465 11 14 0.071362294 
794 366 13 18 0.06966261 
946 507 14 19 0.0691842 
635 258 27 30 0.06216712 
767 387 15 20 0.06214306 
550 174 11 14 0.061591417 
829 648 32 41 0.05949647 
973 474 24 29 0.058476344 
174 381 7 9 0.058447517 
170 380 8 10 0.05822507 
530 174 13 17 0.057515424 
609 216 17 22 0.057128698 
373 645 14 21 0.056091335 
543 190 23 32 0.055170417 
143 407 10 14 0.054821085 
974 495 17 21 0.054388463 
928 466 11 16 0.053995065 
885 393 10 15 0.053974416 
854 617 14 20 0.05302639 
552 178 22 29 0.05187039 
198 508 22 32 0.050734613 
980 454 10 13 0.050070606 
55 480 13 19 0.049992077 
992 488 16 22 0.049737595 
227 429 11 15 0.04969755 
837 462 11 14 0.048088793 
245 443 14 19 0.046780128 
190 414 9 11 0.046580784 
134 430 10 14 0.04605179 
190 429 9 12 0.045181092 
456 568 22 33 0.044993624 
122 46 15 19 0.044986613 
996 435 13 17 0.044495635 
260 519 17 22 0.044213105 
31 413 10 12 0.04212581 
184 427 8 12 0.0418121 
168 413 9 12 0.041640244 
200 436 11 13 0.04152625 
58 420 9 12 0.04117126 
648 256 25 32 0.039066013 
254 421 15 23 0.038693823 
550 179 13 18 0.03729151 
30 420 11 14 0.037149355 
225 480 15 19 0.036956616 
771 619 51 91 0.036834992 
702 294 23 31 0.036741428 
249 430 20 27 0.03653845 
226 421 10 13 0.036466513 
445 534 16 20 0.03622223 
535 178 22 30 0.03587034 
115 464 13 17 0.035850544 
967 409 9 10 0.035424013 
216 458 18 25 0.0351561 
967 464 15 20 0.034692697 
268 426 23 29 0.033888984 
137 435 8 12 0.0334238 
233 438 20 26 0.03324831 
956 461 11 16 0.033046763 
168 392 8 11 0.03299003 
952 455 9 12 0.03286612 
847 439 9 11 0.032634377 
535 203 12 16 0.03246284 
941 452 10 14 0.03238492 
841 477 19 25 0.032094777 
802 419 11 14 0.03199946 
181 512 15 20 0.030818915 
199 456 21 26 0.030514147 
541 180 13 18 0.030304292 
185 515 21 29 0.030122869 
135 420 10 14 0.029769458 
531 182 14 20 0.029619332 
236 694 14 20 0.029456975 
597 204 14 20 0.029449893 
138 414 9 13 0.029320244 
544 174 11 15 0.029253691 
161 413 9 12 0.029230492 
426 567 22 33 0.02913309 
199 430 11 14 0.028982477 
640 206 15 21 0.028794874 
693 480 26 33 0.028571008 
457 185 16 21 0.028471487 
508 202 17 20 0.02819369 
203 498 24 33 0.027845295 
143 418 10 13 0.027646214 
136 529 35 42 0.02759282 
444 567 24 30 0.027266497 
797 394 16 19 0.027058769 
824 463 10 12 0.02695711 
821 359 10 12 0.026871238 
175 482 12 15 0.026328817 
784 500 16 22 0.026089061 
299 428 14 19 0.02600031 
541 241 15 18 0.025973808 
170 560 19 27 0.025960794 
155 483 12 16 0.025817739 
740 540 88 154 0.025756512 
149 407 9 12 0.025593238 
515 550 16 24 0.025312457 
142 430 10 13 0.02520983 
45 534 27 33 0.025097378 
953 462 20 27 0.024993343 
871 501 11 14 0.02487428 
880 390 12 16 0.024766827 
56 416 8 11 0.024740161 
864 464 9 12 0.024731638 
957 454 11 14 0.024617473 
933 460 11 15 0.024612442 
205 444 11 14 0.024560886 
697 512 25 31 0.024542246 
194 491 14 18 0.024298003 
171 405 11 14 0.0242322 
154 447 9 11 0.02413666 
7 739 28 30 0.024091855 
106 38 21 27 0.024082493 
90 468 14 17 0.023976963 
439 182 17 21 0.023907997 
987 427 21 27 0.023848888 
791 373 26 35 0.023663944 
794 388 26 31 0.023407081 
336 429 9 11 0.023211233 
226 467 12 16 0.023134926 
704 306 14 17 0.023079813 
141 516 26 33 0.022934003 
208 424 9 12 0.022852387 
765 484 14 20 0.022839662 
212 435 11 14 0.0226598 
223 514 23 33 0.022435449 
166 454 9 11 0.022304218 
183 415 10 12 0.022219818 
834 470 20 27 0.021982055 
24 421 11 14 0.021867735 
625 241 26 35 0.021827534 
116 453 10 14 0.021712294 
787 482 15 20 0.021708338 
989 439 14 16 0.021703038 
161 389 7 10 0.021532757 
149 421 9 12 0.021381067 
151 451 11 13 0.021372627 
168 438 8 11 0.021318037 
152 388 8 11 0.02111434 
660 242 24 31 0.021105442 
973 425 14 19 0.020813221 
138 407 9 12 0.020735063 
306 0 16 14 0.020696726 
770 379 23 32 0.020673284 
260 414 14 17 0.020599328 
672 253 17 24 0.020283647 
221 450 12 16 0.020193432 
924 459 20 27 0.02010245 
174 390 9 11 0.02003447 
