8_Election_Campain_Election_Campaign_8_269
53
389 193 250 336 0.99987066 
581 1101 15 19 0.16414498 
588 1104 13 18 0.09701066 
614 1076 13 16 0.09078274 
490 1453 16 19 0.07261661 
593 1389 9 13 0.05912048 
605 1040 15 18 0.05908996 
625 1305 15 18 0.057044886 
533 1124 11 14 0.055491094 
517 1294 13 16 0.05471255 
567 1076 12 16 0.049461838 
582 1289 26 30 0.04874769 
714 1315 12 15 0.047928873 
500 907 400 513 0.04394121 
483 1293 11 15 0.042985063 
553 1390 11 15 0.04246588 
583 1043 14 18 0.04173822 
139 1159 119 97 0.040569257 
595 1105 15 17 0.039853536 
552 1297 13 16 0.03959539 
484 1348 12 16 0.035513103 
563 1009 15 20 0.03360892 
677 69 347 455 0.03317092 
192 1163 105 105 0.031618074 
575 1105 16 18 0.031215245 
462 1250 12 14 0.030579053 
503 1342 10 14 0.030091165 
767 1304 15 19 0.02909192 
77 188 430 535 0.027595323 
526 1331 11 13 0.02749374 
383 907 134 186 0.027433656 
512 1117 12 15 0.026943726 
461 1134 14 15 0.026464265 
628 227 197 307 0.026315898 
642 1371 16 19 0.02588058 
612 1080 22 29 0.025868459 
18 577 372 520 0.025725985 
540 1116 12 15 0.025685374 
602 1104 16 18 0.02519313 
583 998 19 25 0.025144022 
493 1324 11 13 0.024566596 
559 1044 11 15 0.024549562 
513 1292 12 16 0.024209825 
519 1331 11 13 0.024152884 
486 1327 10 13 0.024051785 
580 1422 12 15 0.023547808 
563 1081 14 18 0.02341609 
735 1339 15 15 0.023284072 
571 1067 13 16 0.023245195 
534 1118 13 15 0.022963176 
543 1075 14 16 0.022730762 
736 1302 10 13 0.02037983 
540 1035 14 17 0.020226536 
