51_Dresses_wearingdress_51_339
39
442 183 165 234 0.9991266 
661 307 105 155 0.99472684 
869 370 42 64 0.37924233 
152 368 25 32 0.27209952 
901 90 112 125 0.13589132 
756 282 18 21 0.11425648 
226 389 128 154 0.10552027 
716 338 84 127 0.090889744 
152 47 110 143 0.08618874 
186 370 20 24 0.075479746 
212 62 61 85 0.05629965 
951 270 25 31 0.055029582 
757 372 56 91 0.049845144 
908 345 37 47 0.049125087 
891 360 47 59 0.043280292 
855 8 57 62 0.035849337 
910 113 42 50 0.032204498 
786 853 33 40 0.03213326 
931 303 25 30 0.03203082 
143 175 112 167 0.031737216 
822 69 209 261 0.031607132 
252 63 55 79 0.03139146 
181 340 193 256 0.029507319 
1007 395 20 35 0.029288063 
883 111 62 72 0.029255694 
832 357 73 111 0.028527126 
63 164 379 455 0.02715949 
890 298 33 37 0.025893642 
267 90 31 39 0.025611581 
892 232 43 59 0.025409479 
801 95 28 33 0.024802139 
273 96 19 23 0.024448816 
203 49 29 39 0.023421591 
838 264 43 60 0.02287147 
161 370 32 36 0.022382248 
903 295 34 36 0.022134913 
949 270 44 56 0.020941878 
579 243 152 200 0.020733396 
865 357 33 53 0.0200295 
