51_Dresses_wearingdress_51_7
28
295 13 63 88 0.9986424 
489 86 29 36 0.99598134 
774 10 73 98 0.9938241 
953 121 39 51 0.9834118 
5 56 23 32 0.9492306 
53 62 24 31 0.9409747 
168 84 18 23 0.8280504 
528 57 31 50 0.8124001 
377 92 28 39 0.7182944 
118 69 16 23 0.4654778 
198 79 17 22 0.38759276 
110 109 17 19 0.16660786 
223 119 46 61 0.07229199 
900 130 18 21 0.064088814 
164 59 12 16 0.05064194 
236 43 39 54 0.047320172 
504 65 37 51 0.04577666 
633 350 29 48 0.042622425 
161 76 40 48 0.03966494 
280 210 42 53 0.039618548 
191 83 13 18 0.03900673 
874 342 39 39 0.036784418 
890 123 32 35 0.03478091 
4 43 39 49 0.03140742 
164 40 13 16 0.024962626 
116 63 15 18 0.024626845 
212 139 53 65 0.021823952 
112 63 37 48 0.021075387 
