51_Dresses_wearingdress_51_388
57
592 321 176 219 0.998844 
366 139 74 66 0.37899792 
404 322 131 107 0.12815174 
735 216 206 309 0.12007417 
172 514 97 150 0.102472164 
20 38 385 540 0.09727996 
26 135 18 21 0.084099166 
477 486 27 31 0.077738486 
410 -15 178 217 0.06882077 
392 21 115 120 0.065837815 
24 424 27 35 0.044655647 
304 132 123 111 0.044472504 
33 549 25 30 0.04280402 
0 117 11 18 0.04218195 
183 451 21 28 0.041639753 
9 595 49 61 0.04134337 
942 -15 85 113 0.040658426 
20 142 16 20 0.040461447 
766 -14 139 152 0.036882225 
2 162 23 30 0.03632612 
6 432 27 37 0.03509695 
308 50 127 148 0.0344297 
787 214 108 158 0.032992836 
63 146 14 17 0.032947782 
28 176 25 29 0.03165111 
378 165 46 41 0.031633936 
102 148 12 15 0.030782606 
344 10 115 147 0.030752586 
152 223 104 152 0.029546399 
60 162 14 17 0.029388212 
147 -60 382 460 0.028861675 
258 -45 219 252 0.027978437 
61 155 14 17 0.027666697 
474 483 17 23 0.027381659 
315 162 31 38 0.027052892 
23 415 42 58 0.026645266 
124 229 27 34 0.026261099 
60 270 22 31 0.026225425 
62 170 23 29 0.02539383 
480 499 33 38 0.025195401 
20 151 17 20 0.024709458 
313 96 19 21 0.024433862 
92 207 87 104 0.024023874 
89 163 25 31 0.023687426 
504 505 19 23 0.023262579 
95 208 46 58 0.022817314 
115 212 44 56 0.022248559 
22 433 16 22 0.022042993 
209 217 44 56 0.021990169 
110 147 12 16 0.02187254 
756 225 89 135 0.021616433 
89 214 29 37 0.021028757 
941 0 35 32 0.02100464 
30 165 14 17 0.020959035 
127 185 22 26 0.020596962 
90 458 164 247 0.020255387 
148 147 26 31 0.02016068 
