51_Dresses_wearingdress_51_327
313
461 147 135 183 0.9996331 
689 1569 63 56 0.26023033 
827 352 13 18 0.25436345 
807 1675 38 53 0.2142106 
869 1393 17 20 0.1874331 
7 888 32 38 0.17082724 
365 288 31 44 0.16542082 
0 1591 8 13 0.12974167 
838 1409 16 21 0.12830211 
945 720 27 35 0.12315516 
601 0 32 28 0.09836272 
891 758 46 58 0.09740108 
1005 667 17 21 0.08791603 
97 1528 8 9 0.08493798 
119 1588 12 13 0.08259341 
1010 556 14 22 0.08160802 
694 193 13 16 0.07752594 
16 97 28 37 0.07575465 
147 1596 10 13 0.074943535 
764 1029 17 20 0.07353544 
161 36 23 33 0.06996745 
140 117 15 20 0.069610596 
846 320 15 17 0.06884885 
721 1566 36 34 0.068584934 
283 258 15 16 0.06842321 
93 1575 12 14 0.066855215 
292 1542 23 33 0.0654691 
195 1661 14 20 0.06509695 
740 1385 34 36 0.06502888 
616 132 17 21 0.06395427 
708 0 13 13 0.063326605 
829 1389 15 20 0.062390644 
784 236 12 18 0.06158343 
348 272 43 56 0.061183587 
813 1436 18 20 0.060494173 
117 1580 13 15 0.060309943 
113 1552 9 10 0.05735283 
1012 735 12 20 0.056797367 
847 1397 26 31 0.056158096 
811 312 16 19 0.055715133 
355 1644 12 15 0.05386059 
543 1662 9 11 0.053714603 
237 54 28 38 0.053094335 
908 1654 12 15 0.050410565 
830 180 10 13 0.050225396 
189 1655 16 22 0.04967288 
1003 1647 16 17 0.049578886 
371 1645 11 15 0.04943093 
978 1646 15 17 0.049051393 
5 104 31 43 0.047459643 
967 646 22 31 0.047357377 
824 1605 11 14 0.04735176 
133 1562 13 16 0.04691243 
296 1554 13 17 0.046046257 
838 1618 15 21 0.045992848 
119 1574 12 14 0.04548676 
149 1559 12 13 0.04547384 
204 1650 13 16 0.045432277 
564 1658 14 15 0.04507975 
859 1389 23 27 0.044286106 
157 1534 9 13 0.04415077 
750 237 13 16 0.04399891 
71 1588 9 11 0.04379732 
205 1448 16 18 0.043219652 
300 1647 37 38 0.042549394 
853 1394 17 22 0.042410333 
328 828 192 246 0.04173535 
54 1603 13 17 0.041642282 
920 1611 9 13 0.041077655 
212 1497 15 17 0.041028265 
929 164 13 17 0.040927358 
846 1605 13 16 0.040708248 
999 850 23 33 0.040456958 
61 76 22 28 0.040410053 
709 229 12 16 0.04013708 
59 1641 14 17 0.039675463 
813 1602 12 15 0.03962789 
789 243 12 15 0.03896559 
579 490 15 19 0.0388829 
102 1527 9 11 0.038051967 
83 1594 12 14 0.037820715 
813 191 11 12 0.037680034 
1006 887 14 20 0.037491884 
613 63 30 35 0.037222352 
827 283 13 16 0.036733814 
60 1604 12 16 0.036592245 
76 50 25 29 0.03586155 
1009 1076 12 16 0.03578271 
126 1588 12 15 0.035717424 
838 293 12 16 0.035675034 
822 292 12 15 0.03557379 
842 1411 27 27 0.035415456 
901 1388 13 16 0.034921207 
876 1400 14 17 0.034830928 
176 1441 28 32 0.03474733 
211 1473 17 20 0.033812832 
128 1557 12 14 0.03345521 
158 1539 10 12 0.03343816 
160 1502 9 11 0.03343268 
97 89 23 28 0.03325152 
108 89 24 28 0.033138707 
82 124 24 33 0.0330991 
693 1591 61 59 0.03306915 
1 1542 9 14 0.033023816 
661 0 36 27 0.032948993 
104 1532 8 11 0.032545846 
895 703 10 13 0.03252941 
702 2 16 16 0.03248448 
812 196 11 14 0.031908415 
-4 1344 409 514 0.031671964 
113 1543 8 9 0.03163141 
894 1387 14 18 0.031602845 
903 1413 24 34 0.031259026 
33 430 22 28 0.031082552 
729 1606 34 39 0.030988658 
115 1555 11 14 0.03086439 
588 0 52 55 0.030856542 
507 1700 12 15 0.030770393 
174 1559 9 11 0.030688494 
220 1524 17 20 0.030529762 
237 1643 13 16 0.0304584 
134 1570 13 15 0.030415662 
726 35 13 16 0.03014139 
834 347 15 18 0.03010197 
26 426 17 21 0.030019466 
128 1564 12 14 0.029843934 
278 1548 13 17 0.029837653 
100 1572 11 15 0.029730136 
140 1601 13 15 0.029488668 
814 284 11 14 0.029205272 
497 42 46 50 0.028981777 
210 1476 24 29 0.028885096 
260 6 54 53 0.028874088 
134 1619 11 13 0.028873699 
88 1579 12 14 0.02881519 
916 0 15 14 0.02873432 
288 1385 30 40 0.028647728 
95 1567 8 10 0.028644498 
885 1388 13 17 0.028632222 
815 1397 21 30 0.028552385 
167 1517 10 14 0.028468883 
831 1387 22 31 0.028262883 
209 1517 16 17 0.028251367 
772 219 14 16 0.028219387 
875 1417 15 19 0.028181652 
28 418 15 20 0.02814553 
833 1437 17 20 0.028108604 
163 1597 25 30 0.028068492 
900 313 16 19 0.027977396 
925 1652 25 31 0.027877538 
76 1573 9 11 0.027857792 
839 1389 26 32 0.027718106 
826 237 12 14 0.02768229 
221 1483 17 19 0.02767658 
866 1407 26 30 0.027618773 
351 1648 13 16 0.027473 
125 1557 22 25 0.027212646 
716 213 12 14 0.02697584 
347 1638 23 29 0.026908765 
777 1406 31 37 0.026845599 
1005 1609 16 21 0.026722929 
78 1589 11 14 0.026580522 
89 97 43 52 0.026578793 
689 122 11 13 0.026548438 
159 1605 13 17 0.026491534 
1011 701 13 22 0.02648294 
209 1507 17 17 0.026445966 
109 97 42 52 0.026321702 
861 173 32 38 0.026257684 
141 1573 11 12 0.026156642 
892 1596 12 15 0.026019586 
47 92 25 29 0.025820447 
116 1593 14 16 0.025722267 
115 1605 13 16 0.025596403 
837 124 12 16 0.025586221 
1 1582 8 13 0.025566982 
856 1485 11 14 0.025479376 
104 1567 8 11 0.025379313 
780 221 12 17 0.025299983 
732 246 14 17 0.02522447 
197 1518 25 28 0.02507905 
252 1511 27 30 0.025023568 
823 1433 24 30 0.024765123 
227 1516 14 17 0.024736399 
926 1614 9 12 0.024722237 
896 1406 11 15 0.024696078 
798 252 12 14 0.024673972 
812 182 11 13 0.024672111 
751 343 27 33 0.024578432 
77 163 180 240 0.024573395 
45 1601 13 18 0.024547957 
649 0 28 24 0.024545684 
116 1581 23 27 0.024431033 
998 152 27 38 0.024399107 
128 1551 10 13 0.024372488 
299 1317 214 244 0.024365338 
230 1549 14 16 0.024347436 
279 1545 25 33 0.024301443 
454 1685 9 10 0.024265582 
44 1334 42 61 0.024243964 
132 1585 23 29 0.024194706 
873 1351 9 11 0.024098124 
837 317 15 17 0.023828426 
909 1598 9 11 0.023822917 
840 1374 27 33 0.023752503 
102 103 27 31 0.023654811 
271 240 11 12 0.023646103 
0 1619 10 14 0.023620544 
51 80 24 30 0.023589727 
861 1592 30 32 0.023557184 
245 -2 31 25 0.023454407 
196 1651 15 18 0.023395833 
219 1490 16 18 0.023379795 
3 426 17 19 0.023352753 
17 1386 25 32 0.023252388 
1011 593 12 18 0.023167739 
258 -3 33 29 0.023113724 
17 112 31 43 0.023108298 
153 1511 8 9 0.02309359 
687 193 13 17 0.023080392 
878 1593 24 29 0.022954067 
424 1678 9 11 0.022870772 
230 1484 23 28 0.022865398 
98 1579 12 14 0.022862745 
886 1597 14 16 0.022832703 
806 322 12 14 0.022725916 
833 1417 25 30 0.022612901 
140 1562 14 16 0.022593983 
62 1575 9 11 0.022554124 
160 1509 8 10 0.02254114 
21 1390 15 18 0.022521857 
198 1524 15 18 0.022382347 
133 1580 15 16 0.022372326 
953 1271 60 63 0.02236671 
899 1620 12 15 0.022347054 
167 1560 10 11 0.02230175 
77 69 29 33 0.022280982 
856 1414 27 28 0.022280278 
86 1493 9 10 0.022265488 
107 1563 22 27 0.022208702 
127 1510 9 11 0.022204686 
878 326 14 15 0.022191688 
43 105 24 33 0.022163888 
76 1557 10 11 0.022073975 
133 120 24 29 0.022035487 
753 235 19 21 0.021988498 
13 443 24 32 0.021955179 
901 1410 14 18 0.021898799 
537 1661 9 11 0.021871697 
973 759 42 60 0.021839399 
111 1571 11 15 0.021831235 
96 419 22 26 0.021810269 
852 330 14 18 0.02174801 
879 1382 21 28 0.02173926 
901 694 9 12 0.021735149 
1002 1593 23 33 0.021722222 
77 1566 10 12 0.021705497 
88 22 17 18 0.021592285 
866 385 16 21 0.021548668 
116 130 28 34 0.02154629 
117 1563 12 15 0.021529868 
64 1564 8 11 0.02152289 
276 1558 15 19 0.021502445 
970 1597 14 16 0.021414833 
832 126 12 15 0.021355575 
24 1526 8 10 0.021334393 
661 106 15 17 0.021321021 
828 132 11 13 0.021312675 
743 214 10 12 0.021264048 
974 1642 23 31 0.021262575 
983 1085 11 14 0.021211239 
540 1232 405 497 0.021191224 
35 822 357 445 0.02119109 
286 1563 28 35 0.021178335 
830 306 14 17 0.021071471 
197 2 47 54 0.021049285 
202 1451 25 31 0.021034593 
4 431 25 29 0.021021066 
709 217 14 17 0.02100958 
140 1590 13 17 0.020995181 
343 1517 10 13 0.020950397 
76 1669 23 27 0.020933092 
806 210 11 14 0.020853763 
288 282 32 39 0.020837752 
867 375 14 17 0.020837173 
177 1664 27 32 0.02077399 
114 0 15 15 0.020736301 
571 1565 15 18 0.020679412 
364 1639 20 26 0.020675393 
845 1596 28 32 0.020591605 
27 1607 11 13 0.020561334 
852 1378 50 58 0.020526057 
1 1566 10 13 0.020479424 
220 1506 15 17 0.020472508 
716 1618 38 35 0.020431068 
846 1366 27 30 0.020347709 
805 220 11 14 0.020325525 
1008 731 13 17 0.020324057 
58 398 19 20 0.020315116 
693 172 13 15 0.020308416 
733 197 9 11 0.020255135 
6 1595 9 12 0.020223757 
109 22 12 14 0.020215137 
134 1494 9 12 0.02021001 
1014 1676 8 13 0.020153519 
66 70 16 19 0.0201511 
614 126 16 19 0.02013651 
822 341 13 17 0.020105537 
166 1511 8 10 0.020075329 
23 1598 10 10 0.020071412 
299 1538 14 18 0.020036433 
768 204 10 13 0.020030495 
3 443 23 35 0.020022655 
