51_Dresses_wearingdress_51_737
18
758 384 64 73 0.99503976 
468 170 84 108 0.9867474 
502 1079 177 224 0.60019773 
81 603 269 351 0.4167254 
375 972 283 341 0.23343298 
132 767 212 294 0.1779079 
316 917 227 251 0.06613818 
584 367 59 93 0.052880976 
739 377 39 59 0.047078926 
332 574 16 21 0.040227488 
411 565 334 447 0.03631055 
191 896 139 151 0.032612387 
50 927 432 499 0.030975701 
420 908 92 138 0.025359264 
338 778 45 75 0.024770062 
395 831 200 284 0.022548147 
144 713 173 216 0.022074139 
52 996 16 20 0.021678198 
