51_Dresses_wearingdress_51_492
22
350 162 253 333 0.9998534 
274 148 120 207 0.9337778 
743 380 70 79 0.8760432 
1 425 38 86 0.56166905 
292 147 192 283 0.4351971 
377 630 515 615 0.21043485 
449 -3 402 527 0.15530305 
571 273 463 564 0.14749527 
57 832 175 246 0.09824159 
136 249 412 526 0.05958826 
535 614 253 349 0.05568379 
454 1105 413 501 0.044063415 
953 374 69 138 0.039930683 
824 648 26 37 0.029619567 
111 89 196 326 0.02888567 
62 945 132 162 0.02643474 
38 486 84 170 0.023201004 
38 1078 484 492 0.02289525 
367 1234 32 36 0.022567913 
366 887 368 441 0.021833826 
581 110 222 373 0.02153774 
965 414 33 61 0.021110969 
