51_Dresses_wearingdress_51_77
39
410 240 23 28 0.98393345 
10 -35 386 460 0.24111599 
146 295 18 21 0.16490304 
773 80 217 253 0.159586 
412 134 12 15 0.1310894 
574 301 111 132 0.07929561 
696 -73 345 454 0.07864238 
141 303 18 20 0.068245776 
741 148 25 42 0.06502486 
144 312 18 20 0.055393826 
785 162 30 40 0.0547412 
406 124 11 14 0.04718658 
554 112 9 11 0.045809712 
409 138 12 15 0.04052981 
373 108 14 18 0.03881945 
437 61 9 11 0.037171632 
412 273 16 19 0.03694488 
378 86 14 16 0.036305547 
398 121 13 16 0.03572829 
478 176 15 19 0.03430326 
517 254 173 221 0.03407333 
240 311 9 12 0.033976 
205 293 10 13 0.031844504 
139 313 27 32 0.031339496 
573 147 15 16 0.0311929 
421 190 417 516 0.029899929 
475 103 12 14 0.029278507 
157 313 13 18 0.02660716 
805 148 35 36 0.02612845 
470 148 13 16 0.024965597 
431 133 11 14 0.023990635 
413 145 12 15 0.022931807 
518 103 10 12 0.022165049 
419 53 13 15 0.022160947 
871 123 139 145 0.020618282 
543 92 9 12 0.020615492 
407 131 21 24 0.020472389 
769 95 123 118 0.020364901 
594 257 14 17 0.020016491 
