51_Dresses_wearingdress_51_377
63
306 358 375 525 0.99975866 
787 645 167 237 0.99807954 
206 814 111 197 0.9937172 
234 791 167 222 0.9649758 
-15 607 139 270 0.89889 
552 6 25 26 0.5523337 
282 2 29 30 0.48712185 
564 245 205 324 0.21671414 
-3 912 30 48 0.14999343 
265 647 244 327 0.12869416 
409 200 368 513 0.11406646 
282 13 18 21 0.10263546 
92 902 32 39 0.0968271 
979 0 22 20 0.08224576 
22 570 123 198 0.07361571 
465 2 17 20 0.069777705 
408 28 30 41 0.062043935 
69 897 53 58 0.05133593 
723 87 186 244 0.050533634 
188 545 35 44 0.04662533 
514 8 26 31 0.04040554 
350 -1 32 34 0.039695196 
798 78 177 224 0.03882932 
537 -2 27 26 0.03811506 
536 11 48 52 0.037722897 
146 487 91 128 0.036174696 
546 13 28 32 0.035747398 
19 904 48 62 0.035072558 
501 1 15 18 0.035034686 
168 526 50 66 0.034812424 
538 97 321 416 0.0315431 
483 41 15 21 0.030266922 
164 517 29 42 0.030236732 
77 911 28 35 0.029710183 
109 513 98 146 0.029625297 
42 899 55 63 0.028734986 
1012 89 11 18 0.028724061 
539 -1 15 15 0.028282475 
401 22 27 34 0.028252741 
447 -1 30 27 0.027472297 
502 0 26 30 0.0256095 
401 18 17 20 0.024709363 
560 0 26 28 0.024637455 
507 8 44 56 0.024480896 
398 14 13 16 0.024125062 
78 342 383 504 0.023838835 
64 519 105 180 0.023372006 
480 43 23 33 0.02323052 
86 -101 394 479 0.02304629 
539 20 26 33 0.022952314 
431 -1 51 49 0.02287856 
371 3 18 19 0.022799617 
540 454 332 450 0.022254113 
360 1 20 21 0.02210724 
99 908 19 24 0.021845873 
854 434 12 16 0.02159405 
78 487 90 116 0.02143469 
325 16 13 18 0.021354094 
412 14 30 37 0.021247104 
287 577 29 41 0.021105474 
656 237 145 201 0.020575466 
983 0 31 28 0.020300075 
986 373 25 32 0.020174524 
