51_Dresses_wearingdress_51_739
73
253 170 29 37 0.99942636 
864 240 33 43 0.99931264 
437 107 131 185 0.9991528 
906 277 35 46 0.9991327 
269 295 33 42 0.99775404 
639 259 31 39 0.99740714 
575 289 50 62 0.99719065 
725 213 75 100 0.99440837 
224 239 31 38 0.9936247 
682 179 33 41 0.9927297 
1000 252 24 39 0.97725564 
356 227 29 36 0.878008 
318 256 41 54 0.2868108 
954 283 16 19 0.18925864 
1 456 27 53 0.18282527 
194 205 25 32 0.17529526 
469 1469 28 32 0.15865882 
195 186 27 31 0.11247257 
976 300 17 22 0.1112413 
425 1465 35 37 0.10905121 
22 276 78 132 0.096489616 
889 278 26 35 0.090889424 
335 237 42 48 0.08909651 
202 313 37 54 0.08604693 
221 300 26 38 0.07905991 
343 224 28 35 0.07082957 
664 159 12 14 0.07027042 
992 342 33 46 0.06705105 
948 284 26 33 0.062822066 
363 545 237 357 0.05930117 
965 266 14 17 0.056493938 
52 257 55 94 0.05618512 
264 222 32 39 0.052731074 
692 236 32 49 0.049564835 
50 698 15 20 0.045696814 
746 671 76 60 0.043869127 
959 290 26 31 0.043707162 
537 1457 29 41 0.040132266 
678 269 14 19 0.039651502 
767 693 41 39 0.03944282 
347 227 15 20 0.03939629 
396 244 16 19 0.034846086 
34 635 18 20 0.033575706 
330 224 25 31 0.0333187 
679 253 27 37 0.033268727 
845 297 33 36 0.03305175 
555 250 47 60 0.032642916 
989 304 14 18 0.031652644 
362 243 18 23 0.03134051 
226 168 16 19 0.030804265 
-41 621 417 506 0.028983723 
652 187 26 33 0.02648705 
663 157 20 27 0.026200095 
660 181 14 17 0.025670636 
232 1057 378 522 0.025249466 
71 269 96 122 0.024627574 
642 233 16 20 0.024398858 
972 330 14 18 0.024216358 
34 341 56 81 0.023821041 
-3 560 167 230 0.023127763 
649 212 29 36 0.02280269 
638 236 27 36 0.022540243 
664 175 25 32 0.0224224 
433 1471 20 23 0.022333154 
869 267 27 36 0.021529619 
256 231 31 39 0.021482714 
970 305 24 31 0.021296583 
242 164 28 35 0.021135125 
642 224 25 32 0.021081649 
247 219 25 31 0.020937104 
536 247 79 103 0.020778293 
956 269 23 29 0.020180648 
-9 613 100 158 0.020075342 
