51_Dresses_wearingdress_51_340
45
562 345 74 98 0.99772626 
43 310 14 17 0.17049456 
45 319 16 23 0.16871355 
518 -6 101 160 0.10965311 
508 13 157 259 0.05109026 
289 637 195 261 0.046355594 
306 524 12 16 0.046237387 
685 861 390 480 0.043707144 
312 447 194 127 0.042499334 
235 1138 104 127 0.041435536 
15 839 10 13 0.04105548 
93 350 12 16 0.040292382 
189 964 12 16 0.03924634 
516 8 60 100 0.034639515 
15 832 9 12 0.0343635 
355 50 215 284 0.03418602 
0 458 9 17 0.03344246 
119 1010 12 15 0.032840803 
1 302 9 13 0.030077638 
270 500 10 12 0.029867716 
235 1061 12 15 0.029352214 
203 0 411 490 0.02913391 
5 303 9 12 0.027607445 
48 1004 48 56 0.026689468 
44 301 13 17 0.026000615 
294 241 248 350 0.0258659 
60 161 14 17 0.025475403 
887 963 13 16 0.02452656 
200 939 10 13 0.024479462 
229 859 11 13 0.024149999 
438 5 119 153 0.023797493 
104 396 11 16 0.023403868 
151 406 9 12 0.023198405 
98 861 99 120 0.022962838 
96 463 12 15 0.022691682 
247 520 9 11 0.022678038 
97 510 16 18 0.022210877 
615 428 406 504 0.022201989 
173 933 12 16 0.021631166 
228 875 13 15 0.021437852 
371 981 11 14 0.021013021 
301 753 132 161 0.020684186 
127 1017 16 18 0.020521393 
186 957 13 17 0.0204673 
102 1013 10 13 0.020070348 
