51_Dresses_wearingdress_51_221
25
730 57 62 85 0.9989242 
917 104 58 66 0.9986488 
145 99 84 115 0.997962 
356 146 75 97 0.9955063 
403 421 41 39 0.18182251 
178 43 52 61 0.09011887 
764 18 50 59 0.07345987 
929 246 18 19 0.043977316 
396 2 12 14 0.03833716 
490 704 15 21 0.033385094 
166 67 64 82 0.03161078 
448 568 28 33 0.031011561 
337 342 71 77 0.030746218 
347 44 12 15 0.029235115 
437 180 10 15 0.02708581 
373 0 12 11 0.026841141 
390 1 12 12 0.0263429 
202 56 37 43 0.02576586 
381 0 11 11 0.023624469 
986 132 42 60 0.022742076 
965 0 17 15 0.022418242 
1005 78 16 22 0.020971872 
318 0 13 11 0.020586513 
436 633 22 30 0.020312222 
352 84 13 15 0.020154683 
