51_Dresses_wearingdress_51_106
20
513 120 106 133 0.9995684 
764 287 50 63 0.56293696 
396 799 103 143 0.08120847 
455 812 34 40 0.064926825 
950 421 26 33 0.03833018 
751 259 81 100 0.03458918 
512 1142 25 34 0.03383563 
517 1143 15 20 0.033567943 
806 469 33 37 0.03041205 
665 1284 26 30 0.030051889 
303 244 30 36 0.029926082 
314 157 34 42 0.028729983 
383 759 173 216 0.026318586 
424 804 59 68 0.026230894 
785 905 34 44 0.024991179 
919 111 29 39 0.024585085 
777 216 117 132 0.023729736 
932 234 33 37 0.022529373 
763 46 38 44 0.020795142 
459 843 16 22 0.020548988 
