51_Dresses_wearingdress_51_914
48
812 757 129 172 0.999718 
629 82 30 39 0.99929535 
453 45 54 70 0.99915874 
125 52 66 84 0.99859387 
823 92 60 78 0.99803406 
555 761 69 94 0.9968881 
446 259 36 48 0.9963613 
479 1272 128 144 0.59767956 
436 613 18 22 0.25270835 
78 285 150 271 0.10958123 
398 1103 29 34 0.08295554 
100 844 113 110 0.073918566 
311 1170 15 16 0.06414374 
545 480 27 44 0.059154235 
784 1315 14 16 0.05879577 
730 68 41 66 0.051359102 
827 35 98 113 0.04850989 
404 1057 27 36 0.043722898 
417 581 10 12 0.041724987 
180 1141 30 27 0.038759977 
182 1266 13 17 0.038661845 
180 1251 27 34 0.037567634 
760 1178 14 17 0.036919396 
776 156 33 52 0.03557622 
163 1187 12 14 0.03383722 
446 1084 37 58 0.03380233 
467 1183 192 250 0.033596884 
181 1151 15 18 0.03336156 
395 959 406 500 0.032624498 
737 24 42 72 0.031005286 
395 1101 19 20 0.03038099 
75 909 392 477 0.029611275 
444 467 28 44 0.029414322 
162 689 17 20 0.028670564 
207 0 64 69 0.028358791 
686 1033 25 33 0.025958737 
556 502 15 21 0.02503894 
303 1170 13 15 0.024138184 
827 1082 14 16 0.023371082 
749 1332 10 12 0.02334801 
639 1126 117 152 0.022603767 
613 836 49 53 0.022335593 
621 855 412 542 0.021993345 
547 1329 13 16 0.021779973 
216 1238 13 15 0.02149329 
775 1303 11 13 0.021324383 
-13 258 336 410 0.021141551 
109 798 118 116 0.020794088 
