51_Dresses_wearingdress_51_789
23
363 94 125 159 0.99960214 
22 56 87 129 0.24479133 
544 496 391 489 0.19443154 
502 853 13 15 0.12134838 
581 99 394 476 0.08626294 
14 8 139 213 0.053940192 
-149 866 452 567 0.052327435 
619 307 17 21 0.037571497 
508 874 13 15 0.03751598 
45 467 402 520 0.036048714 
58 50 53 89 0.035382163 
880 366 57 71 0.03495609 
865 340 91 117 0.030798843 
625 312 17 20 0.030680932 
765 1136 217 268 0.026468026 
652 215 9 12 0.02586316 
195 704 565 601 0.025014354 
654 332 15 20 0.023345256 
73 49 34 56 0.02279395 
436 785 27 31 0.021627847 
169 697 137 157 0.021399038 
699 248 22 32 0.020839164 
-22 354 367 472 0.020114949 
