51_Dresses_wearingdress_51_1035
65
172 235 112 132 0.99979216 
408 45 85 115 0.9980318 
854 180 86 100 0.996062 
577 278 88 97 0.98843586 
736 28 17 22 0.8833427 
666 31 17 21 0.5872192 
516 0 25 24 0.5602546 
288 52 17 23 0.4999942 
332 48 19 20 0.34501886 
610 34 17 23 0.33390284 
264 97 18 25 0.30874646 
706 14 18 24 0.18729347 
598 40 14 20 0.17245504 
677 1 18 19 0.13821186 
991 55 12 15 0.10622833 
980 5 13 18 0.104019225 
644 34 14 21 0.086881496 
268 197 34 51 0.07002249 
638 35 14 19 0.052679155 
628 36 15 19 0.050770886 
535 28 15 19 0.050332844 
330 118 13 18 0.048403475 
964 58 14 19 0.047195416 
601 43 20 26 0.04524637 
286 115 13 17 0.042078678 
572 599 36 38 0.041649494 
991 234 35 56 0.041080106 
996 25 14 19 0.03897387 
531 33 21 31 0.037596915 
1006 59 14 18 0.03571678 
982 1 13 14 0.034013122 
651 31 20 25 0.03165048 
327 44 16 21 0.03151565 
633 66 17 20 0.030973224 
993 52 21 26 0.030144192 
522 11 28 33 0.030020181 
652 50 16 21 0.029321378 
989 0 11 13 0.02856202 
605 30 16 21 0.027819665 
972 99 12 15 0.027736114 
618 37 15 23 0.026696395 
660 -1 15 14 0.026158618 
512 2 18 18 0.025163958 
694 11 24 29 0.025125423 
628 61 16 19 0.025087895 
402 478 118 152 0.024225678 
496 0 49 55 0.023525154 
597 52 16 22 0.023124654 
1012 63 11 17 0.023100791 
262 94 14 21 0.023073819 
324 106 12 17 0.022553133 
991 34 25 31 0.022223298 
672 29 23 30 0.022152744 
329 89 12 17 0.021947252 
150 522 141 108 0.02177202 
982 3 20 26 0.021613352 
611 116 27 33 0.02099104 
702 21 23 31 0.020973586 
681 10 24 28 0.020798799 
656 42 22 29 0.02075725 
690 0 17 18 0.020405686 
618 30 14 19 0.020260451 
605 20 15 17 0.020214524 
1003 50 22 32 0.02010538 
988 16 25 30 0.020097628 
