51_Dresses_wearingdress_51_445
78
349 305 77 102 0.9934598 
860 305 79 101 0.99249226 
183 327 76 100 0.9899014 
128 1052 36 37 0.34357005 
808 807 33 38 0.18853278 
986 711 12 14 0.14552623 
357 668 21 28 0.13954474 
179 763 25 31 0.13014539 
490 778 31 36 0.09720114 
253 700 30 33 0.09607234 
261 838 13 15 0.08304047 
649 721 168 232 0.06794472 
246 827 13 16 0.05080739 
257 694 20 22 0.04835314 
-5 539 85 111 0.046746816 
254 801 25 29 0.04546484 
1014 749 9 14 0.045217115 
298 721 15 17 0.04308323 
198 829 15 19 0.039411638 
173 817 23 27 0.03889595 
307 367 42 58 0.037593093 
179 42 46 56 0.035616763 
421 42 56 59 0.035305776 
560 817 17 21 0.03450573 
291 719 16 21 0.03441287 
253 712 19 21 0.033870116 
527 437 225 300 0.033239048 
161 807 29 34 0.032922577 
697 137 33 39 0.032780953 
262 710 31 35 0.032496683 
220 751 23 28 0.032093834 
322 87 72 86 0.031559397 
220 746 16 20 0.030597772 
169 880 15 17 0.029949564 
-124 -63 482 486 0.029755881 
276 714 26 31 0.029039584 
477 351 350 482 0.027803216 
193 771 16 19 0.027456835 
438 745 43 51 0.027438724 
219 826 16 19 0.027010392 
588 784 15 18 0.026783168 
212 805 29 32 0.026692502 
703 508 102 149 0.026427213 
61 107 31 48 0.0261052 
757 441 138 124 0.02607594 
577 772 27 33 0.025751432 
482 750 32 38 0.025528446 
419 805 10 14 0.02549486 
234 835 15 19 0.02492796 
20 119 63 68 0.024739407 
3 47 184 199 0.024289357 
365 804 13 15 0.024155153 
178 62 56 66 0.024081767 
593 786 46 53 0.024050463 
165 19 46 61 0.023062663 
121 152 57 56 0.022909448 
550 517 133 170 0.022584159 
159 26 34 42 0.02254289 
404 807 12 15 0.022474742 
667 752 108 137 0.022408739 
256 831 21 25 0.022371445 
447 50 33 43 0.022112945 
213 779 45 54 0.021951383 
445 769 29 35 0.02183752 
195 768 24 28 0.02182693 
175 790 30 38 0.021747816 
572 756 46 51 0.021743733 
622 779 31 39 0.021554077 
419 713 18 22 0.021521432 
398 19 92 102 0.02135561 
695 548 13 17 0.021115413 
273 691 14 18 0.021064594 
264 843 14 16 0.02102212 
257 845 12 13 0.020869887 
143 473 475 551 0.020762203 
348 804 15 17 0.020762172 
513 592 97 126 0.020480758 
185 827 17 19 0.020391352 
