51_Dresses_wearingdress_51_830
43
932 35 31 40 0.9989153 
564 28 63 81 0.99786144 
262 15 91 67 0.95879614 
999 20 20 33 0.83635163 
382 610 25 29 0.29882935 
795 26 26 37 0.21527125 
853 19 36 40 0.15841402 
827 16 52 62 0.13651681 
826 17 32 40 0.1210085 
275 605 26 35 0.07476621 
847 35 48 64 0.0695917 
864 22 22 25 0.06466113 
475 233 59 62 0.063798025 
341 597 28 35 0.06365538 
862 85 52 52 0.060300134 
186 622 48 50 0.058808703 
790 346 18 20 0.052832156 
798 26 16 23 0.05140447 
807 27 48 55 0.050577372 
502 233 32 36 0.049568046 
263 700 29 30 0.044252526 
501 240 16 20 0.04232345 
486 230 33 38 0.0382396 
472 246 36 43 0.035051525 
528 280 39 34 0.032571908 
372 619 29 32 0.030993767 
514 252 59 51 0.030283488 
455 150 28 42 0.027719598 
361 604 27 31 0.025112024 
566 238 14 19 0.024871798 
885 97 30 34 0.024807308 
455 234 33 54 0.02433979 
75 417 400 517 0.023821764 
874 54 25 39 0.022913747 
372 616 17 21 0.022660691 
477 111 46 62 0.022153921 
570 242 16 22 0.021641305 
483 190 16 20 0.021468218 
580 250 37 45 0.021361006 
202 639 19 23 0.021224482 
392 610 27 33 0.021065183 
566 237 27 35 0.02094545 
505 213 33 36 0.020314628 
