51_Dresses_wearingdress_51_414
23
194 84 97 124 0.999506 
0 131 75 97 0.999236 
422 56 59 77 0.9991685 
333 118 65 82 0.9986785 
78 110 62 83 0.99851876 
697 85 81 111 0.99618226 
9 63 69 80 0.99602413 
375 44 46 64 0.98426825 
503 20 139 233 0.97445333 
135 0 54 35 0.740756 
400 52 57 69 0.30757007 
28 79 62 95 0.22835217 
92 152 446 561 0.13942653 
526 465 83 113 0.13333434 
246 0 48 31 0.079370596 
18 352 412 498 0.06052645 
556 483 40 31 0.052419167 
417 172 459 622 0.038279735 
-1 0 24 35 0.02938017 
751 918 24 37 0.026314665 
710 950 11 13 0.024180429 
42 959 25 30 0.023817929 
210 720 72 64 0.021220168 
