51_Dresses_wearingdress_51_178
30
332 78 159 226 0.9981944 
296 793 277 244 0.64680517 
563 138 185 224 0.55061394 
335 303 357 481 0.29672408 
184 1 19 22 0.28547773 
313 490 346 477 0.080517806 
69 21 406 508 0.061636806 
494 161 131 165 0.056159537 
905 170 36 35 0.050937477 
372 870 169 135 0.0491246 
386 442 232 287 0.047668792 
998 598 22 28 0.0463019 
803 373 24 32 0.038803868 
897 158 66 71 0.03775139 
177 875 485 579 0.037610605 
560 14 493 587 0.03597757 
156 1714 14 16 0.032657616 
19 422 22 32 0.02985369 
437 90 164 229 0.028603297 
561 360 117 162 0.024261493 
50 232 15 18 0.024241606 
976 2 46 119 0.024221435 
861 146 98 118 0.023196312 
810 372 15 20 0.02160999 
165 1335 16 20 0.021359067 
928 169 35 47 0.020860007 
773 349 28 34 0.020770375 
444 132 341 468 0.02068919 
175 2 16 17 0.0204741 
911 611 14 15 0.020221554 
