61_Street_Battle_streetfight_61_640
32
681 123 141 172 0.9514424 
664 675 24 28 0.55897945 
791 103 50 75 0.22326124 
573 107 110 146 0.08997599 
132 9 368 459 0.086201586 
628 238 117 152 0.08618292 
675 673 23 29 0.08008103 
404 35 202 272 0.077375606 
624 121 119 146 0.066031136 
656 186 128 143 0.051374365 
594 128 65 88 0.047954682 
431 548 203 225 0.045945346 
672 684 20 23 0.044529337 
661 658 42 52 0.0400268 
417 611 122 174 0.03629251 
661 671 14 21 0.035659242 
667 692 19 23 0.03559613 
429 258 246 289 0.03479909 
506 451 183 134 0.03361558 
748 101 93 140 0.032881297 
375 23 151 187 0.03226025 
581 135 182 265 0.032081872 
656 675 13 19 0.030228116 
111 237 340 495 0.02897671 
730 701 17 21 0.028352473 
671 519 116 90 0.027194874 
349 276 435 408 0.026470702 
629 697 15 19 0.026131375 
493 75 185 251 0.025246028 
686 672 23 32 0.02334816 
652 696 14 18 0.02254574 
634 693 13 17 0.020502139 
