61_Street_Battle_streetfight_61_211
99
273 522 34 46 0.9980369 
828 169 81 152 0.992765 
321 539 35 41 0.9886764 
977 623 38 50 0.98848534 
174 529 37 45 0.98171437 
35 509 43 53 0.9806574 
881 622 37 46 0.9800412 
124 547 43 50 0.9576765 
221 529 31 42 0.9506804 
953 579 23 30 0.92813617 
988 580 37 47 0.9195719 
911 562 33 41 0.8936984 
884 555 25 29 0.8715029 
262 933 117 106 0.8484391 
322 434 51 99 0.4346582 
348 566 31 36 0.41757342 
433 954 151 141 0.39206487 
742 218 83 126 0.3716531 
316 465 83 112 0.27665028 
787 190 92 139 0.22928686 
608 914 138 169 0.18190335 
959 567 27 34 0.17540841 
882 555 40 46 0.17533267 
154 530 48 56 0.17225516 
1009 514 15 25 0.16255872 
986 602 36 46 0.14611839 
542 1156 464 556 0.12471222 
254 521 40 55 0.115230374 
438 606 255 343 0.11146226 
282 713 429 388 0.110340096 
357 921 236 249 0.097147845 
207 531 32 43 0.08837861 
522 840 239 251 0.08745894 
260 513 15 18 0.08712386 
931 675 39 56 0.08255081 
324 544 50 56 0.080923356 
174 769 106 118 0.07953692 
962 532 13 15 0.078083426 
117 893 32 41 0.07363354 
332 480 108 127 0.07125105 
450 760 382 470 0.06856409 
997 695 26 42 0.0685608 
874 569 31 36 0.0624845 
717 36 35 44 0.060382303 
94 551 28 35 0.059606913 
955 573 17 22 0.058074772 
91 520 27 38 0.056461513 
306 509 63 73 0.05573114 
255 507 27 30 0.055470265 
314 396 88 113 0.05446572 
378 38 388 483 0.051263697 
969 562 18 24 0.05067223 
220 906 191 200 0.044859774 
193 535 33 39 0.043319516 
223 543 36 49 0.043271046 
942 963 32 43 0.04167987 
337 553 33 35 0.038558014 
841 139 61 104 0.037444588 
396 411 65 74 0.036673322 
731 243 55 92 0.03657892 
383 1234 205 242 0.034962755 
371 336 415 418 0.034662653 
624 850 129 148 0.03422942 
309 543 28 37 0.033307686 
870 554 32 35 0.030813733 
226 799 203 222 0.029974505 
800 538 41 50 0.029378215 
422 84 239 293 0.029177025 
323 1297 218 254 0.028540073 
205 789 129 163 0.02817536 
939 919 53 76 0.027153967 
477 989 88 94 0.027009394 
109 547 34 43 0.026862992 
261 491 11 14 0.026844928 
207 745 145 135 0.026700519 
282 755 150 131 0.025758658 
985 708 29 35 0.025641778 
891 683 14 18 0.025143936 
301 868 406 456 0.024875637 
171 547 37 46 0.024595797 
118 1162 222 235 0.024048159 
957 532 22 27 0.023594521 
165 1035 61 58 0.023383165 
333 374 109 96 0.023070976 
497 816 157 146 0.022737999 
896 571 33 39 0.022640608 
851 604 13 16 0.022615552 
829 589 41 50 0.022602428 
803 122 132 235 0.022508582 
4 535 24 34 0.021584004 
123 884 39 38 0.02156145 
481 719 176 168 0.021554278 
240 535 42 55 0.021515302 
746 250 32 46 0.021360861 
889 704 35 37 0.02125298 
-18 17 173 248 0.021242643 
235 515 30 39 0.02118933 
56 663 124 122 0.020862784 
255 491 11 13 0.020813692 
