61_Street_Battle_streetfight_61_936
36
128 264 38 46 0.98977065 
497 217 38 54 0.9844802 
833 382 33 40 0.9811306 
670 321 31 40 0.31649712 
701 322 46 49 0.26368475 
958 312 66 99 0.22163591 
982 236 24 30 0.19555844 
966 261 38 43 0.19308384 
974 248 34 40 0.13792333 
956 209 17 18 0.100566596 
602 37 349 509 0.091884285 
980 269 36 42 0.06914654 
506 642 16 18 0.05251909 
675 313 48 56 0.05121043 
961 215 52 64 0.043222945 
425 372 48 56 0.039028615 
483 257 27 36 0.036077384 
846 278 31 29 0.035974078 
1005 207 17 20 0.03510811 
35 509 111 150 0.031712342 
994 224 17 20 0.030656822 
1012 284 12 20 0.030090485 
885 241 50 57 0.02971665 
356 331 32 37 0.028868593 
959 270 49 62 0.027566647 
923 233 16 21 0.026638014 
146 268 31 40 0.025883004 
629 251 436 516 0.025297143 
709 296 57 68 0.025091259 
303 -50 439 401 0.024785867 
365 325 41 50 0.024231369 
986 230 18 22 0.023823407 
955 265 30 37 0.023806415 
940 220 80 100 0.021679416 
419 389 51 70 0.02026392 
948 189 58 62 0.020081619 
