61_Street_Battle_streetfight_61_432
168
739 323 26 35 0.99786156 
646 322 24 32 0.99774665 
148 235 39 45 0.9975666 
178 150 26 34 0.9964948 
639 518 33 41 0.9955545 
847 324 22 27 0.99249494 
900 283 15 19 0.9899761 
708 395 34 44 0.98910415 
806 417 31 41 0.9871924 
142 297 33 49 0.9821836 
587 219 16 22 0.9812904 
622 272 21 27 0.9782362 
967 376 25 31 0.9759773 
498 296 31 36 0.9716161 
762 247 15 20 0.96926963 
824 268 12 16 0.96864665 
793 286 19 25 0.9611039 
846 273 16 21 0.9600831 
634 217 15 20 0.9456252 
887 324 22 26 0.9396674 
523 208 21 28 0.9359532 
100 152 32 39 0.9331479 
263 174 18 22 0.92717546 
417 535 29 36 0.91754395 
852 398 27 34 0.9165197 
833 288 17 21 0.9014902 
497 505 35 39 0.90055543 
653 204 13 17 0.88539624 
214 212 28 38 0.83886385 
262 208 30 34 0.8343008 
795 262 15 19 0.7907227 
424 165 27 46 0.50372094 
548 239 23 30 0.48762715 
508 184 15 22 0.4815355 
318 148 24 33 0.3770086 
614 243 12 16 0.36056307 
187 108 12 15 0.3555618 
934 271 8 11 0.23124456 
764 354 22 30 0.2139296 
792 355 25 32 0.21200897 
435 168 32 46 0.19960646 
223 102 21 27 0.19879055 
183 222 27 39 0.19535403 
874 298 16 22 0.16775244 
919 390 23 32 0.1645671 
227 199 27 36 0.15477443 
822 316 20 27 0.14950195 
449 172 26 36 0.14846395 
319 150 15 20 0.1411003 
415 161 27 41 0.13619247 
459 180 13 19 0.13299008 
642 248 14 18 0.12630121 
941 295 12 15 0.11124024 
955 375 25 32 0.11061692 
716 350 18 23 0.10890677 
320 118 12 16 0.10826714 
370 172 37 46 0.09532094 
218 227 19 24 0.07971945 
346 116 10 14 0.07942514 
926 382 24 34 0.07759465 
637 244 14 19 0.07721191 
279 195 15 19 0.07720772 
200 191 23 34 0.07608836 
834 319 24 30 0.074715175 
597 299 12 16 0.069641314 
463 174 12 18 0.06881636 
172 215 30 40 0.06265381 
936 374 24 31 0.06102119 
158 172 13 18 0.057355687 
959 613 48 68 0.057223137 
942 331 14 17 0.053754468 
908 278 11 15 0.053583276 
832 368 23 31 0.053143837 
834 347 14 19 0.051625103 
197 220 32 38 0.05159492 
831 304 12 18 0.051030867 
122 120 16 18 0.049015794 
251 210 27 33 0.04816875 
463 166 11 15 0.046424586 
325 182 15 20 0.04622665 
323 165 24 34 0.045694634 
800 266 14 18 0.04519071 
454 184 15 22 0.044781912 
197 193 17 22 0.044447206 
219 166 17 20 0.04397567 
446 186 24 36 0.04187737 
796 272 16 19 0.041822895 
247 221 12 16 0.040646173 
377 646 9 12 0.03953889 
930 377 19 23 0.039450888 
409 661 12 14 0.03759956 
822 309 13 18 0.035444558 
505 292 21 24 0.03472568 
930 277 10 13 0.03442015 
279 248 15 19 0.03415608 
940 332 23 27 0.033608582 
776 349 24 33 0.033031683 
516 199 22 32 0.032738876 
658 324 23 32 0.031830512 
325 110 12 18 0.031712145 
947 375 17 24 0.03152112 
983 317 12 17 0.031487208 
657 167 8 10 0.03136312 
469 166 10 14 0.031333487 
301 209 16 21 0.03105384 
842 388 26 36 0.03075467 
818 406 37 48 0.030749794 
946 297 14 17 0.030730415 
201 201 29 42 0.03059322 
644 204 18 24 0.030542096 
306 205 15 18 0.029998256 
396 167 35 44 0.029477349 
631 242 12 16 0.02933223 
919 292 11 15 0.028843677 
522 622 23 27 0.028732728 
621 238 12 16 0.028660368 
829 294 22 28 0.028656783 
274 196 25 32 0.028449856 
373 158 12 17 0.028177697 
511 176 10 15 0.027923563 
622 227 12 15 0.027759533 
374 158 24 39 0.027598364 
287 213 23 31 0.027285766 
111 156 19 25 0.026704798 
917 277 9 13 0.026504973 
238 213 26 33 0.02628853 
334 122 11 14 0.026174316 
814 310 22 28 0.026129711 
824 288 19 25 0.025909161 
638 167 9 12 0.025873352 
265 184 25 31 0.025691288 
225 319 48 55 0.02512785 
453 197 14 21 0.024464916 
729 333 26 36 0.023985155 
157 125 24 30 0.023970863 
625 260 22 32 0.02385954 
732 234 12 16 0.023631725 
286 308 29 37 0.02354889 
988 386 15 22 0.023379331 
813 290 14 19 0.02332496 
934 337 14 18 0.023177031 
635 255 17 22 0.023111477 
636 234 13 17 0.02298904 
544 250 25 34 0.022984855 
936 298 13 16 0.02292161 
907 397 28 36 0.022642272 
215 191 27 35 0.022612091 
840 276 16 20 0.022571215 
373 189 43 47 0.02234909 
437 635 13 17 0.022227047 
735 266 11 17 0.022177251 
159 165 22 31 0.021999381 
708 275 15 20 0.021533677 
153 408 45 53 0.02138548 
787 352 20 26 0.021246206 
380 171 16 23 0.020880582 
317 115 19 27 0.020731272 
283 218 16 22 0.02070287 
898 291 17 21 0.020661002 
881 296 16 22 0.020627378 
837 298 23 29 0.02059812 
271 230 27 33 0.020491809 
391 666 11 13 0.020283466 
856 326 23 29 0.020179713 
947 325 16 18 0.020159412 
943 360 25 33 0.020140374 
348 110 12 18 0.02002112 
821 297 15 19 0.020001464 
