61_Street_Battle_streetfight_61_665
25
271 151 33 44 0.99947494 
412 148 33 42 0.99924743 
518 164 35 48 0.99848074 
632 172 36 49 0.99832684 
357 159 34 44 0.99830973 
690 142 44 55 0.9976247 
199 162 38 48 0.99393266 
131 243 13 15 0.0743714 
55 351 9 11 0.061517466 
149 212 13 18 0.039794587 
155 212 11 16 0.034337167 
139 211 22 30 0.029783014 
55 341 10 12 0.029295098 
291 154 25 37 0.028374942 
89 278 8 10 0.02818505 
112 296 9 11 0.026302375 
50 352 9 11 0.025532503 
126 274 11 15 0.025016105 
95 278 8 11 0.022005105 
156 -21 106 126 0.021336164 
470 553 27 36 0.021261457 
7 221 11 14 0.020962168 
31 379 9 11 0.020304965 
240 227 391 512 0.020227438 
16 342 8 11 0.020065233 
