61_Street_Battle_streetfight_61_158
60
611 175 84 105 0.996278 
873 194 32 48 0.98159814 
746 164 30 34 0.9767923 
314 273 25 32 0.6248977 
344 349 45 65 0.62431836 
517 175 15 22 0.25672507 
379 552 24 33 0.14013912 
317 268 36 53 0.10396566 
965 166 30 37 0.09820156 
375 295 33 42 0.055733632 
982 166 13 15 0.05500462 
310 280 18 22 0.051898986 
797 433 53 54 0.050787434 
859 167 13 17 0.046878748 
837 138 20 32 0.04674907 
956 169 26 36 0.044364426 
389 563 26 28 0.041301537 
490 192 40 48 0.038223762 
305 283 31 36 0.038088553 
978 163 25 32 0.03763492 
808 211 40 51 0.036941677 
411 408 58 73 0.03684605 
353 527 25 38 0.03658938 
449 303 29 39 0.034354758 
898 546 57 67 0.033943135 
460 317 16 22 0.033652544 
1004 163 22 31 0.032734685 
861 199 31 45 0.03263717 
401 570 18 23 0.032502342 
346 375 51 63 0.032425903 
814 146 13 18 0.032131553 
300 271 24 31 0.032070614 
971 156 42 52 0.030708492 
437 269 46 74 0.029832095 
396 286 53 72 0.028772084 
844 142 12 18 0.028323533 
907 147 15 16 0.027521988 
420 427 38 44 0.027304525 
997 637 16 23 0.027222142 
972 169 18 23 0.027201891 
766 189 42 48 0.027001183 
939 171 23 33 0.026453387 
1005 658 18 33 0.026195383 
967 158 13 16 0.025966616 
519 166 27 34 0.02564379 
418 383 98 122 0.025544945 
822 440 38 39 0.024874296 
492 193 15 19 0.023182461 
505 179 23 31 0.023007907 
572 112 14 20 0.022970222 
455 218 88 117 0.022936491 
318 295 26 38 0.022794489 
264 374 54 59 0.022002522 
414 403 35 46 0.021405062 
556 146 46 57 0.020921106 
424 283 82 101 0.020858955 
448 201 380 466 0.020752799 
585 329 250 257 0.020557398 
787 205 43 52 0.020154424 
929 173 25 36 0.020013127 
