61_Street_Battle_streetfight_61_546
38
423 148 27 34 0.8759583 
527 148 21 30 0.5550097 
32 93 16 21 0.15807125 
74 127 18 21 0.1178677 
104 117 20 27 0.07201203 
402 232 31 35 0.0697848 
583 117 11 14 0.06944785 
589 118 10 13 0.063572004 
15 24 42 42 0.055410847 
107 79 15 19 0.05321553 
430 199 15 20 0.04831686 
407 153 33 34 0.046351098 
114 129 16 21 0.045849126 
113 118 17 22 0.044483114 
536 143 24 32 0.042444255 
100 125 17 22 0.039033633 
94 112 22 29 0.035413757 
437 144 25 36 0.034787774 
1010 629 14 22 0.034525845 
652 258 26 35 0.034030415 
603 101 12 15 0.033733133 
65 128 23 28 0.032133926 
520 163 13 19 0.031199502 
372 373 30 43 0.03116057 
531 140 19 22 0.027975513 
996 486 17 24 0.02753852 
575 126 11 13 0.027201844 
40 214 23 28 0.026274875 
94 101 13 17 0.024990825 
823 3 44 53 0.023663042 
224 93 41 54 0.02304773 
59 138 15 21 0.022687795 
129 163 24 29 0.022387275 
37 133 23 30 0.022335213 
851 164 16 20 0.021548575 
123 121 14 18 0.020537857 
150 132 14 17 0.020513406 
615 116 11 15 0.020342201 
