61_Street_Battle_streetfight_61_22
41
175 38 122 180 0.99942565 
914 417 109 153 0.69611835 
108 188 240 294 0.27482626 
863 447 124 120 0.23596717 
747 154 16 23 0.16422337 
295 562 78 59 0.14874813 
950 202 11 12 0.10530158 
842 141 15 20 0.10499429 
437 345 98 94 0.09575455 
846 205 14 18 0.075003564 
798 350 103 128 0.07444944 
684 439 129 105 0.06420922 
743 403 123 142 0.056632753 
898 202 15 19 0.055480618 
800 147 16 20 0.05531406 
286 610 64 58 0.04277853 
535 504 31 36 0.041874353 
785 247 15 19 0.04141454 
794 59 17 23 0.040237557 
811 376 181 214 0.038076308 
955 132 12 15 0.03724802 
860 202 13 19 0.03618366 
945 205 11 11 0.034260973 
804 310 106 109 0.033449758 
709 157 13 17 0.032163776 
607 259 14 15 0.028434386 
1008 99 10 14 0.027165892 
809 254 30 37 0.027113501 
696 78 10 12 0.026530517 
922 204 13 15 0.02511038 
836 252 49 56 0.024621116 
919 177 11 15 0.024307935 
588 203 12 13 0.023951653 
790 392 129 144 0.022249445 
1008 199 9 11 0.021969674 
812 203 15 18 0.021959333 
1014 198 8 11 0.021729112 
672 442 81 71 0.021413827 
917 169 14 17 0.021039987 
1000 176 8 10 0.020328565 
513 271 55 57 0.02021959 
