61_Street_Battle_streetfight_61_282
25
244 787 217 291 0.99992204 
592 752 200 264 0.9995297 
240 111 174 215 0.9981256 
431 89 157 209 0.9960657 
808 94 149 222 0.99533033 
62 117 139 223 0.9951416 
638 120 145 212 0.99430424 
613 1160 95 129 0.46783364 
691 104 159 217 0.41688693 
547 834 12 16 0.08080695 
923 874 14 19 0.080558166 
205 884 10 13 0.06263627 
833 599 60 67 0.05954647 
23 846 89 105 0.048098255 
181 901 13 16 0.03905389 
442 607 32 36 0.038684487 
948 876 13 16 0.035909392 
81 1154 187 255 0.032007135 
525 636 327 439 0.03167194 
350 87 173 228 0.030903865 
4 1021 25 41 0.02846793 
558 76 181 240 0.02593104 
769 1047 129 169 0.02406996 
567 778 25 37 0.023908319 
808 566 99 118 0.023097299 
