52_Photographers_photographertakingphoto_52_263
86
627 260 25 37 0.99742496 
686 248 21 34 0.9897328 
353 298 21 30 0.98424524 
136 295 21 28 0.9706585 
755 286 20 34 0.92768836 
37 278 22 30 0.90436035 
802 288 24 34 0.81965816 
473 304 16 20 0.77860993 
402 295 21 25 0.7499361 
674 368 35 42 0.42435825 
64 391 17 21 0.31309256 
342 298 22 28 0.20922881 
68 384 22 31 0.19300018 
81 318 17 21 0.1708786 
270 300 13 17 0.1201263 
173 314 13 16 0.08930635 
183 323 12 15 0.0721818 
341 295 15 18 0.06937655 
428 314 15 19 0.06893313 
316 309 12 15 0.06708138 
40 430 11 14 0.057300344 
410 283 16 21 0.056534376 
682 374 43 53 0.055556234 
179 333 14 18 0.05381268 
664 375 33 43 0.053402707 
43 433 14 20 0.05302821 
400 294 13 18 0.052549683 
182 310 10 13 0.051958907 
29 369 28 37 0.04873324 
408 299 24 27 0.04741786 
337 300 14 19 0.045479555 
463 303 14 19 0.04487034 
721 387 45 52 0.044768896 
399 313 13 17 0.043230683 
81 390 17 23 0.04296522 
289 349 8 11 0.042477388 
73 309 10 13 0.04184825 
264 300 12 16 0.04102533 
27 361 16 19 0.03944205 
127 294 44 50 0.03706582 
481 301 13 19 0.035179455 
87 334 23 32 0.034464117 
387 438 12 13 0.033589102 
496 308 73 61 0.033529375 
84 361 15 20 0.033382062 
759 293 27 31 0.032959417 
273 303 16 19 0.032317076 
398 287 12 16 0.031783845 
696 248 24 31 0.03125321 
681 353 33 41 0.030301895 
404 285 16 22 0.030085819 
80 324 23 26 0.029039368 
434 320 14 20 0.028800761 
174 322 14 16 0.02707263 
54 386 24 30 0.02674614 
175 317 21 27 0.026415125 
187 318 11 17 0.026345266 
75 393 27 35 0.02593211 
635 306 26 32 0.02576422 
339 331 14 18 0.025492782 
183 304 9 12 0.025320591 
412 275 16 19 0.025060827 
43 428 24 31 0.024348138 
390 442 12 14 0.024122043 
416 304 23 29 0.02368601 
29 286 21 25 0.023152344 
54 392 14 19 0.023065303 
165 310 23 28 0.02302643 
713 387 29 44 0.022912301 
378 519 59 63 0.022839572 
287 343 9 12 0.02277029 
78 381 13 17 0.022642097 
398 302 15 21 0.022579255 
70 381 14 19 0.022365214 
768 285 26 35 0.022348782 
89 315 15 20 0.02217914 
82 345 23 33 0.022166833 
746 428 43 59 0.022140825 
279 149 379 486 0.021889899 
148 305 27 34 0.021400971 
29 369 15 18 0.020937499 
128 299 16 20 0.020770252 
21 319 15 22 0.020763196 
42 379 16 20 0.020534309 
418 293 15 20 0.020129317 
160 331 26 34 0.020117512 
