52_Photographers_taketouristphotos_52_328
527
242 139 146 200 0.9985092 
961 637 14 17 0.41590357 
897 650 14 18 0.20894337 
656 517 13 15 0.18724732 
989 621 13 16 0.18334337 
941 598 13 15 0.13808571 
942 685 15 18 0.13168918 
704 469 9 11 0.13096607 
671 493 9 11 0.13093325 
717 509 13 16 0.122429125 
900 608 16 19 0.121539995 
614 735 25 29 0.117975846 
979 644 13 14 0.116300106 
701 518 11 14 0.11068968 
999 597 13 16 0.10655464 
963 662 12 15 0.101752065 
656 479 9 11 0.10030477 
31 679 16 20 0.097350426 
921 611 15 17 0.09485521 
63 665 13 17 0.09475519 
733 493 11 13 0.09117572 
678 477 10 12 0.08605328 
910 698 15 17 0.085546836 
1 666 25 32 0.0846944 
924 621 13 15 0.084449455 
664 493 9 11 0.08368205 
743 495 10 12 0.083001144 
796 664 19 22 0.08197282 
752 487 10 12 0.077328384 
688 494 9 11 0.07675833 
757 612 13 15 0.07545532 
637 521 13 17 0.07406869 
633 460 9 12 0.07293237 
756 595 11 15 0.07154842 
687 501 11 14 0.06924041 
574 548 13 15 0.06911465 
624 483 10 12 0.06833205 
966 619 13 14 0.06824192 
607 476 10 12 0.067256615 
939 561 13 15 0.06654925 
630 500 9 12 0.06549906 
653 502 10 12 0.06464915 
703 495 10 11 0.06348126 
922 604 14 17 0.061723635 
822 576 12 15 0.061596602 
942 582 11 15 0.061447304 
791 508 10 12 0.061370704 
729 486 10 13 0.0613306 
639 461 10 12 0.060865246 
718 503 11 13 0.06076047 
1002 589 13 14 0.060555346 
963 630 14 17 0.060190573 
750 494 9 12 0.058914237 
1007 713 12 17 0.058538277 
778 469 10 12 0.057516742 
926 627 14 16 0.057433132 
761 469 8 11 0.056952976 
772 595 11 15 0.05662462 
655 494 9 11 0.056310352 
894 645 14 17 0.055981435 
688 469 8 10 0.05534496 
851 620 14 16 0.055001274 
958 665 13 16 0.054729436 
572 494 12 13 0.054592684 
533 650 17 22 0.05427272 
919 619 12 16 0.053774547 
884 619 13 15 0.05319116 
692 507 11 13 0.053000554 
696 518 10 13 0.05287481 
677 533 12 14 0.052839622 
840 478 12 14 0.052813716 
987 631 14 17 0.052561983 
989 715 11 15 0.052339163 
671 502 10 12 0.05223689 
728 439 8 10 0.051346604 
999 637 11 13 0.05080783 
909 464 9 11 0.05033386 
992 597 10 13 0.050227765 
60 657 24 28 0.050162558 
958 677 13 16 0.050109424 
897 415 8 9 0.049290203 
571 505 14 16 0.04914645 
661 478 8 10 0.049145125 
814 719 12 17 0.048552673 
766 590 11 14 0.047290344 
671 507 11 13 0.046481505 
647 496 9 11 0.046149768 
918 659 17 18 0.046081953 
268 538 30 43 0.046016105 
574 529 15 18 0.04548391 
551 526 11 14 0.045462564 
932 622 13 13 0.045434166 
579 525 15 18 0.04525149 
33 670 23 26 0.045191735 
711 502 10 12 0.044917352 
750 601 13 16 0.044677347 
696 470 7 10 0.044641465 
689 464 8 10 0.044581935 
741 523 13 14 0.04457042 
647 516 11 15 0.04444185 
846 612 13 14 0.04433296 
678 472 9 11 0.044131033 
949 582 10 13 0.044069324 
981 605 12 14 0.043744158 
652 508 13 16 0.043733448 
941 718 26 29 0.043597914 
779 548 13 15 0.043567445 
867 664 15 19 0.043454744 
1004 611 12 16 0.043297604 
647 501 11 13 0.04300335 
615 485 9 11 0.042918697 
782 634 17 20 0.04236508 
679 494 8 11 0.042125385 
624 456 8 11 0.042066835 
959 539 10 12 0.041780796 
895 611 13 16 0.041518632 
679 502 9 12 0.04134583 
638 486 10 12 0.04122731 
692 501 11 13 0.04107696 
796 714 12 15 0.040971853 
951 414 8 10 0.04089133 
998 610 13 16 0.04088302 
756 603 13 17 0.04071418 
984 626 13 17 0.04041002 
708 470 10 11 0.040339794 
947 676 14 16 0.040305782 
977 713 24 30 0.04021219 
557 637 25 30 0.040180657 
977 578 13 17 0.039973464 
1013 710 10 16 0.03980883 
822 476 10 12 0.0395429 
780 657 16 18 0.039505742 
606 501 9 12 0.039390936 
990 654 12 15 0.039366677 
876 638 15 20 0.03883203 
930 729 13 19 0.038738683 
815 577 12 16 0.038479995 
792 495 9 10 0.038420312 
574 612 14 18 0.038380433 
786 641 17 20 0.038245235 
545 616 15 18 0.03822135 
825 622 11 16 0.0381011 
714 620 14 16 0.038063236 
591 468 9 10 0.037697516 
941 677 13 16 0.037693538 
749 524 10 12 0.0375295 
776 477 12 13 0.037237514 
766 540 10 13 0.037202556 
621 529 14 17 0.03717958 
684 533 12 16 0.037115753 
783 502 10 12 0.037033018 
1007 526 9 13 0.03694729 
921 406 8 10 0.036799457 
675 477 8 11 0.036769178 
665 557 11 15 0.036737442 
741 470 11 12 0.0366503 
915 642 14 17 0.03659719 
990 531 11 13 0.036577575 
951 628 11 14 0.03657566 
597 641 24 29 0.03652666 
696 477 8 11 0.03651585 
936 581 11 14 0.036492698 
999 580 12 16 0.03637069 
677 507 10 13 0.036159724 
968 432 7 9 0.036114402 
998 652 12 15 0.035687044 
981 597 13 14 0.035418596 
528 463 10 12 0.035389274 
591 546 12 16 0.03535999 
721 461 8 10 0.03517102 
567 501 11 13 0.035146076 
735 499 11 12 0.0350785 
776 542 11 14 0.03493822 
595 542 15 19 0.034904316 
949 668 14 15 0.034528665 
934 557 14 16 0.034491293 
580 548 12 16 0.034381714 
1005 627 11 14 0.034374464 
791 556 14 16 0.034292776 
910 618 12 16 0.034239225 
556 515 12 15 0.034172572 
714 613 13 14 0.034126986 
784 507 10 12 0.034082156 
695 464 8 10 0.034054525 
963 683 12 16 0.033971094 
758 487 10 11 0.03396618 
861 622 11 14 0.033727325 
933 639 15 19 0.033709858 
862 672 14 19 0.033706926 
967 533 10 12 0.033655513 
997 710 11 14 0.03365107 
926 563 10 14 0.033593096 
703 500 11 12 0.033563565 
566 506 13 14 0.033536118 
567 477 8 10 0.033464514 
694 495 10 12 0.033412322 
906 598 13 14 0.033278916 
463 294 66 65 0.033213176 
885 640 14 18 0.03315891 
734 509 12 13 0.03307916 
751 470 9 11 0.03305161 
704 476 10 11 0.032989737 
737 470 9 11 0.032955863 
552 724 18 22 0.03293269 
529 643 16 20 0.032833733 
510 565 12 15 0.032783948 
1004 573 12 14 0.03271671 
721 456 8 10 0.032545652 
822 471 10 12 0.032463025 
981 586 13 15 0.0324495 
592 644 13 19 0.032438315 
750 572 13 16 0.032298546 
751 500 9 12 0.032289322 
783 495 9 11 0.032252125 
908 629 13 16 0.032144964 
663 486 9 12 0.032083955 
636 529 14 17 0.031941053 
981 661 13 14 0.03183465 
614 476 11 14 0.031757757 
831 464 9 10 0.031686064 
711 448 9 9 0.031629894 
566 540 13 16 0.03155459 
837 654 22 25 0.031494945 
916 555 12 14 0.031480514 
916 650 15 19 0.031475373 
892 677 13 16 0.031418554 
831 469 10 12 0.031328365 
916 565 12 14 0.031255938 
1015 663 9 13 0.031222515 
657 453 8 10 0.031216487 
747 651 13 17 0.031122943 
741 572 13 17 0.031080475 
625 501 10 12 0.031067891 
711 514 12 15 0.031006532 
766 524 12 13 0.030990116 
687 487 9 12 0.03097633 
1004 619 13 16 0.03092363 
917 571 11 14 0.030883286 
982 611 14 16 0.030758804 
720 485 9 11 0.03066327 
997 585 19 25 0.030583357 
766 462 9 12 0.030579763 
988 643 12 15 0.03057562 
767 501 10 11 0.030487083 
765 469 9 11 0.030480865 
745 726 24 28 0.030478287 
735 564 11 14 0.0304371 
719 495 10 12 0.030387284 
701 577 13 16 0.030344876 
560 477 8 10 0.030261682 
686 477 10 11 0.030227039 
671 517 10 13 0.030209543 
798 562 14 16 0.030201541 
818 463 7 10 0.029981473 
645 523 11 15 0.029912887 
965 541 11 13 0.029706098 
760 540 10 13 0.029646955 
568 613 23 28 0.029621938 
561 472 9 10 0.029552113 
969 527 10 11 0.029540801 
975 606 12 14 0.029440306 
927 557 11 14 0.029157713 
710 463 9 11 0.029043583 
719 479 8 11 0.029037848 
939 628 12 14 0.029031705 
805 461 10 12 0.028995244 
784 575 20 26 0.028975584 
822 642 13 18 0.028966142 
821 516 13 16 0.02895079 
765 605 13 16 0.028878368 
985 533 10 13 0.028599827 
940 622 12 13 0.02853794 
804 538 15 18 0.028536338 
53 686 15 20 0.028485648 
566 472 9 10 0.028432447 
799 455 9 10 0.028385673 
995 619 12 15 0.028340837 
639 494 10 12 0.02828827 
869 632 15 20 0.028287811 
631 509 10 11 0.02822329 
948 463 9 11 0.028195335 
508 534 11 14 0.028175838 
671 533 10 14 0.02809038 
712 453 9 10 0.028030153 
786 654 23 27 0.027985241 
777 464 10 11 0.02785381 
965 571 12 14 0.027822088 
718 539 11 15 0.027804038 
599 501 10 12 0.027790546 
710 477 10 12 0.0277601 
798 461 10 12 0.027753634 
717 521 14 18 0.02774445 
566 531 13 16 0.027744101 
724 652 14 17 0.02763466 
761 463 9 12 0.027626773 
714 626 16 19 0.02756246 
621 509 10 13 0.027377201 
485 538 13 16 0.027314516 
990 604 11 14 0.02728529 
958 596 13 15 0.02723541 
613 510 11 13 0.027220147 
989 527 10 11 0.027201472 
896 455 8 9 0.027183313 
622 519 11 13 0.027094865 
34 710 25 29 0.027044604 
559 601 14 17 0.026984038 
565 547 15 18 0.026951317 
758 477 10 11 0.02693381 
735 517 14 15 0.026883705 
556 531 12 16 0.026877187 
781 463 11 12 0.026871657 
582 572 26 28 0.026838228 
710 485 9 11 0.02681929 
828 625 14 18 0.026819253 
781 484 11 13 0.026813587 
570 534 20 24 0.026763134 
1007 662 11 13 0.026748674 
612 471 10 12 0.026704188 
557 507 12 16 0.026685834 
602 541 14 17 0.026655462 
828 635 15 20 0.026523164 
999 541 12 15 0.02650592 
553 479 8 10 0.02649428 
602 666 15 19 0.02647477 
10 730 26 31 0.026466206 
816 478 10 12 0.026447423 
524 605 13 16 0.026397392 
580 540 13 16 0.026374154 
758 565 12 15 0.026368994 
640 468 9 12 0.026348172 
797 510 11 12 0.026255857 
20 674 25 30 0.026255243 
905 467 9 12 0.02624839 
667 680 22 27 0.026236182 
935 510 9 11 0.026191132 
772 518 11 13 0.02613915 
28 288 26 25 0.026123185 
643 615 25 31 0.026057769 
907 588 12 14 0.026057586 
749 447 10 11 0.026035933 
752 462 9 11 0.025902523 
758 502 10 13 0.025855083 
623 684 13 19 0.025834657 
817 470 10 11 0.025812764 
857 587 16 17 0.025773793 
957 589 13 16 0.025735674 
948 602 12 15 0.0257355 
904 640 20 25 0.025722489 
590 500 11 13 0.025573032 
807 484 11 13 0.025554016 
559 624 27 32 0.025499258 
989 616 20 26 0.025489477 
791 464 10 12 0.025305072 
968 614 21 25 0.025294928 
707 530 13 17 0.02526507 
999 643 12 15 0.025237212 
525 539 11 14 0.025137939 
812 605 14 17 0.025058795 
796 495 10 12 0.02505346 
788 531 12 14 0.025021952 
590 517 11 13 0.02500757 
606 495 10 12 0.024988668 
922 664 16 19 0.024886737 
918 524 14 15 0.024874538 
845 606 13 15 0.024871921 
926 633 14 19 0.024828801 
628 528 14 17 0.02477576 
70 652 25 31 0.024724035 
922 556 20 25 0.024694344 
1004 651 12 15 0.024653817 
601 478 9 11 0.024637751 
972 611 13 16 0.024634646 
771 532 12 14 0.024603017 
630 494 11 13 0.024602393 
735 454 8 9 0.024443999 
924 642 14 17 0.024413964 
555 523 13 17 0.02438772 
881 605 14 17 0.024384119 
836 594 13 17 0.024365129 
48 668 24 29 0.024310095 
779 748 17 19 0.024292324 
609 455 8 10 0.02429019 
799 524 11 13 0.024253739 
767 495 10 11 0.024181237 
944 501 9 11 0.024165094 
678 448 9 11 0.024115207 
748 540 11 15 0.02408402 
921 401 8 9 0.024058346 
982 633 14 19 0.024041299 
950 495 8 11 0.024029057 
779 665 17 19 0.024004318 
944 496 8 11 0.02397064 
960 478 9 12 0.023967003 
766 487 10 12 0.023933178 
661 533 12 14 0.023929337 
721 470 9 11 0.023877705 
679 484 10 12 0.023833808 
629 660 25 28 0.023808274 
743 596 13 16 0.023723722 
728 444 9 11 0.023718216 
939 694 16 20 0.023644654 
627 479 12 13 0.023641944 
723 573 12 16 0.02358617 
830 658 15 19 0.023555614 
791 479 9 12 0.023513636 
783 446 11 13 0.02348785 
735 571 12 15 0.023399193 
711 668 24 28 0.02336617 
845 626 15 18 0.023337336 
941 573 13 15 0.023216672 
662 448 9 10 0.023212174 
809 502 10 12 0.02320524 
648 480 9 10 0.02319288 
871 626 22 28 0.023167953 
755 571 13 14 0.023132976 
862 635 14 18 0.023074144 
944 408 9 9 0.023058977 
21 710 17 21 0.023053853 
582 485 9 12 0.023049941 
639 500 10 12 0.022953866 
950 501 9 11 0.02286468 
725 634 14 18 0.02285683 
940 612 14 15 0.022844246 
765 547 11 15 0.022835964 
568 440 8 10 0.022814784 
917 734 25 28 0.022767313 
883 571 12 15 0.02276537 
745 446 8 11 0.022697428 
572 514 14 16 0.022670748 
672 659 24 27 0.02265054 
960 485 9 11 0.022631923 
659 510 14 16 0.022590334 
937 539 11 15 0.022588668 
546 519 20 26 0.022576192 
577 463 7 9 0.022564594 
727 470 9 11 0.022521453 
673 470 9 11 0.02247737 
544 643 23 28 0.02246943 
875 588 13 16 0.022433205 
627 671 22 25 0.02242009 
494 558 11 15 0.0223927 
773 632 21 26 0.022271613 
760 534 10 12 0.02226598 
952 518 10 12 0.022250896 
608 446 8 10 0.022231294 
816 485 11 14 0.022171555 
647 484 9 11 0.022126177 
582 479 9 11 0.022119755 
629 483 12 13 0.022071656 
638 455 11 12 0.02205778 
596 674 16 20 0.022053033 
893 564 12 14 0.022039467 
982 692 14 16 0.022010446 
752 477 9 12 0.021941274 
983 446 8 11 0.021940466 
614 530 13 16 0.021912308 
761 585 19 24 0.021905657 
959 653 13 16 0.021880165 
951 542 10 12 0.021864701 
573 576 23 26 0.02181438 
932 612 14 16 0.021734603 
91 642 29 37 0.021690458 
704 659 25 29 0.02160776 
791 486 9 10 0.021591047 
974 571 22 26 0.021576025 
917 627 14 17 0.021574477 
592 463 9 11 0.021571828 
1006 519 9 11 0.021543032 
776 553 12 16 0.02151726 
933 722 21 27 0.021494182 
727 540 12 15 0.021485807 
962 423 8 9 0.021471974 
806 455 9 11 0.021458639 
966 605 11 14 0.021425592 
859 621 20 26 0.02139767 
798 533 11 15 0.02135933 
581 508 11 15 0.021285404 
576 478 9 12 0.021262752 
887 613 20 26 0.021245815 
781 583 14 18 0.021226749 
776 495 9 11 0.021168854 
975 572 13 15 0.021151459 
785 454 8 10 0.021146636 
767 477 9 12 0.021097858 
918 579 11 14 0.021083424 
550 502 10 12 0.021052936 
850 715 13 17 0.02100062 
663 469 9 10 0.02097269 
816 401 8 9 0.02093054 
647 531 11 15 0.020890838 
974 627 12 16 0.020874036 
679 453 9 10 0.02077055 
995 626 12 16 0.02075801 
614 492 10 13 0.020714503 
759 635 22 27 0.02068684 
504 563 11 15 0.020656867 
598 524 13 16 0.020656154 
958 603 12 14 0.020623248 
920 415 8 11 0.020621765 
901 414 8 11 0.020603476 
658 622 24 29 0.020578068 
728 653 20 24 0.02056005 
740 540 14 15 0.020547187 
846 524 12 14 0.020518098 
934 603 12 15 0.02049507 
960 375 8 9 0.020482935 
985 582 21 27 0.020424446 
633 470 8 10 0.02042252 
806 745 13 16 0.020420464 
739 658 13 17 0.020392768 
706 738 15 19 0.02036586 
525 636 15 18 0.020344902 
1005 740 14 16 0.020343054 
852 604 14 15 0.020342164 
715 724 14 18 0.020308511 
822 662 22 28 0.020279894 
560 503 10 12 0.020236298 
759 525 11 13 0.020204728 
581 492 10 13 0.020150727 
928 437 8 10 0.020149086 
924 530 12 15 0.020123212 
784 545 21 24 0.020121474 
590 524 12 15 0.020118183 
759 492 10 12 0.02010758 
697 455 7 9 0.020058068 
555 605 22 26 0.020044122 
693 588 13 16 0.020015933 
