52_Photographers_photographertakingphoto_52_479
22
203 284 115 157 0.9995152 
288 99 119 141 0.9983198 
371 290 117 151 0.9982572 
513 210 147 160 0.99804294 
353 576 104 134 0.997563 
938 256 23 29 0.45082313 
903 251 29 34 0.3735177 
415 241 155 188 0.25332686 
973 258 24 30 0.204038 
867 302 65 74 0.1935099 
870 264 26 32 0.10903784 
937 244 20 22 0.049439494 
849 282 107 114 0.046235517 
657 515 222 275 0.044760123 
865 314 41 45 0.037760116 
879 274 30 34 0.03757929 
978 253 17 20 0.030278994 
872 284 31 39 0.029839324 
373 523 152 195 0.023270454 
806 217 181 205 0.0231853 
273 279 132 174 0.022592055 
901 249 19 24 0.021829892 
