52_Photographers_photographertakingphoto_52_701
36
288 278 103 125 0.9988475 
255 152 106 133 0.9982241 
274 199 98 132 0.27864632 
574 492 14 17 0.12932344 
530 465 15 18 0.10022441 
655 -15 440 495 0.0832982 
559 487 30 33 0.0789609 
712 394 52 59 0.057724684 
541 250 12 14 0.05462791 
577 486 16 20 0.04381677 
172 99 27 47 0.042350255 
550 252 10 14 0.042106055 
12 293 30 42 0.041562047 
550 478 27 33 0.035945974 
1012 320 10 18 0.035643842 
557 496 16 19 0.035574213 
519 255 12 15 0.03147556 
534 469 24 30 0.029860165 
602 302 14 17 0.029805506 
531 378 25 28 0.02955548 
525 254 11 14 0.02768275 
565 258 13 16 0.026847439 
557 255 13 15 0.026808536 
0 279 57 83 0.02633733 
721 596 142 108 0.026190137 
943 397 14 16 0.025047323 
37 348 26 36 0.024379874 
544 458 46 52 0.023115648 
551 495 28 33 0.02300313 
491 430 15 16 0.022817219 
546 481 15 19 0.022674995 
536 252 10 13 0.021635652 
638 298 15 17 0.02122752 
366 68 518 517 0.021183832 
126 322 205 271 0.02092766 
611 435 17 20 0.02060792 
