52_Photographers_photographertakingphoto_52_359
21
563 68 53 79 0.9610092 
639 154 132 158 0.5814765 
629 385 219 265 0.10066258 
468 323 24 29 0.085203834 
591 80 57 72 0.07833739 
858 377 24 28 0.07478922 
715 205 118 146 0.06789078 
588 337 333 452 0.058936477 
604 78 117 108 0.058853496 
776 281 36 54 0.057873484 
750 267 65 84 0.03885624 
655 394 73 89 0.03853035 
495 119 28 41 0.032226626 
617 99 34 55 0.030748434 
838 552 113 154 0.030181909 
395 472 47 51 0.028563855 
472 345 14 17 0.027800791 
460 305 31 40 0.026132116 
866 371 17 23 0.02559871 
301 405 395 419 0.024892066 
466 335 26 31 0.021982953 
