52_Photographers_photographertakingphoto_52_130
68
389 85 446 554 0.5010636 
646 370 14 18 0.23325065 
202 39 398 473 0.139533 
668 369 15 20 0.13687697 
636 329 13 18 0.1319823 
701 323 14 18 0.11656372 
655 344 9 11 0.09859247 
643 357 14 16 0.08082125 
725 388 13 15 0.0688713 
634 364 24 30 0.054768495 
805 382 13 15 0.05232458 
639 364 14 17 0.049894996 
540 374 12 17 0.04975755 
478 194 266 359 0.04735169 
495 -43 471 538 0.043723557 
396 352 44 56 0.04328998 
726 396 13 15 0.042043902 
653 316 11 14 0.04177997 
639 354 23 30 0.041435603 
664 364 14 19 0.038701214 
572 353 47 49 0.036076523 
53 123 411 497 0.035156492 
213 365 109 131 0.034570962 
651 365 13 17 0.032739375 
623 256 211 270 0.032441493 
763 322 14 18 0.0321435 
989 373 11 13 0.032019805 
648 339 12 16 0.030656734 
730 372 12 14 0.029806433 
517 347 10 13 0.029361982 
727 367 12 13 0.029169392 
788 379 14 16 0.029086206 
702 338 13 17 0.028746046 
917 384 10 13 0.028729096 
558 385 33 34 0.028370831 
643 324 14 17 0.02829283 
610 349 47 53 0.027665086 
668 322 13 17 0.026375417 
699 325 20 27 0.026361117 
723 378 15 17 0.0263541 
831 330 11 14 0.025959106 
541 368 11 14 0.025876276 
484 375 17 22 0.025800632 
526 415 12 15 0.025687981 
341 124 26 29 0.02511078 
702 355 12 16 0.025098035 
682 411 27 36 0.024860704 
651 356 13 18 0.02479031 
719 386 13 15 0.024557158 
832 316 11 14 0.024303542 
684 424 13 19 0.024180854 
645 347 41 49 0.024015224 
719 404 12 15 0.02351867 
371 260 228 282 0.023060672 
720 396 12 15 0.022964956 
671 351 26 35 0.022833321 
416 334 18 21 0.022805702 
708 341 12 15 0.022570042 
563 373 37 37 0.022557776 
630 366 12 16 0.022413313 
721 332 252 290 0.02236242 
696 345 25 30 0.022358991 
-28 232 177 227 0.021992316 
266 391 69 81 0.021912681 
346 364 13 14 0.02187959 
774 332 15 20 0.021507787 
765 421 11 14 0.020449867 
647 341 23 29 0.020138541 
