52_Photographers_photographertakingphoto_52_358
20
410 183 111 143 0.9679206 
589 270 31 42 0.33311823 
553 511 37 43 0.1309207 
763 317 19 18 0.066028126 
530 518 36 36 0.05086212 
864 14 47 59 0.043519814 
576 248 45 56 0.03538489 
297 187 432 523 0.034617558 
602 278 29 42 0.031385344 
341 88 11 13 0.02859269 
758 320 27 28 0.028336452 
344 157 11 15 0.027157642 
663 274 41 55 0.02680236 
680 358 10 15 0.026395813 
1014 20 8 12 0.026188202 
340 133 99 91 0.021761354 
341 152 29 35 0.021384787 
566 233 23 38 0.02096014 
250 128 15 19 0.020654306 
680 337 41 57 0.02016377 
