52_Photographers_photographertakingphoto_52_506
429
436 297 44 64 0.9914369 
124 423 10 13 0.50273454 
152 462 10 12 0.3957491 
169 404 9 11 0.24247162 
657 368 9 11 0.18222605 
166 447 8 9 0.18200319 
142 445 9 11 0.16643463 
172 401 11 13 0.16549495 
678 357 9 11 0.14769177 
189 407 10 11 0.13954565 
208 411 9 12 0.13776262 
673 358 8 10 0.12542045 
670 302 8 9 0.11648071 
192 533 12 14 0.11377871 
965 321 9 10 0.10493622 
640 350 8 10 0.10207503 
190 384 9 11 0.10146568 
674 341 8 10 0.10099242 
182 456 11 12 0.09849211 
93 455 9 11 0.0984428 
215 450 10 12 0.095435634 
682 313 8 9 0.09514524 
105 438 8 11 0.09421147 
96 422 8 11 0.089678764 
184 389 9 11 0.08949248 
102 430 9 11 0.08838921 
811 548 13 14 0.08694609 
597 542 11 14 0.0832976 
526 313 9 11 0.07878449 
662 374 8 10 0.07772379 
713 350 8 10 0.07594077 
888 312 9 11 0.073697574 
638 344 8 10 0.07297153 
656 344 7 8 0.07281566 
151 457 9 11 0.07162224 
128 461 7 9 0.070821635 
199 486 11 13 0.070782796 
606 334 8 9 0.06872316 
672 376 7 9 0.067375556 
233 404 10 13 0.0661678 
188 460 10 12 0.06458504 
624 326 9 11 0.06380984 
1013 615 8 13 0.06287705 
282 544 8 10 0.062433228 
982 311 7 9 0.061967727 
919 350 7 9 0.061485924 
631 334 9 11 0.06144103 
1 386 9 13 0.06076299 
646 352 8 10 0.06037991 
673 337 8 9 0.060344245 
95 417 8 11 0.059910845 
418 301 43 62 0.059744533 
165 438 10 12 0.05947657 
206 453 10 12 0.05928674 
200 445 9 11 0.05923993 
111 454 9 11 0.059198793 
687 359 8 10 0.058941517 
98 428 9 12 0.057914965 
673 352 8 10 0.05763289 
200 423 9 11 0.057346743 
222 464 9 11 0.057248045 
752 351 7 9 0.05684133 
712 330 7 9 0.056438122 
105 443 9 11 0.056330208 
696 376 8 9 0.05614088 
197 356 10 12 0.056090746 
582 346 10 12 0.05522441 
655 360 8 10 0.055152178 
682 376 7 9 0.05503153 
656 333 8 10 0.05484705 
205 460 10 12 0.054526955 
717 596 10 13 0.05402986 
687 375 8 10 0.053846125 
712 345 8 10 0.053288944 
620 349 8 11 0.052915588 
80 392 8 9 0.05229089 
744 594 13 16 0.051605772 
711 358 8 10 0.050701275 
168 413 8 10 0.05055311 
217 463 10 11 0.050004385 
640 313 8 10 0.04953857 
212 414 9 11 0.04937498 
992 349 8 11 0.048821226 
182 399 10 12 0.04829527 
654 311 8 10 0.04823987 
605 349 10 11 0.048075546 
177 367 7 8 0.048003506 
910 310 8 10 0.047576264 
80 319 8 10 0.047476746 
264 472 8 9 0.04732744 
199 352 10 11 0.04727626 
648 358 8 10 0.046261765 
177 456 9 11 0.045908038 
229 398 12 14 0.04542795 
720 316 9 11 0.045319844 
403 307 36 52 0.045307573 
814 327 8 10 0.044596765 
176 461 9 11 0.044331487 
682 318 8 10 0.04427984 
614 318 8 10 0.044279337 
167 423 8 9 0.044046436 
337 59 13 15 0.04393931 
616 527 10 11 0.04354958 
617 344 8 11 0.042970616 
65 391 8 10 0.042894475 
18 375 10 13 0.042811714 
175 415 9 10 0.04251729 
679 336 8 9 0.04250276 
896 328 9 11 0.041866343 
120 445 8 11 0.04185334 
185 383 9 11 0.04163639 
960 305 7 8 0.04150127 
89 448 8 11 0.041410275 
649 312 8 10 0.04065955 
624 332 9 11 0.040593296 
79 397 8 10 0.040375322 
761 366 8 10 0.04032283 
674 384 6 8 0.040156215 
694 367 8 9 0.03988518 
528 358 8 10 0.039792 
37 420 9 11 0.03965994 
242 484 9 12 0.03964247 
992 327 7 9 0.039628793 
176 421 9 11 0.039581686 
556 308 11 13 0.039514203 
163 431 10 11 0.03944644 
650 334 8 10 0.039379325 
646 386 9 12 0.03932265 
207 447 10 12 0.039267767 
493 302 10 14 0.0391531 
175 470 9 12 0.03909397 
71 393 8 9 0.039050475 
761 336 8 9 0.039025612 
929 328 8 10 0.038951434 
599 313 9 10 0.03864711 
233 590 8 11 0.038561944 
120 375 8 10 0.03836283 
183 414 10 11 0.038182773 
110 445 10 12 0.038166687 
695 343 9 11 0.038050536 
41 368 9 10 0.038044393 
198 372 7 10 0.037704244 
194 368 8 10 0.037570752 
300 517 10 12 0.037192598 
637 336 9 10 0.0369706 
8 295 8 11 0.036922358 
864 335 8 10 0.036587838 
0 341 8 11 0.03641829 
582 310 9 11 0.036332667 
783 564 10 13 0.036258984 
168 381 8 10 0.035992105 
109 439 9 11 0.035883617 
191 470 10 11 0.03565029 
194 373 7 10 0.03556526 
199 406 10 12 0.035500184 
568 296 8 10 0.035476133 
824 314 8 9 0.0353743 
847 357 7 9 0.035116483 
791 319 8 10 0.035014465 
208 503 10 12 0.034956276 
605 570 11 13 0.03478496 
749 547 12 15 0.034664843 
205 420 10 12 0.03460651 
71 368 7 9 0.034364086 
136 383 8 9 0.034359448 
634 341 9 12 0.034249045 
73 397 8 10 0.034077924 
664 358 8 10 0.03384674 
942 305 8 10 0.033681992 
672 297 8 10 0.03364309 
902 327 9 12 0.033559628 
1008 319 7 9 0.03345807 
93 448 9 11 0.033287056 
95 460 9 11 0.03320652 
568 516 12 13 0.032946277 
808 360 7 8 0.032779973 
662 334 7 9 0.03244158 
166 452 9 11 0.03242306 
628 534 9 11 0.032284223 
621 343 8 11 0.032256056 
641 294 9 11 0.032185085 
168 377 8 9 0.03202636 
626 377 9 11 0.0318455 
799 345 8 9 0.03182591 
111 367 8 11 0.031667072 
703 377 7 9 0.03150054 
207 440 9 11 0.03141272 
673 367 8 9 0.031331215 
582 305 8 9 0.031319365 
934 328 8 10 0.03111268 
364 321 48 61 0.03100911 
97 436 9 11 0.030996468 
936 345 9 11 0.030970749 
56 359 8 9 0.030902645 
934 383 8 12 0.03060663 
650 343 7 9 0.030591402 
760 361 8 10 0.030531185 
667 303 8 10 0.030514136 
914 350 9 10 0.030394323 
686 327 9 10 0.030296387 
162 424 8 10 0.030247271 
238 409 10 13 0.030151783 
104 463 9 11 0.0301126 
642 325 8 11 0.030087749 
942 345 8 10 0.0299754 
121 357 9 11 0.029916655 
768 342 8 10 0.029897036 
53 382 9 11 0.029820733 
893 311 8 10 0.029749492 
122 462 7 9 0.02974397 
146 462 10 12 0.029722322 
191 528 11 13 0.029601317 
176 361 7 8 0.029521193 
213 508 11 13 0.029508986 
952 319 7 10 0.029316384 
841 359 7 9 0.029079111 
486 308 13 16 0.029059784 
86 391 8 10 0.02902649 
30 358 9 10 0.028985301 
577 346 9 12 0.028980806 
90 310 9 11 0.028973045 
207 429 9 10 0.028762946 
0 406 8 12 0.028717212 
86 439 9 10 0.02841612 
641 366 7 10 0.028356872 
170 542 8 11 0.028300792 
560 285 8 10 0.028134517 
66 304 7 9 0.027987562 
689 304 7 8 0.027855905 
994 334 8 10 0.027850915 
257 447 8 11 0.02784767 
176 477 9 11 0.027839255 
680 534 10 12 0.027825741 
702 335 8 10 0.027807891 
896 373 8 11 0.027742129 
630 366 9 10 0.027730586 
232 464 8 10 0.027604256 
800 334 8 9 0.027581217 
1013 342 8 12 0.027552368 
831 328 7 9 0.027512811 
126 445 8 11 0.027350854 
241 500 11 13 0.027285121 
572 558 14 15 0.027269037 
919 344 8 11 0.027204799 
1001 312 7 8 0.027172042 
943 368 8 10 0.027113054 
534 313 9 10 0.027105885 
998 335 8 9 0.027086016 
608 358 9 11 0.027050886 
993 344 10 11 0.027042126 
132 428 10 13 0.02690922 
0 398 8 12 0.026885344 
66 368 7 10 0.026838109 
128 391 8 9 0.026758512 
728 366 7 9 0.026739178 
144 452 9 11 0.02671304 
703 342 8 10 0.026676288 
878 357 9 11 0.026674815 
854 238 8 10 0.026659174 
215 420 9 11 0.02661006 
994 321 7 8 0.026575642 
89 334 7 9 0.026417842 
792 359 6 9 0.026097752 
165 487 11 12 0.02607572 
656 350 8 10 0.026062792 
136 477 7 10 0.026050217 
817 649 8 10 0.026032535 
712 296 7 9 0.026020313 
665 295 8 10 0.026019853 
962 382 8 11 0.025928967 
89 303 9 10 0.025925903 
960 309 8 9 0.025914986 
231 411 10 12 0.02585006 
775 343 8 10 0.025832903 
686 311 7 9 0.025746109 
148 447 9 11 0.025723446 
614 531 10 14 0.025652321 
466 305 29 42 0.02555916 
766 367 7 9 0.025439044 
110 304 9 10 0.025367098 
674 392 8 9 0.02533869 
682 326 8 10 0.025273617 
567 513 10 11 0.02520974 
80 352 7 8 0.025204604 
624 321 8 10 0.025187299 
690 367 7 9 0.025103878 
881 333 8 10 0.025068814 
679 295 8 9 0.025060052 
825 327 8 10 0.02496728 
608 303 7 9 0.024903104 
959 344 9 10 0.024893016 
647 328 8 10 0.024704164 
943 349 8 10 0.024617203 
601 343 8 11 0.024576133 
522 311 9 12 0.024561444 
800 349 7 9 0.02453638 
623 410 9 10 0.024521546 
984 327 8 9 0.024502566 
573 536 15 18 0.024454877 
183 358 7 9 0.024382755 
654 305 7 9 0.02436814 
695 349 8 9 0.024364054 
78 406 9 11 0.024274668 
910 388 10 11 0.024270767 
719 344 7 9 0.024239281 
849 238 8 10 0.02423775 
671 524 9 11 0.024213478 
109 462 8 10 0.024182765 
136 473 8 9 0.024141578 
82 359 7 8 0.024088979 
688 288 8 9 0.024034139 
104 383 9 10 0.02397098 
104 456 9 11 0.02368026 
1000 318 7 9 0.023627097 
663 400 8 10 0.023620808 
172 502 9 12 0.023589453 
998 343 8 10 0.023578769 
152 366 8 10 0.023553655 
566 287 8 9 0.023506103 
159 453 9 11 0.023494046 
609 366 10 12 0.02346327 
109 430 9 12 0.023407193 
729 361 7 9 0.023378875 
935 389 8 11 0.023345796 
183 353 7 8 0.023266977 
135 454 9 10 0.023249682 
863 554 8 11 0.023239154 
528 525 11 13 0.023226023 
665 319 8 10 0.023209043 
128 383 8 9 0.023150126 
578 302 8 11 0.023132887 
663 327 8 10 0.02310383 
697 336 8 10 0.023075402 
126 377 8 9 0.022976035 
688 333 8 10 0.02295393 
810 326 8 10 0.022952281 
536 316 8 11 0.022944001 
823 369 8 8 0.02292971 
730 335 7 9 0.022914885 
993 368 7 9 0.02287952 
893 317 8 10 0.022841908 
833 262 7 9 0.022840558 
162 406 8 11 0.022753166 
649 304 8 9 0.02266631 
808 383 8 10 0.022664502 
752 345 6 9 0.02265777 
375 551 11 12 0.022626111 
628 328 10 11 0.022582034 
79 375 8 10 0.022567082 
680 382 7 9 0.022556046 
105 320 8 9 0.022550233 
190 510 9 11 0.022411825 
121 365 236 251 0.022348236 
104 468 9 10 0.022331594 
568 539 11 15 0.022298679 
793 311 7 9 0.022275358 
663 352 9 10 0.022208218 
168 360 8 9 0.022182586 
106 304 8 10 0.022117162 
575 297 8 9 0.022104438 
1014 336 7 11 0.022030279 
137 376 8 10 0.021970602 
607 313 9 11 0.021935679 
875 358 8 11 0.021914693 
984 375 8 8 0.021819457 
898 351 8 10 0.021747092 
200 345 9 10 0.0217234 
256 486 10 11 0.021712283 
659 399 8 10 0.02171121 
881 383 8 9 0.021655755 
983 360 8 11 0.02161384 
120 419 19 22 0.021583736 
954 293 8 10 0.021559855 
94 380 9 11 0.021510148 
649 366 10 11 0.021492096 
183 448 9 10 0.021447262 
113 373 8 10 0.021410385 
0 375 9 12 0.021404386 
735 352 8 10 0.021385726 
318 394 11 13 0.021371355 
643 389 9 12 0.021337237 
55 431 9 11 0.021269843 
584 333 9 11 0.02122775 
221 391 24 25 0.021030895 
960 350 7 9 0.021023657 
707 360 8 10 0.021023182 
15 398 8 10 0.021012878 
982 388 10 13 0.020995809 
641 289 8 9 0.020932399 
830 348 9 11 0.020924738 
44 400 9 11 0.02092319 
111 383 8 10 0.020898934 
670 556 14 16 0.020801684 
992 358 8 10 0.020761471 
160 414 9 11 0.020700602 
194 422 7 10 0.020689424 
32 308 10 13 0.020677693 
72 373 8 10 0.020669146 
670 320 8 9 0.020666728 
127 437 10 12 0.020661226 
615 537 11 14 0.020600155 
120 454 8 10 0.020588962 
906 309 7 10 0.020564387 
336 550 9 12 0.020543972 
72 335 8 9 0.020535517 
89 328 8 9 0.020511713 
767 336 7 9 0.020501334 
766 361 8 10 0.020405512 
579 534 12 15 0.02037706 
458 326 36 51 0.020366555 
176 375 7 8 0.020358974 
118 367 8 10 0.02034776 
952 287 9 10 0.020347085 
832 574 8 10 0.020309161 
664 526 9 12 0.020287232 
55 390 9 10 0.020282196 
607 296 8 9 0.020259874 
816 319 7 9 0.02023075 
625 365 8 11 0.020218229 
55 344 8 9 0.020203589 
705 366 8 9 0.020194272 
617 325 7 11 0.020184822 
7 397 8 11 0.020177256 
974 344 9 12 0.020149244 
39 373 9 11 0.020125646 
849 327 8 10 0.020111054 
180 421 10 11 0.020102128 
585 289 8 9 0.020021262 
241 495 10 11 0.020006474 
