52_Photographers_photographertakingphoto_52_666
18
278 283 288 372 0.9989293 
483 279 369 481 0.99798656 
162 253 463 599 0.7518165 
55 489 507 535 0.2591135 
603 223 291 343 0.21410212 
426 435 637 561 0.14027034 
873 1209 136 91 0.11317024 
602 87 219 263 0.07699492 
665 373 228 325 0.06262422 
771 274 226 301 0.051986903 
322 799 537 487 0.04223543 
842 1191 208 183 0.0353991 
857 418 129 203 0.03363396 
9 60 186 239 0.025320124 
84 95 17 24 0.022259412 
122 124 380 505 0.02194782 
215 590 578 486 0.021470914 
538 9 339 428 0.020061225 
