52_Photographers_photographertakingphoto_52_316
18
449 227 192 250 0.99717724 
99 109 112 152 0.99580425 
794 115 115 156 0.9929639 
921 405 102 111 0.20195784 
158 295 127 119 0.13376491 
380 132 312 410 0.07972228 
704 231 75 99 0.04737504 
-27 385 400 513 0.036074955 
792 440 136 206 0.035280444 
783 185 112 123 0.03196684 
945 468 45 41 0.029437324 
44 115 351 409 0.02746189 
953 310 21 23 0.026613241 
938 298 40 37 0.024847806 
794 270 73 63 0.023789326 
487 149 149 127 0.02329979 
195 300 79 74 0.022791196 
732 193 120 133 0.020125479 
