52_Photographers_photographertakingphoto_52_578
77
754 179 56 68 0.99918383 
945 166 67 78 0.99901116 
354 144 48 62 0.99747545 
806 150 52 65 0.99745506 
281 179 63 82 0.99665904 
67 142 86 110 0.992309 
571 157 45 57 0.93069726 
104 119 69 86 0.9003248 
505 262 40 45 0.79784876 
549 237 27 31 0.35503334 
206 212 27 32 0.28643185 
617 211 27 38 0.24273394 
461 209 11 15 0.21089327 
586 292 30 44 0.1931117 
520 281 38 46 0.19299783 
831 16 27 32 0.15564944 
890 227 19 22 0.13868125 
455 209 12 17 0.12970845 
585 148 37 48 0.08540531 
605 189 40 53 0.08079806 
912 390 29 42 0.07250772 
228 203 12 16 0.06335358 
620 194 32 37 0.060130883 
526 265 32 41 0.059851497 
581 284 25 40 0.053690236 
201 195 31 38 0.053541 
603 147 18 21 0.052841008 
170 242 46 55 0.051083542 
305 171 62 74 0.049381536 
466 209 13 17 0.048090562 
634 180 13 16 0.047286533 
625 179 26 33 0.045307707 
397 234 39 51 0.044717807 
878 226 28 37 0.044158287 
532 206 16 22 0.043748096 
827 18 19 24 0.042501755 
460 214 15 19 0.040050335 
469 217 12 16 0.03695244 
526 644 11 15 0.03608676 
449 260 24 34 0.034707803 
178 221 47 55 0.033584174 
812 216 42 51 0.033300966 
446 213 13 16 0.032671 
530 244 38 46 0.032517347 
495 272 38 45 0.030776465 
456 202 20 25 0.030721882 
515 249 30 39 0.03047309 
526 631 8 10 0.029887978 
835 226 41 49 0.028435545 
218 202 18 21 0.027663263 
512 656 9 11 0.026912766 
645 166 11 15 0.026375977 
171 266 31 36 0.026350997 
531 171 28 43 0.02558151 
832 4 13 16 0.025553655 
625 208 18 22 0.02532275 
459 272 13 18 0.025294442 
873 238 18 23 0.02499511 
449 209 22 27 0.023699196 
793 129 54 67 0.023671182 
858 238 32 37 0.023466056 
575 181 33 43 0.023289755 
493 281 50 63 0.023200609 
821 15 14 18 0.02301611 
534 295 28 35 0.022871217 
182 202 27 36 0.022490863 
289 268 32 37 0.022172345 
98 250 41 41 0.022163844 
671 200 9 12 0.0218288 
863 63 47 58 0.021781508 
587 285 16 22 0.02165651 
329 147 57 71 0.021539776 
601 160 44 59 0.02151429 
530 189 23 36 0.021332629 
243 243 13 20 0.021284522 
551 647 11 12 0.02094186 
526 637 10 14 0.020097803 
