52_Photographers_taketouristphotos_52_208
24
240 95 138 178 0.9992399 
671 79 38 52 0.99688065 
817 68 44 53 0.98762786 
962 73 25 49 0.97515213 
873 49 34 41 0.7682135 
900 99 28 35 0.2556602 
370 88 55 80 0.19150758 
962 58 25 40 0.1315776 
950 77 26 44 0.056363206 
844 62 43 53 0.055165865 
-70 171 404 514 0.049665887 
686 421 24 30 0.048818607 
961 79 46 62 0.037486102 
732 408 15 19 0.033676248 
706 458 20 21 0.028112011 
860 54 28 38 0.026854262 
296 66 113 159 0.025108062 
669 478 12 18 0.024058826 
875 56 20 25 0.023331463 
908 101 39 50 0.022285884 
1003 75 24 45 0.020328296 
890 104 40 54 0.020196024 
943 83 40 59 0.020125723 
693 7 16 17 0.020094367 
