52_Photographers_taketouristphotos_52_123
99
222 132 115 148 0.99821544 
738 273 115 128 0.9976381 
648 216 48 82 0.92157066 
957 426 29 36 0.9127761 
655 1087 202 296 0.5169646 
145 141 79 151 0.3524819 
898 1097 14 18 0.23950037 
983 291 9 12 0.17622866 
600 200 34 43 0.1679062 
973 863 15 19 0.12558429 
963 860 16 20 0.12372174 
875 494 12 13 0.095262945 
936 981 9 11 0.09106775 
940 996 13 16 0.08347484 
846 289 50 69 0.070200324 
947 889 13 15 0.06329984 
990 310 8 12 0.060317803 
906 334 9 13 0.056218658 
921 309 9 11 0.05555951 
869 296 29 49 0.054912433 
117 88 97 168 0.053255882 
602 204 46 70 0.05306514 
949 124 10 14 0.05191738 
901 559 10 12 0.05024429 
594 289 15 17 0.04835553 
466 683 521 580 0.045741756 
617 219 50 78 0.04564355 
903 359 10 13 0.04496122 
979 686 12 15 0.044698842 
933 1080 15 18 0.04395067 
900 411 45 59 0.043086126 
96 675 376 546 0.041862506 
984 223 10 13 0.041562106 
48 97 108 144 0.040133882 
678 636 182 213 0.039422765 
1015 710 7 12 0.03843889 
984 339 10 13 0.036610287 
925 910 12 15 0.036183562 
983 316 8 11 0.03572402 
978 465 14 17 0.03559518 
813 290 69 78 0.035556294 
968 310 9 10 0.035431944 
782 1529 10 11 0.03465368 
901 969 11 13 0.033603165 
921 342 10 14 0.03354586 
983 299 10 13 0.03327901 
710 278 25 43 0.03262264 
984 364 10 13 0.0315573 
985 310 9 12 0.031549208 
757 694 109 146 0.03128387 
977 316 9 11 0.031200353 
903 338 11 14 0.030994259 
947 996 10 14 0.030812187 
17 433 427 482 0.030574605 
916 988 11 14 0.029448286 
922 1095 15 19 0.029331587 
990 702 9 12 0.029219938 
926 1075 24 30 0.028818304 
606 956 334 464 0.028794587 
968 429 19 22 0.028743543 
922 216 14 19 0.028663432 
964 914 30 37 0.028445717 
904 583 8 10 0.028071992 
943 310 10 12 0.027837606 
1010 710 8 11 0.027658809 
588 296 16 17 0.027304161 
605 289 14 17 0.027292082 
911 93 9 11 0.027288018 
951 295 8 10 0.02616953 
921 358 10 13 0.025935264 
906 750 11 15 0.025891878 
913 412 18 18 0.025395423 
910 318 9 11 0.024961414 
724 1199 143 180 0.024714904 
978 1118 13 17 0.02453589 
970 452 22 30 0.024472643 
938 296 8 10 0.024445612 
942 359 11 13 0.024335826 
933 999 21 25 0.024245396 
990 315 9 11 0.02417917 
976 637 8 10 0.023991795 
949 316 9 11 0.023689805 
136 423 117 140 0.023576023 
175 498 11 14 0.023520276 
983 670 10 12 0.02342269 
951 288 8 10 0.023357486 
354 1388 31 30 0.023205781 
909 326 9 11 0.022990052 
974 311 9 12 0.022749407 
937 301 9 12 0.022743857 
903 414 28 34 0.022399198 
923 347 11 13 0.02227714 
1015 271 7 10 0.0220752 
913 983 10 12 0.021906862 
1014 716 8 14 0.021324856 
588 290 26 28 0.02114191 
977 287 9 11 0.02106101 
981 654 8 11 0.020912262 
977 920 18 21 0.020495394 
