52_Photographers_photographertakingphoto_52_721
23
294 322 372 497 0.9997774 
162 832 434 528 0.88796884 
945 597 48 62 0.5984974 
535 825 456 569 0.5892565 
304 710 383 522 0.5401389 
422 1036 409 469 0.15113963 
157 179 423 521 0.109198526 
210 1423 152 129 0.074250646 
25 664 507 549 0.068703584 
17 12 422 534 0.067584544 
633 -33 431 506 0.06444385 
285 1310 32 32 0.05121263 
127 1079 459 412 0.040530838 
557 371 322 411 0.036581136 
280 948 269 327 0.035586413 
483 968 102 139 0.031041361 
521 651 502 437 0.026701704 
212 1392 70 65 0.026220737 
993 884 33 58 0.02338066 
222 1424 40 38 0.022976547 
697 939 275 336 0.021642223 
199 1389 113 110 0.02114892 
489 1157 233 268 0.020111978 
