52_Photographers_photographertakingphoto_52_780
33
750 277 74 104 0.97852683 
365 263 57 81 0.38159955 
618 339 26 28 0.24420218 
94 579 16 20 0.0854345 
354 276 345 507 0.07125521 
352 164 28 35 0.06916045 
420 196 17 23 0.06505915 
806 296 66 81 0.05519711 
247 3 378 466 0.04949239 
389 159 45 63 0.04791889 
407 182 28 38 0.047486316 
461 721 15 17 0.037970528 
495 716 14 16 0.036476925 
698 340 17 25 0.03371156 
456 659 25 29 0.033634517 
7 0 11 11 0.031893503 
430 471 109 145 0.031711563 
361 160 18 22 0.029204983 
686 334 43 55 0.028821453 
658 359 32 37 0.028512135 
522 723 26 33 0.026258659 
391 186 31 44 0.026198601 
-46 294 409 475 0.024821108 
15 0 12 11 0.023832858 
602 326 42 47 0.023477543 
998 126 24 35 0.023277426 
193 269 93 160 0.021775749 
403 723 14 18 0.0215143 
385 212 98 138 0.021227553 
445 729 15 18 0.020819401 
325 673 14 17 0.020708298 
413 691 21 26 0.02067127 
466 717 16 19 0.020163585 
