52_Photographers_taketouristphotos_52_266
205
608 453 50 81 0.9969524 
322 390 26 33 0.99583673 
668 628 132 154 0.8214168 
347 376 16 20 0.694044 
242 418 23 34 0.6158336 
388 358 11 15 0.5017631 
447 380 12 16 0.46589905 
621 377 14 21 0.43023038 
376 341 11 14 0.4253196 
466 378 23 33 0.4005574 
404 566 55 79 0.3870271 
221 418 30 36 0.35143232 
123 217 15 19 0.3301584 
278 339 14 19 0.3137839 
309 339 15 20 0.2991509 
585 321 27 33 0.22706556 
397 279 9 13 0.20450477 
156 218 14 17 0.1875925 
282 394 28 35 0.18201004 
382 336 10 14 0.16995144 
311 306 12 15 0.1590161 
403 382 14 17 0.122345045 
454 319 10 12 0.11615002 
414 341 9 11 0.115859486 
86 407 30 57 0.10743249 
408 301 9 12 0.10467146 
469 341 11 14 0.10462884 
719 669 73 92 0.104382195 
413 301 9 12 0.10161905 
352 368 18 23 0.10124123 
182 237 12 16 0.09470713 
432 342 11 13 0.09415246 
492 310 25 26 0.07621871 
305 327 20 26 0.07237292 
407 370 13 15 0.07217657 
796 546 53 69 0.07049167 
362 363 14 18 0.069022425 
586 309 25 29 0.06814042 
302 343 18 21 0.06783881 
462 384 15 22 0.065561384 
612 379 24 32 0.06524323 
114 416 42 49 0.06473317 
384 362 12 16 0.063814305 
448 377 19 25 0.06290014 
422 387 12 15 0.06285057 
546 306 19 22 0.06275034 
531 338 16 19 0.062308498 
374 371 12 16 0.061931007 
363 357 13 16 0.06000294 
282 334 14 18 0.0576916 
389 340 10 13 0.057178594 
351 342 9 12 0.05454553 
532 330 25 29 0.05391782 
163 224 15 19 0.05216527 
334 381 22 29 0.05052586 
708 582 104 150 0.04972119 
451 298 13 15 0.049157776 
550 339 13 15 0.048914947 
448 318 12 14 0.048682082 
458 370 23 33 0.046075393 
353 334 8 11 0.045508612 
636 310 26 29 0.045300063 
482 380 15 21 0.04450805 
407 279 10 12 0.04415195 
216 407 28 33 0.04336466 
412 386 13 17 0.04309815 
626 374 12 19 0.042933416 
385 353 18 24 0.042413745 
173 226 13 18 0.041953243 
230 352 13 18 0.041878242 
406 334 10 12 0.040535554 
494 340 12 15 0.04006489 
446 325 12 13 0.039160904 
605 370 38 50 0.039109692 
179 219 13 16 0.03821287 
402 391 17 21 0.038124766 
500 361 14 18 0.03799696 
121 224 13 18 0.037848976 
543 315 26 29 0.03776171 
142 190 12 14 0.03697131 
303 324 15 18 0.03657253 
469 363 14 17 0.03653112 
129 225 14 18 0.03652802 
438 332 11 12 0.03570412 
565 338 11 15 0.03550078 
392 282 11 14 0.035435304 
111 196 12 17 0.035193514 
234 423 20 26 0.034901913 
476 372 15 19 0.034892075 
349 347 10 13 0.034554694 
343 347 11 13 0.034390915 
272 344 12 17 0.0341969 
475 339 12 16 0.03409138 
595 302 14 16 0.03404179 
755 685 62 77 0.034023166 
373 336 17 23 0.033988073 
911 342 12 14 0.033912912 
556 320 14 18 0.033890594 
872 367 11 14 0.03379066 
912 358 10 13 0.033763204 
397 272 11 13 0.033735946 
555 331 15 18 0.03362461 
316 334 12 17 0.03348143 
389 351 11 16 0.03341023 
494 306 16 20 0.033341758 
446 331 11 13 0.03263757 
95 417 40 50 0.032509383 
494 347 12 15 0.032315034 
58 400 45 68 0.032229796 
421 302 10 12 0.0321927 
409 339 10 13 0.031499177 
141 248 11 14 0.031490725 
352 288 7 9 0.03147518 
286 458 32 38 0.031231778 
380 346 12 15 0.031224117 
811 562 33 42 0.031218532 
176 213 12 15 0.031180507 
161 213 15 17 0.031005263 
130 401 33 45 0.030976659 
573 329 12 15 0.030664342 
371 340 10 13 0.030657738 
566 330 13 16 0.03041021 
424 356 10 13 0.030299312 
582 322 16 18 0.030298375 
488 341 10 13 0.029972557 
442 380 12 16 0.029867578 
635 411 15 17 0.02984003 
306 310 22 26 0.029638328 
169 392 27 37 0.029341912 
734 552 85 122 0.029104663 
370 335 9 12 0.02880522 
462 317 10 13 0.028504103 
157 266 14 17 0.028474916 
494 301 13 16 0.028125487 
694 351 10 13 0.02796933 
548 327 25 30 0.027835065 
182 281 12 17 0.027765969 
461 372 13 19 0.027589876 
613 374 16 19 0.027285056 
336 349 9 13 0.026983367 
436 345 12 16 0.026976138 
427 381 13 17 0.02687847 
468 372 14 19 0.02681445 
211 397 26 32 0.026642513 
483 373 14 18 0.026192142 
919 363 10 14 0.026108172 
414 439 25 39 0.02579871 
396 357 11 14 0.025788277 
476 363 14 18 0.02556828 
351 327 10 11 0.025479767 
571 320 23 26 0.025221925 
272 380 29 38 0.025143204 
401 301 10 12 0.024764238 
251 405 26 38 0.024697755 
86 115 215 239 0.02455981 
452 308 14 17 0.024426008 
516 435 30 47 0.024391834 
618 395 27 36 0.02425168 
397 418 38 54 0.024065208 
406 358 10 13 0.02406209 
308 300 20 25 0.02396881 
440 326 12 14 0.023878146 
538 337 15 17 0.023720944 
491 385 15 22 0.02370761 
492 362 15 19 0.023684902 
415 305 10 13 0.023566142 
150 223 13 18 0.023372296 
445 307 14 16 0.023235653 
113 197 21 25 0.023227846 
156 245 13 16 0.02304844 
905 343 9 12 0.022966765 
517 417 39 50 0.02293378 
128 213 15 18 0.022891827 
515 357 15 19 0.022720171 
397 341 10 13 0.02242705 
412 393 14 19 0.022166599 
777 541 81 120 0.022114981 
263 279 9 12 0.022062287 
443 389 15 20 0.022053728 
619 345 16 19 0.021998713 
285 375 28 37 0.021877859 
405 306 10 13 0.021768734 
455 339 10 13 0.021551052 
463 337 20 25 0.021302149 
351 294 9 12 0.021179844 
498 415 41 52 0.021169195 
560 324 22 28 0.021097379 
806 276 11 12 0.021053538 
366 367 20 25 0.021001458 
372 353 13 16 0.020984462 
727 366 8 10 0.020885143 
335 343 10 13 0.02073068 
626 406 26 31 0.020713191 
399 292 9 13 0.02068475 
465 334 10 14 0.020555764 
453 366 13 17 0.020502185 
614 362 25 33 0.020416643 
111 246 11 14 0.020370893 
788 300 11 14 0.02033033 
482 388 18 25 0.020328682 
565 316 13 18 0.020309318 
462 363 13 18 0.020266062 
182 394 23 31 0.020094113 
214 401 15 19 0.020061066 
333 544 170 202 0.02003706 
