52_Photographers_taketouristphotos_52_15
18
765 431 137 176 0.9998266 
232 321 133 192 0.9987607 
555 647 120 189 0.80543447 
927 335 92 197 0.07752846 
286 270 209 268 0.05599537 
317 609 87 120 0.053500652 
332 713 38 41 0.049789418 
501 546 192 330 0.049723845 
128 315 350 487 0.041829053 
325 664 52 70 0.032786176 
552 672 76 121 0.03214913 
79 944 450 386 0.027001454 
650 753 393 477 0.026214905 
422 745 17 18 0.022739466 
429 1063 38 32 0.022292525 
53 478 219 261 0.02206964 
809 392 145 233 0.021876868 
476 260 427 466 0.02151417 
