29_Students_Schoolkids_Students_Schoolkids_29_822
101
468 45 80 105 0.9927705 
335 260 81 101 0.99128145 
598 262 75 104 0.99089044 
197 264 23 25 0.90717584 
973 172 9 12 0.088557824 
714 642 14 20 0.0858829 
832 236 11 13 0.08117827 
602 558 102 114 0.07742963 
204 269 25 29 0.06602997 
879 113 11 14 0.06281338 
413 169 15 18 0.062029008 
830 195 9 12 0.05541137 
391 168 22 26 0.047790132 
733 635 18 22 0.04688617 
918 207 9 11 0.044790715 
838 190 9 12 0.042766195 
985 175 8 11 0.041661013 
158 254 10 13 0.041621983 
879 295 7 9 0.03762355 
862 204 9 12 0.037160832 
880 219 10 13 0.03681854 
196 251 16 21 0.035449445 
887 279 8 10 0.034782816 
986 181 8 10 0.034363855 
401 168 21 24 0.03412819 
946 159 8 11 0.033981364 
951 183 9 10 0.03364258 
-31 293 487 403 0.033594813 
202 250 25 34 0.03341304 
928 388 9 10 0.03335138 
341 215 13 18 0.032586094 
953 213 9 11 0.031876083 
881 287 7 10 0.031319104 
830 212 9 12 0.031246817 
711 631 25 33 0.030717554 
865 252 9 11 0.030672355 
927 311 8 10 0.030420432 
927 156 8 11 0.030177843 
885 204 9 12 0.029832339 
880 301 8 10 0.02959685 
839 182 8 10 0.029567052 
886 285 8 10 0.029486611 
951 165 8 10 0.02937938 
950 159 8 10 0.029100576 
934 311 7 10 0.028408684 
382 167 21 27 0.028003586 
989 175 8 11 0.027616901 
855 216 10 11 0.02695737 
887 175 8 11 0.026466599 
960 184 8 10 0.026332049 
448 147 11 15 0.025954058 
804 124 13 16 0.025394337 
797 150 8 11 0.025382431 
945 175 8 11 0.025212174 
190 258 15 20 0.025160022 
825 192 9 12 0.025027063 
881 176 8 10 0.024875358 
864 183 8 11 0.024867015 
927 222 8 10 0.024614863 
881 253 8 11 0.024254788 
953 150 7 9 0.024211863 
824 251 11 14 0.024205314 
929 273 7 9 0.024171699 
895 303 8 10 0.024152748 
960 189 8 10 0.024115175 
960 317 7 10 0.024071544 
806 216 8 10 0.023834651 
918 367 8 9 0.023827385 
229 244 11 16 0.023615474 
856 182 8 11 0.023586206 
961 334 7 9 0.023349285 
919 278 7 10 0.023297727 
861 214 10 12 0.023125647 
886 199 9 12 0.02294531 
970 167 9 12 0.022869607 
830 115 13 16 0.022808556 
840 176 8 10 0.022678938 
872 188 8 11 0.022623602 
140 280 52 80 0.022413045 
917 261 7 10 0.022314755 
164 253 11 13 0.022130448 
872 287 7 10 0.021984145 
829 252 11 14 0.021921286 
837 195 9 13 0.021681948 
896 320 7 9 0.021515192 
952 199 8 10 0.021445606 
872 175 8 10 0.021351801 
1016 156 7 12 0.02131942 
886 246 10 12 0.021250498 
665 292 51 72 0.021231113 
98 243 107 130 0.02121004 
943 295 8 10 0.020988476 
856 264 8 10 0.020962622 
896 192 8 11 0.020949554 
976 327 8 10 0.020901332 
919 230 8 10 0.020712532 
855 199 10 11 0.020492641 
880 272 8 10 0.02040912 
919 150 9 11 0.020299515 
221 250 13 18 0.020198636 
913 390 8 9 0.020172715 
