29_Students_Schoolkids_Students_Schoolkids_29_312
103
500 68 85 118 0.99900013 
819 19 12 15 0.28672752 
692 64 13 18 0.20677747 
825 165 180 224 0.17519888 
743 23 12 15 0.17487234 
791 0 9 9 0.14830898 
767 5 8 11 0.1314084 
789 27 11 14 0.10101888 
817 0 9 10 0.082357414 
785 22 9 13 0.073501065 
50 49 26 35 0.07096929 
746 6 9 11 0.0683743 
109 10 44 50 0.06328032 
872 18 12 16 0.06302455 
693 282 198 244 0.059767064 
942 9 11 14 0.0585291 
859 26 12 15 0.057415735 
764 20 12 15 0.05640754 
671 39 11 14 0.052557968 
790 4 11 14 0.05163197 
734 28 13 16 0.04765127 
822 0 10 10 0.04728267 
703 38 10 12 0.0446551 
718 12 11 14 0.043215737 
86 65 14 19 0.042491317 
21 7 11 13 0.04208767 
267 161 15 18 0.039760612 
997 445 9 12 0.039086685 
762 62 14 16 0.03850932 
125 127 11 14 0.0384404 
62 109 13 16 0.038128693 
768 2 9 9 0.036881126 
829 28 11 12 0.03679899 
734 8 9 11 0.036568988 
791 11 9 12 0.03645879 
761 5 10 12 0.036203515 
251 155 12 14 0.03520113 
828 22 10 14 0.034430843 
918 4 10 12 0.034408037 
672 296 100 131 0.03362568 
816 23 14 17 0.03356084 
687 38 9 11 0.033061046 
790 33 13 15 0.033011924 
767 13 10 13 0.032423798 
1012 474 10 14 0.031962972 
1010 368 12 17 0.03190202 
669 20 10 14 0.031685267 
744 14 11 14 0.031607978 
741 29 14 17 0.031430885 
53 0 11 11 0.030806812 
980 460 11 12 0.030517653 
782 13 10 13 0.029857745 
53 80 22 28 0.029777665 
816 3 11 14 0.029568173 
813 59 12 17 0.02955312 
839 28 10 12 0.029089134 
747 10 12 14 0.029024629 
320 129 29 34 0.029015444 
798 0 9 10 0.02739694 
775 37 11 13 0.02715128 
823 5 10 13 0.026709173 
784 5 11 13 0.026626827 
773 13 11 15 0.026475018 
913 5 9 11 0.026150325 
997 542 12 14 0.02584935 
901 13 9 12 0.025810184 
807 0 10 10 0.025657713 
983 456 10 12 0.025474701 
912 1 9 10 0.025130026 
7 120 15 20 0.025066426 
88 156 12 17 0.024862539 
726 8 11 12 0.024826456 
78 92 13 15 0.024812799 
786 0 10 10 0.024628388 
394 314 26 36 0.024163745 
856 22 11 14 0.024091478 
448 54 12 14 0.024062505 
835 58 15 17 0.023899373 
761 28 11 15 0.023823733 
21 0 10 11 0.023484835 
643 496 24 34 0.023482364 
475 351 29 30 0.023236003 
840 22 11 14 0.023167502 
849 0 11 12 0.023159442 
897 9 9 11 0.023076087 
190 86 12 15 0.022730459 
773 0 9 10 0.022370793 
449 132 50 63 0.022026185 
995 263 15 18 0.021942196 
856 145 36 41 0.021796383 
825 60 23 27 0.02175435 
1011 7 12 19 0.0216413 
723 190 213 244 0.021349974 
773 5 10 13 0.020891894 
47 3 12 13 0.02087782 
730 433 18 24 0.020816714 
104 70 22 26 0.02074215 
773 30 11 13 0.02068688 
96 80 13 18 0.020633522 
68 84 12 15 0.02055518 
637 25 14 17 0.020428414 
91 68 23 28 0.02033391 
988 548 11 13 0.020263033 
