29_Students_Schoolkids_Students_Schoolkids_29_250
45
664 57 103 146 0.9997147 
74 167 22 27 0.88437533 
133 187 16 23 0.64872414 
30 194 14 21 0.38879782 
165 169 15 22 0.26986513 
254 506 60 52 0.09329909 
236 488 33 36 0.08459515 
125 154 22 29 0.070748806 
261 466 15 17 0.0668492 
676 5 62 60 0.06286306 
846 213 12 16 0.053784814 
144 630 11 14 0.053470198 
77 155 25 31 0.049449787 
167 166 24 30 0.044063583 
852 220 14 18 0.042024147 
90 145 16 20 0.039789937 
876 316 15 18 0.03821798 
277 467 12 15 0.036815796 
138 214 15 18 0.035626333 
241 469 10 13 0.032283228 
855 243 14 20 0.031890403 
204 198 15 20 0.029759862 
856 240 22 32 0.029464966 
0 173 31 44 0.0288633 
32 175 26 35 0.02805819 
132 167 16 20 0.027132215 
876 227 14 20 0.02639955 
859 220 14 18 0.025228059 
866 230 23 34 0.024759192 
87 167 18 23 0.024373593 
675 -2 33 26 0.023647297 
1 17 370 439 0.02340024 
784 178 45 56 0.0233217 
43 179 15 20 0.022305416 
23 178 41 54 0.022247614 
134 165 24 31 0.022065248 
122 161 44 53 0.021694288 
137 179 24 29 0.02139778 
-8 77 197 228 0.021243243 
15 183 29 35 0.021135647 
851 234 15 22 0.020874146 
868 240 31 42 0.02039002 
238 472 28 37 0.020357754 
91 148 23 32 0.020350644 
0 104 21 42 0.020039588 
