29_Students_Schoolkids_Students_Schoolkids_29_221
99
262 230 29 37 0.998406 
230 221 32 58 0.9704871 
381 222 25 40 0.9099875 
522 193 14 19 0.81414485 
439 272 29 54 0.57772964 
293 236 16 24 0.39764374 
733 191 9 11 0.37411147 
716 196 9 11 0.34109986 
294 248 29 38 0.23529984 
561 205 8 10 0.22892018 
784 186 8 9 0.17463826 
178 475 62 49 0.16027986 
210 222 41 62 0.14350033 
786 188 8 11 0.13289092 
769 193 7 9 0.105857424 
150 254 32 43 0.095959574 
128 295 10 14 0.095623456 
568 197 7 9 0.08909009 
758 216 9 11 0.08874239 
814 215 7 9 0.084675886 
304 243 34 48 0.08467365 
0 285 11 16 0.07390682 
810 215 7 9 0.072663344 
75 274 15 18 0.071704976 
497 204 8 11 0.068519644 
68 319 25 33 0.06503427 
50 297 14 19 0.06354104 
243 216 29 48 0.062545106 
40 292 24 31 0.059084035 
733 214 10 12 0.05702542 
494 200 9 11 0.056162793 
117 307 22 28 0.05042452 
82 273 18 20 0.04869084 
569 192 8 11 0.048027743 
61 317 11 17 0.047767248 
753 192 7 9 0.046277147 
791 221 9 11 0.04507055 
77 315 15 18 0.044770755 
762 192 6 9 0.043787863 
519 228 13 16 0.04237678 
110 313 14 18 0.04218003 
551 247 8 10 0.03972697 
500 206 9 11 0.038569674 
531 194 11 16 0.037156116 
536 176 8 10 0.03557598 
188 232 38 56 0.035148084 
157 243 14 19 0.033475272 
542 193 9 10 0.032525465 
56 310 23 32 0.032166414 
393 355 10 13 0.032028355 
778 183 8 9 0.031161206 
313 257 17 21 0.03112303 
344 242 34 36 0.030477418 
741 215 9 12 0.03043265 
63 298 42 49 0.030264381 
565 205 8 11 0.03007635 
46 304 24 32 0.029979225 
735 186 9 12 0.029798588 
73 275 24 28 0.029772757 
743 182 9 11 0.0295684 
742 220 9 11 0.029352356 
171 232 35 57 0.028439892 
72 307 24 31 0.026963511 
788 184 9 11 0.026654191 
535 213 9 13 0.026412629 
274 226 27 37 0.026312793 
70 280 14 19 0.025581524 
495 189 9 12 0.025046082 
424 532 13 18 0.02499034 
529 317 21 36 0.024682993 
-1 298 11 17 0.024576144 
424 281 35 46 0.02444214 
24 300 11 14 0.024300404 
148 247 25 30 0.02409129 
108 302 23 29 0.024073856 
278 236 36 46 0.023934191 
459 397 62 62 0.023903333 
342 215 28 45 0.02363109 
534 180 9 12 0.022750176 
71 276 43 53 0.022583708 
753 219 11 13 0.02243469 
451 271 34 47 0.022347951 
78 282 27 31 0.02234686 
60 277 15 17 0.022343496 
58 291 15 20 0.02226552 
784 205 8 10 0.021907153 
77 290 13 16 0.021573344 
402 292 194 215 0.02149751 
326 248 25 34 0.021465437 
-25 203 202 231 0.021445345 
525 221 11 14 0.021365747 
775 191 8 10 0.021222908 
31 289 52 53 0.021163246 
521 309 21 33 0.020883203 
786 199 7 10 0.020746097 
74 333 17 21 0.020736555 
395 280 42 55 0.020577317 
592 160 8 10 0.020151913 
741 189 10 12 0.020025602 
