29_Students_Schoolkids_Students_Schoolkids_29_10
94
658 367 25 31 0.99452114 
577 337 22 27 0.99283993 
524 316 17 22 0.9869012 
459 296 16 21 0.98166466 
525 377 22 28 0.98101544 
482 368 21 28 0.9569933 
466 331 17 23 0.9503085 
423 354 25 32 0.93286425 
558 281 13 16 0.9094933 
483 303 15 19 0.89287245 
524 274 12 16 0.88249207 
596 291 12 15 0.55358696 
630 350 21 26 0.5164741 
613 323 15 18 0.4444171 
508 291 13 16 0.20385228 
498 322 15 18 0.18083265 
524 359 17 22 0.16433664 
491 300 13 18 0.1562343 
541 199 18 23 0.15014997 
550 293 12 15 0.14044541 
527 299 11 14 0.13665645 
501 299 14 17 0.12245692 
617 317 13 15 0.10291818 
583 416 14 17 0.09573503 
606 315 13 16 0.09042094 
641 353 17 20 0.0857741 
612 336 15 20 0.0813861 
491 245 14 17 0.071880914 
503 252 11 14 0.060493305 
420 367 27 36 0.056030557 
599 314 13 16 0.05393699 
599 263 9 12 0.053121116 
504 286 13 15 0.051577315 
606 284 10 13 0.05100259 
515 224 13 17 0.050167218 
445 301 13 16 0.050011467 
481 275 10 12 0.049193848 
548 370 14 19 0.04885895 
478 312 15 19 0.046623986 
641 399 15 22 0.045515828 
624 348 12 16 0.045342587 
506 323 14 18 0.045263324 
485 274 11 13 0.043037545 
615 284 9 12 0.041879117 
538 150 14 16 0.040522885 
516 293 13 16 0.038853213 
592 287 12 15 0.038819186 
439 300 12 15 0.0384988 
125 193 14 18 0.03739164 
548 395 15 21 0.037078943 
620 340 12 15 0.03661585 
508 304 15 19 0.035124302 
463 172 11 13 0.03481405 
456 172 10 12 0.0346208 
522 134 13 16 0.03375063 
614 261 12 15 0.033248827 
558 347 13 17 0.03298546 
516 299 14 18 0.03272225 
614 279 9 12 0.032506097 
430 334 13 17 0.031687606 
712 439 16 23 0.031366706 
73 208 18 21 0.031077793 
591 253 10 12 0.029895576 
493 271 10 14 0.02891155 
427 351 17 20 0.02888971 
553 283 13 17 0.02863327 
437 461 17 17 0.027325075 
562 288 13 17 0.026834618 
420 338 23 29 0.026347023 
629 343 12 15 0.025768895 
530 274 13 16 0.025266444 
613 312 13 17 0.025246171 
548 323 13 18 0.024307767 
574 292 12 15 0.024193006 
609 278 10 13 0.023934467 
581 422 14 19 0.023873122 
495 293 12 16 0.023637274 
557 295 13 17 0.023354528 
629 115 11 12 0.023316594 
399 241 26 28 0.023168968 
585 409 25 25 0.02275727 
485 296 13 16 0.022422088 
597 255 10 12 0.022358928 
517 281 13 15 0.022316393 
619 287 10 13 0.022089014 
544 292 12 17 0.021914812 
468 173 10 13 0.021465268 
608 269 10 13 0.021418912 
486 286 11 14 0.021267347 
407 195 12 14 0.02112872 
485 262 10 12 0.020990642 
533 251 24 30 0.02039183 
602 290 12 15 0.020306492 
477 262 12 14 0.020158833 
