29_Students_Schoolkids_Students_Schoolkids_29_358
158
490 382 16 20 0.96051633 
546 379 18 23 0.93356544 
625 376 18 25 0.9130274 
269 365 16 19 0.87155384 
712 372 20 25 0.8593736 
573 391 16 21 0.8475876 
364 424 15 19 0.79748064 
942 420 21 28 0.75739384 
497 422 17 22 0.72026324 
671 391 16 19 0.5004006 
847 412 15 19 0.41512042 
435 404 12 15 0.34594008 
436 426 13 16 0.23442997 
341 444 13 16 0.22169256 
771 390 15 19 0.21393357 
456 419 11 14 0.16075262 
476 437 12 15 0.11862502 
695 390 14 19 0.110765 
334 445 13 15 0.10707376 
433 422 11 15 0.103165194 
538 420 14 18 0.101653695 
738 426 14 19 0.09160954 
889 405 12 15 0.088188455 
884 369 13 17 0.08761794 
799 409 14 18 0.08611306 
328 453 10 12 0.079972714 
459 428 12 15 0.07859346 
903 403 11 15 0.0741179 
694 357 14 17 0.072440825 
901 420 15 17 0.072179645 
436 433 13 16 0.07137655 
903 414 12 14 0.06504824 
780 380 11 13 0.06269397 
286 442 12 15 0.05441153 
572 369 13 15 0.053825233 
347 419 12 13 0.053820156 
829 414 12 15 0.05377307 
312 446 10 12 0.05081647 
497 381 13 17 0.049082197 
447 389 10 13 0.04729424 
541 405 12 16 0.047042776 
791 403 13 18 0.046589065 
508 412 13 16 0.046260126 
492 403 13 18 0.045408953 
390 428 11 13 0.04540844 
444 395 11 14 0.04410445 
421 414 11 14 0.043951098 
379 446 13 16 0.042731754 
778 389 13 17 0.041086685 
442 426 13 17 0.040632088 
870 399 13 15 0.040284686 
566 364 15 17 0.039719332 
828 404 11 13 0.039522685 
505 419 15 19 0.038777556 
399 436 10 14 0.0386386 
952 424 16 21 0.03820722 
343 431 10 13 0.03731366 
501 413 14 17 0.0372625 
782 375 10 13 0.0371536 
824 403 10 13 0.037038915 
516 402 13 17 0.036779296 
699 372 15 20 0.035845622 
381 427 12 16 0.035705514 
803 415 13 17 0.035581127 
509 402 13 16 0.03539534 
416 437 10 14 0.03536769 
460 455 12 16 0.03515269 
1004 459 16 20 0.035119746 
444 404 11 15 0.0343748 
433 399 11 14 0.03421282 
882 365 11 14 0.03410575 
701 352 12 15 0.033765163 
454 414 20 25 0.033661045 
571 382 14 16 0.03352695 
799 399 13 16 0.03352551 
317 444 10 13 0.033353876 
526 386 12 15 0.03329429 
832 444 10 13 0.033175487 
802 404 14 17 0.033149295 
405 413 10 13 0.033082273 
851 408 12 15 0.03303772 
893 389 10 12 0.032827575 
478 413 10 13 0.03258376 
469 421 11 14 0.031836882 
406 426 11 15 0.0317591 
347 428 12 15 0.031556662 
433 397 20 25 0.031351425 
775 383 12 14 0.030878494 
870 365 9 12 0.030287119 
471 429 11 15 0.02957683 
459 416 12 14 0.029141065 
804 397 12 16 0.028433349 
398 428 11 14 0.028430521 
415 428 11 13 0.028193096 
382 437 11 14 0.028135184 
416 420 11 14 0.027997525 
447 413 10 13 0.027683198 
874 419 14 16 0.02728796 
423 444 9 13 0.02725171 
400 407 10 12 0.027238484 
517 411 13 17 0.027085766 
440 391 9 12 0.026779054 
837 414 11 15 0.026615025 
364 446 12 14 0.026490098 
469 430 20 25 0.026461946 
615 402 13 17 0.026140986 
336 438 13 16 0.026085263 
806 390 10 12 0.025762917 
389 435 11 14 0.025747921 
533 381 12 17 0.02564618 
502 405 12 16 0.025506224 
860 300 16 16 0.02523425 
446 421 11 14 0.025126934 
373 433 12 15 0.025020303 
889 404 23 27 0.024637546 
839 404 9 12 0.024617646 
655 583 10 12 0.02456301 
346 437 14 17 0.024455445 
836 428 12 14 0.024428058 
942 361 22 29 0.024165137 
252 437 12 15 0.02400033 
405 436 11 13 0.023726037 
976 430 11 13 0.023339706 
838 410 19 25 0.02326669 
316 438 11 14 0.023229277 
863 398 12 13 0.023149762 
479 404 11 14 0.023079708 
791 388 11 15 0.02304828 
346 449 14 16 0.022972384 
852 406 21 27 0.022902397 
712 363 14 20 0.022620194 
741 387 14 17 0.022602191 
333 460 12 14 0.022474442 
255 443 10 12 0.022382127 
287 451 11 13 0.022298956 
360 451 12 16 0.022275299 
901 374 12 15 0.022020627 
789 396 13 17 0.021952618 
878 386 12 15 0.02177201 
861 411 12 17 0.021721989 
370 421 21 26 0.021655666 
857 397 9 12 0.021650529 
872 381 9 13 0.021607798 
302 446 9 12 0.021439258 
725 350 12 13 0.021348352 
421 406 11 14 0.021338534 
814 397 11 14 0.021330543 
399 443 10 14 0.021147775 
268 433 12 17 0.02113064 
892 400 12 16 0.020931384 
557 418 13 17 0.02068094 
383 414 10 13 0.020637421 
883 375 15 20 0.02056983 
776 374 10 13 0.02056595 
257 416 30 34 0.020537715 
696 379 13 17 0.020225279 
276 427 25 32 0.020165421 
121 229 24 26 0.020013966 
