29_Students_Schoolkids_Students_Schoolkids_29_310
44
284 198 54 73 0.99982905 
96 205 59 78 0.999688 
651 189 60 74 0.9995504 
469 196 55 73 0.9994942 
831 211 63 79 0.9989225 
542 147 101 134 0.99130976 
367 208 104 137 0.88265496 
678 380 13 15 0.45123613 
659 386 11 14 0.43534005 
467 418 12 15 0.43420815 
486 413 13 16 0.39398628 
838 408 11 14 0.2719824 
762 188 71 98 0.18365756 
80 399 12 14 0.16299503 
602 167 82 98 0.12850098 
517 426 28 29 0.11509068 
885 401 11 14 0.11218315 
75 384 49 50 0.1106592 
79 392 28 29 0.09061337 
354 406 13 14 0.08704083 
94 394 19 19 0.08264878 
508 419 13 15 0.079259306 
480 408 22 25 0.06825353 
857 402 13 16 0.056340467 
373 403 11 13 0.04758999 
673 377 22 26 0.04415251 
83 424 32 31 0.039691616 
803 473 31 37 0.03846287 
518 428 16 18 0.036228634 
700 382 11 13 0.035283662 
880 403 11 13 0.033507165 
350 401 25 26 0.030136462 
798 189 72 90 0.028649306 
36 404 28 36 0.027910396 
83 407 40 39 0.027607393 
479 406 13 16 0.027503474 
713 433 25 36 0.02669716 
657 380 21 23 0.026568543 
681 374 15 17 0.02624693 
671 373 14 16 0.025531631 
506 415 21 26 0.02360437 
431 431 27 29 0.021338668 
468 412 21 23 0.021098146 
556 427 12 15 0.020693894 
