29_Students_Schoolkids_Students_Schoolkids_29_363
18
579 152 62 90 0.99768233 
509 99 61 81 0.89574325 
482 92 55 84 0.343233 
108 2 16 19 0.12957196 
494 490 466 476 0.09417162 
249 95 338 447 0.057514377 
64 547 30 33 0.055204853 
547 128 68 111 0.050586738 
68 275 12 15 0.04959166 
294 401 105 146 0.044628996 
98 523 41 51 0.042236604 
638 158 32 44 0.03690334 
307 351 522 505 0.029360695 
225 173 179 290 0.028094102 
421 195 394 478 0.026303742 
182 128 11 15 0.024670621 
498 11 41 52 0.021029392 
529 115 55 87 0.02088556 
