29_Students_Schoolkids_Students_Schoolkids_29_436
18
328 163 151 161 0.99679524 
329 472 362 390 0.059342906 
532 470 98 113 0.040687535 
183 135 30 39 0.037704073 
782 540 12 13 0.03618628 
542 3 216 236 0.029828055 
781 64 23 30 0.028310902 
765 541 10 14 0.02638766 
759 542 11 13 0.025020136 
670 101 33 45 0.02445394 
733 15 44 57 0.023774164 
775 536 12 13 0.023133177 
131 90 29 37 0.022192586 
803 548 14 16 0.022073394 
256 96 32 42 0.021732863 
742 553 13 16 0.021291222 
944 577 29 38 0.020516977 
552 84 97 128 0.020082995 
