29_Students_Schoolkids_Students_Schoolkids_29_161
35
583 171 109 150 0.99838257 
847 77 91 115 0.9983228 
520 151 70 97 0.99101263 
367 184 25 32 0.40663964 
972 72 11 15 0.17964546 
459 237 23 30 0.16133586 
179 198 38 55 0.13633488 
547 149 93 129 0.105734386 
350 183 26 30 0.0949228 
940 295 95 147 0.07985498 
339 178 23 35 0.0669785 
474 185 15 20 0.061613888 
467 229 25 32 0.060553342 
474 187 44 56 0.05298571 
305 262 26 34 0.04404532 
663 218 123 202 0.04056972 
417 240 25 33 0.03799969 
888 1 72 69 0.0379106 
106 315 443 491 0.037075434 
467 191 30 39 0.036759805 
429 268 28 35 0.03458512 
862 289 164 236 0.030348433 
996 430 27 53 0.030172903 
474 210 35 47 0.029307652 
195 302 27 39 0.028036904 
226 275 31 37 0.027994866 
450 282 15 18 0.027290486 
559 164 436 480 0.024779044 
967 69 20 26 0.024124894 
462 207 30 45 0.024079964 
793 131 51 78 0.02285071 
463 183 24 34 0.020977432 
143 324 57 73 0.020819474 
263 289 17 22 0.020544333 
892 9 35 47 0.02008733 
