29_Students_Schoolkids_Students_Schoolkids_29_632
30
92 295 52 66 0.9995716 
354 307 59 80 0.9993986 
531 293 73 90 0.998248 
274 350 51 78 0.99471927 
796 260 78 105 0.99165595 
392 249 45 53 0.76658756 
194 164 14 20 0.19894616 
376 156 10 13 0.08154818 
362 253 29 38 0.07340934 
15 618 58 78 0.06359365 
90 122 15 19 0.06323464 
542 237 47 55 0.056882165 
92 152 13 17 0.05245781 
64 85 11 13 0.051667377 
373 280 56 69 0.04523886 
390 269 51 61 0.041866243 
564 143 9 14 0.040188525 
44 83 12 16 0.032826584 
10 101 11 13 0.03267201 
962 26 13 17 0.03234139 
44 170 22 32 0.025416376 
365 173 12 15 0.02505154 
84 126 24 31 0.024922915 
1 164 11 16 0.024411414 
148 120 17 21 0.024164954 
182 160 22 30 0.024148429 
378 244 33 44 0.022303373 
465 262 29 38 0.02148962 
12 104 13 16 0.020419842 
26 138 19 25 0.02027132 
