29_Students_Schoolkids_Students_Schoolkids_29_626
27
770 338 110 140 0.9999231 
-5 396 123 174 0.9995691 
512 162 31 42 0.99926513 
968 158 55 72 0.99923265 
573 152 63 81 0.99922025 
86 181 36 47 0.9992105 
859 147 31 41 0.9976393 
154 176 73 97 0.9974848 
702 135 31 44 0.9741383 
981 247 44 100 0.91173 
317 167 31 33 0.80987304 
965 428 57 107 0.10237138 
873 154 28 35 0.09064771 
736 221 40 50 0.053838287 
893 161 24 37 0.039327513 
316 156 58 50 0.03771444 
501 365 15 21 0.035091992 
973 489 55 73 0.034803566 
838 147 30 39 0.029098514 
204 115 42 61 0.025846623 
899 156 14 18 0.025340566 
900 342 50 60 0.024951968 
896 176 28 39 0.024312895 
950 464 89 117 0.024137558 
662 183 49 60 0.022831567 
313 180 38 40 0.021159746 
711 146 35 50 0.020031972 
