29_Students_Schoolkids_Students_Schoolkids_29_251
51
52 310 56 71 0.999496 
502 218 64 85 0.9994848 
639 170 57 71 0.9994838 
112 194 60 75 0.9993352 
384 479 62 74 0.9992111 
314 330 58 68 0.9991887 
659 268 61 76 0.9991636 
484 473 59 70 0.99860007 
261 464 70 85 0.9985587 
217 263 66 76 0.9982646 
906 212 64 70 0.99795353 
47 560 75 84 0.9973966 
408 113 49 61 0.99640584 
733 294 74 92 0.9958448 
377 277 49 56 0.99423826 
748 494 72 89 0.9917175 
543 355 71 67 0.989551 
900 98 46 58 0.9852003 
369 207 60 65 0.9569219 
221 195 40 47 0.9351423 
508 146 45 50 0.78972775 
825 261 17 20 0.17608714 
248 351 56 57 0.118777245 
707 56 43 63 0.11120996 
709 282 68 91 0.10923325 
557 246 46 58 0.09412565 
538 150 37 46 0.092066735 
987 235 40 65 0.050287347 
243 574 16 17 0.050087694 
367 286 35 46 0.04724776 
859 171 14 19 0.046111505 
435 280 41 55 0.044896875 
880 149 31 35 0.037056517 
706 128 50 55 0.035441674 
500 153 27 40 0.03472008 
394 200 43 54 0.0335474 
487 431 50 55 0.03285548 
848 146 9 13 0.031824317 
876 141 49 56 0.03141693 
383 440 54 60 0.031231565 
362 245 55 72 0.026212582 
523 133 40 49 0.024420636 
530 376 52 49 0.024375044 
862 84 10 13 0.023669133 
121 605 32 48 0.022878278 
636 583 36 61 0.022131631 
869 107 12 14 0.021725008 
889 118 49 65 0.02141082 
824 160 9 11 0.020958375 
639 277 50 70 0.020876179 
878 178 13 15 0.020617459 
