29_Students_Schoolkids_Students_Schoolkids_29_684
38
457 41 49 64 0.9995327 
206 63 57 67 0.99734724 
788 478 9 12 0.6103393 
359 139 36 39 0.46918505 
789 482 10 14 0.15011966 
551 522 13 16 0.09845055 
959 461 12 16 0.09207172 
135 628 54 58 0.0881693 
847 463 10 13 0.07288637 
353 175 32 31 0.07065303 
293 508 9 11 0.055425864 
347 147 46 52 0.054587252 
851 466 10 13 0.053221136 
362 155 21 23 0.047211897 
828 467 10 13 0.041103527 
557 529 13 16 0.04083597 
990 471 11 13 0.039447684 
824 463 11 13 0.036551908 
840 459 11 14 0.035486266 
552 501 9 12 0.031658314 
215 538 9 11 0.03161907 
790 474 9 12 0.030957842 
649 479 8 11 0.029474948 
321 518 8 11 0.028092256 
358 124 12 17 0.0278322 
249 572 29 32 0.025416851 
551 495 9 13 0.023969537 
799 469 8 12 0.023929559 
399 535 10 11 0.023343364 
685 486 11 14 0.023204396 
995 474 15 20 0.023163557 
844 456 10 12 0.022801245 
785 478 18 23 0.022765473 
60 221 123 154 0.022339445 
163 160 459 545 0.021833466 
785 474 9 12 0.021534223 
355 124 29 41 0.021163432 
543 493 10 13 0.020694058 
