29_Students_Schoolkids_Students_Schoolkids_29_66
115
649 128 32 43 0.9959644 
399 108 34 43 0.9956499 
449 168 36 47 0.99202514 
322 108 35 49 0.9785256 
325 197 26 45 0.9765928 
192 90 27 41 0.9516172 
16 141 23 39 0.9429529 
113 129 23 40 0.91612476 
475 127 28 41 0.91429657 
817 182 22 34 0.77569246 
170 143 22 40 0.6376293 
-2 163 25 47 0.634107 
704 199 26 46 0.5970887 
285 118 22 37 0.4924285 
502 125 29 38 0.31784984 
904 172 25 38 0.31171975 
652 230 17 21 0.25913024 
570 116 23 32 0.24934499 
716 202 25 40 0.19808285 
85 219 55 52 0.18345109 
3 148 33 51 0.13614526 
485 121 33 48 0.12776761 
256 278 26 37 0.11958261 
631 223 24 31 0.113240264 
781 145 19 32 0.11254026 
580 118 20 27 0.10584335 
753 138 20 29 0.10096461 
229 95 25 37 0.09298527 
100 130 27 36 0.09157707 
691 202 29 40 0.08186162 
662 292 32 33 0.07319516 
862 158 25 33 0.07284744 
849 186 24 32 0.07232806 
189 100 39 47 0.07193013 
24 147 26 34 0.07192486 
771 178 24 28 0.07114845 
773 140 20 33 0.0683136 
959 169 26 45 0.067848355 
101 238 36 38 0.057426576 
975 149 27 37 0.057117116 
409 160 23 33 0.05598804 
290 113 35 48 0.055869415 
221 178 32 38 0.053989924 
913 177 28 40 0.053801537 
211 96 29 37 0.049274392 
74 126 24 36 0.0492291 
267 247 41 54 0.04879505 
654 224 29 35 0.047060926 
985 146 17 24 0.046934124 
806 177 26 34 0.046145458 
38 144 27 36 0.046004612 
602 120 16 25 0.045172032 
967 160 35 49 0.044676844 
556 107 29 37 0.04369261 
787 152 27 31 0.043028984 
809 193 27 37 0.042435404 
943 169 32 44 0.04025745 
421 469 17 21 0.04025022 
536 81 21 36 0.039653808 
860 186 25 35 0.0371361 
740 540 14 17 0.035584874 
448 475 11 14 0.034827475 
282 133 34 43 0.0344978 
867 153 17 23 0.034371994 
855 169 27 39 0.034329496 
660 209 26 35 0.03420863 
352 122 25 33 0.03375663 
220 148 32 42 0.032408837 
157 143 24 37 0.03180844 
640 227 25 30 0.031453717 
328 204 47 64 0.03108478 
241 463 60 55 0.030347066 
310 117 33 43 0.029835043 
670 134 27 35 0.029645445 
558 91 26 34 0.02918144 
592 119 20 27 0.02895461 
452 461 12 14 0.028646301 
931 172 31 39 0.028140858 
402 174 34 41 0.0278065 
272 224 44 54 0.027679233 
49 151 18 24 0.027467519 
213 159 31 43 0.02636386 
297 202 33 40 0.025988638 
775 163 24 31 0.025530137 
180 149 31 38 0.025289457 
521 82 23 33 0.024861032 
878 272 29 33 0.024855936 
734 204 22 36 0.024376323 
129 162 24 31 0.024161642 
823 191 32 33 0.024091221 
470 144 30 41 0.02400845 
233 110 25 35 0.02397664 
261 327 43 53 0.02397041 
123 138 25 38 0.023910934 
177 121 39 52 0.023878714 
515 117 24 42 0.022439884 
756 134 13 18 0.022423582 
550 85 25 35 0.022383654 
622 233 29 37 0.021705488 
680 215 32 35 0.021543454 
324 394 28 31 0.021480693 
764 179 17 22 0.021230564 
707 216 30 49 0.021192256 
902 180 16 25 0.02116345 
246 278 24 34 0.02101474 
732 214 15 24 0.020928985 
284 208 38 50 0.020921456 
185 160 34 40 0.020680824 
797 143 25 34 0.020642836 
955 183 34 51 0.0204848 
62 132 25 40 0.02039493 
873 484 10 13 0.020181257 
1003 151 21 39 0.02010838 
364 125 23 36 0.020048505 
416 161 15 20 0.020043464 
