29_Students_Schoolkids_Students_Schoolkids_29_525
106
612 165 181 230 0.99914515 
193 34 64 72 0.99611557 
348 95 90 114 0.9956862 
635 17 13 15 0.26618224 
289 456 56 76 0.18375456 
487 491 11 13 0.15715191 
572 219 26 36 0.10631032 
445 375 9 11 0.09526364 
514 398 8 10 0.08945724 
416 325 9 11 0.073922396 
512 430 8 10 0.06751325 
510 470 9 12 0.061173644 
462 375 9 11 0.057052005 
455 392 8 10 0.054523565 
537 536 8 10 0.05240082 
463 381 8 11 0.04910724 
559 422 9 10 0.04874382 
502 531 14 17 0.046103768 
525 516 10 12 0.044834 
481 335 6 9 0.04413507 
158 118 12 15 0.044079732 
540 436 10 11 0.04371683 
542 447 8 9 0.04231177 
584 13 8 11 0.04216271 
502 461 9 11 0.041422095 
465 326 8 10 0.040585387 
362 420 29 37 0.040272277 
462 363 10 11 0.03931479 
520 432 8 10 0.03890858 
524 510 11 13 0.037783206 
555 439 9 11 0.036914293 
505 468 10 12 0.03581118 
537 446 8 10 0.03530521 
458 374 9 11 0.035226792 
470 325 9 11 0.03484574 
471 416 8 11 0.03476687 
456 348 7 10 0.034717802 
464 416 8 11 0.034687124 
448 439 8 10 0.03407631 
463 342 9 11 0.033723347 
455 417 9 10 0.032702375 
416 342 10 12 0.03214968 
487 412 10 12 0.03171217 
488 367 8 9 0.031709246 
501 391 9 10 0.031632274 
488 453 8 11 0.031517092 
498 389 8 10 0.030593866 
124 103 12 19 0.030446814 
546 550 7 9 0.030271675 
510 476 9 10 0.03006409 
484 497 12 13 0.029943142 
526 547 9 11 0.029926635 
510 425 9 10 0.029739171 
519 414 8 10 0.029647686 
551 550 8 10 0.029183645 
391 421 10 13 0.028955527 
493 487 10 13 0.028154397 
440 404 8 10 0.028014999 
457 366 9 11 0.027785879 
502 444 9 11 0.027755205 
481 135 51 57 0.02771673 
469 479 9 12 0.027615497 
422 319 8 10 0.027494933 
494 454 9 12 0.027477816 
528 478 9 12 0.027213844 
504 397 8 10 0.02716513 
506 423 8 10 0.027134003 
634 23 15 17 0.027035886 
551 524 8 11 0.026695237 
542 432 9 11 0.026448617 
502 486 9 11 0.026089298 
341 6 11 13 0.025699632 
569 461 8 10 0.025423232 
441 399 8 10 0.025281033 
514 394 8 9 0.025096385 
471 403 9 12 0.024776708 
501 342 8 11 0.024612756 
537 541 8 10 0.024534412 
413 406 10 14 0.024089826 
497 532 11 14 0.023999508 
422 390 11 12 0.02388885 
642 18 13 15 0.023385916 
581 0 11 11 0.022723585 
1 153 13 20 0.022666827 
513 414 8 10 0.022394191 
152 122 13 17 0.022361675 
581 421 10 13 0.022286395 
511 376 9 11 0.022268979 
504 503 9 10 0.022207575 
512 405 8 11 0.022046942 
488 359 7 9 0.022015542 
469 397 9 13 0.021930993 
550 363 9 13 0.021929225 
480 327 7 10 0.021612823 
464 398 9 11 0.021612266 
433 364 9 11 0.021324035 
252 48 42 49 0.021127561 
486 389 8 10 0.021054152 
504 509 9 11 0.021011166 
513 380 8 10 0.020808455 
408 432 8 10 0.02043972 
488 526 9 11 0.020433085 
218 26 87 94 0.02040203 
160 112 11 14 0.02032611 
488 350 7 10 0.020059973 
545 453 8 10 0.020051366 
