29_Students_Schoolkids_Students_Schoolkids_29_477
45
435 103 50 61 0.99872714 
729 84 34 42 0.9957243 
872 296 66 87 0.992922 
843 145 39 51 0.9739596 
873 209 44 57 0.9189817 
833 102 35 40 0.89471614 
498 107 50 57 0.60537636 
832 89 25 31 0.28530228 
790 132 13 17 0.21465889 
841 113 45 55 0.09119962 
827 83 17 21 0.06867723 
345 204 20 21 0.056857623 
568 109 9 12 0.050065387 
866 373 52 73 0.04772224 
887 279 91 118 0.04235554 
868 321 84 123 0.04029064 
895 45 12 17 0.032908905 
182 181 12 17 0.03275771 
487 116 33 39 0.03255628 
886 -1 12 12 0.031392507 
839 79 29 37 0.031325225 
836 0 12 12 0.031104356 
70 415 168 170 0.030740835 
976 390 54 94 0.02993127 
197 128 8 10 0.028784266 
824 111 31 41 0.026740918 
46 201 202 284 0.026306368 
855 100 33 40 0.025650065 
215 135 9 11 0.025621604 
798 68 11 13 0.025617165 
35 158 7 10 0.024548331 
824 142 27 38 0.024531655 
851 19 12 16 0.024499362 
816 366 196 269 0.023996653 
418 106 36 43 0.02361277 
820 76 15 21 0.023113824 
885 68 27 39 0.022985263 
182 175 11 14 0.022901222 
151 132 9 11 0.022697605 
335 192 33 35 0.022663489 
891 44 23 33 0.022597715 
875 368 90 123 0.022151481 
893 1 11 12 0.02155473 
392 263 31 38 0.02079606 
180 178 22 28 0.020241486 
