29_Students_Schoolkids_Students_Schoolkids_29_311
101
234 379 16 22 0.94932425 
298 378 14 18 0.9065401 
200 387 16 21 0.8637976 
121 369 10 13 0.8526721 
446 394 15 18 0.8315532 
47 375 14 16 0.82761306 
446 369 13 17 0.6565759 
0 364 8 14 0.52780485 
833 384 15 21 0.37646046 
685 417 24 29 0.2754024 
422 433 22 29 0.1992175 
830 426 10 13 0.16856286 
261 423 16 20 0.14923838 
76 389 9 11 0.12731637 
43 83 126 161 0.0967764 
16 431 10 12 0.09506025 
722 433 13 19 0.085146174 
763 458 17 19 0.078844965 
445 408 17 20 0.07190176 
725 407 16 21 0.0633852 
410 449 14 20 0.05884897 
684 413 16 21 0.055586513 
112 366 11 14 0.054746777 
740 440 15 21 0.050098054 
161 375 9 10 0.049354326 
100 362 12 14 0.04913743 
697 413 27 35 0.046154533 
19 436 10 14 0.04594044 
433 440 17 23 0.045387357 
176 414 10 14 0.04496505 
821 385 24 30 0.044501748 
231 391 16 21 0.044319633 
728 428 20 29 0.04389486 
96 359 10 13 0.04210769 
72 384 10 12 0.03960799 
726 450 12 16 0.039119203 
96 413 8 10 0.038663466 
472 412 10 13 0.038374923 
681 415 39 49 0.03795318 
33 381 10 12 0.03735217 
94 388 9 12 0.036514282 
40 380 11 13 0.036061708 
86 357 10 12 0.03558128 
714 412 24 33 0.0350317 
181 413 12 14 0.03464886 
94 407 9 11 0.032141596 
77 385 9 11 0.031043824 
16 422 8 11 0.030739967 
161 367 8 10 0.029834986 
437 96 21 28 0.029824935 
5 436 10 14 0.02853228 
234 399 14 19 0.027995076 
824 388 13 16 0.02794037 
205 378 13 15 0.027892105 
160 380 8 11 0.027736727 
31 374 9 12 0.02762018 
95 382 10 12 0.0268019 
173 391 11 13 0.026276313 
591 413 9 12 0.025879674 
1013 117 9 13 0.025852963 
25 420 8 12 0.025767341 
472 435 9 14 0.025753876 
413 439 19 27 0.025291126 
188 410 15 17 0.024919622 
101 421 9 11 0.024916401 
504 431 9 11 0.024795087 
451 377 13 15 0.024725234 
196 450 13 18 0.024484118 
289 374 10 15 0.024289005 
62 364 9 11 0.02409366 
774 438 12 17 0.024074785 
688 456 25 29 0.024038222 
687 403 25 30 0.023870857 
24 460 9 12 0.02381504 
405 419 14 17 0.023809327 
87 364 10 12 0.023750803 
38 387 11 13 0.023585929 
426 149 10 12 0.023533143 
94 397 9 12 0.023381922 
137 404 9 12 0.02300105 
211 381 12 16 0.02297188 
232 407 14 18 0.022600459 
255 395 13 17 0.0222157 
745 442 18 23 0.022084314 
423 382 10 13 0.021895478 
598 92 9 12 0.021787573 
3 365 10 13 0.021704262 
6 418 10 14 0.021680415 
165 380 9 11 0.021602783 
118 360 11 14 0.021598186 
734 450 12 17 0.021456275 
30 367 9 11 0.021363918 
631 4 9 12 0.021289835 
0 441 9 17 0.0208411 
20 442 10 13 0.020778326 
720 37 9 11 0.020543251 
471 351 8 10 0.020512471 
423 388 9 12 0.020461252 
712 48 9 10 0.02033337 
449 415 15 18 0.020209737 
143 399 9 12 0.020000128 
