40_Gymnastics_Gymnastics_40_273
68
98 112 34 42 0.9998754 
754 66 31 40 0.99985003 
579 75 31 38 0.9996877 
487 64 28 36 0.9996686 
200 126 31 40 0.99961424 
299 129 33 41 0.9995216 
490 127 33 40 0.9994795 
823 57 32 40 0.9994535 
793 124 32 42 0.9992083 
670 72 32 41 0.9991371 
894 127 33 43 0.99910176 
391 123 30 39 0.99906236 
406 78 30 38 0.99905735 
590 125 34 43 0.999022 
180 229 37 46 0.9988722 
316 69 31 38 0.9988686 
692 125 36 43 0.99868983 
488 259 35 48 0.9985524 
232 66 30 37 0.99800223 
550 275 36 44 0.9978522 
670 249 37 47 0.9975992 
827 232 37 50 0.99568 
374 231 36 49 0.9906363 
147 69 29 36 0.9865824 
423 282 30 39 0.48071525 
767 304 46 67 0.2568777 
334 130 24 32 0.21271256 
367 182 29 38 0.16082682 
232 161 28 34 0.14953642 
424 135 26 34 0.1287343 
546 249 48 61 0.10233909 
651 216 30 41 0.086213306 
839 114 31 35 0.08368588 
277 186 39 47 0.07703349 
749 241 31 41 0.06708096 
268 179 33 43 0.062759474 
584 271 49 58 0.060310356 
360 12 31 31 0.059871692 
218 181 30 35 0.05691602 
563 233 35 44 0.047858037 
832 170 31 36 0.04477608 
656 229 37 44 0.038066376 
170 180 32 38 0.03412827 
739 156 38 49 0.030979294 
418 289 42 56 0.030421568 
538 228 35 39 0.030417927 
600 189 36 47 0.030208092 
809 171 36 41 0.02817695 
744 256 45 51 0.027548237 
616 188 33 44 0.027091691 
776 133 27 33 0.026328398 
573 272 31 42 0.02630354 
299 193 34 42 0.025801994 
808 196 44 52 0.025774635 
69 175 33 46 0.025017353 
202 190 31 35 0.024831923 
757 133 29 35 0.023383165 
913 490 28 35 0.022956433 
490 197 34 36 0.022399407 
628 194 36 49 0.021100013 
162 190 34 44 0.021027626 
750 148 32 40 0.020891424 
534 190 28 37 0.020710725 
391 16 28 30 0.020681918 
564 404 414 422 0.020471586 
233 130 28 32 0.020405406 
591 189 29 38 0.02026336 
435 280 35 43 0.020046012 
