40_Gymnastics_Gymnastics_40_727
87
218 538 35 42 0.9518967 
80 477 32 32 0.948182 
666 171 18 24 0.9448124 
865 434 25 28 0.75275147 
322 124 14 17 0.7147759 
590 73 15 20 0.69243807 
695 558 37 39 0.3791932 
415 125 13 17 0.27055377 
503 206 12 17 0.19008844 
862 38 28 37 0.11935916 
656 545 27 34 0.10780365 
394 152 9 12 0.0811814 
703 518 10 13 0.07361873 
535 221 13 17 0.07064962 
228 528 34 40 0.06783456 
734 140 14 18 0.06761871 
354 93 15 16 0.06736164 
848 26 53 65 0.065468386 
361 182 16 21 0.06302468 
95 469 30 40 0.061670072 
629 113 14 17 0.060539503 
874 430 16 21 0.05964242 
448 429 18 23 0.05767556 
275 279 16 19 0.05363913 
594 62 15 19 0.05330088 
674 200 22 26 0.050893478 
730 347 16 23 0.048586242 
419 119 13 17 0.04786431 
858 417 15 19 0.04770887 
634 108 13 15 0.046827983 
409 126 11 14 0.045654748 
594 132 16 18 0.044960566 
429 195 10 13 0.04476574 
214 522 32 44 0.039962158 
331 124 13 17 0.039201543 
5 107 32 47 0.03840391 
115 463 16 24 0.038170587 
644 520 32 34 0.037291594 
693 539 33 43 0.036815938 
500 213 14 21 0.03603042 
352 74 12 15 0.035358932 
682 195 17 21 0.035170432 
851 425 26 29 0.03473284 
347 105 15 16 0.03424848 
33 8 24 35 0.0342361 
600 73 15 20 0.03406887 
849 33 27 42 0.03303022 
349 97 15 17 0.03263602 
383 110 10 13 0.032451406 
583 67 15 22 0.032226417 
79 478 17 25 0.03188858 
457 421 20 24 0.030813772 
688 274 22 27 0.028796827 
243 536 28 36 0.028541416 
110 468 24 34 0.027968511 
86 459 30 39 0.0267816 
802 403 14 16 0.026096378 
43 14 14 21 0.025776409 
239 499 27 34 0.024892611 
732 141 22 28 0.02459314 
462 221 10 14 0.024525462 
669 207 17 21 0.023854302 
709 518 10 13 0.023680337 
321 128 23 30 0.023640467 
346 168 15 19 0.023275236 
400 91 10 13 0.02312243 
355 102 16 19 0.023102604 
233 513 32 40 0.023088798 
198 462 13 15 0.022673516 
6 38 33 42 0.022515861 
17 17 39 58 0.022431986 
883 429 11 17 0.022065304 
614 121 12 17 0.02194956 
658 525 15 15 0.021921115 
788 425 16 21 0.021897703 
427 243 13 15 0.021791946 
585 124 25 31 0.021628764 
465 420 15 19 0.021340432 
186 347 27 41 0.02131877 
866 412 14 18 0.021176547 
845 88 25 42 0.021138577 
362 99 13 16 0.021127226 
694 518 13 13 0.021104928 
875 43 33 36 0.021095587 
673 168 24 30 0.020804588 
344 167 39 49 0.020528287 
267 531 23 29 0.020162033 
