40_Gymnastics_Gymnastics_40_422
337
387 316 70 64 0.30710992 
64 437 11 13 0.15988147 
787 571 11 15 0.12212518 
862 493 8 10 0.121017836 
111 231 16 22 0.10952176 
786 472 8 10 0.10943189 
839 558 9 11 0.10644585 
807 485 9 11 0.09935782 
759 501 8 11 0.09485802 
857 504 8 9 0.09237988 
866 542 8 10 0.090054594 
814 480 8 11 0.09004528 
480 479 9 12 0.08781723 
840 504 8 12 0.086246304 
997 295 15 18 0.086210385 
782 546 9 12 0.081741706 
780 520 10 12 0.08067455 
403 127 17 21 0.07628156 
509 525 10 12 0.07563712 
292 237 17 19 0.07318727 
806 575 10 12 0.072742485 
953 519 7 10 0.07038082 
812 525 9 12 0.06994185 
437 539 11 13 0.06934784 
373 502 10 13 0.06771661 
246 473 9 11 0.066864364 
896 468 10 13 0.06665623 
777 445 9 11 0.06623524 
496 551 10 11 0.06621239 
17 432 9 11 0.06403124 
886 440 8 10 0.063530974 
174 499 10 13 0.06278716 
783 476 9 11 0.062077522 
809 479 9 12 0.061445404 
855 527 8 9 0.06060631 
832 430 9 11 0.0591299 
880 430 8 9 0.05885955 
25 526 9 12 0.058140866 
465 553 9 10 0.057433564 
793 535 8 11 0.056711294 
137 422 11 15 0.056392286 
879 424 8 9 0.055755317 
767 500 10 12 0.05512915 
361 430 10 12 0.054775283 
345 469 9 11 0.054510072 
421 549 11 13 0.05395512 
1010 464 8 10 0.05351418 
13 485 11 15 0.053334158 
776 440 9 10 0.053082503 
242 430 8 11 0.05288642 
337 512 8 10 0.05282643 
53 480 9 12 0.05271569 
862 454 8 10 0.052350994 
279 550 11 13 0.05182413 
859 494 8 11 0.051501095 
841 455 8 11 0.05137256 
840 446 8 11 0.051156774 
56 455 9 11 0.050287843 
491 427 12 15 0.04946813 
849 581 9 12 0.049232446 
845 455 9 11 0.048768558 
234 229 16 17 0.04846943 
1000 471 8 9 0.047224093 
1014 486 8 11 0.04694178 
849 527 7 9 0.046933156 
790 476 9 11 0.046901226 
326 304 11 16 0.046773367 
808 432 7 9 0.046140574 
847 541 8 10 0.046039738 
468 555 12 14 0.045823675 
882 439 8 10 0.045450114 
872 493 8 10 0.045245286 
705 478 9 12 0.044406556 
727 463 7 8 0.04395573 
777 453 8 10 0.04339744 
167 431 10 11 0.042172983 
857 453 9 11 0.04210611 
888 462 9 12 0.041921064 
670 517 8 10 0.041630473 
593 463 8 10 0.04154743 
358 452 11 13 0.04138922 
7 535 10 13 0.041387334 
304 430 10 11 0.04135403 
823 563 9 12 0.04083227 
270 234 13 17 0.040650405 
824 484 8 10 0.040650256 
624 479 8 10 0.039986763 
520 541 7 9 0.039828617 
131 514 11 14 0.03899106 
7 492 11 15 0.038902715 
251 242 12 16 0.03869592 
861 502 8 10 0.038429666 
534 464 10 12 0.03810261 
848 536 7 9 0.038072634 
983 285 11 14 0.037992693 
772 501 9 12 0.037366968 
526 477 8 11 0.03724843 
569 502 8 11 0.03718203 
817 447 7 9 0.037078634 
7 499 10 13 0.037055477 
873 488 9 11 0.036875375 
511 423 10 12 0.036857784 
993 521 7 9 0.036209606 
1014 517 7 13 0.03618239 
672 465 7 10 0.035852157 
598 496 10 12 0.035787992 
552 525 8 11 0.035720594 
801 462 7 10 0.035629414 
49 486 10 12 0.03544705 
779 478 8 10 0.035279445 
734 493 8 12 0.035263497 
512 532 9 12 0.034862217 
809 455 8 10 0.034824573 
63 512 9 11 0.03438102 
975 519 7 9 0.034227338 
294 515 10 12 0.034106743 
208 515 9 12 0.03388135 
536 503 9 11 0.03365802 
343 463 10 13 0.03348867 
804 558 10 14 0.033485413 
895 517 9 11 0.033277147 
815 456 9 11 0.033225413 
815 520 9 11 0.03318029 
199 516 10 12 0.03255205 
782 448 8 10 0.032381512 
751 517 8 11 0.032338858 
384 501 10 13 0.03216331 
808 543 8 11 0.032102484 
231 469 7 10 0.0319884 
626 463 7 9 0.03195781 
246 235 13 17 0.03190463 
431 549 9 12 0.03186246 
181 446 10 13 0.031849384 
241 472 9 11 0.031816024 
518 536 8 10 0.031340905 
864 489 8 11 0.031315785 
802 432 8 10 0.03128351 
87 571 9 12 0.031244349 
35 238 13 15 0.031231068 
789 494 10 12 0.031177582 
342 487 8 10 0.031118887 
317 503 11 13 0.031086624 
319 480 10 12 0.03108358 
857 447 8 11 0.031068368 
278 448 9 10 0.031045698 
80 552 9 11 0.03103226 
635 510 8 11 0.031025313 
247 455 9 12 0.030967638 
271 464 8 10 0.030956827 
881 534 7 10 0.030918013 
840 486 8 11 0.030902304 
754 501 8 11 0.030862251 
848 471 8 10 0.030843755 
490 423 9 12 0.030757112 
753 453 8 10 0.03067573 
873 447 8 10 0.030484658 
856 508 9 11 0.030331403 
5 453 9 12 0.030262604 
487 566 10 13 0.030236851 
22 437 8 11 0.02987079 
832 471 8 10 0.029867979 
461 508 8 11 0.029848421 
874 423 8 9 0.029509915 
524 485 9 12 0.029406814 
605 510 8 10 0.029252918 
864 559 8 10 0.028991314 
243 230 14 15 0.02887203 
930 416 7 9 0.028823137 
493 534 8 11 0.028745143 
834 543 8 10 0.028545652 
751 511 8 11 0.028492339 
918 477 8 10 0.028486863 
599 464 8 10 0.028422618 
549 476 9 12 0.028369067 
839 553 8 10 0.02830135 
489 533 8 11 0.028277462 
877 486 8 11 0.028242923 
783 453 8 10 0.028200777 
856 559 8 10 0.028103976 
823 515 9 12 0.028082876 
1007 219 14 21 0.028042201 
455 566 10 13 0.027966926 
746 472 7 9 0.02789772 
801 455 7 9 0.027869856 
814 432 7 9 0.02778238 
328 518 9 13 0.027748076 
270 305 10 13 0.027740369 
263 232 13 17 0.027737837 
879 417 8 10 0.027460586 
752 430 7 8 0.027450649 
366 447 9 12 0.027409356 
400 478 9 12 0.027261024 
530 470 9 12 0.027198954 
840 472 7 9 0.027137643 
814 438 8 10 0.027051138 
799 510 8 11 0.027029423 
928 423 7 8 0.02690246 
914 477 8 11 0.026795395 
273 446 9 12 0.026676765 
757 453 8 10 0.02663402 
847 461 8 10 0.026621573 
831 425 8 10 0.026588487 
926 462 9 11 0.026563857 
816 566 8 11 0.026544187 
32 510 8 11 0.026528887 
873 556 8 11 0.026524603 
809 461 8 11 0.026350984 
809 471 8 10 0.026334142 
937 501 7 10 0.026311925 
95 520 8 11 0.026109753 
833 558 9 11 0.026051344 
708 533 11 14 0.02593517 
497 511 7 10 0.025872642 
40 504 8 11 0.025809081 
873 416 8 10 0.025792593 
896 493 8 10 0.025772734 
993 285 23 31 0.025674302 
839 542 9 10 0.025664214 
511 492 9 11 0.025662892 
841 575 8 11 0.025552008 
879 444 8 11 0.025521489 
0 448 9 13 0.025425358 
687 469 8 10 0.025286749 
775 509 9 11 0.025129458 
921 455 8 11 0.024888426 
479 511 7 9 0.024836149 
241 494 8 10 0.024747945 
623 486 7 9 0.024735657 
545 470 9 12 0.024723925 
808 436 9 11 0.024705227 
189 525 9 11 0.024654698 
275 236 14 17 0.024624735 
841 460 7 10 0.024570879 
375 480 9 12 0.024562487 
825 423 7 9 0.024556857 
782 486 8 11 0.024514215 
248 519 8 10 0.02448553 
942 495 8 10 0.024388213 
938 446 9 12 0.024322087 
921 461 9 12 0.024312295 
279 493 8 10 0.02422045 
40 471 9 11 0.02414731 
911 439 7 9 0.024119833 
937 497 8 10 0.024105396 
67 431 10 12 0.024103882 
799 437 8 10 0.024076412 
231 464 9 10 0.024056273 
312 495 9 11 0.023984706 
568 521 7 10 0.023946442 
878 479 8 11 0.023945691 
230 504 8 10 0.023901397 
965 487 9 11 0.023795243 
720 463 8 9 0.023792747 
71 501 9 11 0.023781028 
774 494 8 11 0.023712995 
704 473 8 10 0.023675611 
752 472 7 9 0.023628363 
535 541 8 10 0.023539055 
160 510 9 11 0.023496304 
254 539 11 13 0.023484666 
96 462 9 12 0.023468735 
576 471 9 12 0.023418508 
564 565 12 14 0.023402916 
914 510 9 11 0.023361638 
784 464 7 9 0.02323257 
805 549 9 11 0.023226969 
745 478 7 9 0.023196341 
39 509 8 11 0.02316312 
896 432 8 9 0.023106877 
846 558 9 11 0.023070905 
486 528 9 11 0.02306098 
69 511 8 10 0.023025546 
964 493 10 12 0.023006927 
870 574 9 11 0.022953618 
7 478 11 15 0.022946736 
940 548 9 12 0.022910539 
901 464 9 13 0.022889275 
802 487 8 10 0.022862852 
476 581 12 14 0.022818685 
1 252 10 15 0.022712598 
584 504 9 11 0.022645285 
304 479 8 10 0.022627026 
521 479 9 12 0.022609772 
73 480 9 10 0.022561908 
861 448 9 12 0.022490375 
56 459 10 13 0.022414409 
569 525 8 10 0.022406565 
278 488 9 11 0.022378596 
881 462 10 11 0.022223916 
630 469 8 11 0.022088515 
849 549 8 11 0.02208492 
640 504 9 12 0.021951536 
793 454 7 9 0.021907372 
837 431 9 10 0.02190227 
223 486 10 12 0.02189923 
793 447 8 10 0.021886244 
831 478 9 11 0.021845434 
264 477 11 13 0.021665215 
900 118 14 15 0.021615757 
895 474 9 13 0.021601139 
935 414 7 10 0.021501604 
829 516 9 12 0.021449693 
776 472 8 10 0.021285286 
40 444 10 12 0.02125745 
937 471 8 10 0.021256885 
303 463 9 10 0.021248115 
840 581 10 11 0.021208866 
1001 477 8 10 0.021012848 
61 462 10 12 0.020978613 
655 479 7 10 0.020959515 
440 518 9 11 0.02093107 
729 494 9 11 0.020881983 
269 470 10 12 0.02082702 
793 438 9 10 0.020752277 
479 565 12 15 0.020718347 
464 565 10 13 0.020671481 
944 325 9 11 0.020645266 
238 536 10 14 0.02063744 
287 236 28 31 0.020593422 
607 469 10 12 0.020583302 
149 243 12 14 0.02055529 
889 415 9 10 0.020539107 
574 503 8 11 0.020513862 
405 332 41 38 0.020490056 
625 439 7 9 0.02047466 
292 380 219 250 0.02047127 
890 468 8 11 0.020440456 
33 478 9 10 0.020343821 
464 469 8 10 0.020332195 
112 527 8 11 0.020222811 
105 543 7 10 0.020197295 
56 511 9 11 0.020116925 
840 563 10 12 0.020113816 
360 518 11 15 0.020078953 
864 416 7 9 0.020045212 
447 516 9 12 0.020044748 
213 502 10 11 0.02001891 
