40_Gymnastics_Gymnastics_40_175
27
565 201 61 72 0.97707623 
565 345 37 44 0.96903586 
204 75 66 70 0.841783 
116 234 38 53 0.30222395 
650 356 44 66 0.11490433 
450 338 57 81 0.10096051 
138 229 33 43 0.073526405 
188 243 30 44 0.06452086 
656 175 57 70 0.047430765 
150 225 36 43 0.0395869 
445 336 30 56 0.03952815 
145 263 33 38 0.034736264 
6 448 55 73 0.03412841 
216 92 43 42 0.032625005 
832 70 12 15 0.03116753 
95 238 8 12 0.030884374 
636 179 50 68 0.030510616 
651 170 31 35 0.028496483 
170 253 34 37 0.026756378 
145 244 31 39 0.026391046 
444 309 52 74 0.0245088 
110 246 28 39 0.023880335 
198 230 24 47 0.022373483 
462 321 57 65 0.022105673 
605 193 52 74 0.021816485 
159 260 35 37 0.020537715 
128 253 31 41 0.020044588 
