40_Gymnastics_Gymnastics_40_47
58
594 70 67 95 0.99527705 
439 77 25 31 0.77472 
556 441 61 76 0.41694498 
990 5 26 30 0.3007636 
875 14 44 59 0.29900232 
3 132 23 30 0.2786807 
333 41 26 34 0.27269924 
105 119 22 31 0.24703148 
322 104 23 30 0.17060389 
794 129 21 28 0.1673343 
815 495 22 36 0.12413344 
83 42 21 31 0.120593496 
361 102 30 33 0.11053316 
40 125 24 29 0.1098184 
987 475 31 55 0.08647121 
564 55 26 36 0.07442643 
813 492 16 25 0.073483795 
549 77 16 22 0.068163894 
329 194 25 31 0.066732004 
573 455 37 41 0.06273185 
368 92 28 33 0.05556977 
532 426 70 74 0.052575983 
150 175 17 21 0.049846 
352 104 47 53 0.04765538 
134 305 425 443 0.047324635 
738 53 17 21 0.045239046 
139 160 27 36 0.043819077 
308 72 18 22 0.04331244 
554 405 61 78 0.043153375 
129 171 17 23 0.039289374 
497 43 25 29 0.037964977 
417 172 27 39 0.037345987 
284 28 22 31 0.036737632 
88 148 28 36 0.034833357 
769 50 14 18 0.032983392 
475 143 28 34 0.03214427 
366 219 43 50 0.02976679 
86 136 46 58 0.029207112 
823 502 30 33 0.028783893 
331 89 28 33 0.028778935 
638 459 38 45 0.028076012 
63 106 33 36 0.027741494 
353 90 29 33 0.027341131 
343 80 26 33 0.026299357 
301 112 15 19 0.025764579 
499 79 17 21 0.025102869 
77 95 46 53 0.025031652 
488 70 25 30 0.024735266 
440 57 43 55 0.023781622 
98 135 29 36 0.02374773 
478 64 24 31 0.022982515 
385 -48 208 242 0.022964703 
97 107 26 32 0.022660691 
187 34 33 40 0.021860255 
314 93 27 33 0.021476587 
132 73 89 106 0.020757372 
50 118 29 34 0.020406742 
728 43 21 30 0.02039048 
