40_Gymnastics_Gymnastics_40_242
156
496 458 82 54 0.9156857 
211 500 11 15 0.29720473 
751 424 10 14 0.20850722 
755 544 16 20 0.17230467 
835 419 12 15 0.14022169 
377 431 10 11 0.1296194 
422 518 13 17 0.12444402 
21 523 12 16 0.12375002 
208 564 17 22 0.10489982 
713 550 18 23 0.10357105 
661 531 13 17 0.10147852 
465 458 73 52 0.09467615 
292 478 12 15 0.09344474 
858 555 17 21 0.08929639 
725 422 11 14 0.08659514 
232 507 12 14 0.08163808 
644 497 12 15 0.07957679 
750 484 11 14 0.077907905 
799 484 11 14 0.07080165 
453 590 11 15 0.06465856 
625 503 10 12 0.06461516 
947 470 10 14 0.06461083 
479 563 14 17 0.06427811 
520 472 45 37 0.06374297 
639 515 11 13 0.0621056 
296 433 10 12 0.06086339 
879 518 10 13 0.059769046 
903 556 11 13 0.05917045 
776 528 12 15 0.05880946 
77 515 11 14 0.05732816 
-33 209 432 496 0.057164818 
330 427 13 16 0.056608614 
468 472 39 34 0.055522215 
110 488 10 12 0.055207595 
770 468 14 17 0.055098258 
702 496 12 14 0.053269345 
4 519 10 13 0.05199644 
980 386 11 14 0.051911972 
369 504 9 10 0.05110884 
208 494 12 14 0.051061504 
677 515 12 16 0.049908828 
801 596 13 16 0.049285106 
443 568 17 20 0.049197506 
721 488 9 11 0.04870884 
414 535 11 14 0.04763862 
780 493 13 16 0.0472816 
725 493 11 13 0.045597944 
996 470 12 15 0.04521928 
412 581 16 20 0.044872798 
76 566 13 16 0.044586293 
804 440 15 18 0.044394344 
979 485 11 14 0.042999346 
893 506 11 14 0.04289998 
668 523 14 18 0.042862274 
973 403 11 14 0.042571638 
652 562 12 16 0.04166217 
663 430 12 16 0.041501775 
506 465 88 86 0.040483493 
909 483 12 15 0.040388536 
21 550 10 12 0.040311243 
819 475 12 16 0.040196806 
671 518 12 15 0.03986361 
54 517 11 14 0.03951929 
813 511 10 13 0.0392189 
145 93 467 415 0.03866905 
934 510 10 12 0.038121756 
845 551 22 26 0.037898164 
1007 541 10 14 0.037608463 
974 478 10 12 0.035712086 
656 431 22 27 0.035620566 
684 513 13 16 0.03541814 
912 503 10 13 0.034953564 
989 510 10 14 0.03478089 
960 545 11 15 0.03466365 
958 509 9 13 0.03377704 
421 556 11 13 0.033344384 
33 306 54 60 0.033200637 
675 523 13 17 0.033174027 
758 492 10 13 0.03266905 
272 553 13 17 0.032624573 
631 543 10 13 0.031204678 
476 471 87 65 0.03117267 
968 518 10 13 0.031024266 
708 316 30 32 0.030945817 
718 594 15 20 0.03059275 
935 546 11 14 0.0303708 
108 532 14 18 0.029791804 
945 414 10 13 0.029716257 
3 332 14 20 0.029658781 
256 494 10 12 0.029146578 
374 508 9 11 0.028556129 
371 572 21 30 0.02846788 
243 576 15 17 0.028114526 
416 518 13 15 0.028044006 
412 575 14 17 0.027852796 
470 484 13 14 0.027590834 
235 515 12 14 0.027473481 
207 485 13 14 0.027312255 
904 485 12 16 0.02704752 
917 484 10 13 0.026963431 
236 503 12 15 0.026801301 
741 542 23 29 0.026760586 
335 504 10 11 0.026421117 
754 421 12 16 0.026397282 
839 556 14 17 0.02618381 
809 436 16 19 0.02617789 
975 398 11 14 0.025917992 
878 532 13 16 0.025896803 
104 508 10 13 0.02576586 
794 594 24 29 0.025533054 
992 579 9 13 0.025351882 
14 539 10 13 0.025295394 
620 526 10 13 0.025208447 
31 541 11 15 0.025180077 
644 556 12 15 0.025084097 
496 476 48 37 0.025073765 
217 567 16 21 0.024954695 
149 335 12 15 0.02479363 
17 549 9 12 0.024381462 
991 551 9 13 0.02433472 
453 463 38 37 0.024133192 
1011 546 11 15 0.023824368 
435 564 17 20 0.023782963 
248 501 10 13 0.02364447 
782 453 11 14 0.023635404 
205 490 19 24 0.023590494 
126 332 9 11 0.023298196 
756 573 15 20 0.022971151 
335 508 11 14 0.022716383 
878 524 12 15 0.022704912 
384 503 9 11 0.022441663 
764 553 13 17 0.022407446 
85 534 11 14 0.022302307 
755 486 11 14 0.022161763 
254 500 12 14 0.022136403 
701 506 13 17 0.021918064 
876 596 16 19 0.021845736 
292 502 13 16 0.021763474 
638 533 11 13 0.021668874 
24 511 10 12 0.021433232 
811 515 12 15 0.02126079 
773 526 19 25 0.021238076 
670 501 12 14 0.021199536 
422 486 8 11 0.021136649 
649 187 400 469 0.021094209 
343 495 9 11 0.020849323 
719 424 14 17 0.020822922 
750 433 13 16 0.02081688 
464 455 44 38 0.020756165 
752 558 23 30 0.020724576 
20 556 10 12 0.020681372 
393 516 10 12 0.02045977 
135 510 11 14 0.020400701 
665 500 11 14 0.02036254 
8 540 10 13 0.020182783 
747 419 19 25 0.020103283 
