40_Gymnastics_Gymnastics_40_197
41
478 495 144 140 0.9783357 
833 1178 52 72 0.9690512 
521 1036 59 79 0.7849593 
517 669 152 213 0.24520831 
628 1496 66 79 0.21237504 
215 1123 86 137 0.18778211 
366 272 356 433 0.13499281 
437 379 203 277 0.13411748 
916 328 51 74 0.111673094 
773 47 215 268 0.104094446 
376 543 375 407 0.09567962 
41 292 41 52 0.075696036 
725 1291 58 81 0.07043021 
492 1524 63 80 0.06860267 
118 1081 207 271 0.055749126 
254 445 34 40 0.04675933 
464 84 92 150 0.044484325 
347 116 506 452 0.04205675 
866 102 130 184 0.039699126 
106 835 51 74 0.037730206 
222 408 95 129 0.035194974 
383 19 177 279 0.035107348 
447 347 51 63 0.034997 
122 942 364 437 0.03459349 
210 1294 379 450 0.034477253 
461 874 431 528 0.03349094 
977 1160 30 38 0.033165224 
767 225 48 53 0.030976912 
410 713 145 157 0.030784462 
1 497 30 57 0.0280466 
893 156 65 85 0.02790704 
594 664 123 212 0.027284956 
152 1144 117 152 0.025951449 
956 765 37 50 0.02337892 
510 369 355 441 0.022467712 
11 1421 19 24 0.021915855 
605 1443 106 135 0.020925459 
355 216 54 73 0.020817112 
1 1094 396 390 0.020116946 
689 -57 372 458 0.020087088 
637 498 100 136 0.020009805 
