40_Gymnastics_Gymnastics_40_161
36
583 200 66 110 0.979935 
41 237 480 489 0.85610306 
394 13 76 85 0.81948787 
462 216 46 42 0.41697228 
637 422 249 318 0.14191195 
656 143 34 41 0.10742038 
212 209 21 26 0.1030432 
490 211 43 84 0.09139436 
656 351 198 220 0.07087857 
246 203 25 34 0.06973056 
769 642 72 63 0.06590937 
289 727 30 31 0.05633795 
145 318 280 316 0.053104497 
172 -18 370 441 0.048111305 
722 645 125 116 0.044582933 
604 733 18 20 0.04422839 
995 180 19 22 0.043230005 
686 651 36 40 0.039547093 
488 407 121 143 0.03876654 
381 34 99 110 0.037363365 
609 475 357 440 0.032499958 
726 425 127 126 0.03239972 
749 112 54 52 0.03207838 
434 417 111 109 0.030610913 
525 223 455 423 0.028173283 
630 436 126 152 0.027376527 
457 210 35 35 0.02707641 
886 209 43 52 0.025088763 
671 63 28 37 0.022610245 
753 613 106 109 0.022479225 
809 189 20 21 0.022128291 
477 729 35 39 0.021846626 
337 481 32 34 0.021705115 
661 732 26 30 0.02080121 
418 38 45 56 0.020183932 
157 427 182 151 0.020023134 
