40_Gymnastics_Gymnastics_40_260
79
196 527 31 41 0.99824524 
452 217 38 48 0.99507457 
1001 589 23 42 0.99122566 
63 529 26 37 0.90273935 
799 542 23 29 0.89492613 
351 279 38 60 0.8367146 
908 552 24 33 0.75307643 
770 539 23 28 0.4326439 
671 646 8 10 0.15239027 
786 540 23 31 0.13833381 
629 668 10 12 0.13674238 
859 553 13 16 0.12837358 
673 663 11 13 0.11386841 
863 652 13 15 0.10921786 
632 664 10 13 0.0894365 
686 639 9 11 0.088162325 
637 661 8 11 0.086152695 
626 670 9 11 0.08463676 
279 571 30 45 0.08322708 
666 647 9 10 0.07941696 
648 631 9 10 0.07513552 
607 655 7 9 0.07431249 
910 727 14 18 0.06063432 
838 62 16 19 0.059727896 
537 680 8 11 0.0588975 
638 644 9 11 0.05581759 
225 580 32 44 0.054082766 
904 640 9 10 0.053716213 
683 630 7 9 0.053389885 
614 -73 449 552 0.05336167 
839 620 33 33 0.04662969 
686 631 7 10 0.046393644 
655 631 9 11 0.04583214 
893 553 26 32 0.0456385 
671 640 8 11 0.044681266 
637 654 10 12 0.04325064 
49 540 26 30 0.042301673 
766 538 16 22 0.041220367 
663 652 9 12 0.038914215 
607 660 9 11 0.03538024 
868 74 15 19 0.034484543 
602 655 8 10 0.03398649 
548 605 9 11 0.0336194 
780 535 14 17 0.033305727 
702 659 10 14 0.032854542 
4 608 53 79 0.032590725 
647 636 9 11 0.030755777 
68 606 29 49 0.030680481 
711 655 12 14 0.030590476 
408 52 32 36 0.029900327 
664 638 9 11 0.029726818 
131 668 16 19 0.029206954 
607 648 8 10 0.029172067 
281 571 16 24 0.029168945 
869 82 15 19 0.028851721 
696 659 10 13 0.028373182 
541 297 13 20 0.027072683 
656 636 9 11 0.026699094 
920 553 15 24 0.026245417 
639 640 10 12 0.026207147 
569 647 8 11 0.026128445 
630 675 9 11 0.025965195 
22 630 60 84 0.025123589 
625 675 8 11 0.024330135 
765 525 13 17 0.023940766 
549 621 9 13 0.022511719 
634 645 9 10 0.022401568 
679 644 10 13 0.022321522 
558 654 8 10 0.022289729 
670 651 10 13 0.021370642 
657 654 9 11 0.02104989 
544 615 10 12 0.020948952 
681 624 8 10 0.020927493 
575 653 9 10 0.020639662 
682 639 9 11 0.020501364 
663 661 9 12 0.020404574 
657 661 8 10 0.020192072 
719 693 12 15 0.020175288 
941 632 17 24 0.020051459 
