40_Gymnastics_Gymnastics_40_364
38
557 1229 116 91 0.96153665 
507 1139 196 233 0.35378718 
729 1206 29 36 0.26043808 
688 481 258 354 0.20571616 
101 407 423 483 0.20461155 
835 19 34 42 0.11958545 
49 800 341 465 0.08254894 
937 937 56 71 0.06248223 
816 14 59 67 0.058244903 
851 1425 48 58 0.040725186 
212 132 365 508 0.037354536 
895 930 35 46 0.033599254 
392 912 360 471 0.032597974 
360 1395 31 37 0.031095667 
363 1479 51 58 0.030946933 
7 471 44 59 0.030314883 
202 553 239 345 0.030149655 
965 1294 26 31 0.029303333 
601 39 213 240 0.028997207 
358 1272 47 61 0.027961157 
117 1505 19 23 0.026948117 
33 7 435 538 0.026521044 
729 1205 46 58 0.025946436 
868 1318 28 34 0.025903024 
810 -2 88 111 0.02550091 
781 1200 24 30 0.024803178 
690 1331 46 56 0.024543684 
843 23 20 24 0.024539163 
911 1250 42 52 0.024497082 
965 1165 28 33 0.024369294 
868 403 123 144 0.02402014 
567 1259 114 112 0.023695648 
600 1467 25 33 0.023679107 
960 956 36 43 0.022169152 
768 1202 44 65 0.022138933 
912 930 58 70 0.021451421 
847 -12 115 137 0.020224614 
764 375 236 320 0.02001275 
