40_Gymnastics_Gymnastics_40_887
30
759 376 55 65 0.9997546 
876 105 47 65 0.9995993 
134 397 53 68 0.99954236 
525 383 51 66 0.9995048 
660 273 52 62 0.99931955 
105 277 48 66 0.99927956 
249 275 47 65 0.9991285 
385 290 46 60 0.999003 
520 274 47 62 0.9985802 
808 270 46 60 0.9985448 
215 138 44 56 0.99849784 
625 131 46 57 0.9983382 
687 41 43 57 0.99800116 
746 100 44 56 0.9978947 
331 399 49 63 0.9978575 
484 135 48 59 0.99779546 
359 147 45 56 0.9973793 
97 149 44 57 0.9970651 
314 74 43 56 0.9966453 
554 64 42 57 0.99541134 
430 82 46 58 0.9924706 
189 85 39 53 0.99035305 
838 58 44 51 0.9804668 
190 278 40 54 0.24286455 
466 583 24 28 0.09044953 
661 616 111 101 0.041918036 
208 117 46 56 0.03785327 
861 84 47 61 0.026076302 
579 65 29 43 0.02321273 
513 649 33 35 0.020600608 
