40_Gymnastics_Gymnastics_40_420
39
754 466 93 116 0.9995134 
164 179 67 85 0.9990496 
594 411 88 113 0.99888855 
239 195 66 84 0.99826956 
314 213 68 87 0.9973531 
475 393 80 106 0.99599934 
399 324 85 104 0.9931716 
9 545 158 252 0.649718 
382 283 61 80 0.5345862 
381 234 72 83 0.32057297 
332 496 47 67 0.23682204 
-92 445 319 387 0.22899003 
445 371 76 108 0.17880356 
19 213 19 24 0.17837684 
349 214 80 99 0.17767395 
196 187 70 92 0.12876682 
374 308 78 106 0.12421781 
911 281 26 27 0.12397841 
788 672 117 204 0.070956506 
261 -54 454 476 0.050439056 
365 193 106 100 0.046001684 
855 28 154 170 0.045969743 
329 477 79 110 0.04075033 
929 416 47 65 0.03998793 
316 111 15 18 0.034658477 
270 533 44 57 0.034555066 
146 502 104 139 0.032398954 
253 706 369 506 0.031689662 
171 506 61 89 0.030838193 
779 32 38 52 0.030046703 
471 119 98 118 0.02932822 
11 216 33 38 0.028850786 
23 207 27 29 0.028209519 
752 0 76 100 0.026304519 
561 4 406 446 0.025033522 
907 392 86 108 0.02424378 
151 587 61 78 0.023744522 
724 234 28 37 0.02203798 
892 234 137 114 0.020703778 
