40_Gymnastics_Gymnastics_40_891
54
260 280 28 37 0.9997309 
874 349 31 42 0.99968994 
548 379 29 38 0.9996481 
521 479 30 39 0.9992417 
581 322 26 34 0.9991357 
608 485 28 36 0.9990433 
387 482 28 35 0.99892706 
677 394 30 39 0.9988726 
323 294 27 37 0.9988424 
458 477 28 36 0.99871254 
380 287 28 37 0.99871063 
185 310 28 35 0.99870086 
921 358 32 42 0.9986261 
677 488 32 41 0.99861944 
605 389 31 42 0.99835604 
121 298 33 39 0.9983309 
477 387 28 33 0.99829394 
738 498 31 40 0.99795425 
68 304 33 41 0.99775153 
759 330 31 39 0.9976992 
695 335 29 38 0.9976388 
840 346 30 37 0.99754375 
523 303 28 36 0.99742717 
451 305 26 33 0.9971324 
762 411 31 37 0.9966311 
670 283 28 35 0.99482614 
823 338 25 30 0.9078598 
256 580 25 28 0.17291032 
504 485 14 17 0.13477217 
754 468 28 32 0.08398538 
857 344 36 44 0.07004676 
512 587 18 19 0.070017375 
706 394 25 34 0.06262639 
275 580 24 26 0.050020233 
750 465 17 19 0.037819915 
893 69 10 14 0.037583012 
838 280 8 11 0.036423597 
271 381 25 30 0.03556459 
746 481 31 38 0.035498343 
24 460 14 16 0.03129867 
768 473 15 18 0.030082358 
555 637 17 20 0.030060729 
551 122 21 32 0.029755117 
948 70 9 13 0.029412916 
822 239 8 10 0.028544785 
492 621 16 19 0.02642868 
563 615 15 18 0.026111834 
508 618 23 27 0.02588759 
332 22 14 17 0.024397539 
699 444 24 31 0.023644835 
631 445 14 17 0.02283487 
833 108 9 12 0.021349723 
204 363 25 31 0.021157697 
783 461 13 16 0.020020159 
