40_Gymnastics_Gymnastics_40_894
19
415 181 129 170 0.9998927 
133 506 19 24 0.82708496 
59 579 13 17 0.4621183 
97 520 18 21 0.4553274 
117 516 12 15 0.4050591 
22 598 11 14 0.2144129 
48 573 23 26 0.14914887 
110 515 14 17 0.11281984 
53 594 14 19 0.07303215 
48 579 14 17 0.043440577 
67 580 11 15 0.042938415 
45 592 14 19 0.0354691 
107 510 22 27 0.031379756 
18 594 19 25 0.029507613 
25 603 15 18 0.027844682 
100 513 13 15 0.027328715 
59 599 16 21 0.025386274 
70 587 11 15 0.023515224 
124 511 15 20 0.02279161 
