40_Gymnastics_Gymnastics_40_920
134
261 171 58 75 0.9996159 
120 157 65 83 0.99931145 
397 172 64 83 0.99921405 
479 168 65 84 0.99852306 
746 123 77 95 0.9972351 
570 152 70 81 0.9971609 
933 493 14 17 0.3224439 
993 231 6 8 0.21884248 
947 436 13 16 0.1711501 
983 246 8 11 0.10605142 
993 256 6 8 0.10472796 
239 444 9 10 0.102710895 
959 223 8 10 0.097833894 
984 222 6 8 0.089979135 
1012 307 9 14 0.087509155 
6 525 14 18 0.0768334 
920 116 9 12 0.07434146 
984 253 8 10 0.07398367 
975 233 6 7 0.070451304 
970 240 8 9 0.068182915 
1006 216 8 11 0.063378796 
992 263 7 8 0.06293838 
275 426 16 20 0.062463403 
993 239 8 9 0.061710536 
992 226 7 8 0.059919946 
974 239 8 9 0.059516314 
929 498 13 15 0.059422385 
986 232 6 8 0.057473466 
315 438 17 21 0.05659664 
677 425 13 14 0.054710396 
941 488 11 15 0.053134788 
1007 271 8 11 0.052080464 
967 224 7 9 0.05204265 
985 263 7 9 0.051947806 
984 218 7 9 0.05158837 
26 533 10 12 0.050957017 
999 245 8 10 0.050536405 
943 119 9 11 0.049562965 
949 507 13 17 0.049505275 
969 231 7 8 0.04607294 
976 254 9 12 0.04458906 
1014 238 7 11 0.043461226 
996 231 7 9 0.042865485 
1007 332 10 13 0.04285323 
997 240 8 10 0.041349966 
943 535 14 17 0.04019992 
220 437 10 11 0.039518468 
1000 254 7 9 0.039443236 
952 484 22 27 0.03926508 
207 468 11 13 0.03888601 
1015 230 7 11 0.037494943 
1000 263 7 9 0.03736464 
952 208 8 10 0.03704403 
960 104 8 9 0.036867294 
984 240 8 9 0.036332637 
387 393 35 42 0.03532116 
703 422 10 13 0.03506738 
941 487 21 25 0.03502655 
925 461 11 15 0.034678046 
904 97 6 8 0.03443192 
977 216 7 9 0.034070995 
1014 79 8 11 0.033873215 
984 118 9 11 0.033525754 
385 347 31 34 0.033330325 
1015 255 7 11 0.033322793 
973 116 10 13 0.033116236 
896 96 7 8 0.032727115 
1014 261 8 11 0.032634936 
968 255 10 12 0.03247689 
911 501 10 12 0.032432 
947 484 14 18 0.031100566 
879 111 7 10 0.031035094 
940 526 24 30 0.030862898 
969 208 7 10 0.03079544 
439 160 72 94 0.030285005 
993 246 8 10 0.03021917 
372 351 30 35 0.029672418 
1008 80 9 11 0.029531438 
1010 255 6 9 0.028813923 
1014 286 8 13 0.028113693 
893 469 9 13 0.027624836 
18 4 68 67 0.027450582 
1001 271 8 10 0.027436037 
303 418 15 19 0.027314696 
1009 247 7 9 0.02682706 
1014 313 9 15 0.026589194 
262 467 15 19 0.025866808 
4 235 14 18 0.025690751 
889 57 6 7 0.025500234 
866 57 6 8 0.02535362 
263 463 13 14 0.02527524 
872 57 6 8 0.02516129 
52 12 15 19 0.024989508 
904 48 7 9 0.024953123 
961 86 8 10 0.02492888 
919 463 11 14 0.024592811 
1 528 11 17 0.024385298 
1015 245 7 11 0.02412358 
960 216 7 9 0.024033234 
552 354 59 61 0.023988085 
1000 221 8 10 0.023964461 
234 445 10 11 0.023930846 
977 246 9 11 0.023898076 
975 260 9 12 0.023868263 
308 424 13 18 0.023787301 
0 226 55 64 0.023463199 
957 498 15 18 0.023448516 
856 112 8 10 0.023405088 
942 506 26 33 0.02337928 
920 63 8 10 0.023023264 
1011 230 7 10 0.022868382 
895 65 6 8 0.02247783 
1005 338 12 16 0.02222891 
889 97 7 8 0.021874819 
888 469 10 12 0.021805355 
302 410 14 18 0.021701634 
1012 331 9 14 0.021578727 
881 57 6 7 0.021364551 
669 432 24 29 0.021288514 
356 379 33 43 0.0212584 
909 462 12 13 0.021179264 
968 244 9 11 0.021172032 
1013 28 9 14 0.021167466 
943 523 12 15 0.021113364 
425 363 46 54 0.02107614 
952 39 7 9 0.020992113 
1009 263 8 11 0.02084761 
254 444 10 12 0.020585412 
969 111 10 11 0.020512888 
958 227 10 11 0.020404022 
896 89 7 8 0.02040315 
905 79 7 9 0.020107506 
917 468 12 16 0.020072645 
1013 325 9 14 0.020035828 
