40_Gymnastics_Gymnastics_40_638
85
972 320 10 13 0.43657392 
454 322 34 44 0.34910962 
1003 233 16 21 0.20699261 
900 365 12 15 0.12595303 
660 361 14 17 0.11165013 
958 375 9 12 0.10987525 
671 363 10 15 0.1075286 
596 65 347 471 0.10139101 
644 373 12 15 0.09285139 
656 358 13 16 0.0805999 
957 323 13 16 0.06662841 
920 375 11 13 0.06367337 
909 412 13 18 0.061673544 
141 453 13 16 0.061191108 
689 327 10 13 0.054401744 
731 265 17 22 0.054234266 
865 327 9 11 0.054004736 
982 325 9 12 0.04978148 
999 374 11 13 0.049769245 
647 518 31 35 0.043663442 
949 332 11 12 0.04355878 
861 381 13 14 0.042197876 
952 326 11 14 0.040876176 
895 339 10 13 0.040439986 
301 303 11 12 0.0368704 
912 381 10 14 0.035735708 
924 380 12 15 0.035513077 
949 341 11 14 0.034868184 
125 443 10 12 0.03415184 
936 383 10 12 0.03412081 
996 489 24 32 0.033611476 
731 272 25 29 0.033460256 
289 405 10 13 0.03328942 
690 122 217 288 0.033224817 
640 378 10 15 0.032820296 
946 333 8 11 0.032235704 
936 358 9 13 0.031561993 
61 474 11 16 0.031190772 
668 369 12 16 0.030703846 
975 356 10 12 0.03043293 
644 362 20 27 0.029944839 
661 368 15 18 0.029486835 
740 288 16 20 0.028892769 
654 371 12 16 0.028317073 
491 546 36 38 0.028217725 
958 349 11 14 0.028024295 
954 373 9 12 0.027891688 
935 364 10 13 0.027826596 
934 402 14 17 0.02735058 
963 317 18 23 0.027276337 
910 373 10 13 0.027103923 
951 410 13 17 0.026680024 
982 405 12 16 0.026360776 
896 358 12 15 0.026250439 
508 309 11 15 0.025881307 
663 357 19 26 0.025358224 
95 404 10 12 0.025234213 
715 326 15 17 0.02508651 
590 494 33 42 0.024996648 
625 381 8 11 0.024946 
102 494 10 14 0.024803124 
895 412 24 30 0.024366036 
11 247 82 142 0.024301864 
966 349 10 14 0.02388804 
676 358 11 16 0.023562022 
713 265 14 19 0.022432541 
140 483 15 19 0.022328023 
142 510 13 17 0.022169475 
754 342 16 22 0.021959726 
1013 363 10 14 0.02191038 
945 327 9 13 0.021501033 
708 258 23 30 0.02133128 
137 448 21 26 0.02132095 
933 420 13 16 0.021140683 
846 320 12 16 0.020681674 
985 379 10 14 0.020681549 
1008 363 10 13 0.020557309 
120 455 10 13 0.020457495 
403 357 13 16 0.02045611 
991 374 12 15 0.020435454 
932 408 14 18 0.020122262 
975 392 9 12 0.020112112 
292 399 14 16 0.020085583 
631 326 10 13 0.020055767 
304 308 9 12 0.020021036 
