40_Gymnastics_Gymnastics_40_593
251
842 254 39 51 0.998014 
940 299 39 52 0.9963917 
302 187 42 54 0.9961144 
71 289 37 52 0.9933828 
545 182 38 53 0.9929168 
171 260 43 55 0.9915718 
629 204 41 54 0.98895323 
756 196 36 49 0.9874643 
417 209 36 48 0.98503417 
39 245 42 54 0.984423 
21 46 24 32 0.9658274 
101 41 18 25 0.89103425 
113 117 17 22 0.805583 
15 107 23 31 0.67268676 
15 218 19 24 0.64476776 
167 136 20 27 0.6414476 
947 118 19 23 0.63935673 
69 232 24 31 0.46699226 
772 0 17 21 0.40436223 
910 28 16 21 0.37371615 
659 65 16 21 0.36777684 
941 261 24 27 0.36632648 
82 180 31 41 0.36260015 
92 164 23 30 0.36004832 
233 33 16 21 0.34764835 
556 131 25 32 0.33544174 
410 67 19 22 0.32704324 
972 73 19 25 0.3195333 
931 175 15 22 0.30411914 
696 2 19 21 0.28762165 
162 26 16 24 0.28070477 
108 451 23 29 0.2766061 
626 149 27 39 0.2592201 
980 217 23 27 0.24824074 
362 19 15 19 0.21301514 
350 66 26 35 0.21141642 
457 91 15 17 0.19889204 
431 16 22 30 0.183027 
72 466 25 32 0.18072431 
839 34 18 21 0.17542185 
76 61 16 20 0.15113045 
750 57 15 20 0.15104057 
546 61 53 75 0.14888269 
618 2 17 19 0.14693494 
52 239 38 43 0.14390555 
0 269 19 30 0.13519113 
333 36 17 21 0.12904046 
230 254 19 24 0.12634715 
419 -1 17 16 0.119095676 
552 82 34 41 0.11502357 
710 34 17 22 0.11151301 
644 19 13 17 0.10758105 
154 63 16 21 0.106176816 
168 31 15 21 0.1031706 
509 31 13 18 0.10114184 
1007 34 18 30 0.092566386 
460 60 14 18 0.087105 
386 536 15 19 0.08543332 
696 29 12 15 0.08391143 
141 230 22 32 0.08372049 
637 23 22 28 0.08352874 
965 103 15 19 0.080744 
635 34 17 20 0.07939054 
310 11 29 34 0.07872577 
974 224 16 21 0.07645852 
777 174 25 34 0.07565482 
506 76 15 19 0.07408822 
866 193 17 22 0.07400359 
652 53 12 16 0.07348382 
11 50 17 23 0.06882694 
822 98 10 13 0.068507776 
357 24 17 21 0.06631878 
936 278 36 47 0.06624726 
627 618 14 20 0.062310364 
568 27 32 40 0.06106637 
931 160 20 28 0.06103622 
826 -1 18 17 0.060964763 
414 114 21 28 0.06091419 
502 32 14 18 0.059793994 
475 100 25 31 0.057992645 
146 26 17 21 0.057283886 
74 154 16 20 0.05648376 
28 0 15 15 0.05436555 
298 -3 30 28 0.05421293 
677 65 13 18 0.052476775 
4 12 25 33 0.0512692 
955 88 14 18 0.04995232 
913 50 15 20 0.049509637 
662 33 14 17 0.047955554 
551 21 48 70 0.047243103 
541 633 12 17 0.04584205 
956 103 22 28 0.045819603 
800 53 10 13 0.04580237 
44 25 18 22 0.045479823 
549 72 15 21 0.044967506 
963 89 21 29 0.04434436 
237 189 16 21 0.043450635 
853 167 16 25 0.043277904 
81 458 28 36 0.043137778 
29 26 16 20 0.0424919 
355 33 17 20 0.041566495 
652 32 14 18 0.041356485 
364 -2 15 15 0.04090318 
-2 275 28 39 0.040790416 
653 60 15 20 0.040562473 
701 33 13 18 0.039335396 
837 89 10 15 0.03923663 
159 21 14 19 0.03885006 
8 255 24 33 0.03876362 
843 -2 16 15 0.038697954 
343 32 23 26 0.038627263 
626 95 28 37 0.037869733 
136 160 17 23 0.037261814 
860 102 34 43 0.03716999 
626 37 18 20 0.037043512 
523 26 11 16 0.037004672 
357 -1 14 14 0.036942367 
441 24 15 21 0.036625206 
148 424 15 18 0.03557418 
30 32 24 29 0.035020895 
20 256 16 24 0.03499998 
289 1 27 30 0.03490024 
887 25 21 31 0.034560625 
150 262 30 40 0.034494635 
21 229 43 54 0.034359198 
991 215 19 24 0.034063816 
336 75 27 34 0.03391344 
583 60 28 39 0.03349736 
118 412 24 28 0.033313155 
468 103 16 21 0.033218708 
42 119 15 19 0.032831907 
973 151 24 34 0.032689452 
695 44 11 15 0.03251898 
909 35 21 29 0.032167934 
734 67 11 15 0.032091618 
706 107 29 38 0.032003514 
501 43 11 14 0.031808622 
919 -1 14 12 0.03151262 
959 3 13 16 0.031502288 
436 12 17 20 0.031190317 
418 43 16 19 0.031019056 
624 44 25 29 0.0307607 
447 9 25 33 0.030385112 
901 27 21 27 0.03031942 
833 85 9 12 0.03029408 
629 105 14 20 0.030236991 
462 104 14 18 0.030083898 
16 245 27 39 0.029853668 
107 138 16 21 0.029844776 
323 26 24 30 0.029610042 
413 49 22 29 0.029458012 
886 58 14 19 0.029322622 
18 5 25 29 0.029229326 
13 228 30 40 0.028990677 
770 15 25 35 0.02867597 
830 59 12 16 0.028675081 
86 189 41 57 0.02863044 
817 205 26 34 0.028579628 
517 26 13 18 0.028452175 
823 47 10 12 0.028285896 
329 624 10 12 0.028143995 
245 308 37 47 0.02807209 
97 158 18 21 0.02789138 
541 624 11 14 0.027705638 
993 107 16 21 0.027285283 
500 10 15 17 0.02720091 
456 67 23 27 0.027151568 
602 17 13 17 0.027095186 
655 70 26 29 0.02707768 
749 160 23 32 0.026861228 
900 0 13 13 0.026851408 
822 203 16 19 0.026711067 
227 237 27 38 0.026621599 
667 62 16 19 0.026468344 
229 209 26 37 0.026194567 
507 83 16 20 0.026112305 
360 73 26 33 0.026050176 
869 73 15 18 0.026019847 
549 73 25 37 0.02601016 
351 37 22 29 0.02591478 
30 253 31 38 0.025906036 
532 29 88 116 0.02587721 
3 342 26 30 0.025541315 
630 613 21 27 0.025445841 
578 640 19 20 0.025252711 
455 64 14 17 0.025233148 
772 185 28 39 0.025119713 
685 106 11 16 0.024893854 
119 393 13 15 0.024855847 
642 39 15 20 0.02435302 
822 56 14 18 0.024304995 
360 0 23 26 0.024252513 
572 7 28 33 0.024096787 
349 80 30 37 0.023971355 
884 163 21 31 0.02382382 
737 208 22 34 0.023790725 
694 8 25 28 0.02378944 
552 7 24 31 0.023781493 
361 41 15 20 0.023773134 
647 58 15 20 0.023687411 
709 45 16 20 0.023497734 
916 28 20 26 0.023457797 
775 35 25 33 0.02343288 
-1 69 9 16 0.023341507 
497 17 23 28 0.023304002 
556 55 32 39 0.023290677 
841 78 21 30 0.023285136 
691 21 22 29 0.023270678 
630 149 16 21 0.023216587 
26 112 25 30 0.023199204 
6 54 16 22 0.02302441 
96 454 28 33 0.02299272 
363 8 25 30 0.022969946 
33 443 28 29 0.022962296 
282 15 17 24 0.022892656 
371 564 13 17 0.022891147 
488 104 18 21 0.022788646 
511 69 19 27 0.022412473 
923 193 15 20 0.022361504 
500 20 15 16 0.022251934 
520 23 11 14 0.022050314 
747 207 28 38 0.022048334 
144 425 26 31 0.021970402 
366 327 41 63 0.02195994 
47 15 25 31 0.021926329 
216 66 13 17 0.021922683 
560 44 50 66 0.021747569 
76 161 24 31 0.021648716 
423 34 23 30 0.021473007 
1012 30 13 20 0.021409163 
871 52 22 30 0.021376336 
106 151 17 22 0.02136513 
509 40 12 15 0.021306653 
466 66 15 20 0.021219393 
624 57 24 30 0.021134801 
420 -2 27 25 0.021030743 
889 18 16 20 0.020912077 
163 244 32 36 0.02074896 
333 627 10 13 0.020659387 
239 293 36 46 0.020608535 
363 58 16 20 0.020468816 
834 -1 17 15 0.020446476 
909 10 13 15 0.02040613 
750 179 30 38 0.020374637 
679 83 11 15 0.020351462 
360 65 18 24 0.020312065 
356 45 23 30 0.020194568 
547 630 13 15 0.020127539 
496 82 24 29 0.020102147 
718 -1 13 11 0.02009876 
231 22 27 31 0.020054491 
