40_Gymnastics_Gymnastics_40_698
51
862 39 34 41 0.9989955 
358 75 33 42 0.99824643 
584 45 32 37 0.9963033 
253 45 39 52 0.99478465 
782 90 42 40 0.96395063 
203 19 33 41 0.75544864 
631 31 25 29 0.2787279 
143 0 32 32 0.25952345 
162 1 20 20 0.21247694 
132 12 28 32 0.21075691 
162 38 38 58 0.17804109 
716 190 19 22 0.11788317 
410 192 15 18 0.09305027 
189 33 31 46 0.09073195 
493 311 45 53 0.07672117 
958 24 15 18 0.068320155 
974 -1 25 24 0.0586738 
530 11 26 35 0.05424524 
268 391 33 50 0.053571604 
582 260 66 63 0.051742166 
921 77 12 16 0.05096044 
126 24 55 60 0.049923725 
620 270 56 53 0.04785284 
634 74 41 57 0.04583229 
766 462 49 55 0.042474955 
524 -1 15 14 0.03903666 
411 220 455 513 0.038621243 
533 9 17 21 0.03547964 
126 16 19 22 0.034966826 
290 370 434 482 0.03283308 
528 496 40 54 0.032065716 
826 108 32 38 0.0318331 
199 7 32 35 0.031203909 
121 18 35 40 0.03113599 
533 289 40 41 0.030458787 
246 21 437 491 0.029784909 
142 48 50 73 0.029047167 
754 450 46 55 0.02768766 
541 296 49 56 0.027493643 
297 122 44 49 0.027342407 
828 86 44 52 0.026679948 
165 0 32 28 0.026097734 
821 433 30 48 0.025945822 
210 376 47 54 0.025275895 
949 13 24 29 0.022820676 
526 12 14 17 0.02262831 
183 431 67 70 0.022262562 
698 69 17 27 0.021724926 
545 18 14 20 0.021610435 
771 89 32 41 0.020545747 
685 80 28 36 0.020456975 
