40_Gymnastics_Gymnastics_40_331
101
499 90 62 72 0.9742622 
786 410 16 20 0.47717816 
974 414 24 30 0.28699705 
773 368 17 21 0.24990629 
744 176 21 27 0.24025366 
955 346 28 38 0.20674694 
1006 302 14 20 0.19223149 
912 294 24 32 0.17280489 
975 426 26 30 0.1527757 
96 242 47 61 0.12977809 
435 313 17 22 0.11210681 
6 161 50 62 0.100899644 
806 256 15 18 0.09957743 
422 360 14 18 0.08613825 
151 336 34 38 0.085579485 
46 222 37 43 0.0842134 
12 153 440 519 0.076915324 
971 339 18 23 0.07226407 
747 306 15 18 0.06985975 
99 288 124 145 0.069671415 
798 288 13 17 0.06409935 
718 283 14 18 0.059161194 
855 408 14 18 0.052413408 
855 397 23 28 0.04915002 
978 440 19 22 0.048360206 
810 442 15 19 0.046561107 
742 292 24 29 0.046021886 
65 254 199 252 0.045430705 
441 388 23 30 0.04541584 
965 497 16 18 0.04531049 
813 395 25 29 0.04478887 
786 440 16 19 0.04308229 
867 406 24 29 0.04295556 
769 465 19 24 0.041674927 
694 370 16 19 0.040574916 
829 368 16 19 0.040193994 
746 333 27 33 0.039799616 
637 318 32 35 0.036693502 
902 241 23 28 0.036033098 
968 348 30 38 0.035343703 
390 314 14 18 0.034785375 
964 439 22 27 0.034055177 
753 449 17 20 0.03372892 
773 275 12 16 0.033224005 
29 191 49 56 0.032771748 
660 304 26 36 0.031947467 
850 294 17 21 0.03147462 
834 365 18 20 0.031167205 
781 362 25 25 0.030553903 
812 387 18 20 0.03047348 
956 447 17 19 0.030297678 
429 395 27 32 0.02942559 
873 269 28 33 0.028657036 
2 213 27 38 0.026884971 
758 250 14 18 0.026848968 
978 332 16 20 0.026162531 
956 492 13 18 0.026087914 
818 407 17 22 0.025969718 
917 247 25 32 0.02582957 
996 335 16 22 0.025649628 
915 395 16 21 0.02538864 
493 406 16 21 0.025162602 
425 355 25 27 0.025117503 
685 258 49 55 0.025065634 
760 226 12 15 0.024915237 
754 309 14 16 0.024906835 
60 -94 437 535 0.024795074 
871 250 27 32 0.024778692 
19 330 36 53 0.024240894 
746 321 24 28 0.023949731 
959 420 46 57 0.023917802 
805 437 15 19 0.023856374 
995 370 24 30 0.023694789 
522 77 60 73 0.02356214 
984 239 26 34 0.023470066 
933 362 12 15 0.023464056 
795 367 17 20 0.023233505 
901 360 29 34 0.023051381 
984 361 27 34 0.022909643 
985 332 24 32 0.022849428 
746 377 16 20 0.022794312 
903 292 23 31 0.02275497 
951 500 11 13 0.022550492 
796 279 21 28 0.022447862 
66 3 42 37 0.022200633 
998 381 24 32 0.021811329 
916 263 15 19 0.021583112 
984 411 17 21 0.021211717 
989 332 14 19 0.02100871 
396 319 13 17 0.020996042 
822 371 25 29 0.020916585 
819 377 17 20 0.020910123 
748 444 17 20 0.020649021 
81 227 82 103 0.020623732 
795 442 15 19 0.020584777 
50 -5 119 101 0.020564219 
796 313 14 18 0.02039735 
780 447 18 20 0.020359544 
234 -2 146 123 0.02015818 
899 405 16 20 0.02015737 
1005 264 12 18 0.020098556 
