22_Picnic_Picnic_22_654
83
412 434 101 122 0.9873602 
2 933 493 480 0.2308847 
841 479 45 70 0.11551064 
458 101 9 12 0.07500503 
446 127 10 13 0.06530211 
583 325 10 14 0.06525212 
689 485 59 71 0.06382785 
509 299 10 13 0.057765238 
224 1009 240 288 0.056647025 
427 379 56 63 0.056575794 
409 1042 24 32 0.05645877 
744 1311 30 42 0.053308252 
291 68 223 294 0.051146764 
433 874 67 58 0.050644826 
464 1098 127 123 0.04920083 
341 1075 99 125 0.041483507 
553 340 9 12 0.04066571 
904 4 11 13 0.04021496 
917 20 11 13 0.040154092 
982 563 13 17 0.039445717 
254 207 23 31 0.038956176 
481 778 107 127 0.038123053 
679 433 89 120 0.037990175 
233 173 24 27 0.036090776 
1015 556 9 14 0.035987683 
8 116 26 37 0.033470027 
582 319 10 13 0.03327351 
242 175 14 16 0.0332702 
607 322 10 13 0.032921974 
244 893 412 442 0.03282623 
576 296 9 11 0.03281932 
369 362 189 199 0.032626357 
549 302 9 11 0.032524895 
444 159 10 13 0.031992458 
827 1302 36 50 0.0316738 
52 94 406 489 0.03044465 
372 1092 66 72 0.029933209 
919 11 12 15 0.029272398 
243 228 16 23 0.02909523 
553 372 9 11 0.028752325 
588 367 9 12 0.028543787 
87 296 201 284 0.028495634 
495 766 69 93 0.027431153 
261 784 58 60 0.027094904 
409 1155 31 30 0.026602862 
366 1105 114 115 0.026434558 
894 17 13 16 0.026021173 
746 297 44 55 0.025602913 
413 358 84 112 0.025582753 
624 1295 31 39 0.025536293 
457 96 9 12 0.025006229 
518 276 11 12 0.02499515 
327 243 210 278 0.024922507 
817 938 125 105 0.024518033 
591 333 10 13 0.024278525 
584 293 9 11 0.024056615 
875 68 14 17 0.023811568 
511 248 9 11 0.023707785 
566 293 10 12 0.023161516 
589 292 9 11 0.023122989 
971 555 24 30 0.023031007 
1014 549 9 14 0.022915108 
527 398 10 12 0.022809448 
240 231 27 32 0.022637056 
298 853 50 62 0.022267565 
973 548 16 19 0.022034403 
460 254 25 35 0.021985829 
479 1010 30 33 0.021978183 
336 1085 64 75 0.021880914 
939 512 14 18 0.021804934 
585 374 8 9 0.021755062 
339 462 406 494 0.021628164 
420 414 74 86 0.02150721 
974 567 23 28 0.021467306 
575 309 10 11 0.021465268 
870 1312 48 53 0.021238398 
509 85 10 13 0.021219287 
902 126 10 12 0.021120243 
550 296 8 10 0.021093464 
427 111 12 14 0.020932341 
886 5 12 13 0.020925492 
488 1242 100 115 0.020057037 
471 85 9 11 0.02003867 
