22_Picnic_Picnic_22_313
118
619 189 24 31 0.99731714 
159 303 30 38 0.99634725 
304 309 27 37 0.9957255 
700 277 22 31 0.9889169 
512 240 17 21 0.6113163 
649 342 23 27 0.5898626 
75 210 12 15 0.5370854 
769 351 29 42 0.43394667 
740 264 22 29 0.40464288 
541 243 14 20 0.3506732 
226 299 19 28 0.28995577 
764 283 12 16 0.15202169 
396 491 26 38 0.122670755 
572 237 16 18 0.12105166 
100 192 10 13 0.1149829 
429 619 10 13 0.09954503 
567 237 13 16 0.094846554 
535 244 14 19 0.094068415 
61 196 10 13 0.0891646 
716 324 40 52 0.07500538 
391 617 23 30 0.07197333 
54 215 10 12 0.061220806 
465 630 25 30 0.05631559 
288 629 16 20 0.053837545 
747 243 12 16 0.053206496 
412 613 12 15 0.05227284 
396 556 13 17 0.052034274 
741 290 14 18 0.05086354 
386 559 25 30 0.048403136 
0 206 8 13 0.047019538 
655 192 16 20 0.046859756 
521 242 15 19 0.04665784 
408 595 11 12 0.04635316 
358 610 31 34 0.04505302 
714 325 24 36 0.044206638 
741 278 17 21 0.044043697 
40 200 10 12 0.043611147 
8 214 10 13 0.041872077 
645 307 17 21 0.041142166 
403 611 24 32 0.039122846 
748 270 21 28 0.03761649 
8 220 9 11 0.037381053 
770 356 50 53 0.036493674 
46 204 9 12 0.036323156 
757 278 19 26 0.03629668 
785 376 18 24 0.03587096 
186 301 23 31 0.035486434 
543 197 11 14 0.03507866 
967 182 9 11 0.034066137 
656 344 28 37 0.03398981 
950 156 10 12 0.03393726 
177 428 35 40 0.033703614 
350 621 31 31 0.03198858 
82 210 12 14 0.031212676 
558 243 12 16 0.030850993 
72 216 11 15 0.030556936 
198 293 13 16 0.030003257 
559 223 10 13 0.029918896 
64 205 9 11 0.029859552 
399 590 11 13 0.029676454 
634 378 17 21 0.028867653 
646 350 17 22 0.028292214 
57 174 8 10 0.02799058 
48 260 11 13 0.027939199 
421 501 12 18 0.02787803 
560 236 12 16 0.0277903 
241 597 14 14 0.027288858 
22 197 9 12 0.02714429 
747 263 15 19 0.026844906 
392 596 10 13 0.02628253 
710 328 14 21 0.02607302 
69 197 9 12 0.026005385 
347 606 27 34 0.025816757 
550 263 11 14 0.02560386 
336 618 27 32 0.025520468 
15 221 10 11 0.025417572 
377 543 40 51 0.025306536 
80 157 7 10 0.025190799 
814 275 31 39 0.025165766 
103 216 9 12 0.025107982 
38 180 10 13 0.024853947 
1 180 9 13 0.024739949 
61 221 10 12 0.02444396 
5 206 10 12 0.024409438 
953 181 10 13 0.024016093 
542 229 11 14 0.02375664 
48 214 10 13 0.023489544 
920 165 8 10 0.023321465 
33 180 10 12 0.022894256 
74 136 7 9 0.022792645 
267 305 14 19 0.022746261 
194 295 22 29 0.022492304 
46 189 9 11 0.022488305 
234 299 23 30 0.022466931 
327 626 27 31 0.02227394 
501 534 54 66 0.022039616 
221 308 14 20 0.021871407 
391 547 23 30 0.021789983 
905 229 8 10 0.02173922 
548 239 12 16 0.021687299 
24 215 8 10 0.021232001 
412 499 13 22 0.02090607 
31 173 10 12 0.020875964 
771 326 48 58 0.020846458 
761 341 29 42 0.020819193 
743 243 20 28 0.020788282 
1008 196 9 11 0.0207551 
269 635 15 17 0.020711489 
864 190 8 10 0.020644905 
18 198 8 11 0.020623842 
23 204 9 10 0.020531822 
74 142 7 9 0.020430814 
758 297 15 18 0.020375535 
6 190 8 10 0.0202441 
653 306 23 31 0.02017139 
54 238 11 13 0.020140687 
553 246 22 27 0.020023746 
350 604 14 18 0.020016158 
