22_Picnic_Picnic_22_208
31
113 292 71 91 0.99889165 
703 215 83 99 0.97853523 
205 568 59 48 0.122633606 
22 449 16 20 0.10110678 
184 501 35 40 0.08844608 
757 242 62 72 0.08241301 
564 528 11 12 0.06406449 
6 454 15 18 0.0631511 
10 448 22 26 0.046859484 
185 473 42 51 0.041015737 
28 344 481 461 0.04047395 
445 501 10 13 0.037894305 
244 465 14 16 0.03698389 
26 445 22 27 0.031098079 
47 452 12 16 0.029667607 
428 461 9 12 0.029391462 
0 459 12 18 0.027186448 
175 573 69 48 0.027167872 
333 539 11 13 0.02627251 
429 456 8 10 0.025750713 
214 463 48 52 0.023578707 
188 555 95 88 0.022987928 
351 640 10 12 0.022507712 
527 507 9 12 0.022353739 
214 445 11 14 0.022288248 
390 464 9 11 0.02171162 
238 460 16 18 0.0212366 
384 463 11 11 0.021215945 
4 438 13 15 0.02114651 
196 258 15 16 0.020913273 
193 462 30 36 0.020434618 
