22_Picnic_Picnic_22_308
136
384 328 33 41 0.99749124 
519 301 32 29 0.9929006 
951 189 55 85 0.98629063 
564 279 25 32 0.9055651 
692 244 28 35 0.6659424 
817 260 12 15 0.620712 
595 236 23 29 0.6075262 
888 254 11 14 0.2641263 
741 259 12 17 0.19110735 
245 255 10 11 0.18862921 
497 338 16 18 0.18195853 
803 277 10 12 0.15097529 
765 254 11 13 0.14430372 
597 227 17 21 0.13057701 
633 235 10 13 0.12747018 
836 270 10 12 0.12315492 
864 271 8 11 0.12037357 
638 235 11 14 0.1195075 
831 291 10 12 0.11353001 
511 384 30 39 0.10839803 
480 338 26 28 0.10100984 
624 228 12 16 0.09499553 
598 223 13 15 0.08504648 
857 272 9 10 0.08331764 
606 291 15 20 0.0787671 
661 241 13 16 0.07573453 
833 255 8 10 0.073563635 
863 275 9 12 0.06564987 
692 235 16 24 0.06413301 
699 239 15 19 0.06326238 
699 324 11 15 0.06222412 
471 460 23 28 0.060775034 
800 281 10 14 0.059886705 
210 213 9 11 0.056199204 
657 196 10 13 0.054634117 
470 346 27 29 0.0537111 
516 297 19 21 0.051782142 
950 188 33 52 0.05172879 
725 239 10 14 0.05129738 
865 264 7 9 0.05108625 
746 267 13 16 0.05086885 
459 377 32 40 0.050189696 
849 291 9 12 0.04958086 
361 372 15 19 0.048656285 
485 341 14 18 0.047060758 
888 310 10 13 0.04283668 
837 253 9 11 0.042103715 
609 284 18 21 0.04173737 
734 253 12 17 0.04146147 
383 222 9 11 0.040374212 
831 262 9 11 0.03990256 
706 237 15 18 0.03944866 
793 259 10 13 0.0389379 
656 203 11 13 0.037599195 
467 353 16 18 0.0365785 
717 237 13 16 0.03643128 
469 367 27 31 0.0363103 
622 220 13 17 0.03629786 
509 291 14 22 0.036185574 
758 299 10 12 0.03501953 
245 248 10 12 0.034000427 
799 272 11 13 0.033392474 
838 274 11 13 0.032545853 
467 360 18 23 0.03200499 
735 259 20 26 0.031535253 
249 270 10 13 0.0315279 
596 248 23 30 0.031107219 
618 222 20 26 0.030891318 
652 229 23 29 0.030814758 
257 303 10 12 0.0305402 
645 243 12 15 0.029867498 
627 224 19 25 0.029785706 
642 236 14 17 0.029697854 
214 208 8 10 0.029528346 
516 306 40 47 0.029167475 
587 239 20 25 0.02821947 
704 244 16 22 0.028048264 
579 280 28 35 0.027862048 
901 260 9 13 0.02775227 
633 229 20 25 0.0275683 
695 247 42 46 0.027479421 
506 302 29 34 0.027171412 
750 298 12 14 0.02715626 
209 209 9 10 0.02681032 
604 226 21 26 0.026609145 
479 341 13 17 0.026091212 
972 427 14 23 0.026086925 
748 254 11 15 0.025857028 
855 255 8 11 0.025685882 
800 292 9 13 0.025679559 
225 204 9 12 0.025632666 
482 371 18 22 0.025415443 
732 245 12 15 0.025357755 
769 258 14 16 0.025267616 
784 252 10 12 0.025032444 
971 419 23 36 0.02478851 
798 254 11 14 0.024508428 
640 242 12 14 0.024439637 
600 258 24 31 0.02431363 
281 616 26 27 0.024098245 
658 227 15 20 0.023751961 
591 314 27 32 0.023742687 
609 240 15 20 0.023616608 
770 253 12 14 0.023594808 
836 301 11 14 0.023589473 
636 256 14 18 0.023495993 
430 12 9 11 0.023110177 
727 191 9 10 0.022917597 
682 227 23 29 0.022892049 
803 318 11 14 0.022853991 
892 257 12 15 0.022818187 
641 226 23 28 0.022589175 
849 262 8 10 0.02219306 
612 221 13 15 0.021932006 
281 232 8 9 0.02192904 
665 327 16 20 0.021923266 
253 274 9 13 0.02188951 
759 247 19 25 0.0218694 
693 330 13 16 0.021781338 
851 287 10 13 0.02176409 
727 197 10 13 0.021662248 
503 401 31 38 0.021601856 
881 238 9 11 0.021490978 
728 300 13 16 0.021281464 
849 278 8 12 0.021225682 
826 263 20 23 0.02109951 
571 270 16 20 0.021089152 
822 278 10 12 0.020841226 
515 522 55 54 0.020832656 
595 279 24 31 0.020828053 
876 303 9 12 0.020673629 
887 269 9 12 0.020661205 
896 285 8 11 0.020505715 
590 320 15 19 0.020251524 
239 257 12 15 0.020217545 
382 228 10 12 0.02003941 
