22_Picnic_Picnic_22_541
309
84 628 56 65 0.9930288 
312 194 19 21 0.6124072 
993 144 16 20 0.48011476 
970 109 15 20 0.30519706 
84 348 15 20 0.24539515 
253 237 12 16 0.24430302 
923 74 13 16 0.24099411 
941 81 13 17 0.22483657 
551 100 9 12 0.1803135 
724 11 11 16 0.16647905 
360 1110 12 16 0.16192026 
639 77 14 16 0.15049466 
272 1120 30 38 0.1254571 
685 151 11 13 0.12518996 
710 284 8 10 0.12518759 
643 81 14 17 0.11986283 
695 150 11 14 0.11417936 
535 115 9 12 0.11134842 
681 152 10 13 0.10784223 
686 285 9 10 0.103446625 
904 846 18 19 0.09646054 
651 149 14 18 0.09580917 
600 99 10 12 0.093492396 
48 355 13 15 0.08340257 
749 51 9 13 0.08300691 
682 285 9 11 0.08173015 
552 108 12 15 0.08102991 
934 76 13 17 0.08042886 
580 103 9 11 0.07680841 
918 83 11 13 0.07406639 
717 54 11 15 0.07338555 
516 190 10 12 0.069902584 
552 165 9 12 0.0682732 
1007 69 9 10 0.06265502 
724 150 13 16 0.06057876 
430 1076 11 14 0.059631005 
469 1084 12 15 0.059612975 
761 70 10 13 0.059538316 
495 191 9 12 0.059525874 
644 72 10 13 0.057565954 
546 96 7 9 0.057518803 
941 89 12 16 0.057432164 
839 47 12 15 0.057212904 
735 151 11 13 0.056405388 
686 166 13 17 0.05564593 
653 1097 14 15 0.05490456 
11 362 12 15 0.054179814 
61 323 12 14 0.053322997 
416 1114 11 15 0.05183654 
251 1084 13 16 0.051616285 
365 237 12 15 0.050506536 
935 70 11 14 0.05020113 
279 235 10 13 0.05017684 
797 76 9 12 0.048863985 
317 181 11 13 0.04851692 
544 140 10 13 0.048386242 
606 107 10 12 0.047589555 
903 83 9 12 0.04744049 
174 350 10 14 0.04660841 
605 102 10 13 0.04645389 
605 94 10 13 0.045905627 
254 1078 11 13 0.045784503 
292 218 13 18 0.045690775 
478 889 13 15 0.04541212 
680 126 10 13 0.045376245 
888 140 9 12 0.045374256 
924 721 56 46 0.045114327 
642 1146 35 35 0.044968985 
143 1100 11 13 0.044702165 
435 1084 14 19 0.044110924 
116 346 50 78 0.043953765 
978 108 13 16 0.043686837 
276 1128 16 21 0.043409042 
844 46 14 15 0.04307812 
652 83 11 14 0.043058258 
255 332 12 15 0.041741386 
638 91 12 14 0.041638028 
632 77 10 13 0.04130047 
769 285 10 11 0.04092595 
384 611 211 223 0.04075866 
485 83 11 13 0.040674135 
320 201 14 17 0.04058695 
581 51 10 13 0.040566824 
165 335 12 15 0.040454738 
500 83 9 12 0.0403643 
947 79 12 16 0.039594587 
159 1039 9 10 0.03936745 
706 281 8 10 0.038836572 
510 157 9 12 0.038767643 
1009 87 10 13 0.0387539 
263 325 28 32 0.03866133 
526 149 8 11 0.03860735 
982 100 11 14 0.038372364 
463 1068 11 15 0.038120188 
710 44 11 14 0.03805642 
800 116 10 12 0.03765917 
480 1196 9 11 0.037494533 
295 232 15 17 0.037451517 
44 201 27 35 0.03742894 
281 231 10 13 0.037289646 
420 1110 14 17 0.036884986 
157 366 12 18 0.036762755 
712 52 10 15 0.03672774 
720 286 8 10 0.03661564 
557 156 10 12 0.036537 
785 91 10 14 0.036423776 
145 1107 9 12 0.036414552 
270 1092 10 13 0.036244303 
576 45 11 14 0.03618936 
1008 77 9 11 0.03584492 
712 58 11 14 0.035794385 
784 86 10 13 0.035718504 
878 158 10 12 0.035674386 
521 150 8 11 0.03535865 
769 300 11 13 0.035337437 
965 148 10 13 0.035157 
685 131 10 13 0.03506452 
750 93 8 11 0.03502634 
62 345 15 17 0.034871724 
106 336 18 20 0.034768265 
305 291 12 13 0.03475967 
353 258 28 31 0.034694176 
263 1085 9 12 0.034464117 
1013 90 10 15 0.034446634 
285 227 12 16 0.034324788 
428 1108 13 15 0.034137964 
510 183 10 12 0.033884536 
768 403 23 30 0.033741724 
48 347 20 25 0.033733383 
429 1071 10 12 0.033605948 
895 857 24 30 0.03332876 
373 238 13 15 0.0331203 
189 342 10 12 0.03305935 
160 1102 10 12 0.03292703 
694 281 8 9 0.032423392 
942 71 10 13 0.03220308 
480 54 10 13 0.03217331 
469 1077 11 15 0.032086603 
77 316 11 14 0.03193292 
208 335 8 9 0.031918842 
436 1078 11 15 0.031803645 
433 1132 10 13 0.031711332 
1001 69 9 12 0.03140634 
865 110 9 11 0.03130426 
290 215 9 14 0.031127391 
667 381 16 21 0.031059857 
502 190 11 12 0.030791625 
185 342 8 13 0.030643214 
288 220 10 14 0.030606193 
683 164 21 27 0.030604415 
694 1070 10 13 0.030540163 
707 75 12 15 0.030426221 
679 293 9 11 0.030338164 
894 136 8 11 0.030250585 
463 1054 11 14 0.030245353 
89 1179 11 15 0.030025141 
248 1078 11 13 0.029940795 
199 333 8 10 0.029793108 
21 328 9 11 0.02978324 
529 101 7 10 0.02974375 
677 1076 10 12 0.029170258 
663 102 9 12 0.028979316 
935 212 10 12 0.028937558 
562 1076 11 14 0.028750153 
616 108 9 12 0.028678373 
700 180 12 16 0.028671244 
754 126 8 11 0.028639887 
31 354 12 14 0.028545897 
788 127 10 11 0.028430501 
462 159 8 10 0.02839471 
40 327 8 10 0.02832265 
262 1079 8 11 0.028290115 
700 155 10 13 0.02826862 
935 89 13 17 0.028032448 
735 133 8 10 0.027828926 
881 165 11 13 0.027820928 
719 4 19 26 0.027768098 
357 1103 14 18 0.027554765 
925 92 12 15 0.027463038 
263 1105 11 14 0.027389102 
761 84 8 12 0.027259452 
871 296 12 12 0.027256785 
254 1100 12 16 0.026913391 
918 91 11 15 0.02682295 
690 177 16 19 0.02666547 
712 1068 9 11 0.02665456 
512 302 10 13 0.02639896 
285 224 22 25 0.02621389 
744 46 11 15 0.02619185 
837 1107 46 61 0.026187897 
689 144 20 24 0.026176967 
921 71 10 14 0.026120717 
788 97 11 14 0.026070757 
463 1061 12 15 0.025944773 
337 181 10 12 0.02584884 
610 37 13 15 0.025765331 
156 126 53 80 0.02560824 
17 328 9 10 0.025591325 
448 1071 10 12 0.025323026 
171 335 11 13 0.025314435 
479 1076 11 14 0.02524286 
149 93 8 11 0.025141465 
294 987 32 39 0.025098987 
847 109 9 11 0.024927473 
560 151 10 12 0.024833955 
159 336 14 17 0.024762042 
294 216 22 27 0.02473686 
576 1128 8 9 0.024724882 
631 1109 8 10 0.024721237 
215 1133 8 11 0.02467668 
759 287 8 10 0.02465218 
213 1151 9 12 0.024501227 
638 101 10 12 0.024438499 
960 105 20 26 0.024378777 
270 325 15 18 0.02434602 
920 98 10 13 0.024334904 
678 171 13 16 0.024203477 
729 282 8 9 0.024114758 
743 294 9 11 0.024075592 
526 142 8 10 0.024043165 
506 182 9 11 0.023967307 
462 838 65 56 0.023950288 
485 1076 10 14 0.023849722 
504 158 9 12 0.023836367 
553 160 10 12 0.023818431 
89 339 21 29 0.02366022 
632 162 11 15 0.023606714 
539 117 9 11 0.023566453 
413 1104 21 28 0.023488801 
542 288 9 10 0.023476113 
723 52 12 15 0.023471903 
268 1105 12 15 0.023380036 
557 95 10 11 0.023301303 
550 298 10 13 0.023186872 
399 1070 8 12 0.023184625 
692 285 9 10 0.023176795 
353 1098 23 31 0.022999743 
906 879 26 33 0.022910919 
912 83 10 13 0.022896111 
161 332 25 34 0.022888532 
545 101 8 10 0.022807354 
601 107 10 13 0.02279469 
190 348 9 12 0.022788692 
247 1088 14 18 0.022773793 
569 101 10 13 0.02273346 
568 240 8 11 0.022684265 
0 361 11 16 0.022625409 
174 159 50 64 0.022622768 
479 118 8 11 0.02262069 
721 87 8 11 0.02260494 
494 141 8 10 0.022592084 
303 209 27 31 0.02247975 
265 978 58 65 0.022399543 
681 119 8 11 0.022284862 
673 293 9 11 0.022268413 
473 295 23 24 0.022228165 
540 1231 9 12 0.022176597 
960 149 11 14 0.022103742 
577 294 9 11 0.022084687 
870 139 10 13 0.022048283 
239 1087 9 14 0.021850254 
5 583 13 18 0.02181725 
201 1112 8 10 0.021724561 
728 86 8 11 0.021668626 
789 86 11 14 0.02158702 
372 791 50 61 0.021577632 
314 200 24 27 0.02152234 
1014 97 11 16 0.021521106 
999 642 11 14 0.02146119 
967 141 10 13 0.021438094 
896 872 27 33 0.021300262 
484 1192 9 11 0.021299368 
576 106 10 12 0.021147685 
990 126 10 13 0.02113283 
687 1109 52 59 0.021119595 
184 348 10 14 0.021019462 
493 79 12 14 0.020942897 
524 1078 13 13 0.020879688 
61 329 14 16 0.02086256 
614 1103 8 10 0.020859072 
657 1094 13 14 0.020852726 
142 358 31 41 0.02083015 
703 292 9 11 0.020812972 
338 175 9 12 0.020786311 
308 206 17 20 0.020785473 
990 117 10 14 0.020728245 
67 341 22 25 0.020713156 
736 77 8 11 0.020637333 
772 294 11 12 0.020478139 
200 1126 9 12 0.02047519 
679 110 9 11 0.02044177 
341 221 11 13 0.020432247 
894 148 12 14 0.020375462 
183 301 8 10 0.020342601 
623 799 93 133 0.020256294 
261 305 14 18 0.020219821 
916 78 20 25 0.020216567 
221 349 12 12 0.020213993 
248 334 10 12 0.02021048 
555 113 11 14 0.02018419 
493 93 13 15 0.020171903 
870 110 9 11 0.020140948 
426 1114 13 16 0.020124048 
326 289 13 17 0.020106876 
673 1076 9 12 0.020078646 
797 84 11 16 0.020071203 
164 365 12 17 0.02006622 
193 335 9 11 0.020053828 
257 1096 20 27 0.020037364 
