22_Picnic_Picnic_22_152
77
593 145 41 45 0.9627558 
859 388 40 74 0.95434755 
126 234 38 60 0.94722074 
410 224 33 37 0.785869 
103 381 40 61 0.48700783 
600 416 49 54 0.3010081 
621 467 19 19 0.27314612 
607 546 34 39 0.21064936 
647 426 16 18 0.12877306 
71 393 50 58 0.11525098 
611 555 16 20 0.11402831 
44 377 53 66 0.093291715 
401 235 35 42 0.08341212 
420 209 30 43 0.08314285 
458 585 69 64 0.06910882 
706 420 21 19 0.06711979 
78 0 15 13 0.06450836 
324 393 15 18 0.06247952 
717 370 26 29 0.059106093 
652 534 15 19 0.050338626 
514 518 14 15 0.04729357 
720 364 13 16 0.046486374 
647 533 24 33 0.042830992 
536 558 8 12 0.04102637 
936 393 57 63 0.040226065 
246 733 45 37 0.03879722 
84 0 16 17 0.037619658 
424 590 108 99 0.036575217 
112 357 44 65 0.03641493 
326 534 55 58 0.036321264 
184 416 34 39 0.0362774 
557 535 11 13 0.035930354 
596 45 28 27 0.035509367 
397 216 36 40 0.03521083 
635 419 30 33 0.033149958 
575 533 9 12 0.032278646 
720 358 11 16 0.030864628 
319 386 26 30 0.029005436 
852 369 82 103 0.028818717 
512 523 11 14 0.028653631 
611 453 31 34 0.028038912 
484 562 53 66 0.027685432 
422 235 19 24 0.027423676 
542 579 10 13 0.026864138 
537 540 9 13 0.026315007 
616 468 15 16 0.025911735 
687 426 28 27 0.02533448 
730 440 31 32 0.025209691 
620 533 40 52 0.025205629 
645 484 15 17 0.02469174 
548 565 10 13 0.02446175 
661 524 13 15 0.0244287 
535 551 9 11 0.024099771 
535 563 9 13 0.023983588 
386 221 33 47 0.023918044 
542 572 12 14 0.023598695 
522 499 13 14 0.023598665 
653 474 26 29 0.02354818 
735 422 27 30 0.022959623 
704 375 27 27 0.022870468 
589 531 10 14 0.022194833 
544 549 8 11 0.02219385 
158 0 12 12 0.022144657 
520 582 10 11 0.022023061 
639 428 15 16 0.021920495 
549 557 10 12 0.021853881 
670 509 10 13 0.021676237 
367 537 38 52 0.021411052 
709 380 14 15 0.021200895 
507 512 27 26 0.021128668 
687 429 18 16 0.020874742 
445 560 58 70 0.02075027 
564 68 12 15 0.020710232 
534 533 10 13 0.020547591 
622 412 50 57 0.020520167 
542 541 9 12 0.020230105 
655 513 12 15 0.020026203 
