22_Picnic_Picnic_22_594
47
494 269 54 68 0.9992449 
787 313 55 65 0.94987667 
101 423 26 37 0.10385371 
709 296 44 51 0.100397825 
421 44 22 27 0.08256693 
469 45 26 31 0.08158165 
431 7 13 18 0.06480383 
979 258 42 81 0.0623036 
28 404 24 29 0.059535272 
414 263 53 71 0.05763869 
44 445 15 20 0.049782537 
415 29 11 14 0.044062927 
670 245 375 540 0.043590702 
589 310 16 19 0.0411902 
846 228 91 123 0.04046359 
142 2 14 17 0.04031052 
178 466 61 68 0.038246024 
11 402 14 19 0.037668485 
594 302 15 21 0.036549028 
449 65 16 19 0.035710588 
667 310 26 33 0.035585813 
297 194 38 54 0.032212533 
129 382 9 13 0.029839773 
741 306 17 22 0.028784707 
125 388 14 18 0.028327182 
792 283 91 115 0.028204227 
22 421 13 17 0.026579034 
121 42 458 535 0.02594766 
60 431 14 18 0.025753139 
38 399 24 30 0.02569667 
342 0 26 24 0.025430093 
458 50 24 30 0.024273342 
370 246 58 70 0.023606438 
731 302 31 38 0.023415588 
364 7 16 20 0.023288036 
471 5 11 13 0.023123944 
56 396 22 29 0.023009848 
149 36 10 12 0.022304729 
325 194 28 42 0.021989217 
947 230 79 114 0.021829829 
55 435 15 20 0.021758309 
144 30 10 12 0.021671083 
447 72 22 28 0.021647422 
501 79 16 20 0.020937813 
634 307 23 28 0.020761447 
102 110 12 16 0.020307213 
625 311 24 30 0.020140938 
