50_Celebration_Or_Party_birthdayparty_50_196
60
195 320 313 447 0.99791616 
182 1069 78 90 0.91301805 
92 1604 37 42 0.3583438 
110 1596 108 124 0.18356785 
834 603 14 17 0.1534908 
787 1042 87 98 0.12882803 
911 1547 57 88 0.11321756 
758 1539 11 16 0.08806028 
98 1601 67 78 0.08702612 
265 1682 181 207 0.079355955 
638 1219 43 63 0.05510628 
835 1553 16 20 0.05355245 
317 1653 90 109 0.053003576 
288 997 212 295 0.05210335 
284 1758 11 14 0.050981775 
63 1008 385 475 0.050554346 
104 190 62 76 0.05048433 
752 1549 23 31 0.04840557 
807 2120 13 13 0.045529425 
808 1558 25 30 0.04229842 
640 1094 8 11 0.04178751 
966 1613 11 15 0.04123406 
1012 592 12 18 0.040837765 
940 583 13 19 0.039550025 
648 1100 8 11 0.038500246 
1008 588 11 15 0.037676357 
655 1102 8 12 0.035552073 
826 1050 88 104 0.034993444 
975 587 14 18 0.034519058 
908 579 15 18 0.034437455 
862 643 12 16 0.033790212 
649 1096 8 11 0.032908816 
724 1145 50 60 0.03232261 
854 83 25 28 0.03172765 
294 1265 38 40 0.029786877 
902 580 12 17 0.028888613 
527 1370 416 500 0.028655821 
608 1111 7 10 0.028113518 
776 1057 63 67 0.02738707 
892 1063 51 79 0.027344834 
855 646 11 14 0.027325274 
925 1543 34 45 0.027081216 
694 84 24 29 0.025959598 
171 179 42 46 0.025706943 
764 1553 15 21 0.02545626 
140 1061 85 119 0.025452489 
622 1125 8 11 0.025398234 
932 578 15 21 0.02526272 
927 1575 57 86 0.024799718 
267 1737 60 67 0.02335363 
885 645 12 15 0.02306497 
116 1822 62 66 0.023047468 
796 1139 12 15 0.022556124 
823 1553 26 32 0.02251874 
756 1538 23 31 0.021853343 
649 1088 8 10 0.020907553 
258 1708 113 127 0.02086829 
632 1104 8 11 0.020718938 
914 584 17 20 0.020579651 
197 1536 356 432 0.02021323 
