50_Celebration_Or_Party_houseparty_50_649
18
409 125 185 258 0.999705 
802 19 201 264 0.5082337 
664 -11 325 442 0.257438 
480 455 435 340 0.19392158 
186 1211 169 276 0.09253115 
130 497 15 17 0.07719845 
24 554 13 17 0.05723922 
637 0 212 301 0.049645 
-118 447 367 481 0.03267893 
355 1979 374 468 0.02809286 
199 1282 494 596 0.026398502 
412 729 439 466 0.02605821 
-32 -62 447 505 0.022532882 
-48 224 392 526 0.022141764 
126 499 24 27 0.02164754 
38 823 16 19 0.021417243 
90 555 16 20 0.02071828 
164 519 15 17 0.02047196 
