50_Celebration_Or_Party_houseparty_50_493
18
492 458 39 51 0.99265575 
646 454 28 32 0.53323907 
250 400 50 90 0.32878387 
107 408 57 70 0.2935554 
8 438 10 11 0.101797156 
205 400 82 109 0.10176618 
181 409 73 87 0.09727605 
-29 -32 359 491 0.087714255 
136 385 76 109 0.0743211 
232 193 346 452 0.066001564 
79 389 65 59 0.06522821 
974 275 47 101 0.05040552 
991 271 33 58 0.03487753 
173 393 41 58 0.028268326 
338 87 203 297 0.023930017 
83 393 35 40 0.023242293 
180 374 31 49 0.022913003 
260 421 60 99 0.020195689 
