50_Celebration_Or_Party_houseparty_50_752
42
420 39 118 155 0.9997707 
731 52 66 78 0.98270226 
719 205 80 81 0.9780491 
585 100 65 84 0.83461916 
685 25 81 103 0.3318385 
891 439 129 106 0.27391258 
567 5 56 55 0.12813345 
62 472 100 111 0.116287775 
673 12 65 83 0.09868718 
372 -4 38 29 0.07453762 
693 387 44 53 0.07073002 
404 220 136 121 0.06930921 
753 33 108 110 0.063999325 
59 401 117 148 0.05922816 
454 453 126 178 0.055117425 
312 12 29 36 0.048317116 
278 -2 29 25 0.043364696 
230 -3 30 32 0.038100563 
779 16 162 154 0.03746751 
317 1 39 39 0.03557426 
560 5 38 40 0.035537574 
641 47 89 127 0.034072276 
929 474 79 80 0.033918396 
598 3 34 33 0.03201929 
613 73 90 124 0.03066718 
670 15 37 48 0.029903026 
890 322 134 172 0.029656485 
105 504 69 73 0.027849546 
521 0 42 31 0.025181638 
428 -2 42 36 0.02514022 
689 193 388 441 0.02512836 
317 30 16 21 0.024801321 
408 -6 52 51 0.023993159 
387 0 40 31 0.023796773 
28 -1 418 415 0.023722343 
252 399 139 183 0.023105953 
576 79 50 83 0.021754192 
552 57 153 198 0.021521783 
355 0 15 14 0.02136204 
636 76 35 52 0.020933092 
545 63 92 140 0.020151706 
44 290 178 266 0.02006455 
