50_Celebration_Or_Party_birthdayparty_50_43
70
398 261 35 46 0.9994185 
640 254 36 43 0.9992694 
520 255 36 45 0.9992106 
755 242 37 46 0.9991786 
205 268 44 57 0.99791354 
462 96 33 42 0.9975331 
626 407 44 55 0.9973066 
484 442 47 55 0.9971892 
582 41 37 42 0.9956566 
771 413 44 53 0.9936446 
299 112 40 49 0.99212974 
716 95 35 44 0.98907286 
202 75 39 47 0.98870426 
353 418 42 52 0.9850461 
209 158 19 20 0.8092511 
793 547 20 22 0.6909806 
625 546 19 23 0.6561562 
465 176 10 12 0.31894824 
195 389 19 20 0.2697973 
764 202 28 34 0.2337336 
210 230 28 34 0.17070596 
733 570 15 20 0.1333517 
519 185 12 15 0.11422832 
682 413 30 34 0.09873501 
360 493 27 30 0.08148595 
487 541 29 31 0.05860372 
190 174 11 13 0.057891894 
715 154 13 18 0.05187745 
472 203 9 13 0.050611824 
538 170 14 18 0.047001757 
679 596 10 13 0.046686146 
400 322 18 20 0.043784387 
532 411 42 51 0.042830475 
536 127 10 12 0.03847388 
737 564 15 19 0.037268285 
462 185 14 18 0.037093278 
445 283 15 19 0.036619667 
487 214 12 14 0.036294814 
470 196 11 15 0.034647003 
533 166 15 17 0.033177897 
208 388 14 17 0.033102486 
629 582 12 16 0.03297161 
645 218 16 22 0.031441774 
332 278 12 13 0.029126072 
654 566 11 15 0.02856811 
674 427 26 36 0.028266799 
491 275 17 20 0.026926257 
452 286 15 21 0.02627086 
738 536 15 21 0.025925368 
470 215 10 13 0.025785014 
532 176 15 18 0.025009489 
706 538 24 34 0.024989376 
708 595 14 20 0.024394762 
697 419 16 17 0.024377469 
323 330 24 32 0.024252908 
735 530 14 19 0.023315694 
151 146 13 18 0.02317863 
735 557 14 18 0.023135548 
688 615 10 13 0.02304691 
502 432 49 57 0.022872847 
479 252 9 11 0.02182849 
279 95 9 11 0.021140393 
478 204 10 13 0.020984607 
664 505 18 21 0.02094447 
516 122 12 16 0.02078377 
696 578 12 15 0.020766126 
941 182 13 16 0.020761674 
361 298 24 28 0.020650174 
518 115 14 16 0.020574432 
517 177 20 26 0.020195082 
