50_Celebration_Or_Party_houseparty_50_17
74
473 104 55 74 0.9991973 
30 398 89 114 0.9987406 
355 155 55 67 0.99866533 
498 387 63 70 0.99863964 
645 139 53 66 0.9985238 
383 389 68 90 0.9979547 
721 353 73 94 0.9972242 
812 106 58 69 0.9968267 
192 392 78 98 0.99466765 
227 64 56 72 0.99222 
925 388 80 101 0.9855847 
260 613 457 499 0.5267405 
22 72 9 13 0.34956264 
25 100 18 23 0.28168634 
647 310 17 19 0.26461852 
56 567 415 480 0.15588175 
414 526 398 481 0.11188052 
658 306 15 17 0.111306995 
16 63 8 10 0.103383526 
246 13 26 33 0.08881805 
400 44 17 20 0.077920355 
62 323 376 453 0.07391871 
272 957 87 69 0.06911637 
667 325 14 16 0.06716379 
446 138 16 19 0.05606054 
0 505 26 34 0.054593824 
390 44 29 35 0.053961206 
77 221 11 15 0.05144181 
76 117 14 19 0.046409763 
616 487 441 516 0.043618456 
599 282 27 33 0.042865254 
644 302 15 19 0.04276313 
785 592 94 119 0.040792137 
17 73 10 15 0.039298065 
347 895 70 60 0.036988653 
638 630 45 60 0.035433672 
353 20 13 17 0.033182997 
444 140 24 32 0.032722753 
25 74 12 15 0.032700848 
0 70 10 17 0.03266925 
341 15 26 33 0.03219315 
64 230 11 14 0.031110525 
102 230 11 13 0.029580839 
611 341 22 32 0.029413713 
22 521 60 97 0.029285979 
245 930 69 70 0.029165125 
418 843 145 115 0.028526833 
69 243 14 18 0.02807615 
-124 474 446 561 0.027348692 
436 138 14 17 0.027046144 
657 317 24 28 0.026799796 
242 6 42 53 0.02639787 
675 324 12 15 0.025489537 
245 112 52 65 0.025053682 
21 84 13 14 0.024564875 
511 420 41 42 0.024439145 
118 714 32 33 0.02442745 
171 100 28 37 0.024203865 
485 429 13 16 0.023903884 
203 75 34 55 0.023717854 
594 295 26 33 0.023199711 
311 891 69 66 0.022489397 
636 298 14 19 0.0224068 
14 85 11 15 0.022297665 
64 227 22 31 0.021782158 
326 908 77 66 0.02167605 
423 163 31 38 0.021621034 
144 238 107 158 0.021620981 
93 221 13 16 0.020407515 
664 328 13 17 0.02038847 
329 876 67 59 0.020239215 
68 226 14 18 0.020192323 
436 135 25 29 0.02006694 
56 248 25 31 0.020055916 
