50_Celebration_Or_Party_birthdayparty_50_249
32
150 272 61 66 0.99925476 
662 186 52 68 0.99925095 
805 190 59 73 0.99763083 
349 267 59 65 0.9971951 
577 238 49 64 0.9964264 
526 124 43 59 0.6672237 
586 156 28 46 0.43095672 
603 100 39 41 0.3021558 
547 134 38 49 0.15064968 
24 99 108 150 0.11985575 
500 101 77 98 0.06646729 
759 27 12 15 0.059699647 
902 70 27 39 0.043237224 
851 534 33 41 0.043067586 
571 164 41 58 0.041372437 
907 65 15 20 0.040442552 
611 76 35 48 0.03582449 
511 118 41 59 0.03511682 
534 99 63 79 0.034629717 
209 222 33 45 0.032074317 
570 145 31 41 0.030929375 
756 36 13 16 0.028051546 
223 215 28 41 0.026596045 
580 69 61 71 0.02573476 
131 207 28 34 0.024859823 
903 76 40 50 0.024577584 
735 185 28 46 0.0243838 
145 219 30 38 0.023949472 
585 104 38 39 0.023700014 
230 224 41 57 0.023294885 
563 132 32 40 0.022962378 
179 95 404 472 0.022039052 
