50_Celebration_Or_Party_houseparty_50_326
20
65 310 107 135 0.9999 
830 324 111 154 0.9998783 
353 310 49 59 0.9953739 
309 579 342 405 0.119013205 
79 676 36 44 0.10684859 
715 413 54 66 0.10175363 
186 484 332 450 0.055479344 
43 339 426 496 0.054411873 
0 741 19 43 0.048568554 
743 952 29 37 0.04820501 
481 608 27 32 0.037822325 
211 10 16 18 0.029516866 
741 398 363 481 0.026509585 
557 610 16 19 0.02542446 
648 434 37 51 0.02499557 
418 368 89 112 0.023785453 
289 314 28 40 0.023073977 
754 54 99 116 0.02194704 
968 97 24 31 0.021860233 
668 76 372 488 0.020012455 
