50_Celebration_Or_Party_birthdayparty_50_283
90
811 178 37 44 0.9981938 
246 375 51 69 0.99700975 
594 309 37 45 0.99687636 
123 456 55 76 0.9962908 
364 353 34 52 0.99363494 
439 270 25 35 0.9931463 
14 461 72 108 0.991546 
654 166 42 53 0.99052304 
887 295 31 40 0.9785372 
459 313 23 26 0.9556807 
770 333 35 51 0.9008916 
465 355 29 38 0.8055108 
850 230 27 35 0.72296506 
780 485 52 57 0.5344443 
387 241 15 19 0.34220368 
865 449 49 81 0.2615009 
178 113 45 63 0.20121746 
482 258 19 23 0.18907933 
124 113 42 66 0.10407261 
452 201 13 17 0.09596834 
483 183 17 22 0.08658571 
885 443 55 86 0.0819513 
761 343 23 37 0.08098596 
618 190 28 32 0.077145785 
748 292 18 27 0.07279583 
449 353 27 35 0.06893855 
453 192 25 32 0.06606449 
871 472 63 91 0.06033313 
758 467 50 61 0.05918066 
729 235 15 21 0.058781832 
339 242 15 18 0.05358429 
266 396 38 52 0.047531065 
754 473 75 93 0.04624868 
838 448 63 63 0.04397524 
128 535 35 46 0.042512473 
766 465 29 42 0.03931822 
724 297 15 25 0.038001463 
731 319 20 21 0.03723396 
464 185 24 29 0.036689058 
46 459 73 102 0.03540075 
490 177 15 23 0.033231176 
366 244 11 14 0.033172593 
158 486 32 45 0.032402318 
423 247 11 13 0.03215292 
32 203 13 15 0.03119374 
45 510 42 54 0.03117105 
461 184 15 22 0.030890722 
428 247 12 15 0.0303497 
448 198 12 16 0.030105421 
326 235 14 16 0.030099558 
474 192 19 23 0.030062983 
158 66 12 14 0.02943797 
861 321 20 33 0.029249385 
449 267 16 24 0.028951846 
652 323 14 19 0.028572105 
485 212 11 15 0.02847458 
571 400 42 51 0.02807466 
675 521 49 65 0.02800412 
898 468 60 83 0.027946567 
908 409 64 75 0.027608918 
735 302 25 29 0.02698211 
717 294 16 27 0.026811413 
183 341 16 16 0.026799783 
605 200 12 15 0.026791329 
858 231 15 19 0.025932625 
478 210 14 18 0.025269454 
163 96 73 100 0.024626411 
459 202 15 19 0.024535514 
728 295 22 30 0.024257256 
374 242 14 17 0.024239294 
329 234 21 25 0.024073502 
813 250 29 38 0.024062578 
462 193 36 46 0.02398607 
284 251 15 17 0.02342879 
435 251 12 15 0.02294221 
504 231 10 13 0.022906607 
411 189 11 14 0.022665802 
364 217 21 26 0.022459388 
267 249 15 18 0.022217106 
491 213 13 16 0.02219609 
332 468 36 39 0.02202599 
523 576 176 144 0.021918764 
50 265 123 152 0.021584483 
520 325 26 32 0.02134713 
231 244 9 13 0.02132528 
313 340 10 12 0.021320488 
877 300 24 35 0.021250932 
142 80 23 33 0.021141535 
125 258 31 34 0.020712532 
394 237 12 16 0.020711005 
