50_Celebration_Or_Party_houseparty_50_715
1208
807 557 12 14 0.50474656 
240 484 11 14 0.43815508 
150 439 10 12 0.40294594 
199 431 9 10 0.40219513 
185 446 9 11 0.3669172 
616 479 11 12 0.3293025 
59 493 11 14 0.3236928 
173 430 9 10 0.30506417 
207 496 12 15 0.2979452 
201 461 8 10 0.2916691 
97 431 8 10 0.24781486 
25 485 10 12 0.24747242 
834 562 14 18 0.2392008 
681 483 10 13 0.23445466 
88 462 8 11 0.22840396 
142 453 8 10 0.220902 
618 109 28 35 0.2183627 
71 476 10 13 0.21582498 
56 469 9 13 0.21433023 
96 462 8 10 0.20746168 
173 425 8 10 0.2070313 
224 452 10 11 0.20679764 
184 440 8 9 0.20187879 
799 526 10 13 0.19847842 
69 445 9 11 0.19838384 
53 453 9 11 0.19624642 
752 511 10 12 0.19573781 
150 534 10 13 0.19454044 
161 468 9 11 0.19150507 
530 541 15 17 0.18368082 
722 545 14 17 0.17989643 
251 5 464 506 0.17660642 
231 406 8 10 0.17407507 
501 134 24 28 0.1734068 
114 455 8 10 0.17251177 
69 440 9 11 0.16849872 
234 432 7 9 0.16813283 
494 546 13 17 0.1660998 
696 502 11 15 0.16480178 
121 476 9 12 0.16438073 
686 580 15 19 0.15909067 
165 470 9 11 0.15855399 
753 495 8 10 0.15733106 
815 515 10 13 0.15445106 
669 556 14 17 0.15302733 
216 462 8 10 0.15283497 
160 532 12 15 0.15262339 
153 486 9 12 0.15257885 
381 541 8 11 0.14967646 
832 550 10 12 0.14912179 
189 514 12 15 0.1475973 
161 478 9 11 0.14618005 
662 602 14 17 0.14595783 
670 493 9 12 0.14528672 
97 423 8 9 0.14510983 
201 456 9 11 0.14496689 
629 563 13 17 0.14255206 
185 452 9 11 0.14016487 
652 578 13 15 0.14003885 
128 461 9 11 0.13991849 
607 570 13 18 0.13761355 
217 437 9 10 0.1372272 
607 453 9 11 0.13711862 
594 469 9 11 0.13634793 
218 415 7 9 0.13528383 
125 478 10 12 0.13283606 
201 470 9 11 0.13200161 
135 461 8 11 0.13176441 
776 494 10 13 0.13081257 
284 587 13 17 0.1303572 
853 550 12 15 0.13018768 
631 456 8 10 0.12884928 
169 439 8 10 0.1282299 
696 471 8 10 0.12785208 
209 446 8 10 0.1266655 
800 531 12 15 0.12655526 
262 471 8 11 0.12572849 
596 560 15 21 0.1251557 
525 594 16 19 0.12346492 
103 470 10 12 0.12327311 
102 461 8 11 0.12216279 
886 523 10 14 0.12015263 
144 423 7 9 0.11978751 
241 416 7 10 0.11976402 
416 139 33 34 0.11790692 
766 479 8 9 0.117891885 
206 432 8 10 0.11744634 
143 431 7 9 0.11721536 
742 511 9 11 0.11620491 
150 470 10 12 0.11531929 
674 462 7 10 0.11464813 
112 416 8 10 0.11305903 
56 500 12 15 0.11242687 
161 406 7 9 0.11167717 
599 510 12 15 0.11102253 
737 511 9 11 0.1099393 
29 479 11 14 0.10924578 
615 499 11 15 0.10825393 
58 531 16 19 0.10811164 
274 422 7 9 0.10683995 
634 477 9 11 0.10668369 
672 457 6 8 0.106429644 
96 448 8 9 0.10636942 
414 548 10 11 0.10633251 
94 530 14 18 0.105105184 
725 570 12 15 0.104841754 
784 465 7 9 0.10357698 
241 447 8 10 0.10271414 
185 414 8 9 0.102428645 
774 499 10 12 0.10234312 
599 486 10 12 0.10085512 
713 456 6 9 0.100031026 
112 438 8 11 0.099938184 
165 462 9 11 0.099445656 
104 476 10 11 0.099222206 
144 448 8 10 0.09917088 
54 449 9 10 0.099010624 
221 416 8 10 0.09898745 
128 446 8 9 0.09896372 
738 488 8 11 0.098507024 
113 421 8 10 0.09791064 
48 432 8 9 0.097484164 
602 452 9 12 0.09635621 
297 416 7 8 0.09585555 
189 453 9 11 0.09549517 
612 541 15 18 0.09517599 
633 470 9 11 0.09467382 
118 455 8 10 0.09418012 
671 501 11 14 0.093997285 
22 468 10 12 0.09377065 
661 470 8 10 0.09332779 
159 447 8 10 0.0931936 
776 487 8 9 0.09247155 
199 435 9 12 0.09212261 
157 483 10 14 0.09118146 
129 414 7 9 0.09106207 
832 557 13 16 0.09084362 
205 471 8 11 0.09068809 
80 454 9 11 0.090266235 
612 631 11 14 0.09003299 
216 432 9 10 0.089786656 
136 478 8 11 0.089361854 
522 571 14 17 0.08928626 
751 501 8 10 0.088772535 
305 445 8 10 0.08863163 
137 454 8 11 0.08838562 
136 470 8 10 0.087775104 
159 423 7 9 0.087571606 
127 430 7 9 0.08680363 
329 425 8 9 0.08667615 
637 497 11 14 0.08648989 
168 445 8 10 0.08648706 
193 408 7 9 0.08565792 
109 471 10 12 0.08534738 
278 422 8 9 0.08491745 
199 500 12 13 0.084904544 
163 526 14 16 0.08477384 
664 491 10 13 0.08416066 
136 448 7 9 0.08410198 
772 578 14 18 0.08238714 
145 471 9 11 0.08217813 
663 445 7 9 0.08206416 
138 432 8 9 0.08202052 
286 437 7 10 0.0819207 
911 527 10 14 0.081814505 
528 470 10 13 0.081702985 
95 477 8 11 0.08161015 
4 460 11 15 0.08155161 
410 548 8 11 0.081339836 
451 511 9 12 0.0813098 
557 579 14 17 0.08120376 
604 564 14 18 0.080865994 
768 519 9 11 0.080813855 
14 477 12 15 0.080746576 
111 492 10 13 0.08041797 
361 650 11 14 0.0800177 
155 538 13 16 0.079938844 
152 477 8 10 0.07987467 
56 461 9 12 0.079718985 
222 469 10 11 0.07965772 
731 600 16 21 0.0796512 
146 437 8 11 0.07961564 
119 502 11 13 0.07941606 
591 452 8 10 0.079385854 
728 471 8 9 0.07907074 
655 491 9 11 0.07896493 
829 508 12 15 0.078721166 
88 469 9 11 0.07833734 
420 594 12 16 0.07804455 
126 511 12 14 0.078041375 
241 398 7 9 0.077213 
287 447 8 11 0.07711463 
79 449 8 9 0.07705587 
321 535 10 12 0.07703371 
264 438 8 9 0.076628 
132 516 12 14 0.0765669 
612 596 13 17 0.0765127 
97 455 8 10 0.07646313 
606 501 12 15 0.07637678 
119 515 13 15 0.07626566 
174 494 10 13 0.07622032 
721 472 8 10 0.07582991 
663 441 8 9 0.075696744 
96 436 9 11 0.07546078 
191 492 9 13 0.07521785 
749 531 11 14 0.07498081 
104 445 8 11 0.074758664 
648 477 7 10 0.07468402 
768 501 9 12 0.07407186 
499 88 17 19 0.07381602 
70 470 11 13 0.073521465 
95 470 9 11 0.073303096 
121 445 7 10 0.07311982 
306 385 7 8 0.072995685 
749 541 12 14 0.072855555 
675 470 8 10 0.07275787 
162 401 7 9 0.07268273 
458 153 25 32 0.07254182 
366 493 8 11 0.07231027 
840 534 11 13 0.07227754 
661 487 10 12 0.07222797 
286 432 7 9 0.072071664 
658 464 7 9 0.07196364 
537 433 8 9 0.071962826 
596 594 12 16 0.07174657 
279 416 7 9 0.07143102 
96 486 9 11 0.07111675 
36 525 13 16 0.0708641 
589 447 9 11 0.07067246 
720 501 9 11 0.07054248 
343 526 8 11 0.07027241 
177 478 8 11 0.070097 
581 462 9 11 0.06972974 
249 399 8 9 0.06969855 
472 456 7 9 0.06968692 
39 464 9 11 0.06939622 
127 470 7 10 0.069349214 
289 408 6 8 0.068681225 
482 472 7 9 0.06841181 
184 409 7 9 0.068328075 
674 553 14 18 0.06828637 
193 478 8 11 0.06825953 
536 545 15 18 0.068075284 
688 461 6 9 0.06803238 
703 463 7 8 0.067871936 
206 461 8 10 0.067633934 
721 495 8 11 0.06757157 
722 476 8 10 0.06735628 
80 431 8 10 0.06727398 
249 431 8 10 0.06713482 
215 421 9 10 0.0670935 
101 423 8 10 0.06706561 
658 448 7 9 0.06675275 
736 471 7 9 0.066715 
504 455 9 10 0.066525325 
48 438 8 9 0.0665199 
881 576 18 23 0.066124976 
433 519 9 11 0.06612185 
647 515 11 13 0.06589295 
800 502 9 12 0.065855965 
28 509 12 14 0.06579237 
65 413 7 10 0.06552173 
666 629 15 19 0.06501906 
713 462 8 9 0.06493387 
201 447 8 10 0.06488537 
877 516 12 14 0.06488054 
24 492 10 13 0.06458146 
177 399 7 8 0.06445455 
799 495 9 10 0.064371064 
151 539 11 16 0.06415064 
215 409 7 9 0.064041115 
152 417 7 9 0.063993186 
794 504 8 11 0.06391032 
161 454 7 9 0.063726164 
223 392 8 9 0.06309573 
23 478 11 15 0.063052036 
207 392 7 8 0.063036025 
167 409 7 8 0.06282702 
698 464 7 8 0.06259234 
185 471 8 10 0.062461454 
608 460 9 12 0.062026713 
200 425 7 9 0.061945166 
166 455 9 10 0.06174079 
782 555 11 15 0.061669946 
700 598 13 17 0.06164849 
839 527 11 13 0.061368547 
102 502 13 15 0.061252203 
310 440 8 10 0.06114249 
56 430 8 10 0.06104922 
394 559 8 12 0.060626835 
137 400 8 9 0.060469277 
711 480 8 10 0.060434565 
206 454 8 11 0.06022023 
579 579 15 18 0.05999163 
361 487 8 10 0.059963785 
151 464 9 10 0.05995835 
137 423 8 9 0.059954233 
720 527 10 12 0.059927776 
197 508 12 14 0.059780672 
607 546 12 15 0.059456952 
209 399 6 8 0.058877487 
63 467 9 14 0.05881532 
918 585 12 15 0.058771435 
145 416 6 8 0.05875593 
175 437 8 10 0.0587035 
612 522 12 15 0.05869892 
670 508 11 14 0.058548864 
591 553 15 19 0.05852299 
462 565 11 14 0.05830394 
613 454 8 10 0.058294144 
241 550 9 12 0.05826039 
111 445 9 10 0.058187265 
726 477 8 10 0.057884198 
382 536 8 11 0.057808388 
558 448 8 10 0.057806637 
760 501 8 10 0.057707768 
742 478 7 9 0.0576821 
225 398 7 9 0.057636905 
773 532 12 14 0.057571623 
191 415 7 9 0.057528548 
678 464 8 9 0.057386298 
616 472 9 11 0.057244413 
241 517 10 12 0.057216715 
306 441 7 9 0.057112973 
271 455 8 10 0.05706184 
61 488 10 13 0.057000257 
738 478 7 10 0.05667139 
387 118 14 16 0.056606386 
236 575 10 13 0.056605477 
297 431 8 10 0.056601465 
103 457 8 10 0.0562729 
845 539 11 13 0.0561834 
586 501 12 13 0.055911977 
780 577 13 17 0.055823423 
668 605 15 19 0.05578782 
127 440 8 10 0.055744354 
678 537 14 17 0.05569705 
15 500 11 15 0.055633746 
389 581 11 13 0.05531775 
262 639 11 14 0.055240683 
136 438 7 9 0.05522513 
567 454 9 10 0.054805372 
272 406 7 9 0.054547295 
727 510 9 12 0.054518625 
719 515 10 12 0.054330654 
647 463 7 10 0.054291762 
121 440 7 9 0.054278325 
184 462 8 11 0.05421431 
159 517 12 14 0.05416697 
183 398 7 9 0.054119926 
671 488 9 12 0.05403322 
376 548 8 10 0.054030795 
807 644 10 14 0.053894754 
160 430 7 9 0.053777028 
720 510 9 12 0.053453278 
809 495 8 11 0.0534231 
302 416 7 8 0.053393777 
297 422 7 9 0.053264298 
792 543 11 13 0.0532398 
719 464 7 8 0.053156003 
526 536 13 17 0.053123165 
23 505 13 16 0.05279301 
235 423 7 9 0.052769396 
775 440 8 9 0.052665755 
264 432 7 9 0.052644845 
256 415 7 9 0.052608546 
653 514 12 14 0.052603297 
205 526 11 14 0.052537806 
439 495 7 10 0.05253119 
705 478 8 10 0.052494228 
190 486 10 13 0.052331425 
217 469 8 11 0.0523072 
830 589 12 15 0.052179173 
128 410 7 8 0.052121866 
199 407 7 9 0.051981047 
457 194 26 32 0.051865205 
96 586 15 19 0.051561154 
688 457 7 8 0.05149557 
535 500 12 17 0.051484037 
604 557 14 17 0.051365852 
199 391 7 9 0.05134875 
662 515 11 14 0.05125027 
192 423 7 9 0.05119199 
175 472 8 11 0.051183008 
199 532 10 14 0.050976515 
623 6 390 455 0.050755393 
256 439 8 9 0.05069326 
263 390 7 9 0.050664224 
583 454 9 11 0.05045338 
752 465 7 9 0.05042549 
65 409 8 10 0.05033321 
222 461 10 12 0.050315093 
81 460 9 11 0.050307937 
86 456 9 10 0.05024453 
195 558 12 15 0.050237812 
151 434 8 9 0.05014483 
432 471 8 10 0.05011375 
610 554 13 17 0.05003782 
165 482 10 12 0.049597133 
752 470 7 9 0.049482048 
304 525 8 12 0.04944544 
80 437 8 10 0.04937312 
199 477 9 11 0.04924419 
205 504 13 17 0.04923891 
271 440 7 9 0.04911169 
216 399 6 8 0.049083807 
967 390 12 14 0.049073286 
712 500 9 12 0.04906222 
49 447 9 12 0.048977353 
88 438 8 10 0.048788827 
88 432 8 9 0.048728734 
742 493 9 11 0.04868856 
121 461 8 10 0.048599835 
732 562 13 17 0.04857761 
533 469 10 13 0.048533224 
865 508 10 13 0.048475686 
94 499 11 15 0.04841393 
195 431 7 9 0.048298694 
703 495 8 12 0.048298206 
89 422 8 10 0.04828322 
755 563 15 18 0.04818606 
152 421 8 9 0.04817852 
743 539 11 14 0.04804939 
120 423 7 9 0.04802977 
836 607 12 15 0.047959257 
197 526 11 14 0.04780661 
218 393 7 9 0.04769451 
880 523 12 15 0.047663428 
6 443 10 13 0.047634855 
191 561 12 16 0.047578838 
705 456 7 8 0.047004085 
761 486 8 10 0.046960514 
212 507 12 15 0.046813693 
472 461 7 9 0.046780676 
40 408 9 10 0.046652503 
337 606 9 12 0.046642177 
421 544 10 12 0.04660879 
273 402 7 8 0.04656527 
120 415 8 9 0.046534486 
455 487 7 9 0.046414196 
718 551 13 16 0.04631042 
557 515 12 15 0.04627014 
342 605 11 13 0.046210285 
273 416 9 9 0.04619564 
282 438 8 10 0.046045892 
40 453 9 12 0.04603229 
41 432 7 9 0.045952972 
884 545 14 17 0.045951698 
138 408 7 8 0.04594737 
504 448 7 9 0.045931406 
89 447 7 9 0.045930903 
255 430 7 10 0.045764256 
121 431 7 8 0.04571081 
696 476 8 11 0.045685902 
577 454 9 11 0.045677606 
282 431 8 10 0.045618247 
605 532 13 16 0.045595042 
3 492 12 14 0.045500673 
336 446 7 9 0.045416344 
653 432 7 9 0.045349546 
384 582 10 12 0.045281243 
11 518 12 16 0.045257054 
744 527 10 12 0.04516214 
655 454 7 8 0.04505666 
127 398 7 9 0.045042954 
582 130 27 35 0.04497464 
57 425 8 9 0.044893946 
382 486 9 11 0.04477991 
281 496 10 12 0.044644024 
589 590 15 19 0.044476077 
169 384 7 9 0.04447066 
31 469 9 12 0.044284564 
542 147 32 38 0.044271942 
270 461 8 10 0.044212613 
534 475 11 15 0.044178877 
728 488 8 10 0.043986715 
619 507 12 15 0.043765437 
727 492 8 11 0.043749735 
144 476 9 11 0.043477148 
399 503 9 11 0.04334701 
73 452 8 11 0.043320335 
208 437 8 10 0.043302346 
759 496 8 10 0.043162152 
649 449 7 9 0.043086182 
421 486 9 11 0.043064006 
110 460 10 12 0.04300851 
200 400 6 8 0.043001555 
14 460 13 18 0.042921484 
182 433 8 9 0.04290698 
297 408 7 8 0.042833213 
553 440 8 9 0.042810872 
247 415 8 9 0.04275224 
88 494 10 13 0.0427072 
103 437 10 12 0.042682767 
585 440 7 9 0.04267125 
815 496 8 10 0.042668294 
606 602 13 18 0.042418983 
591 517 11 15 0.04234447 
358 510 8 10 0.042330373 
669 532 13 16 0.04230635 
695 601 14 17 0.042274117 
71 408 7 9 0.042255316 
239 430 9 11 0.042230625 
217 456 8 11 0.04219297 
70 464 8 11 0.04216379 
660 588 12 14 0.042158954 
736 464 7 8 0.04203849 
311 596 8 12 0.041968238 
600 439 9 9 0.04191907 
256 448 7 10 0.041913446 
113 432 7 10 0.041799024 
191 523 11 14 0.041797858 
638 471 9 12 0.041794132 
487 440 7 9 0.041712027 
623 431 8 10 0.04164985 
191 439 8 10 0.04161555 
614 462 8 10 0.041539505 
591 477 9 12 0.041423175 
698 496 9 13 0.041228592 
178 408 7 9 0.041205984 
255 557 10 13 0.041197184 
136 416 7 8 0.041068867 
482 440 7 9 0.041045323 
32 464 9 11 0.04092769 
663 464 7 10 0.040915173 
239 556 10 13 0.04090507 
661 538 13 16 0.040897496 
761 455 7 9 0.04082027 
744 533 10 12 0.040744714 
768 455 8 10 0.040720254 
161 416 7 9 0.040686116 
453 515 9 12 0.04062422 
879 566 13 15 0.040616866 
503 461 8 10 0.04044309 
143 461 9 10 0.040391456 
747 578 13 17 0.0403519 
303 422 6 9 0.04032096 
97 417 7 9 0.040195905 
250 407 7 9 0.040136665 
287 567 11 14 0.040022545 
564 540 13 18 0.039895926 
344 487 8 10 0.039889086 
232 401 7 9 0.039877653 
685 479 9 12 0.03984961 
657 579 14 17 0.039646015 
554 446 8 10 0.039578184 
344 470 8 10 0.039494872 
768 495 9 12 0.03938172 
598 601 13 17 0.039352775 
280 470 8 10 0.039253213 
959 526 9 11 0.039229456 
202 416 7 8 0.039132513 
804 535 14 17 0.039089914 
620 107 20 22 0.03902064 
794 602 15 20 0.038960215 
417 591 11 14 0.038878623 
80 424 7 9 0.038866997 
88 385 8 9 0.038865376 
861 598 13 17 0.038850162 
496 430 7 9 0.038834043 
663 509 11 14 0.0387668 
353 511 8 10 0.038744736 
128 423 8 10 0.03866563 
648 574 13 16 0.0386638 
192 462 9 10 0.038632512 
598 464 9 11 0.038596135 
125 521 14 16 0.038548682 
574 479 10 12 0.038484167 
243 478 11 14 0.038412735 
800 487 7 10 0.038381714 
587 538 14 19 0.038322926 
1 456 9 14 0.038302034 
102 486 9 11 0.038168468 
266 424 6 8 0.038113628 
325 574 10 12 0.038113244 
366 606 10 12 0.03799223 
690 470 8 10 0.0379789 
718 569 13 17 0.037930857 
172 531 12 15 0.037851274 
126 482 10 13 0.03767104 
677 585 13 16 0.037555043 
465 455 8 10 0.03755329 
351 416 7 9 0.037477568 
229 447 9 11 0.03747559 
145 390 7 10 0.037467748 
20 452 11 14 0.037425928 
185 421 8 10 0.037392586 
681 447 7 9 0.03738177 
154 546 13 17 0.037379593 
598 475 11 13 0.03727239 
328 447 7 9 0.037229907 
239 439 8 9 0.037148945 
643 530 13 16 0.03712773 
594 125 36 40 0.037120726 
783 518 10 12 0.03707218 
863 533 12 14 0.03697812 
366 502 8 10 0.03690474 
123 399 7 10 0.036863226 
504 440 6 8 0.036708027 
842 563 15 18 0.036598176 
660 620 14 17 0.03658591 
586 446 8 10 0.036480308 
246 511 10 12 0.036400165 
567 136 29 35 0.036383167 
118 521 13 15 0.03636847 
280 549 10 12 0.036300473 
541 477 10 13 0.03629392 
727 504 8 10 0.036232244 
820 513 12 16 0.036232226 
702 471 7 9 0.036191903 
177 447 7 10 0.036185946 
192 471 7 10 0.036137603 
515 488 11 13 0.036076978 
144 398 7 9 0.035974395 
134 494 11 14 0.03582777 
255 452 8 11 0.035761196 
177 485 9 12 0.035741813 
440 542 9 12 0.035725627 
502 556 13 17 0.03570656 
726 516 10 12 0.035670478 
649 453 7 10 0.035542954 
694 617 16 20 0.03550953 
206 414 7 9 0.0353444 
257 392 8 9 0.03523118 
469 188 28 33 0.035212565 
720 448 7 9 0.035182834 
465 496 7 9 0.03517346 
623 471 8 11 0.03512371 
457 414 8 10 0.03507508 
879 548 13 16 0.0350557 
266 462 8 11 0.034950867 
304 399 7 8 0.03480965 
359 465 8 8 0.034787945 
56 525 12 15 0.034783263 
567 532 12 16 0.034726307 
813 580 12 14 0.03472009 
398 563 9 12 0.034629896 
416 512 9 11 0.034588065 
650 486 8 12 0.034579694 
449 111 18 21 0.034477755 
846 509 9 13 0.0344578 
169 416 7 9 0.034422673 
464 439 7 9 0.034421965 
710 570 13 17 0.034365587 
230 503 10 12 0.034322146 
662 478 8 10 0.034318045 
102 561 14 17 0.034249697 
32 408 8 10 0.03410435 
757 516 10 12 0.03409805 
60 507 11 14 0.034060635 
555 524 13 15 0.034006584 
520 453 8 10 0.033987533 
800 556 13 16 0.033980023 
879 571 15 20 0.033861972 
486 477 8 10 0.03385336 
497 463 8 10 0.033828385 
222 433 8 10 0.033807024 
255 407 8 9 0.033798132 
175 453 9 11 0.0337297 
797 538 12 15 0.03369298 
537 564 15 19 0.033649005 
735 503 8 10 0.03359144 
95 518 11 13 0.03357997 
247 542 10 12 0.033551894 
520 448 8 9 0.03342406 
309 550 10 12 0.033420287 
579 506 15 17 0.033417575 
594 521 15 20 0.033385217 
767 484 9 11 0.033379506 
233 437 7 9 0.033339556 
558 541 13 17 0.033338908 
415 517 9 11 0.03331641 
304 470 7 10 0.03327464 
494 526 9 13 0.033254374 
511 504 12 15 0.033247434 
48 461 9 11 0.03323545 
711 517 10 12 0.03320384 
256 424 7 8 0.033102762 
195 515 12 14 0.033079352 
184 392 7 9 0.03304637 
295 447 7 11 0.032996953 
198 484 10 12 0.032951802 
440 447 7 10 0.03293756 
754 489 7 9 0.032897223 
320 580 9 12 0.03289543 
778 651 13 18 0.03289324 
486 472 8 10 0.032879278 
126 533 13 16 0.0327946 
745 504 8 10 0.03275096 
831 544 10 12 0.032718286 
653 550 13 16 0.032626208 
623 439 7 9 0.03260396 
255 398 8 10 0.03250513 
1003 520 8 11 0.032464195 
177 393 7 9 0.032456897 
279 532 9 12 0.03245144 
206 515 12 13 0.032405864 
580 522 15 19 0.03237834 
959 518 9 10 0.032241244 
647 502 10 13 0.0322396 
933 540 11 15 0.032236088 
210 408 7 9 0.032218043 
620 520 14 18 0.03217723 
614 591 12 15 0.03207836 
869 509 12 14 0.032025598 
282 367 8 9 0.031994347 
923 578 15 20 0.03197708 
838 508 11 14 0.03194905 
281 409 7 8 0.03187208 
676 572 13 17 0.03180682 
609 478 10 12 0.03178094 
111 488 10 11 0.031768702 
779 464 7 10 0.031758837 
109 500 12 16 0.03161678 
252 95 13 14 0.031577915 
512 455 8 10 0.031520188 
319 487 7 9 0.031477835 
99 526 12 15 0.031391483 
421 601 12 14 0.031350657 
844 555 14 17 0.031327188 
836 595 12 15 0.031320732 
264 415 8 9 0.031234792 
589 509 12 16 0.031219963 
671 128 24 32 0.031168437 
374 559 8 11 0.031147443 
537 437 8 9 0.031124571 
143 409 7 8 0.031081876 
824 480 7 10 0.031044276 
273 384 7 9 0.03101798 
488 447 7 9 0.031014986 
577 485 10 12 0.030968353 
555 143 30 36 0.030966094 
634 558 13 16 0.03092379 
42 437 8 11 0.030911334 
888 605 12 15 0.030875847 
47 469 10 12 0.030820541 
158 439 8 11 0.030752117 
444 215 31 38 0.030738702 
346 430 7 10 0.030737858 
732 634 13 17 0.030721076 
633 493 11 15 0.03071608 
775 555 13 16 0.030698026 
289 392 7 9 0.030633917 
254 600 12 15 0.030609911 
269 638 10 14 0.030608347 
633 439 7 9 0.030538386 
183 477 8 11 0.030538045 
488 423 8 9 0.030521372 
169 391 7 9 0.030464983 
437 565 11 12 0.030444715 
535 516 12 16 0.030345943 
193 391 8 9 0.03026318 
247 502 10 11 0.030242952 
553 470 10 12 0.030206582 
538 555 13 18 0.030184131 
797 547 12 15 0.030181902 
127 392 8 9 0.0301073 
311 496 8 10 0.030020867 
611 532 14 18 0.030019367 
553 431 7 9 0.030005805 
333 424 6 9 0.030005733 
74 424 7 9 0.029987514 
744 472 8 10 0.02996991 
571 528 14 18 0.029942527 
556 503 12 15 0.029910095 
509 416 8 9 0.029898005 
432 523 9 12 0.029870825 
778 470 6 9 0.029815825 
110 540 12 15 0.029805839 
875 509 12 15 0.029772155 
806 499 10 12 0.02976958 
290 413 6 9 0.029757677 
406 502 10 10 0.029719984 
343 533 8 10 0.029620396 
176 462 8 10 0.029613562 
997 596 14 19 0.029587211 
391 478 9 10 0.029551812 
306 391 7 9 0.029543145 
151 390 7 9 0.029502444 
369 559 9 11 0.029498482 
366 488 9 11 0.0294924 
786 578 12 15 0.029482068 
193 399 7 8 0.029466055 
760 431 8 10 0.029455137 
399 526 9 11 0.029446598 
782 525 11 13 0.029438753 
9 344 7 9 0.02943389 
799 521 10 11 0.029391201 
446 431 8 10 0.029368319 
669 567 14 19 0.0293639 
56 440 8 9 0.029309329 
480 456 7 9 0.029264392 
335 415 7 8 0.029238492 
344 466 8 9 0.029237079 
811 535 12 14 0.029200858 
320 408 6 9 0.029179063 
240 511 10 12 0.029176105 
498 448 7 8 0.0291482 
835 551 12 13 0.029140659 
121 510 21 24 0.029103732 
343 478 8 10 0.028903838 
286 501 8 10 0.028879734 
649 431 8 10 0.028802427 
580 494 13 14 0.028798025 
548 538 13 17 0.028757032 
472 495 8 10 0.028688444 
235 120 29 35 0.028679157 
653 503 11 13 0.02867297 
823 543 10 13 0.02860807 
62 453 9 10 0.028586807 
265 385 7 9 0.028568102 
673 431 7 9 0.0285271 
830 525 11 14 0.028507933 
313 409 7 8 0.028502662 
361 503 8 11 0.028499698 
656 604 13 15 0.028499614 
618 439 8 10 0.028496431 
527 447 8 10 0.028489383 
288 470 7 10 0.028475793 
322 455 7 9 0.02846292 
743 432 8 9 0.028420387 
628 613 13 17 0.028420124 
781 540 11 14 0.028391156 
280 398 7 9 0.028331403 
568 438 7 9 0.028327499 
572 564 12 16 0.028324297 
718 454 8 9 0.028313091 
696 455 7 9 0.028291034 
204 485 11 13 0.02827215 
498 542 14 17 0.028270302 
667 512 12 16 0.028180856 
303 408 7 8 0.028127 
648 471 7 10 0.028126055 
233 558 9 12 0.028065292 
321 447 8 9 0.028063523 
679 490 11 14 0.028059855 
6 407 8 10 0.028057126 
208 385 7 8 0.027978146 
423 526 9 11 0.027941516 
249 393 8 10 0.027909786 
640 448 7 9 0.027905561 
481 519 8 10 0.027857978 
768 473 7 9 0.027856326 
768 538 13 17 0.027841667 
618 491 12 15 0.027834758 
117 533 14 16 0.027807493 
384 606 9 12 0.027770288 
35 517 12 16 0.027749348 
110 549 13 16 0.027747748 
1006 525 9 12 0.02773373 
202 491 20 25 0.027720798 
6 399 7 9 0.027715746 
996 547 12 15 0.027705494 
879 531 11 13 0.027702343 
550 500 12 16 0.027694248 
183 511 10 13 0.027677117 
232 484 11 15 0.027645554 
542 438 7 9 0.02760607 
950 548 12 15 0.027603183 
296 384 7 8 0.027535122 
824 509 11 15 0.027530992 
832 611 13 15 0.027521502 
338 526 9 11 0.027517086 
823 525 11 14 0.027504573 
776 481 7 9 0.027500287 
529 466 9 11 0.027498743 
95 409 8 8 0.027498018 
767 525 9 11 0.027494276 
768 510 9 10 0.027478551 
602 448 8 10 0.02741504 
711 546 13 17 0.027351417 
450 470 9 12 0.027343571 
584 469 9 11 0.027323354 
351 422 7 9 0.02732253 
240 463 8 10 0.027295308 
607 494 11 14 0.027283192 
869 538 11 14 0.027201988 
167 399 7 9 0.027180936 
656 439 8 9 0.027164457 
641 463 8 10 0.027148396 
825 448 8 10 0.027142804 
639 438 7 9 0.02707889 
825 502 9 11 0.027075067 
579 515 14 18 0.027045216 
104 416 7 10 0.027005706 
748 569 15 18 0.02697953 
76 470 10 13 0.026946723 
311 384 7 9 0.02693091 
561 452 8 11 0.026922295 
214 444 9 11 0.02688527 
550 526 13 17 0.0268664 
434 495 8 10 0.026851593 
854 510 10 12 0.026827475 
11 474 21 26 0.026785921 
344 520 8 11 0.026762594 
213 515 11 14 0.02673733 
542 432 7 9 0.02671478 
884 553 14 18 0.026656993 
790 465 7 9 0.026630213 
214 572 11 14 0.026620498 
465 463 7 9 0.026519246 
770 440 7 10 0.026516065 
706 486 7 10 0.026498273 
8 415 8 10 0.026479663 
231 478 20 25 0.026381766 
661 134 40 52 0.026381306 
648 491 9 13 0.026380217 
768 532 11 14 0.02637776 
246 447 8 10 0.026366346 
551 464 9 10 0.026306534 
350 526 9 11 0.026151236 
432 464 8 10 0.026135592 
265 375 7 9 0.026107637 
454 470 8 10 0.0260706 
462 535 9 12 0.025999887 
273 446 8 9 0.025975453 
260 599 12 16 0.025893077 
527 453 8 10 0.025886392 
694 556 13 17 0.025805926 
40 447 9 13 0.02580183 
939 558 13 16 0.025795106 
311 470 7 9 0.025775367 
486 398 10 12 0.025763918 
280 447 9 10 0.025760453 
50 391 8 9 0.025743103 
116 553 14 18 0.025711462 
603 514 13 17 0.025694015 
23 392 8 9 0.025653774 
223 369 9 10 0.02564539 
71 414 7 8 0.025628153 
360 446 8 9 0.02558941 
884 529 12 15 0.025581744 
352 517 8 10 0.025557019 
384 588 9 12 0.02550847 
472 607 11 14 0.025506511 
208 424 7 9 0.025471292 
140 518 11 14 0.025444897 
240 408 7 9 0.02543869 
649 181 35 40 0.025386518 
314 415 7 8 0.025363194 
563 573 15 18 0.02535654 
521 440 7 8 0.025347965 
588 528 15 20 0.025340801 
671 579 13 17 0.025322003 
552 495 11 14 0.02529987 
572 556 11 15 0.0252961 
141 493 11 14 0.025293263 
433 566 10 12 0.025275802 
24 513 13 16 0.025221936 
327 454 7 9 0.025203774 
704 438 6 9 0.025160545 
627 462 8 10 0.025130304 
590 494 11 14 0.025103047 
22 396 8 10 0.025082922 
512 462 8 10 0.025049292 
279 452 9 11 0.025036665 
73 431 8 9 0.025022317 
569 612 17 21 0.02497801 
241 453 7 10 0.024971537 
88 389 7 10 0.024961285 
453 207 32 38 0.024914034 
618 430 8 10 0.024848735 
245 556 11 14 0.024844114 
103 550 13 16 0.024827134 
825 470 9 10 0.024824668 
489 518 9 12 0.024806222 
544 152 44 58 0.024794945 
566 167 16 23 0.024785098 
354 448 7 9 0.024774315 
615 448 7 10 0.024719441 
657 479 9 10 0.024707945 
730 465 7 8 0.024703814 
121 409 7 8 0.024695853 
638 453 8 10 0.024695039 
989 594 24 32 0.024674006 
671 588 12 14 0.024668608 
627 456 7 9 0.02463006 
710 524 11 13 0.024627503 
321 389 8 9 0.024626117 
90 476 8 11 0.024625225 
390 598 10 13 0.024582176 
342 583 10 13 0.02444543 
423 481 8 10 0.024443472 
776 527 10 12 0.024428613 
607 524 12 16 0.024384812 
46 409 7 9 0.024366586 
774 547 13 16 0.024307609 
765 572 14 17 0.024294164 
221 574 10 12 0.0242925 
687 440 7 8 0.024265867 
456 541 9 12 0.024265755 
279 543 10 12 0.024264922 
477 607 12 14 0.024241887 
417 620 9 12 0.024237156 
64 477 10 13 0.024225911 
168 499 10 13 0.02412112 
8 499 11 13 0.024117792 
228 469 10 12 0.024105882 
343 565 11 15 0.024101997 
261 518 9 12 0.024093077 
779 532 12 13 0.024067774 
633 568 15 19 0.024042059 
335 611 9 13 0.024028547 
313 423 6 9 0.023947207 
113 410 8 9 0.023933465 
28 240 12 15 0.023849407 
873 470 9 11 0.023824336 
878 556 13 16 0.023799786 
297 470 8 10 0.023764312 
104 391 8 9 0.023741582 
248 465 8 11 0.023683507 
232 526 9 12 0.023637408 
352 487 8 10 0.023609128 
622 564 18 25 0.023583142 
878 541 13 16 0.02354031 
744 447 6 8 0.023500696 
618 592 14 18 0.023490988 
223 485 10 13 0.023472056 
829 579 13 18 0.0234645 
815 521 11 15 0.02340417 
559 425 9 9 0.02339848 
687 447 7 9 0.023386715 
464 471 6 8 0.023357948 
101 518 11 13 0.023354253 
538 453 8 11 0.02334997 
361 439 8 10 0.023334768 
126 494 11 13 0.023251845 
349 566 10 14 0.023205053 
147 564 13 15 0.02318033 
414 463 8 9 0.023132144 
482 477 8 10 0.023125218 
621 532 15 18 0.023096865 
607 469 9 11 0.023074303 
437 519 9 11 0.023062637 
163 534 14 18 0.023017975 
745 202 30 32 0.022978187 
79 493 11 15 0.022966562 
253 534 11 13 0.022930926 
791 525 11 14 0.022925505 
633 447 7 9 0.022878425 
681 454 7 9 0.022782527 
764 563 13 17 0.022773553 
988 566 12 17 0.022767821 
222 582 10 11 0.022715833 
714 471 7 9 0.022710385 
935 517 10 12 0.022705201 
245 98 16 17 0.022690153 
414 601 12 16 0.02264894 
494 534 12 16 0.022613423 
481 447 8 9 0.022613117 
311 391 7 9 0.022558874 
781 561 14 17 0.022540001 
232 533 9 12 0.02250942 
146 486 9 11 0.022488315 
17 431 8 11 0.022486733 
823 564 13 16 0.022452705 
932 547 12 14 0.02244809 
273 502 8 11 0.022425605 
18 398 8 10 0.022423014 
95 507 11 14 0.022385798 
934 533 11 13 0.022376841 
639 487 9 11 0.022360638 
247 374 8 10 0.022283174 
249 536 10 11 0.022282217 
610 511 20 26 0.022237753 
542 453 9 11 0.022202266 
52 499 20 27 0.022189908 
450 486 8 10 0.022174321 
447 437 8 10 0.022168262 
228 589 12 15 0.022163872 
335 441 7 9 0.022160802 
271 430 8 10 0.02215 
42 525 12 16 0.022146547 
847 503 9 11 0.022136988 
736 456 7 9 0.022132909 
610 120 39 43 0.022125283 
193 500 10 13 0.0221199 
823 532 11 13 0.022045502 
596 106 14 17 0.022038585 
416 454 8 10 0.022037702 
390 469 9 11 0.022030946 
152 528 11 13 0.02202868 
739 562 14 17 0.02201033 
640 432 7 9 0.021949483 
821 621 11 14 0.021891803 
431 145 21 24 0.021884432 
676 508 10 14 0.021883503 
456 494 8 9 0.021882769 
31 521 14 17 0.021867396 
334 564 11 15 0.021852994 
173 557 11 15 0.021850433 
4 485 12 16 0.02183837 
927 543 11 14 0.021832151 
88 528 14 18 0.021828664 
221 509 10 13 0.021803912 
423 510 8 11 0.021791335 
7 476 12 15 0.02176958 
102 538 13 16 0.021755211 
407 524 10 13 0.021747496 
683 553 14 19 0.021746635 
359 599 9 12 0.021744551 
942 533 11 14 0.021733938 
457 156 41 50 0.02172633 
785 511 9 11 0.021703493 
117 494 11 13 0.021698901 
333 642 11 14 0.021686735 
610 576 14 18 0.021678612 
297 437 8 10 0.021574434 
940 567 15 20 0.021562291 
353 479 8 10 0.021561218 
976 461 9 11 0.021540223 
193 533 11 12 0.021529106 
447 143 30 36 0.02151606 
664 422 8 9 0.021498935 
745 463 7 8 0.021441149 
2 452 18 25 0.021431752 
146 571 14 17 0.021410687 
378 424 7 9 0.021372624 
456 454 8 9 0.02132127 
386 463 9 11 0.021320667 
201 374 7 8 0.021314802 
348 604 12 15 0.021301666 
311 398 7 9 0.021298815 
2 563 15 19 0.021266954 
865 502 9 13 0.02126443 
721 488 8 10 0.02125463 
270 572 12 15 0.021208001 
75 553 15 19 0.021207517 
472 501 9 11 0.021177694 
819 552 20 25 0.021169744 
691 590 20 25 0.02115743 
689 432 6 8 0.021146158 
923 564 15 18 0.021122655 
281 478 8 9 0.021075757 
527 423 8 9 0.021069163 
240 382 8 10 0.02103746 
509 524 14 20 0.02099233 
516 493 11 14 0.020987934 
837 617 14 18 0.020956265 
321 431 7 9 0.020946072 
450 478 9 11 0.02093772 
726 576 12 17 0.020929163 
991 477 10 13 0.020921493 
215 582 11 12 0.02088977 
240 393 8 10 0.020877909 
676 619 15 19 0.020870494 
606 439 9 10 0.020867592 
751 557 13 16 0.020843402 
113 497 20 26 0.02084266 
597 104 27 30 0.02081547 
924 605 12 17 0.020798313 
713 449 6 8 0.020797605 
231 478 10 14 0.020790331 
423 449 8 9 0.020775212 
455 504 8 10 0.020770758 
133 484 10 12 0.020759499 
391 432 9 10 0.02074416 
333 636 10 13 0.020732893 
447 447 8 10 0.020705886 
495 406 8 10 0.020698193 
646 549 13 17 0.020690475 
256 475 10 13 0.020684378 
359 518 8 10 0.020663433 
255 549 11 15 0.020651707 
18 496 20 25 0.020649988 
633 486 8 11 0.02064836 
839 494 10 11 0.020626012 
664 502 10 13 0.020599866 
233 414 8 10 0.020561833 
230 460 10 12 0.020530405 
231 565 9 12 0.02052524 
824 485 7 10 0.020512138 
369 629 8 11 0.020502374 
197 583 10 13 0.020493206 
493 85 16 20 0.020465888 
724 525 10 13 0.020434653 
722 439 7 9 0.020419136 
587 137 14 19 0.020389136 
975 527 9 12 0.02036318 
772 562 13 16 0.020345744 
792 533 11 13 0.020344466 
567 430 9 10 0.020312702 
575 448 8 9 0.020302795 
665 495 19 25 0.020298311 
188 502 234 240 0.020287989 
321 462 7 10 0.020280914 
774 518 9 11 0.020264762 
503 431 7 9 0.020264225 
628 576 15 18 0.02025901 
737 596 15 18 0.020249223 
822 669 14 15 0.020240285 
795 522 20 24 0.020223819 
351 470 9 11 0.020194395 
246 564 11 13 0.02018358 
53 569 13 17 0.020177666 
55 392 8 9 0.020167863 
270 579 12 15 0.02016634 
537 448 8 9 0.020158382 
776 533 244 240 0.020153366 
807 478 7 9 0.020083524 
320 481 7 9 0.020077791 
801 480 8 9 0.020061113 
61 517 11 14 0.020042757 
821 595 13 17 0.020036712 
336 630 8 12 0.02001851 
573 574 14 17 0.020012842 
845 587 13 17 0.02000396 
238 523 11 13 0.020002937 
