50_Celebration_Or_Party_birthdayparty_50_18
80
846 374 29 38 0.99725926 
231 374 28 36 0.9961224 
132 402 27 39 0.99123174 
335 365 24 30 0.98371464 
612 343 22 29 0.97762305 
806 347 22 26 0.96646214 
718 334 20 26 0.96515834 
638 337 22 27 0.9558594 
761 400 21 29 0.9160776 
664 397 20 32 0.9157633 
546 353 20 26 0.9135684 
393 368 21 28 0.55936337 
468 355 16 23 0.4065706 
380 286 28 33 0.3003182 
380 373 13 16 0.27225718 
542 426 26 33 0.24985427 
398 211 13 17 0.23168918 
620 340 24 30 0.22107983 
456 349 21 28 0.16749983 
531 432 26 30 0.15079057 
811 369 27 30 0.14654061 
927 376 23 26 0.14078829 
673 404 23 27 0.13214159 
637 262 16 21 0.13202105 
776 303 22 25 0.101299964 
554 420 27 35 0.09907443 
535 205 12 14 0.086453944 
787 293 18 21 0.06991497 
804 427 16 18 0.06220961 
420 426 33 38 0.057790585 
468 377 15 19 0.05694009 
534 210 15 18 0.049824126 
767 407 27 28 0.04975182 
704 292 15 17 0.04835006 
556 336 16 20 0.048248716 
667 388 15 21 0.047690332 
778 312 26 29 0.04729314 
867 365 13 18 0.043409478 
498 382 16 25 0.03966266 
806 378 24 29 0.038277302 
466 365 18 26 0.03798552 
577 207 19 23 0.036974568 
773 298 18 20 0.03652041 
956 341 10 14 0.03609777 
452 368 16 20 0.035408586 
242 363 18 21 0.034778282 
653 392 25 32 0.034378044 
542 349 17 23 0.034041215 
386 197 12 14 0.033384234 
555 323 24 30 0.032722376 
592 230 29 32 0.03191456 
651 405 29 36 0.03153254 
434 308 350 481 0.031413544 
244 469 106 133 0.03020334 
876 366 12 16 0.029887095 
802 418 28 31 0.029515978 
622 41 13 19 0.029373689 
755 394 19 28 0.02901499 
280 454 29 33 0.028972741 
400 203 14 16 0.028682392 
778 293 19 21 0.028254837 
551 346 19 23 0.026917648 
533 211 23 29 0.024666457 
572 236 29 36 0.024040405 
944 336 24 30 0.023615804 
124 420 37 43 0.023549369 
234 212 13 15 0.023508525 
113 416 34 35 0.023208482 
606 350 32 36 0.022749603 
671 393 19 26 0.021737719 
687 407 18 22 0.021621354 
459 372 24 32 0.02144266 
346 358 17 21 0.021382224 
858 362 24 32 0.021369496 
574 417 26 32 0.021124128 
438 402 13 16 0.020947952 
548 339 17 22 0.020936104 
863 380 23 33 0.020819066 
611 297 29 33 0.020529782 
542 341 36 45 0.020277232 
