50_Celebration_Or_Party_houseparty_50_345
58
299 139 184 241 0.99911267 
578 141 177 233 0.9990854 
894 95 60 89 0.9290863 
12 194 58 91 0.79736346 
962 91 59 106 0.36184016 
774 838 10 13 0.22091694 
828 471 82 70 0.119199775 
820 838 14 18 0.086252995 
98 450 49 57 0.08084459 
633 864 41 46 0.0776296 
74 13 152 221 0.066062085 
348 387 399 460 0.059847634 
558 984 9 11 0.049733672 
607 958 9 11 0.043371733 
939 128 33 49 0.041960817 
793 1003 9 13 0.041800626 
814 668 10 13 0.041441128 
282 35 112 133 0.041399382 
797 1004 10 13 0.039936554 
244 402 193 282 0.039888076 
622 887 10 12 0.03938832 
492 557 478 567 0.03886096 
621 559 47 60 0.038399655 
855 88 92 125 0.03448464 
783 1013 10 12 0.03405769 
906 73 85 120 0.033556815 
573 966 9 13 0.033506982 
768 957 10 13 0.033194013 
951 76 49 82 0.033187512 
703 969 14 17 0.03160528 
678 930 13 16 0.03136599 
720 952 10 12 0.03084912 
583 609 49 58 0.030379986 
742 959 10 12 0.029726656 
477 977 14 20 0.029602425 
807 430 124 134 0.028442962 
575 972 10 14 0.028346246 
806 1006 9 12 0.028330103 
757 982 9 12 0.027257925 
662 1001 13 17 0.026190054 
506 599 67 66 0.02617177 
727 1039 9 12 0.024042059 
884 138 15 22 0.023138456 
530 574 53 53 0.022910304 
799 1012 10 13 0.022891888 
672 921 25 30 0.022666786 
742 844 12 15 0.022515025 
196 188 363 483 0.022041786 
780 843 11 14 0.021648733 
760 955 10 13 0.021254791 
921 114 36 50 0.020850087 
815 653 10 14 0.020711102 
884 128 31 41 0.02063955 
751 966 9 11 0.020541301 
488 611 57 60 0.020532755 
171 468 408 566 0.020364614 
577 980 9 13 0.020320995 
769 844 10 12 0.020155307 
