50_Celebration_Or_Party_houseparty_50_282
39
324 231 40 49 0.9982815 
423 153 37 46 0.998252 
643 196 52 65 0.9954939 
44 242 48 72 0.99531084 
624 136 29 41 0.9807288 
167 250 42 56 0.9794023 
928 213 56 63 0.8111028 
798 166 58 81 0.73181504 
929 102 36 44 0.22808369 
605 148 36 41 0.15923175 
498 521 19 25 0.1365538 
13 248 38 61 0.05214482 
566 293 14 18 0.049398124 
550 455 27 36 0.040217098 
617 143 46 54 0.03981198 
801 326 30 46 0.039255153 
959 221 35 42 0.038740348 
502 522 26 37 0.03744043 
633 128 32 45 0.032616876 
637 356 36 36 0.032436352 
212 259 25 36 0.030990493 
837 157 33 50 0.030349685 
906 223 31 41 0.029483544 
473 158 431 453 0.027160695 
925 95 26 39 0.02554073 
542 528 38 42 0.024688737 
824 161 54 76 0.02395259 
803 165 35 51 0.023934484 
126 185 11 15 0.022778764 
604 118 45 57 0.022360293 
6 193 22 38 0.021791441 
110 191 12 16 0.021390317 
523 121 51 71 0.02097995 
492 107 95 122 0.02076792 
82 219 16 21 0.020743886 
902 186 61 83 0.02071861 
922 226 32 43 0.020631144 
92 295 13 18 0.020556567 
472 554 28 29 0.02035557 
