50_Celebration_Or_Party_houseparty_50_173
77
762 234 31 33 0.99546033 
410 275 27 32 0.9896891 
322 422 24 30 0.9889044 
711 300 22 27 0.9049424 
588 165 36 45 0.8001065 
254 225 16 19 0.4804208 
243 229 46 54 0.4154261 
859 292 16 23 0.2625309 
174 424 18 22 0.13549589 
251 226 27 34 0.120780885 
306 444 15 20 0.100754775 
752 332 12 15 0.09621216 
375 367 14 20 0.0876102 
437 265 14 17 0.083903916 
355 214 375 517 0.082589954 
548 367 49 53 0.081391014 
345 454 16 19 0.07865175 
281 469 27 34 0.07631362 
373 404 11 15 0.07617707 
990 404 25 33 0.06588944 
766 327 10 12 0.06426454 
989 460 17 21 0.05820189 
219 461 15 20 0.057156753 
427 266 20 29 0.05702321 
397 276 39 54 0.05679786 
780 328 13 16 0.05554245 
0 208 25 40 0.05391974 
763 229 15 25 0.05070396 
409 370 12 15 0.05016467 
361 618 73 69 0.045720182 
368 309 36 48 0.041228138 
704 327 27 32 0.0399236 
755 336 14 18 0.039722297 
293 456 30 38 0.039256826 
253 207 23 30 0.03722247 
773 349 13 16 0.03658245 
759 328 11 13 0.036149345 
246 216 25 32 0.036055375 
771 377 16 20 0.03550722 
708 354 13 17 0.034822535 
195 449 48 71 0.034475304 
941 507 11 14 0.03402704 
404 401 16 20 0.03369155 
32 234 17 18 0.03265024 
158 428 12 18 0.03202414 
228 227 30 46 0.031665523 
765 339 12 17 0.029994316 
311 418 38 50 0.02940184 
204 462 26 40 0.029051686 
543 386 36 42 0.02904459 
378 295 43 52 0.028835833 
804 378 15 18 0.02792079 
741 323 12 16 0.027525248 
45 320 18 19 0.02701889 
134 413 14 20 0.026485775 
705 223 17 22 0.026448887 
331 413 15 19 0.025963048 
257 215 26 34 0.02526956 
306 439 25 35 0.02520484 
499 339 29 38 0.02482005 
566 188 11 16 0.02481941 
133 433 17 21 0.024765749 
298 430 45 55 0.024652498 
674 402 15 19 0.024528654 
435 228 13 15 0.024446812 
749 328 11 13 0.0241289 
1001 411 14 19 0.023894638 
772 342 12 15 0.02211442 
405 358 12 14 0.02157781 
529 339 88 102 0.021463882 
774 325 11 15 0.021456666 
431 261 15 18 0.021170128 
682 401 16 19 0.021081287 
715 330 28 35 0.020365095 
1009 435 12 17 0.020318666 
284 467 16 22 0.020261226 
740 382 24 28 0.020157794 
