50_Celebration_Or_Party_houseparty_50_189
76
356 147 95 100 0.9961941 
1010 252 8 12 0.118262865 
286 389 37 41 0.107864104 
1009 289 11 17 0.09887054 
1008 190 10 15 0.09206446 
788 218 13 15 0.08767793 
839 235 10 12 0.07466011 
981 571 11 14 0.060610212 
773 416 14 18 0.05794208 
1007 298 13 19 0.05704787 
590 588 12 15 0.05113395 
969 581 10 14 0.047835138 
1006 197 18 31 0.04721122 
869 173 10 13 0.04600834 
621 428 9 12 0.042970512 
527 562 11 15 0.041233417 
507 582 12 14 0.03971612 
830 207 9 12 0.039376307 
1010 194 12 21 0.037807513 
720 567 11 14 0.03740424 
815 199 8 10 0.036538426 
796 221 12 14 0.03550039 
1009 278 10 14 0.035171438 
406 489 187 259 0.034034736 
816 229 9 13 0.033918723 
532 562 12 15 0.033564985 
832 182 8 11 0.032594003 
825 206 9 11 0.032572687 
1015 271 8 13 0.03173207 
1015 260 8 13 0.031678304 
839 190 9 12 0.031528052 
832 213 9 11 0.030735629 
824 168 8 10 0.030081866 
976 573 11 13 0.029726246 
504 565 10 12 0.029617153 
437 451 28 37 0.029285122 
526 584 11 13 0.028828757 
1014 180 9 14 0.028637415 
285 6 10 14 0.02836367 
809 180 8 11 0.028108899 
807 221 10 12 0.02791118 
197 478 10 13 0.02739385 
554 558 9 12 0.027380515 
1009 259 10 13 0.02733767 
1013 248 9 14 0.02652054 
809 198 8 11 0.02646262 
223 451 12 14 0.026387122 
799 181 8 10 0.025838325 
846 237 10 13 0.025767813 
731 579 11 16 0.025592454 
146 577 14 17 0.025486542 
833 221 9 12 0.025214752 
637 406 8 11 0.025128262 
754 499 13 16 0.024760665 
815 204 9 11 0.0246274 
1011 164 10 14 0.024318105 
188 485 13 15 0.023747351 
1011 304 11 18 0.023549737 
813 180 10 12 0.0233831 
790 225 12 15 0.023270475 
726 572 11 14 0.022856079 
798 227 11 15 0.0227051 
839 165 9 10 0.022231596 
1 382 9 16 0.021826321 
1009 184 9 13 0.02178088 
881 183 9 12 0.021750402 
287 202 11 17 0.021595743 
838 184 8 10 0.021520201 
212 71 17 24 0.021515261 
232 457 12 15 0.021344364 
4 380 11 18 0.021051541 
782 198 9 11 0.020862076 
821 230 9 12 0.020729208 
35 152 32 41 0.0205332 
492 562 12 14 0.02031647 
855 222 8 10 0.02004722 
