50_Celebration_Or_Party_houseparty_50_165
35
403 415 47 60 0.99856806 
589 396 42 47 0.997607 
297 386 49 60 0.9967114 
522 401 40 45 0.99655414 
476 451 41 49 0.9875015 
190 393 16 18 0.5538498 
488 401 12 17 0.24460007 
684 590 41 53 0.09551434 
188 416 16 19 0.064749755 
498 401 14 19 0.055326752 
319 159 10 13 0.05174935 
756 470 12 15 0.050251674 
488 395 21 28 0.044932768 
195 397 17 20 0.044646062 
46 165 11 14 0.043238603 
182 393 25 29 0.03921013 
635 429 26 34 0.032830797 
262 320 10 12 0.032578684 
128 360 7 9 0.030637216 
182 380 13 16 0.02901564 
782 467 11 17 0.028740438 
730 380 13 18 0.028228126 
184 388 14 18 0.027710523 
775 467 12 17 0.026404293 
183 380 22 29 0.02584313 
500 423 27 34 0.024481624 
203 399 11 15 0.02381921 
127 364 9 11 0.022492275 
714 424 14 19 0.022400692 
166 375 9 12 0.022246387 
353 428 37 49 0.021697145 
152 333 9 10 0.021528838 
724 379 22 31 0.021521531 
727 387 13 17 0.020795183 
51 164 11 13 0.02048604 
