41_Swimming_Swimming_41_271
27
635 300 283 347 0.9988206 
396 288 197 260 0.57484955 
276 196 373 426 0.17444961 
259 314 34 48 0.12042146 
567 300 109 137 0.11556256 
235 191 227 308 0.09048657 
726 274 27 30 0.05428058 
244 338 12 18 0.050651878 
385 264 32 41 0.03920205 
434 519 134 116 0.038955823 
364 295 28 37 0.03627243 
301 297 15 19 0.034791272 
454 137 329 432 0.031758398 
502 301 130 154 0.03161413 
392 415 176 174 0.031442348 
194 392 36 52 0.029872563 
692 92 30 35 0.029165626 
243 345 14 20 0.026521776 
240 331 23 33 0.02646982 
213 320 10 13 0.025679667 
255 302 24 38 0.02543931 
254 305 14 20 0.023902263 
705 425 183 199 0.021872565 
802 40 52 51 0.020812139 
12 -24 233 258 0.020522967 
563 316 12 17 0.020438768 
250 323 29 42 0.020253086 
