41_Swimming_Swimming_41_699
32
554 204 61 81 0.9996024 
746 307 61 70 0.99859136 
433 236 55 70 0.9981988 
235 326 56 74 0.9976878 
67 376 66 79 0.9970703 
389 310 52 62 0.9939405 
791 261 40 46 0.9581536 
127 306 52 63 0.95448273 
919 268 59 77 0.8890233 
215 72 33 41 0.08029315 
328 159 36 43 0.07596952 
419 156 14 21 0.061984133 
406 152 24 31 0.042288814 
349 199 26 41 0.042006675 
741 179 15 18 0.041015547 
850 209 27 32 0.034105826 
836 321 33 45 0.03387614 
477 203 42 58 0.032470305 
727 187 13 17 0.030828267 
393 153 29 37 0.030432796 
531 449 36 46 0.03039983 
734 175 25 31 0.030121652 
340 185 32 43 0.029854111 
220 545 23 28 0.026919136 
130 289 427 493 0.025971873 
888 278 60 83 0.025681954 
169 495 25 29 0.023526147 
747 183 16 20 0.023468865 
131 298 33 46 0.02294438 
379 153 33 43 0.022112282 
254 553 30 37 0.021979444 
262 540 27 35 0.021190405 
