41_Swimming_Swimming_41_412
29
571 23 139 129 0.43498552 
233 26 151 184 0.3688081 
67 -3 71 69 0.055147123 
445 73 130 124 0.0525807 
622 66 95 81 0.050317768 
70 233 30 39 0.046937365 
109 330 34 41 0.046484377 
79 269 166 205 0.044581242 
33 -18 97 106 0.04008238 
200 -110 490 489 0.035744097 
51 203 29 38 0.03462758 
493 330 12 16 0.0336746 
35 -1 68 59 0.032827556 
107 228 30 33 0.031852093 
172 0 76 69 0.031445265 
147 320 31 43 0.030379461 
106 305 58 59 0.030177386 
943 294 61 82 0.029289708 
18 215 164 219 0.02861926 
126 345 38 36 0.028577019 
76 254 52 62 0.028479856 
869 316 111 139 0.027017629 
476 329 24 29 0.02696748 
143 338 33 38 0.026265478 
483 325 16 18 0.025884602 
948 297 35 55 0.024088135 
679 -6 123 131 0.023877358 
195 -10 132 130 0.023152813 
467 324 14 17 0.021820344 
