41_Swimming_Swimmer_41_449
52
657 302 16 21 0.2689625 
972 447 52 99 0.16840845 
959 339 70 133 0.1449365 
763 151 33 39 0.11108963 
768 128 43 54 0.089226775 
958 186 27 44 0.07295514 
663 292 23 29 0.058334563 
234 15 120 147 0.056789048 
818 12 9 12 0.054837126 
152 -71 445 508 0.048847876 
1003 155 21 35 0.048093114 
810 596 51 70 0.047309183 
465 117 16 20 0.04711355 
1011 153 13 21 0.046745077 
1005 146 15 22 0.044653926 
491 283 12 15 0.04278566 
669 286 27 29 0.04214658 
872 307 54 52 0.04126511 
726 193 125 150 0.040742554 
943 300 49 62 0.040727515 
962 237 33 37 0.037709605 
773 126 27 35 0.037389927 
1011 293 13 22 0.035553034 
748 203 18 21 0.035147984 
573 405 350 411 0.03504156 
839 0 11 11 0.034382917 
695 137 27 35 0.034136575 
426 117 15 18 0.03319224 
793 149 27 33 0.032888304 
771 173 21 25 0.029680783 
542 28 417 516 0.027989514 
760 265 62 64 0.027329285 
661 509 103 129 0.026720697 
816 612 28 48 0.025629058 
989 122 23 32 0.025368152 
853 14 9 11 0.025089744 
961 174 30 37 0.024931543 
779 124 16 20 0.024319682 
771 160 19 23 0.023898706 
948 294 34 41 0.023743998 
988 23 14 17 0.0233811 
996 279 26 38 0.0232193 
763 135 28 35 0.023192389 
642 298 24 30 0.023173781 
780 118 25 32 0.022862906 
959 205 42 50 0.022695975 
994 166 30 40 0.022416405 
925 294 86 114 0.021645874 
486 124 11 15 0.020856416 
897 488 125 157 0.020819716 
938 455 94 132 0.02081517 
646 306 12 17 0.020590618 
