41_Swimming_Swimmer_41_704
50
357 270 112 150 0.9115317 
527 104 83 115 0.88703805 
654 124 76 108 0.8179734 
49 332 181 237 0.5489331 
203 440 65 82 0.5254883 
293 257 124 187 0.4582099 
303 119 112 140 0.40529335 
520 264 57 78 0.4028271 
735 99 79 109 0.4002668 
479 242 85 108 0.32900783 
682 110 87 115 0.2549507 
752 60 77 113 0.18014945 
442 240 89 127 0.08834621 
556 147 61 80 0.08231736 
597 114 98 115 0.061878484 
219 338 29 33 0.042162333 
373 161 161 217 0.040305626 
495 130 105 141 0.04019265 
120 367 140 163 0.03988257 
603 141 58 72 0.03739269 
445 154 103 143 0.037153993 
401 134 95 123 0.036783826 
561 112 72 93 0.035584453 
575 73 53 69 0.03540581 
359 519 73 96 0.03487402 
681 179 38 58 0.033312 
231 305 102 113 0.031227902 
13 247 278 391 0.03105419 
367 156 99 117 0.030700844 
239 319 51 55 0.028886395 
617 158 27 38 0.028837264 
788 92 53 85 0.027535575 
213 322 53 57 0.02655965 
776 66 35 51 0.025935913 
470 114 90 122 0.025833169 
570 170 38 49 0.02581004 
7 21 56 69 0.024952624 
256 298 35 41 0.02463119 
706 485 10 13 0.024434341 
753 194 115 128 0.024264388 
259 341 111 146 0.023815943 
405 287 68 102 0.023625933 
741 46 60 79 0.023579855 
638 139 62 81 0.023443786 
-1 44 38 45 0.022835815 
271 356 27 25 0.022428222 
791 5 47 62 0.020818857 
261 48 176 251 0.020801343 
752 156 39 51 0.020223241 
606 169 27 37 0.020177 
