41_Swimming_Swimming_41_238
21
868 79 75 101 0.984175 
195 498 77 100 0.9833499 
276 103 52 63 0.87067336 
716 544 40 45 0.47197813 
423 194 395 470 0.14602596 
131 120 138 100 0.103777826 
62 144 210 215 0.09683368 
301 121 37 42 0.09581373 
612 111 496 497 0.08152072 
217 90 101 99 0.056630615 
87 99 248 175 0.04880097 
739 541 35 32 0.04077747 
721 510 63 55 0.0371217 
147 137 85 55 0.033080865 
970 40 17 21 0.026436292 
653 165 156 112 0.024233203 
-13 14 423 336 0.02322626 
437 297 212 305 0.022698965 
796 563 37 33 0.022223366 
737 552 43 39 0.021807827 
717 175 33 32 0.02097693 
