41_Swimming_Swimmer_41_659
21
509 84 175 215 0.99884474 
917 1389 50 64 0.9503419 
134 388 373 398 0.3904981 
177 223 397 440 0.087824166 
54 923 161 141 0.07720935 
280 1400 34 47 0.06602781 
904 728 143 229 0.043658815 
59 1344 108 172 0.04364742 
966 1387 28 42 0.043360595 
520 358 474 532 0.039908472 
293 933 362 398 0.03223902 
901 1393 34 50 0.029296992 
88 1408 105 125 0.028646592 
35 914 234 307 0.025208272 
493 19 103 136 0.025054425 
686 686 123 147 0.024841005 
462 546 395 438 0.023798516 
507 13 57 78 0.023674445 
652 969 368 448 0.023030713 
-81 887 422 448 0.02299061 
384 976 208 274 0.022652278 
