41_Swimming_Swimming_41_580
24
467 151 139 183 0.9994943 
144 549 89 73 0.16505471 
61 232 32 44 0.088173866 
202 361 14 18 0.075808324 
48 237 391 464 0.058003575 
72 270 200 261 0.049818076 
475 184 436 459 0.049164202 
178 380 36 41 0.046838574 
12 502 12 15 0.04602098 
94 298 116 140 0.04336054 
111 447 29 40 0.043315068 
125 515 133 124 0.035872184 
53 252 46 72 0.034090735 
408 325 70 77 0.033808347 
573 422 126 118 0.03257389 
12 472 12 15 0.027001834 
80 262 98 121 0.025002 
141 436 33 36 0.024603818 
165 372 14 17 0.023640178 
139 364 65 71 0.022683334 
90 274 63 69 0.020946832 
13 522 21 29 0.020899292 
230 384 10 12 0.020436326 
236 471 17 21 0.020027028 
