41_Swimming_Swimmer_41_1002
19
421 138 235 323 0.99967885 
412 1029 434 499 0.79979825 
445 985 276 317 0.32485077 
329 500 386 486 0.28303862 
208 889 312 434 0.1755038 
480 361 312 462 0.17215484 
332 713 411 472 0.08752326 
540 1005 163 193 0.08526511 
442 811 135 136 0.0769891 
510 1189 277 310 0.071018 
679 1309 132 195 0.0690132 
391 616 209 355 0.06798415 
257 976 442 441 0.04338308 
283 1050 134 189 0.03386253 
636 1215 212 254 0.032051843 
226 268 429 540 0.031403918 
741 703 133 182 0.028613772 
32 392 406 435 0.024058858 
579 415 190 295 0.023544101 
