41_Swimming_Swimmer_41_711
62
291 210 230 284 0.999905 
98 590 21 29 0.5604502 
823 536 177 267 0.19950865 
19 1034 35 51 0.11336037 
112 599 24 30 0.08192307 
687 -12 110 141 0.07958014 
821 327 15 20 0.07809821 
789 321 15 19 0.07298833 
767 308 14 17 0.072267726 
768 340 13 17 0.05928701 
660 415 14 17 0.049838167 
721 418 14 18 0.044568937 
762 446 24 29 0.041862383 
30 193 25 32 0.03965411 
785 318 12 16 0.039344523 
804 310 12 16 0.038216602 
828 353 46 54 0.03696092 
728 459 297 432 0.032797176 
20 465 466 460 0.032671455 
83 594 25 33 0.03242677 
266 1060 97 148 0.032146633 
671 1202 73 69 0.03210448 
151 204 11 13 0.0303358 
291 790 99 115 0.029049225 
810 915 207 281 0.029018348 
815 330 13 17 0.028521469 
545 1374 9 12 0.028168604 
1013 834 9 15 0.028009284 
202 648 65 58 0.027832849 
0 629 10 17 0.027829215 
753 313 21 25 0.027633082 
1 1245 26 33 0.027554136 
794 328 15 18 0.026745131 
9 679 10 13 0.026037082 
637 321 115 132 0.025988227 
280 807 57 72 0.02576154 
15 774 12 16 0.024958845 
835 431 26 34 0.024787081 
560 1364 9 12 0.0234927 
1 1059 12 19 0.023268951 
1014 852 9 14 0.023256164 
281 845 36 38 0.023134554 
91 588 20 23 0.02312249 
117 615 15 21 0.022994492 
-1 1117 29 45 0.02269988 
115 619 28 38 0.022630697 
716 347 14 16 0.0223195 
797 338 14 18 0.02224177 
795 459 25 28 0.022170113 
498 696 59 78 0.022130128 
747 321 18 20 0.022079242 
85 587 16 20 0.021979798 
991 55 10 12 0.02164482 
101 210 14 17 0.021344036 
841 435 16 21 0.021278908 
959 1059 66 82 0.021109736 
951 403 77 122 0.02088876 
983 607 37 78 0.020830972 
64 612 27 36 0.020516822 
10 1042 29 40 0.02031971 
749 -2 134 166 0.020080058 
1014 844 9 16 0.02000771 
