41_Swimming_Swimming_41_730
24
185 117 180 206 0.80337924 
5 142 126 150 0.4650633 
34 267 189 244 0.1597503 
93 33 392 506 0.15628107 
23 365 430 495 0.14969516 
382 120 228 245 0.14966273 
548 140 96 106 0.131675 
71 149 203 267 0.12998077 
314 46 351 406 0.105093494 
541 242 127 96 0.07039014 
-13 122 194 257 0.0611247 
203 146 484 561 0.03952646 
134 -4 67 65 0.034592602 
521 59 382 454 0.031826984 
817 345 33 38 0.029976465 
23 346 125 177 0.029943142 
536 169 216 214 0.02983264 
160 176 208 288 0.027672559 
87 543 229 344 0.026689777 
442 201 65 78 0.026633725 
434 198 138 140 0.026145613 
271 107 198 238 0.02483523 
36 15 52 62 0.022247022 
978 682 46 85 0.02045431 
