28_Sports_Fan_Sports_Fan_28_835
19
650 360 148 199 0.9991359 
240 306 153 208 0.99768174 
108 547 217 270 0.87821454 
816 734 163 132 0.10751936 
11 92 198 304 0.04357003 
783 41 13 15 0.041752357 
30 462 338 471 0.03643771 
773 587 224 237 0.033088777 
-25 36 413 457 0.025550703 
838 44 13 15 0.025084766 
861 22 10 13 0.02426054 
250 599 35 37 0.0237505 
805 21 10 13 0.023627875 
687 141 10 14 0.021793662 
134 59 16 17 0.02179317 
804 557 147 125 0.021763816 
797 19 11 13 0.021731995 
196 572 50 57 0.02094927 
899 42 13 16 0.020695196 
