28_Sports_Fan_Sports_Fan_28_643
26
365 61 100 122 0.9995394 
175 61 103 136 0.99952054 
519 132 102 146 0.9992022 
680 266 97 127 0.3111927 
278 386 113 115 0.25779378 
350 314 65 71 0.083383225 
227 329 49 81 0.06716276 
43 89 106 118 0.059304137 
57 38 96 121 0.05887331 
301 368 66 81 0.0476836 
364 314 36 43 0.044181574 
65 65 34 41 0.04323565 
530 3 100 113 0.04224773 
210 367 127 160 0.041675333 
63 53 60 74 0.03550246 
525 381 38 47 0.033188567 
818 2 113 104 0.033014018 
20 110 39 48 0.029863643 
532 21 56 69 0.026318856 
316 327 100 126 0.025397724 
129 70 32 43 0.022500971 
384 345 38 39 0.022209076 
46 106 62 75 0.020782474 
518 59 120 171 0.020778794 
655 221 162 208 0.020719701 
868 253 129 181 0.020511042 
