28_Sports_Fan_Sports_Fan_28_751
87
194 129 46 61 0.99785906 
520 233 67 77 0.99698836 
16 154 41 55 0.99577254 
130 7 33 36 0.8957597 
679 20 47 57 0.66406137 
168 136 25 41 0.63177 
854 465 59 79 0.33655232 
938 0 27 23 0.2987382 
326 480 38 46 0.28324208 
377 331 81 118 0.158075 
638 391 101 158 0.15363762 
92 182 14 18 0.14615983 
446 0 30 30 0.11638585 
364 313 40 52 0.109392546 
104 89 42 52 0.07445878 
101 0 28 26 0.07137201 
884 18 22 30 0.054905362 
927 39 38 47 0.05379705 
368 327 53 65 0.053582337 
965 370 50 60 0.04950753 
444 6 19 23 0.049432315 
906 0 20 20 0.04820085 
455 263 58 88 0.04539978 
705 28 48 56 0.041282993 
852 446 100 120 0.040942654 
798 -1 17 15 0.04061478 
814 431 91 128 0.04052344 
174 131 39 48 0.039877314 
788 0 27 25 0.039374996 
167 -1 23 18 0.03910899 
987 367 13 18 0.037719924 
305 36 33 37 0.037150614 
149 -1 33 28 0.036476266 
92 152 23 32 0.03580663 
640 23 53 60 0.035671704 
493 228 74 105 0.035246823 
202 73 13 18 0.03510952 
82 325 35 39 0.03398084 
917 3 30 30 0.033713847 
498 19 46 56 0.033047635 
917 421 27 29 0.032856606 
14 232 51 61 0.031967696 
701 -1 29 24 0.0314249 
421 392 32 44 0.031075353 
304 360 9 11 0.030211387 
797 26 31 36 0.029681267 
908 235 32 40 0.02776514 
293 44 56 58 0.027026162 
5 54 24 35 0.026918998 
126 34 30 34 0.026884452 
782 4 44 47 0.026606074 
117 3 32 33 0.026405107 
969 404 31 34 0.026046384 
726 23 29 41 0.025938388 
890 13 27 31 0.02572959 
78 53 23 33 0.025723152 
321 242 186 230 0.02533806 
198 67 25 32 0.02500204 
763 66 28 38 0.024888927 
99 8 32 40 0.024483122 
410 343 56 78 0.024433136 
657 13 82 88 0.024179094 
468 36 29 40 0.024142884 
509 7 30 34 0.024014324 
460 46 27 34 0.023914762 
399 336 33 43 0.023825448 
790 32 17 21 0.023779899 
620 64 31 37 0.023649098 
411 354 35 43 0.02330488 
123 97 35 41 0.02239617 
715 241 356 463 0.022360342 
395 358 38 45 0.022001619 
374 237 41 44 0.021824047 
946 351 81 97 0.02162047 
22 379 95 161 0.021420442 
352 398 464 487 0.021373833 
193 68 43 54 0.021157656 
404 374 62 86 0.020988418 
713 0 17 14 0.020756569 
883 12 15 21 0.020724453 
355 322 29 43 0.020578887 
136 2 47 55 0.020561447 
481 30 29 39 0.020389447 
875 11 38 47 0.02026115 
113 79 32 38 0.020218082 
988 405 13 20 0.020061953 
213 0 15 14 0.020000197 
