28_Sports_Fan_Sports_Fan_28_480
49
491 216 58 75 0.99942255 
979 237 30 37 0.99732924 
697 166 89 107 0.9970673 
426 86 78 152 0.98796755 
569 274 43 52 0.16812791 
344 88 78 123 0.114577055 
539 258 26 31 0.09450877 
869 209 10 12 0.08639953 
3 199 22 32 0.08620922 
887 252 15 18 0.08513748 
986 370 26 36 0.0686675 
184 109 29 32 0.059965648 
646 244 13 17 0.052611437 
935 244 11 15 0.049168438 
956 249 14 18 0.049023524 
909 288 50 62 0.04748912 
901 204 13 17 0.045292873 
893 246 13 15 0.0442501 
975 204 11 14 0.04270993 
375 91 96 137 0.041292388 
458 172 72 99 0.0409851 
314 116 87 123 0.039293926 
936 71 11 15 0.03870315 
901 250 13 15 0.034460243 
920 245 25 32 0.033486478 
568 266 33 36 0.0332272 
1 118 33 43 0.0326573 
857 234 27 33 0.030354757 
935 240 10 12 0.029427815 
638 244 15 17 0.027939703 
922 272 30 35 0.02752828 
835 228 53 55 0.027181443 
924 256 14 19 0.0259306 
652 244 12 15 0.025908936 
949 250 15 18 0.025523292 
908 206 14 19 0.024584187 
966 374 27 35 0.024364663 
1007 61 12 14 0.02432408 
629 243 15 18 0.022657614 
939 252 15 18 0.02230139 
12 204 28 37 0.021839306 
587 264 26 34 0.021447638 
221 65 13 18 0.021395998 
979 546 15 17 0.021047365 
879 237 25 29 0.020323953 
315 108 45 82 0.02024805 
881 258 25 31 0.020159015 
916 257 15 19 0.02009778 
894 246 22 26 0.02004345 
