28_Sports_Fan_Sports_Fan_28_2
371
623 225 150 173 0.998662 
216 341 118 136 0.99428165 
87 272 8 10 0.38486758 
56 333 10 12 0.3246435 
111 315 9 12 0.3244599 
17 287 9 11 0.25142133 
47 272 8 10 0.2303554 
24 279 8 9 0.20307948 
65 279 8 9 0.19298354 
135 292 8 10 0.18956663 
13 268 8 11 0.18829554 
55 327 9 11 0.18627295 
81 254 8 9 0.17368476 
9 264 8 10 0.15021887 
448 401 8 10 0.14583139 
76 320 9 11 0.14415751 
81 272 8 10 0.14330135 
58 304 9 11 0.14022046 
105 286 8 10 0.13377875 
106 310 9 11 0.13310046 
72 286 8 10 0.12693574 
74 324 8 11 0.12604728 
21 286 8 10 0.122619316 
40 279 7 9 0.12229436 
32 278 7 10 0.121974066 
536 397 8 11 0.11952407 
425 387 10 12 0.11723067 
122 301 7 9 0.11079529 
96 288 7 9 0.11059198 
456 360 7 8 0.11013693 
457 432 24 35 0.109206855 
110 287 8 10 0.10891571 
464 361 8 9 0.10145001 
530 398 8 10 0.100003794 
161 305 202 276 0.09682453 
94 325 8 10 0.09524445 
73 294 9 10 0.09309628 
72 246 8 10 0.093002975 
62 325 9 11 0.092867225 
97 358 9 11 0.09173913 
122 297 7 9 0.090211764 
73 224 8 10 0.08827321 
89 288 8 9 0.08787667 
414 360 9 12 0.086084135 
71 279 8 9 0.08533713 
29 339 12 15 0.08480838 
447 389 8 9 0.084188625 
42 246 7 10 0.08153393 
128 294 7 10 0.08097004 
505 374 7 9 0.07707256 
529 357 7 9 0.076185994 
119 343 8 9 0.075170726 
441 433 29 35 0.07293002 
63 308 8 10 0.072790936 
5 302 9 11 0.0718244 
420 407 11 15 0.07150117 
80 248 8 9 0.07124086 
412 395 11 13 0.0704393 
440 399 9 10 0.06975763 
497 359 7 8 0.06872042 
90 320 9 12 0.06816113 
47 249 8 9 0.06807181 
41 272 8 10 0.06792162 
470 423 11 14 0.06775864 
48 324 9 12 0.06769677 
72 271 8 10 0.06685294 
57 279 7 9 0.0663079 
481 375 7 9 0.06618763 
129 332 9 11 0.06601729 
57 254 7 9 0.065359496 
496 398 8 9 0.0652175 
47 294 8 10 0.06492774 
525 438 13 15 0.064416714 
497 394 7 9 0.06435568 
96 263 7 8 0.06303314 
67 224 7 9 0.06185255 
127 328 9 11 0.06052408 
576 103 360 355 0.06041044 
79 240 7 9 0.06011588 
410 389 10 13 0.05968014 
53 231 8 9 0.05928012 
504 430 9 11 0.058545556 
972 485 46 64 0.058329884 
61 337 11 14 0.05815235 
455 399 8 10 0.057275046 
1 261 8 11 0.057219125 
66 272 8 9 0.05673717 
511 451 12 17 0.05643279 
489 360 6 8 0.056229673 
135 311 9 13 0.05618713 
79 294 8 10 0.05523772 
103 305 8 11 0.055182606 
438 357 8 10 0.054901738 
27 239 6 8 0.05486988 
23 254 8 9 0.05425094 
414 383 10 11 0.054243024 
16 291 9 11 0.05415206 
409 383 9 11 0.053850565 
489 398 7 10 0.053759508 
498 353 7 8 0.053544227 
79 288 8 9 0.05353167 
29 332 13 15 0.052985113 
121 327 8 9 0.05279673 
479 344 6 9 0.05122007 
8 238 8 9 0.050654408 
0 280 7 10 0.050268963 
110 120 12 13 0.04956132 
88 294 7 9 0.049395088 
540 397 10 13 0.048073463 
963 500 33 40 0.04800609 
72 241 8 9 0.04797901 
520 369 7 8 0.04789379 
488 438 11 14 0.04771161 
439 353 7 9 0.04753165 
32 240 7 8 0.04740648 
141 212 341 445 0.047226083 
535 351 7 9 0.04703663 
6 309 9 12 0.04703527 
41 319 9 11 0.04688596 
106 280 7 9 0.046438914 
510 424 9 11 0.046418883 
88 264 8 9 0.046005808 
110 280 8 9 0.045963697 
503 424 10 11 0.045484625 
25 272 7 10 0.045474894 
63 256 7 9 0.045453846 
32 272 7 10 0.045329567 
502 352 7 9 0.045321908 
510 430 9 11 0.044989996 
497 367 7 9 0.04487485 
454 341 8 10 0.044734508 
528 369 6 8 0.04419504 
65 263 7 9 0.04388213 
48 309 9 11 0.043859005 
504 369 7 9 0.043707144 
502 392 8 9 0.043604657 
49 333 10 13 0.043262627 
922 496 29 39 0.042869266 
113 344 8 11 0.042800363 
125 301 8 11 0.042773943 
85 254 8 9 0.0420797 
423 306 9 11 0.041883208 
424 358 8 11 0.041779958 
465 327 7 9 0.041759215 
677 -37 459 380 0.041442845 
432 350 9 10 0.041416682 
54 249 7 9 0.041261613 
9 233 7 10 0.040817644 
98 303 8 10 0.04069431 
488 376 7 9 0.040679608 
33 286 7 9 0.04067025 
1 315 8 12 0.03967438 
452 404 11 12 0.039596207 
80 339 8 11 0.03957676 
7 316 9 12 0.039227683 
97 352 8 12 0.039042473 
513 367 7 9 0.038624004 
26 407 12 17 0.03842639 
0 293 7 12 0.038242396 
17 278 8 10 0.03811043 
54 271 7 9 0.03810505 
63 320 8 10 0.037808087 
517 444 12 15 0.03777299 
450 342 7 9 0.03741283 
41 287 6 8 0.037363403 
434 358 7 10 0.0372586 
32 245 7 9 0.037138037 
111 349 8 10 0.037009288 
6 257 8 9 0.03698171 
1 300 8 12 0.036935586 
46 320 8 11 0.036883425 
0 284 7 12 0.036747113 
544 348 7 10 0.036476146 
57 263 6 8 0.036388345 
545 361 7 8 0.03618984 
87 302 8 9 0.036127336 
26 249 6 8 0.036092248 
142 294 10 12 0.035982214 
468 435 22 28 0.035920147 
141 288 8 10 0.03584497 
94 271 7 10 0.035781577 
8 287 8 10 0.035467304 
129 289 8 10 0.035348874 
31 264 8 9 0.03515887 
39 324 9 12 0.034981597 
527 403 9 11 0.034920327 
120 335 8 11 0.034915462 
112 264 7 9 0.034879092 
537 368 7 9 0.03463318 
473 404 9 10 0.03454675 
55 286 7 10 0.034151755 
117 318 8 11 0.03354217 
495 429 9 12 0.033506494 
104 351 8 11 0.033341106 
918 474 31 36 0.032690827 
48 265 7 8 0.032636352 
73 253 7 9 0.032624748 
98 293 7 10 0.032611486 
410 359 9 12 0.032485392 
432 400 9 11 0.032275967 
497 406 7 10 0.03214379 
430 404 12 14 0.032129686 
112 292 8 10 0.03210449 
476 428 10 13 0.03186382 
439 403 11 13 0.03145041 
490 337 8 9 0.03140479 
510 442 20 26 0.031341325 
416 342 8 9 0.031334795 
148 428 230 312 0.031152911 
416 336 7 10 0.031149125 
102 293 8 10 0.031105021 
504 399 7 9 0.030993583 
7 325 9 12 0.030979706 
513 384 6 9 0.03096656 
42 255 7 8 0.030956054 
465 319 7 9 0.03086106 
128 279 7 8 0.030270386 
504 407 8 10 0.030241676 
70 265 8 9 0.030187514 
473 344 8 9 0.030071668 
415 427 25 35 0.029993 
500 458 11 16 0.029980183 
464 344 8 10 0.029862566 
89 230 8 10 0.029838419 
495 336 7 9 0.029776277 
754 24 267 233 0.02976196 
41 294 8 10 0.02957869 
48 302 9 12 0.029563248 
493 442 12 15 0.029448926 
32 293 9 11 0.028777285 
31 232 7 9 0.02865147 
425 349 8 11 0.028505249 
535 359 7 8 0.0284352 
367 421 44 55 0.027955424 
252 344 142 180 0.027894678 
465 376 7 8 0.02787423 
77 223 9 10 0.027822156 
489 381 7 9 0.02777046 
7 221 9 11 0.027725842 
118 312 9 11 0.027706934 
14 233 8 9 0.027677553 
87 336 7 10 0.02755202 
473 328 7 9 0.027540412 
57 104 7 9 0.027526248 
114 255 7 9 0.027452707 
511 335 7 9 0.02738575 
19 373 11 13 0.027367419 
102 329 8 10 0.027192395 
87 340 8 11 0.027046053 
8 278 8 10 0.026955033 
489 394 8 9 0.026667964 
530 392 8 11 0.026629899 
442 375 7 9 0.026559075 
1012 469 9 15 0.026557408 
49 288 7 9 0.026553126 
5 333 9 12 0.026468169 
537 344 7 9 0.02620424 
66 247 8 9 0.025940087 
488 367 7 9 0.02581823 
488 428 10 12 0.025720118 
2 334 8 12 0.025633136 
97 247 7 9 0.025626274 
481 368 7 9 0.025614025 
88 237 7 10 0.025603592 
7 294 9 11 0.025509313 
129 311 7 10 0.02540174 
520 382 8 9 0.025351936 
47 338 11 14 0.025307871 
489 342 7 9 0.025265286 
454 458 26 33 0.025232362 
67 240 7 10 0.0252144 
25 263 8 10 0.025180621 
501 446 19 26 0.025148062 
468 450 25 30 0.025057366 
440 327 6 9 0.025014913 
349 364 53 73 0.024965733 
24 330 12 15 0.02492845 
446 375 8 9 0.024901345 
522 376 7 8 0.024881544 
464 398 8 11 0.02485741 
472 334 7 9 0.024683725 
462 405 9 12 0.024656938 
86 249 7 8 0.024610117 
443 383 9 11 0.024556916 
432 345 7 8 0.024541961 
95 278 7 10 0.024434961 
118 256 7 9 0.024402035 
0 245 6 10 0.024400128 
65 284 8 10 0.024396049 
511 407 8 11 0.024364227 
13 316 9 13 0.024305718 
451 418 15 20 0.024294391 
441 97 7 9 0.024155106 
71 334 9 12 0.024153234 
416 402 21 25 0.024129223 
1 220 8 11 0.024126796 
46 215 8 9 0.024105806 
95 363 9 12 0.024036624 
72 217 9 10 0.023979573 
446 410 14 15 0.023951007 
424 344 8 9 0.023796242 
473 448 15 18 0.023688905 
506 383 7 8 0.023683384 
41 262 7 9 0.023563242 
105 263 7 9 0.023552397 
0 269 8 10 0.02350584 
121 278 7 8 0.02345482 
441 345 7 8 0.023415206 
450 337 8 10 0.023382023 
71 301 8 10 0.023337884 
23 345 14 16 0.023213651 
93 223 8 9 0.023129104 
0 325 8 12 0.023089414 
425 326 9 10 0.023072388 
111 306 8 10 0.022918757 
530 335 7 9 0.022900667 
8 246 7 9 0.022864584 
505 337 8 8 0.022830656 
511 435 10 13 0.022817926 
82 263 7 9 0.02278984 
475 436 12 16 0.022747545 
58 110 7 9 0.022699397 
23 302 8 10 0.022698462 
39 241 7 9 0.022657344 
537 374 7 10 0.022543523 
460 472 15 19 0.022503108 
136 272 6 8 0.022372901 
950 464 50 66 0.022369135 
480 383 7 8 0.02236511 
482 436 23 26 0.022348987 
464 383 8 9 0.022348123 
512 352 7 9 0.02233 
326 104 8 10 0.022231651 
516 456 13 17 0.022178197 
472 368 6 8 0.022141771 
309 334 95 128 0.022118503 
513 359 7 9 0.022074021 
452 411 13 16 0.022045076 
53 328 20 24 0.022040328 
40 232 6 9 0.022002798 
478 405 9 10 0.021949349 
494 450 14 18 0.021863233 
104 239 7 9 0.02169287 
1 255 8 11 0.02150545 
97 309 9 10 0.021482196 
513 330 6 7 0.021481138 
14 238 7 9 0.02136206 
17 403 19 27 0.02128912 
18 255 7 9 0.021217663 
98 257 7 8 0.021205902 
132 296 42 54 0.021197096 
526 375 7 8 0.021018315 
479 328 7 8 0.020930238 
423 397 10 13 0.020821564 
30 326 11 13 0.020743715 
416 376 9 11 0.020641126 
12 406 15 22 0.020590944 
923 519 27 34 0.02054825 
96 77 8 11 0.020526154 
140 307 12 17 0.020409426 
79 312 9 11 0.020385312 
93 230 9 11 0.020288754 
535 336 7 9 0.020284912 
363 364 32 43 0.020244336 
426 433 26 33 0.020195045 
474 376 6 8 0.020193161 
120 288 8 10 0.020145372 
457 365 7 9 0.020139365 
405 385 21 27 0.020102084 
448 368 7 9 0.020037513 
416 412 23 30 0.020019943 
