28_Sports_Fan_Sports_Fan_28_7
1703
472 644 112 149 0.99980444 
876 1126 101 148 0.9996271 
147 673 54 62 0.9988939 
942 850 71 96 0.99648297 
589 635 36 41 0.9952166 
197 560 31 35 0.9934754 
840 539 25 29 0.9852056 
652 581 22 34 0.98442036 
63 789 39 44 0.98251224 
210 663 37 46 0.9823507 
295 429 26 34 0.9782316 
539 600 39 42 0.975942 
166 526 27 33 0.972787 
876 131 14 17 0.9708043 
140 211 14 16 0.96826595 
924 234 14 18 0.9633114 
980 664 34 38 0.9573666 
871 220 16 19 0.95369804 
973 297 13 17 0.9413926 
865 353 16 18 0.9366511 
631 51 14 17 0.93602884 
258 343 26 32 0.93467957 
958 200 15 17 0.9229725 
705 109 16 19 0.9207727 
79 857 74 112 0.91277635 
350 99 13 17 0.90731007 
186 412 30 32 0.9066027 
807 415 20 25 0.9042502 
552 27 13 16 0.90379006 
143 868 54 85 0.90205806 
211 298 22 28 0.89598894 
813 809 34 44 0.8936418 
923 169 13 16 0.89354026 
10 75 14 17 0.89046 
32 381 25 34 0.88881505 
111 40 15 19 0.8850408 
83 198 23 26 0.88495594 
262 93 13 15 0.8830437 
804 138 11 15 0.880363 
918 187 13 17 0.8685382 
388 79 13 17 0.8623375 
6 552 49 56 0.8617889 
660 41 12 15 0.8603749 
88 13 13 17 0.8508753 
749 110 13 16 0.8503821 
941 169 12 15 0.8468777 
75 236 16 19 0.84361374 
939 273 19 23 0.8400112 
482 66 13 16 0.8317223 
142 262 16 21 0.8299341 
453 114 15 18 0.82823646 
923 313 14 16 0.8280841 
83 564 44 55 0.82154894 
819 118 12 15 0.8214861 
290 278 15 20 0.8186204 
884 402 13 18 0.8163838 
200 131 12 16 0.80491954 
894 173 12 16 0.8020966 
783 117 13 16 0.79848444 
83 281 17 20 0.7967986 
37 124 16 22 0.78477424 
774 6 12 14 0.7798519 
509 57 13 16 0.77800107 
605 46 12 14 0.77139866 
246 31 13 15 0.767912 
622 82 10 13 0.7656958 
955 108 11 14 0.7653838 
200 299 22 30 0.7646771 
847 48 9 11 0.7629662 
212 361 26 29 0.75910676 
357 46 12 15 0.7540346 
588 91 12 15 0.75292206 
844 460 13 16 0.7509407 
885 153 13 15 0.750584 
4 200 18 23 0.7505375 
932 115 12 14 0.7444094 
221 224 13 16 0.7394653 
46 6 13 16 0.7306501 
336 -1 12 12 0.7283697 
884 297 17 20 0.7253113 
741 84 13 16 0.7236383 
884 70 10 12 0.7166208 
817 538 22 26 0.71041316 
935 345 15 19 0.70860964 
202 236 14 18 0.70095044 
1009 340 12 17 0.6986322 
520 37 12 15 0.6959836 
284 37 12 14 0.69407094 
175 33 13 15 0.692298 
192 307 25 28 0.68890536 
708 49 13 16 0.68383455 
919 647 27 33 0.68045187 
549 118 13 17 0.67775863 
440 12 12 15 0.67749065 
318 52 12 16 0.67664135 
701 85 11 14 0.6693931 
980 78 12 16 0.6651679 
26 293 19 24 0.659176 
268 227 16 18 0.65777385 
613 123 15 18 0.65539235 
72 46 12 16 0.6512837 
466 44 12 16 0.6512159 
971 125 14 17 0.64896584 
685 62 12 15 0.6406497 
926 691 44 46 0.63372695 
476 8 12 14 0.630254 
983 51 10 12 0.62838197 
454 3 12 14 0.62663066 
915 150 12 15 0.6261523 
836 511 13 16 0.62232244 
790 23 11 13 0.6215245 
124 227 14 18 0.6156483 
335 25 16 18 0.6154178 
466 51 13 16 0.6107765 
798 261 15 18 0.6071502 
778 382 14 17 0.6027089 
834 230 11 15 0.60138667 
836 326 14 17 0.5970088 
856 237 11 14 0.58832455 
21 20 11 14 0.5872607 
966 124 12 16 0.5843372 
303 107 14 17 0.5815585 
140 79 16 19 0.5805721 
53 266 18 19 0.5800124 
403 58 11 15 0.578321 
203 197 15 20 0.5711054 
71 21 12 14 0.56629986 
143 16 14 16 0.56468296 
916 386 13 17 0.5601538 
616 39 11 14 0.55927104 
591 11 11 14 0.55895317 
986 274 14 17 0.54282945 
202 96 15 18 0.54072684 
890 239 11 15 0.5385006 
546 54 14 16 0.53036773 
793 92 10 13 0.5146651 
995 198 13 16 0.5103149 
573 47 13 16 0.5012796 
737 91 12 15 0.49986523 
914 71 9 11 0.497057 
59 503 26 36 0.48259267 
243 402 28 36 0.48055372 
42 323 17 21 0.4802255 
859 71 10 14 0.47888148 
833 7 10 12 0.46795833 
325 595 101 147 0.45588142 
449 62 12 15 0.45423317 
646 112 13 16 0.45405293 
901 87 10 13 0.45169818 
841 146 12 15 0.4497708 
430 22 11 15 0.44958037 
346 138 16 18 0.4485609 
254 154 16 21 0.44475004 
107 380 22 28 0.44178808 
360 125 13 16 0.44076592 
163 218 13 16 0.43478703 
374 44 12 16 0.43247315 
740 58 12 15 0.43168634 
430 62 13 17 0.43042782 
444 548 14 17 0.42210323 
788 423 17 22 0.41649723 
129 124 17 21 0.4151587 
863 172 11 13 0.41058865 
212 91 15 19 0.4083014 
994 594 22 31 0.40808648 
464 37 13 14 0.40743825 
125 9 13 16 0.40125278 
744 77 13 17 0.3956239 
904 55 9 11 0.393689 
382 31 12 14 0.3919369 
836 119 11 14 0.3874051 
170 92 13 16 0.38559923 
118 353 21 28 0.3833885 
561 5 10 12 0.38268852 
828 46 10 12 0.3822825 
569 623 47 52 0.38073894 
905 31 8 11 0.37977368 
819 19 11 14 0.37377095 
1007 370 16 20 0.3733063 
709 541 25 33 0.37303436 
800 132 13 17 0.36995655 
911 131 12 15 0.3655292 
493 37 12 15 0.36374906 
60 563 18 21 0.36033162 
918 45 8 11 0.35605806 
801 61 11 14 0.35483572 
589 36 11 13 0.35412756 
813 188 15 19 0.35283318 
207 75 13 15 0.3493902 
56 36 14 15 0.34588757 
894 488 12 18 0.3402922 
554 553 18 23 0.33949342 
977 37 10 12 0.3335102 
278 410 41 55 0.33213517 
619 116 13 17 0.33022875 
930 75 11 13 0.32983366 
1010 300 11 17 0.32698473 
824 64 9 12 0.32604867 
724 653 92 131 0.3257578 
311 633 55 78 0.32358095 
672 90 16 19 0.32004836 
1005 435 15 19 0.3178068 
1005 231 18 23 0.3177308 
54 615 33 50 0.31543294 
439 45 11 13 0.31539848 
213 265 16 20 0.31324285 
50 170 15 21 0.3130543 
207 230 12 16 0.31125772 
293 207 13 17 0.30923924 
408 115 11 16 0.30374822 
214 225 12 16 0.3032383 
48 226 18 22 0.29870805 
7 1082 92 134 0.29750645 
176 245 11 15 0.29025352 
650 108 13 16 0.29007092 
132 44 12 16 0.2888578 
492 577 49 59 0.28736565 
847 100 11 13 0.28671232 
879 10 10 12 0.2830556 
605 5 10 12 0.28229553 
876 92 11 14 0.2744666 
953 60 9 11 0.27244923 
869 268 12 17 0.27015966 
867 258 13 17 0.26989827 
181 64 14 18 0.26863375 
543 117 13 18 0.26757014 
984 227 13 18 0.2658318 
481 60 12 16 0.26481754 
181 384 26 32 0.26450574 
255 396 25 39 0.26093674 
767 44 12 14 0.26031098 
901 139 13 16 0.257344 
911 54 8 10 0.2573349 
854 188 11 14 0.2567032 
299 332 34 48 0.25236943 
1 859 45 77 0.25196537 
500 35 12 15 0.2512705 
635 23 10 11 0.24930099 
86 83 12 17 0.24797599 
1002 491 17 22 0.24767339 
990 176 12 16 0.2473108 
952 71 9 11 0.24571866 
373 2 17 16 0.24425358 
268 83 16 17 0.24188906 
575 21 11 14 0.23733382 
400 39 9 12 0.23348148 
760 84 13 15 0.23071222 
413 20 10 12 0.22997916 
819 507 13 17 0.22974542 
279 364 25 31 0.22755627 
86 74 14 18 0.22675848 
232 529 26 30 0.22654398 
804 298 15 17 0.22556816 
956 457 17 21 0.2245123 
986 210 18 21 0.22417626 
196 396 28 32 0.2215168 
469 21 11 13 0.22096096 
439 87 12 14 0.2200099 
518 12 11 14 0.21901178 
157 228 14 17 0.21864912 
816 229 10 13 0.21812098 
206 0 11 10 0.21628521 
886 268 13 16 0.21594061 
604 28 10 13 0.21540043 
918 549 12 20 0.21442497 
950 75 10 12 0.21107341 
40 387 30 41 0.21093726 
851 118 13 17 0.21057336 
755 36 13 14 0.21001235 
430 112 18 22 0.20940073 
778 279 13 15 0.20577389 
670 83 14 18 0.2046608 
943 2 10 12 0.204171 
479 54 11 13 0.20405087 
445 45 12 14 0.20265956 
848 65 8 11 0.20174472 
544 1 9 11 0.20070814 
639 4 9 11 0.19989061 
491 582 31 38 0.19957079 
584 85 13 17 0.19805022 
518 92 11 15 0.19669373 
446 51 12 14 0.1955508 
22 272 14 18 0.1942327 
607 514 18 22 0.1940882 
995 170 13 18 0.1924384 
914 282 16 19 0.19075961 
15 16 12 16 0.18973428 
327 95 14 19 0.18895948 
140 329 13 19 0.18780188 
513 581 52 63 0.18613066 
336 61 10 14 0.18611456 
168 35 15 18 0.1855021 
869 46 8 11 0.18441641 
941 130 13 16 0.18413082 
275 78 12 15 0.1833477 
945 88 10 13 0.18327978 
766 102 10 14 0.18289787 
101 70 13 19 0.18270919 
501 95 10 14 0.18234034 
742 138 16 20 0.18171485 
860 125 11 15 0.1811159 
548 64 13 17 0.17900676 
881 40 8 11 0.17706369 
853 276 15 20 0.17592451 
751 54 10 13 0.17451108 
102 137 14 17 0.17434007 
968 524 22 31 0.17426573 
815 246 10 13 0.1731655 
685 30 10 14 0.17294641 
983 142 13 15 0.1725143 
422 0 10 9 0.17193122 
910 87 11 13 0.17190447 
759 53 10 12 0.1690601 
685 4 10 11 0.16883804 
855 163 11 14 0.16855241 
321 47 12 17 0.16804262 
700 592 14 19 0.1677698 
26 22 13 16 0.166271 
17 180 16 21 0.16593014 
937 46 9 10 0.16540511 
971 282 14 18 0.16522618 
989 129 14 17 0.16382408 
757 15 11 13 0.16199534 
262 102 16 19 0.16016674 
939 621 16 20 0.15863726 
821 192 13 18 0.15805776 
464 30 12 14 0.15801392 
873 86 11 14 0.15760432 
958 63 8 11 0.15750593 
846 24 9 10 0.15740333 
744 68 11 14 0.15635784 
861 275 11 17 0.15551277 
61 164 16 20 0.1544504 
747 132 14 19 0.15418163 
300 13 16 19 0.15395334 
775 101 11 15 0.15210402 
13 185 15 21 0.15202235 
933 405 12 16 0.15186146 
925 525 13 18 0.15123452 
798 125 12 14 0.15118875 
22 0 11 12 0.15005632 
910 119 11 13 0.14930606 
223 11 12 16 0.14896648 
353 50 11 14 0.14776751 
881 150 12 14 0.14708017 
871 127 13 17 0.14672998 
848 426 9 12 0.14626601 
920 214 12 15 0.14535843 
101 812 25 34 0.14483641 
443 17 13 14 0.14380617 
735 56 12 15 0.14380428 
912 16 9 12 0.14333257 
929 13 10 11 0.142336 
637 28 10 13 0.14169778 
629 101 14 15 0.13857415 
91 70 15 20 0.13850278 
442 91 13 16 0.13769072 
405 45 10 13 0.13655312 
814 236 10 13 0.1352804 
987 515 12 16 0.13483162 
903 427 14 17 0.13420752 
832 123 12 15 0.13379997 
265 395 30 37 0.13333824 
287 186 15 16 0.132955 
898 86 9 12 0.13272962 
590 30 10 13 0.13248058 
829 68 11 13 0.13242014 
729 36 9 12 0.13221191 
783 62 10 14 0.13022298 
3 276 23 29 0.12995821 
293 54 13 16 0.12937474 
649 101 11 15 0.1293713 
887 40 8 11 0.12828156 
716 2 15 17 0.12799975 
50 556 29 34 0.12790987 
949 150 12 14 0.12748715 
918 40 9 11 0.12744306 
668 511 14 18 0.1266552 
794 158 16 20 0.12481119 
199 0 10 10 0.12438492 
359 39 12 16 0.12387121 
962 15 8 10 0.12374043 
914 47 9 11 0.123117514 
959 231 14 18 0.12289853 
447 39 12 14 0.12220894 
128 385 17 20 0.120732225 
845 161 12 15 0.120372646 
183 214 13 17 0.11959228 
365 43 12 17 0.11927541 
710 71 11 13 0.11890584 
0 75 12 17 0.118824355 
303 36 14 16 0.1187171 
837 254 10 12 0.11851097 
502 3 10 12 0.118255496 
945 29 10 13 0.11765026 
905 0 9 10 0.11756204 
842 29 8 11 0.11746778 
411 511 12 15 0.11739297 
957 529 25 31 0.116583414 
838 281 13 17 0.11581597 
959 39 10 11 0.1144864 
865 678 30 36 0.11354974 
4 191 16 21 0.1133186 
966 26 10 13 0.11327176 
656 21 10 13 0.11298206 
447 5 11 13 0.112639405 
902 60 9 11 0.11256118 
693 67 11 14 0.11245107 
392 518 11 16 0.11221549 
182 74 14 18 0.11209505 
702 79 11 14 0.11196962 
764 37 14 16 0.111461 
748 59 11 14 0.11139456 
549 76 13 17 0.11128678 
876 622 15 20 0.11117638 
871 11 9 12 0.1111349 
119 403 23 32 0.11082561 
243 110 11 14 0.11072038 
453 44 10 13 0.109586924 
963 441 18 25 0.10944698 
736 566 13 16 0.10896727 
785 23 10 12 0.10858026 
1002 0 8 9 0.108380996 
1014 60 9 13 0.10832603 
162 225 15 18 0.10812008 
366 13 12 13 0.10790417 
41 11 12 14 0.10732538 
720 87 10 13 0.10720467 
600 5 10 13 0.107136056 
958 449 19 23 0.107090905 
60 29 12 16 0.106437385 
430 85 11 14 0.106386796 
90 275 16 21 0.10623631 
731 511 25 33 0.10596532 
587 68 13 16 0.105171956 
701 70 11 13 0.105062075 
582 28 11 13 0.10505554 
93 265 15 19 0.10452235 
904 387 11 14 0.10439812 
543 22 11 14 0.1038692 
904 16 8 10 0.10298966 
885 74 11 13 0.102368966 
121 152 15 20 0.10184788 
0 137 10 20 0.101805635 
193 0 10 10 0.10074988 
522 98 15 20 0.10070346 
425 27 10 13 0.10030016 
603 51 10 14 0.09966607 
898 56 8 10 0.09950177 
989 202 17 19 0.09909222 
621 111 13 16 0.09866696 
204 59 14 16 0.098604284 
130 272 15 19 0.0982544 
919 20 8 10 0.0982358 
156 120 17 19 0.09808078 
488 42 11 13 0.09800924 
86 51 15 18 0.097800545 
820 155 12 16 0.09708513 
375 37 13 17 0.0968818 
885 65 10 11 0.09683908 
95 241 15 19 0.09669133 
937 117 13 14 0.09663238 
179 5 12 14 0.09649481 
314 338 44 57 0.096307665 
269 49 13 16 0.09597724 
475 124 15 17 0.095612064 
135 322 14 18 0.09506509 
320 70 11 13 0.093632944 
908 138 14 16 0.09194219 
887 13 9 11 0.09182064 
287 207 13 18 0.0911161 
377 50 13 16 0.091088474 
949 90 11 12 0.09097536 
919 64 8 11 0.09059738 
30 698 25 36 0.090532854 
871 588 12 16 0.090507016 
703 14 10 13 0.09029487 
980 525 21 28 0.089858405 
228 85 12 16 0.08979355 
828 63 10 12 0.08964333 
447 75 12 15 0.08952879 
220 85 16 19 0.089497216 
312 54 12 14 0.08946011 
92 5 15 19 0.0891744 
975 30 10 12 0.08893119 
756 44 14 16 0.08877297 
207 83 14 18 0.0885458 
896 46 7 10 0.08853309 
733 567 21 24 0.088499434 
49 398 33 41 0.08847301 
283 92 13 16 0.08810925 
364 37 11 16 0.08720519 
860 298 12 15 0.08670416 
950 37 10 12 0.08650562 
606 95 11 14 0.08613506 
423 92 11 15 0.08607069 
1009 439 14 20 0.08594068 
909 450 16 18 0.08578835 
277 57 13 17 0.0850912 
684 137 15 18 0.08488354 
937 166 11 16 0.084718436 
497 0 9 10 0.08458523 
41 115 16 20 0.08435329 
387 36 12 14 0.08415104 
916 594 21 30 0.08376733 
374 765 269 325 0.08340829 
293 15 15 19 0.08292363 
147 103 17 23 0.0829233 
840 153 12 17 0.08289597 
366 4 15 14 0.08286246 
983 216 15 22 0.082830295 
957 114 11 15 0.082800835 
927 60 9 12 0.082678504 
429 92 13 15 0.08255699 
957 472 14 18 0.08254278 
175 67 13 16 0.081756175 
720 553 15 20 0.08138838 
980 124 14 16 0.08123309 
795 417 21 25 0.08123016 
106 68 14 18 0.08121541 
598 38 11 13 0.0811321 
372 10 14 15 0.08111523 
841 63 9 11 0.08043732 
998 376 22 25 0.079551704 
1013 324 10 15 0.07925784 
298 139 12 17 0.079114184 
846 41 9 11 0.079107895 
884 195 14 17 0.0790087 
559 93 12 15 0.07896269 
281 179 11 15 0.07886879 
1011 331 13 19 0.07876696 
38 150 13 18 0.07849313 
31 128 16 19 0.078258686 
74 583 32 41 0.07818683 
955 304 14 17 0.07797091 
557 138 15 18 0.07768586 
368 93 12 15 0.077647224 
126 313 15 18 0.07760243 
38 327 24 30 0.07758916 
724 11 13 16 0.077518575 
999 35 10 12 0.07721032 
660 30 12 14 0.0769199 
934 24 10 11 0.07664655 
708 86 12 14 0.076353654 
829 50 11 13 0.07624187 
838 452 13 17 0.07550377 
934 121 13 15 0.075299025 
952 44 10 11 0.07520046 
107 365 26 33 0.07519306 
839 68 10 12 0.07514299 
878 292 16 20 0.07488183 
929 110 11 15 0.07488101 
863 255 12 16 0.074785255 
548 46 13 15 0.07472414 
961 465 15 20 0.07409244 
288 361 45 55 0.074070014 
710 3 14 16 0.07388059 
615 13 10 12 0.073551804 
525 6 11 15 0.073362194 
666 37 11 15 0.07330826 
879 400 13 18 0.07302635 
16 3 12 14 0.072332606 
995 213 16 21 0.072266206 
179 248 15 20 0.07221507 
573 514 15 18 0.07216033 
871 79 11 12 0.0721223 
178 380 20 21 0.07197886 
945 72 9 11 0.07197225 
798 361 14 18 0.07178581 
134 11 12 15 0.07178444 
905 21 8 10 0.07143073 
236 580 29 33 0.07141994 
2 71 19 24 0.0712529 
649 13 10 12 0.07124095 
881 62 9 11 0.07080576 
733 30 10 13 0.0707918 
928 9 9 10 0.07050859 
1008 515 12 16 0.07032301 
674 76 15 18 0.07024906 
85 7 14 18 0.07004812 
891 630 17 22 0.0698877 
520 535 29 38 0.0698027 
957 44 9 11 0.06972615 
999 15 8 11 0.06941042 
545 28 11 14 0.06932455 
648 60 9 12 0.069122806 
997 159 11 17 0.06911056 
918 652 16 20 0.06868875 
983 279 13 18 0.068637095 
837 246 10 12 0.068526596 
977 44 11 13 0.06852498 
856 0 9 10 0.06825757 
613 6 11 13 0.06824246 
438 552 16 19 0.06812563 
821 291 14 19 0.06800436 
271 354 27 32 0.06796782 
397 100 11 14 0.067890964 
932 652 29 36 0.067889206 
71 338 16 19 0.06771912 
228 10 13 17 0.06754282 
504 54 14 16 0.06716884 
242 311 25 31 0.06710569 
912 275 13 17 0.06696826 
896 14 8 11 0.0665425 
142 104 14 19 0.06647778 
285 57 14 18 0.06647561 
870 27 10 13 0.0664482 
987 48 11 13 0.066409305 
397 5 9 11 0.06629278 
790 68 11 14 0.06607952 
597 22 11 13 0.066014 
408 15 11 13 0.06586273 
670 0 10 9 0.0657266 
262 222 15 21 0.065569334 
981 155 14 17 0.06555568 
821 183 14 19 0.06551577 
60 41 14 18 0.06551205 
962 27 9 12 0.06539169 
15 853 80 111 0.065294564 
923 218 13 17 0.06523804 
220 182 14 17 0.06520428 
870 166 11 14 0.06513813 
929 56 8 10 0.06510685 
759 71 11 14 0.06446395 
86 187 16 21 0.06413666 
137 52 16 18 0.06358413 
86 736 15 20 0.0635141 
591 18 12 14 0.06348498 
277 275 16 21 0.06345066 
824 52 11 12 0.06341277 
923 283 14 18 0.06338388 
224 0 11 11 0.06324476 
60 219 14 19 0.06324048 
885 84 11 13 0.06320587 
886 93 10 13 0.06320263 
903 47 8 10 0.0630687 
639 587 26 34 0.063050106 
758 29 12 15 0.06282656 
42 109 14 17 0.062639505 
289 193 14 18 0.06260665 
390 21 9 12 0.06250489 
752 44 11 14 0.062422816 
174 269 12 16 0.062253296 
668 542 168 237 0.062214006 
109 31 15 19 0.061979193 
917 199 14 17 0.06188249 
270 408 31 40 0.06180392 
965 60 11 13 0.06156648 
209 275 22 25 0.06151053 
98 3 13 16 0.06147695 
1006 0 8 10 0.061011445 
975 211 11 15 0.060788 
20 374 29 38 0.060652312 
779 133 13 16 0.06064512 
147 306 12 16 0.060611952 
795 26 11 14 0.06019837 
833 76 11 12 0.06006915 
135 265 15 20 0.06002785 
1014 151 9 13 0.060022555 
835 85 13 15 0.059834838 
961 21 11 13 0.05937275 
595 92 12 15 0.059268136 
5 119 20 27 0.058967195 
581 125 12 15 0.058861185 
895 92 10 13 0.058816455 
382 23 12 14 0.058811177 
875 268 16 19 0.05872124 
915 127 12 15 0.058602378 
331 83 13 18 0.058510795 
509 36 12 15 0.05846849 
715 517 12 16 0.058407776 
613 94 11 13 0.058210097 
171 214 14 17 0.058035925 
375 29 12 15 0.05797947 
575 1 9 10 0.057796195 
300 211 10 15 0.057744205 
933 85 11 13 0.05755946 
622 20 9 12 0.057367623 
989 647 33 47 0.057306666 
543 74 14 17 0.057151765 
387 70 12 15 0.057074297 
814 163 13 16 0.057031583 
940 284 15 19 0.056970093 
300 53 12 15 0.05680385 
680 1 9 10 0.05677804 
437 95 14 18 0.05663418 
1007 4 9 11 0.056618813 
788 866 27 41 0.056544855 
248 156 14 17 0.056512102 
662 125 12 16 0.05648734 
976 291 14 19 0.05641442 
294 569 22 30 0.056325167 
664 0 9 9 0.056225613 
805 56 11 14 0.056221996 
909 383 13 17 0.05619707 
910 541 21 31 0.05615937 
886 636 25 31 0.055810124 
636 35 12 14 0.055264477 
424 86 10 13 0.055216547 
245 652 30 46 0.055091232 
755 108 12 15 0.054758403 
513 53 14 17 0.05474795 
912 62 9 11 0.054513365 
805 253 12 15 0.054398306 
887 7 8 10 0.05434881 
235 11 13 16 0.054269698 
276 338 41 52 0.05422504 
279 98 12 15 0.054108944 
584 6 11 12 0.0540853 
968 55 10 12 0.05395696 
79 14 11 15 0.05385966 
825 39 10 11 0.053662993 
302 234 12 15 0.05354587 
1009 156 11 14 0.053461272 
0 232 9 17 0.05337539 
350 36 10 14 0.05330106 
780 101 11 13 0.053261556 
998 214 22 31 0.053014908 
269 123 12 16 0.05295616 
872 61 8 10 0.052833896 
982 31 9 11 0.052831985 
656 50 12 14 0.05270745 
284 584 16 21 0.052669678 
0 90 8 16 0.052636 
935 60 9 11 0.05257388 
533 20 11 14 0.05252642 
307 102 13 17 0.052341104 
718 715 59 83 0.052317094 
396 564 17 20 0.051955674 
548 0 10 11 0.051892288 
769 0 19 23 0.051833373 
579 46 12 15 0.051756598 
550 4 10 12 0.051695053 
892 408 11 17 0.05157181 
405 64 11 15 0.051559903 
625 53 11 14 0.051554143 
888 1 8 8 0.051453326 
576 84 11 14 0.051324505 
944 59 9 12 0.05129857 
902 132 14 17 0.051294215 
661 512 15 19 0.05122123 
764 90 12 16 0.05121731 
885 159 15 17 0.051162183 
126 38 12 15 0.051158663 
661 48 12 15 0.051078934 
724 1 11 11 0.050946955 
42 147 16 19 0.050820936 
418 0 9 10 0.05080293 
863 0 8 9 0.05076027 
95 0 13 13 0.05072234 
808 245 11 14 0.050278056 
894 262 12 17 0.050098915 
856 290 13 17 0.05007084 
32 554 32 38 0.04996357 
929 30 8 11 0.04980043 
630 94 12 14 0.049772274 
935 6 10 11 0.049663622 
435 65 13 16 0.049658712 
837 92 11 15 0.04963361 
912 38 9 11 0.049592577 
47 257 21 25 0.049518727 
664 4 10 12 0.049490526 
967 276 15 18 0.04945882 
994 577 26 39 0.04942683 
810 292 16 21 0.0494126 
84 251 14 17 0.049364492 
989 363 15 18 0.04931525 
582 75 14 16 0.049207468 
963 544 23 29 0.048899792 
996 362 17 20 0.04888758 
765 777 25 40 0.048845682 
90 22 15 18 0.048767548 
941 103 10 12 0.048715293 
974 189 12 16 0.048708867 
62 254 15 18 0.048702504 
140 314 12 18 0.048652973 
765 29 13 14 0.048513938 
55 382 30 38 0.048236303 
320 98 11 15 0.04821554 
949 656 22 33 0.048078157 
171 657 54 67 0.047982845 
189 318 20 24 0.047940183 
35 710 28 37 0.04787781 
913 193 14 17 0.047739387 
372 18 13 15 0.047687992 
176 0 11 11 0.04766208 
946 164 13 16 0.047595497 
597 85 11 15 0.047426067 
763 50 13 14 0.04736458 
27 255 17 21 0.04715576 
894 524 22 28 0.04711147 
656 27 12 13 0.04707546 
146 329 14 20 0.047053155 
944 36 10 12 0.04694848 
831 284 11 17 0.046923965 
851 47 9 11 0.04692037 
434 27 12 14 0.046869215 
496 98 13 16 0.046862654 
24 121 12 18 0.04663062 
927 373 12 15 0.046419922 
1005 420 15 18 0.04639263 
307 30 14 17 0.046386696 
974 227 12 18 0.04635571 
994 384 25 32 0.046136867 
892 397 13 18 0.046129767 
98 51 15 19 0.04605602 
860 141 11 15 0.046036173 
853 423 10 14 0.046003986 
89 55 19 26 0.045999993 
944 15 8 10 0.045928318 
759 102 11 15 0.045888465 
626 115 13 17 0.045755796 
881 55 8 11 0.045632042 
790 15 12 16 0.0456293 
983 511 12 16 0.04551747 
810 237 10 13 0.04551287 
211 387 27 32 0.04550127 
464 91 10 14 0.045412596 
833 244 9 12 0.045368314 
998 561 15 19 0.04520949 
976 52 10 13 0.045143556 
879 31 8 10 0.045105822 
854 63 10 12 0.04498709 
881 620 21 27 0.044713527 
398 107 12 17 0.044689838 
1013 398 11 19 0.044558074 
922 378 15 18 0.04451287 
365 28 12 15 0.044390976 
20 299 19 24 0.044374537 
7 14 12 14 0.04418375 
836 10 11 12 0.04416985 
233 320 29 35 0.04410558 
823 261 9 12 0.04406796 
264 0 9 10 0.04406551 
1008 496 14 19 0.04404875 
764 21 13 15 0.043991864 
871 197 13 17 0.043903694 
257 229 12 17 0.04388645 
716 75 12 15 0.043878414 
845 120 14 17 0.043796975 
252 309 24 27 0.043703124 
190 191 16 19 0.04362373 
995 505 23 32 0.043614343 
896 21 8 10 0.04341284 
37 539 47 58 0.043315627 
927 409 13 16 0.043271024 
80 6 12 14 0.043234833 
187 274 15 17 0.043222293 
917 88 10 11 0.043181196 
133 216 14 17 0.043162625 
866 14 8 10 0.04307304 
399 115 21 27 0.04302037 
983 22 9 11 0.04300394 
878 195 13 16 0.042920418 
756 57 13 15 0.042852346 
575 77 11 14 0.042837992 
374 86 10 14 0.04282341 
951 475 14 18 0.04280961 
903 118 12 14 0.042736474 
186 29 13 17 0.04269851 
187 43 13 16 0.042638965 
104 392 26 32 0.04261892 
1 870 25 55 0.04261509 
890 149 13 15 0.042552996 
253 284 12 15 0.042552695 
0 15 8 12 0.04252206 
753 139 15 20 0.04248639 
238 311 42 49 0.04237114 
93 249 15 19 0.042341873 
626 78 12 15 0.04231191 
432 15 11 13 0.042283405 
929 627 26 34 0.04224285 
965 677 48 49 0.042151473 
19 277 22 28 0.04214409 
612 607 14 17 0.0420835 
879 188 12 16 0.042025566 
989 157 14 17 0.042014737 
638 108 11 15 0.0419913 
150 230 15 19 0.041982334 
821 234 11 14 0.041872494 
767 0 12 12 0.041798178 
871 54 8 10 0.04177216 
831 260 10 13 0.04174135 
271 381 31 38 0.04170598 
858 241 15 17 0.041702934 
240 33 15 16 0.041685805 
61 564 30 37 0.041628886 
607 39 18 21 0.04161344 
973 23 10 12 0.041612223 
811 497 23 29 0.041585144 
888 21 9 11 0.041536972 
566 29 11 14 0.04152043 
526 62 11 15 0.04151331 
82 212 19 23 0.041431315 
713 109 13 18 0.04140872 
837 130 12 14 0.041287627 
43 135 16 20 0.04126318 
925 346 15 18 0.041206587 
424 66 13 16 0.041198507 
2 1020 78 134 0.041142907 
645 30 11 14 0.041077033 
604 77 11 14 0.041065972 
274 223 15 18 0.041061055 
781 84 11 14 0.04099079 
840 53 9 11 0.040954545 
904 647 28 34 0.040862028 
518 66 12 15 0.04074124 
973 419 13 17 0.0406282 
535 545 30 36 0.0405793 
299 565 15 17 0.040538196 
550 14 11 13 0.040399935 
63 345 25 29 0.04039103 
182 40 14 16 0.040375546 
30 152 14 18 0.04024969 
535 115 12 16 0.040190622 
556 110 11 16 0.040179387 
131 309 14 18 0.04010579 
664 13 10 12 0.040011812 
789 35 13 15 0.0400055 
647 539 25 30 0.039983217 
900 457 18 21 0.03996537 
948 681 45 49 0.039930057 
995 122 12 16 0.039823662 
799 55 10 14 0.039814647 
864 23 9 12 0.039783016 
977 15 8 10 0.039720334 
155 400 17 24 0.03969755 
151 96 22 26 0.039688844 
874 281 17 19 0.039587464 
849 236 12 14 0.039413147 
888 644 31 37 0.039410558 
715 45 12 16 0.03940415 
481 106 15 17 0.03929346 
520 585 75 87 0.039257705 
488 594 97 131 0.039226964 
458 1 12 12 0.03914605 
278 42 14 15 0.039131954 
811 282 15 19 0.039062537 
585 12 11 13 0.03897698 
951 528 16 20 0.038709197 
211 3 14 16 0.038697954 
622 58 11 15 0.038662776 
280 395 36 45 0.038626514 
999 117 11 16 0.038601894 
1006 632 19 37 0.03858168 
120 564 32 41 0.03852265 
100 260 13 19 0.038473174 
868 501 22 27 0.03847152 
75 214 17 22 0.03844346 
664 43 13 16 0.03841649 
349 873 387 426 0.038381074 
670 53 10 13 0.03835425 
302 6 14 16 0.038349062 
828 155 13 17 0.038332574 
36 686 26 38 0.038251307 
718 17 13 16 0.038135033 
74 16 19 22 0.03799495 
141 22 14 18 0.037980445 
901 686 15 19 0.03797641 
895 40 8 10 0.03792253 
887 642 14 18 0.037730455 
979 418 12 17 0.037725616 
422 52 10 13 0.037714332 
515 17 13 16 0.037713084 
376 29 20 23 0.0376637 
1013 28 10 14 0.037518915 
170 160 16 22 0.037512876 
950 195 15 18 0.037502784 
973 537 22 30 0.03745917 
895 8 8 10 0.037456762 
967 38 9 11 0.03745063 
949 141 12 14 0.03744761 
49 315 19 24 0.03743995 
704 6 11 14 0.037411176 
843 275 17 22 0.03740438 
391 1 11 10 0.03731317 
28 137 15 18 0.037272286 
885 246 15 18 0.037260164 
1013 316 11 17 0.037245516 
398 64 12 15 0.03723312 
356 0 14 12 0.037222866 
836 287 13 18 0.03721528 
582 109 11 14 0.037131347 
919 534 20 29 0.037101276 
931 609 25 29 0.03705207 
46 208 23 29 0.037039846 
72 24 16 18 0.036987215 
694 110 12 16 0.036974516 
129 46 18 23 0.036947444 
880 76 10 12 0.036925122 
293 26 14 17 0.036866296 
18 362 25 35 0.03683251 
902 101 10 12 0.036671963 
901 393 12 17 0.03666025 
118 121 14 20 0.0366515 
340 16 12 15 0.036578394 
28 0 11 11 0.0365606 
512 92 11 15 0.036545157 
23 60 12 16 0.036529288 
470 126 22 26 0.036525134 
70 37 14 19 0.036493693 
910 5 9 10 0.036492556 
4 179 14 18 0.036466464 
28 115 16 21 0.03644302 
667 124 13 17 0.036370102 
790 43 12 14 0.036296844 
270 57 14 17 0.036083322 
901 107 11 14 0.035999246 
276 67 14 17 0.03599457 
77 245 16 19 0.035914358 
421 3 11 12 0.03588529 
361 12 11 14 0.0358747 
100 274 14 19 0.0357965 
230 578 22 30 0.035787992 
944 23 9 10 0.035783723 
861 148 11 14 0.03577566 
987 510 21 28 0.035751324 
438 -49 248 245 0.035746723 
796 97 11 14 0.0356317 
856 170 13 15 0.035626862 
187 253 13 17 0.035491373 
131 5 13 16 0.035488445 
842 37 7 10 0.03546903 
134 0 12 10 0.035406057 
50 202 16 19 0.035393354 
436 540 19 24 0.035322767 
422 15 11 13 0.03529985 
675 512 15 19 0.035283208 
892 618 25 32 0.035211917 
905 123 12 15 0.035211824 
719 37 10 13 0.03519523 
703 518 24 29 0.035184674 
805 220 12 16 0.035155777 
3 329 24 34 0.03515275 
653 122 13 17 0.035114028 
773 85 11 14 0.03508023 
977 72 10 12 0.035025936 
472 533 23 30 0.034940105 
776 62 11 14 0.034915462 
275 269 15 19 0.03490009 
172 73 14 18 0.034843963 
688 116 12 15 0.03483217 
888 32 8 9 0.03482944 
788 62 11 14 0.034734372 
895 135 12 15 0.034635067 
438 77 13 16 0.034556933 
964 110 11 14 0.03447616 
760 0 10 11 0.03447524 
801 154 15 18 0.034473147 
35 29 12 15 0.03446127 
991 22 8 10 0.034378216 
127 341 22 31 0.034351714 
846 105 14 17 0.034328673 
170 175 16 21 0.03427252 
821 26 11 14 0.03423148 
0 337 12 20 0.03420414 
887 54 8 10 0.03418658 
680 34 12 15 0.03417222 
76 55 14 18 0.034073528 
566 618 31 38 0.033990327 
992 36 10 12 0.033941515 
865 6 9 10 0.033922184 
509 4 11 12 0.033890765 
847 86 10 12 0.033825733 
660 22 12 14 0.033822406 
991 493 23 27 0.033803068 
991 163 14 19 0.03377016 
866 616 23 28 0.03375333 
656 -1 9 10 0.033671204 
81 287 24 29 0.03365507 
1014 92 11 15 0.033610493 
948 0 10 11 0.033454593 
447 111 15 19 0.033422936 
734 95 13 16 0.033408627 
885 521 15 19 0.03331561 
230 305 25 31 0.033253122 
605 69 11 14 0.033244453 
645 7 10 12 0.033235278 
910 373 11 15 0.033215117 
501 19 12 14 0.033211328 
820 253 9 12 0.033123173 
992 30 9 12 0.033121075 
422 112 15 21 0.033060428 
230 404 30 33 0.03305356 
271 281 13 17 0.032951947 
292 36 11 14 0.032905206 
888 177 14 16 0.03290259 
299 322 27 37 0.03287606 
524 29 13 16 0.032851703 
195 187 21 26 0.032849558 
730 745 31 48 0.032785278 
221 243 16 19 0.032709595 
216 348 23 31 0.032699086 
164 18 14 16 0.032645367 
429 74 13 16 0.03263778 
996 189 14 18 0.032573774 
783 1228 119 140 0.032552123 
782 0 10 11 0.032534998 
1004 391 16 21 0.032526378 
328 105 12 16 0.03251181 
608 127 15 18 0.0325089 
645 139 14 17 0.032495644 
531 98 14 19 0.03247117 
893 107 12 14 0.03246542 
342 55 11 14 0.03239299 
905 69 9 11 0.032309726 
696 77 12 15 0.03230473 
406 84 10 13 0.032237396 
35 19 13 15 0.03223292 
928 23 9 11 0.032183517 
651 530 18 20 0.032142006 
815 61 11 13 0.032141436 
318 37 11 13 0.032134786 
865 274 21 25 0.032095913 
22 146 14 16 0.032079197 
987 80 13 17 0.031990927 
229 171 14 17 0.03197422 
92 46 13 17 0.031968843 
904 5 8 10 0.031959172 
627 580 26 35 0.031908434 
902 683 23 32 0.03181715 
1015 681 11 18 0.031750083 
951 450 17 22 0.031534594 
692 3 11 13 0.031473648 
855 260 13 15 0.031467058 
631 1 11 11 0.031404093 
71 550 44 59 0.031401787 
855 688 32 38 0.031350166 
869 819 12 18 0.031230561 
244 256 16 21 0.031230114 
285 647 51 66 0.031174056 
424 533 21 30 0.031119633 
854 148 12 16 0.031108677 
233 13 21 25 0.03104221 
85 298 24 35 0.031029275 
616 111 11 15 0.030997392 
888 100 10 12 0.030991575 
537 0 10 11 0.030980444 
434 81 20 25 0.030975543 
675 106 14 17 0.030915193 
209 194 16 20 0.030862566 
996 565 23 32 0.030836705 
747 90 13 17 0.030820353 
684 74 13 17 0.030784296 
609 605 23 29 0.030775283 
623 101 14 16 0.030734602 
874 403 13 16 0.030696068 
511 14 13 14 0.030628778 
221 115 13 16 0.030619169 
533 12 12 15 0.03056248 
872 99 12 14 0.030538851 
461 14 11 13 0.030521387 
228 95 13 17 0.030478533 
826 5 8 11 0.030422548 
535 5 11 13 0.0303935 
70 803 50 68 0.030383287 
830 224 13 17 0.030373862 
123 392 24 33 0.03036056 
158 92 14 17 0.030326538 
1003 212 14 20 0.030320596 
907 432 14 20 0.03023097 
854 22 9 11 0.030205976 
873 41 8 10 0.030195542 
976 162 11 15 0.030169822 
831 30 10 12 0.030108497 
49 154 20 28 0.03008449 
77 122 14 19 0.030060424 
195 219 14 18 0.030060047 
800 185 12 17 0.030037215 
288 163 13 15 0.029998314 
813 52 10 13 0.029984739 
568 22 10 14 0.029981267 
919 0 8 9 0.029963795 
893 323 13 16 0.029950833 
481 114 15 19 0.029927852 
894 423 21 27 0.029917225 
493 85 13 17 0.029805638 
190 2 12 14 0.02978505 
391 99 12 15 0.029756883 
199 230 13 17 0.029594675 
448 550 16 21 0.029590497 
133 333 17 21 0.029587349 
831 98 13 16 0.029583754 
952 16 9 10 0.029576806 
363 6 23 25 0.029576473 
893 101 11 13 0.029571055 
77 267 15 20 0.029485915 
697 81 18 22 0.029458923 
344 -3 25 25 0.029445676 
532 90 12 17 0.029435588 
209 724 28 35 0.02941055 
773 20 13 15 0.029305253 
852 234 18 22 0.029217595 
778 390 17 23 0.02920717 
925 158 12 15 0.029205069 
152 533 38 46 0.029198615 
462 538 12 18 0.029143348 
1014 275 11 15 0.029123023 
967 303 15 18 0.029087733 
206 282 15 18 0.02908739 
796 118 12 16 0.029029138 
1012 592 13 21 0.028964438 
19 1125 118 118 0.028916316 
886 312 15 18 0.028899988 
35 249 16 23 0.028879998 
731 11 11 15 0.028851675 
849 451 15 19 0.028819079 
780 11 11 14 0.028800406 
2 212 17 22 0.028775511 
165 236 22 27 0.028775455 
851 108 14 17 0.028773567 
702 39 11 14 0.02871148 
864 653 43 52 0.028684797 
874 260 14 17 0.02867998 
372 116 13 18 0.028621385 
288 18 12 17 0.028559651 
774 93 12 16 0.028546376 
526 85 12 17 0.028522171 
1011 385 14 21 0.028508099 
771 29 13 14 0.028500168 
412 46 11 13 0.028475378 
326 38 11 14 0.028425405 
-19 1032 163 229 0.028410502 
106 347 24 31 0.028408036 
39 723 190 226 0.028395066 
892 286 12 15 0.028367806 
781 78 11 13 0.028352749 
709 10 13 16 0.02832545 
68 217 16 21 0.028321514 
573 69 11 14 0.028297534 
932 460 15 18 0.028296141 
762 750 48 65 0.028270276 
926 669 35 43 0.02825607 
534 27 11 15 0.028245706 
813 170 13 16 0.02821975 
84 258 17 18 0.028157085 
993 198 22 28 0.028123891 
796 43 11 13 0.02809254 
575 132 13 17 0.028072206 
790 649 14 20 0.02806725 
451 541 15 19 0.028050076 
586 99 11 13 0.028033286 
187 222 17 21 0.027986772 
786 412 16 21 0.027972545 
181 305 17 22 0.027966324 
189 374 42 48 0.027934827 
57 588 46 56 0.027901635 
900 339 12 15 0.02787993 
57 414 31 35 0.027860053 
808 228 11 15 0.027858885 
564 96 12 15 0.027850065 
781 409 15 19 0.027843326 
911 182 14 18 0.027828608 
812 93 12 15 0.027822278 
819 244 11 14 0.02780599 
974 250 14 18 0.027798653 
50 238 17 20 0.02777855 
287 7 10 13 0.027777102 
14 352 24 31 0.027758427 
228 27 13 17 0.027745863 
21 54 12 15 0.027731104 
486 94 12 14 0.027705207 
590 41 11 14 0.027631296 
717 525 28 37 0.027621659 
654 61 11 13 0.027616553 
0 205 14 21 0.02760804 
981 410 14 19 0.027584145 
463 57 13 15 0.027561938 
59 104 14 18 0.027559688 
116 306 14 19 0.02753372 
774 688 26 37 0.027517516 
91 397 23 30 0.027500413 
51 108 15 18 0.027473068 
8 205 22 29 0.027453719 
147 217 14 17 0.027430864 
865 53 8 11 0.027242118 
249 584 28 32 0.027241921 
119 313 13 17 0.027211638 
785 18 19 23 0.027187288 
261 110 16 20 0.027182197 
956 412 14 17 0.027151091 
806 190 15 18 0.027148597 
277 123 11 15 0.027141936 
910 202 15 16 0.027129345 
934 396 14 20 0.027093766 
907 603 27 35 0.02708523 
290 580 17 23 0.027084153 
598 70 10 14 0.027064873 
65 392 30 35 0.027061183 
801 266 21 27 0.027036685 
167 391 27 35 0.02700496 
918 364 13 17 0.026989851 
924 366 13 16 0.026984373 
417 535 17 22 0.026876207 
16 64 18 24 0.026857587 
765 509 14 18 0.026847513 
588 132 13 15 0.026846351 
141 140 13 16 0.026836397 
798 293 14 19 0.026792796 
54 50 15 17 0.02677186 
245 0 12 12 0.026740354 
935 104 11 12 0.0267296 
282 562 25 33 0.026673025 
215 185 15 20 0.026666714 
875 875 12 15 0.026610753 
16 75 15 19 0.02660396 
970 449 13 19 0.02656518 
267 114 14 19 0.026561959 
898 30 7 10 0.026526017 
1000 429 13 17 0.026522318 
556 68 11 15 0.026494773 
7 579 34 42 0.02648014 
285 124 12 15 0.026475146 
998 55 9 12 0.02647275 
510 45 13 15 0.026446156 
820 222 12 16 0.026436415 
880 23 8 10 0.026435422 
776 118 13 16 0.026389208 
983 57 10 13 0.026380252 
753 14 21 24 0.026372889 
549 136 15 18 0.026365004 
669 31 11 14 0.026363395 
868 117 11 15 0.026347995 
947 650 15 21 0.026323792 
98 210 15 20 0.0263035 
30 14 21 24 0.02629142 
462 67 12 16 0.026286028 
622 1 11 10 0.02625954 
127 0 13 13 0.026258226 
158 13 14 16 0.026257202 
987 367 23 26 0.02622626 
540 130 14 17 0.02620483 
270 196 10 13 0.026200408 
981 73 11 13 0.026194489 
1015 141 10 13 0.02618911 
485 82 13 16 0.02617987 
930 419 15 18 0.026161158 
425 669 29 43 0.026154665 
956 190 17 18 0.026120039 
752 18 11 14 0.026096057 
49 146 14 17 0.026037157 
501 103 13 16 0.026025478 
65 23 11 14 0.02602512 
648 96 11 13 0.025925819 
940 496 14 20 0.025920274 
329 55 19 24 0.025906926 
884 388 14 18 0.025899505 
138 36 13 17 0.025848329 
831 276 11 17 0.02581472 
164 444 26 32 0.025812656 
900 437 21 26 0.025810432 
61 357 27 33 0.025754 
459 121 13 16 0.025718234 
299 133 12 16 0.025694368 
44 412 16 24 0.025678407 
413 139 12 17 0.02565758 
998 513 14 19 0.025613427 
1009 429 14 18 0.025609246 
407 108 20 28 0.025608314 
993 401 25 32 0.025602099 
713 513 22 29 0.02556971 
307 41 12 17 0.025561318 
236 247 20 27 0.02548766 
853 53 10 11 0.025474185 
362 93 20 24 0.025471544 
275 46 18 24 0.025442485 
670 19 11 13 0.025440758 
193 391 20 26 0.025404748 
47 514 35 38 0.02535354 
621 89 13 15 0.025345536 
7 634 27 37 0.025314875 
41 720 17 23 0.025292903 
935 92 10 11 0.025290385 
35 560 16 21 0.025273748 
1004 505 17 21 0.025244223 
11 117 14 18 0.02522835 
996 355 15 19 0.025223967 
200 67 14 17 0.025214037 
939 108 12 15 0.02520054 
844 707 30 33 0.025173834 
896 118 10 13 0.025163583 
910 391 16 19 0.025125224 
556 85 11 15 0.02511414 
798 147 14 17 0.025114061 
304 661 60 87 0.025105055 
398 499 14 16 0.025090396 
828 201 11 15 0.025060821 
992 1 9 10 0.025048532 
862 62 9 12 0.02504405 
301 315 13 17 0.025042111 
668 538 15 19 0.025034448 
790 53 12 14 0.025031468 
981 250 13 18 0.025027644 
748 49 17 22 0.025016729 
895 79 10 12 0.024973288 
319 117 13 16 0.024961786 
392 61 12 16 0.024932265 
42 722 31 34 0.024904784 
703 104 12 16 0.024889024 
392 14 9 11 0.024888463 
813 510 14 18 0.024883294 
755 25 21 24 0.024879888 
296 280 15 20 0.024848776 
34 152 21 28 0.024833811 
324 59 13 15 0.024808044 
553 629 38 46 0.024745574 
726 91 10 13 0.024736302 
816 520 26 30 0.024724018 
967 85 11 14 0.024710948 
948 5 10 11 0.024700396 
116 289 14 19 0.024693815 
1008 22 9 11 0.024684431 
909 259 12 16 0.024670776 
891 272 14 18 0.024648543 
980 89 12 15 0.024625398 
895 434 14 17 0.024595534 
1015 133 9 14 0.024580648 
45 198 14 17 0.02457681 
65 511 33 42 0.024551952 
974 138 12 16 0.024532296 
598 98 11 14 0.024509963 
78 225 21 28 0.024423452 
286 284 24 30 0.024411382 
783 872 41 57 0.024372354 
182 20 13 17 0.024359327 
67 248 19 24 0.02432555 
693 516 14 17 0.024265429 
984 173 13 17 0.024218995 
621 69 12 14 0.024179686 
748 523 14 19 0.024159174 
55 332 25 29 0.024147872 
908 212 15 18 0.024107229 
221 25 14 19 0.024078192 
615 62 10 13 0.02407217 
661 108 10 14 0.024070267 
775 78 10 13 0.024063576 
957 55 9 11 0.02406319 
153 330 16 21 0.024060536 
325 77 12 16 0.024060523 
311 69 11 14 0.024048762 
969 46 9 11 0.02404802 
609 523 17 22 0.02404067 
454 30 11 14 0.024014447 
226 335 24 31 0.024009718 
143 84 21 27 0.024002764 
508 95 19 23 0.023987832 
437 532 37 45 0.023974054 
301 330 15 22 0.023910156 
429 0 10 10 0.023894725 
388 517 20 26 0.023882946 
782 94 12 15 0.023872716 
814 47 9 12 0.023830047 
668 14 11 13 0.02381653 
767 10 13 15 0.023810444 
90 284 19 23 0.02378264 
998 438 16 20 0.023763807 
856 252 13 14 0.023735758 
938 467 14 18 0.02373405 
430 54 12 14 0.023706727 
582 1 10 11 0.023701696 
916 75 11 12 0.023686757 
965 210 13 16 0.023676647 
43 366 30 39 0.023664169 
574 503 24 29 0.02364259 
647 0 9 9 0.02361246 
935 149 11 14 0.023590308 
972 482 14 19 0.023574771 
180 238 12 16 0.023562066 
351 2 13 15 0.023553932 
855 610 26 32 0.023536883 
426 95 24 27 0.023536129 
885 484 17 21 0.023519319 
872 489 24 30 0.02351059 
758 6 11 14 0.023500375 
26 708 18 25 0.02349497 
415 27 10 12 0.023471737 
824 1 9 10 0.023463754 
606 8 12 15 0.02340723 
359 4 13 14 0.023358628 
863 108 11 14 0.023351163 
981 16 9 11 0.023346217 
453 102 12 16 0.023340441 
881 138 14 17 0.023322767 
902 79 11 14 0.023311978 
938 0 10 11 0.023302458 
452 52 11 14 0.023261135 
854 129 13 16 0.023244161 
788 645 24 31 0.023233386 
140 546 29 44 0.023233376 
967 7 9 11 0.023229739 
220 190 15 20 0.023169803 
171 22 15 18 0.023150709 
978 481 15 21 0.02314037 
925 204 12 15 0.023130635 
748 122 14 18 0.02310234 
983 549 25 30 0.02309331 
884 570 11 17 0.023073953 
984 392 27 32 0.02304218 
74 252 22 26 0.023032682 
425 20 19 23 0.023001816 
294 0 11 10 0.02299027 
982 205 12 17 0.022980629 
854 85 10 12 0.022968141 
15 697 24 32 0.02291829 
268 558 29 35 0.02290039 
891 371 13 15 0.022893569 
433 46 11 12 0.02286919 
819 170 15 17 0.022834172 
814 8 10 12 0.022832533 
269 -1 11 10 0.022808341 
918 110 11 13 0.022803143 
162 406 14 20 0.022788584 
956 314 14 17 0.022771956 
1001 4 9 12 0.022763124 
840 94 20 24 0.022745665 
330 -1 12 11 0.022739088 
664 82 13 17 0.022730513 
261 75 15 18 0.022676902 
960 8 9 10 0.02267081 
47 176 20 26 0.022657022 
90 386 17 23 0.022654915 
277 211 14 18 0.02263994 
957 220 14 18 0.022558637 
770 97 18 24 0.02254963 
125 279 16 20 0.022548614 
900 167 13 16 0.022544665 
765 673 58 80 0.022514837 
285 271 16 21 0.0224612 
247 18 21 27 0.022458514 
847 153 19 24 0.02245124 
581 31 19 22 0.022408793 
23 572 36 41 0.02239891 
893 475 15 22 0.022397831 
283 357 16 20 0.02239456 
614 1 9 10 0.022387475 
622 29 11 13 0.022383211 
1012 353 13 19 0.022377312 
807 92 11 16 0.022359615 
50 2 13 13 0.022347495 
840 420 12 17 0.022327172 
521 129 15 19 0.022312544 
40 7 21 25 0.022289257 
42 246 21 28 0.022288533 
20 216 13 18 0.022281786 
849 0 9 10 0.022257391 
410 517 16 20 0.022243787 
391 41 11 15 0.022212928 
162 880 34 51 0.022192847 
660 570 24 34 0.022192165 
958 267 15 18 0.022155091 
384 89 12 16 0.022152396 
155 51 13 17 0.02214227 
210 59 14 17 0.02213869 
204 233 22 26 0.022131495 
678 674 111 122 0.022109345 
634 4 10 11 0.022038842 
816 1231 66 88 0.022014415 
117 19 13 16 0.022013102 
998 343 21 25 0.022011692 
198 28 13 18 0.021995956 
944 151 19 24 0.021983972 
692 516 23 30 0.021982845 
143 301 13 17 0.021974726 
938 80 19 22 0.021964144 
897 476 21 28 0.021943647 
557 11 12 13 0.021935629 
915 297 16 18 0.021920798 
924 148 11 16 0.021904614 
717 28 11 14 0.021886902 
924 595 25 32 0.021866662 
280 37 20 23 0.02183618 
54 226 20 26 0.021833638 
389 108 23 29 0.021821747 
982 593 25 35 0.021821484 
148 403 17 23 0.021801114 
829 435 10 14 0.02178324 
996 485 17 22 0.021773687 
356 0 23 24 0.02177109 
199 52 14 18 0.021765025 
296 235 13 17 0.021763958 
911 164 12 14 0.021758668 
658 522 16 19 0.021756316 
68 226 18 22 0.021749541 
615 37 19 24 0.02174527 
837 259 11 14 0.02173457 
851 93 12 15 0.021711236 
662 68 10 13 0.021706253 
725 108 11 15 0.021670148 
420 88 22 26 0.0216269 
588 124 12 15 0.021622818 
901 259 13 17 0.021609876 
490 67 12 15 0.021609142 
125 117 17 20 0.021609118 
685 23 11 14 0.021599744 
591 2 11 11 0.021591153 
967 221 11 16 0.021584082 
735 64 15 17 0.021575028 
0 45 10 13 0.021572202 
145 206 14 17 0.021567037 
519 6 19 25 0.021564728 
575 626 16 21 0.021551764 
962 423 20 28 0.021537544 
128 357 16 23 0.021535702 
870 0 9 9 0.02153356 
659 535 23 30 0.021521427 
879 181 12 15 0.021520609 
504 66 12 15 0.021466276 
846 651 11 14 0.021459669 
881 284 22 27 0.021431189 
785 271 20 26 0.021410342 
182 52 14 17 0.021409735 
893 70 9 12 0.021393334 
466 537 17 20 0.021376591 
496 20 11 13 0.021375889 
228 247 14 20 0.021351438 
141 283 12 17 0.021324728 
432 6 9 12 0.021312013 
212 292 18 21 0.021308297 
610 49 12 16 0.021285513 
618 641 29 33 0.02127892 
170 225 14 18 0.021271287 
225 297 16 23 0.021268867 
523 113 15 17 0.021266004 
852 444 14 17 0.021265728 
587 3 19 23 0.021239465 
951 100 19 24 0.021211397 
905 463 17 20 0.021201376 
935 268 16 21 0.021198822 
986 493 39 55 0.021189095 
290 154 15 18 0.021160971 
1008 29 10 13 0.021151714 
868 245 14 17 0.021147389 
787 112 13 15 0.021115374 
855 40 8 9 0.021102613 
453 82 12 15 0.021017734 
684 84 13 17 0.021011945 
6 4 12 15 0.021009063 
391 32 19 24 0.02100509 
294 5 12 16 0.020992504 
532 -20 248 253 0.020976277 
85 232 21 26 0.020963453 
197 293 16 22 0.020924559 
7 0 10 11 0.020912588 
270 267 12 17 0.020906419 
278 5 12 15 0.020899178 
219 13 20 27 0.020851022 
13 314 24 34 0.020843849 
781 693 13 18 0.020827154 
382 34 20 25 0.020819522 
26 62 16 21 0.020812286 
367 86 11 14 0.020800678 
479 92 12 15 0.020771395 
101 558 36 46 0.020734916 
124 29 12 16 0.0207248 
331 -4 21 22 0.020722859 
227 178 14 17 0.020718593 
74 303 15 21 0.020704657 
920 528 14 21 0.02070251 
181 267 14 18 0.020690084 
977 303 14 19 0.020682985 
916 399 15 19 0.020682614 
175 314 14 19 0.020624558 
462 85 11 15 0.020614674 
595 139 14 16 0.020574085 
164 6 13 15 0.020571169 
189 300 20 25 0.020521928 
275 338 15 20 0.020511333 
162 127 16 19 0.020493172 
843 285 15 20 0.020463515 
397 0 9 11 0.020432089 
203 817 13 17 0.020430509 
790 5 10 13 0.020429026 
123 40 18 24 0.02042738 
981 189 13 15 0.02042212 
1010 55 9 12 0.02041427 
797 218 14 18 0.02040477 
271 88 19 23 0.020377195 
453 92 11 14 0.020366928 
829 87 19 23 0.020351397 
42 159 18 25 0.020350622 
317 20 12 15 0.020337539 
43 820 90 128 0.020335412 
669 115 14 18 0.020331714 
318 154 17 18 0.02032749 
829 315 21 26 0.02031745 
823 822 30 41 0.020291375 
996 73 12 17 0.020272413 
65 370 28 35 0.020256156 
587 513 13 17 0.02024688 
565 2 10 11 0.020236237 
934 387 13 18 0.020185137 
205 361 20 22 0.020152846 
958 665 29 33 0.020144949 
793 644 16 19 0.020135947 
15 23 12 16 0.02012361 
812 361 17 22 0.020087443 
281 1074 486 452 0.020067343 
680 21 10 13 0.020059926 
790 75 11 13 0.020058872 
90 182 14 17 0.02004725 
255 85 13 16 0.020039884 
73 426 17 21 0.020024665 
988 119 13 17 0.020001683 
