28_Sports_Fan_Sports_Fan_28_557
35
408 182 92 117 0.9995493 
133 8 34 33 0.35223922 
42 139 21 30 0.13451958 
45 499 96 174 0.08000298 
49 107 46 55 0.07861232 
4 134 22 34 0.07591978 
692 86 398 499 0.074678876 
48 122 25 32 0.062021848 
739 -14 231 308 0.060078725 
247 39 88 135 0.059474908 
172 0 30 34 0.056998268 
212 44 14 18 0.051665742 
166 43 115 150 0.046406727 
483 5 17 18 0.04123124 
59 114 28 34 0.039126933 
572 -8 130 116 0.03788934 
498 108 92 116 0.037661232 
124 3 31 30 0.03757508 
207 44 24 32 0.034695823 
60 124 16 21 0.033610564 
47 103 29 38 0.03338943 
126 16 15 18 0.031771086 
236 48 28 33 0.031654034 
765 173 233 331 0.029691942 
621 139 90 139 0.028524177 
157 10 26 30 0.027463794 
513 -29 198 208 0.024908228 
214 34 47 57 0.024719507 
664 562 17 19 0.024470719 
57 480 166 237 0.024351599 
492 140 57 72 0.02123829 
0 1 33 40 0.021069532 
39 127 46 56 0.020407554 
500 1 41 38 0.020304754 
94 -23 178 211 0.020014424 
