28_Sports_Fan_Sports_Fan_28_487
229
971 282 33 43 0.9992681 
797 0 33 38 0.99917334 
910 448 36 47 0.99915886 
622 94 31 40 0.9991386 
570 342 33 43 0.9990716 
668 157 33 38 0.99903655 
825 493 34 50 0.99890697 
513 434 34 45 0.9986386 
709 323 38 46 0.99859506 
617 317 32 38 0.9985796 
991 105 33 42 0.99842834 
674 276 35 43 0.9983438 
132 446 33 44 0.99824 
415 257 35 46 0.9980866 
327 62 37 46 0.9979851 
109 267 37 46 0.99788505 
430 66 28 36 0.9976998 
547 504 40 43 0.99758494 
956 352 37 42 0.99747616 
557 243 31 38 0.9971386 
668 79 29 41 0.99692094 
159 144 38 44 0.99670106 
716 108 29 37 0.9966898 
799 401 32 43 0.99640805 
674 9 30 36 0.9960433 
874 166 34 40 0.9958131 
963 482 39 51 0.9954098 
605 182 36 45 0.9951755 
883 308 39 44 0.9950296 
938 146 34 40 0.9949492 
916 529 40 49 0.9946737 
993 335 29 43 0.99412423 
211 107 33 43 0.9938193 
788 220 36 42 0.99332327 
730 284 38 46 0.99317616 
464 207 36 43 0.9930958 
407 583 38 46 0.9928888 
745 560 39 44 0.9924339 
48 445 40 53 0.9919411 
734 239 36 38 0.9917128 
163 2 25 31 0.99071336 
819 276 37 46 0.9898121 
460 508 43 55 0.98972464 
469 35 33 41 0.9896012 
666 492 38 53 0.9877638 
553 568 39 43 0.9859141 
261 552 42 56 0.9852491 
57 381 40 53 0.98502165 
339 555 35 38 0.9847712 
344 -1 35 38 0.9822075 
425 196 28 35 0.98140717 
858 423 39 49 0.979673 
429 474 41 46 0.97798914 
597 438 32 38 0.9774318 
785 79 34 44 0.9768247 
405 28 31 36 0.97323406 
859 241 35 40 0.97224313 
957 211 35 40 0.96913445 
491 376 39 50 0.95170355 
822 564 39 47 0.9491176 
725 588 36 44 0.9455339 
144 228 28 34 0.94454265 
0 338 23 40 0.94364035 
594 386 32 38 0.9174376 
546 13 25 32 0.9125351 
17 221 28 35 0.9098287 
455 285 38 44 0.9049572 
1000 416 25 51 0.8963346 
621 533 36 43 0.89262307 
483 257 30 33 0.8780774 
754 0 30 27 0.8752319 
3 468 30 41 0.87432516 
219 194 37 39 0.84047866 
161 275 30 38 0.8320862 
605 3 26 28 0.8292776 
43 100 33 42 0.7953777 
839 353 33 39 0.74537814 
167 502 46 53 0.70810986 
147 29 17 23 0.6741011 
208 16 22 29 0.6730806 
38 88 30 36 0.65390456 
190 391 32 36 0.5896406 
199 307 32 42 0.5782051 
771 193 26 32 0.5761101 
846 0 29 23 0.43820795 
520 233 27 37 0.41061994 
733 571 41 47 0.38301417 
893 0 35 25 0.34885296 
54 111 34 40 0.31903395 
746 246 34 40 0.30729854 
93 110 25 34 0.22998919 
738 257 37 43 0.18876588 
899 268 24 28 0.18158314 
796 168 29 32 0.16706729 
698 458 32 41 0.16472556 
141 390 27 36 0.1625537 
387 2 27 27 0.13604997 
367 488 25 33 0.13417488 
110 138 17 24 0.12292406 
977 344 31 40 0.113932736 
38 87 18 24 0.10532426 
79 114 25 34 0.097556055 
775 201 33 40 0.09607938 
349 483 26 31 0.0957167 
143 56 22 29 0.09374385 
216 481 32 37 0.09172887 
442 277 37 46 0.086021975 
683 350 25 35 0.08217927 
253 385 28 40 0.07738008 
915 423 29 34 0.07731182 
196 487 43 49 0.074610144 
606 430 32 38 0.074212864 
648 505 41 54 0.067414336 
105 125 22 31 0.06603499 
605 394 34 39 0.0651074 
480 -2 19 15 0.06442606 
718 306 34 40 0.061923858 
973 88 30 38 0.059531715 
145 524 31 33 0.05506911 
612 475 25 33 0.054460328 
354 130 29 32 0.053858463 
402 477 17 22 0.051661327 
804 224 28 35 0.04884866 
498 314 25 32 0.048815563 
227 487 31 37 0.047274996 
594 405 35 41 0.04562893 
107 68 17 23 0.04514717 
26 453 41 50 0.045067035 
497 541 25 34 0.044105105 
839 8 42 39 0.041806445 
336 504 16 20 0.040398568 
489 253 20 24 0.039676286 
98 107 18 22 0.03952395 
205 517 46 54 0.038364545 
1 409 32 43 0.0377184 
96 -2 26 24 0.03752295 
782 400 34 47 0.036917213 
797 183 29 34 0.036874574 
796 566 31 39 0.03642296 
48 124 34 42 0.036024034 
171 525 35 39 0.035646524 
0 457 25 38 0.03562964 
20 68 40 54 0.03489105 
17 478 20 25 0.034835745 
1003 220 22 33 0.034535576 
324 557 42 53 0.034224026 
767 1 30 30 0.03346845 
617 417 31 37 0.03325009 
53 1 24 29 0.032901153 
41 102 21 28 0.032734197 
608 393 21 23 0.032684486 
389 461 27 35 0.03267675 
855 110 26 33 0.0325829 
279 522 28 34 0.03255985 
399 14 31 37 0.03233411 
623 1 19 21 0.03137769 
212 305 28 37 0.031083249 
750 387 40 55 0.03090463 
603 481 26 31 0.030753579 
578 385 26 34 0.03074853 
89 2 19 19 0.030132009 
198 92 23 31 0.030086024 
628 407 29 35 0.029868191 
422 53 30 39 0.029822363 
507 241 37 47 0.029789366 
593 423 30 35 0.02946442 
423 36 22 26 0.029333811 
52 83 32 37 0.02930675 
222 188 53 63 0.029134879 
264 428 16 21 0.029085856 
831 261 40 50 0.028799387 
9 48 17 21 0.028601395 
835 191 27 35 0.02844183 
191 280 49 62 0.02824011 
177 398 28 34 0.028112598 
338 494 23 29 0.028059779 
841 28 30 36 0.027721036 
148 122 28 34 0.027555227 
170 409 16 20 0.027283156 
534 14 26 36 0.027261892 
278 384 53 71 0.027203182 
500 535 18 24 0.026628211 
595 535 16 21 0.026329963 
355 500 18 23 0.02626875 
583 7 43 48 0.026050013 
526 270 26 37 0.025691466 
601 466 29 34 0.025628196 
418 476 31 36 0.02562368 
243 364 49 60 0.025596939 
410 512 15 21 0.025434246 
772 67 38 51 0.02453744 
170 272 41 52 0.024244513 
146 385 18 22 0.024228185 
149 132 33 40 0.024189256 
260 382 46 65 0.024092069 
683 400 31 41 0.024013983 
529 243 31 41 0.023983274 
380 483 28 34 0.023884816 
348 112 33 38 0.023869498 
407 475 26 31 0.023856878 
115 131 18 25 0.023583556 
174 280 20 27 0.023578713 
817 367 41 52 0.023440622 
353 491 40 46 0.022994805 
412 481 15 19 0.022966826 
688 451 28 36 0.02295565 
646 73 27 37 0.022849167 
47 83 20 24 0.022709357 
26 204 35 48 0.022693193 
893 276 29 35 0.022678383 
278 93 26 28 0.022535382 
62 71 27 34 0.022410685 
767 400 34 43 0.022229578 
470 404 26 34 0.02214731 
555 13 31 35 0.021913694 
816 228 20 26 0.021711048 
68 195 26 32 0.021691477 
375 129 20 23 0.021600721 
918 432 33 44 0.021553844 
779 180 30 37 0.02155382 
469 -1 27 24 0.021546135 
331 513 29 35 0.021545034 
391 464 40 49 0.02128024 
540 233 35 41 0.021272173 
867 0 33 28 0.02071607 
544 249 40 48 0.02065243 
214 284 42 59 0.020435764 
427 250 28 40 0.02028468 
281 401 30 42 0.020166876 
