24_Soldier_Firing_Soldier_Firing_24_268
27
481 436 128 167 0.9991147 
742 450 51 57 0.7078216 
22 685 402 478 0.44555292 
38 844 219 196 0.20603687 
420 32 531 510 0.106060624 
99 -38 374 435 0.093820184 
412 508 13 14 0.0823591 
719 439 9 13 0.05902828 
641 841 107 119 0.057941824 
711 449 36 46 0.054253303 
923 866 105 145 0.054170873 
158 827 261 269 0.049016267 
510 1145 79 69 0.04788929 
14 142 476 575 0.046230372 
529 786 99 149 0.036936156 
629 799 183 215 0.033551972 
481 1127 84 69 0.031172086 
510 690 99 149 0.030193608 
145 828 415 482 0.029108789 
-12 823 142 201 0.027456312 
436 967 14 15 0.025801426 
681 868 63 77 0.02487451 
731 468 37 44 0.024537856 
401 88 101 132 0.023549138 
709 427 79 98 0.022184083 
115 900 74 57 0.022029778 
370 1007 15 18 0.020592632 
