24_Soldier_Firing_Soldier_Firing_24_601
96
471 304 34 40 0.99911386 
859 303 35 39 0.99901474 
734 320 38 43 0.99889755 
392 308 30 38 0.9984414 
85 313 32 37 0.99817586 
294 320 30 36 0.9980038 
176 322 33 40 0.9979693 
598 304 38 45 0.99557614 
311 289 33 37 0.96432465 
979 292 14 18 0.91132164 
24 327 16 20 0.7645665 
415 283 28 35 0.52017003 
829 324 22 28 0.4545776 
906 323 17 20 0.37539083 
987 333 11 14 0.35031912 
984 339 10 13 0.21266717 
612 298 38 44 0.14256445 
490 301 28 35 0.13682987 
502 300 25 31 0.10999801 
235 492 23 30 0.10159738 
520 292 24 34 0.0842911 
514 301 17 23 0.07768456 
617 413 24 32 0.077410966 
380 313 28 33 0.074156955 
975 341 9 12 0.073417045 
1006 343 8 11 0.06470691 
1007 348 9 13 0.063986935 
631 303 32 42 0.06333918 
638 469 16 21 0.059129633 
768 221 23 35 0.05598819 
499 654 12 14 0.055527262 
371 317 23 29 0.050349504 
1002 341 8 11 0.04965858 
997 331 11 15 0.048459966 
724 449 26 37 0.046518903 
301 293 27 33 0.045349523 
829 316 15 21 0.04500301 
196 294 31 37 0.042468954 
682 496 24 35 0.04168915 
983 328 18 24 0.04046191 
65 314 26 32 0.03947901 
494 257 23 30 0.037275385 
228 461 17 21 0.036049295 
33 485 16 20 0.03519805 
991 367 10 12 0.03488534 
0 341 9 15 0.03429352 
327 287 20 24 0.034040935 
241 300 23 35 0.03305054 
97 475 27 26 0.032620534 
987 313 15 19 0.032536104 
920 470 16 18 0.03177707 
981 300 22 29 0.03160315 
151 329 24 29 0.030230409 
830 309 13 18 0.029080348 
709 232 12 17 0.028828146 
666 300 27 41 0.028069025 
581 314 27 34 0.027675422 
258 345 21 28 0.02702971 
1012 380 11 17 0.026931023 
992 373 10 12 0.026918063 
952 332 10 14 0.026425563 
162 327 28 32 0.02639983 
989 320 22 29 0.026314922 
15 325 21 28 0.025828812 
201 474 18 19 0.025447426 
22 333 23 31 0.024968797 
944 300 10 13 0.024840768 
45 361 16 19 0.02423943 
973 333 12 15 0.024160894 
176 434 25 35 0.02382188 
251 305 16 21 0.023591345 
1007 352 12 16 0.023380185 
85 415 28 39 0.022908267 
918 307 12 16 0.022865584 
976 274 10 13 0.022717305 
301 305 37 45 0.022662895 
967 323 10 16 0.022349192 
654 211 10 13 0.022344798 
921 263 9 11 0.02197573 
839 311 26 33 0.021964792 
675 266 23 38 0.021882826 
948 302 11 14 0.021641457 
879 305 31 36 0.021587718 
624 303 21 26 0.021451704 
858 421 36 40 0.021234166 
13 323 14 19 0.020894935 
298 481 22 28 0.020799274 
796 322 22 35 0.020797614 
936 449 13 15 0.02068584 
968 330 10 15 0.020643497 
969 339 10 14 0.020615615 
407 307 25 35 0.020430574 
419 313 24 33 0.020414189 
692 444 26 36 0.020296225 
908 308 14 20 0.020114357 
677 245 39 58 0.020033734 
