24_Soldier_Firing_Soldier_Firing_24_281
27
152 559 27 31 0.06644009 
243 441 14 16 0.06629848 
849 570 16 20 0.060628083 
465 154 23 29 0.0588046 
388 302 10 14 0.05045894 
196 480 17 22 0.04228243 
863 581 15 20 0.04212076 
850 523 19 23 0.040469576 
882 797 15 18 0.037715875 
373 485 22 27 0.037570227 
842 520 30 37 0.03630526 
867 784 15 19 0.034713034 
548 131 31 37 0.031994194 
651 676 16 20 0.031226711 
144 447 17 21 0.030510254 
938 638 14 18 0.027909888 
384 454 8 10 0.027670316 
524 529 15 19 0.027255824 
311 440 9 11 0.024368636 
178 453 14 17 0.024360511 
270 436 12 15 0.023631884 
123 463 14 19 0.023440056 
189 427 10 12 0.02191606 
898 505 15 18 0.020736413 
286 452 10 15 0.02055319 
328 437 10 12 0.020265676 
377 463 8 11 0.020101978 
