24_Soldier_Firing_Soldier_Firing_24_644
141
278 170 30 33 0.98762393 
213 152 27 39 0.8624172 
543 284 27 27 0.46312296 
470 195 14 17 0.46087912 
460 212 17 20 0.38957673 
575 276 28 34 0.3315036 
555 282 25 30 0.32440513 
429 273 25 32 0.31243628 
53 102 21 26 0.27726176 
396 187 22 27 0.21976934 
459 289 27 32 0.19703834 
92 134 23 31 0.18016098 
372 250 30 31 0.17232317 
811 594 28 32 0.16039486 
440 206 10 13 0.15512034 
130 106 29 34 0.14509682 
439 331 50 63 0.13796781 
492 257 12 16 0.11831686 
43 95 24 31 0.097348504 
8 91 25 38 0.09433046 
461 204 15 18 0.08374304 
224 157 28 38 0.07723134 
204 323 24 36 0.07656835 
177 363 31 39 0.074669935 
445 206 10 14 0.074530974 
139 115 28 35 0.07283372 
117 151 16 19 0.07240596 
400 176 24 31 0.068673834 
486 251 14 21 0.0668043 
17 88 27 35 0.0667826 
310 185 29 37 0.06518706 
22 72 15 22 0.056609627 
217 137 31 43 0.055102557 
2 97 22 40 0.05468919 
198 156 32 37 0.052436266 
105 837 28 34 0.050811186 
586 283 16 20 0.04868973 
475 190 14 18 0.047830082 
164 296 14 18 0.04729853 
125 112 14 17 0.04577225 
18 80 17 23 0.045265004 
219 288 24 31 0.04430588 
447 297 47 55 0.043750513 
327 641 25 33 0.043273233 
279 177 43 51 0.04295529 
401 193 25 29 0.04216349 
465 197 20 25 0.041929208 
390 191 18 23 0.041631456 
384 259 22 24 0.04142156 
91 98 15 20 0.04075534 
527 261 27 38 0.04058713 
39 366 12 17 0.04053539 
103 359 33 33 0.040350344 
455 216 17 20 0.039812956 
148 144 28 37 0.03945706 
65 97 15 23 0.039296623 
356 338 62 77 0.039095204 
308 266 13 16 0.038930103 
311 260 12 15 0.038830746 
475 249 24 31 0.037803616 
325 188 38 52 0.036832634 
563 275 19 25 0.036745057 
95 119 40 50 0.03559697 
351 175 191 223 0.03543834 
477 245 16 20 0.03467608 
391 251 25 31 0.03456616 
461 285 15 18 0.03453093 
538 281 19 25 0.033936713 
71 97 23 35 0.033903327 
349 176 24 32 0.033745676 
147 270 421 534 0.03326106 
121 97 27 34 0.032956086 
304 262 25 34 0.03253214 
25 92 38 48 0.032489926 
454 197 12 16 0.03120008 
656 522 228 268 0.030981263 
336 259 9 14 0.03073603 
411 234 15 19 0.03060315 
411 176 15 21 0.030551316 
307 247 25 32 0.02968447 
459 326 31 44 0.02864942 
475 291 17 21 0.028485756 
140 100 17 20 0.028287193 
419 261 27 38 0.028244654 
372 631 22 31 0.028129475 
359 263 49 50 0.02763184 
441 269 29 32 0.027503068 
442 200 19 27 0.027293142 
102 145 29 29 0.02690289 
285 155 29 36 0.026793808 
128 126 27 36 0.02677711 
324 187 14 18 0.02665138 
349 177 13 20 0.026563378 
13 89 15 22 0.025471078 
0 240 10 18 0.025431529 
134 152 32 41 0.02534692 
474 326 49 60 0.025256896 
571 279 19 26 0.024877505 
439 282 44 46 0.024745211 
400 237 24 30 0.024332324 
0 84 11 18 0.024242846 
422 246 39 48 0.024192363 
335 180 24 34 0.023736354 
308 202 40 54 0.023498356 
299 235 28 38 0.023241196 
84 90 23 32 0.023228642 
303 249 42 52 0.023086222 
143 105 43 53 0.022981293 
376 305 33 38 0.022924414 
405 248 26 35 0.022907501 
224 106 18 20 0.022896321 
234 176 24 31 0.022866087 
107 157 28 33 0.02277159 
40 107 29 33 0.02275447 
59 93 17 22 0.022658413 
509 286 12 14 0.022622483 
343 180 11 16 0.02261963 
262 173 25 31 0.022580417 
357 679 24 29 0.0222161 
317 379 23 28 0.022127142 
18 101 15 22 0.022031233 
134 120 41 52 0.021922791 
377 189 43 44 0.021760033 
38 104 17 22 0.021663316 
520 334 31 34 0.021437045 
303 291 22 31 0.021337647 
475 295 28 35 0.021177962 
537 264 34 40 0.021161692 
169 320 28 27 0.021088729 
88 138 15 20 0.021002043 
358 254 36 40 0.020900087 
453 201 22 28 0.020898193 
526 285 48 50 0.02076723 
121 141 24 32 0.020737182 
413 200 25 31 0.020688273 
357 308 49 65 0.020593029 
330 379 13 15 0.020563418 
562 66 58 45 0.020547876 
407 219 24 31 0.020529088 
109 89 26 34 0.020493833 
267 160 30 40 0.020452103 
