24_Soldier_Firing_Soldier_Firing_24_133
48
467 307 64 56 0.98376644 
533 403 13 18 0.13053663 
344 351 19 19 0.1276117 
93 437 15 18 0.101890795 
554 437 15 18 0.09016655 
654 220 384 500 0.086037286 
251 167 45 68 0.08005511 
600 397 9 13 0.0692974 
86 438 13 16 0.056993745 
552 399 11 13 0.051712606 
233 156 80 108 0.04864218 
546 432 25 29 0.04767548 
253 376 53 58 0.03942526 
472 109 56 61 0.036804296 
557 429 14 17 0.035758838 
554 451 15 17 0.03480622 
563 371 11 15 0.03369453 
564 430 10 13 0.033277255 
641 255 11 14 0.03253633 
568 324 12 17 0.03205043 
563 445 10 13 0.032010753 
645 254 12 15 0.03193051 
-17 17 357 494 0.031746957 
436 307 96 102 0.031616855 
445 304 36 42 0.030372018 
402 317 17 18 0.028961401 
488 391 10 12 0.028779987 
591 451 9 12 0.028630966 
21 285 67 88 0.028542275 
563 436 11 16 0.027617713 
810 226 15 19 0.027503284 
552 457 13 17 0.025758877 
537 407 15 19 0.02537239 
80 438 11 14 0.024980376 
510 403 14 19 0.024774298 
545 414 26 34 0.024009254 
175 179 105 118 0.023595802 
525 398 23 29 0.023526212 
597 403 11 15 0.023309406 
543 341 11 15 0.0230353 
447 450 16 18 0.022897761 
533 413 15 20 0.022502435 
527 406 26 34 0.022155376 
559 304 11 13 0.021834036 
556 420 14 18 0.021385206 
536 420 41 51 0.020701952 
548 332 14 17 0.020586412 
543 403 23 32 0.020019889 
