24_Soldier_Firing_Soldier_Firing_24_691
93
270 306 32 39 0.99942553 
776 321 28 33 0.99565554 
667 316 26 30 0.9955189 
238 215 24 30 0.99490607 
418 337 26 31 0.99423224 
624 304 24 30 0.99333876 
294 277 26 31 0.99271035 
266 269 25 30 0.9923383 
440 310 22 26 0.9864283 
736 294 30 34 0.9848161 
98 113 32 53 0.9792324 
366 304 22 26 0.97890216 
547 271 22 26 0.9765024 
878 454 34 44 0.9754929 
505 313 24 28 0.97006243 
562 327 23 27 0.9693648 
878 328 29 35 0.94775814 
411 249 18 23 0.92253417 
822 301 23 25 0.8941285 
956 302 19 23 0.886935 
820 381 36 44 0.8588319 
579 268 19 21 0.8360761 
803 367 28 36 0.56160504 
212 180 18 21 0.49179277 
458 346 18 23 0.31065205 
579 275 21 25 0.31016344 
280 274 29 34 0.22231318 
832 307 19 23 0.13533406 
945 347 16 19 0.113141924 
795 325 23 30 0.10530352 
51 142 13 21 0.092627004 
792 181 27 34 0.08290701 
445 436 26 28 0.07742321 
832 392 41 46 0.07731577 
602 322 15 18 0.076360196 
963 338 25 30 0.07392818 
393 321 15 19 0.07284668 
727 309 14 18 0.05766004 
408 245 13 20 0.053772997 
188 159 12 16 0.0445704 
198 131 10 13 0.040677525 
261 94 12 17 0.040037483 
971 332 17 20 0.040018853 
948 344 25 28 0.039824367 
728 302 22 28 0.039697632 
879 360 14 20 0.03964975 
645 342 22 29 0.038532298 
879 347 23 35 0.038203314 
452 350 18 22 0.033597015 
969 305 12 17 0.033549827 
836 380 32 37 0.032643262 
343 334 23 28 0.030659214 
444 322 24 30 0.03065161 
229 99 11 15 0.030335471 
842 310 14 20 0.029504808 
181 135 13 17 0.029457705 
106 129 34 55 0.029034628 
814 304 16 21 0.029030873 
530 352 15 20 0.02846981 
651 313 13 18 0.028462801 
430 186 15 16 0.027843906 
182 151 21 29 0.027509762 
599 327 14 19 0.027223807 
796 359 26 34 0.02712775 
36 142 21 30 0.026761891 
402 343 23 27 0.02615304 
744 343 22 34 0.026148235 
472 406 14 16 0.02611278 
943 341 15 19 0.025909524 
244 95 11 13 0.025893861 
883 366 16 22 0.025641326 
845 411 29 38 0.025636816 
196 156 12 15 0.025559988 
451 339 20 23 0.025257783 
447 347 15 19 0.024272041 
806 317 23 31 0.024064135 
533 362 16 20 0.02382195 
172 171 12 18 0.023762766 
52 124 28 41 0.023636566 
546 330 17 21 0.023378389 
199 179 25 31 0.023158578 
956 350 25 33 0.022296656 
924 293 12 15 0.021964105 
175 135 12 17 0.021819508 
217 191 16 21 0.021677246 
808 331 15 20 0.021647867 
867 459 30 41 0.021010887 
791 339 27 34 0.020988619 
198 149 12 16 0.020731509 
954 339 18 20 0.02072587 
198 136 12 17 0.020633936 
874 288 17 22 0.020580249 
719 309 14 18 0.020236522 
