24_Soldier_Firing_Soldier_Firing_24_1037
19
745 107 133 162 0.68450266 
885 395 120 180 0.107661836 
58 265 33 40 0.08145455 
804 92 113 163 0.07133825 
638 472 28 32 0.065528706 
672 420 37 43 0.057646435 
663 402 64 56 0.051769502 
674 398 33 40 0.027851207 
728 364 32 35 0.027193472 
723 415 65 72 0.026978767 
844 343 17 18 0.0267875 
69 266 38 51 0.026172312 
691 527 31 36 0.025713375 
701 401 62 64 0.02382487 
629 446 13 16 0.02368324 
650 477 27 32 0.022619506 
744 360 28 39 0.021453783 
488 345 27 26 0.020274734 
727 381 36 44 0.020203652 
