24_Soldier_Firing_Soldier_Firing_24_405
227
328 369 67 91 0.99240535 
171 534 11 12 0.27830973 
166 420 9 13 0.17448676 
171 541 8 10 0.14981358 
545 1034 51 64 0.1471198 
194 543 9 13 0.12831163 
118 595 15 16 0.11225759 
0 530 9 13 0.10749369 
104 575 10 12 0.10398221 
890 486 9 13 0.09811835 
185 422 8 9 0.077932686 
0 543 10 14 0.0766179 
207 534 7 9 0.073059514 
83 574 7 10 0.06797639 
73 541 8 10 0.06498126 
222 494 8 10 0.064283736 
197 431 7 11 0.06413057 
109 1218 16 17 0.063373275 
144 502 8 10 0.05824799 
79 536 10 11 0.058187675 
213 424 8 10 0.057777595 
126 561 8 9 0.057401516 
842 491 175 236 0.05715429 
192 423 7 9 0.057080384 
167 503 8 9 0.054230295 
33 543 8 11 0.053789146 
265 318 7 10 0.05363211 
875 484 10 13 0.053562205 
176 502 8 10 0.053553537 
247 484 8 10 0.052111298 
262 518 8 12 0.05155181 
94 588 10 13 0.051087867 
108 580 9 11 0.050504837 
118 508 9 11 0.04980073 
111 597 11 13 0.047554124 
222 479 7 8 0.04689249 
255 359 8 10 0.04637748 
112 535 7 9 0.046289377 
96 583 10 13 0.04610772 
200 511 6 9 0.04584816 
104 541 7 9 0.04573141 
143 588 9 12 0.045664925 
218 456 7 9 0.045420304 
143 510 8 10 0.045070954 
127 564 8 10 0.044774916 
74 537 8 9 0.044392962 
5 543 10 13 0.04325638 
257 318 8 9 0.041901268 
240 502 7 9 0.041446492 
190 391 8 10 0.04079745 
99 551 8 11 0.040785626 
741 252 11 14 0.04045071 
87 601 10 11 0.040380754 
183 416 8 10 0.04026261 
193 511 7 9 0.040053822 
134 495 8 10 0.039945707 
113 510 9 10 0.039809182 
846 532 9 12 0.03966269 
685 566 12 16 0.03953494 
144 518 8 10 0.0393944 
761 550 15 16 0.039351158 
241 496 8 10 0.03840831 
87 582 9 11 0.03830586 
142 598 9 11 0.038291387 
248 550 8 12 0.03790303 
710 548 13 14 0.03749374 
124 452 11 13 0.037285674 
17 524 8 11 0.037210334 
90 588 9 12 0.036787346 
133 597 9 12 0.036679767 
192 503 8 9 0.03661066 
122 560 7 9 0.03656433 
1013 474 9 14 0.036348563 
3 527 10 13 0.036270104 
222 487 7 10 0.03617256 
80 600 9 11 0.035908256 
840 535 9 10 0.03518084 
105 538 7 8 0.035064727 
8 559 8 12 0.035045568 
6 1173 31 39 0.034985773 
16 520 8 10 0.03457781 
431 192 8 10 0.033989307 
165 570 11 14 0.03355972 
720 332 10 11 0.033471543 
576 807 54 44 0.03342856 
118 403 11 13 0.03320589 
723 374 7 10 0.033047315 
87 535 8 10 0.0329816 
721 296 7 10 0.03242632 
582 530 12 15 0.03232381 
241 518 7 9 0.032243025 
399 1502 11 12 0.032201786 
23 526 8 10 0.032165766 
168 551 8 9 0.03185052 
80 568 8 10 0.031688716 
135 510 8 10 0.031559747 
799 575 8 10 0.03148426 
778 78 60 70 0.031456232 
240 478 10 11 0.031137386 
95 597 10 12 0.031125518 
697 294 8 10 0.031076264 
214 429 8 10 0.030465312 
246 479 9 11 0.030194838 
651 801 25 30 0.030117374 
176 512 7 8 0.029972723 
588 531 11 14 0.0299623 
389 838 32 48 0.02971226 
726 352 8 10 0.029506167 
109 591 11 14 0.029371785 
163 504 7 9 0.02929487 
201 502 7 9 0.029231925 
119 504 9 10 0.029222725 
105 598 9 12 0.029179476 
737 324 8 11 0.029168038 
128 511 8 10 0.029029997 
663 375 7 9 0.029008018 
158 571 12 13 0.028840533 
72 549 8 11 0.028757732 
234 335 6 8 0.028498279 
680 564 12 16 0.02824955 
224 472 7 9 0.028114455 
694 547 10 13 0.02782639 
137 502 7 9 0.027806448 
558 1095 32 39 0.027684754 
161 544 7 9 0.027544586 
166 511 8 10 0.027430067 
207 528 7 9 0.027383257 
262 390 10 12 0.0271335 
129 496 8 10 0.027078044 
149 496 8 10 0.02705543 
33 566 9 11 0.026979156 
166 466 8 14 0.026969751 
895 517 10 13 0.026959088 
161 510 8 10 0.026780484 
173 529 10 12 0.02662184 
65 550 7 10 0.026589429 
377 851 36 48 0.026553972 
160 551 8 9 0.02653135 
311 421 10 14 0.026481671 
656 545 50 53 0.026343897 
165 455 10 14 0.026023243 
120 534 7 9 0.025917623 
175 565 9 12 0.025867162 
194 667 423 441 0.025861576 
191 397 8 11 0.025691284 
184 447 9 11 0.02567769 
153 564 9 13 0.02548603 
653 563 12 17 0.025428306 
879 397 8 10 0.025145488 
97 536 8 9 0.024985295 
664 553 9 11 0.024829062 
680 376 8 9 0.024778184 
538 1054 50 69 0.024669932 
129 518 7 9 0.024649264 
143 543 9 10 0.024595605 
112 542 7 9 0.024531594 
258 486 7 9 0.024525752 
176 414 8 11 0.024519745 
144 497 9 9 0.024472663 
233 511 7 10 0.024443645 
272 502 8 9 0.024442993 
799 556 11 12 0.024369787 
256 335 6 8 0.024309117 
911 382 9 10 0.024219338 
143 558 7 9 0.0240411 
434 126 8 10 0.023865746 
103 502 7 9 0.023713568 
590 526 11 14 0.023674874 
888 409 7 9 0.023590332 
167 476 8 11 0.023578586 
448 335 9 13 0.023553185 
184 359 8 10 0.023550589 
143 550 9 10 0.023487885 
672 566 26 32 0.023376899 
142 603 9 12 0.023205401 
853 517 9 11 0.023189563 
-35 998 483 502 0.023126852 
408 125 7 9 0.022846134 
184 543 8 11 0.022833843 
890 490 12 16 0.022759734 
407 437 12 14 0.022719664 
240 484 9 10 0.022694848 
225 517 7 9 0.022542708 
191 417 8 10 0.02244559 
319 373 8 11 0.022143098 
182 440 9 11 0.021923712 
29 534 9 11 0.021868007 
240 511 7 9 0.021787513 
822 358 8 11 0.021695454 
254 468 8 10 0.021681601 
249 543 8 11 0.021565538 
247 557 8 11 0.021547684 
488 207 7 10 0.021491842 
96 476 11 12 0.021482363 
182 590 10 14 0.021471191 
233 517 7 10 0.021460302 
223 527 8 10 0.021439262 
234 479 7 10 0.021430155 
696 344 9 10 0.02140078 
679 368 8 10 0.021387681 
200 517 7 10 0.021386765 
138 542 8 10 0.02136827 
721 352 8 11 0.02135426 
452 223 10 11 0.021353338 
563 574 17 19 0.021326091 
702 326 8 10 0.02124603 
749 533 11 13 0.021112684 
880 413 7 9 0.021015214 
48 535 8 10 0.020995561 
873 492 11 13 0.020988593 
265 342 7 9 0.020909857 
573 494 9 13 0.020849958 
192 517 8 10 0.020759858 
121 543 7 9 0.020684155 
167 518 9 10 0.020678563 
176 497 9 10 0.020633643 
0 1479 8 13 0.02063131 
176 573 8 11 0.020444429 
193 437 8 9 0.020405702 
48 551 9 10 0.020223865 
726 327 7 10 0.02021258 
261 543 10 12 0.020167887 
662 556 12 17 0.020158028 
33 548 9 11 0.0201355 
272 312 9 10 0.020074291 
127 575 9 10 0.020053167 
294 510 7 10 0.020040814 
