24_Soldier_Firing_Soldier_Firing_24_931
83
495 98 71 81 0.9939698 
365 71 22 26 0.97158515 
730 57 25 26 0.6909284 
263 50 25 31 0.68425333 
915 95 12 15 0.49120343 
436 54 22 25 0.32738277 
332 168 12 17 0.28836578 
878 118 13 15 0.19315112 
925 117 11 15 0.14928554 
839 111 10 12 0.1376531 
876 110 10 13 0.13645582 
902 108 9 13 0.127693 
896 110 11 13 0.10613251 
862 141 11 14 0.10497505 
881 121 13 16 0.094019 
422 174 33 36 0.07908747 
428 57 17 21 0.07602344 
869 140 12 14 0.07456101 
905 124 9 12 0.073818564 
918 118 13 15 0.07230944 
912 154 10 13 0.060346495 
869 133 12 15 0.059062645 
910 119 12 14 0.05523172 
632 220 39 53 0.05355428 
915 104 14 18 0.053283744 
422 58 14 20 0.053260133 
693 194 23 35 0.053074498 
254 57 24 28 0.050845917 
441 67 18 24 0.049797356 
556 315 37 38 0.04811888 
903 134 10 12 0.046119504 
870 123 13 16 0.041531306 
873 116 12 15 0.040697016 
642 181 14 19 0.03997123 
876 129 14 17 0.03869738 
638 165 44 55 0.037154667 
875 139 12 15 0.036374368 
743 60 18 24 0.03503713 
864 135 11 14 0.03483339 
933 109 10 14 0.03482733 
930 116 11 14 0.03390469 
903 140 10 11 0.033241637 
941 130 12 15 0.03285674 
862 123 11 15 0.032316197 
830 117 11 14 0.03158316 
648 191 23 32 0.031396158 
859 116 13 16 0.030501476 
357 68 17 22 0.02981145 
614 272 25 32 0.029563133 
276 61 16 24 0.029199008 
907 166 12 15 0.02910454 
907 189 11 15 0.028766023 
896 141 9 10 0.028578073 
903 151 10 13 0.028348615 
725 51 15 22 0.02805884 
910 106 12 14 0.027597923 
417 186 34 41 0.026985323 
844 111 10 14 0.026672384 
318 197 10 12 0.026430586 
570 245 28 44 0.024891201 
364 218 33 31 0.024890153 
887 110 11 12 0.024549846 
917 155 10 13 0.024077473 
845 116 12 15 0.023488669 
855 141 12 15 0.023351781 
640 200 29 36 0.023027133 
718 54 27 34 0.02280667 
637 177 22 31 0.022526342 
897 149 10 12 0.022418031 
564 69 43 63 0.022269892 
860 136 19 23 0.021934379 
448 57 15 20 0.021882707 
277 191 11 12 0.021365058 
833 111 19 24 0.021341238 
904 194 10 13 0.02123273 
896 135 9 12 0.021154651 
844 131 13 17 0.021084242 
941 165 9 12 0.020963207 
824 124 10 14 0.020866597 
413 131 13 17 0.02058581 
878 105 10 12 0.020539317 
311 198 9 12 0.020517897 
898 104 19 23 0.020063376 
