24_Soldier_Firing_Soldier_Firing_24_10
30
163 171 52 60 0.78440285 
436 492 14 16 0.13837017 
395 206 13 16 0.08116626 
253 226 27 34 0.069398284 
774 674 13 16 0.0606659 
-3 73 204 217 0.049059954 
139 158 83 104 0.045636237 
294 578 14 17 0.044510517 
363 217 15 19 0.040194314 
278 206 11 16 0.03971496 
768 674 11 15 0.03937251 
334 213 44 49 0.037298642 
152 183 32 37 0.036833912 
297 222 50 62 0.03572706 
389 457 10 14 0.034781676 
273 220 46 59 0.03468815 
260 202 40 53 0.03451755 
332 623 14 17 0.029956542 
387 203 20 24 0.029597234 
78 64 70 69 0.029283518 
-36 299 231 264 0.026607707 
163 290 35 48 0.02613878 
110 289 36 42 0.025179341 
381 208 15 19 0.024508178 
373 416 13 18 0.023559317 
770 663 28 33 0.022243397 
302 595 11 13 0.021641567 
104 410 13 14 0.02154557 
286 198 10 13 0.02123789 
263 225 17 20 0.020079039 
