24_Soldier_Firing_Soldier_Firing_24_264
41
275 43 63 95 0.99549073 
743 138 59 78 0.99202406 
517 216 14 20 0.95913684 
585 224 14 19 0.55174655 
883 232 29 28 0.5473235 
743 401 48 56 0.23076907 
895 184 14 17 0.22355789 
591 138 13 18 0.10947382 
905 186 17 20 0.106876746 
350 190 44 61 0.10662822 
896 232 28 31 0.07061102 
688 218 24 33 0.06822658 
922 234 14 20 0.05058489 
874 225 42 50 0.049620047 
302 64 41 58 0.046471126 
916 229 24 32 0.042582534 
880 255 21 32 0.04180785 
704 219 28 35 0.03887131 
871 225 29 32 0.03796262 
844 182 12 19 0.037955612 
724 381 81 92 0.03691388 
794 255 44 59 0.03331079 
799 235 25 46 0.030207288 
584 216 12 15 0.030141875 
230 192 11 14 0.025525529 
958 253 13 17 0.025394592 
872 266 23 30 0.025022915 
260 234 12 14 0.024308963 
960 270 13 18 0.023564834 
820 206 193 253 0.023165049 
922 270 24 35 0.022897953 
186 268 16 19 0.022837922 
862 247 27 34 0.022291131 
873 238 18 21 0.02227371 
670 195 10 12 0.021960296 
918 228 15 20 0.021712294 
416 188 29 46 0.02135214 
856 281 46 51 0.020869292 
659 260 40 52 0.020852774 
863 300 28 28 0.020463873 
324 189 34 50 0.020148773 
