24_Soldier_Firing_Soldier_Firing_24_315
34
308 260 60 73 0.98795086 
148 14 58 76 0.98762256 
275 81 20 24 0.8750459 
600 386 29 35 0.3116579 
436 325 30 33 0.14008304 
5 47 26 33 0.10940597 
227 237 30 44 0.10544536 
18 59 38 39 0.08990562 
430 329 14 17 0.08809546 
494 436 12 16 0.08768492 
360 199 17 22 0.08674619 
38 329 31 40 0.066247575 
246 220 14 18 0.054319337 
45 332 42 47 0.052879978 
428 322 25 29 0.049696397 
595 397 35 43 0.047328647 
110 15 87 103 0.044571962 
57 272 18 21 0.0400346 
298 141 10 13 0.03712001 
74 9 57 70 0.03558816 
236 241 41 61 0.035348944 
65 344 19 25 0.032833308 
0 39 42 54 0.031886194 
79 28 37 41 0.031455137 
288 82 16 21 0.030066377 
175 37 37 54 0.027427997 
259 250 28 40 0.02521535 
216 227 47 73 0.024623964 
355 269 27 47 0.02305486 
100 21 60 73 0.022435986 
238 228 27 39 0.021965217 
489 435 11 14 0.02143904 
635 163 244 299 0.021334773 
253 258 14 20 0.020901931 
