24_Soldier_Firing_Soldier_Firing_24_67
23
484 214 61 81 0.99176884 
542 113 23 34 0.25258332 
358 269 35 39 0.066471376 
444 292 44 53 0.05981407 
729 -28 164 213 0.05189515 
985 226 15 18 0.041319583 
881 230 8 11 0.034947712 
930 180 18 24 0.033830646 
506 70 30 35 0.033777256 
975 180 25 29 0.032889083 
494 7 55 68 0.030343074 
369 258 28 36 0.029788857 
965 182 16 20 0.028913373 
355 602 28 32 0.027570616 
973 192 30 32 0.027041513 
858 361 28 31 0.026948554 
438 300 10 13 0.026475506 
326 238 8 12 0.024670808 
893 246 10 13 0.02423291 
376 271 30 35 0.021778408 
375 253 10 13 0.021237725 
977 207 25 31 0.020582078 
782 271 28 33 0.020187253 
