24_Soldier_Firing_Soldier_Firing_24_129
25
335 329 112 136 0.9845952 
471 470 27 36 0.19233668 
403 796 42 51 0.16407652 
306 350 85 99 0.11286122 
571 754 408 583 0.09613187 
473 730 11 13 0.085161954 
463 464 47 56 0.054014966 
989 1251 14 17 0.05316672 
854 1511 11 13 0.04988245 
534 411 96 127 0.045602422 
341 253 12 15 0.042129464 
676 1410 11 14 0.03587484 
670 1407 12 17 0.035146184 
435 462 50 58 0.03260164 
545 397 10 13 0.03180718 
121 695 24 32 0.028901283 
522 423 63 86 0.025216145 
296 598 10 11 0.024903314 
459 553 456 635 0.023335606 
339 704 13 15 0.02287151 
500 451 57 64 0.022505159 
307 371 114 129 0.022416392 
552 465 33 36 0.021765154 
503 61 385 445 0.021485612 
653 1397 13 15 0.020144742 
