20_Family_Group_Family_Group_20_62
63
628 171 34 44 0.9997904 
416 138 32 43 0.9997348 
762 187 36 44 0.9996376 
645 306 31 40 0.9995782 
536 169 35 44 0.99957126 
839 150 33 45 0.99956185 
560 309 34 43 0.99945277 
335 129 35 44 0.99931157 
240 124 34 45 0.99927956 
444 244 35 44 0.9989748 
632 386 28 37 0.99895084 
448 168 35 44 0.9988998 
514 134 32 43 0.99881697 
310 175 34 44 0.9985262 
106 106 39 49 0.99851876 
716 140 34 44 0.99849546 
619 126 36 47 0.9983157 
866 204 38 49 0.99616075 
242 219 38 46 0.9961289 
190 167 39 47 0.9850263 
366 207 28 34 0.97332656 
722 236 31 36 0.9692109 
606 597 11 14 0.15220936 
591 178 12 15 0.13391851 
632 1 25 31 0.10765872 
638 603 8 12 0.10519436 
636 598 9 13 0.097439684 
434 147 37 50 0.09024863 
455 582 12 16 0.07718745 
630 106 14 17 0.056850757 
1002 159 9 11 0.056358855 
327 413 331 455 0.05519131 
622 145 38 49 0.053691026 
377 302 25 28 0.045545574 
623 71 31 45 0.04403872 
987 113 13 16 0.041852053 
526 154 37 49 0.03646032 
595 188 13 16 0.036086496 
625 107 28 39 0.033346552 
521 198 17 23 0.03089814 
973 100 10 13 0.02977931 
956 116 11 14 0.02893641 
337 78 29 41 0.027593656 
347 4 34 46 0.027162492 
341 237 15 19 0.026740793 
631 46 25 39 0.025853965 
851 198 37 44 0.025506651 
233 599 10 12 0.025332877 
588 173 20 27 0.024234675 
968 102 11 14 0.023418887 
1006 169 11 15 0.022867573 
609 23 47 74 0.022656564 
964 126 12 15 0.022137772 
963 137 16 21 0.022041006 
731 306 27 37 0.021830957 
619 27 14 17 0.021738542 
552 621 11 12 0.021291047 
155 291 31 38 0.020781135 
606 572 10 12 0.020693194 
638 54 15 22 0.020590013 
628 34 16 22 0.020339634 
989 168 10 13 0.020330282 
843 184 31 43 0.02025585 
