20_Family_Group_Family_Group_20_750
132
338 76 176 250 0.9996425 
560 213 170 226 0.9985362 
993 622 11 13 0.36155915 
929 558 9 11 0.21568301 
944 610 10 13 0.17932273 
981 607 10 13 0.17438838 
977 612 10 12 0.1587058 
992 589 9 10 0.14549628 
993 725 9 12 0.09434182 
920 541 8 10 0.08460721 
959 528 9 9 0.078368835 
1001 567 8 10 0.07328185 
1001 604 10 11 0.072614424 
948 608 10 12 0.07165834 
974 653 10 12 0.07144118 
958 623 9 12 0.07106031 
474 154 179 239 0.06825933 
909 629 11 12 0.06516472 
998 723 9 12 0.060095403 
98 942 208 293 0.059798263 
133 1071 110 155 0.059101146 
984 748 11 13 0.059093196 
965 614 10 12 0.0589708 
991 616 10 12 0.058615938 
920 604 11 12 0.058189843 
926 554 8 9 0.05702471 
966 708 8 11 0.055938598 
990 598 9 11 0.054731134 
975 518 8 10 0.05336455 
945 525 8 10 0.051123943 
999 670 9 11 0.05098826 
967 704 9 11 0.05041002 
952 526 8 10 0.049657818 
917 599 12 13 0.04922645 
1005 605 9 12 0.04873307 
592 107 47 53 0.04788203 
966 598 9 11 0.04677479 
944 519 9 11 0.045853797 
910 581 9 12 0.0450171 
976 735 9 9 0.044779114 
959 550 9 12 0.04383835 
991 638 9 12 0.042987835 
971 764 10 13 0.042870265 
922 551 8 10 0.042737123 
945 694 8 12 0.042688474 
984 639 9 12 0.042478923 
969 518 7 10 0.04228562 
982 574 8 10 0.041709073 
989 604 10 12 0.04111104 
953 743 8 11 0.040480725 
957 556 9 11 0.040476855 
1006 566 9 12 0.039978817 
961 613 10 12 0.03976423 
912 527 8 9 0.03918754 
1008 583 10 12 0.039177906 
965 619 11 13 0.038407315 
912 535 8 9 0.038156606 
927 541 8 10 0.037005853 
961 606 10 12 0.036821645 
1008 663 11 12 0.03602137 
998 583 9 11 0.034795284 
974 658 11 14 0.034517072 
952 627 9 12 0.03447131 
1000 664 9 10 0.034456454 
50 821 338 479 0.03366928 
999 616 10 12 0.033460896 
1000 742 9 12 0.033009928 
962 709 8 11 0.032761544 
929 536 9 10 0.03273614 
1006 599 9 12 0.03240547 
960 598 10 11 0.032296382 
1001 572 8 11 0.03224694 
910 635 10 12 0.031246524 
934 564 9 11 0.03124637 
959 567 9 12 0.031124586 
913 542 8 10 0.029356029 
950 520 9 10 0.029273013 
926 519 9 10 0.029002538 
952 575 8 11 0.02861368 
902 550 8 10 0.028277494 
889 572 10 13 0.028139127 
888 534 10 11 0.02785257 
944 581 9 11 0.027545223 
935 606 9 12 0.02734365 
927 524 9 11 0.027184375 
992 558 9 11 0.027077155 
914 598 10 12 0.026603678 
982 542 9 11 0.026034374 
904 536 8 9 0.02601953 
975 647 10 12 0.025590088 
1014 622 10 13 0.025396122 
1009 644 11 13 0.025342517 
231 909 377 563 0.025273846 
933 536 8 10 0.025143705 
958 572 10 13 0.02508029 
950 580 9 11 0.02498403 
976 728 8 10 0.024867728 
958 742 9 12 0.024623154 
976 581 9 11 0.024493225 
943 575 8 10 0.023917044 
895 534 9 11 0.023678059 
1007 611 9 12 0.023660298 
1007 724 9 12 0.023625556 
936 612 9 12 0.023418652 
1006 572 9 12 0.023324642 
902 542 8 10 0.023146456 
953 488 9 10 0.023145676 
996 589 10 12 0.02304255 
952 597 9 11 0.022965046 
936 704 8 11 0.02291516 
989 702 11 13 0.022685591 
924 612 10 13 0.022606906 
944 701 8 11 0.02238758 
981 651 11 14 0.022385973 
959 534 9 10 0.022368608 
976 575 9 12 0.021906113 
958 692 10 12 0.021769907 
942 558 9 12 0.02144321 
989 618 18 21 0.021414516 
984 566 9 11 0.02134318 
934 643 9 11 0.021255698 
938 553 7 9 0.020997245 
991 565 9 11 0.020610139 
1013 726 9 12 0.02058302 
964 677 11 13 0.020544976 
974 599 9 10 0.020399105 
893 567 9 13 0.020303091 
958 580 9 11 0.020298695 
1006 550 9 11 0.020246051 
969 660 9 12 0.020205224 
966 686 10 11 0.020110402 
594 341 17 16 0.020054756 
