20_Family_Group_Family_Group_20_294
66
744 247 29 40 0.9996593 
842 255 32 38 0.9993544 
650 361 33 39 0.9990427 
395 183 32 40 0.9989373 
386 313 32 38 0.99871707 
700 194 30 37 0.99859816 
485 207 31 41 0.99833965 
175 181 33 39 0.99827707 
466 304 29 36 0.9979213 
550 361 30 36 0.9978922 
563 275 31 38 0.997767 
237 334 31 40 0.9977355 
384 224 30 40 0.9976641 
354 231 35 46 0.99734783 
137 386 39 48 0.99717903 
654 218 29 37 0.9969284 
214 233 36 46 0.99669135 
776 270 33 41 0.99660033 
792 189 32 42 0.9958548 
583 229 29 34 0.9944891 
679 259 30 36 0.993569 
277 217 39 47 0.97471017 
536 176 29 34 0.96380734 
121 260 26 34 0.7702735 
590 397 31 38 0.33553907 
139 589 50 42 0.113742344 
127 249 27 35 0.10946164 
691 254 27 32 0.09734551 
532 313 16 20 0.087867685 
925 254 11 13 0.06402276 
605 561 15 19 0.061160006 
201 370 19 23 0.059890028 
89 331 30 48 0.049397748 
87 185 42 52 0.04090604 
120 150 27 32 0.04071392 
987 221 10 15 0.03997088 
135 204 13 16 0.038660012 
189 264 18 25 0.036993258 
252 237 17 22 0.036393616 
295 596 34 41 0.03406287 
852 597 15 23 0.033463903 
429 212 15 19 0.03328273 
804 507 26 35 0.032644197 
593 223 24 33 0.032273874 
511 213 24 34 0.031267047 
705 244 24 32 0.03066687 
70 459 28 45 0.02909605 
436 217 15 18 0.028992098 
592 350 26 37 0.028456025 
234 235 28 35 0.027929777 
926 249 11 13 0.024720982 
101 406 27 35 0.02445837 
386 207 38 47 0.024081834 
754 254 34 43 0.023053652 
164 354 31 39 0.022933912 
158 277 13 17 0.021779327 
643 270 384 486 0.02156243 
359 174 12 15 0.021437721 
581 211 14 19 0.020916216 
1013 198 8 11 0.020822672 
80 149 35 39 0.020708742 
654 137 23 32 0.020597167 
716 340 39 49 0.020274518 
126 268 31 38 0.020219233 
145 606 34 34 0.020213863 
556 568 15 19 0.020162033 
