20_Family_Group_Family_Group_20_387
20
704 326 113 132 0.99994385 
491 258 105 138 0.99994135 
280 350 119 161 0.99993885 
591 664 102 127 0.99972755 
460 459 112 146 0.99954045 
725 884 187 171 0.57030994 
351 252 26 32 0.12868637 
577 912 32 39 0.057801545 
146 249 48 50 0.054437064 
272 179 24 29 0.043366905 
353 237 26 32 0.03852036 
272 261 32 36 0.027750894 
230 67 13 17 0.026927177 
230 265 25 31 0.023927242 
904 70 17 23 0.023161555 
245 260 15 18 0.022129524 
171 99 13 17 0.021120068 
397 244 14 18 0.020094177 
243 259 26 33 0.02007319 
241 247 25 31 0.020000385 
