20_Family_Group_Family_Group_20_1015
62
648 319 93 109 0.99916124 
519 346 85 109 0.99650675 
377 282 74 101 0.99053496 
225 362 21 27 0.6804741 
970 227 16 20 0.37498054 
265 338 26 31 0.27713996 
251 382 23 30 0.16819063 
268 379 15 16 0.124399215 
509 69 358 447 0.1001834 
426 189 13 16 0.07754022 
775 310 10 12 0.07705909 
219 357 17 24 0.06752913 
783 267 12 16 0.063858815 
217 356 45 51 0.061603054 
251 257 105 119 0.050007556 
177 423 9 11 0.045416974 
265 466 16 20 0.044469226 
274 329 29 39 0.043779828 
1002 276 15 22 0.043728594 
1001 190 9 12 0.042190276 
905 227 32 44 0.041892286 
251 309 53 58 0.041330405 
237 371 27 35 0.039498486 
193 391 8 12 0.03948229 
314 271 89 109 0.038685028 
973 224 23 31 0.03669322 
259 379 18 21 0.03514495 
123 340 17 19 0.033116918 
200 218 162 215 0.03206563 
247 412 14 17 0.031853504 
903 208 105 132 0.031061735 
251 338 56 62 0.030375496 
999 328 22 35 0.030312836 
242 395 26 33 0.029541226 
422 188 24 29 0.028332474 
804 291 16 19 0.028206475 
760 365 53 75 0.027259097 
983 284 13 16 0.026377687 
824 325 20 28 0.02636059 
796 292 17 19 0.026186328 
278 222 12 14 0.025614388 
220 331 13 17 0.024851585 
230 351 31 36 0.024780933 
458 312 50 72 0.02372799 
399 155 9 12 0.023570957 
805 297 26 31 0.02293176 
826 297 82 99 0.022702597 
251 467 24 30 0.022505505 
165 414 9 12 0.021980897 
503 225 115 129 0.02150916 
103 380 11 15 0.021369629 
296 276 62 74 0.021051217 
234 362 49 57 0.020833272 
987 249 13 19 0.02081151 
904 298 48 81 0.020800011 
261 346 19 25 0.020750258 
813 309 24 31 0.020671956 
262 378 28 33 0.020659348 
957 220 27 31 0.02046986 
269 285 63 73 0.020357128 
260 433 12 19 0.020269258 
117 276 15 21 0.020124566 
