20_Family_Group_Family_Group_20_760
19
280 287 68 84 0.9993229 
634 135 78 105 0.9961992 
458 175 77 101 0.99432206 
707 75 16 19 0.4762798 
876 76 15 20 0.066880964 
825 82 23 29 0.054841932 
778 55 15 17 0.03180194 
558 52 23 26 0.02998441 
757 78 12 15 0.029825332 
777 77 12 16 0.027698657 
159 423 11 13 0.026615972 
710 326 177 225 0.026353603 
717 99 16 20 0.025562054 
579 132 39 55 0.02500364 
260 195 29 37 0.023371898 
688 83 13 16 0.022793554 
713 69 16 19 0.021911608 
783 92 24 31 0.020992152 
760 132 48 58 0.020440426 
