20_Family_Group_Family_Group_20_101
33
135 90 36 45 0.9994523 
894 291 49 63 0.9993119 
637 74 38 48 0.9991866 
970 56 47 59 0.99900347 
202 212 50 66 0.99752 
226 65 40 47 0.9974148 
382 28 39 49 0.99729615 
554 73 38 46 0.9970861 
840 93 48 63 0.99630356 
36 65 41 51 0.99429363 
734 77 39 50 0.9941188 
781 274 48 61 0.99329996 
493 52 35 45 0.99292576 
70 265 46 58 0.99241406 
561 243 39 52 0.98095655 
666 262 40 54 0.9135053 
85 119 26 32 0.13063444 
2 94 23 36 0.10927239 
93 206 23 37 0.09852121 
297 423 60 70 0.06012081 
808 432 31 37 0.050260413 
551 399 53 69 0.042347163 
842 3 59 54 0.03737915 
578 405 32 45 0.02934763 
711 287 31 38 0.02736566 
-1 76 23 36 0.027324872 
823 294 27 39 0.02634169 
663 73 27 37 0.026076775 
593 405 32 45 0.025942046 
330 281 16 21 0.024355039 
740 518 206 245 0.022173375 
809 276 35 48 0.020517092 
587 473 14 16 0.020465564 
