20_Family_Group_Family_Group_20_636
263
620 108 14 17 0.9679557 
191 128 21 26 0.8508672 
886 95 17 23 0.81891435 
274 111 19 25 0.79025126 
948 68 16 20 0.76591307 
715 86 14 19 0.7548466 
806 80 13 20 0.700063 
347 103 13 17 0.6083676 
924 129 46 57 0.5840242 
667 121 11 14 0.55273116 
300 93 14 16 0.54082656 
463 107 11 15 0.537384 
834 82 15 22 0.53372186 
431 119 12 15 0.5337102 
735 108 13 17 0.51494545 
556 100 11 14 0.49992076 
776 126 14 23 0.48550954 
259 100 16 19 0.3403599 
849 124 21 29 0.28998697 
207 54 11 12 0.28115776 
391 110 11 15 0.26350307 
348 151 24 34 0.24786757 
510 107 12 15 0.22198243 
566 169 15 23 0.18452792 
512 81 8 9 0.16550326 
996 130 23 32 0.16161673 
235 117 15 19 0.15535219 
475 120 15 22 0.1465067 
902 135 22 33 0.14095041 
499 114 13 17 0.13112487 
417 78 9 11 0.1295258 
267 108 18 22 0.119775936 
684 173 15 18 0.11091357 
917 131 32 43 0.10509425 
466 102 14 17 0.10488412 
581 161 15 21 0.10219082 
510 84 9 11 0.099868275 
463 31 8 10 0.0985181 
810 84 16 23 0.092527606 
727 110 13 15 0.089949645 
615 155 13 17 0.0835332 
506 87 8 11 0.082480624 
439 101 8 11 0.0822425 
114 186 15 20 0.08193019 
210 160 15 22 0.07839907 
206 48 10 13 0.07664733 
909 129 25 38 0.075553045 
468 112 14 22 0.06989415 
172 71 9 12 0.06981162 
501 108 14 18 0.06784104 
646 166 14 21 0.06458686 
10 81 13 16 0.05942241 
529 84 8 11 0.059242267 
853 118 15 21 0.058498096 
432 69 9 11 0.058171183 
339 144 23 34 0.057741497 
894 146 14 17 0.057367448 
493 119 16 20 0.056799646 
96 124 8 10 0.055902064 
472 48 8 9 0.0549339 
839 124 22 29 0.054481126 
425 117 13 17 0.053659614 
502 91 9 12 0.052758593 
144 67 9 13 0.05233711 
348 147 17 22 0.051728252 
352 101 20 24 0.051600534 
201 125 15 18 0.051222596 
168 71 9 11 0.050553408 
711 98 11 15 0.04960151 
768 77 12 14 0.049422473 
500 134 27 35 0.049357682 
721 85 13 16 0.04866112 
450 65 8 10 0.04858181 
492 110 15 19 0.04827638 
126 170 11 15 0.047767095 
694 29 8 11 0.047685675 
731 185 15 19 0.04621012 
620 146 13 17 0.04591308 
97 86 7 10 0.04586311 
204 56 14 17 0.045682073 
536 52 8 10 0.045295283 
529 101 8 11 0.044774193 
572 119 14 16 0.044667874 
571 163 21 28 0.04452577 
148 61 10 14 0.04438646 
160 93 10 12 0.04434012 
64 89 9 10 0.044117887 
440 95 8 11 0.043374997 
453 67 9 12 0.043373417 
348 140 16 18 0.041671295 
382 107 12 17 0.041174043 
483 64 7 9 0.040629454 
388 105 18 25 0.040509187 
480 113 22 26 0.03990734 
199 79 13 19 0.039892927 
479 23 8 9 0.039598815 
819 87 15 20 0.039523985 
940 111 14 21 0.039492793 
768 120 18 26 0.039266635 
724 184 14 20 0.038537927 
102 88 8 9 0.03817349 
626 113 12 16 0.03776457 
437 109 11 14 0.037620246 
458 108 10 15 0.03753077 
323 104 16 20 0.037486866 
134 120 8 10 0.037296206 
800 79 13 17 0.036855858 
899 143 15 21 0.036676977 
102 94 8 9 0.036591295 
366 107 17 20 0.036337424 
129 119 8 11 0.036196347 
248 79 10 12 0.03619175 
464 49 8 9 0.035775475 
395 113 11 15 0.035702873 
534 85 8 10 0.03541815 
644 94 12 13 0.035271768 
198 62 13 15 0.03521159 
463 52 8 10 0.035009686 
240 139 22 30 0.034626026 
101 119 8 10 0.034369465 
654 84 10 12 0.0339554 
260 145 16 23 0.0337716 
855 90 12 16 0.033380747 
505 103 20 24 0.033369433 
804 133 15 23 0.033342134 
430 110 13 17 0.033265337 
182 118 35 45 0.03280157 
537 70 7 9 0.032737486 
842 86 14 20 0.032510594 
264 91 24 29 0.03243127 
279 163 12 14 0.031928867 
211 152 25 33 0.03169263 
43 92 11 13 0.03149375 
519 71 7 10 0.031478897 
486 61 7 10 0.031155674 
530 54 7 9 0.031149225 
137 69 9 11 0.030859128 
419 83 11 13 0.030447982 
954 125 42 55 0.030375415 
177 165 17 22 0.03013315 
213 45 11 13 0.030120583 
182 128 18 23 0.029893827 
193 67 10 13 0.029866695 
223 144 24 34 0.029695485 
494 101 12 16 0.029648801 
552 84 9 11 0.029614152 
689 30 9 11 0.029595599 
202 55 11 13 0.029309697 
195 58 22 28 0.029281355 
135 124 8 11 0.029212398 
829 123 22 29 0.02870315 
962 92 15 18 0.028603304 
251 143 18 25 0.028586105 
271 84 12 14 0.028441934 
528 95 8 11 0.028376428 
468 96 11 14 0.028273828 
447 32 8 10 0.028264081 
793 133 21 28 0.028251728 
305 96 14 17 0.028232655 
1011 131 13 19 0.027971735 
396 103 11 15 0.027777795 
447 37 8 10 0.02777327 
236 123 19 28 0.027763003 
345 71 8 9 0.027444443 
518 127 12 15 0.02743722 
525 133 10 13 0.027427906 
87 62 8 9 0.027386941 
437 69 9 12 0.027298246 
280 63 8 11 0.027235594 
204 79 16 23 0.027191624 
528 49 7 9 0.027150333 
121 62 7 10 0.027131775 
565 124 15 16 0.02680229 
492 129 17 20 0.026802052 
432 103 10 12 0.026773684 
788 121 16 21 0.026717443 
440 77 9 12 0.026698539 
456 52 8 10 0.026604848 
627 141 12 14 0.026566667 
481 69 8 10 0.026483946 
796 128 15 22 0.026378378 
431 53 7 9 0.026369369 
813 76 21 26 0.026259044 
781 131 23 27 0.026218977 
458 30 9 11 0.026089232 
657 121 12 16 0.026034974 
125 138 10 13 0.026014099 
844 77 13 19 0.025733521 
415 73 9 10 0.025541041 
55 78 8 10 0.025493339 
395 156 15 17 0.024990207 
439 64 9 11 0.024925694 
497 93 11 12 0.024881111 
955 96 17 21 0.024769293 
95 81 7 9 0.024694107 
550 80 9 12 0.02462099 
479 47 9 11 0.024614314 
280 99 22 27 0.0244212 
88 2 11 10 0.0241582 
481 128 17 19 0.024080098 
158 59 12 13 0.024068924 
447 139 10 14 0.024042211 
104 70 7 9 0.024011705 
152 48 9 11 0.023897884 
166 100 9 12 0.023885915 
119 92 9 10 0.023704577 
981 130 25 33 0.023699312 
195 134 25 32 0.023590915 
150 104 10 12 0.023583697 
255 149 24 34 0.023516154 
363 150 23 33 0.023487614 
930 108 20 30 0.023426916 
672 39 9 11 0.023319298 
703 100 11 14 0.023251325 
120 56 7 9 0.023026766 
797 86 16 22 0.022904614 
566 94 9 12 0.02274496 
72 1 10 9 0.022539636 
160 100 10 12 0.02239557 
985 126 38 54 0.022350382 
299 102 14 18 0.022297436 
235 143 17 24 0.022216367 
368 62 7 9 0.02221347 
309 86 13 17 0.022203242 
917 113 14 20 0.022202943 
614 140 14 18 0.02213695 
190 109 11 14 0.022057917 
515 138 15 20 0.022048252 
264 174 24 35 0.021929229 
560 88 7 10 0.02188115 
486 70 8 10 0.021775644 
771 78 15 20 0.021761239 
425 56 7 9 0.02175487 
332 141 20 34 0.021664029 
166 140 11 16 0.021460615 
815 128 23 29 0.021447588 
271 76 11 14 0.021415155 
457 38 8 10 0.021410184 
544 71 8 9 0.021385752 
719 149 10 13 0.02135259 
480 37 8 11 0.021344082 
220 105 13 17 0.021341722 
121 186 17 21 0.021257542 
447 54 9 11 0.021213999 
474 107 15 21 0.021024594 
274 101 16 20 0.020952119 
712 80 13 16 0.020931661 
442 30 8 10 0.020892266 
457 107 21 27 0.020841371 
202 53 23 28 0.020811321 
952 65 22 28 0.02078479 
944 132 30 40 0.020763604 
296 88 12 16 0.020722004 
804 92 16 21 0.020715294 
948 99 16 20 0.020651322 
471 85 9 11 0.020631446 
542 48 7 9 0.02056484 
63 68 9 11 0.020461934 
579 124 13 17 0.020402044 
544 80 9 11 0.020275235 
223 46 8 10 0.020261979 
447 47 9 10 0.020066543 
599 0 9 10 0.02003531 
