20_Family_Group_Family_Group_20_87
29
197 517 66 82 0.9997764 
458 390 101 131 0.9996543 
323 429 74 88 0.9984067 
731 544 84 102 0.9863284 
629 508 80 101 0.9824858 
447 790 114 112 0.6767053 
964 847 59 70 0.4435598 
293 32 225 312 0.38910753 
179 821 455 573 0.3278121 
308 706 418 522 0.12907982 
255 541 28 44 0.112844534 
167 -28 469 389 0.10060466 
427 724 176 191 0.07536583 
636 112 148 157 0.04931888 
991 855 30 47 0.047142584 
-38 325 205 274 0.036346648 
761 174 242 284 0.033834904 
717 969 153 137 0.03329674 
41 959 28 37 0.033280484 
813 295 197 271 0.032291383 
602 861 233 302 0.032095972 
657 -1 246 278 0.025810102 
328 1030 351 480 0.024721852 
907 830 122 127 0.024212139 
664 317 58 59 0.022297263 
417 685 137 150 0.021359565 
692 521 84 109 0.020937834 
974 858 34 44 0.020874511 
133 24 110 126 0.020041002 
