20_Family_Group_Family_Group_20_453
31
446 415 136 185 0.9825781 
266 278 95 128 0.26324603 
67 869 406 467 0.13926367 
65 100 97 148 0.10333299 
436 -13 510 576 0.09555503 
246 971 216 313 0.094137006 
577 775 138 221 0.07878215 
191 960 454 551 0.06440935 
44 492 370 534 0.05296338 
768 1228 253 285 0.048166953 
384 508 388 491 0.04508025 
310 1003 34 47 0.04063627 
402 328 215 323 0.037489094 
271 756 207 284 0.036339927 
289 271 63 81 0.03476966 
53 17 116 142 0.034637075 
642 549 368 483 0.03198024 
198 771 162 256 0.030546235 
236 745 344 485 0.030024454 
324 837 104 171 0.029800138 
1002 279 21 44 0.02606629 
92 49 63 72 0.025833923 
618 1055 425 451 0.025802879 
300 1010 57 71 0.025100635 
101 90 62 91 0.024090286 
268 248 58 75 0.02377224 
149 970 222 319 0.022515927 
7 -14 193 241 0.020977847 
312 267 37 49 0.020765178 
223 548 328 472 0.020326195 
306 322 35 48 0.02003426 
