20_Family_Group_Family_Group_20_843
19
746 653 193 273 0.99964345 
142 334 176 250 0.9996302 
366 751 180 252 0.99916375 
515 183 165 242 0.99906904 
585 1071 149 205 0.99662054 
870 490 98 137 0.69035757 
837 434 151 227 0.12141987 
360 583 263 326 0.1150282 
347 366 379 467 0.067641325 
401 658 158 195 0.05132603 
107 452 393 504 0.030541964 
976 820 48 83 0.030310964 
222 321 170 255 0.028434386 
84 106 26 32 0.02520271 
300 794 91 142 0.025087923 
541 1131 43 67 0.022955865 
746 733 321 461 0.02208077 
55 691 113 174 0.021540312 
59 140 24 30 0.020635309 
