20_Family_Group_Family_Group_20_22
26
714 280 32 40 0.9998161 
760 264 33 42 0.99976724 
247 275 32 43 0.99943215 
177 287 31 39 0.9991893 
621 228 32 40 0.99867225 
310 244 31 39 0.9986498 
468 222 31 38 0.9982786 
343 251 31 38 0.9981186 
640 290 33 39 0.99774665 
545 242 25 31 0.9975936 
407 254 28 34 0.9925242 
609 522 23 29 0.9728492 
574 542 11 13 0.17727076 
242 322 23 30 0.093875855 
621 22 56 80 0.062899165 
567 214 9 11 0.05142954 
690 427 31 35 0.047841106 
337 237 28 36 0.045711566 
573 -2 77 95 0.03861734 
622 523 23 33 0.032925777 
559 225 14 19 0.031918354 
536 542 11 12 0.025351593 
626 512 26 32 0.024900824 
563 221 12 15 0.023577593 
242 386 32 33 0.022292826 
366 35 63 74 0.021327801 
