20_Family_Group_Family_Group_20_1026
18
589 243 58 72 0.9992939 
197 445 66 88 0.99926203 
365 289 62 79 0.99921525 
470 482 70 93 0.9969644 
222 228 75 86 0.9968359 
671 230 79 116 0.995613 
628 498 33 41 0.09761855 
760 701 75 62 0.077751346 
157 697 374 491 0.060012788 
356 538 54 51 0.057717007 
523 950 416 443 0.04151807 
740 683 123 99 0.031582057 
682 309 32 43 0.02843669 
307 129 15 21 0.02510568 
385 644 100 103 0.024884123 
721 405 90 118 0.023368284 
259 1024 37 39 0.022363577 
576 796 154 155 0.020497998 
