45_Balloonist_Balloonist_45_838
103
727 372 35 46 0.99969685 
125 370 38 48 0.9996686 
786 314 31 39 0.9990989 
641 345 31 36 0.998966 
651 250 28 33 0.99887115 
690 226 25 32 0.9986952 
458 381 35 42 0.9986234 
276 334 32 36 0.9986035 
538 237 26 33 0.9985821 
908 358 34 42 0.9974044 
490 348 32 37 0.99697936 
712 339 29 36 0.9969574 
590 240 23 28 0.9967264 
189 382 33 41 0.9965654 
526 385 31 37 0.9958502 
831 352 35 42 0.99583876 
458 282 26 31 0.99572927 
461 221 30 37 0.9956209 
186 310 33 37 0.9952217 
608 377 38 54 0.9950113 
351 393 34 39 0.99492836 
487 285 29 35 0.99363744 
764 282 26 30 0.99356776 
839 304 33 36 0.993555 
281 302 30 33 0.99263364 
732 234 23 31 0.9924275 
236 381 40 54 0.9888714 
277 212 27 34 0.9841926 
408 347 26 36 0.97032106 
820 239 24 30 0.96992224 
566 366 32 41 0.96153694 
181 245 33 37 0.94257885 
34 221 18 22 0.86581427 
196 231 27 32 0.68224347 
239 343 28 33 0.63487005 
649 390 32 40 0.43516204 
858 277 22 30 0.241707 
265 289 16 20 0.16701487 
850 290 28 36 0.12320224 
126 97 15 18 0.11310064 
888 307 29 37 0.08381793 
367 287 15 18 0.076526724 
3 219 12 18 0.07202061 
267 163 29 34 0.071438916 
881 282 23 32 0.06516187 
397 351 26 36 0.060727965 
988 510 35 46 0.059985407 
174 406 15 21 0.05476564 
308 289 15 19 0.053501703 
625 266 16 22 0.051894296 
886 289 25 36 0.051873956 
576 386 29 37 0.051606335 
209 234 23 31 0.05142079 
234 162 17 20 0.051118318 
268 287 26 31 0.050416715 
163 170 18 21 0.04831294 
586 405 19 25 0.043832146 
719 474 35 37 0.04345308 
274 309 39 49 0.04274459 
208 227 18 24 0.037112135 
486 335 28 36 0.036899377 
127 295 33 40 0.035863414 
281 97 16 19 0.035721578 
217 78 9 12 0.035036568 
833 294 27 35 0.034040634 
869 279 23 31 0.033837207 
237 358 32 37 0.033819713 
291 288 27 32 0.033699162 
618 161 18 20 0.033549577 
311 83 11 15 0.031755302 
197 225 20 24 0.031688455 
179 393 26 36 0.030822279 
425 431 26 31 0.030630758 
716 352 33 45 0.030062385 
252 283 25 31 0.029826583 
827 287 25 32 0.029765602 
214 376 41 50 0.0293445 
109 535 26 32 0.02910963 
588 391 27 37 0.02859725 
232 172 22 27 0.028560594 
250 340 17 21 0.026757643 
116 75 12 14 0.026194861 
833 236 23 32 0.024856156 
261 149 30 37 0.024822569 
597 272 15 20 0.024737502 
248 349 31 39 0.024330923 
724 280 23 31 0.023837734 
269 145 14 18 0.023650672 
275 168 18 21 0.023332201 
127 103 17 22 0.023113795 
166 156 24 31 0.02286753 
470 142 9 13 0.022773616 
266 342 30 35 0.022534892 
152 279 16 21 0.022502346 
238 188 14 17 0.022475975 
426 91 17 21 0.022157848 
259 343 17 23 0.021664608 
522 236 26 34 0.021564038 
480 317 26 31 0.021547802 
216 241 23 31 0.021390244 
172 254 29 37 0.021159643 
155 148 15 18 0.020815615 
150 177 27 31 0.020643108 
