45_Balloonist_Balloonist_45_857
21
498 357 19 23 0.5700513 
612 354 22 26 0.5549219 
505 42 383 477 0.49258396 
545 423 49 67 0.07547237 
540 452 14 17 0.06281885 
509 592 16 19 0.06049649 
397 358 82 98 0.051608954 
555 360 24 30 0.049118962 
226 548 25 31 0.04193991 
467 350 17 22 0.041414496 
552 72 143 118 0.0402 
373 164 34 36 0.0367183 
622 358 20 23 0.036208842 
486 342 40 42 0.02811342 
633 401 98 166 0.024554187 
538 405 83 106 0.024491055 
381 150 47 56 0.023620252 
461 353 27 32 0.023505924 
614 339 28 36 0.021593207 
427 363 37 41 0.020807624 
315 278 26 32 0.020607319 
