45_Balloonist_Balloonist_45_692
174
816 735 32 37 0.98899174 
949 720 10 13 0.79863816 
928 711 12 15 0.44730455 
1004 722 15 21 0.30327013 
602 151 126 94 0.28607246 
973 732 15 20 0.27052745 
219 732 12 15 0.25617817 
938 693 9 11 0.150518 
366 718 10 13 0.14073662 
623 161 35 31 0.14039351 
190 719 11 14 0.12831572 
230 733 12 13 0.102084816 
901 706 13 15 0.101663895 
237 750 12 13 0.09546754 
38 725 9 11 0.09417076 
430 160 58 61 0.08840739 
903 722 10 13 0.08833229 
199 723 10 13 0.087357625 
908 702 13 16 0.086018845 
879 724 10 14 0.08472517 
598 727 8 10 0.081097335 
454 731 26 30 0.07400398 
284 722 11 13 0.06921844 
94 733 12 13 0.06847235 
342 717 13 15 0.06775355 
396 731 13 13 0.066709384 
500 748 16 17 0.064793736 
885 726 11 16 0.06459273 
415 711 10 11 0.06424738 
980 724 14 19 0.06381178 
980 714 14 17 0.06372751 
560 86 172 173 0.061085247 
702 722 11 13 0.061015256 
103 732 10 13 0.05803679 
366 162 124 146 0.057653647 
919 708 11 15 0.056786798 
385 727 8 11 0.055314265 
908 723 11 14 0.053132366 
894 725 11 14 0.052602556 
206 726 11 12 0.051024515 
830 734 27 32 0.05046186 
924 744 14 20 0.050316185 
384 716 10 12 0.04997478 
984 725 22 28 0.04947218 
223 728 10 14 0.049408887 
631 171 39 34 0.04920627 
416 716 11 13 0.049038313 
310 727 12 14 0.048129976 
385 712 10 10 0.04725931 
225 -15 393 459 0.046922237 
40 721 9 10 0.046459395 
976 736 22 27 0.046446394 
988 749 14 18 0.045190584 
159 35 84 120 0.045149766 
944 714 17 21 0.043743268 
304 725 10 14 0.043678373 
277 718 14 17 0.043291777 
182 718 15 15 0.04156568 
892 730 12 16 0.04099802 
477 712 10 13 0.040639676 
1010 726 13 20 0.039842762 
214 729 11 14 0.039811626 
953 717 12 15 0.039726824 
916 702 11 14 0.039364528 
64 719 8 10 0.038621873 
636 158 40 34 0.038415927 
185 730 15 16 0.037650228 
1014 706 11 16 0.03707189 
995 746 17 19 0.036949497 
894 706 13 16 0.03674922 
627 168 18 18 0.036708616 
998 718 15 20 0.036275983 
33 725 10 12 0.036180917 
1013 716 12 20 0.035629578 
71 724 8 11 0.03562085 
910 730 13 16 0.035579626 
189 712 12 14 0.03534591 
92 725 14 16 0.035267435 
152 738 16 19 0.03482483 
879 708 9 11 0.034316916 
434 717 10 12 0.03416142 
46 723 10 13 0.034032878 
439 718 11 12 0.033779595 
35 750 13 14 0.033573795 
896 717 11 15 0.03330325 
195 719 12 15 0.033073563 
76 88 33 40 0.033019494 
231 728 10 12 0.032653384 
224 67 115 166 0.032364562 
65 726 7 10 0.031769015 
610 734 9 12 0.03120135 
605 167 36 34 0.0309759 
454 718 10 12 0.030662166 
404 747 13 15 0.03046851 
591 720 8 10 0.030402629 
781 51 201 217 0.030339163 
551 723 11 13 0.030160422 
349 722 10 12 0.029987104 
610 155 33 32 0.029737081 
504 703 8 12 0.029578792 
317 155 33 43 0.029252307 
883 722 19 25 0.028877033 
602 147 83 60 0.028786933 
260 722 12 13 0.028729549 
941 688 9 11 0.028721854 
988 716 14 18 0.028395116 
232 738 12 15 0.028305318 
776 383 100 129 0.028217828 
54 726 8 10 0.028169055 
993 730 26 30 0.028147178 
227 729 21 23 0.02810514 
0 718 8 11 0.027791115 
922 714 11 15 0.02776693 
739 702 58 57 0.027734328 
1 726 9 13 0.027553298 
-45 195 406 491 0.026959734 
654 53 13 17 0.026761195 
895 707 21 27 0.026579017 
231 753 13 15 0.026543373 
967 738 15 20 0.026283532 
239 727 9 10 0.026282074 
5 734 12 16 0.026142819 
417 734 10 13 0.02607577 
162 53 34 49 0.026064167 
399 746 12 15 0.026061326 
1005 708 13 17 0.025971739 
556 720 11 13 0.025940508 
290 102 235 284 0.025940279 
811 425 106 135 0.025773896 
472 716 11 13 0.025769591 
632 163 20 20 0.025453076 
397 739 13 16 0.025342038 
805 718 34 40 0.025078047 
682 187 31 29 0.024476148 
195 46 58 91 0.024438266 
836 726 15 19 0.024300924 
460 719 11 12 0.024178736 
213 733 16 20 0.02408652 
649 171 37 32 0.023969369 
898 747 17 20 0.0238287 
455 725 12 14 0.023784434 
52 108 26 32 0.023765754 
416 741 10 13 0.023730114 
984 715 41 53 0.02358496 
103 678 11 12 0.023466242 
889 707 10 13 0.023320388 
65 733 9 10 0.02325559 
886 749 14 18 0.023084952 
301 730 15 20 0.023043193 
57 680 8 10 0.02294901 
228 742 23 25 0.02282435 
242 748 15 16 0.022762127 
876 746 13 16 0.022475727 
336 717 12 13 0.02247432 
420 131 61 73 0.022251012 
271 717 10 14 0.022237401 
616 732 11 14 0.022043241 
101 756 12 13 0.022040797 
460 725 14 16 0.02182866 
1002 706 20 32 0.021785343 
969 725 11 16 0.021706492 
452 733 17 19 0.021648182 
53 751 11 12 0.021429092 
975 716 13 17 0.02125177 
909 586 201 247 0.020841617 
848 728 23 30 0.020739628 
33 720 8 10 0.020597164 
410 176 71 76 0.020569047 
909 696 20 27 0.020542884 
966 718 43 44 0.020453569 
430 749 12 12 0.020332087 
400 94 39 43 0.020202221 
120 725 9 11 0.02006896 
126 726 9 11 0.020067163 
