45_Balloonist_Balloonist_45_369
31
241 219 54 77 0.9859286 
769 215 65 105 0.9740728 
308 331 50 59 0.8654165 
875 238 48 76 0.07882387 
635 434 139 156 0.0695755 
766 168 108 130 0.049196202 
928 91 11 14 0.045199703 
911 93 12 15 0.042155173 
816 124 86 103 0.036744446 
915 100 12 15 0.033322204 
252 242 455 546 0.032895334 
881 112 54 71 0.030549936 
812 165 59 62 0.030205017 
942 85 12 16 0.029913036 
833 169 36 41 0.028455101 
923 80 20 27 0.026081232 
917 75 11 14 0.025999894 
933 84 13 17 0.025976587 
794 177 61 69 0.025202587 
215 189 97 117 0.02516397 
948 69 9 13 0.02483985 
796 104 31 40 0.02460907 
805 217 91 109 0.0229703 
927 101 11 15 0.02268625 
894 90 53 70 0.022529153 
784 197 64 80 0.022259261 
907 98 24 31 0.021720802 
911 84 11 15 0.021477709 
647 527 33 33 0.02132398 
855 167 36 42 0.021240253 
780 72 44 60 0.020101795 
