45_Balloonist_Balloonist_45_518
37
433 357 60 69 0.9995722 
985 158 35 44 0.99946135 
410 98 76 97 0.9970464 
624 184 54 66 0.9955284 
501 77 83 95 0.9951723 
794 179 27 37 0.69440395 
831 60 15 18 0.56510586 
226 33 45 72 0.4317427 
7 82 51 57 0.2732252 
780 190 38 31 0.24044596 
450 82 82 104 0.12386279 
205 86 32 35 0.11252344 
242 46 56 65 0.09245986 
46 81 49 56 0.09122947 
777 150 18 20 0.08898227 
79 59 29 50 0.0685697 
803 168 31 48 0.062791534 
157 -1 29 31 0.06104547 
196 66 53 61 0.04914917 
361 87 35 37 0.039941162 
377 80 31 38 0.03457476 
834 62 22 24 0.031867556 
271 72 33 47 0.03162675 
705 55 56 78 0.031036712 
770 151 30 35 0.030196289 
-1 50 51 77 0.027895104 
-1 218 9 15 0.025788939 
169 1 20 20 0.025428573 
168 0 35 38 0.025362764 
61 101 38 44 0.02523921 
67 71 41 61 0.024336338 
653 195 38 45 0.02401414 
360 71 25 36 0.023630073 
766 170 46 50 0.022816751 
787 326 34 37 0.021669505 
1013 218 11 19 0.021425445 
344 359 39 47 0.020916285 
