45_Balloonist_Balloonist_45_118
67
528 204 53 66 0.999265 
199 288 65 91 0.99392235 
443 258 59 83 0.9902598 
714 77 70 101 0.9847899 
372 343 53 88 0.97782737 
845 140 45 57 0.7747438 
955 379 21 29 0.7186422 
500 97 14 21 0.29440516 
424 222 61 76 0.21466269 
348 213 58 90 0.21397959 
164 1 21 20 0.18831022 
517 149 42 49 0.14992124 
914 206 11 13 0.120987795 
308 223 93 111 0.0872568 
543 101 23 34 0.08176884 
553 101 23 35 0.08119961 
290 346 55 84 0.07247046 
708 450 47 73 0.05907994 
652 207 16 27 0.05057259 
837 472 33 42 0.045595042 
314 352 62 81 0.044760846 
548 100 14 21 0.04459536 
375 234 48 76 0.043687087 
554 139 22 31 0.042127147 
516 165 48 62 0.04059261 
533 93 42 51 0.040416114 
657 214 30 33 0.04032765 
325 263 101 137 0.03821853 
497 100 23 30 0.03714468 
991 398 25 32 0.035775293 
828 482 50 57 0.033783235 
368 207 85 118 0.033687327 
542 114 27 38 0.031235965 
1006 81 19 31 0.030784938 
173 297 55 74 0.030648392 
942 362 42 48 0.030631749 
662 229 30 30 0.02960779 
227 267 93 124 0.029561799 
521 143 27 37 0.029405555 
824 106 74 105 0.028697308 
499 126 13 17 0.028498374 
615 341 30 30 0.028360566 
866 142 42 56 0.027940493 
149 24 14 18 0.027617993 
654 21 12 16 0.026981743 
277 291 108 139 0.026476854 
214 41 13 18 0.026466545 
974 235 23 35 0.025962291 
205 75 16 21 0.024754291 
137 292 49 73 0.024402967 
296 245 65 76 0.024025688 
571 19 47 47 0.02386562 
385 255 29 48 0.023784313 
8 1 47 61 0.023161005 
334 335 70 85 0.023117902 
613 345 19 19 0.022600431 
894 500 27 51 0.022551963 
596 324 53 49 0.022463998 
253 308 85 115 0.021658152 
490 84 40 50 0.02159987 
79 62 9 11 0.021446336 
70 95 8 10 0.021000749 
10 295 35 37 0.020640457 
935 185 11 15 0.020519247 
555 101 15 22 0.020244956 
378 250 87 121 0.020088142 
379 240 28 48 0.02002726 
