45_Balloonist_Balloonist_45_134
20
337 67 53 69 0.9997818 
632 185 57 75 0.99975985 
394 124 42 55 0.20623755 
760 128 64 77 0.14888166 
272 248 48 69 0.13923924 
413 135 29 34 0.072501324 
568 474 17 20 0.04724901 
483 280 17 22 0.03259124 
216 272 25 40 0.029443666 
603 490 13 19 0.028940829 
681 481 51 47 0.028294232 
251 270 48 67 0.027330298 
519 312 33 36 0.025601933 
458 280 46 51 0.0251972 
244 231 77 110 0.024987772 
499 323 27 30 0.022956925 
468 274 29 32 0.022025412 
577 463 10 12 0.021742392 
506 296 61 62 0.020968508 
703 187 197 242 0.020055883 
