45_Balloonist_Balloonist_45_402
22
353 226 49 64 0.99223423 
472 84 53 78 0.9917715 
555 209 45 59 0.98250157 
282 257 40 55 0.891719 
602 250 60 78 0.7916047 
610 220 98 113 0.1577979 
526 81 80 119 0.07904193 
349 602 109 169 0.049414963 
551 468 55 70 0.048483513 
579 159 154 208 0.039004266 
-9 419 166 260 0.03403268 
572 228 52 69 0.031959362 
281 237 33 49 0.030214418 
501 99 58 83 0.028752709 
586 174 52 61 0.027738944 
563 108 65 90 0.026853325 
520 451 80 113 0.02618992 
571 335 439 440 0.025562577 
575 244 104 130 0.022315934 
599 273 40 50 0.021177616 
409 316 34 41 0.020086452 
582 205 49 63 0.020061323 
