45_Balloonist_Balloonist_45_615
32
241 171 130 165 0.99985623 
750 161 77 104 0.9873754 
93 121 67 94 0.9386187 
522 175 17 20 0.74222714 
467 130 17 19 0.30333933 
546 358 37 39 0.2570485 
110 151 42 52 0.09050789 
491 55 16 20 0.04923834 
480 428 29 37 0.045477454 
471 135 18 21 0.041769795 
559 388 102 151 0.04103185 
463 58 13 15 0.036493167 
415 14 11 13 0.035768993 
436 5 15 14 0.035354223 
460 49 25 30 0.03062744 
84 153 33 52 0.029543882 
165 251 24 31 0.028021311 
482 47 23 30 0.027250495 
193 279 28 41 0.02722772 
904 488 25 42 0.0269967 
469 53 25 32 0.026923558 
467 110 43 49 0.024027709 
502 163 13 17 0.023122016 
508 155 13 18 0.02265223 
20 532 50 48 0.022315139 
458 44 40 53 0.021264086 
349 12 52 77 0.02124941 
460 138 26 28 0.020978162 
473 125 16 20 0.020808471 
578 379 27 38 0.020564485 
531 184 17 20 0.02036379 
359 27 12 15 0.020030774 
