16_Award_Ceremony_Awards_Ceremony_16_231
48
431 145 123 155 0.99979025 
562 97 115 166 0.999652 
126 147 66 60 0.9976857 
39 143 42 52 0.99119335 
714 137 17 21 0.8988907 
793 143 17 22 0.87404823 
903 155 19 26 0.84238356 
753 208 28 39 0.77147144 
922 132 21 27 0.60475826 
298 131 17 25 0.49645707 
859 265 66 89 0.28740802 
787 178 25 30 0.21865931 
88 114 16 19 0.19931386 
739 159 17 24 0.12982161 
100 143 24 35 0.10549487 
50 608 28 36 0.092511006 
499 108 129 167 0.077221066 
923 126 16 19 0.0635141 
919 198 24 39 0.06267938 
932 142 14 19 0.05627999 
917 119 12 16 0.05464168 
996 187 17 21 0.04927579 
781 181 19 23 0.04474409 
13 589 50 62 0.041546583 
0 595 31 48 0.03950201 
714 221 35 43 0.035825446 
991 376 15 20 0.03449888 
385 108 39 46 0.03373954 
417 87 29 42 0.031133423 
840 254 57 77 0.03023357 
104 141 16 21 0.03016727 
992 193 27 35 0.029257083 
790 147 24 32 0.028337875 
401 97 46 62 0.027911207 
11 589 16 23 0.02732225 
800 178 18 24 0.026539184 
420 95 17 24 0.025579471 
862 237 30 37 0.02428361 
906 195 27 38 0.0239226 
990 210 30 37 0.023786385 
83 115 26 33 0.023448477 
286 130 37 49 0.022794189 
301 130 25 34 0.02190335 
912 121 23 28 0.02187719 
768 210 29 34 0.021776682 
856 299 36 44 0.02091256 
938 146 12 17 0.020408604 
828 279 32 45 0.020279745 
