16_Award_Ceremony_Awards_Ceremony_16_25
25
503 96 33 42 0.9993549 
843 134 38 45 0.9982141 
562 104 41 53 0.997993 
440 121 33 44 0.9973008 
225 118 41 48 0.9938567 
150 97 39 52 0.99306375 
332 150 42 49 0.99253684 
739 146 43 54 0.99009806 
929 155 44 53 0.988 
651 135 37 48 0.9879183 
59 100 44 54 0.9750104 
659 312 19 23 0.3989362 
926 354 32 31 0.08981965 
255 122 28 38 0.061915856 
857 340 29 40 0.05937968 
211 82 28 32 0.04521847 
652 298 30 36 0.04347616 
7 330 34 46 0.042595398 
671 301 27 30 0.039769102 
267 130 16 22 0.027886271 
733 386 14 16 0.026792446 
758 405 13 16 0.026749302 
792 468 14 16 0.025150878 
207 124 28 36 0.021730693 
645 273 49 60 0.020548431 
