16_Award_Ceremony_Awards_Ceremony_16_94
25
143 290 76 97 0.99832636 
383 335 70 97 0.99792373 
557 352 72 97 0.99738353 
786 386 64 97 0.9954413 
887 493 41 54 0.41055617 
93 682 14 15 0.25494415 
75 688 13 14 0.12243567 
40 14 53 97 0.09516511 
216 430 29 33 0.068684824 
620 627 35 47 0.038353212 
963 471 18 24 0.037399486 
581 626 36 51 0.03448116 
-2 -10 83 133 0.03314838 
827 531 47 69 0.028800318 
958 487 25 35 0.028514212 
81 681 22 27 0.027769722 
690 669 53 64 0.025727132 
86 684 13 16 0.025082378 
110 692 13 17 0.02393515 
435 461 57 84 0.02293442 
50 714 14 20 0.021993307 
946 482 42 61 0.021635374 
954 478 23 32 0.021114442 
92 689 15 17 0.020665677 
97 677 13 15 0.020599123 
