16_Award_Ceremony_Awards_Ceremony_16_116
72
551 127 118 167 0.9995851 
395 162 127 190 0.9987538 
912 511 31 48 0.9924043 
843 481 21 25 0.5267057 
138 654 17 20 0.20987861 
5 450 16 19 0.19656663 
253 498 17 23 0.1703944 
62 519 12 15 0.11592396 
870 522 22 29 0.11210282 
312 0 33 31 0.10166102 
93 617 22 27 0.100479916 
462 132 141 186 0.06848881 
328 6 32 32 0.06775313 
150 716 13 17 0.05819204 
108 622 11 14 0.057732932 
132 617 14 17 0.05269699 
123 678 15 19 0.051539224 
353 9 19 22 0.049402427 
989 535 33 47 0.047079075 
821 518 12 15 0.046704598 
948 498 33 45 0.04463907 
172 466 12 16 0.043940805 
227 510 21 29 0.042121723 
1 458 12 19 0.04132061 
-2 653 37 63 0.038915735 
816 517 10 14 0.038787242 
80 508 14 17 0.038387187 
123 483 14 18 0.03714291 
165 666 12 16 0.03708514 
849 492 17 23 0.03690211 
980 737 39 48 0.036200967 
167 676 12 15 0.035830904 
854 516 10 15 0.032638736 
66 665 14 19 0.03145673 
365 997 427 480 0.030957796 
829 483 12 15 0.030296972 
84 685 12 15 0.030286929 
826 519 14 16 0.028805884 
85 644 12 15 0.028530648 
141 661 17 20 0.028175632 
166 723 16 20 0.027971704 
45 395 15 19 0.027640017 
136 149 12 16 0.027470361 
0 646 14 26 0.027339082 
102 660 12 15 0.027240766 
133 459 14 18 0.02641728 
336 17 19 21 0.02620325 
964 867 14 18 0.025928704 
923 504 38 50 0.025789237 
87 48 11 13 0.025579391 
935 519 35 39 0.02486586 
80 644 10 13 0.024768196 
20 686 32 39 0.024604732 
60 409 15 19 0.0244176 
0 453 20 33 0.024258258 
127 676 21 26 0.024129732 
122 643 15 17 0.0239364 
87 665 23 28 0.023828998 
903 508 26 42 0.023526518 
74 751 28 32 0.022934237 
844 503 15 22 0.022668129 
117 232 185 305 0.022550356 
932 489 33 40 0.022125823 
38 395 13 19 0.021769734 
5 135 23 31 0.021544904 
155 720 14 18 0.021501021 
146 676 14 17 0.02142371 
100 665 15 19 0.020567909 
1 444 13 18 0.020560825 
5 470 14 21 0.020509532 
77 692 13 18 0.020159457 
18 446 11 16 0.020074986 
