16_Award_Ceremony_Awards_Ceremony_16_270
23
441 146 252 362 0.9985543 
209 888 80 122 0.9970765 
194 498 418 464 0.407323 
727 96 199 214 0.14674734 
634 615 198 286 0.06474768 
880 267 33 41 0.062788114 
383 1073 14 16 0.05959903 
268 1186 64 59 0.04399398 
295 660 408 505 0.043390457 
486 704 458 500 0.037037853 
635 1254 60 73 0.036018956 
298 1202 37 41 0.032829236 
143 82 33 48 0.028840855 
554 85 261 378 0.027021535 
402 1060 108 105 0.0247085 
919 277 95 125 0.024120832 
611 1186 57 61 0.022997638 
773 1395 30 39 0.021609249 
874 1296 32 43 0.021181993 
647 5 313 397 0.020512743 
606 1217 103 113 0.020289328 
213 1351 117 157 0.020099718 
380 1066 22 27 0.020094367 
