16_Award_Ceremony_Awards_Ceremony_16_73
359
409 143 34 50 0.99905294 
260 122 37 46 0.998882 
318 73 34 38 0.9976107 
615 146 38 49 0.99694806 
724 90 41 50 0.9922764 
203 54 19 24 0.9880581 
562 28 18 20 0.98263526 
640 80 18 21 0.9664756 
267 77 17 24 0.96595544 
720 41 18 22 0.96429116 
491 61 16 20 0.9470764 
652 21 17 22 0.9411462 
637 44 16 20 0.9366232 
90 71 20 26 0.9204381 
602 21 15 17 0.9190752 
472 28 14 18 0.91297126 
697 39 17 22 0.8517301 
609 60 15 20 0.83717835 
619 32 13 17 0.8291871 
702 1 14 17 0.82723624 
594 70 15 21 0.82473785 
867 37 13 19 0.8169473 
421 58 18 27 0.76960886 
364 49 15 20 0.76409245 
536 44 16 21 0.75481147 
534 68 13 17 0.75033224 
718 15 17 20 0.6889472 
793 538 25 27 0.6840783 
241 58 15 18 0.6335385 
345 36 11 14 0.6224069 
771 0 14 15 0.6196586 
904 112 21 34 0.6154723 
852 21 12 16 0.6122323 
686 24 13 19 0.58937025 
750 36 14 19 0.57515997 
569 78 16 17 0.5730066 
570 52 13 17 0.54162556 
989 -1 16 20 0.53916585 
988 35 15 18 0.51843107 
451 53 20 26 0.48172095 
972 20 14 18 0.47800365 
813 33 13 15 0.45702204 
918 36 10 13 0.44765273 
622 72 16 19 0.44660366 
170 58 13 16 0.4265845 
433 79 15 20 0.4027287 
615 29 13 17 0.3916463 
142 59 15 19 0.3752717 
446 53 14 19 0.3587575 
433 55 19 26 0.35379013 
508 0 13 14 0.35195702 
228 69 16 21 0.3300577 
183 67 17 22 0.3135789 
656 65 15 18 0.30758497 
836 37 11 13 0.282248 
889 36 11 16 0.27988273 
673 47 16 20 0.25469396 
460 60 16 21 0.2444719 
526 35 12 15 0.24287893 
415 63 14 21 0.23834383 
838 32 9 11 0.21762505 
1003 21 15 19 0.2129209 
877 18 10 13 0.20843017 
8 79 22 25 0.19223897 
16 64 12 13 0.18240225 
494 20 12 15 0.17278248 
390 31 11 15 0.1707404 
387 65 14 21 0.16733065 
800 69 10 14 0.16715814 
583 14 13 17 0.16343495 
585 45 11 15 0.15903415 
427 69 20 26 0.15782107 
540 74 13 17 0.15087059 
54 61 13 17 0.15054758 
455 38 13 14 0.14983441 
549 3 13 15 0.14502887 
20 80 18 22 0.14128925 
976 25 20 26 0.14059691 
239 82 14 19 0.13547538 
891 194 17 18 0.13441601 
784 38 12 14 0.12959221 
698 29 17 23 0.12816297 
691 27 15 20 0.12447507 
642 12 16 18 0.1223183 
740 5 12 15 0.12188759 
381 76 21 31 0.11582563 
157 78 15 19 0.11136484 
588 49 12 15 0.10875943 
531 38 15 19 0.10810901 
509 53 14 19 0.10689539 
237 74 15 19 0.10666362 
454 43 14 18 0.10644665 
640 18 13 15 0.10507462 
75 52 18 22 0.10257399 
126 60 12 17 0.100016095 
442 62 16 22 0.09981264 
147 62 15 21 0.09890221 
445 37 12 15 0.0977635 
544 80 13 17 0.09491637 
334 65 25 34 0.09485639 
492 27 12 15 0.094691925 
428 56 13 18 0.093955986 
822 68 10 13 0.09391766 
834 43 9 13 0.093778476 
237 64 16 21 0.09149822 
626 34 14 18 0.089064375 
337 97 24 31 0.088157214 
52 63 20 26 0.08604325 
589 2 14 16 0.08582578 
558 54 12 16 0.08388687 
356 53 19 25 0.083109155 
552 27 14 17 0.08191756 
873 16 10 13 0.08122213 
329 85 28 34 0.077196315 
814 41 11 15 0.07669865 
630 42 15 20 0.07656026 
790 51 10 14 0.07652349 
394 33 13 17 0.076509364 
420 45 12 15 0.075610965 
515 59 13 16 0.075588584 
803 21 12 13 0.07542276 
808 29 11 15 0.073780656 
389 40 13 17 0.0726255 
816 0 9 9 0.07257345 
151 140 11 16 0.072012566 
132 62 15 20 0.07184005 
804 61 11 13 0.070346944 
348 64 16 22 0.06915672 
756 31 11 15 0.06683487 
466 65 13 17 0.06548914 
599 32 14 18 0.06540896 
414 51 13 18 0.06344376 
19 68 14 16 0.06310503 
500 22 11 15 0.062466457 
798 63 11 13 0.061529797 
845 125 11 15 0.06087955 
884 200 17 20 0.059846427 
534 0 10 12 0.058433343 
849 26 9 13 0.057730228 
759 0 11 11 0.05767128 
973 33 12 18 0.05662687 
707 6 19 24 0.056383207 
822 55 8 11 0.056285527 
745 38 14 20 0.056138486 
209 332 11 13 0.055572353 
798 13 10 12 0.05460358 
609 22 14 16 0.054317426 
591 62 15 19 0.054154184 
162 60 19 23 0.053826995 
38 78 11 13 0.052861366 
456 3 11 14 0.05283785 
892 30 10 14 0.052486293 
704 39 19 24 0.05198111 
361 23 9 12 0.05170939 
788 44 12 16 0.051270857 
461 2 10 13 0.051256716 
446 45 13 17 0.051127736 
80 53 22 26 0.050972894 
439 0 9 10 0.050323226 
149 66 21 27 0.050190262 
431 0 10 9 0.04939718 
425 22 9 11 0.049358074 
789 59 12 16 0.048987392 
486 55 15 19 0.04838337 
453 13 11 14 0.048360843 
816 52 10 12 0.048145577 
13 65 24 28 0.047230322 
913 45 11 14 0.0470693 
699 15 16 20 0.046974793 
791 12 11 13 0.04689664 
1 82 15 18 0.0458461 
324 0 10 10 0.04557379 
521 30 11 14 0.045513574 
818 29 12 15 0.04540601 
858 21 11 15 0.04539083 
408 64 15 20 0.04504367 
441 71 15 20 0.045008894 
596 1 14 16 0.04443785 
862 0 11 11 0.044135984 
861 29 11 14 0.043101832 
948 3 12 14 0.043022335 
384 33 13 17 0.04272358 
565 38 15 19 0.041467324 
273 59 10 13 0.041380327 
1001 75 11 15 0.041206453 
799 4 12 14 0.041179944 
555 2 14 17 0.04096906 
344 21 10 13 0.04029376 
428 23 11 12 0.040224757 
657 116 23 33 0.04006837 
803 73 12 16 0.039605364 
535 138 11 15 0.03959865 
969 16 24 29 0.039538454 
778 29 14 15 0.039180007 
820 0 9 10 0.03910513 
282 74 14 19 0.038650367 
809 42 11 15 0.038560696 
0 68 9 14 0.037496056 
527 62 12 16 0.037392274 
1005 58 11 14 0.0371464 
846 44 10 12 0.03705116 
841 63 8 11 0.03700893 
797 52 10 13 0.037003476 
0 98 12 19 0.036832746 
922 35 11 14 0.036608703 
320 39 9 12 0.036401525 
423 5 10 12 0.036018923 
29 145 25 31 0.035958223 
1000 55 9 14 0.035234764 
699 54 15 20 0.035187382 
366 27 11 14 0.035127793 
145 137 12 17 0.03474243 
474 40 14 18 0.0343918 
130 99 12 18 0.03407904 
627 80 14 18 0.033998143 
920 0 10 10 0.033655576 
548 49 12 17 0.033618618 
247 69 20 26 0.033384584 
675 33 20 25 0.033206865 
390 22 10 13 0.033074785 
2 87 23 30 0.032884706 
836 5 12 14 0.03265547 
133 117 11 17 0.03228503 
805 -1 11 11 0.032281008 
895 24 8 11 0.032030363 
517 64 13 17 0.031952042 
366 0 8 10 0.03170909 
791 29 10 13 0.031578556 
806 54 10 13 0.031455185 
277 45 10 14 0.031415656 
361 58 19 29 0.031304672 
856 43 9 13 0.031295452 
171 63 16 21 0.030986354 
424 0 10 10 0.030838879 
877 63 9 11 0.030802974 
725 7 13 16 0.03069806 
815 75 11 16 0.030512717 
628 88 13 16 0.030425407 
870 32 19 24 0.030229261 
0 154 10 19 0.030059535 
470 130 15 19 0.02984936 
757 50 12 16 0.02984885 
542 0 13 14 0.029534137 
883 189 17 21 0.029134262 
271 0 10 10 0.028896734 
595 200 14 19 0.02884776 
901 126 26 39 0.028642004 
351 253 14 14 0.028594216 
677 531 14 19 0.028509254 
375 63 20 28 0.028393118 
366 11 10 13 0.028326737 
642 119 24 30 0.0283117 
710 18 15 18 0.028085303 
587 35 13 17 0.027962225 
901 4 10 12 0.027808083 
252 77 21 27 0.02754313 
898 105 38 53 0.027421396 
157 60 15 19 0.027352503 
238 91 16 22 0.027215369 
958 20 12 16 0.027116776 
596 60 19 24 0.027056484 
613 41 15 18 0.02695568 
659 41 14 19 0.02675865 
695 0 14 16 0.02650798 
424 12 9 12 0.026424335 
446 0 10 10 0.026343487 
669 54 14 18 0.026295524 
880 7 10 11 0.026259812 
454 33 11 13 0.026234262 
562 3 14 15 0.026168836 
910 120 25 31 0.02587248 
598 41 13 17 0.025751371 
468 72 13 17 0.025745913 
480 59 11 17 0.025732841 
614 70 15 18 0.025458414 
614 59 19 24 0.025453541 
340 0 10 10 0.025358321 
372 72 16 25 0.025286943 
884 185 41 47 0.025256861 
262 420 25 26 0.025242046 
893 60 10 13 0.025241653 
487 14 12 15 0.02510079 
957 232 15 20 0.025061266 
660 50 15 21 0.02488027 
903 30 10 13 0.02480381 
0 89 13 21 0.024803476 
806 34 19 24 0.024744859 
785 280 16 19 0.024735613 
816 69 10 14 0.024687452 
869 0 10 9 0.02456414 
783 51 12 14 0.024552738 
26 77 22 26 0.024296323 
488 34 12 16 0.024072737 
799 28 11 14 0.024042105 
643 29 20 26 0.024005586 
650 71 16 22 0.023752853 
509 20 11 15 0.023719067 
570 137 14 17 0.023622507 
779 21 12 14 0.023574017 
389 13 10 14 0.023535449 
388 49 15 19 0.023478258 
514 1 12 15 0.023415508 
459 34 19 24 0.02341542 
863 15 9 11 0.023394674 
383 0 10 10 0.023343408 
973 6 14 19 0.023311632 
437 42 20 27 0.023281867 
878 67 9 13 0.023185965 
896 0 10 10 0.023095336 
441 81 13 18 0.02307411 
429 5 11 13 0.023020182 
597 53 14 16 0.022951342 
832 0 11 10 0.022951089 
885 6 10 11 0.022826437 
605 45 15 17 0.02263975 
374 5 11 13 0.022637893 
798 36 11 14 0.022596372 
620 48 14 18 0.022529704 
793 0 21 22 0.02240578 
775 44 13 15 0.022354985 
941 19 11 13 0.022252833 
785 69 28 35 0.022242682 
897 189 18 20 0.022221383 
887 22 10 13 0.022145743 
45 69 21 26 0.022144834 
374 29 11 15 0.02209629 
104 75 16 20 0.022058643 
749 6 10 12 0.021991597 
344 88 17 22 0.021946475 
730 11 14 17 0.021942826 
651 6 14 16 0.021747554 
623 0 10 10 0.02167029 
332 52 14 17 0.021575863 
782 34 19 25 0.021516075 
688 86 24 35 0.021261312 
446 90 11 15 0.02121766 
729 1 21 24 0.021212326 
697 10 13 17 0.021190515 
445 34 20 25 0.021131326 
15 126 12 15 0.021125505 
604 82 13 17 0.02110266 
382 12 11 15 0.021079408 
493 43 13 16 0.021061596 
476 47 20 27 0.020906031 
777 -1 13 13 0.020887855 
896 5 10 11 0.02087705 
326 52 13 16 0.020872373 
626 62 16 18 0.020784993 
914 32 18 22 0.020778589 
276 51 11 16 0.020728173 
845 61 9 12 0.020713257 
831 33 18 23 0.02062703 
360 0 10 10 0.020612065 
968 13 14 18 0.020551728 
1010 20 12 17 0.02049648 
679 22 14 18 0.020473931 
542 28 13 16 0.020320982 
785 55 20 27 0.020071222 
408 21 9 13 0.020060962 
