16_Award_Ceremony_Awards_Ceremony_16_141
68
189 278 35 45 0.9994541 
545 298 25 35 0.99661535 
567 312 26 34 0.9961351 
92 259 40 57 0.9940667 
605 312 23 32 0.99358094 
393 237 44 56 0.99121594 
142 262 36 51 0.99037117 
635 323 23 29 0.9866919 
349 247 36 52 0.97559017 
8 242 42 61 0.9733483 
456 260 38 43 0.9030056 
34 301 30 47 0.69003934 
162 266 41 56 0.62975276 
272 57 51 89 0.59053344 
503 289 22 30 0.57816446 
369 239 46 62 0.5613922 
435 258 33 45 0.47711 
614 430 13 16 0.33640394 
497 280 21 30 0.2920541 
395 458 42 47 0.26982918 
553 302 29 38 0.24911943 
498 278 13 17 0.22595946 
1 234 31 52 0.20882352 
539 437 16 20 0.16425891 
499 372 34 40 0.15912192 
664 433 12 15 0.13425943 
27 287 32 46 0.11139994 
27 256 32 47 0.111154206 
910 118 62 79 0.10113166 
21 439 75 57 0.09747358 
432 279 30 40 0.078265965 
413 248 43 56 0.07733362 
513 294 15 22 0.07380158 
566 516 14 17 0.06917543 
445 248 32 44 0.04969139 
213 422 30 33 0.049388427 
508 283 16 22 0.04727702 
453 280 31 36 0.04438306 
494 296 25 32 0.04437867 
473 269 29 37 0.04010775 
642 422 11 14 0.03904037 
432 249 27 40 0.03746259 
508 389 18 23 0.036151905 
43 289 39 58 0.03614507 
291 45 45 79 0.033716984 
53 267 40 59 0.031944424 
586 437 15 18 0.030658118 
786 290 29 42 0.0305885 
609 433 14 16 0.029452669 
571 519 13 18 0.028333722 
-3 500 42 77 0.027975753 
0 221 11 19 0.02781862 
468 247 29 39 0.026308885 
50 449 75 51 0.025897108 
660 426 21 25 0.025128206 
27 445 41 39 0.025033293 
557 514 15 17 0.024727367 
15 304 37 51 0.023856638 
492 450 18 22 0.023569135 
442 326 26 38 0.023533897 
38 267 34 50 0.023333974 
622 421 26 30 0.023316115 
494 271 14 19 0.023206072 
465 272 23 29 0.022426246 
41 458 43 37 0.021840543 
526 306 24 31 0.021240996 
362 240 32 48 0.020854264 
2 449 62 64 0.020296384 
