16_Award_Ceremony_Awards_Ceremony_16_195
71
457 184 26 40 0.9985171 
239 28 32 53 0.9953204 
533 211 31 39 0.9826082 
598 239 20 32 0.78199184 
301 106 38 50 0.7818063 
673 270 15 21 0.73105705 
683 299 16 19 0.63294417 
872 352 38 48 0.2289047 
122 436 29 29 0.19600143 
870 281 13 19 0.12635449 
435 372 16 22 0.10369077 
213 69 41 53 0.10369065 
400 236 36 44 0.102805406 
426 367 19 30 0.09862108 
446 186 25 32 0.09686597 
232 403 17 21 0.082933135 
629 245 24 32 0.07818409 
272 330 12 19 0.070778005 
285 344 15 20 0.06517778 
253 357 43 62 0.052832942 
564 269 30 32 0.052620567 
574 270 32 38 0.050950147 
591 249 24 34 0.045418248 
505 211 15 19 0.044140127 
588 253 16 24 0.043049708 
571 245 22 36 0.040810253 
514 217 23 33 0.036941357 
277 354 13 18 0.036745016 
659 289 13 18 0.036317833 
305 0 32 33 0.036058567 
352 106 53 65 0.03566963 
290 103 34 42 0.03482951 
659 275 21 28 0.03348846 
633 272 21 31 0.033111006 
661 283 12 17 0.032769017 
651 279 22 30 0.03034821 
633 258 22 31 0.0303439 
919 159 105 176 0.02899902 
184 0 31 30 0.028374458 
866 271 22 30 0.027871557 
248 324 78 113 0.027377049 
274 346 22 33 0.02722026 
234 67 32 43 0.025752045 
501 219 23 31 0.025376389 
665 291 25 31 0.025295598 
268 332 22 34 0.025017893 
613 237 26 36 0.024772495 
413 213 45 48 0.02473351 
905 318 13 16 0.024302352 
640 279 25 34 0.024005074 
708 275 17 19 0.023900341 
577 136 34 43 0.023482418 
643 273 15 20 0.022844184 
294 334 52 68 0.022729108 
400 410 29 49 0.022685507 
346 361 27 36 0.022504102 
670 264 14 18 0.022426404 
424 357 37 50 0.022260806 
586 297 17 21 0.022154521 
247 12 35 52 0.022064894 
661 69 33 49 0.02183098 
321 114 47 57 0.02168549 
258 85 25 32 0.021651797 
277 342 17 22 0.021548752 
438 190 18 25 0.021390282 
724 292 13 19 0.020862449 
570 274 17 21 0.020844739 
252 37 34 46 0.02066426 
860 273 19 23 0.020615695 
173 5 43 58 0.020555625 
184 362 22 28 0.02018778 
