16_Award_Ceremony_Awards_Ceremony_16_569
43
560 144 141 161 0.9995359 
444 3 69 87 0.999366 
86 17 69 89 0.9987488 
261 11 71 95 0.9948991 
188 34 45 58 0.9931201 
820 77 135 215 0.9873498 
0 44 32 42 0.65019834 
780 45 127 211 0.34911844 
239 54 28 41 0.30961612 
350 83 34 40 0.20615037 
372 9 18 20 0.18252754 
421 33 23 34 0.16393778 
508 13 47 65 0.14225815 
1 241 12 21 0.09159882 
451 602 12 19 0.08941587 
149 581 94 130 0.07865855 
368 4 31 34 0.07778825 
1 59 19 29 0.07144507 
475 1 67 90 0.05318428 
152 79 45 64 0.049033787 
361 -1 50 54 0.0480152 
381 0 32 32 0.04400928 
720 80 154 215 0.040223785 
25 67 27 33 0.033907052 
388 678 11 14 0.032428443 
393 728 17 23 0.03187098 
228 59 48 63 0.030874912 
205 593 17 21 0.030412002 
234 25 36 57 0.0303416 
204 587 31 32 0.029762503 
363 12 19 23 0.029536322 
526 599 142 155 0.02909537 
684 600 58 61 0.028777055 
403 746 15 18 0.028697507 
851 462 176 243 0.026964301 
243 38 58 75 0.026681408 
1 139 22 33 0.024687238 
37 69 15 20 0.023879638 
388 3 19 20 0.023673745 
618 94 155 199 0.023148462 
8 60 31 37 0.022587547 
332 715 13 19 0.021683823 
533 471 29 43 0.021328608 
