16_Award_Ceremony_Awards_Ceremony_16_305
26
386 285 97 138 0.9998042 
597 284 81 123 0.9982552 
598 1387 34 37 0.7940786 
449 1435 102 117 0.7905486 
109 498 459 655 0.11764513 
659 1374 43 52 0.08483571 
482 1471 73 70 0.072717495 
916 187 54 63 0.05981528 
374 488 55 73 0.052289523 
483 1192 415 528 0.03792443 
475 1406 65 107 0.036496703 
714 144 46 58 0.034134258 
332 547 459 597 0.03306764 
523 1437 120 114 0.03282997 
368 482 34 44 0.028706241 
622 1379 43 51 0.0274745 
599 1394 18 22 0.026406784 
168 875 358 490 0.025990825 
893 153 93 116 0.023978602 
303 832 384 524 0.023143312 
484 690 41 40 0.023094255 
602 1386 50 56 0.022500833 
548 522 344 491 0.022238277 
810 291 35 48 0.021151531 
855 166 84 105 0.020634606 
386 1448 136 110 0.020361593 
