16_Award_Ceremony_Awards_Ceremony_16_124
18
440 119 278 361 0.9994342 
695 533 341 469 0.12248727 
406 774 380 462 0.09603307 
65 1039 122 119 0.09487006 
768 637 98 138 0.062783 
76 1042 68 77 0.061551005 
159 1071 44 48 0.058573317 
466 436 138 131 0.03807765 
554 612 345 481 0.03707874 
739 707 127 137 0.031142881 
300 881 358 392 0.030382458 
273 1051 44 55 0.030233882 
806 968 130 150 0.02925159 
454 1073 126 122 0.027080946 
718 745 117 140 0.026036441 
78 995 173 186 0.025675 
511 842 32 35 0.023294684 
921 731 31 34 0.021248175 
