16_Award_Ceremony_Awards_Ceremony_16_134
84
419 218 154 196 0.9983902 
742 108 174 237 0.25097165 
493 829 14 17 0.21649161 
313 1159 364 507 0.17284426 
548 432 105 171 0.17251192 
208 1243 350 529 0.15870754 
843 484 174 244 0.15571591 
255 1746 426 479 0.13451006 
432 498 108 196 0.12224197 
726 73 115 163 0.08807025 
987 1310 11 12 0.07246031 
121 63 113 155 0.071959876 
12 39 101 140 0.07187627 
1002 1334 14 17 0.06345657 
177 75 101 138 0.059494115 
274 994 349 482 0.059394702 
992 1274 11 14 0.057864044 
497 833 15 18 0.056686543 
365 600 50 79 0.05555043 
579 441 153 227 0.053823926 
92 1005 10 14 0.053372867 
954 1349 12 15 0.050517514 
987 991 12 14 0.050081585 
835 1523 12 14 0.04728055 
276 1940 204 280 0.045945384 
75 996 11 15 0.044316396 
952 1310 11 13 0.04221003 
571 743 474 489 0.041794453 
977 1295 11 14 0.040541034 
1014 1293 8 12 0.04007281 
229 673 82 131 0.040055923 
213 592 150 241 0.039759327 
21 421 155 216 0.037984774 
669 471 106 167 0.03730979 
90 1392 15 20 0.03682285 
37 1348 217 254 0.035418354 
24 1089 10 10 0.03519572 
1013 1324 10 14 0.034814537 
821 1501 10 12 0.03434649 
195 0 110 120 0.03434189 
145 1915 181 257 0.03263401 
495 835 23 30 0.031584732 
472 405 150 256 0.031476043 
992 1324 11 13 0.03106592 
492 837 17 21 0.030695898 
237 580 95 159 0.029894749 
973 1356 14 17 0.029867757 
71 930 12 15 0.029679544 
488 822 13 15 0.029099932 
510 834 24 35 0.028990285 
99 101 101 148 0.028803175 
870 1528 10 13 0.02831353 
684 77 51 79 0.027788168 
833 1520 10 11 0.027335538 
154 682 102 132 0.026216319 
804 1505 11 13 0.025858957 
23 971 11 14 0.025731124 
846 791 241 243 0.025518317 
128 5 123 148 0.024944602 
524 466 89 153 0.02463577 
646 21 182 235 0.024563592 
138 46 169 215 0.024344472 
896 1350 12 14 0.024276076 
316 1692 222 390 0.023950161 
280 948 10 14 0.02378231 
839 445 134 172 0.023303421 
473 798 7 9 0.023094244 
157 113 66 93 0.022964647 
29 511 109 138 0.022933712 
918 1591 12 13 0.022824258 
511 836 14 19 0.022822397 
1008 1310 10 13 0.022705106 
136 153 102 144 0.022381648 
1012 1339 10 15 0.02237461 
48 76 112 146 0.021955125 
999 1013 11 15 0.021825016 
975 1047 11 12 0.021814689 
1007 1109 11 16 0.021763293 
734 1346 12 16 0.021508161 
-136 685 449 461 0.021337075 
181 101 62 84 0.020284941 
745 1084 10 13 0.02026905 
1011 955 11 16 0.020260323 
950 1064 10 12 0.02023432 
