16_Award_Ceremony_Awards_Ceremony_16_392
31
473 251 189 249 0.9998246 
154 444 122 156 0.99737036 
735 942 80 75 0.6945999 
752 322 248 359 0.25856936 
90 390 166 237 0.16879152 
818 79 94 122 0.13978083 
688 643 354 441 0.08807887 
57 829 94 168 0.084181 
18 89 445 521 0.06664301 
158 721 537 510 0.062303137 
413 1225 197 260 0.0600667 
740 921 112 132 0.05003664 
311 1147 323 428 0.047415145 
94 1202 389 471 0.044883143 
751 172 14 17 0.043866836 
886 415 135 196 0.043164294 
766 717 228 273 0.041495215 
910 334 108 161 0.036961105 
585 103 447 507 0.03587394 
387 1234 61 60 0.031879175 
674 1062 40 41 0.025808351 
382 1252 83 105 0.023513602 
919 545 56 63 0.022832325 
0 473 91 154 0.021687815 
696 1056 32 39 0.021313027 
403 1237 19 19 0.021037873 
994 1285 24 42 0.02103345 
118 421 407 554 0.020900821 
90 50 221 290 0.020873064 
947 1180 58 90 0.020425443 
267 81 364 487 0.0201347 
