49_Greeting_peoplegreeting_49_153
34
482 283 410 524 0.9995055 
327 751 587 422 0.90683985 
454 -38 290 295 0.7103079 
878 599 138 131 0.668085 
141 127 366 509 0.66301984 
471 178 237 339 0.6360187 
342 152 330 483 0.6260801 
99 1162 486 434 0.50009453 
-123 137 492 554 0.43932664 
127 697 520 615 0.36865067 
769 522 225 256 0.3244524 
0 306 201 313 0.27994323 
658 439 289 366 0.16839454 
161 595 256 253 0.12966798 
513 269 159 172 0.09016647 
242 75 249 336 0.08475849 
639 231 315 443 0.082028896 
452 830 305 290 0.07732206 
645 934 262 325 0.062864065 
11 363 385 420 0.059746217 
474 1122 635 505 0.055450395 
53 1264 233 250 0.04856168 
626 636 385 503 0.04714829 
82 484 410 442 0.04646574 
391 24 237 275 0.042436574 
50 -36 401 450 0.0411757 
620 939 496 474 0.038593076 
0 -18 229 221 0.032991994 
325 369 385 449 0.028508777 
214 712 132 155 0.025728922 
318 1192 298 306 0.025463989 
293 820 62 76 0.023296403 
284 295 279 387 0.023215752 
658 839 119 152 0.020060377 
