49_Greeting_peoplegreeting_49_56
24
440 78 88 122 0.99727064 
578 65 48 59 0.9946818 
718 77 47 67 0.99362975 
806 61 42 53 0.9918854 
231 103 55 110 0.8786249 
908 59 40 64 0.8392373 
969 62 30 47 0.22773069 
780 152 64 82 0.14128691 
193 125 80 116 0.090129 
966 25 51 68 0.07807144 
891 33 74 97 0.06770746 
804 361 29 44 0.057536162 
942 45 54 70 0.053343114 
968 53 48 78 0.04317672 
689 300 36 43 0.04088527 
671 102 43 65 0.03908176 
944 18 55 67 0.03274031 
129 89 47 70 0.030190878 
720 395 34 39 0.029352255 
824 1 54 57 0.02709694 
155 113 88 129 0.026322383 
920 165 119 167 0.026062036 
630 220 28 43 0.020707563 
903 46 31 54 0.020405466 
