49_Greeting_peoplegreeting_49_894
498
482 243 52 67 0.9994549 
780 263 48 57 0.99768937 
710 253 52 66 0.99724686 
902 271 34 45 0.9901452 
53 284 44 75 0.98867255 
408 295 50 66 0.9813766 
922 257 48 59 0.9723468 
554 284 45 70 0.97139174 
88 251 51 76 0.9629876 
775 387 48 53 0.9600809 
1004 277 21 38 0.75234747 
276 246 30 54 0.6771548 
207 245 41 68 0.45915174 
2 250 13 18 0.4426707 
958 141 13 16 0.26722014 
983 182 11 12 0.2640301 
509 84 9 11 0.25829804 
974 207 10 14 0.2271846 
820 91 12 15 0.20545729 
357 178 12 15 0.20462184 
934 44 11 13 0.20393693 
643 204 12 16 0.19757284 
249 458 57 84 0.19649862 
862 75 13 16 0.17143634 
519 179 11 13 0.17023051 
956 52 10 13 0.16813141 
625 188 10 13 0.16084744 
562 310 51 65 0.15565662 
317 148 11 14 0.15455902 
307 205 9 12 0.14758171 
301 140 9 12 0.14566648 
908 82 11 14 0.14180753 
684 292 23 34 0.13602002 
442 149 13 15 0.13308777 
679 214 10 12 0.13233612 
719 58 10 13 0.13161547 
158 163 11 14 0.13111176 
904 77 11 15 0.1270477 
629 164 13 15 0.12569444 
889 93 10 14 0.11992211 
728 35 9 11 0.118307084 
33 184 8 11 0.11674085 
389 289 48 61 0.11619307 
1 189 10 16 0.11365569 
838 102 9 11 0.11332944 
750 145 12 17 0.11156857 
1008 173 12 16 0.10703803 
114 420 93 132 0.102772914 
437 170 13 16 0.10258662 
672 151 11 13 0.102403946 
814 37 8 11 0.1018919 
520 459 54 76 0.10012396 
643 53 13 16 0.097456515 
888 28 9 11 0.096450925 
636 163 10 13 0.092925474 
454 186 13 17 0.090143956 
129 102 9 11 0.089024335 
843 260 28 40 0.088198744 
981 60 12 15 0.087794796 
980 37 9 12 0.08739069 
829 82 12 14 0.08667279 
646 78 15 20 0.08448988 
207 115 9 11 0.08390982 
925 160 14 18 0.083275616 
696 51 13 18 0.08302046 
846 263 14 20 0.08257412 
311 200 12 15 0.08238271 
976 62 11 14 0.08152963 
372 235 12 14 0.08030666 
726 84 9 12 0.080015056 
998 215 9 12 0.07916047 
646 199 11 14 0.07812303 
512 178 10 12 0.07649162 
133 189 10 14 0.075808585 
702 30 9 12 0.07576404 
615 156 11 14 0.075321615 
399 197 11 15 0.07404062 
71 130 10 13 0.07379024 
836 150 10 12 0.073349975 
576 48 9 11 0.072522685 
921 223 8 11 0.07191445 
445 163 12 15 0.070146896 
318 200 10 14 0.069997355 
406 63 8 11 0.06878157 
987 271 34 53 0.06858274 
623 164 13 15 0.06838171 
555 155 13 17 0.067017846 
666 222 9 11 0.066500396 
429 292 35 51 0.06598516 
374 119 11 13 0.0657615 
879 48 8 10 0.0653278 
463 180 11 16 0.06490748 
340 179 10 14 0.06482636 
651 247 14 19 0.06478973 
816 77 10 12 0.06458464 
958 111 11 12 0.064110994 
732 35 9 12 0.06359477 
904 30 10 12 0.06247296 
535 133 10 13 0.0624596 
41 126 8 11 0.061601922 
792 216 7 10 0.06101667 
809 32 8 11 0.060986925 
783 32 7 9 0.06068864 
647 242 13 17 0.060679372 
416 123 11 14 0.059880037 
783 38 9 10 0.059247453 
429 182 13 15 0.059210066 
825 504 57 86 0.058375098 
951 142 11 14 0.058374174 
810 38 8 11 0.05759245 
807 45 8 11 0.05748525 
1013 102 9 13 0.05702691 
654 156 11 13 0.056988683 
868 94 12 14 0.056649383 
629 196 10 13 0.056500826 
327 200 9 12 0.056409296 
995 243 15 19 0.0563256 
622 158 11 13 0.056152184 
936 213 9 12 0.055635307 
493 134 10 13 0.055596728 
319 144 11 13 0.055315036 
8 123 11 14 0.05470906 
864 54 9 12 0.053970132 
750 101 11 12 0.053241074 
546 457 35 51 0.053213175 
784 46 10 13 0.053108096 
503 178 10 13 0.052640535 
793 134 9 13 0.052270986 
587 116 13 16 0.052041706 
1012 148 11 16 0.051986337 
40 81 7 10 0.05190046 
560 221 11 14 0.051783875 
1008 63 10 12 0.05147026 
459 184 13 17 0.051117837 
949 172 9 12 0.05084137 
973 86 11 12 0.050583627 
805 149 11 14 0.05027932 
621 55 10 12 0.050064526 
225 257 36 55 0.05001194 
808 95 9 12 0.049882986 
403 202 14 19 0.049485613 
489 156 10 13 0.048752606 
805 100 10 12 0.04838167 
358 185 12 14 0.04814511 
313 155 11 14 0.048128814 
830 31 8 9 0.047828685 
79 152 11 13 0.04773458 
345 205 11 14 0.04735445 
954 265 43 54 0.047176927 
301 173 12 14 0.04624599 
940 188 10 12 0.045979273 
1008 111 10 13 0.045687914 
920 76 11 15 0.045646556 
680 302 11 16 0.045570076 
847 264 38 53 0.045142323 
468 132 11 14 0.044769492 
272 474 28 44 0.044276133 
439 144 11 14 0.0442186 
319 173 10 14 0.043985456 
658 105 15 18 0.043603543 
638 122 13 16 0.043204434 
420 255 17 23 0.043029122 
582 47 9 12 0.042854063 
404 134 11 14 0.042837508 
222 74 11 15 0.042559575 
725 196 12 18 0.042542372 
328 94 10 11 0.04235361 
782 158 11 13 0.04223252 
400 139 11 14 0.042093977 
662 126 11 14 0.041966204 
974 173 11 15 0.04191932 
381 166 11 15 0.04166453 
667 236 11 14 0.041562896 
542 117 11 15 0.04151865 
495 150 11 13 0.0414285 
605 116 11 15 0.04141545 
590 166 11 14 0.041372705 
685 84 12 15 0.041162405 
954 49 9 12 0.041089185 
152 101 10 12 0.041059777 
637 74 14 20 0.040406466 
368 157 10 14 0.040380627 
369 118 10 13 0.03999465 
343 230 10 13 0.03984078 
355 165 12 14 0.03980275 
41 85 7 10 0.039704714 
53 214 10 13 0.039517973 
400 108 12 16 0.03939242 
527 126 10 13 0.039379787 
820 382 29 43 0.039361287 
744 102 10 13 0.039340142 
429 531 34 47 0.039224997 
206 95 11 13 0.03902613 
544 54 10 14 0.038917348 
391 190 11 14 0.038751703 
667 228 11 14 0.03871942 
548 181 11 14 0.038693324 
645 274 18 25 0.038473334 
630 221 10 13 0.0381795 
224 111 9 12 0.03817733 
535 451 33 48 0.03815595 
352 171 13 18 0.038076226 
170 237 73 96 0.038048346 
902 54 10 12 0.037657283 
212 442 87 125 0.0375373 
157 168 13 16 0.037514135 
754 263 32 44 0.036957517 
719 220 12 14 0.036947027 
105 110 9 11 0.036883935 
675 153 12 16 0.03675083 
935 141 10 13 0.036603272 
858 47 8 10 0.036546417 
411 323 37 53 0.03640668 
54 126 11 14 0.03640071 
105 103 9 11 0.036368508 
579 97 15 19 0.036324453 
85 218 13 15 0.036294267 
248 249 45 64 0.036054716 
629 115 14 16 0.03594753 
376 170 13 15 0.035868905 
966 118 10 12 0.035844047 
768 102 9 11 0.035750408 
15 84 8 10 0.03566851 
550 48 8 11 0.035550937 
983 227 10 13 0.035466153 
871 123 11 13 0.035464894 
920 16 8 10 0.035399765 
776 47 8 12 0.03539389 
815 157 11 13 0.035325546 
375 76 9 11 0.03509479 
558 210 14 17 0.035035834 
628 181 12 15 0.03449168 
349 133 10 12 0.034264825 
408 55 8 10 0.034216247 
653 190 10 12 0.03415157 
831 265 29 42 0.034126773 
649 191 9 12 0.03412016 
113 225 72 111 0.03411947 
759 32 8 10 0.034069728 
326 143 10 12 0.033349592 
952 110 10 13 0.033250313 
571 91 16 19 0.03314916 
928 39 10 13 0.033022754 
599 44 10 12 0.032967426 
462 126 12 15 0.03295843 
823 78 10 12 0.032903824 
920 189 10 12 0.032683805 
455 77 9 11 0.032626655 
541 139 11 13 0.03257482 
832 39 8 10 0.032571055 
742 47 10 13 0.032415807 
581 52 12 15 0.032411408 
416 70 9 11 0.03233895 
576 68 12 16 0.03216983 
539 134 11 14 0.032079723 
669 52 11 15 0.03201851 
765 166 11 14 0.031820353 
455 71 9 11 0.03181256 
942 52 11 13 0.031701323 
13 132 12 15 0.031560082 
92 470 106 137 0.03129319 
757 76 11 13 0.031182513 
864 91 11 14 0.031166025 
382 186 12 15 0.031140596 
982 86 11 13 0.031041423 
471 274 11 17 0.030963732 
622 99 15 18 0.030956939 
309 145 19 24 0.030929271 
574 283 45 69 0.030881228 
397 191 13 15 0.030799512 
825 46 9 12 0.030785192 
902 70 12 15 0.03068921 
70 80 9 11 0.030456914 
941 213 10 13 0.030410921 
638 207 13 16 0.030368792 
732 136 11 13 0.030361941 
832 157 10 13 0.03030969 
508 163 12 15 0.030299362 
872 46 9 12 0.030293407 
784 52 9 11 0.030240474 
888 133 9 12 0.030232659 
270 87 9 12 0.030228496 
342 141 11 13 0.030190771 
561 476 35 46 0.03016638 
598 116 12 14 0.030051284 
558 63 9 12 0.029943347 
819 162 11 14 0.029884135 
568 87 11 14 0.029875318 
527 118 11 12 0.029801607 
826 30 8 10 0.029694824 
635 109 14 17 0.029689226 
862 59 10 12 0.029565182 
977 179 12 13 0.02955141 
751 92 12 14 0.029543767 
510 135 10 13 0.029536255 
653 299 27 34 0.029482428 
880 52 10 12 0.029408114 
317 250 30 41 0.02936583 
567 173 12 14 0.029338142 
57 151 8 10 0.029208876 
335 143 10 12 0.0291833 
769 378 15 19 0.029174915 
629 244 11 14 0.029006083 
660 205 10 13 0.028953271 
894 29 10 13 0.028872646 
599 299 32 49 0.028847788 
679 191 10 11 0.028820878 
319 165 10 13 0.0288199 
979 265 12 17 0.028613944 
829 53 11 14 0.028485741 
862 47 9 11 0.02847893 
837 250 28 37 0.02847037 
728 136 10 13 0.028438654 
453 172 12 16 0.02834219 
1008 0 10 12 0.02830135 
727 178 10 14 0.02824502 
345 132 9 12 0.028176984 
380 96 13 16 0.028112978 
79 220 12 14 0.02806376 
408 85 9 12 0.028037112 
844 118 14 17 0.027813824 
862 165 9 11 0.027701057 
857 141 9 12 0.027684493 
614 40 9 12 0.027517876 
772 102 10 12 0.027505275 
428 206 12 15 0.027470855 
647 237 22 28 0.027400164 
759 36 9 11 0.02738915 
854 86 12 15 0.027387043 
616 44 10 13 0.02736566 
663 215 9 12 0.0273488 
516 86 9 11 0.027347138 
285 125 12 15 0.027269974 
909 141 10 13 0.027088637 
961 172 10 13 0.026955295 
456 110 12 14 0.026818046 
534 125 12 15 0.026791953 
982 33 8 10 0.026732577 
464 72 8 10 0.026720146 
594 39 8 10 0.026683513 
548 116 11 14 0.026491797 
263 100 11 13 0.026320148 
551 61 10 12 0.0263174 
942 140 12 15 0.026166636 
328 318 55 63 0.02614239 
379 233 15 17 0.02607989 
270 111 10 12 0.02597161 
391 200 24 28 0.025943618 
311 123 10 14 0.02593819 
938 46 11 13 0.025934761 
231 47 8 11 0.025738753 
404 210 14 19 0.02570928 
412 182 12 16 0.02561895 
614 149 10 15 0.025618473 
802 46 8 10 0.025612567 
548 52 11 14 0.025593964 
349 141 13 14 0.025534028 
990 173 11 14 0.025516082 
839 198 9 12 0.025500685 
778 31 8 10 0.025433708 
310 80 9 11 0.025266934 
153 232 59 78 0.025067871 
583 181 11 14 0.025056168 
838 164 10 13 0.025038095 
758 71 10 12 0.025014214 
886 165 9 12 0.024992501 
807 154 10 14 0.024869397 
477 108 11 15 0.024854776 
109 110 9 11 0.024829172 
903 36 9 11 0.024821017 
505 81 9 13 0.0248055 
61 131 11 14 0.024791066 
644 68 15 21 0.024664931 
660 156 11 12 0.024662137 
45 124 11 14 0.024512887 
960 181 10 12 0.024377957 
65 80 8 10 0.024319632 
1013 68 9 13 0.024226243 
975 118 11 13 0.024177976 
40 109 11 12 0.023989901 
384 77 9 12 0.023940748 
568 94 22 28 0.023924565 
544 186 11 14 0.02388537 
572 179 11 14 0.02385591 
430 172 15 16 0.023755975 
152 157 12 16 0.023691248 
904 166 10 13 0.023683276 
1006 219 9 12 0.023677692 
668 108 12 16 0.023639074 
190 87 9 11 0.023596212 
420 118 12 16 0.023582922 
614 442 40 59 0.023573978 
487 149 11 15 0.02346628 
648 273 26 41 0.023410069 
87 85 8 11 0.023371713 
988 87 11 13 0.023365775 
629 251 11 16 0.023344653 
343 126 10 13 0.023253802 
462 156 11 14 0.023246266 
348 208 13 16 0.02316966 
439 102 11 13 0.02307793 
408 77 10 13 0.023065086 
970 210 10 14 0.023027362 
413 76 11 12 0.023010487 
493 190 11 13 0.022989308 
830 45 11 12 0.02298858 
4 183 10 13 0.022968628 
638 56 14 18 0.022891967 
991 219 11 14 0.022860829 
622 218 12 16 0.022829005 
933 68 12 14 0.022799715 
975 271 27 35 0.022798732 
502 92 11 14 0.02258561 
918 253 32 40 0.022563031 
725 53 9 12 0.022526596 
869 193 9 12 0.022524912 
205 209 202 225 0.022477757 
818 83 19 24 0.022456376 
495 181 12 14 0.022443954 
262 155 21 28 0.022394385 
501 157 12 14 0.022270668 
709 52 12 16 0.022217708 
392 195 12 14 0.022179266 
225 47 7 10 0.022070944 
967 123 11 14 0.022051249 
521 126 11 14 0.02202865 
318 87 9 12 0.022006925 
751 84 13 15 0.021966277 
753 141 13 16 0.021948664 
654 205 11 13 0.021938544 
445 143 11 15 0.021931704 
436 160 19 24 0.021926416 
972 201 20 26 0.021818997 
514 175 18 22 0.021805234 
837 156 12 15 0.021800626 
981 91 13 17 0.021774173 
105 115 10 13 0.02173841 
974 200 11 15 0.021697747 
535 118 10 14 0.021650353 
106 275 49 67 0.021612195 
1005 240 12 17 0.021600755 
332 174 19 24 0.021590218 
950 254 32 41 0.021527382 
312 85 10 12 0.02150021 
719 216 10 11 0.02140898 
868 71 12 15 0.021389259 
653 196 11 14 0.021381157 
452 166 11 14 0.021380363 
731 434 16 17 0.021365078 
886 45 9 11 0.021358868 
406 185 22 27 0.021308951 
1011 275 14 23 0.021223456 
965 109 11 13 0.021217493 
878 77 10 14 0.021198977 
813 150 10 13 0.021190045 
551 174 12 13 0.021171562 
77 130 10 13 0.021098232 
91 216 13 16 0.021098161 
470 103 11 13 0.021086155 
358 158 10 14 0.021070227 
109 117 11 14 0.021058545 
384 73 8 10 0.020980906 
919 20 9 12 0.02092528 
598 40 8 10 0.020900933 
423 210 12 16 0.020892575 
800 62 9 12 0.02087959 
369 73 8 10 0.02087944 
1008 154 11 14 0.02078187 
888 37 9 12 0.020761674 
999 172 12 15 0.020701129 
630 115 21 26 0.020695234 
164 410 92 130 0.020671757 
47 101 9 12 0.020616032 
630 197 22 25 0.020610284 
885 87 17 23 0.02053707 
654 111 14 18 0.020529402 
30 132 9 12 0.020526072 
304 78 10 12 0.020490348 
380 118 10 12 0.020479308 
311 143 10 13 0.020446306 
735 46 10 13 0.020424914 
376 180 13 16 0.02033454 
893 24 9 12 0.02027131 
894 126 10 13 0.020256406 
261 186 12 14 0.020238146 
380 158 12 14 0.020202914 
800 77 10 14 0.020193782 
622 115 15 19 0.020192776 
111 132 11 12 0.020183928 
95 96 9 12 0.020172872 
496 94 10 13 0.020138444 
61 174 10 13 0.020136204 
579 106 17 22 0.020126596 
470 437 29 33 0.020116298 
867 81 14 17 0.02006775 
558 173 10 14 0.02002928 
87 102 9 11 0.020017285 
309 210 12 15 0.020001536 
