49_Greeting_peoplegreeting_49_353
94
547 409 14 20 0.925416 
294 424 13 14 0.6071358 
379 404 13 18 0.5526845 
328 76 31 37 0.23804988 
639 359 9 12 0.1465172 
627 387 13 15 0.14120136 
695 374 10 11 0.12986682 
653 388 11 14 0.128714 
744 404 14 15 0.11322082 
385 512 23 31 0.10792135 
607 365 7 9 0.105450444 
667 404 10 13 0.09494165 
696 395 9 13 0.09066408 
251 436 12 17 0.0895911 
386 404 14 17 0.08932295 
670 381 9 12 0.070249945 
631 358 11 14 0.0692008 
696 379 10 12 0.0637719 
366 399 12 16 0.06189874 
232 401 8 10 0.059923887 
553 406 14 18 0.055415217 
290 471 18 20 0.05358213 
591 367 8 11 0.04995057 
711 380 9 11 0.049599677 
734 358 8 10 0.046449408 
274 472 15 18 0.04559082 
713 399 8 11 0.044837527 
601 366 8 10 0.044613488 
317 457 16 19 0.043686386 
285 472 14 18 0.04217716 
101 337 13 17 0.041445088 
664 399 10 14 0.041085966 
900 188 25 28 0.041023906 
623 364 9 12 0.03908867 
586 366 8 10 0.039030965 
623 392 14 16 0.037794817 
702 380 10 12 0.037627444 
308 439 12 15 0.03669601 
374 399 13 19 0.03642167 
648 395 11 14 0.03440047 
293 432 14 16 0.032580446 
645 406 13 15 0.032414462 
745 357 8 11 0.032232877 
665 380 9 13 0.030895479 
543 413 24 33 0.02987417 
735 353 8 10 0.029222637 
659 431 11 13 0.029209547 
664 375 9 11 0.028960237 
593 372 8 11 0.028932737 
894 193 42 49 0.02854377 
287 438 11 13 0.028047634 
644 359 9 12 0.027992262 
602 362 7 10 0.02757591 
541 430 28 39 0.027527068 
729 373 8 10 0.027436927 
374 409 24 32 0.027433163 
639 353 9 11 0.026729291 
730 353 8 10 0.026623728 
296 284 11 15 0.026388375 
661 436 12 15 0.026138024 
646 381 19 25 0.025857834 
634 386 13 16 0.025783606 
700 390 10 12 0.025778078 
696 356 9 11 0.02574051 
565 402 13 17 0.025519319 
716 414 9 12 0.025514888 
900 215 17 20 0.025166363 
583 359 8 10 0.025072046 
630 373 11 12 0.02503407 
712 413 9 12 0.024836294 
690 367 8 11 0.024772102 
717 382 8 10 0.023940988 
736 372 8 12 0.023629699 
395 403 12 17 0.023487756 
248 431 13 16 0.023291495 
622 371 10 13 0.022794578 
297 467 18 20 0.022653101 
622 378 22 26 0.022400618 
632 353 9 12 0.021507423 
598 374 8 11 0.021455424 
394 518 15 20 0.021384457 
624 25 224 248 0.021344202 
734 366 9 13 0.021325657 
628 390 22 26 0.021253586 
737 295 9 10 0.02118202 
661 351 12 14 0.021129122 
302 437 12 14 0.021127168 
629 403 15 18 0.021110917 
741 295 9 10 0.02107625 
593 381 8 11 0.021054894 
608 374 8 11 0.020967714 
703 357 8 10 0.020889474 
701 375 10 12 0.020717448 
660 388 10 14 0.020168679 
