49_Greeting_peoplegreeting_49_759
20
124 879 406 512 0.9033854 
266 232 492 615 0.82922804 
531 56 532 494 0.7409416 
26 420 524 545 0.73741823 
523 313 463 557 0.5397944 
215 -13 532 447 0.5054049 
27 -124 578 467 0.3122126 
122 215 413 549 0.28533 
449 531 501 585 0.23332 
143 684 643 629 0.19460028 
713 165 275 380 0.116762444 
189 554 456 519 0.0812158 
0 266 78 81 0.07375725 
7 991 226 302 0.06254405 
726 998 400 440 0.06015878 
323 911 398 437 0.04624506 
-82 324 400 516 0.045165367 
364 1170 46 42 0.028298754 
557 891 402 459 0.024543446 
841 982 198 271 0.021448398 
