49_Greeting_peoplegreeting_49_124
30
488 301 67 92 0.9988631 
342 163 22 31 0.09603691 
12 476 11 12 0.085270576 
643 190 15 20 0.069637395 
353 49 22 28 0.06157669 
298 185 18 22 0.057568382 
584 413 164 278 0.054434184 
640 192 22 33 0.04665916 
305 258 19 25 0.044612546 
349 226 16 21 0.043509386 
261 230 40 45 0.043368272 
300 183 29 34 0.039506994 
32 447 10 13 0.03912146 
118 326 18 21 0.037870303 
240 377 118 148 0.036687035 
550 369 313 388 0.033782117 
271 274 28 34 0.032577712 
788 587 102 134 0.02954316 
301 111 27 38 0.029399604 
581 312 50 71 0.027698271 
266 184 49 62 0.027412165 
309 114 13 18 0.026060006 
329 289 34 53 0.025032561 
312 254 50 72 0.024733068 
262 255 34 40 0.024224363 
296 243 27 37 0.021890247 
307 238 29 42 0.021175675 
33 3 57 60 0.020653123 
261 194 33 41 0.020355735 
294 119 26 39 0.020339495 
