49_Greeting_peoplegreeting_49_307
57
176 273 31 37 0.99837315 
273 238 20 28 0.9639677 
872 280 30 40 0.9352092 
684 279 16 23 0.7872394 
619 273 18 24 0.7713988 
714 281 15 22 0.7201515 
363 253 17 25 0.6964464 
614 278 15 20 0.18307003 
804 371 17 21 0.15298565 
868 296 30 38 0.14813936 
844 302 24 34 0.14692356 
945 356 15 18 0.11027535 
730 326 14 17 0.081854425 
854 304 26 32 0.073820084 
368 259 17 23 0.06846405 
293 314 11 16 0.06566929 
698 278 20 28 0.06554789 
683 402 14 18 0.064857125 
723 278 15 19 0.06151179 
172 321 30 38 0.056012474 
607 280 15 18 0.05599382 
702 277 13 17 0.052096814 
710 379 12 16 0.05075904 
172 341 32 32 0.04473604 
697 387 10 14 0.042712606 
708 286 22 31 0.04256713 
731 279 13 16 0.0404668 
608 405 10 11 0.040384248 
152 460 14 17 0.04004076 
357 245 14 22 0.03883954 
613 268 19 23 0.038180232 
376 263 17 21 0.035176713 
619 262 17 21 0.034547035 
267 227 34 46 0.030776002 
686 455 11 13 0.030601408 
722 281 24 31 0.030300803 
320 330 31 27 0.02891364 
172 352 18 20 0.027221117 
742 364 15 17 0.027195478 
744 297 13 17 0.026569271 
701 313 14 18 0.026400737 
901 364 15 18 0.026348576 
728 317 37 52 0.026202042 
203 353 16 18 0.025293868 
604 288 18 21 0.024407905 
725 322 23 30 0.024281662 
652 340 10 14 0.024237229 
694 289 26 34 0.024056235 
683 340 12 15 0.0236576 
834 311 26 33 0.023562377 
702 357 12 15 0.02346847 
671 430 11 13 0.023295395 
702 364 22 30 0.021897927 
218 353 16 17 0.02147587 
352 251 20 29 0.021284714 
686 273 13 16 0.0207165 
709 271 13 16 0.020479351 
