49_Greeting_peoplegreeting_49_920
55
233 168 95 143 0.9991472 
7 673 50 63 0.9965444 
600 274 70 91 0.9858891 
465 293 81 108 0.9368494 
572 607 54 84 0.8027775 
926 570 91 129 0.18839794 
704 220 108 118 0.1726428 
937 605 60 74 0.11768299 
2 509 36 84 0.10644629 
582 581 51 65 0.081420206 
31 418 339 458 0.07081517 
521 579 100 124 0.056826856 
989 568 18 22 0.045068104 
829 686 70 77 0.04504141 
702 219 60 70 0.04349125 
671 567 24 34 0.042254016 
653 195 34 48 0.03619853 
1012 573 10 17 0.03603031 
592 616 69 69 0.03585732 
646 241 99 120 0.035547 
677 270 160 203 0.03505352 
361 416 70 55 0.03483204 
305 13 450 526 0.033383615 
564 298 52 81 0.031034896 
47 878 364 486 0.0310329 
965 575 33 40 0.030664885 
531 782 19 22 0.030633349 
961 826 35 42 0.030571435 
995 622 30 46 0.03054944 
574 608 31 54 0.030543726 
668 189 30 51 0.030449009 
819 647 114 111 0.029591868 
977 586 18 22 0.029023467 
945 556 63 90 0.028939744 
406 251 28 39 0.02864387 
822 732 54 66 0.02847581 
539 566 33 39 0.026682386 
372 283 30 36 0.02654015 
177 163 79 141 0.026025936 
736 983 81 119 0.025373038 
419 427 72 83 0.025332417 
945 645 41 40 0.025187416 
736 1037 43 54 0.024882646 
997 819 24 38 0.024553504 
672 193 52 69 0.024030806 
364 544 113 148 0.023175636 
566 633 87 111 0.023058357 
996 575 14 17 0.022527646 
726 529 117 150 0.022482496 
125 1129 105 158 0.022400413 
662 577 32 40 0.022143485 
750 566 184 235 0.021504365 
-79 605 447 539 0.020556176 
139 1204 25 32 0.020262843 
813 668 66 69 0.020162076 
