49_Greeting_peoplegreeting_49_896
25
309 440 149 148 0.9935463 
241 31 213 269 0.7736123 
184 867 466 501 0.5571603 
711 347 115 96 0.2833094 
753 364 121 96 0.18658163 
286 -92 386 484 0.12807566 
473 949 367 478 0.11625147 
708 287 224 247 0.082146116 
480 469 90 119 0.07917793 
454 650 406 498 0.07447608 
869 58 99 149 0.06993015 
614 1066 220 262 0.064521804 
226 337 121 129 0.06429545 
721 1147 136 155 0.055934127 
243 61 136 165 0.04821702 
528 997 213 288 0.04520933 
695 996 210 327 0.04130216 
114 602 387 484 0.038484585 
562 244 430 571 0.03579059 
314 948 267 344 0.030509524 
818 41 113 189 0.029889695 
567 1065 136 169 0.028170753 
418 1007 128 163 0.027363192 
293 1364 133 152 0.022415264 
457 498 35 43 0.020858552 
