49_Greeting_peoplegreeting_49_302
17
393 365 336 462 0.999099 
238 617 148 176 0.992277 
557 987 394 489 0.82535493 
64 1041 100 127 0.41409722 
75 961 410 508 0.35104585 
173 792 392 514 0.29209977 
914 539 109 182 0.23257934 
272 536 216 260 0.1376842 
303 967 384 398 0.13342863 
206 18 508 625 0.13086636 
84 583 401 454 0.10509917 
599 872 224 387 0.0949767 
0 714 196 230 0.047514003 
881 517 163 318 0.046140186 
187 599 232 289 0.028940253 
487 1009 242 321 0.022968674 
365 -135 526 623 0.021679092 
