49_Greeting_peoplegreeting_49_387
70
633 235 33 47 0.9988011 
521 220 31 46 0.98533314 
251 273 19 24 0.9685117 
687 247 25 35 0.8886531 
226 271 16 20 0.74648947 
283 286 12 17 0.21256927 
276 269 12 14 0.115918905 
278 275 11 15 0.111588396 
232 271 18 25 0.08562112 
727 244 31 40 0.081076115 
605 403 26 36 0.07865546 
367 279 9 11 0.07486266 
402 300 12 15 0.070928946 
408 287 8 10 0.07067587 
415 288 7 9 0.06432772 
254 264 13 17 0.052204493 
271 259 14 18 0.0498167 
218 321 42 56 0.048264846 
705 243 32 40 0.046598528 
532 391 9 12 0.046540756 
390 307 11 14 0.044906337 
236 299 11 16 0.043017834 
534 234 28 43 0.042775795 
337 286 9 13 0.041949473 
123 276 16 17 0.040253542 
295 291 10 15 0.038983565 
750 384 29 40 0.038767874 
705 32 382 518 0.037965026 
270 250 14 17 0.037248902 
143 285 10 13 0.03703477 
685 220 14 16 0.035578765 
419 333 12 17 0.03457611 
405 294 10 12 0.033326466 
238 261 12 15 0.03284927 
565 258 13 18 0.03268394 
248 268 16 21 0.032189395 
741 249 26 35 0.0318621 
680 218 13 17 0.030516729 
260 261 12 16 0.029708967 
441 278 9 12 0.029563274 
117 273 25 29 0.029428672 
659 341 27 34 0.028769795 
340 288 12 15 0.02790671 
391 278 9 11 0.027726639 
424 286 8 10 0.027557703 
666 194 14 20 0.027080381 
199 264 12 16 0.026973778 
159 285 8 10 0.026964962 
655 348 15 19 0.026314521 
730 172 14 18 0.026072731 
282 277 12 16 0.02599253 
254 220 10 13 0.025739152 
527 202 39 58 0.025552316 
788 121 123 154 0.025435748 
548 261 15 21 0.024191825 
295 255 10 12 0.023846148 
830 301 10 13 0.023351433 
269 263 19 24 0.022590343 
224 229 9 11 0.022359004 
625 388 30 32 0.022282178 
396 302 14 18 0.022165297 
301 294 10 14 0.021621738 
150 285 10 11 0.021566486 
223 222 10 13 0.021349572 
272 274 11 17 0.02106695 
226 281 11 14 0.020896371 
509 238 33 45 0.020615852 
557 259 13 19 0.020364927 
269 244 13 16 0.020345442 
246 262 12 16 0.02026808 
