49_Greeting_peoplegreeting_49_266
22
392 256 48 58 0.9960445 
250 91 54 72 0.9943404 
844 245 40 66 0.9918498 
637 260 39 55 0.94267803 
893 241 24 34 0.07790333 
324 327 27 37 0.06925535 
924 243 30 52 0.058761153 
315 363 47 57 0.053617757 
322 333 17 24 0.048034232 
35 429 15 21 0.04286165 
412 21 391 475 0.035438124 
323 578 51 56 0.032288816 
621 216 82 106 0.031699795 
538 55 212 328 0.029767908 
505 311 117 145 0.024980942 
271 81 52 77 0.023879202 
933 260 25 54 0.023285363 
31 415 23 31 0.022521494 
515 223 183 244 0.022468185 
1 637 22 37 0.021758405 
885 248 29 41 0.02159139 
714 549 114 113 0.020327697 
