5_Car_Accident_Car_Crash_5_773
33
395 426 17 21 0.92981964 
685 440 14 17 0.7672771 
630 444 14 17 0.71669817 
325 411 16 20 0.623221 
463 435 17 20 0.59331566 
550 426 15 21 0.58335227 
514 283 12 14 0.12676746 
658 298 12 16 0.088290095 
719 477 13 17 0.06046617 
493 471 10 12 0.059865184 
654 446 10 13 0.053531617 
933 469 26 32 0.05139033 
4 451 23 32 0.04854082 
683 431 18 21 0.048355307 
319 450 14 17 0.040682025 
405 452 15 20 0.035702184 
421 438 25 29 0.035330124 
255 327 203 243 0.034192886 
78 446 22 32 0.03224702 
714 488 14 17 0.03128806 
654 500 10 13 0.0311642 
271 485 11 14 0.031099306 
300 458 11 16 0.029675612 
688 447 16 18 0.027538314 
490 475 11 13 0.025409099 
316 451 22 27 0.023175394 
625 450 12 15 0.021403182 
1004 186 18 29 0.021349186 
654 372 10 12 0.021241097 
348 466 13 17 0.021020368 
756 397 33 42 0.020900907 
301 466 11 16 0.02057829 
396 437 17 19 0.020107409 
