5_Car_Accident_Accident_5_474
136
553 136 17 21 0.9786093 
346 139 17 25 0.91346365 
240 118 21 27 0.9091153 
803 144 16 21 0.557199 
586 146 22 29 0.548131 
622 133 22 27 0.38946483 
299 172 16 21 0.2815838 
258 177 23 28 0.21930543 
309 149 9 14 0.21560884 
707 135 18 22 0.20372707 
326 199 16 20 0.19437845 
600 147 20 27 0.18664886 
620 142 16 21 0.16099901 
284 142 10 12 0.16017237 
501 123 13 19 0.13184667 
610 147 16 21 0.119742446 
458 78 26 28 0.100512624 
301 143 12 15 0.09945689 
580 145 18 23 0.091273524 
802 129 25 32 0.0867542 
-5 426 63 96 0.07787896 
539 162 16 21 0.077447996 
800 102 29 37 0.07455192 
493 124 20 29 0.07303333 
634 136 17 22 0.07026892 
399 142 12 16 0.0690085 
173 94 13 15 0.06717541 
453 71 13 17 0.06678049 
295 146 12 16 0.06614061 
108 283 28 33 0.06531406 
287 147 11 14 0.06260392 
507 120 12 18 0.062131695 
623 126 15 18 0.061604057 
174 258 16 19 0.060852308 
266 219 24 33 0.059703015 
594 87 16 20 0.05784822 
701 128 19 23 0.05325684 
317 163 13 16 0.052944303 
142 106 11 16 0.052213203 
714 195 31 37 0.049873475 
794 106 42 59 0.04922248 
404 145 11 16 0.048747305 
341 7 30 40 0.0478177 
332 190 25 30 0.045359496 
272 180 16 20 0.044690967 
299 224 17 25 0.041512463 
348 170 15 18 0.04068913 
270 150 12 14 0.03775507 
616 263 11 13 0.037554357 
262 147 13 16 0.03697049 
347 192 14 19 0.036613937 
260 172 15 21 0.03618738 
302 151 13 18 0.035545263 
483 122 22 30 0.0354908 
294 153 13 17 0.035394233 
471 82 16 20 0.03530209 
987 215 31 42 0.035105594 
277 224 24 32 0.034348585 
834 250 27 29 0.03427066 
90 304 30 36 0.034222096 
267 172 17 23 0.033983726 
839 140 14 17 0.033826128 
547 224 22 29 0.033572115 
109 289 18 19 0.033513393 
629 254 11 14 0.033162307 
453 78 17 20 0.0330553 
772 161 16 20 0.032390017 
9 87 188 263 0.03219324 
284 166 22 29 0.03192027 
456 283 18 21 0.031768087 
406 119 10 13 0.031712122 
169 250 27 31 0.031151962 
380 162 15 19 0.031104833 
195 101 12 15 0.030919466 
907 245 24 37 0.03020812 
255 214 26 35 0.0297875 
592 301 10 14 0.029399635 
207 116 12 15 0.029308932 
803 104 17 21 0.02926758 
277 147 13 15 0.028511442 
295 164 14 19 0.028345894 
820 333 14 16 0.02830094 
708 367 12 16 0.028099652 
338 165 24 28 0.027334975 
661 213 13 18 0.026845222 
92 308 18 21 0.026656665 
397 137 22 29 0.02641781 
282 143 21 24 0.026119582 
299 141 19 24 0.026011506 
703 337 13 18 0.025980772 
338 146 13 17 0.025871247 
245 172 24 30 0.025825648 
338 181 26 32 0.025632104 
710 378 13 17 0.025514305 
290 227 23 30 0.02544085 
499 190 24 28 0.025417324 
701 367 16 19 0.02537354 
63 159 28 36 0.025303422 
581 156 18 22 0.024279 
809 137 16 19 0.024077745 
342 198 27 31 0.023543883 
708 393 14 19 0.023310633 
822 147 15 19 0.023218153 
311 157 22 28 0.023141677 
851 341 15 17 0.022913804 
180 106 14 16 0.022903634 
304 147 19 25 0.022900136 
179 100 13 15 0.022800187 
167 92 25 27 0.022760607 
268 145 21 26 0.022685247 
812 123 27 33 0.022573734 
358 202 16 18 0.022534521 
349 12 17 22 0.022531444 
301 137 10 12 0.022409892 
692 143 15 19 0.022407712 
189 105 13 16 0.022365946 
806 93 49 67 0.022200817 
337 170 501 529 0.02172854 
605 323 10 15 0.02164497 
636 254 11 14 0.021610629 
642 132 13 18 0.021552444 
901 225 13 17 0.021470005 
811 105 16 21 0.021366451 
338 126 43 47 0.021332202 
877 246 25 29 0.021150451 
837 133 25 30 0.020886317 
183 96 23 28 0.020702312 
244 197 28 35 0.020685306 
115 276 18 20 0.020534422 
353 135 25 30 0.020531034 
854 335 13 14 0.020478051 
817 48 17 21 0.020475185 
344 216 25 29 0.020235864 
270 142 11 13 0.02017518 
599 284 10 13 0.020137932 
339 182 42 51 0.020109335 
