5_Car_Accident_Car_Crash_5_279
73
339 5 33 39 0.9017081 
249 18 26 30 0.21543051 
459 370 108 104 0.14249067 
319 32 10 12 0.13582042 
661 348 31 42 0.10604032 
714 248 31 36 0.091174535 
349 34 16 19 0.088218294 
180 318 12 17 0.06923234 
535 154 40 36 0.068463795 
835 353 194 253 0.056649312 
846 364 116 140 0.052179575 
712 262 29 36 0.051884346 
879 404 111 140 0.05031479 
190 273 65 80 0.04885091 
3 340 14 19 0.04876979 
451 140 117 147 0.045906212 
57 241 347 427 0.045560505 
289 513 66 89 0.045323644 
741 413 14 17 0.043982647 
271 256 52 66 0.041372832 
392 344 185 208 0.0405849 
852 402 66 85 0.03726929 
512 162 62 66 0.03647278 
234 243 85 107 0.035522845 
343 23 26 31 0.03529547 
611 280 17 22 0.03495808 
285 107 16 20 0.034893986 
154 -8 409 482 0.034276992 
740 326 28 41 0.033344712 
340 10 20 24 0.03181743 
168 270 120 132 0.031584628 
122 297 204 271 0.031442083 
748 316 11 14 0.030583153 
738 88 15 20 0.030156601 
639 296 43 46 0.029004335 
343 38 24 29 0.02883469 
293 97 29 33 0.028792186 
720 250 20 22 0.028723843 
183 317 132 130 0.028333925 
627 71 11 13 0.028089482 
857 611 74 71 0.028017776 
98 123 24 28 0.027368542 
872 383 61 72 0.02720978 
830 586 118 115 0.027184624 
821 395 110 150 0.027171375 
541 89 32 35 0.026554877 
276 112 29 38 0.025885709 
292 260 53 53 0.024174416 
753 252 325 446 0.023944985 
653 335 30 36 0.02389022 
659 338 16 20 0.02330372 
903 458 60 72 0.023075435 
489 176 72 91 0.022981856 
772 357 35 42 0.02276567 
244 423 33 37 0.022654198 
282 248 31 46 0.022599101 
60 206 32 32 0.022561233 
770 304 54 67 0.022354826 
372 6 14 16 0.02233917 
351 10 20 22 0.022287527 
965 445 14 15 0.02207417 
774 306 13 17 0.02178818 
183 244 61 76 0.021599881 
475 403 71 95 0.02138236 
362 11 15 18 0.020933874 
252 297 101 122 0.020879233 
76 405 106 129 0.020833166 
523 163 16 17 0.020757915 
262 230 31 35 0.020596 
371 44 24 28 0.020391556 
269 237 14 15 0.020272695 
518 157 39 41 0.020126233 
555 288 15 18 0.020014979 
