5_Car_Accident_Car_Crash_5_51
104
771 268 19 23 0.9224664 
270 235 14 17 0.49801102 
517 235 12 14 0.3211306 
56 111 371 481 0.278173 
706 257 17 20 0.22378328 
946 256 30 33 0.2005723 
759 229 11 14 0.08695998 
210 262 14 19 0.08661639 
535 234 11 14 0.084871896 
747 273 12 16 0.08099772 
702 263 15 20 0.07881841 
997 242 25 31 0.07315205 
675 303 25 33 0.06775646 
674 368 18 24 0.05359037 
44 199 241 313 0.050623994 
152 235 11 13 0.049847953 
717 265 13 19 0.049723726 
273 242 13 16 0.04870376 
262 228 23 27 0.048317824 
297 493 161 160 0.04570455 
207 254 9 11 0.04342273 
749 299 14 20 0.042609546 
192 248 9 10 0.040853094 
573 219 13 16 0.0394825 
397 290 430 520 0.039308872 
216 228 10 13 0.03900545 
591 217 14 17 0.038866285 
785 365 14 16 0.038762253 
485 229 10 12 0.037757896 
274 250 13 16 0.03761359 
766 260 16 21 0.03751691 
946 270 33 37 0.036568847 
167 217 8 10 0.036396243 
522 235 12 15 0.035872966 
542 227 12 15 0.035852633 
262 230 14 17 0.03578663 
676 317 16 20 0.035305608 
260 250 12 15 0.03494693 
941 693 13 15 0.03487233 
633 309 10 15 0.034336437 
846 320 193 223 0.034038052 
700 272 14 18 0.033926357 
450 534 27 29 0.03288034 
1011 219 14 20 0.032689445 
245 245 11 14 0.03247548 
404 304 120 130 0.032066308 
247 239 9 11 0.032055534 
293 222 10 12 0.03158773 
355 449 211 239 0.031332217 
713 251 16 21 0.031163938 
547 226 13 16 0.03116052 
875 676 13 16 0.030725367 
272 258 13 17 0.030637959 
1011 209 13 18 0.029927075 
218 268 12 16 0.029317915 
694 389 47 61 0.029281177 
612 519 65 58 0.029085794 
528 268 27 39 0.028959367 
266 236 24 31 0.02867231 
693 274 14 18 0.027570054 
738 267 21 26 0.026978139 
200 252 9 12 0.026790012 
167 241 9 12 0.026530646 
723 268 15 19 0.026427472 
654 348 13 15 0.026024738 
305 220 10 13 0.025926678 
735 426 17 22 0.025918353 
994 263 28 34 0.025512455 
183 248 9 11 0.024818152 
110 215 10 14 0.024372317 
244 252 12 14 0.024260415 
198 248 9 11 0.024086585 
428 501 125 154 0.023932394 
731 268 17 20 0.02386858 
240 161 30 41 0.023743348 
719 273 14 16 0.0236511 
948 693 14 15 0.023502607 
539 232 13 17 0.023484651 
255 229 44 53 0.023297315 
597 223 14 18 0.02320115 
595 211 14 19 0.022732658 
752 306 22 29 0.022667265 
255 271 16 20 0.02261796 
214 255 9 12 0.022596546 
552 284 48 59 0.022544837 
175 246 9 11 0.022535676 
965 265 26 34 0.022441147 
261 243 13 15 0.02241982 
773 254 14 15 0.022339934 
845 288 26 29 0.022204375 
254 250 12 15 0.021753421 
759 293 11 15 0.021733077 
598 360 55 59 0.021628482 
261 259 14 19 0.021541018 
158 244 10 12 0.021123797 
790 687 13 15 0.02107903 
511 533 31 36 0.020707253 
573 246 12 14 0.020681115 
213 258 21 26 0.020619484 
762 308 12 18 0.020406589 
236 361 17 21 0.02035548 
258 255 26 32 0.020290026 
159 216 8 11 0.020139247 
563 245 14 15 0.02002681 
