5_Car_Accident_Accident_5_203
45
621 235 12 16 0.80231595 
787 289 22 30 0.76921135 
1009 341 15 23 0.08583905 
792 287 13 17 0.08271894 
424 236 8 11 0.05152432 
712 299 10 13 0.049567107 
589 237 12 14 0.049463466 
454 299 10 12 0.043712623 
535 276 12 17 0.04238454 
93 191 13 17 0.040108245 
39 145 8 10 0.036890157 
725 272 8 9 0.036579978 
628 229 13 17 0.036387514 
596 237 13 14 0.034023 
758 310 10 12 0.032591537 
605 236 11 14 0.029559705 
922 397 9 12 0.029345464 
553 231 8 10 0.029156722 
722 273 7 8 0.028937118 
441 221 10 12 0.02780108 
75 341 29 36 0.027738018 
958 373 9 12 0.027202247 
666 279 9 10 0.026331058 
98 194 14 18 0.026133914 
430 237 9 11 0.02563631 
449 295 9 11 0.02532773 
542 232 9 10 0.025295865 
582 267 12 14 0.024880843 
439 216 9 10 0.024769925 
1007 332 13 22 0.024275001 
632 277 12 14 0.023895279 
936 415 8 10 0.023554265 
969 384 33 46 0.023553448 
591 236 21 24 0.023347264 
431 232 9 10 0.022975188 
4 211 15 19 0.022643674 
697 284 8 10 0.022226414 
407 357 8 10 0.02168075 
558 231 8 11 0.021668425 
589 260 10 13 0.021627517 
397 436 14 17 0.02082539 
559 269 9 12 0.020605043 
441 286 10 12 0.020525109 
99 205 29 34 0.020411346 
605 230 11 13 0.020083362 
