5_Car_Accident_Accident_5_948
55
232 189 411 453 0.3660572 
663 142 24 30 0.1599041 
695 287 13 17 0.10577054 
652 157 11 15 0.07042896 
22 175 13 18 0.06589074 
655 140 9 13 0.058727797 
687 183 12 14 0.05605303 
415 225 124 102 0.055464085 
664 147 14 18 0.053311106 
686 109 11 13 0.052807424 
631 126 10 13 0.05175635 
647 164 10 14 0.050358813 
656 182 10 12 0.050007503 
175 523 30 37 0.04880943 
190 453 27 33 0.045331713 
581 46 465 498 0.040713497 
631 121 10 11 0.039191674 
633 132 10 13 0.037584342 
654 149 10 15 0.037401184 
205 386 13 16 0.03580957 
681 189 10 13 0.03545421 
709 284 11 15 0.034095228 
702 160 11 12 0.034062114 
223 372 9 13 0.033797134 
234 376 16 20 0.033535697 
635 189 14 18 0.03125312 
305 387 16 18 0.029597256 
646 149 9 12 0.029567301 
694 117 12 15 0.02956296 
696 156 11 13 0.029444566 
206 370 11 13 0.028713528 
712 127 10 13 0.028584255 
650 150 23 28 0.028169228 
655 128 40 51 0.027734397 
454 414 31 35 0.026719129 
699 369 32 40 0.02616871 
213 397 10 13 0.025436135 
10 167 24 35 0.024856947 
696 142 10 13 0.024474923 
586 344 18 20 0.02432355 
528 421 32 38 0.024154479 
253 388 13 16 0.023531346 
662 140 14 18 0.02339753 
681 116 10 13 0.022820994 
335 286 24 26 0.022682447 
685 175 12 15 0.021753909 
704 277 10 12 0.021674916 
-17 231 188 244 0.021425381 
713 181 9 11 0.02136598 
638 138 10 14 0.021209422 
583 370 35 39 0.020985998 
198 370 15 16 0.020743674 
628 370 17 21 0.020630088 
280 181 11 14 0.020218141 
682 110 10 13 0.020168452 
