5_Car_Accident_Accident_5_641
99
89 264 30 36 0.7718587 
835 94 24 31 0.31255513 
698 417 16 18 0.25445986 
939 151 16 21 0.20120671 
187 236 15 20 0.18237293 
142 235 11 14 0.17539604 
303 245 10 13 0.15370983 
412 -13 426 543 0.122579984 
951 182 10 13 0.09433993 
101 241 11 14 0.09399918 
693 131 25 32 0.0921162 
811 273 160 193 0.08245216 
606 321 12 14 0.080366 
627 156 17 22 0.07988766 
735 401 13 16 0.0794539 
289 276 16 18 0.07564919 
845 95 16 19 0.0630345 
742 520 14 17 0.061883748 
803 107 16 20 0.05930602 
821 85 24 32 0.056093376 
860 623 13 18 0.053400747 
94 238 12 16 0.05239548 
853 227 16 17 0.05089925 
549 275 10 12 0.047859706 
1007 203 11 14 0.047070883 
617 293 10 13 0.04661102 
824 82 16 19 0.046442285 
984 207 11 14 0.04621571 
812 107 15 20 0.04533515 
820 103 15 22 0.044396147 
849 221 28 32 0.043851316 
951 176 10 12 0.043545436 
105 266 18 26 0.043279614 
144 229 13 16 0.04309602 
984 213 10 13 0.040750418 
998 274 12 15 0.03947367 
222 541 11 13 0.03870104 
780 102 13 17 0.03843587 
719 111 393 497 0.036209192 
168 246 25 32 0.03569326 
813 228 130 151 0.035135675 
702 416 22 25 0.033759803 
117 260 14 18 0.033263925 
41 312 38 44 0.033249807 
1011 457 12 19 0.033183336 
373 447 9 12 0.032975014 
909 164 11 14 0.032400098 
182 238 25 34 0.03205759 
181 253 24 35 0.031205403 
856 161 12 16 0.03064505 
504 145 19 20 0.030076778 
832 209 50 66 0.030034754 
297 245 11 13 0.029974913 
183 230 14 17 0.028189907 
674 412 16 21 0.02803645 
447 395 9 12 0.02767632 
502 396 54 56 0.027439618 
798 102 14 19 0.027394855 
828 101 17 23 0.026882239 
368 366 12 14 0.026726201 
1000 203 11 14 0.02652388 
577 95 208 243 0.026398202 
200 252 12 16 0.025858758 
899 132 12 17 0.0255044 
842 466 18 20 0.025224188 
909 157 11 13 0.025035033 
644 185 14 18 0.024853667 
204 256 13 17 0.024813222 
989 203 10 15 0.024566619 
235 202 12 15 0.024525346 
576 277 8 10 0.024482645 
212 549 13 14 0.024271376 
215 275 12 17 0.02420033 
803 167 26 31 0.024038978 
557 206 9 11 0.023979304 
1014 243 9 13 0.02385243 
618 466 17 18 0.023768015 
945 182 9 12 0.023506235 
734 196 11 14 0.023412753 
850 104 15 20 0.023247749 
910 172 12 15 0.02295894 
545 431 16 20 0.022804411 
172 248 14 19 0.02276558 
924 148 10 14 0.022236507 
1011 199 12 16 0.02212518 
308 249 11 15 0.022086203 
530 315 12 15 0.021814154 
196 252 23 31 0.021531738 
122 263 14 19 0.021456897 
197 274 13 17 0.021370737 
87 252 28 34 0.021213518 
762 189 13 14 0.021009728 
1015 309 8 12 0.020976936 
957 175 9 12 0.020535411 
499 146 42 49 0.020466013 
766 119 39 47 0.020462237 
621 184 14 17 0.020396754 
635 148 15 20 0.020372452 
495 412 11 14 0.020218471 
