5_Car_Accident_Accident_5_735
50
974 341 15 17 0.49277833 
623 309 92 99 0.20264609 
667 22 17 18 0.17582586 
858 180 17 21 0.17310436 
163 207 27 34 0.13512714 
801 144 25 37 0.12815869 
660 274 387 528 0.09694883 
995 354 13 15 0.088514395 
827 189 17 23 0.081284694 
821 173 26 37 0.075748846 
62 397 14 18 0.071384646 
272 86 13 16 0.07020356 
763 134 31 34 0.0670713 
285 229 423 516 0.06249667 
798 272 31 39 0.06004121 
803 161 31 43 0.058924694 
836 153 17 20 0.04973295 
805 142 15 20 0.045265432 
81 326 8 11 0.042794775 
742 148 47 55 0.04064821 
842 151 13 15 0.040622074 
724 315 238 303 0.038458254 
325 66 31 38 0.03677173 
825 151 27 31 0.035356134 
269 86 24 29 0.035207003 
810 375 17 19 0.0344091 
718 132 14 17 0.034142956 
656 463 41 50 0.03361495 
84 324 10 13 0.03251814 
963 354 13 16 0.031423267 
929 133 11 13 0.029644903 
772 138 16 19 0.02908249 
985 344 21 25 0.028856892 
570 405 14 15 0.028823819 
810 148 30 37 0.02783081 
837 178 30 34 0.026573785 
134 327 60 71 0.026343578 
967 343 22 26 0.025682975 
784 140 26 33 0.024958901 
882 475 26 36 0.024232157 
70 334 9 12 0.0236476 
304 217 28 35 0.023083188 
464 77 12 13 0.02218596 
630 446 9 10 0.021744413 
308 452 149 183 0.021383153 
897 404 13 15 0.021350656 
334 60 15 18 0.021251375 
798 145 18 23 0.020571092 
134 220 8 11 0.020248879 
1000 301 11 13 0.020181198 
