5_Car_Accident_Car_Crash_5_38
125
323 98 51 69 0.8493445 
-2 226 25 35 0.7323506 
70 269 13 17 0.72053504 
832 235 11 13 0.5233088 
776 237 13 15 0.45114732 
941 245 10 12 0.3272323 
344 99 51 62 0.3190199 
443 126 20 22 0.28246814 
641 153 192 220 0.26015553 
815 381 81 111 0.25544354 
302 96 50 71 0.15136744 
888 243 10 12 0.136958 
430 117 42 50 0.1274346 
914 237 9 12 0.11814777 
879 220 11 13 0.09784547 
118 254 43 58 0.079251654 
878 134 30 36 0.07818634 
166 283 69 72 0.070332915 
1006 150 10 12 0.06732275 
526 429 13 19 0.065180235 
941 250 10 13 0.06485922 
367 113 34 43 0.06458675 
900 216 10 11 0.0615247 
399 100 13 18 0.06104576 
498 147 16 18 0.057836212 
774 252 25 31 0.055835456 
37 451 31 33 0.055568524 
877 238 11 14 0.053998888 
-1 553 27 46 0.053014856 
807 237 9 12 0.05010711 
918 232 9 12 0.050029445 
893 239 10 13 0.04962912 
692 220 118 140 0.04919981 
377 99 40 56 0.048906885 
427 126 28 33 0.0481132 
798 281 13 16 0.047697764 
495 120 13 18 0.043504905 
913 232 9 12 0.04239368 
54 242 15 18 0.04079889 
105 275 34 44 0.040521253 
926 236 10 13 0.03943664 
11 229 25 33 0.03923111 
572 116 53 60 0.038974266 
896 219 11 13 0.03840667 
862 222 11 13 0.038174573 
884 220 12 14 0.037177827 
862 247 10 12 0.036755618 
397 102 24 32 0.03644057 
881 138 17 20 0.03641732 
63 271 16 20 0.03523956 
27 239 16 19 0.034976624 
429 137 15 18 0.034851868 
886 215 11 12 0.034630958 
773 252 15 18 0.034069557 
424 393 44 60 0.03160331 
68 252 14 17 0.031148862 
855 219 11 14 0.030874847 
438 123 18 21 0.030626426 
937 238 10 13 0.030622762 
871 236 13 14 0.030014709 
902 271 8 10 0.029671738 
110 195 11 15 0.029596776 
837 242 12 14 0.029162623 
136 265 35 40 0.029107423 
420 113 14 19 0.028224505 
322 86 41 48 0.027770713 
536 205 137 165 0.027615018 
393 104 44 55 0.027506968 
132 267 64 76 0.027364254 
446 128 28 32 0.02702823 
779 254 16 20 0.02660111 
492 125 24 31 0.026445488 
856 301 12 16 0.026272284 
527 168 52 64 0.026249059 
826 231 9 13 0.025701169 
63 261 14 18 0.025614891 
917 243 10 12 0.02556697 
398 179 43 58 0.025459612 
801 237 9 12 0.02517292 
401 306 55 63 0.024967317 
424 149 26 34 0.02482244 
830 223 10 13 0.024715379 
876 227 13 15 0.024698632 
869 227 13 16 0.024630157 
938 234 19 26 0.024599515 
423 112 25 30 0.02430067 
74 262 15 18 0.0242985 
501 430 13 16 0.023815585 
861 84 225 243 0.023789693 
3 240 28 38 0.023687184 
758 214 13 17 0.023671992 
870 221 11 14 0.02338922 
447 140 30 37 0.02323633 
42 278 17 20 0.023196362 
476 115 12 16 0.023058781 
524 425 21 30 0.023048352 
486 428 11 17 0.02293365 
768 230 21 28 0.022903308 
882 124 53 57 0.022702476 
429 155 17 20 0.022476548 
951 228 10 14 0.022443268 
537 174 28 33 0.022405056 
470 114 13 17 0.022324855 
902 229 10 13 0.022301782 
61 248 14 18 0.022256924 
128 204 10 13 0.022249203 
896 278 9 11 0.022048984 
520 423 10 13 0.021639008 
854 235 11 14 0.021503493 
557 451 14 18 0.021457627 
902 236 10 13 0.021424634 
1012 150 9 13 0.021377644 
420 134 27 35 0.02131161 
401 333 60 64 0.021260735 
531 433 14 17 0.020852627 
787 253 13 16 0.02078991 
484 139 26 31 0.020518638 
393 342 79 110 0.02045571 
412 111 87 99 0.02041353 
452 112 26 31 0.020398851 
304 72 33 51 0.02034567 
49 268 24 29 0.02027421 
418 325 34 39 0.020173332 
490 153 27 32 0.020020846 
458 122 46 54 0.02001682 
