5_Car_Accident_Accident_5_66
44
20 237 34 45 0.9876902 
949 225 20 25 0.46589267 
404 133 10 14 0.136057 
81 251 225 218 0.1351464 
198 102 36 36 0.13170043 
286 91 110 128 0.12204941 
793 267 50 63 0.06993905 
827 31 26 32 0.0693379 
456 143 10 11 0.06758379 
683 204 39 37 0.06598048 
686 217 87 101 0.06427328 
939 46 35 45 0.063387886 
840 33 27 34 0.053340454 
20 216 31 41 0.04692005 
732 119 53 65 0.04503733 
944 330 9 14 0.038826495 
258 238 17 16 0.038153302 
418 164 51 52 0.03715493 
393 137 16 20 0.035128683 
461 143 11 12 0.033032477 
802 194 12 15 0.031644125 
872 81 95 114 0.029443264 
486 148 9 11 0.029311499 
649 158 19 24 0.027862579 
319 200 41 34 0.026135597 
908 244 14 17 0.025940195 
132 -34 359 427 0.025059182 
223 55 205 274 0.025051992 
829 219 45 53 0.024654595 
672 183 85 101 0.024588464 
828 27 16 21 0.024059493 
20 184 434 453 0.023609031 
332 177 66 51 0.023441292 
783 190 14 16 0.023269514 
843 54 42 58 0.023065386 
464 146 11 14 0.022645658 
254 233 27 28 0.022194983 
520 226 48 50 0.021358991 
454 147 11 12 0.02114774 
393 131 90 97 0.0208916 
234 91 48 61 0.020368084 
696 178 51 54 0.020180235 
758 128 27 38 0.020146849 
432 187 36 43 0.02001072 
