5_Car_Accident_Car_Crash_5_133
34
234 227 17 21 0.6795799 
712 101 13 16 0.20025405 
347 168 28 36 0.117879905 
765 82 16 19 0.06881526 
232 451 118 140 0.057051685 
721 62 11 13 0.056529365 
974 121 12 15 0.046934612 
338 158 28 34 0.042486068 
232 187 33 40 0.042054005 
757 103 12 14 0.04163527 
653 8 11 16 0.040850304 
772 90 13 17 0.038142696 
773 98 14 17 0.03749505 
224 165 30 40 0.037138797 
716 96 13 15 0.031844884 
758 71 12 15 0.029364165 
341 157 16 18 0.0290767 
234 213 23 30 0.028500631 
724 91 12 14 0.027495785 
247 332 11 15 0.026268205 
364 160 49 53 0.025090616 
646 71 10 12 0.024940498 
230 222 16 19 0.024365542 
391 160 32 33 0.02371782 
271 384 12 15 0.023391727 
689 -22 153 226 0.023372352 
393 157 57 57 0.02315213 
363 165 26 34 0.02314237 
295 288 46 69 0.022085806 
360 176 18 24 0.02189628 
245 338 12 17 0.021717075 
836 45 10 14 0.020956127 
402 305 110 139 0.020803688 
818 95 16 20 0.020481527 
