5_Car_Accident_Accident_5_642
110
60 672 13 17 0.8426261 
581 745 13 16 0.7068267 
539 747 12 15 0.6490784 
493 617 13 17 0.44353497 
492 651 27 35 0.186171 
632 770 16 20 0.17051946 
93 71 210 277 0.16598216 
477 717 11 14 0.15675071 
635 763 16 20 0.15261103 
430 379 77 119 0.12753221 
426 242 15 19 0.12096496 
0 648 10 19 0.120547675 
699 740 17 18 0.11099573 
755 634 13 16 0.1098466 
637 749 13 15 0.10829956 
638 756 14 16 0.1030607 
476 709 13 16 0.093864724 
614 758 9 13 0.087140016 
632 749 11 12 0.0836134 
506 639 16 20 0.08020562 
596 785 16 19 0.07517518 
417 241 26 30 0.071085975 
496 639 28 34 0.06535458 
502 633 16 20 0.06486264 
18 662 16 18 0.06398525 
487 283 14 18 0.06349749 
520 734 8 11 0.063378185 
50 699 18 24 0.060856085 
815 420 158 107 0.06052389 
455 743 8 11 0.05989882 
457 763 9 12 0.0553217 
545 765 9 11 0.051133107 
491 259 16 19 0.04819197 
67 675 12 15 0.04628658 
610 758 9 11 0.045364123 
27 704 397 456 0.044053815 
368 725 10 14 0.043239098 
442 455 76 81 0.042966865 
616 662 8 11 0.042489763 
462 759 8 12 0.04158153 
534 766 9 11 0.03986293 
207 440 36 52 0.039799303 
70 683 12 15 0.038747527 
634 744 21 25 0.038440656 
490 619 21 26 0.03729832 
569 705 8 11 0.03723394 
499 629 14 19 0.036982868 
42 669 13 15 0.0350503 
791 631 16 19 0.034970235 
445 249 53 62 0.03466581 
549 764 10 13 0.034273237 
478 642 12 17 0.03398447 
573 756 11 15 0.033885915 
181 84 130 190 0.032142516 
464 749 8 10 0.03180456 
461 743 9 11 0.031071797 
478 743 10 11 0.030826924 
484 709 11 13 0.030762665 
261 730 17 20 0.030243523 
589 642 11 13 0.029824488 
471 700 11 15 0.029579572 
607 731 11 14 0.029314259 
79 710 11 15 0.029237892 
435 235 15 18 0.02855285 
608 764 10 12 0.028538879 
408 244 40 46 0.027981624 
603 793 16 18 0.027784426 
479 632 24 28 0.02702372 
558 766 10 13 0.02695866 
542 755 11 14 0.02653481 
592 787 12 16 0.026460497 
62 674 22 28 0.026403641 
136 123 378 490 0.026384912 
569 759 10 13 0.025996074 
703 760 29 33 0.025854168 
644 743 11 14 0.025806164 
484 717 10 13 0.025696112 
705 744 16 18 0.025180222 
432 241 16 21 0.02517608 
415 623 7 9 0.02507455 
469 256 45 53 0.02488564 
211 502 107 103 0.024583478 
574 663 9 11 0.024414554 
472 763 9 12 0.024335425 
593 710 10 12 0.02432869 
488 250 27 30 0.024101712 
65 645 10 12 0.024080625 
472 707 11 15 0.024022209 
486 269 24 32 0.023901416 
478 631 12 15 0.02389647 
499 614 11 14 0.02356007 
69 661 11 14 0.023373868 
536 790 10 13 0.023234377 
441 758 8 11 0.023000197 
478 760 12 13 0.022983393 
13 842 127 134 0.022710761 
355 682 458 475 0.022290586 
368 654 9 11 0.022141518 
588 775 21 27 0.022022229 
38 664 12 14 0.02189592 
527 645 14 18 0.021814236 
53 660 13 14 0.021792639 
61 664 11 15 0.021757543 
450 742 9 12 0.021571299 
568 782 10 12 0.021059163 
473 744 9 11 0.020991603 
476 230 12 15 0.020887211 
78 685 11 15 0.020608902 
318 621 9 11 0.020334166 
470 229 12 16 0.020122707 
