5_Car_Accident_Accident_5_607
28
243 28 25 33 0.70122254 
108 18 24 28 0.40178365 
339 468 78 73 0.34916237 
80 39 26 31 0.17781852 
464 386 60 62 0.16290341 
485 412 37 39 0.09327003 
213 0 19 20 0.072838634 
463 51 90 119 0.07195392 
438 377 59 69 0.058544297 
997 17 15 20 0.043428194 
218 6 17 19 0.041573644 
467 417 41 37 0.032183263 
515 426 58 70 0.032134734 
502 397 57 73 0.0311265 
167 98 12 17 0.03023786 
496 11 397 437 0.029977573 
72 45 51 53 0.026853465 
99 13 42 52 0.026732236 
122 42 24 33 0.026305089 
504 417 31 34 0.024744827 
958 13 43 50 0.023888886 
620 120 109 130 0.022769913 
106 0 28 31 0.020876972 
172 119 16 20 0.020406876 
514 425 17 20 0.020358844 
581 150 60 63 0.020253016 
40 70 45 55 0.020091461 
204 1 17 18 0.02000627 
