5_Car_Accident_Car_Crash_5_492
42
896 49 32 46 0.8830439 
571 49 307 465 0.3022494 
968 358 18 22 0.16600783 
254 375 413 523 0.15600881 
610 119 156 193 0.08166085 
309 284 26 34 0.0753011 
950 -1 59 80 0.0592038 
866 298 46 75 0.054184873 
307 373 155 137 0.04978741 
438 -22 348 477 0.04695903 
225 336 28 32 0.036970444 
413 391 30 38 0.034644473 
228 340 17 18 0.03292041 
264 338 233 236 0.03178306 
700 474 16 19 0.030883217 
167 268 397 476 0.030194355 
277 728 28 36 0.03011396 
158 347 17 19 0.02984392 
889 321 32 42 0.027543666 
788 1 37 38 0.027186353 
216 330 55 55 0.026494145 
846 256 51 95 0.026323952 
953 123 57 67 0.025835728 
891 310 52 59 0.025815237 
883 56 33 44 0.025598602 
915 307 52 60 0.024871085 
233 539 45 53 0.024486283 
786 461 16 18 0.024368104 
767 15 58 66 0.024318852 
224 358 28 32 0.024215953 
974 13 49 74 0.024146121 
478 278 455 584 0.023431743 
697 514 18 21 0.023185646 
626 207 135 175 0.022476736 
241 388 18 23 0.022449654 
290 279 27 34 0.022267532 
705 553 27 35 0.021882644 
270 714 26 37 0.021200085 
997 304 26 38 0.020978594 
-35 520 229 259 0.020281324 
262 291 14 18 0.02008803 
840 689 29 34 0.020034598 
