5_Car_Accident_Accident_5_234
563
657 486 23 29 0.9835381 
472 329 17 20 0.7781233 
451 340 16 19 0.76640904 
420 404 17 19 0.71915233 
885 289 13 14 0.65373504 
867 349 15 20 0.64563185 
806 315 17 20 0.6326233 
420 506 19 23 0.60480934 
580 537 17 22 0.5350052 
809 236 9 12 0.45711714 
785 297 12 15 0.44499657 
271 387 19 22 0.40708888 
791 524 24 42 0.39348853 
495 166 9 11 0.31440914 
853 191 12 15 0.3005725 
867 267 14 18 0.28299236 
776 278 18 22 0.26322547 
322 433 17 22 0.24249804 
118 476 25 40 0.23767419 
550 170 11 14 0.2334228 
341 285 12 16 0.22899882 
791 186 12 14 0.2259983 
354 377 19 22 0.22520687 
413 316 11 13 0.214552 
584 535 24 28 0.21084203 
420 430 16 20 0.2073671 
406 347 15 17 0.20268773 
377 315 11 15 0.17723843 
803 258 12 16 0.17591484 
343 334 11 15 0.16492908 
240 378 14 17 0.16478767 
242 384 15 20 0.16000232 
430 586 24 33 0.15910058 
729 43 11 13 0.15664378 
589 544 25 31 0.15338984 
783 206 10 13 0.14453067 
359 275 11 14 0.14247125 
602 571 14 21 0.1411167 
802 516 39 53 0.14051495 
321 326 10 15 0.1402973 
382 322 10 14 0.13789028 
775 230 10 13 0.13523623 
812 231 13 16 0.13506766 
672 115 9 11 0.13180839 
356 309 12 15 0.13054298 
584 127 10 11 0.12741631 
779 518 25 41 0.122075036 
467 180 13 16 0.12105554 
227 410 16 19 0.117224514 
680 117 8 11 0.11706492 
198 391 13 16 0.11648493 
68 562 26 29 0.11481224 
185 425 19 22 0.11362838 
770 173 8 11 0.11147038 
624 126 7 10 0.111141816 
736 350 28 41 0.11105856 
367 325 13 16 0.11081894 
870 259 14 19 0.110521115 
490 167 8 11 0.10891515 
894 348 14 18 0.108522035 
685 80 8 10 0.107717276 
263 449 21 27 0.10569396 
500 166 9 12 0.105431914 
774 191 9 12 0.10456174 
359 292 11 13 0.104428634 
190 395 13 15 0.1029966 
353 465 16 19 0.10080112 
589 127 10 12 0.10029057 
822 539 44 53 0.09948185 
791 103 9 11 0.09907404 
151 426 23 32 0.09637484 
427 364 14 17 0.0962027 
395 315 13 16 0.09522446 
667 418 48 55 0.095034 
425 499 20 25 0.093470246 
334 311 11 12 0.091822624 
792 547 24 39 0.09074214 
819 234 12 13 0.09015284 
546 150 7 10 0.0900161 
755 331 15 18 0.08921335 
561 149 7 10 0.08904313 
665 127 8 10 0.08874073 
760 204 9 13 0.0879104 
813 258 13 19 0.08748937 
609 164 10 13 0.0869027 
348 428 15 19 0.08601876 
406 291 11 13 0.085938744 
496 161 7 9 0.08576404 
640 126 8 10 0.085037135 
107 478 26 39 0.084730186 
34 568 19 25 0.08467714 
561 145 7 9 0.082641475 
813 278 11 15 0.08147092 
806 278 13 16 0.08145245 
340 351 14 20 0.08109896 
791 205 10 14 0.080937214 
328 406 12 15 0.080926165 
809 78 9 10 0.07881351 
517 183 9 12 0.07580916 
270 409 14 18 0.075610414 
372 322 13 18 0.07529743 
414 375 12 16 0.07489893 
146 416 16 20 0.07475725 
855 237 10 14 0.07033487 
797 205 10 14 0.06981193 
511 186 10 12 0.068863906 
269 486 16 23 0.06810825 
396 323 13 17 0.06702747 
772 265 16 19 0.066068016 
613 159 11 13 0.06581922 
429 358 13 16 0.06494977 
374 330 12 16 0.064611994 
193 424 17 20 0.06369086 
784 81 8 11 0.06355409 
766 198 10 12 0.062389184 
553 143 7 9 0.06165456 
339 373 13 17 0.061604433 
809 72 8 11 0.06045393 
752 211 11 15 0.06018394 
395 346 14 18 0.060178246 
596 559 23 31 0.060064517 
779 284 20 26 0.06005298 
268 560 18 22 0.059946634 
305 480 18 22 0.05985673 
274 399 15 20 0.05963449 
544 145 7 9 0.058663413 
768 168 8 11 0.058198597 
792 195 11 15 0.05785747 
593 530 19 22 0.05773623 
787 275 14 18 0.0574504 
357 365 13 16 0.057390437 
20 572 27 28 0.056830104 
845 150 185 246 0.056826897 
721 352 15 21 0.056527562 
486 360 15 21 0.05648655 
875 205 17 17 0.056469087 
413 322 12 15 0.056112748 
621 622 28 42 0.056102253 
773 220 12 15 0.056042716 
769 190 9 12 0.055777993 
338 360 15 20 0.05530822 
757 218 11 16 0.05483672 
600 164 10 13 0.053632677 
239 392 15 19 0.053489666 
578 481 17 20 0.053070866 
798 318 22 25 0.052965384 
36 522 24 31 0.052699532 
383 436 14 20 0.05249328 
818 181 9 12 0.052463632 
421 407 22 29 0.052111387 
407 333 12 16 0.051964 
871 209 14 17 0.051859885 
334 301 10 12 0.051767845 
776 142 9 11 0.051509596 
626 174 9 13 0.05118345 
890 285 12 15 0.05073627 
697 112 7 10 0.05059307 
798 159 9 11 0.050587837 
264 388 15 19 0.0497325 
528 157 7 10 0.04952737 
164 429 16 25 0.049445573 
555 576 32 39 0.049383122 
581 157 8 11 0.049371704 
856 185 10 12 0.049333334 
773 156 10 12 0.04918345 
625 111 7 9 0.04892668 
860 364 15 18 0.048382614 
618 127 7 10 0.04830375 
5 568 26 33 0.048024487 
327 301 9 12 0.047773864 
900 352 15 20 0.047652584 
521 159 7 10 0.04765193 
205 402 14 18 0.0472419 
335 291 10 14 0.047146004 
581 151 9 11 0.046930023 
744 191 9 12 0.046909533 
346 422 25 29 0.046526928 
359 285 12 13 0.04620367 
765 331 13 19 0.04618104 
751 120 8 10 0.046083074 
903 285 10 14 0.046078254 
361 372 18 23 0.045744143 
799 211 10 14 0.045743797 
529 151 7 10 0.04548647 
83 455 20 21 0.045404077 
350 277 11 12 0.045259524 
771 332 12 18 0.045171887 
806 243 11 14 0.044971563 
538 143 7 9 0.044677164 
308 402 13 15 0.044266768 
353 413 27 34 0.044176474 
421 370 12 17 0.04362204 
366 318 13 15 0.04355332 
638 573 21 28 0.0435365 
219 360 14 18 0.043378945 
914 108 10 12 0.043301158 
775 148 9 12 0.04320264 
423 272 13 17 0.0428739 
567 143 7 10 0.042378325 
881 286 12 16 0.04229702 
888 259 12 16 0.042243123 
714 72 7 9 0.041627098 
400 286 10 12 0.04155166 
490 160 7 9 0.041195434 
765 112 8 11 0.040922545 
664 88 7 8 0.040681325 
438 168 11 13 0.04063579 
430 342 11 15 0.04032912 
540 488 18 22 0.04028559 
798 174 11 13 0.04023078 
688 63 9 9 0.040052712 
367 348 11 14 0.039880168 
687 84 8 10 0.039835583 
60 547 17 22 0.03966399 
601 159 9 13 0.039597802 
142 432 16 21 0.0393231 
189 391 22 25 0.039294194 
871 246 12 15 0.039178383 
380 329 13 18 0.039053496 
685 498 23 29 0.03878303 
752 102 8 11 0.038359106 
718 596 40 57 0.037408333 
528 173 10 12 0.0372113 
415 398 15 20 0.037205715 
768 156 9 12 0.036775608 
801 558 16 24 0.036766812 
744 120 8 10 0.03675685 
769 180 9 12 0.036690958 
348 285 11 14 0.03668419 
789 86 10 11 0.036683545 
429 495 15 17 0.036461737 
681 125 9 11 0.036391664 
317 426 18 23 0.036346957 
774 180 9 12 0.03615576 
896 267 10 14 0.036084905 
790 325 14 18 0.03589509 
408 316 11 14 0.035660002 
783 103 8 11 0.03543647 
741 195 10 13 0.03539931 
433 401 15 20 0.03539303 
632 127 8 10 0.035279974 
202 405 20 26 0.035249352 
606 168 12 15 0.035163656 
422 330 12 15 0.035065092 
792 135 7 10 0.035032917 
734 196 11 14 0.034976605 
501 170 10 13 0.03493922 
171 419 14 19 0.03492089 
550 150 8 10 0.0348787 
803 532 16 27 0.03473207 
177 504 25 29 0.034670252 
299 433 14 19 0.03461557 
472 528 25 31 0.034534954 
760 190 8 11 0.034421265 
533 174 10 13 0.03430028 
801 543 28 43 0.034264967 
600 538 18 21 0.03425191 
681 484 26 31 0.034213264 
350 473 13 18 0.034207053 
336 347 14 19 0.034198374 
299 474 18 22 0.034114353 
789 179 21 24 0.034068085 
601 522 17 20 0.03405408 
803 213 10 15 0.033789303 
210 490 27 32 0.03376901 
204 417 15 22 0.033712838 
783 108 9 11 0.033709887 
343 280 12 14 0.033692524 
796 276 13 17 0.033588707 
759 182 8 11 0.033292964 
262 411 13 17 0.033269826 
336 333 13 16 0.033250585 
762 166 8 11 0.033166733 
782 198 11 14 0.03310925 
426 398 16 21 0.032936867 
637 535 15 19 0.032877214 
52 549 20 29 0.03287428 
67 484 25 37 0.032805514 
849 237 11 13 0.032798808 
719 71 8 10 0.032785065 
267 517 19 27 0.032714486 
220 404 17 20 0.032603264 
884 344 20 27 0.032420937 
245 475 23 30 0.0323241 
246 418 13 18 0.032304104 
867 282 13 17 0.032187 
300 413 12 15 0.032182522 
77 440 21 28 0.03204724 
388 325 12 15 0.031859357 
783 188 10 13 0.03184396 
365 310 12 14 0.031745773 
600 171 9 12 0.03170467 
802 645 27 35 0.031649675 
545 171 11 15 0.031640805 
350 373 15 21 0.031628218 
450 351 15 20 0.031616945 
615 437 10 13 0.03156673 
279 584 28 36 0.031157888 
571 520 16 21 0.031081032 
218 412 21 26 0.030998746 
342 327 12 15 0.030970907 
227 395 15 18 0.030909091 
131 475 24 34 0.030799566 
631 133 9 10 0.03061084 
864 141 10 12 0.030592494 
858 195 11 15 0.030526329 
777 205 11 13 0.030500658 
846 159 8 11 0.030496906 
231 373 11 15 0.03047347 
339 316 12 15 0.030295042 
502 160 7 9 0.03024688 
545 157 8 10 0.030216333 
514 159 7 9 0.030130979 
577 150 9 10 0.030110655 
477 346 14 17 0.029887337 
752 80 7 9 0.029810777 
114 416 16 21 0.02980785 
485 189 11 14 0.02969952 
338 336 20 26 0.029531147 
715 474 18 20 0.02948498 
631 614 26 36 0.029473325 
766 213 12 16 0.0294168 
781 521 16 25 0.029348228 
32 546 27 36 0.029341292 
819 263 14 19 0.029211175 
772 304 14 17 0.029166726 
273 449 17 22 0.029109659 
637 461 24 26 0.0289877 
584 141 9 11 0.028952401 
208 399 21 28 0.028945025 
473 386 16 20 0.02883945 
352 220 9 11 0.028802568 
235 414 16 21 0.02878524 
211 423 14 21 0.028778737 
512 251 13 16 0.028512053 
838 197 9 12 0.028469414 
793 359 18 23 0.028415633 
411 362 14 18 0.028382992 
860 237 12 15 0.028361354 
670 160 9 10 0.0282841 
816 175 9 12 0.028265603 
838 190 9 12 0.028225038 
779 86 8 11 0.028136738 
862 243 12 16 0.028136216 
460 463 17 21 0.028045904 
745 95 8 9 0.027868547 
52 512 16 19 0.027797181 
576 143 9 11 0.027793033 
430 196 12 17 0.027770316 
622 178 10 13 0.02776135 
787 286 22 27 0.02769144 
421 175 9 12 0.027667018 
748 326 16 19 0.027640825 
800 78 9 10 0.027426051 
656 87 7 9 0.027419325 
399 270 9 11 0.027394544 
646 126 9 10 0.027389983 
420 378 13 17 0.02733263 
129 473 15 22 0.027308187 
840 175 10 13 0.027292985 
639 466 14 15 0.027119298 
720 144 12 15 0.027106917 
375 337 12 15 0.027047 
407 403 12 18 0.026916388 
813 243 12 15 0.026886899 
301 488 18 21 0.026845146 
745 79 8 9 0.026822453 
797 103 10 12 0.026790533 
696 116 8 11 0.026706036 
376 271 11 13 0.026703136 
753 182 8 11 0.02666936 
813 71 10 12 0.026549619 
900 269 10 13 0.026537066 
744 525 23 34 0.02653127 
669 126 9 11 0.026517214 
774 136 9 11 0.026489658 
721 88 9 11 0.026368275 
600 448 9 11 0.026322654 
341 262 12 14 0.026290536 
695 135 7 10 0.02629047 
349 484 11 14 0.026247727 
766 305 13 16 0.02620646 
374 276 10 13 0.026161863 
727 93 8 10 0.026137747 
366 300 11 13 0.026134754 
704 54 8 11 0.026099613 
323 329 13 16 0.026045369 
622 164 10 13 0.025988467 
232 380 11 13 0.025914151 
869 338 22 29 0.02586792 
750 94 8 10 0.025847146 
721 135 9 12 0.025795592 
894 121 11 14 0.025690502 
883 204 15 17 0.025522768 
708 34 402 458 0.025485795 
789 346 24 30 0.025462357 
513 150 7 10 0.025382288 
332 323 14 16 0.025379058 
625 569 26 30 0.025349697 
210 455 17 22 0.025255265 
864 291 12 15 0.02522223 
709 53 9 12 0.025207063 
562 526 18 22 0.02518287 
908 354 12 18 0.025167057 
699 473 12 17 0.02508468 
751 493 37 50 0.02505044 
767 227 12 16 0.024951307 
76 454 17 21 0.024854347 
648 160 9 11 0.024845904 
680 101 8 9 0.024813581 
319 438 23 29 0.024774015 
25 516 24 32 0.024769675 
732 252 12 17 0.024752723 
744 134 9 12 0.02475069 
365 356 12 16 0.024698753 
761 148 9 11 0.024607517 
873 252 15 18 0.02459074 
136 536 20 21 0.024541283 
928 243 15 16 0.0244776 
893 276 11 13 0.024443448 
250 344 16 19 0.024431061 
588 524 16 19 0.024418307 
191 406 22 26 0.024405064 
574 531 16 21 0.024388643 
767 149 10 12 0.024363605 
627 533 23 28 0.024285326 
749 189 9 12 0.024205798 
760 507 35 50 0.024163777 
565 149 8 11 0.024120774 
682 85 8 9 0.024099782 
374 304 10 11 0.02407676 
880 102 8 10 0.024064759 
630 119 8 10 0.024039898 
460 405 14 19 0.024010293 
220 526 26 33 0.023989463 
726 507 28 36 0.023968047 
725 142 11 15 0.023865946 
608 134 8 10 0.023853663 
823 189 8 12 0.023793878 
357 301 12 14 0.023787202 
862 134 9 11 0.023780733 
411 510 24 31 0.0237736 
180 418 17 22 0.023738366 
437 341 13 17 0.023582544 
768 135 9 11 0.023577627 
456 168 8 10 0.023498213 
326 294 11 13 0.023475258 
748 334 22 28 0.023473643 
827 258 15 19 0.023438849 
659 476 17 22 0.0233094 
66 487 16 23 0.023278043 
865 253 12 15 0.023162115 
792 141 8 10 0.023150781 
876 332 12 16 0.023105457 
728 89 7 9 0.023069086 
261 520 16 21 0.023056738 
546 166 9 13 0.0230018 
364 272 11 13 0.022990348 
346 346 13 18 0.022917151 
774 293 20 26 0.022913557 
799 165 9 12 0.022890478 
581 163 10 13 0.022849914 
671 95 8 11 0.022816883 
847 164 9 12 0.02280088 
659 442 42 53 0.022749782 
408 326 11 14 0.022720091 
694 63 8 10 0.022707831 
895 218 12 16 0.022648044 
202 572 29 39 0.022642575 
26 513 14 20 0.022642428 
892 358 16 20 0.022613838 
358 411 14 18 0.02260834 
823 521 31 42 0.022594225 
736 87 7 10 0.02253109 
186 465 17 22 0.022478372 
745 86 7 10 0.022462064 
760 85 7 10 0.022459177 
815 511 31 40 0.022431005 
608 568 17 25 0.022420377 
736 126 9 11 0.022363039 
761 174 8 11 0.022338903 
39 533 24 36 0.02229841 
840 109 8 11 0.022288006 
784 256 21 29 0.02227734 
912 101 11 12 0.022227438 
845 174 10 13 0.022186715 
355 271 19 23 0.022131842 
556 167 10 12 0.022094244 
777 103 8 10 0.022065545 
734 191 10 12 0.022060798 
800 218 10 14 0.022037735 
433 362 16 20 0.022026574 
725 249 14 17 0.021983597 
430 280 13 17 0.021953931 
788 198 18 24 0.021940017 
470 193 11 14 0.021925215 
783 300 22 26 0.021873618 
402 353 22 25 0.021806816 
510 174 11 13 0.021776589 
433 511 15 20 0.021767156 
686 117 8 10 0.02176703 
506 111 7 10 0.021650348 
885 219 13 15 0.021632006 
339 310 12 14 0.021608563 
374 357 11 14 0.021522814 
655 126 8 11 0.021490563 
761 111 9 11 0.021460535 
356 357 14 17 0.021408482 
466 339 22 28 0.021383524 
882 252 22 28 0.021383023 
847 243 10 14 0.02138197 
612 560 25 34 0.021370867 
344 359 21 30 0.021356616 
327 286 10 13 0.021345133 
614 631 57 74 0.021335503 
406 530 13 18 0.021322796 
861 213 11 15 0.021309717 
531 217 14 16 0.021297561 
341 372 20 26 0.021249965 
721 78 8 10 0.021180732 
365 339 14 17 0.021157011 
856 368 14 18 0.021131292 
536 149 7 9 0.021119485 
853 199 13 17 0.021103352 
37 584 26 37 0.021080555 
766 280 23 30 0.021066735 
722 520 26 34 0.021045353 
641 615 17 21 0.02101083 
766 143 10 11 0.02099868 
328 356 12 16 0.020998368 
644 505 14 18 0.020977262 
760 116 9 12 0.020952014 
799 71 9 11 0.020915875 
793 304 23 27 0.020911897 
705 79 7 9 0.02087248 
97 487 29 40 0.020801116 
331 439 14 20 0.020769492 
692 479 25 32 0.020727972 
145 424 19 25 0.020694833 
494 188 11 13 0.02068271 
383 327 21 25 0.02066574 
325 401 19 26 0.020602608 
229 388 12 16 0.020554107 
805 173 10 12 0.020550447 
521 149 8 11 0.020534381 
435 202 12 15 0.020517945 
104 495 31 43 0.020498652 
399 533 12 16 0.020495504 
251 386 14 18 0.020476667 
649 86 7 9 0.02044136 
838 261 12 15 0.020441124 
384 302 9 12 0.020421378 
351 290 11 15 0.020403527 
704 95 8 10 0.020376196 
704 87 8 10 0.02035486 
784 116 9 12 0.02028148 
467 495 15 21 0.020245742 
736 107 9 11 0.020210132 
463 326 12 15 0.020184932 
695 79 8 10 0.020149712 
779 537 29 45 0.020111756 
767 216 20 26 0.020086668 
644 473 14 16 0.0200198 
