5_Car_Accident_Accident_5_287
55
850 34 17 22 0.97808665 
118 9 393 467 0.18800807 
653 132 49 58 0.17398198 
895 64 16 20 0.08422506 
404 149 14 16 0.08068876 
393 162 16 17 0.05909561 
679 115 14 16 0.05779532 
396 154 15 16 0.049960006 
304 199 11 16 0.048477646 
898 53 16 19 0.04690541 
151 158 10 15 0.044210065 
158 138 10 15 0.041170806 
879 181 102 137 0.03777942 
767 101 8 10 0.035581112 
824 110 9 12 0.03484783 
380 95 9 11 0.034738638 
86 189 11 16 0.034132116 
174 68 54 80 0.034056026 
332 93 13 16 0.0340497 
782 91 12 15 0.034039523 
920 207 85 132 0.033957496 
225 211 14 19 0.033505123 
925 18 20 26 0.031095982 
390 72 10 12 0.028910607 
855 178 30 45 0.028854575 
783 99 10 12 0.028596839 
648 131 32 36 0.02802774 
816 52 10 13 0.02778777 
836 228 17 18 0.02744 
631 140 52 68 0.026553022 
413 131 12 14 0.026222723 
872 174 55 71 0.02613567 
750 111 9 11 0.025234485 
152 119 9 12 0.024858326 
438 5 10 14 0.024772678 
679 96 10 12 0.024246963 
892 34 43 51 0.024192657 
477 35 10 12 0.023950363 
388 126 12 14 0.023528088 
646 121 13 17 0.023415966 
200 190 9 11 0.023289239 
431 91 9 11 0.021979127 
948 253 85 131 0.021947494 
908 50 14 17 0.021922812 
380 130 14 16 0.021873895 
816 110 9 12 0.021731067 
775 95 10 12 0.02099504 
734 118 12 15 0.020960392 
736 101 8 10 0.020702621 
432 85 106 121 0.020678693 
155 145 13 17 0.020541465 
448 88 8 11 0.020119563 
401 159 17 19 0.020104911 
393 139 24 29 0.020063357 
415 76 10 13 0.020026304 
