5_Car_Accident_Accident_5_869
26
369 173 253 360 0.9997373 
466 1065 228 289 0.9138183 
757 1241 266 271 0.7641143 
350 914 442 458 0.4199127 
660 1123 411 446 0.38590035 
252 370 379 482 0.33553365 
558 1076 369 371 0.25195843 
858 303 145 210 0.14797038 
807 33 179 238 0.09442425 
712 770 172 350 0.09432308 
562 1130 166 236 0.08040288 
885 1289 158 183 0.05899296 
255 682 476 526 0.05651481 
143 543 397 482 0.05377614 
577 9 15 16 0.04556681 
1009 892 16 30 0.043462835 
756 856 116 206 0.04095555 
831 380 118 160 0.03331215 
364 549 360 458 0.030493604 
201 1029 528 544 0.030352632 
453 834 269 294 0.026729446 
-44 -12 375 497 0.024404969 
100 97 104 159 0.02425433 
673 345 354 450 0.023799503 
606 -1 13 12 0.022353308 
754 218 213 294 0.020188408 
