5_Car_Accident_Accident_5_34
70
762 67 24 29 0.98725975 
690 51 19 24 0.9390316 
608 62 19 25 0.9241236 
525 68 16 21 0.86832356 
93 76 14 17 0.27571672 
447 240 39 56 0.18946172 
572 223 104 123 0.18180735 
89 143 378 419 0.14463197 
651 71 12 15 0.13949893 
595 110 26 31 0.0953046 
653 84 15 18 0.09206357 
679 36 8 11 0.07009162 
693 206 415 463 0.06783641 
711 59 11 16 0.0676345 
668 56 15 17 0.05598666 
632 11 14 17 0.050465595 
665 16 9 12 0.050180137 
980 53 45 83 0.05002722 
429 253 46 63 0.04604672 
198 280 223 238 0.044642247 
680 32 8 10 0.04236748 
632 265 132 166 0.04191436 
149 35 12 15 0.041181672 
407 62 11 14 0.04090334 
268 117 18 21 0.040238805 
895 247 47 57 0.039045054 
564 5 16 19 0.03893474 
127 55 12 16 0.0389176 
664 59 12 13 0.038075116 
717 57 14 17 0.03772259 
405 278 48 60 0.036208265 
1003 236 14 17 0.036039434 
143 36 12 15 0.035043057 
686 29 9 10 0.032159623 
612 55 12 16 0.030966256 
738 72 14 19 0.030806841 
133 54 12 14 0.03074077 
212 52 11 14 0.030625738 
38 65 21 28 0.029876063 
716 51 24 29 0.029541174 
635 82 14 18 0.0294514 
569 202 168 200 0.029340742 
631 75 12 16 0.028882485 
478 69 12 17 0.027307617 
646 4 14 16 0.026459634 
761 34 11 13 0.025679935 
395 297 45 61 0.025433704 
739 35 14 16 0.024942981 
564 100 21 31 0.0246108 
631 58 11 16 0.024021588 
645 70 20 24 0.024011623 
957 30 80 137 0.02365886 
190 29 11 14 0.02354598 
689 24 8 10 0.023403961 
621 35 12 14 0.02286933 
673 5 10 13 0.022714872 
765 36 10 12 0.022530315 
517 44 13 17 0.022424731 
703 48 24 28 0.022103969 
85 77 27 30 0.02184443 
516 55 22 29 0.021744266 
907 275 90 101 0.021666951 
420 269 35 42 0.0215032 
627 324 92 144 0.020992339 
478 33 14 18 0.020855822 
709 25 14 16 0.020765767 
624 69 23 30 0.020704634 
984 -4 40 56 0.02047729 
651 143 31 35 0.020427076 
751 67 22 31 0.020017004 
