5_Car_Accident_Car_Crash_5_365
81
276 159 36 39 0.9855267 
924 180 30 32 0.435525 
930 138 16 20 0.39248437 
502 342 94 118 0.24505173 
542 358 228 267 0.20935163 
772 262 46 59 0.16019095 
689 37 11 13 0.1304686 
916 146 26 31 0.118812874 
917 161 32 37 0.10939835 
698 311 33 33 0.101455875 
702 18 13 14 0.10033678 
222 123 12 14 0.08061399 
656 26 11 13 0.07457275 
932 156 29 31 0.07401429 
835 606 30 45 0.07162261 
757 268 14 17 0.070257224 
687 32 11 13 0.06418522 
708 19 11 13 0.059171934 
467 288 377 439 0.059037596 
705 291 30 35 0.05667018 
958 247 14 17 0.05187517 
785 246 96 111 0.051028103 
368 354 13 17 0.04991605 
395 418 18 22 0.04900368 
1011 278 11 15 0.048636302 
926 134 15 18 0.045683373 
260 306 90 104 0.044357777 
697 21 10 12 0.042197753 
719 294 48 54 0.041769434 
335 0 31 26 0.03910471 
827 195 16 15 0.036226828 
421 368 53 64 0.036022823 
202 260 400 470 0.035135265 
605 408 148 161 0.03492874 
693 38 13 19 0.0335701 
414 -1 18 13 0.033078063 
916 136 42 50 0.032141224 
340 -2 49 44 0.03164534 
700 43 12 15 0.03131354 
900 182 13 14 0.030842785 
928 150 20 24 0.030840475 
700 3 11 13 0.030557351 
938 170 20 21 0.029888783 
390 554 13 16 0.029410265 
730 437 14 16 0.028486889 
615 21 13 15 0.028470607 
370 385 199 244 0.02803818 
720 21 8 12 0.028025245 
939 145 13 18 0.027783558 
947 156 17 20 0.02712722 
749 272 48 59 0.027015245 
620 0 14 12 0.026898628 
939 154 18 21 0.026873719 
756 263 26 32 0.026610954 
351 1 22 18 0.026025634 
954 240 25 29 0.025646709 
672 650 27 30 0.025326656 
581 402 34 32 0.02506775 
685 32 19 25 0.02502861 
911 152 15 21 0.024889823 
636 467 66 74 0.024541527 
505 61 30 35 0.024075458 
936 180 21 20 0.023683699 
799 185 71 55 0.02367337 
646 500 33 40 0.023307981 
516 -93 210 234 0.023259366 
324 478 238 264 0.023077833 
673 59 9 12 0.022448853 
670 0 8 8 0.021685215 
743 261 86 109 0.021676745 
534 0 11 11 0.021676041 
607 53 13 15 0.021664625 
223 120 19 24 0.020655025 
938 134 13 16 0.020609817 
764 265 31 37 0.020570546 
694 13 22 26 0.020555846 
668 300 16 17 0.02047105 
698 14 11 13 0.020441622 
648 27 10 13 0.020434322 
227 118 12 15 0.020120747 
987 377 28 36 0.020059308 
