33_Running_Running_33_760
45
428 351 98 120 0.9994686 
693 231 101 106 0.7934011 
179 298 120 140 0.7859127 
587 152 30 35 0.1796048 
50 656 242 297 0.17552987 
133 223 216 242 0.16967522 
290 74 196 289 0.16270526 
503 254 370 474 0.15334977 
757 258 41 52 0.13144816 
173 684 15 20 0.10669007 
605 163 180 229 0.103848405 
745 489 118 133 0.090851985 
212 34 353 439 0.08741427 
-2 -123 392 472 0.07876509 
565 183 86 142 0.07586651 
340 167 115 174 0.071107894 
335 24 394 511 0.06317826 
290 285 96 151 0.05895351 
348 1056 65 79 0.056698415 
658 532 170 224 0.04611381 
106 672 72 76 0.040497825 
560 470 239 264 0.038763676 
536 494 330 430 0.0387294 
120 768 143 201 0.036448006 
47 694 53 81 0.0343845 
556 740 26 36 0.031820387 
655 933 99 142 0.031226596 
155 676 28 34 0.029980307 
62 123 339 429 0.029018534 
502 129 196 273 0.026699144 
593 595 221 245 0.026006868 
245 766 331 436 0.025888378 
625 375 222 253 0.025530467 
238 336 76 88 0.024814334 
80 729 33 43 0.023812637 
757 390 150 176 0.023547927 
175 689 25 34 0.02323034 
79 677 57 70 0.022783926 
538 218 96 153 0.02254034 
85 604 124 134 0.02209262 
797 286 171 268 0.021360362 
169 708 32 34 0.021275904 
668 1023 61 75 0.021256218 
485 515 65 71 0.020150835 
150 682 14 18 0.0200007 
