33_Running_Running_33_747
41
765 182 11 13 0.74328154 
612 419 50 62 0.7325216 
421 399 54 79 0.5040816 
300 424 34 40 0.37211108 
699 464 31 43 0.2556273 
606 401 23 33 0.08868352 
305 413 52 59 0.08239165 
560 301 10 14 0.07695252 
783 301 8 10 0.057615835 
799 292 9 12 0.05334257 
328 404 36 43 0.052573323 
769 263 9 11 0.05112556 
788 196 11 15 0.048087265 
769 181 13 15 0.04701244 
762 185 10 13 0.041009825 
683 461 51 67 0.040928163 
784 309 8 11 0.039321374 
-75 89 451 471 0.037929256 
613 329 14 16 0.03700875 
781 295 10 12 0.036908966 
766 310 7 10 0.03642984 
596 305 14 19 0.035473228 
611 398 13 18 0.033994336 
563 295 12 15 0.033310328 
784 191 11 13 0.03178763 
556 305 13 17 0.026998458 
618 325 15 18 0.026531762 
766 304 8 12 0.02607893 
640 285 12 13 0.025529377 
773 267 9 12 0.025153283 
552 279 9 11 0.024818286 
608 299 22 28 0.024589477 
555 349 25 31 0.024338793 
780 318 10 12 0.022663247 
823 285 11 14 0.022068623 
944 211 13 15 0.021848725 
792 255 8 10 0.021532184 
600 392 80 102 0.021182865 
791 315 11 13 0.020564778 
704 329 25 28 0.020246942 
774 284 10 14 0.020101156 
