33_Running_Running_33_316
150
859 203 44 60 0.99825543 
759 152 50 69 0.99782526 
405 184 45 56 0.9957104 
629 182 43 56 0.9946582 
218 166 45 57 0.99128187 
350 171 42 55 0.98566324 
853 114 15 20 0.98269445 
264 171 37 50 0.98206526 
524 223 42 53 0.98020935 
153 188 41 52 0.979539 
692 151 22 27 0.97775316 
477 227 37 38 0.966266 
572 131 15 19 0.935403 
428 126 15 18 0.9230757 
893 121 14 18 0.9221387 
326 172 30 42 0.902904 
547 125 13 16 0.87951183 
915 134 11 15 0.80407715 
667 132 14 18 0.8035764 
717 138 16 20 0.7218108 
820 112 15 18 0.6654543 
286 103 13 18 0.6132906 
424 159 37 42 0.5473153 
183 131 16 21 0.4909998 
244 166 45 59 0.44574562 
474 130 12 15 0.42095324 
269 125 14 19 0.41137025 
787 123 12 16 0.3806341 
103 160 11 13 0.3593327 
459 119 13 14 0.34214604 
647 113 18 21 0.25603852 
41 174 11 13 0.25382817 
501 223 45 55 0.21760204 
510 139 12 14 0.18393473 
474 136 15 20 0.17086114 
35 115 13 14 0.15709504 
479 102 10 14 0.15222585 
409 111 9 12 0.15062875 
46 110 13 16 0.12631916 
769 308 25 30 0.12561242 
652 123 23 29 0.12018164 
108 159 10 13 0.1059929 
625 328 32 37 0.10129351 
326 175 18 26 0.098576576 
597 123 12 16 0.09041699 
674 62 11 14 0.08506375 
503 90 12 17 0.08296621 
647 145 12 16 0.0824485 
824 131 12 15 0.07992279 
98 159 10 12 0.07807388 
384 100 8 11 0.07235173 
326 107 11 13 0.071488045 
416 153 30 36 0.06699125 
471 193 26 30 0.06529363 
184 69 25 35 0.062146228 
73 175 11 12 0.06118226 
780 122 22 27 0.060752027 
96 208 10 13 0.0599637 
472 107 10 13 0.057878554 
471 143 14 19 0.05541393 
662 134 22 28 0.05507112 
367 137 13 15 0.051409934 
325 137 12 16 0.051163297 
112 175 8 11 0.050835263 
375 112 10 12 0.050486665 
943 195 12 16 0.0489958 
478 95 10 13 0.048731495 
876 147 11 15 0.046841126 
814 119 15 18 0.046598587 
119 158 10 12 0.045636762 
337 118 10 13 0.043712694 
898 388 14 20 0.04305073 
848 181 29 35 0.03900936 
647 135 24 30 0.037618354 
673 135 14 19 0.037183024 
942 234 14 17 0.03644012 
547 138 15 18 0.035683706 
689 143 35 43 0.035567194 
382 110 10 12 0.03509132 
75 179 12 15 0.034790337 
467 219 31 38 0.034652703 
467 118 12 14 0.03401585 
514 134 11 15 0.033705264 
124 434 140 203 0.03275946 
333 110 10 13 0.031924557 
43 242 11 14 0.031864326 
587 120 22 26 0.0318156 
463 90 10 13 0.031673126 
392 109 10 12 0.03139172 
580 126 22 26 0.030958911 
453 118 18 23 0.030951079 
703 140 22 28 0.030695254 
492 235 32 41 0.03050505 
397 110 10 12 0.029804252 
499 162 26 30 0.029742725 
684 210 19 23 0.029039342 
818 115 21 26 0.028865624 
568 128 13 17 0.028388066 
837 115 11 17 0.028310494 
471 91 10 13 0.02821989 
680 39 10 11 0.027351715 
843 338 16 22 0.02687352 
274 129 15 18 0.026757851 
366 103 9 10 0.026709383 
482 196 16 19 0.026086845 
336 167 37 47 0.025926443 
452 130 12 15 0.025817404 
141 208 13 18 0.02569241 
389 102 9 12 0.025589433 
353 442 35 53 0.024742885 
927 226 27 33 0.0246336 
38 169 17 22 0.024625855 
104 172 10 12 0.024244053 
496 92 12 15 0.024210483 
447 132 12 16 0.02413715 
481 139 13 18 0.024050755 
620 168 35 44 0.023903081 
32 122 12 14 0.023728516 
414 152 17 21 0.023636097 
332 132 12 16 0.023473563 
494 98 11 15 0.023398088 
53 174 10 14 0.023293087 
950 164 13 17 0.023018464 
607 163 25 31 0.022936571 
504 133 11 16 0.022707643 
647 32 8 10 0.022669194 
142 124 10 13 0.022665286 
569 134 24 26 0.022591127 
607 184 29 40 0.022502465 
36 103 13 16 0.022379626 
668 74 13 16 0.022286143 
61 179 10 14 0.021929678 
540 238 47 59 0.02166465 
639 102 12 15 0.021546645 
335 124 11 15 0.021533025 
316 129 24 30 0.021432038 
441 150 24 34 0.021333227 
603 120 11 14 0.021329634 
920 235 10 14 0.021214008 
877 155 12 16 0.02103389 
616 191 33 42 0.020860897 
662 77 12 15 0.020792628 
419 171 45 57 0.02079212 
507 83 14 20 0.020769274 
511 98 9 14 0.020761352 
648 200 33 41 0.020697733 
591 155 12 16 0.020393897 
100 156 18 22 0.020285536 
373 149 12 16 0.02026341 
472 202 34 42 0.020155955 
