33_Running_Running_33_286
39
481 293 52 70 0.9990202 
23 485 10 12 0.24871159 
678 473 8 11 0.06542752 
28 484 10 13 0.059944857 
69 492 9 11 0.055402733 
85 485 8 11 0.04819851 
717 473 9 12 0.043872565 
54 492 10 11 0.0437938 
921 473 7 9 0.043455135 
695 478 9 11 0.03950813 
834 728 6 8 0.037061602 
1005 368 12 16 0.03581263 
890 472 7 8 0.03438841 
865 476 8 10 0.033141017 
793 645 8 10 0.032548927 
19 487 9 11 0.03229495 
741 358 10 14 0.028925506 
872 476 8 11 0.028890137 
65 488 8 11 0.028124852 
797 541 11 15 0.02765989 
825 726 6 8 0.027296802 
737 469 8 10 0.025907949 
841 654 8 9 0.025690094 
6 494 8 11 0.024694521 
712 472 9 11 0.023659516 
38 487 8 10 0.023468524 
865 409 9 10 0.02336977 
692 478 8 10 0.02271398 
641 485 8 10 0.022604093 
1009 408 9 12 0.022202708 
81 481 8 10 0.021961464 
713 476 10 12 0.02171978 
5 499 9 12 0.02158516 
825 721 7 8 0.020991178 
508 893 13 15 0.020474598 
895 472 8 9 0.020385012 
869 639 9 11 0.020376613 
7 479 8 9 0.020373954 
790 538 12 16 0.020252792 
