33_Running_Running_33_44
43
752 36 53 81 0.9989278 
613 74 49 72 0.99709475 
137 47 8 10 0.05175409 
530 201 14 16 0.048782893 
161 406 8 10 0.042923246 
168 294 8 10 0.04267065 
160 400 9 10 0.0405855 
184 414 8 9 0.037742727 
168 439 9 11 0.034571968 
176 398 8 10 0.034508597 
807 55 35 46 0.032381937 
191 408 9 10 0.031365976 
135 495 9 11 0.031353377 
191 431 8 9 0.031017099 
438 608 9 11 0.030444544 
151 417 8 9 0.029888317 
433 608 8 11 0.029500198 
139 519 8 10 0.029095784 
185 409 7 9 0.028174562 
126 196 11 13 0.027415795 
175 392 9 10 0.02699552 
185 431 8 9 0.026730936 
135 206 9 11 0.02638896 
143 513 7 10 0.025717374 
190 415 8 9 0.025185654 
473 582 8 10 0.024547487 
150 374 8 11 0.024162708 
177 463 8 11 0.024152305 
200 415 7 9 0.0232169 
182 463 9 11 0.023147838 
151 399 8 10 0.023027683 
418 590 9 11 0.021937793 
192 439 8 9 0.021774402 
558 218 27 31 0.021504454 
193 399 8 9 0.021434426 
153 503 8 10 0.021245526 
999 551 10 12 0.02121109 
152 334 8 10 0.021146381 
168 423 8 10 0.021089064 
177 415 7 9 0.020555029 
191 423 7 10 0.020366047 
439 613 11 13 0.020118019 
199 405 8 10 0.020113287 
