33_Running_Running_33_341
49
511 261 66 89 0.9973302 
198 852 12 15 0.06661323 
220 845 13 15 0.066575594 
181 838 12 15 0.050695404 
592 254 40 53 0.044144493 
165 390 34 46 0.042243518 
158 825 16 19 0.037019458 
603 260 18 25 0.03551352 
446 928 9 10 0.03371266 
250 869 10 13 0.032200165 
536 245 73 99 0.03196896 
812 609 24 37 0.030967588 
956 1160 53 62 0.030624688 
719 952 10 12 0.028124835 
296 854 11 14 0.027631138 
236 829 13 15 0.0276012 
206 822 11 14 0.026686395 
174 378 52 70 0.02644189 
390 885 10 12 0.025817491 
408 918 8 11 0.025661066 
75 149 24 28 0.025632212 
155 353 94 133 0.024997905 
845 539 28 36 0.02494767 
390 925 10 13 0.024505688 
234 -7 391 527 0.024315406 
239 896 10 13 0.02411193 
22 157 25 36 0.02405065 
398 927 10 12 0.023305858 
131 842 15 17 0.023131453 
161 325 33 46 0.023084145 
554 521 45 49 0.022733994 
176 843 12 16 0.022407426 
310 9 228 272 0.022304593 
924 1125 102 112 0.022197183 
136 1005 9 12 0.022022666 
207 860 11 13 0.021920603 
246 805 10 11 0.021877233 
2 1156 20 34 0.021516012 
510 321 201 231 0.021498721 
586 261 29 35 0.021413801 
164 835 12 15 0.02139867 
167 844 11 13 0.021246668 
449 992 10 10 0.02124057 
389 917 11 14 0.021233201 
241 885 11 13 0.021160983 
469 72 109 133 0.021151364 
283 847 12 13 0.020942057 
241 807 9 11 0.020830471 
850 589 36 46 0.02078988 
