33_Running_Running_33_786
223
504 126 32 36 0.9993445 
520 237 31 37 0.99816906 
503 460 36 42 0.9959204 
917 452 21 29 0.9896604 
130 375 27 32 0.9888285 
731 455 33 41 0.9861399 
314 372 16 20 0.95063794 
943 351 15 20 0.94082046 
900 121 13 15 0.84762216 
91 457 12 15 0.81405395 
333 255 15 18 0.8030413 
886 338 14 19 0.76883274 
952 112 16 22 0.7595101 
47 465 14 16 0.74767315 
333 459 25 31 0.6015637 
182 372 15 20 0.55019814 
963 151 29 33 0.43697977 
143 463 13 16 0.34000722 
848 137 7 10 0.31331947 
946 152 14 20 0.2646426 
711 334 15 17 0.25797895 
279 228 14 18 0.24514094 
886 149 16 19 0.22007264 
979 341 12 16 0.21490516 
878 339 15 19 0.20737752 
701 121 29 33 0.20726311 
58 391 26 27 0.15822984 
953 148 26 31 0.15640646 
919 135 9 10 0.156244 
75 109 26 37 0.1510617 
688 329 14 17 0.14826064 
512 340 9 12 0.12897547 
535 397 13 16 0.12067424 
992 366 11 14 0.11701852 
47 238 9 11 0.11385959 
927 506 13 16 0.11118678 
350 116 32 36 0.108214326 
897 132 12 13 0.10101793 
950 117 24 29 0.09918038 
946 139 15 19 0.09382347 
113 248 9 11 0.088581726 
880 142 10 13 0.08747957 
884 142 12 14 0.07329323 
296 266 14 19 0.07308354 
93 177 28 33 0.069238506 
959 114 18 21 0.0689432 
923 155 13 17 0.06880385 
901 138 12 14 0.06866183 
804 136 11 16 0.06739602 
84 118 34 43 0.06715707 
293 80 94 108 0.06707913 
499 396 14 17 0.06686702 
493 400 16 19 0.066425376 
322 99 57 64 0.06404025 
947 130 25 31 0.06263812 
671 235 14 19 0.061853953 
919 139 12 15 0.060448408 
90 381 24 33 0.05978228 
105 232 9 13 0.05842593 
714 90 14 17 0.057152677 
872 341 13 17 0.055264786 
43 245 12 14 0.054540433 
270 331 13 15 0.054453574 
875 376 13 17 0.05357952 
871 149 10 12 0.053482354 
918 146 13 15 0.05310174 
987 347 13 16 0.052312315 
717 357 14 19 0.0518733 
991 356 11 16 0.05138464 
912 134 10 13 0.051291153 
247 454 10 13 0.050903145 
49 233 9 12 0.04974104 
848 150 8 10 0.049153898 
709 341 15 20 0.049084913 
535 396 22 26 0.048702437 
17 502 11 12 0.04857476 
444 332 10 13 0.047732633 
8 268 9 12 0.047467057 
965 134 27 32 0.04567526 
978 227 12 14 0.044582337 
710 353 23 32 0.044012118 
143 458 20 27 0.043538325 
328 454 39 53 0.04334996 
294 253 22 28 0.04210367 
948 129 15 19 0.041039187 
366 335 11 15 0.04101268 
109 237 9 11 0.04062724 
75 386 16 21 0.040051814 
926 498 22 28 0.039799217 
53 237 8 11 0.03888013 
935 124 9 13 0.038446497 
857 514 9 11 0.038444504 
694 325 22 27 0.03842841 
548 395 14 18 0.038081896 
542 391 15 16 0.037684146 
886 135 10 13 0.03766564 
188 367 12 18 0.0375618 
344 465 15 18 0.036006495 
639 236 10 14 0.03584777 
888 334 22 27 0.03575454 
955 373 12 14 0.035753928 
925 146 13 18 0.03563908 
72 115 12 16 0.035539992 
43 271 12 15 0.035425227 
894 126 21 23 0.03526274 
983 367 22 29 0.034379642 
932 494 15 18 0.034169897 
969 147 18 21 0.034033112 
969 288 8 10 0.03388813 
871 516 8 10 0.03358976 
322 407 13 15 0.033513602 
1005 325 11 13 0.033122763 
843 135 7 10 0.03303077 
549 337 11 14 0.03286736 
711 134 18 21 0.03256007 
714 345 16 20 0.03230694 
871 365 24 31 0.03216267 
220 242 16 18 0.031567395 
880 135 10 12 0.031549092 
973 223 14 16 0.031099584 
13 270 8 11 0.031082476 
305 297 15 18 0.03107309 
975 340 20 25 0.03084207 
920 129 9 12 0.03079043 
539 408 16 19 0.03027276 
873 142 9 13 0.030199774 
867 330 25 30 0.030010642 
134 248 9 10 0.029740898 
643 291 17 20 0.029650433 
627 229 15 18 0.029619215 
495 361 12 18 0.029407054 
933 115 11 16 0.029326018 
715 96 16 21 0.029272169 
235 466 23 32 0.029145448 
419 163 13 16 0.02893508 
217 248 24 29 0.028895408 
484 411 14 16 0.028764658 
261 259 22 28 0.028455067 
126 245 9 12 0.028166726 
617 294 10 15 0.027964268 
762 236 15 17 0.027955137 
506 334 10 12 0.027304262 
631 90 24 28 0.027278274 
54 253 9 12 0.027099583 
80 381 22 30 0.027095594 
81 396 27 35 0.027076235 
906 123 11 14 0.027023932 
704 93 23 28 0.026700918 
960 116 24 31 0.026576864 
733 286 12 15 0.026564758 
968 244 11 15 0.02652114 
901 114 12 14 0.026396308 
286 225 11 15 0.02632627 
136 252 8 11 0.026227575 
118 245 11 13 0.025911974 
58 368 25 29 0.025742808 
853 134 9 12 0.02570291 
619 232 17 19 0.025530137 
713 332 23 29 0.025257802 
885 362 14 16 0.025245594 
442 325 11 14 0.025063211 
448 339 9 13 0.024898319 
236 115 45 65 0.024877887 
999 324 12 15 0.02470992 
228 249 13 16 0.024683623 
440 396 13 15 0.024595039 
173 348 11 13 0.024467867 
190 324 10 11 0.024427079 
179 379 18 22 0.024403416 
430 410 13 16 0.024244232 
690 334 16 18 0.024222495 
414 409 23 29 0.024205988 
853 150 9 12 0.024081446 
505 394 13 16 0.023997404 
323 416 14 17 0.0237536 
722 338 14 18 0.023632413 
687 115 32 38 0.023217257 
980 353 14 17 0.023161495 
52 377 16 20 0.022930421 
848 158 9 11 0.022894792 
927 126 9 11 0.02285683 
860 526 11 12 0.022579895 
714 244 16 18 0.022519838 
869 333 14 18 0.022494873 
444 209 13 16 0.022416787 
944 134 12 16 0.022326991 
919 163 11 13 0.022049615 
841 150 8 10 0.021955432 
244 350 16 17 0.021911394 
974 287 8 9 0.021857062 
55 259 9 11 0.021851234 
869 155 10 13 0.021817986 
118 379 26 33 0.021732394 
55 246 9 11 0.021699393 
639 241 12 16 0.021695705 
632 282 26 30 0.021667851 
912 147 11 15 0.021663606 
947 359 14 18 0.021625808 
634 293 29 35 0.021625333 
968 317 10 12 0.02139414 
887 520 9 11 0.021316627 
90 448 23 26 0.02126879 
75 107 18 23 0.021268394 
54 435 15 17 0.02110877 
685 318 23 27 0.02110021 
980 396 17 20 0.02101476 
505 340 10 12 0.02100995 
412 179 12 16 0.020747764 
991 325 10 13 0.020701524 
8 514 10 14 0.02069642 
719 456 30 37 0.020635858 
127 398 27 36 0.020542769 
90 123 48 55 0.020510161 
271 232 14 16 0.020490948 
747 450 33 42 0.020295367 
936 134 9 13 0.020275889 
393 94 10 13 0.020251406 
873 344 24 28 0.020230934 
693 100 29 35 0.020230036 
645 95 13 15 0.020209925 
894 140 13 14 0.02011844 
925 135 9 11 0.020112298 
192 239 10 12 0.020089924 
