11_Meeting_Meeting_11_Meeting_Meeting_11_375
26
774 134 94 175 0.99916124 
466 163 110 158 0.9989768 
229 173 94 122 0.9981852 
78 208 68 83 0.99509865 
424 134 109 163 0.8731636 
346 467 44 56 0.4359825 
416 136 64 119 0.27336386 
817 158 107 175 0.26074594 
39 186 93 118 0.07749967 
58 541 14 17 0.050643817 
169 539 194 265 0.04963885 
366 126 85 125 0.044942036 
827 256 116 141 0.044151034 
734 110 99 190 0.039988026 
263 148 90 118 0.033636883 
116 221 58 76 0.029372776 
397 666 30 35 0.027768383 
858 181 105 180 0.02774396 
2 532 32 41 0.026444485 
76 202 41 58 0.024109252 
51 540 25 25 0.023051633 
341 342 40 36 0.02255061 
359 456 32 40 0.02253787 
337 348 65 70 0.022211028 
843 596 42 41 0.02165604 
324 141 86 118 0.021451749 
