11_Meeting_Meeting_11_Meeting_Meeting_11_807
52
554 26 43 57 0.99772555 
410 77 45 53 0.995084 
893 249 71 88 0.99042714 
773 98 55 72 0.97840196 
627 78 40 56 0.9742688 
980 180 29 45 0.76724315 
281 160 48 47 0.7470886 
692 427 72 88 0.7022544 
104 206 58 56 0.27817288 
707 443 106 92 0.253604 
965 184 49 72 0.22194798 
868 352 51 60 0.1195893 
308 111 31 35 0.102172665 
664 208 133 123 0.08944269 
877 140 101 121 0.07836266 
893 186 104 127 0.062564775 
376 229 18 21 0.059669897 
218 315 426 486 0.05696769 
824 56 19 24 0.05519632 
385 73 16 18 0.0510708 
925 154 82 113 0.049321502 
303 164 41 36 0.046008773 
365 228 23 29 0.043203235 
170 176 111 117 0.0426546 
299 127 47 48 0.042415563 
266 139 78 79 0.03995015 
926 3 13 17 0.039569855 
672 84 26 39 0.03904153 
133 201 36 52 0.036000878 
650 395 106 131 0.035888087 
501 47 27 35 0.030675154 
232 339 95 139 0.030284919 
137 196 67 77 0.02939006 
946 174 51 70 0.029055705 
269 149 38 47 0.02866763 
249 392 227 328 0.028612075 
332 114 15 20 0.027784659 
355 243 47 55 0.02721018 
270 249 31 43 0.026002424 
996 36 11 16 0.025970688 
483 38 41 49 0.025518697 
864 232 75 90 0.025182711 
772 440 69 70 0.025036622 
802 198 27 45 0.02428205 
673 -17 344 433 0.023686709 
722 120 30 31 0.022478523 
313 144 35 41 0.02200323 
805 50 43 53 0.021606153 
251 155 41 45 0.021166705 
325 18 42 42 0.020638563 
768 48 44 58 0.020506892 
356 237 30 39 0.020069765 
