11_Meeting_Meeting_11_Meeting_Meeting_11_223
25
613 560 55 89 0.9936412 
343 59 145 189 0.9441761 
454 648 44 47 0.8690756 
703 462 22 21 0.21014206 
111 572 86 130 0.20908695 
129 570 50 89 0.12093227 
914 73 13 17 0.06852065 
545 553 51 81 0.06689261 
245 90 415 486 0.04124413 
99 532 147 198 0.03535834 
915 81 13 18 0.032288563 
400 488 22 29 0.029692579 
896 612 31 40 0.027899353 
468 122 11 14 0.026371228 
431 511 28 31 0.026106508 
566 566 48 78 0.024069319 
470 -1 119 126 0.022839822 
775 485 11 14 0.022441441 
486 405 10 13 0.021952933 
157 553 37 34 0.021248939 
609 454 10 13 0.020928372 
11 73 97 128 0.020752804 
134 566 32 52 0.020278407 
876 78 14 16 0.02024515 
692 460 13 16 0.020143475 
