11_Meeting_Meeting_11_Meeting_Meeting_11_441
121
648 291 28 35 0.99883884 
255 304 25 47 0.99875295 
553 279 27 33 0.99616086 
403 278 24 37 0.9960829 
732 290 25 38 0.9937503 
460 274 25 33 0.99226767 
740 332 29 40 0.9553901 
130 363 41 71 0.85455644 
623 320 24 31 0.8247615 
374 310 27 37 0.811395 
751 329 31 47 0.8107299 
906 584 102 116 0.7155395 
159 492 71 74 0.68276525 
399 361 41 50 0.3708191 
742 297 28 32 0.31742892 
600 226 10 14 0.2883173 
426 354 28 46 0.22842166 
734 310 36 49 0.21501522 
768 332 29 45 0.19076587 
817 342 36 57 0.17233649 
223 201 14 17 0.17183569 
781 337 37 54 0.16160089 
871 254 13 17 0.14602864 
927 561 74 85 0.1446219 
193 478 59 83 0.13721594 
627 435 26 29 0.13501044 
848 256 11 15 0.13429058 
329 298 26 37 0.13157396 
797 341 42 59 0.123697944 
571 247 12 13 0.12324047 
556 229 9 13 0.094517685 
248 173 12 16 0.09324504 
231 162 14 18 0.09155916 
218 638 60 45 0.08203914 
359 318 32 37 0.076926224 
670 10 12 17 0.074976 
845 355 44 49 0.07236653 
867 340 35 48 0.072100736 
856 235 10 14 0.06894296 
381 367 41 43 0.066869035 
215 184 10 13 0.06536927 
558 235 9 13 0.06257601 
803 211 11 16 0.061499763 
191 495 89 114 0.059820894 
246 164 11 16 0.058157936 
221 165 11 14 0.057957362 
589 237 12 14 0.056626108 
391 281 27 35 0.054357927 
223 187 12 14 0.054330904 
584 391 13 18 0.053871762 
274 636 52 55 0.050606646 
221 210 16 19 0.05016764 
404 646 25 35 0.047898177 
733 286 15 22 0.046969283 
579 497 16 19 0.044813618 
803 365 51 68 0.044507515 
149 351 44 79 0.04395207 
118 449 80 110 0.041285686 
373 356 32 49 0.040033154 
676 293 13 18 0.03993091 
250 311 41 61 0.038372625 
573 486 27 30 0.03804057 
614 249 12 15 0.03777368 
306 135 27 32 0.037720017 
590 468 30 36 0.03694459 
758 298 19 23 0.036016997 
217 171 10 13 0.035488736 
775 11 11 15 0.03488266 
204 203 13 15 0.034488257 
615 244 11 13 0.034191225 
384 292 28 40 0.03312329 
226 473 54 86 0.03306079 
585 238 9 13 0.032837827 
581 365 27 36 0.032564927 
400 462 55 55 0.032408282 
896 213 12 17 0.032352403 
544 307 17 23 0.032132905 
620 245 10 12 0.031336788 
228 183 12 14 0.031237032 
594 228 21 25 0.03034553 
238 167 12 16 0.030195668 
561 394 16 19 0.029865513 
111 375 48 73 0.029615058 
257 465 47 76 0.029446015 
252 157 11 14 0.029252011 
125 382 55 86 0.02911028 
831 369 51 63 0.029106453 
600 309 377 466 0.028683927 
681 270 10 13 0.028098166 
563 490 25 29 0.027714496 
134 499 90 113 0.027294094 
412 409 51 65 0.027125606 
257 289 30 44 0.027117217 
214 619 12 14 0.026309557 
995 257 13 16 0.026172312 
338 323 39 38 0.026001604 
328 307 14 21 0.025923695 
247 159 11 14 0.025689421 
880 213 9 14 0.02491452 
977 459 51 64 0.02452444 
859 229 10 14 0.024172945 
912 272 24 32 0.024061596 
976 261 9 12 0.023700524 
601 477 36 37 0.023270315 
610 393 15 19 0.02279459 
583 244 10 13 0.022565197 
241 161 19 26 0.02246211 
255 221 12 14 0.02235908 
399 380 49 65 0.022099074 
555 268 16 20 0.021741286 
386 306 17 28 0.021715732 
603 458 15 21 0.02159524 
209 182 10 13 0.021590056 
245 258 11 15 0.021328568 
551 458 13 20 0.021137709 
592 221 11 15 0.021100812 
196 198 23 27 0.020853737 
252 196 10 13 0.020410284 
589 344 25 33 0.02023821 
417 365 20 26 0.020158045 
592 228 11 15 0.020104358 
