11_Meeting_Meeting_11_Meeting_Meeting_11_774
1179
13 601 52 58 0.99640465 
708 414 15 21 0.9781662 
234 412 16 20 0.96370524 
741 396 17 22 0.9596374 
450 436 18 24 0.9483841 
826 392 15 19 0.9470147 
404 440 21 27 0.9404757 
566 473 22 28 0.9107264 
349 419 14 19 0.9036413 
598 406 13 18 0.89742714 
652 362 12 14 0.8870645 
602 443 18 25 0.8798022 
476 393 14 19 0.8712158 
196 373 12 15 0.8577215 
271 348 12 14 0.85359406 
791 352 11 15 0.8232504 
390 412 16 19 0.8149903 
499 422 18 23 0.80740184 
478 366 11 15 0.77434236 
173 356 13 16 0.76795954 
801 372 13 16 0.7650168 
299 424 17 21 0.7574775 
508 365 11 14 0.75035715 
423 387 13 15 0.73976666 
230 372 12 15 0.7158258 
366 404 12 16 0.70434046 
830 310 9 12 0.7034087 
658 388 14 19 0.6811293 
454 379 11 15 0.66055256 
583 382 11 14 0.6486683 
109 378 12 14 0.64384264 
126 388 13 18 0.6275508 
546 345 8 10 0.61048263 
440 336 9 10 0.59968543 
208 426 12 16 0.5791438 
556 467 20 30 0.5762051 
427 410 14 19 0.5720059 
284 372 10 13 0.56711966 
765 390 14 18 0.5589719 
669 310 8 10 0.55232143 
885 325 11 14 0.5479636 
103 354 12 16 0.5409105 
821 373 11 14 0.5329117 
411 362 12 14 0.52947426 
719 371 12 16 0.5289213 
397 387 12 16 0.52320486 
544 465 20 27 0.5222378 
274 405 14 18 0.5215509 
299 389 13 17 0.5198065 
521 349 9 11 0.49753234 
101 397 11 14 0.4875006 
67 370 14 16 0.48739627 
479 357 11 14 0.48594502 
329 350 10 13 0.4801036 
575 358 9 11 0.4710029 
650 450 14 20 0.46712515 
532 363 12 14 0.46301413 
627 396 12 18 0.45146364 
144 366 12 14 0.45023683 
501 344 11 13 0.44873622 
157 343 9 12 0.44224143 
848 366 10 13 0.43755996 
374 342 10 12 0.433942 
239 339 9 11 0.4225633 
356 343 9 11 0.42084423 
327 327 8 10 0.41954648 
419 334 9 12 0.41242385 
392 326 9 11 0.4060103 
132 353 11 14 0.40342358 
526 420 13 16 0.39939368 
742 359 10 12 0.39937586 
429 350 9 12 0.379333 
496 345 10 12 0.3728725 
313 460 16 19 0.3705344 
61 354 12 14 0.37045446 
945 328 10 15 0.36863846 
232 366 11 14 0.36562967 
737 344 9 12 0.36348575 
182 343 8 9 0.3526335 
254 339 10 14 0.35069993 
109 308 7 10 0.3482592 
300 340 10 12 0.34704655 
200 341 11 13 0.34168863 
506 387 13 17 0.3320764 
325 375 10 13 0.33008185 
231 355 10 13 0.32708433 
566 373 11 14 0.31274897 
29 330 12 16 0.31060067 
376 369 12 15 0.30582875 
375 346 11 13 0.30384 
369 333 9 12 0.30317584 
783 299 9 12 0.3022329 
251 382 12 16 0.3019836 
416 325 10 13 0.29975325 
860 412 10 14 0.29393587 
108 336 10 13 0.28683814 
214 304 7 9 0.28414392 
320 377 13 16 0.28243518 
471 427 12 16 0.27884367 
349 373 11 13 0.2778178 
524 309 9 11 0.27593705 
355 348 11 13 0.2747878 
482 371 11 14 0.27284318 
461 332 10 13 0.26689985 
279 336 9 11 0.2666907 
308 358 10 13 0.26525563 
416 303 8 10 0.26197302 
332 461 13 18 0.2460025 
46 372 12 18 0.24538538 
531 417 14 18 0.24517754 
426 392 14 18 0.24302287 
345 326 9 11 0.24015383 
582 376 11 13 0.23841327 
205 342 10 13 0.23799539 
446 104 13 17 0.23675935 
616 349 10 12 0.22707045 
13 96 8 10 0.22690225 
606 374 12 15 0.22359666 
559 414 14 17 0.22335316 
430 356 11 13 0.22299042 
348 365 12 15 0.22026166 
356 439 14 18 0.21449293 
297 333 9 12 0.20587642 
118 325 7 10 0.20277916 
415 319 9 11 0.20123282 
902 379 15 21 0.20117941 
567 368 11 13 0.20031305 
117 415 12 15 0.19406778 
471 388 15 18 0.19267686 
160 436 13 18 0.19121571 
771 394 13 17 0.19057314 
631 348 10 12 0.19038935 
566 341 8 10 0.18958405 
774 404 13 18 0.1855028 
710 369 13 17 0.18398629 
540 387 13 16 0.18158783 
131 433 14 18 0.1799276 
150 399 11 15 0.17861621 
181 347 10 14 0.17682129 
327 333 8 10 0.17623085 
247 327 7 8 0.17423798 
540 417 12 17 0.17252813 
296 329 7 10 0.17015041 
143 339 10 12 0.17009836 
558 357 8 11 0.1694323 
436 410 14 18 0.1687009 
120 389 12 15 0.16868238 
512 334 9 11 0.16853006 
522 304 9 10 0.16717313 
780 370 13 16 0.16652969 
372 150 10 13 0.16607586 
570 442 14 16 0.16376777 
65 377 14 18 0.16352311 
772 350 11 13 0.16213016 
456 356 11 13 0.16157757 
67 349 11 13 0.16071168 
360 380 10 13 0.16061538 
364 381 12 15 0.1598102 
480 352 10 12 0.1587715 
558 367 11 14 0.15839814 
245 358 10 13 0.15802714 
684 473 15 21 0.15733774 
646 300 7 10 0.15588468 
450 381 11 15 0.15547514 
214 307 10 13 0.15109672 
740 348 10 13 0.14637226 
444 334 9 11 0.14574678 
247 335 10 12 0.14534837 
796 350 9 13 0.14386171 
574 363 10 13 0.14379947 
367 328 9 10 0.14316587 
113 323 9 11 0.14156799 
238 358 10 13 0.13855805 
303 364 11 13 0.13766909 
0 374 12 20 0.13727427 
532 382 12 14 0.13643481 
428 440 15 20 0.13642696 
807 387 11 14 0.13555728 
159 389 11 14 0.13477266 
716 436 14 19 0.13463439 
401 341 10 11 0.13426282 
222 317 9 12 0.1340751 
624 343 9 12 0.13386942 
662 443 12 19 0.13314965 
322 325 8 11 0.13216072 
280 367 10 13 0.13201866 
705 358 8 12 0.13153797 
148 369 11 14 0.12983349 
687 343 10 13 0.12786163 
529 334 9 11 0.12563038 
120 343 8 11 0.12312331 
575 380 10 13 0.12296234 
264 327 8 10 0.1229544 
430 363 10 13 0.1224604 
347 397 11 14 0.12179042 
756 366 11 14 0.12098162 
696 359 9 12 0.12091893 
679 435 12 19 0.11726578 
375 357 11 13 0.11684745 
391 383 12 14 0.11642317 
416 141 11 15 0.116173334 
842 365 10 13 0.114629395 
331 355 11 14 0.11247637 
78 391 10 14 0.11067514 
302 349 10 11 0.11054268 
222 393 11 12 0.11043231 
829 341 11 16 0.11037113 
444 405 12 16 0.10986667 
352 356 10 13 0.10930846 
199 336 10 12 0.109268315 
391 320 9 11 0.1087201 
436 418 13 19 0.10858388 
127 428 14 17 0.1076961 
95 387 12 15 0.1067015 
303 326 8 11 0.106153965 
86 410 11 14 0.10610964 
321 456 18 24 0.105391175 
742 472 17 21 0.103363276 
740 448 22 28 0.103189014 
562 342 8 10 0.10251791 
612 374 11 13 0.10242922 
524 404 12 14 0.10212082 
615 344 9 12 0.10191225 
199 348 11 12 0.10006893 
341 402 13 16 0.099643916 
626 487 28 30 0.09841065 
759 44 10 13 0.09743194 
813 425 13 18 0.09704342 
706 352 8 10 0.09599316 
459 508 23 26 0.09573151 
600 380 12 14 0.09561321 
886 349 13 16 0.09538813 
641 296 8 11 0.09514996 
445 386 12 14 0.09372009 
700 378 12 16 0.09362077 
367 317 8 10 0.09339483 
192 357 9 12 0.09336686 
129 350 11 13 0.093312 
143 358 11 14 0.09277739 
369 339 10 13 0.09277062 
630 418 13 16 0.0923144 
271 389 11 14 0.092110895 
102 324 8 11 0.09160566 
461 386 11 15 0.091493584 
639 372 9 13 0.091438405 
129 394 13 16 0.09130835 
629 344 10 12 0.09008131 
712 324 10 12 0.0898102 
583 430 12 16 0.08971114 
276 398 12 15 0.08949323 
481 328 8 10 0.0894295 
312 447 12 14 0.08847989 
333 301 10 12 0.08807717 
811 389 11 15 0.08742753 
159 370 11 14 0.08738494 
709 358 10 13 0.08713444 
582 391 13 16 0.08702539 
131 381 11 14 0.08681932 
565 388 11 12 0.08663724 
644 446 15 21 0.08569879 
574 374 10 13 0.08562439 
740 342 10 12 0.08503372 
252 421 14 16 0.08502377 
332 398 14 17 0.08485162 
269 396 13 16 0.08485097 
210 328 7 10 0.08452664 
334 308 9 13 0.08437097 
284 406 12 15 0.08387196 
606 366 11 14 0.08345091 
432 318 9 11 0.083352275 
778 405 16 21 0.083259076 
824 334 9 12 0.083081916 
544 434 12 15 0.08292514 
817 342 9 12 0.08287857 
142 427 12 15 0.0821008 
598 348 9 12 0.08099252 
500 416 15 17 0.080907166 
846 422 13 15 0.080267705 
355 374 11 14 0.07978359 
183 336 8 9 0.07941679 
241 326 8 10 0.07936967 
660 401 14 18 0.07907823 
430 426 16 19 0.0782666 
248 456 15 20 0.07771212 
271 460 12 15 0.077359214 
730 349 9 11 0.07722815 
163 372 11 13 0.076870605 
424 403 14 18 0.0766122 
622 346 9 13 0.076597504 
529 359 9 12 0.07611044 
379 343 10 12 0.07562365 
560 380 12 14 0.075462155 
328 320 9 12 0.075176865 
506 432 12 17 0.07381746 
904 358 10 13 0.073656924 
108 361 13 15 0.07339721 
276 389 11 13 0.073248126 
151 417 12 17 0.07311682 
461 430 13 17 0.07287496 
627 434 13 18 0.07264212 
511 342 8 10 0.07253688 
699 72 16 21 0.07234491 
345 425 13 17 0.072207175 
220 428 11 14 0.07219022 
301 382 11 15 0.072149545 
835 389 13 18 0.07203819 
741 459 24 28 0.071478955 
652 501 14 17 0.071224645 
28 387 14 18 0.07090514 
157 424 15 21 0.07084993 
320 321 8 10 0.07084571 
823 341 11 15 0.0707208 
780 397 15 18 0.070711225 
552 366 11 14 0.07057067 
253 396 12 16 0.07051592 
288 151 10 12 0.0699926 
96 403 12 15 0.069917224 
421 339 10 12 0.06984603 
128 333 8 10 0.06978199 
157 395 12 16 0.0696749 
713 303 9 12 0.06959377 
351 335 9 11 0.069569826 
758 427 15 17 0.069191 
22 326 13 18 0.06918865 
654 400 13 17 0.069117635 
753 372 11 13 0.06874725 
785 351 10 13 0.06867168 
518 95 12 15 0.068595305 
408 349 10 12 0.0685224 
723 375 13 16 0.06837132 
451 403 12 16 0.06816165 
323 384 13 16 0.06812654 
815 376 13 17 0.06797801 
261 332 10 12 0.06778295 
847 359 11 14 0.06773821 
879 329 13 16 0.06766678 
160 335 8 10 0.06758264 
409 319 8 11 0.06758214 
182 110 7 9 0.06731419 
296 347 10 12 0.0672771 
334 297 8 10 0.06725907 
368 311 8 11 0.06711506 
622 391 13 18 0.06701935 
215 329 8 10 0.06697541 
608 334 10 11 0.066799246 
629 391 11 15 0.066575795 
151 410 11 17 0.066519655 
286 342 9 12 0.06610394 
801 343 8 10 0.06598154 
560 388 11 13 0.06587242 
311 453 15 18 0.0657085 
40 101 9 11 0.06557804 
878 353 13 16 0.0655645 
335 337 8 10 0.06554734 
709 351 9 11 0.06523313 
75 365 11 16 0.065180525 
667 407 14 20 0.06511807 
302 371 11 13 0.06508666 
343 436 12 16 0.06505799 
97 324 9 12 0.06486502 
370 293 8 10 0.06455054 
607 342 10 13 0.064137 
225 355 11 13 0.06405159 
695 348 9 11 0.06402631 
296 126 9 11 0.0637368 
70 344 9 12 0.06354717 
395 424 15 19 0.06349433 
192 367 10 12 0.06338455 
903 364 10 13 0.063249305 
919 357 8 11 0.062627405 
97 357 11 13 0.06239239 
148 382 10 14 0.062255945 
448 327 7 10 0.062245507 
704 334 8 11 0.062144298 
201 373 12 16 0.062033944 
702 288 9 10 0.061941426 
630 500 23 31 0.061881945 
457 328 9 12 0.061825477 
165 404 11 14 0.061737053 
712 309 10 13 0.061631314 
826 374 11 14 0.06143872 
312 325 7 10 0.061413124 
311 111 8 10 0.061356973 
35 334 10 13 0.06127798 
560 352 9 11 0.060920566 
412 368 14 16 0.060909417 
703 327 9 11 0.060633436 
575 411 12 16 0.060569804 
717 324 10 13 0.060470182 
796 81 12 14 0.060440745 
673 336 9 11 0.060182374 
422 365 12 14 0.060145084 
213 343 9 11 0.06013159 
432 343 9 11 0.060116112 
167 335 9 10 0.06009161 
671 51 10 12 0.060033355 
441 319 9 11 0.059658527 
40 380 12 17 0.059589773 
882 384 15 19 0.059440613 
150 387 11 14 0.05937824 
385 319 7 10 0.059347697 
435 335 9 11 0.059326924 
266 348 10 13 0.059220083 
671 306 8 11 0.058932945 
182 394 11 15 0.058503527 
853 370 10 14 0.058097713 
740 433 17 22 0.05804657 
27 309 10 11 0.057928436 
352 148 11 13 0.057796158 
207 405 12 14 0.0576609 
640 493 24 30 0.057603333 
277 459 13 16 0.0575965 
118 364 11 14 0.057595916 
104 320 9 12 0.057229314 
829 420 14 17 0.057159696 
278 380 12 13 0.056948528 
253 412 13 17 0.05688526 
226 373 11 14 0.056789715 
275 354 11 14 0.056657217 
479 333 8 11 0.056614723 
617 502 27 35 0.056552917 
334 341 10 12 0.056360953 
263 397 11 14 0.056237362 
486 350 10 13 0.05584338 
344 321 8 10 0.05575286 
321 334 9 11 0.055627216 
127 328 8 11 0.055545505 
695 373 12 15 0.05546412 
207 333 9 11 0.055422653 
192 333 9 11 0.055411246 
788 388 13 16 0.055348758 
334 363 11 14 0.055341575 
125 420 13 16 0.055236872 
750 77 14 18 0.05495472 
38 387 12 15 0.054723002 
703 293 8 10 0.05471088 
238 389 11 13 0.054702807 
374 111 8 11 0.054628108 
460 351 10 13 0.054455686 
484 355 11 14 0.054445058 
390 421 14 19 0.054304387 
132 421 11 15 0.054292105 
164 397 11 14 0.054282535 
179 364 12 14 0.053980064 
373 379 13 15 0.053944677 
414 308 9 11 0.0538323 
435 373 12 15 0.05354565 
293 429 18 20 0.053404346 
518 327 10 12 0.05334914 
210 309 8 12 0.053129666 
93 102 8 10 0.052989308 
407 126 12 14 0.052950025 
293 411 12 14 0.05293869 
307 421 13 20 0.052687682 
361 318 9 11 0.052665208 
260 342 11 13 0.05251759 
486 327 9 11 0.052289356 
667 387 12 17 0.05206255 
432 434 16 22 0.05195813 
477 380 12 14 0.051804207 
180 381 11 14 0.05174982 
562 423 15 19 0.05174189 
732 449 16 24 0.051577732 
462 395 12 16 0.0515693 
220 312 10 12 0.051558014 
470 335 10 12 0.051258918 
829 334 11 15 0.05120318 
439 326 10 12 0.05096302 
264 357 10 12 0.050683025 
547 426 13 18 0.050637353 
518 397 12 15 0.050575234 
541 364 10 14 0.050541565 
692 363 11 14 0.050312974 
766 400 15 19 0.050257217 
487 84 10 11 0.050221007 
693 344 9 11 0.04962683 
774 343 10 12 0.049501114 
437 395 12 15 0.04947425 
405 131 12 14 0.04946552 
63 363 14 18 0.049411707 
189 395 10 14 0.04931997 
483 389 12 17 0.04921659 
223 326 8 11 0.049179062 
783 341 9 11 0.049028043 
632 356 10 13 0.049011048 
40 340 9 11 0.04895667 
586 374 12 14 0.048744082 
804 394 14 16 0.04863224 
787 301 10 12 0.048506126 
211 414 14 15 0.04844067 
107 404 13 16 0.04838874 
256 327 7 9 0.048375525 
167 364 11 13 0.048313923 
831 324 10 13 0.048289724 
473 340 9 12 0.048286375 
181 372 11 13 0.04824992 
601 344 8 11 0.048198115 
280 328 8 10 0.048042875 
652 432 16 21 0.04804051 
312 321 8 9 0.047936868 
667 497 14 18 0.047933597 
548 347 10 12 0.047877416 
636 481 24 29 0.047783624 
133 402 12 15 0.0473217 
344 101 8 10 0.047316797 
45 360 11 15 0.047208562 
894 355 11 15 0.047153022 
420 302 8 11 0.047149163 
310 115 8 11 0.047105286 
360 399 12 16 0.04668078 
67 356 12 14 0.046571027 
871 366 10 13 0.046354786 
369 408 14 17 0.04597604 
115 373 11 14 0.045725144 
5 152 8 11 0.045709252 
230 389 12 14 0.04565364 
471 359 12 15 0.045611475 
414 124 9 14 0.045563728 
772 432 16 20 0.04548187 
705 364 10 14 0.04541353 
135 334 9 11 0.04535743 
271 326 8 11 0.045338977 
294 372 11 14 0.04521277 
21 390 14 19 0.04517341 
177 334 8 9 0.04500723 
242 417 13 18 0.044982314 
1 132 9 13 0.044894412 
12 325 14 17 0.04486964 
420 442 14 19 0.044603165 
164 381 12 14 0.044583496 
533 372 12 14 0.044509824 
12 378 13 18 0.044453334 
362 326 9 10 0.044425488 
350 114 10 13 0.044343047 
133 414 11 14 0.04409078 
111 412 13 16 0.043776214 
564 447 16 19 0.043714177 
263 166 11 13 0.0436971 
206 413 12 15 0.043684505 
328 119 9 10 0.043632306 
772 379 13 16 0.043427642 
126 343 8 11 0.04340488 
334 317 9 11 0.04336902 
496 386 12 17 0.043320537 
795 418 14 18 0.043307662 
428 382 12 15 0.043300528 
406 140 11 14 0.043257643 
361 310 8 11 0.043237902 
398 319 10 11 0.043212336 
413 350 10 13 0.043134715 
702 301 10 12 0.043104406 
657 363 12 14 0.04306273 
307 393 13 17 0.04294969 
807 342 8 11 0.04288175 
767 382 12 16 0.042874567 
54 394 12 16 0.042871222 
405 336 9 12 0.042771135 
534 406 13 15 0.042760283 
351 143 10 12 0.04273874 
382 149 10 13 0.04271512 
748 358 11 14 0.042683255 
871 347 14 18 0.04267854 
796 468 17 20 0.042606298 
851 418 13 15 0.042473957 
152 336 9 11 0.042355563 
211 403 12 14 0.04234922 
819 420 19 26 0.042342644 
546 388 13 15 0.042335726 
697 302 9 12 0.04232073 
386 326 8 11 0.04226082 
788 372 13 16 0.042248707 
580 358 8 12 0.042171817 
790 86 11 14 0.04215295 
634 400 13 18 0.041824836 
489 333 9 12 0.04178162 
436 365 12 14 0.04173742 
424 357 11 14 0.04172094 
614 482 16 18 0.041693788 
392 124 10 13 0.041649017 
837 425 17 20 0.041615013 
647 339 9 12 0.04120881 
48 362 21 26 0.041130353 
309 431 12 17 0.04105161 
553 357 9 12 0.041035894 
369 111 8 10 0.040973276 
234 340 9 12 0.04097009 
273 334 9 11 0.040932283 
334 119 8 10 0.04091703 
346 428 20 26 0.04089062 
148 424 13 17 0.04084015 
493 364 11 14 0.040659722 
475 422 13 19 0.04064875 
885 374 12 14 0.04063832 
63 384 13 16 0.040548194 
216 398 11 13 0.040547993 
233 334 10 12 0.04035238 
678 467 14 18 0.04012475 
692 435 13 19 0.040064022 
508 414 12 15 0.039997555 
175 381 11 13 0.0397412 
407 110 9 11 0.03973925 
287 333 9 12 0.03961576 
514 389 12 15 0.03945929 
246 321 8 10 0.039452765 
875 339 13 16 0.039441094 
343 359 11 14 0.03940294 
837 5 14 17 0.03935493 
613 335 9 11 0.039104816 
433 325 9 11 0.039047774 
395 405 14 18 0.038992655 
880 372 11 13 0.038929436 
668 415 14 20 0.03891446 
455 126 11 14 0.038910326 
662 349 10 12 0.038899038 
535 117 13 14 0.038824838 
580 404 12 16 0.038800247 
262 404 12 15 0.038798437 
421 319 10 12 0.03879295 
325 397 14 17 0.038789507 
907 374 12 17 0.03872416 
886 363 12 15 0.038715757 
342 391 12 14 0.038700897 
367 348 10 13 0.038663775 
381 358 10 12 0.038583435 
45 135 9 11 0.038574766 
826 379 14 16 0.038508385 
445 319 8 10 0.038418513 
332 379 11 14 0.038375493 
388 374 11 14 0.038371157 
345 142 9 11 0.038269762 
621 412 14 16 0.03819238 
716 317 11 14 0.038103804 
148 358 11 13 0.038093187 
670 339 11 13 0.038010318 
349 101 8 10 0.03799347 
665 316 9 12 0.03787775 
437 131 14 17 0.037645027 
15 385 13 19 0.037556782 
693 480 15 20 0.03751546 
409 325 9 10 0.03745322 
255 346 9 12 0.037400104 
391 118 10 12 0.037374586 
167 349 11 14 0.03737117 
152 346 11 13 0.03736032 
383 411 15 19 0.037359536 
80 339 9 12 0.03734341 
594 349 9 12 0.037291028 
0 385 11 21 0.0372798 
383 135 9 12 0.03722509 
787 294 11 14 0.037187044 
136 373 10 13 0.037182096 
0 364 12 21 0.037168976 
760 393 13 17 0.03700684 
652 352 12 14 0.036999308 
446 350 10 13 0.036989223 
204 391 10 11 0.03691613 
921 404 9 12 0.03690278 
191 328 8 10 0.03688513 
391 393 14 16 0.03671522 
8 317 10 13 0.03669592 
646 394 14 18 0.036540028 
664 341 9 12 0.036451817 
296 365 11 13 0.03636412 
816 347 9 12 0.03626021 
451 111 13 18 0.036212135 
693 403 14 20 0.03620957 
532 460 24 30 0.03603809 
270 166 10 13 0.035950378 
108 351 10 13 0.035841197 
155 403 14 17 0.03566842 
525 315 10 12 0.03562056 
663 325 9 11 0.03560561 
0 353 12 18 0.03554691 
518 425 12 17 0.03543591 
85 397 11 15 0.035411064 
603 384 14 16 0.035302397 
256 166 10 12 0.035283033 
101 406 13 18 0.035282608 
444 396 13 17 0.035264842 
80 404 12 15 0.03526374 
846 416 12 14 0.035082858 
441 101 12 15 0.035043962 
661 383 13 17 0.034910597 
337 111 7 9 0.034883216 
792 78 11 13 0.03484771 
576 387 10 14 0.034834765 
615 354 11 12 0.034831304 
567 350 8 11 0.034795653 
780 388 14 17 0.034788653 
201 427 11 15 0.034777608 
139 434 13 17 0.034742203 
581 364 10 13 0.03456006 
667 441 12 18 0.034546703 
404 411 12 17 0.034483988 
319 366 12 15 0.034473415 
268 444 12 15 0.03447235 
589 528 16 21 0.03440533 
303 159 10 12 0.03433361 
667 394 13 20 0.034327652 
634 413 12 16 0.03427225 
548 381 11 14 0.034243368 
747 440 17 21 0.034194663 
747 73 23 29 0.034114692 
205 442 12 16 0.03410899 
430 116 11 13 0.034088522 
295 156 10 12 0.034049764 
941 326 18 24 0.033953324 
280 469 22 26 0.033916894 
749 409 11 15 0.03381799 
537 341 8 11 0.033815037 
880 321 11 15 0.03377464 
175 403 11 14 0.033577353 
910 358 9 11 0.033559352 
321 350 9 12 0.033516534 
295 358 11 13 0.033430595 
878 365 10 13 0.03337465 
215 348 9 12 0.03337379 
561 336 9 11 0.03335899 
524 97 12 16 0.033300664 
471 95 8 11 0.033220865 
709 340 10 12 0.033160068 
432 311 9 12 0.033074904 
375 318 8 11 0.033062126 
217 314 10 13 0.03305117 
677 428 13 18 0.032993823 
191 350 10 13 0.032976333 
370 287 8 12 0.03293501 
513 328 8 11 0.032866 
481 401 13 18 0.03276383 
165 341 10 12 0.032675005 
635 440 19 27 0.032670476 
722 435 14 19 0.03266263 
536 395 13 14 0.0326199 
263 390 11 14 0.032574993 
381 378 11 16 0.032519266 
643 506 21 28 0.032447692 
614 404 12 16 0.03236017 
949 335 13 18 0.032332122 
586 394 13 16 0.03226325 
385 333 9 11 0.032248806 
659 499 15 17 0.032244027 
785 409 17 23 0.03221758 
64 127 9 11 0.031887695 
58 351 20 23 0.03184538 
640 364 11 14 0.031812165 
421 372 13 14 0.031793516 
432 125 11 13 0.03168635 
360 336 9 11 0.031606343 
868 393 14 17 0.031532455 
369 116 8 11 0.031450044 
476 132 13 15 0.031430244 
784 87 10 13 0.03141133 
752 341 9 11 0.031374704 
126 119 9 10 0.031280052 
95 362 12 15 0.031239452 
737 336 8 11 0.03122454 
382 140 11 13 0.031170432 
299 454 14 17 0.031159582 
155 411 14 18 0.03113849 
754 432 17 19 0.031101085 
822 77 10 14 0.031039564 
527 328 10 13 0.030841256 
368 302 9 11 0.030807411 
895 363 10 14 0.03077528 
635 350 10 13 0.030761676 
23 318 11 14 0.030734563 
724 454 14 21 0.0307259 
318 341 9 11 0.030602342 
40 127 10 11 0.030488225 
247 135 9 12 0.030478422 
622 427 15 19 0.030433822 
723 404 13 18 0.03038047 
301 126 9 11 0.030354258 
723 368 12 15 0.03026813 
886 341 12 15 0.030260624 
29 317 11 15 0.03024923 
549 393 13 16 0.030211758 
436 358 12 13 0.030177308 
273 152 8 10 0.030158525 
504 357 11 13 0.03013401 
305 117 8 10 0.03009555 
185 329 8 9 0.029957227 
357 142 10 12 0.029938104 
161 418 16 20 0.029883374 
506 441 14 19 0.029879073 
286 396 11 15 0.02983511 
290 328 7 10 0.029787134 
125 374 12 14 0.029702596 
803 402 14 16 0.029632844 
486 131 12 16 0.029602602 
339 440 14 18 0.029543998 
301 412 14 16 0.029540464 
137 342 9 11 0.029528229 
311 334 10 12 0.029508622 
753 336 8 10 0.02948518 
176 388 11 14 0.029485146 
694 386 13 16 0.029463548 
770 409 22 28 0.029425343 
208 316 8 11 0.029407687 
467 113 14 16 0.029373074 
574 533 15 17 0.02924772 
679 382 11 15 0.02922112 
762 459 16 21 0.029214121 
668 450 12 17 0.029203868 
669 424 13 19 0.029171264 
100 394 20 24 0.02907092 
429 111 10 13 0.029070705 
263 321 8 10 0.029020268 
338 460 14 18 0.029019743 
216 391 11 13 0.029002592 
622 441 13 20 0.028986268 
424 95 8 10 0.02890671 
118 424 15 18 0.028896453 
779 378 14 18 0.028815452 
790 318 8 11 0.028796308 
814 368 12 16 0.028792348 
2 371 22 27 0.028733583 
3 344 14 20 0.028682414 
804 420 15 19 0.028640993 
749 466 22 26 0.028595243 
711 459 12 16 0.028569743 
826 304 9 12 0.028563648 
289 134 8 10 0.028539665 
551 334 9 11 0.028533246 
145 399 10 15 0.02849771 
135 363 12 15 0.028465059 
79 411 12 15 0.028447945 
742 336 9 11 0.028426956 
100 486 15 20 0.028404878 
12 318 12 15 0.02838912 
176 330 7 8 0.028343063 
712 295 8 10 0.028336229 
492 335 10 11 0.02831325 
177 129 8 9 0.028189396 
678 478 15 20 0.02818401 
493 355 12 15 0.02818198 
402 365 11 13 0.028164027 
199 395 10 13 0.028086815 
261 412 12 14 0.028080223 
734 106 14 16 0.0280628 
32 380 18 26 0.028054686 
764 432 17 19 0.028029487 
214 374 11 14 0.02800186 
2 156 10 13 0.02800068 
648 459 20 27 0.02793124 
613 366 11 13 0.02792583 
166 118 7 10 0.027882507 
430 99 10 13 0.027795583 
549 522 14 21 0.027774466 
288 358 10 12 0.027717412 
205 397 11 13 0.02767944 
711 333 9 12 0.027619513 
523 436 13 17 0.027617842 
716 464 14 18 0.02756619 
799 103 11 13 0.027555073 
476 342 10 12 0.027521955 
645 368 14 16 0.027498795 
785 319 8 11 0.02746427 
227 395 12 14 0.027423516 
373 398 12 15 0.027339002 
447 428 13 17 0.027301235 
180 403 11 13 0.027295157 
115 380 12 15 0.02728893 
622 381 10 13 0.027282488 
31 150 9 11 0.027251001 
412 429 14 17 0.0272404 
550 417 18 23 0.027198158 
279 142 8 10 0.02718928 
447 357 11 13 0.027172767 
638 287 7 10 0.027171465 
640 319 8 12 0.027166108 
397 435 17 22 0.02715162 
326 363 12 15 0.027137628 
385 103 7 10 0.02713407 
310 352 10 12 0.027110782 
381 395 12 15 0.027096663 
621 374 10 12 0.027045058 
163 409 14 18 0.027024651 
332 452 15 20 0.027012402 
305 321 8 9 0.026978128 
652 509 17 21 0.02693624 
301 402 14 17 0.026847307 
368 356 10 13 0.026803242 
173 445 13 15 0.02677696 
710 466 13 18 0.026716992 
160 328 8 10 0.026708372 
23 119 8 10 0.0266944 
709 477 13 17 0.026671527 
854 358 11 15 0.026644504 
285 376 12 15 0.026637256 
93 372 13 16 0.026595874 
491 131 14 16 0.026588224 
415 381 13 15 0.026582606 
557 449 15 19 0.026562983 
563 363 18 23 0.026432255 
531 89 13 17 0.026418336 
279 128 8 10 0.02641172 
785 326 7 9 0.026385717 
699 482 16 20 0.02638163 
345 332 8 11 0.026372747 
868 402 13 16 0.026350135 
887 348 19 25 0.026297467 
868 378 13 19 0.026267238 
196 356 10 12 0.02624298 
262 128 8 11 0.026231274 
615 395 15 19 0.026208622 
847 361 18 24 0.026141474 
738 356 10 13 0.026104555 
640 325 8 11 0.02599975 
653 312 9 10 0.025893686 
520 411 12 16 0.025892187 
247 427 11 14 0.025882682 
803 413 14 17 0.025842344 
644 475 15 20 0.025825946 
454 96 11 13 0.025794694 
440 312 8 11 0.025789943 
374 387 12 15 0.025778925 
408 103 8 10 0.025700508 
277 467 15 19 0.025661394 
438 349 10 12 0.025648944 
459 376 11 14 0.025592193 
398 132 13 15 0.025576726 
328 342 10 12 0.025571417 
333 389 13 15 0.025559722 
527 342 9 11 0.025553972 
562 518 16 20 0.025483105 
4 328 22 31 0.025451757 
810 381 20 25 0.0254517 
673 401 15 21 0.025398532 
343 379 11 14 0.025379106 
343 350 9 12 0.025367431 
6 325 14 17 0.025345156 
40 358 11 15 0.025334124 
296 132 8 11 0.025327638 
57 126 8 10 0.0253206 
359 135 10 11 0.02531603 
762 418 22 27 0.025248276 
755 67 14 17 0.025244128 
681 432 18 25 0.025219597 
899 13 30 39 0.025185246 
484 378 12 15 0.025137153 
409 303 9 12 0.025133844 
168 329 9 9 0.02512367 
828 431 15 19 0.025123417 
799 397 11 14 0.025115939 
191 341 10 12 0.025103157 
824 328 9 10 0.025031978 
375 116 9 11 0.025025915 
520 353 10 13 0.025004733 
704 307 10 14 0.024953784 
248 394 12 15 0.02492993 
504 86 11 13 0.024885975 
351 97 7 9 0.024852311 
308 413 12 16 0.024850445 
373 303 8 10 0.02484739 
760 50 11 15 0.024817597 
256 310 9 11 0.024804005 
770 343 9 11 0.024801811 
373 328 8 10 0.02474745 
776 368 11 14 0.024694547 
569 357 9 11 0.024686247 
747 391 13 17 0.024630906 
523 470 19 25 0.024615377 
221 400 13 16 0.024614433 
318 394 13 18 0.024612693 
286 389 12 15 0.024570974 
88 382 12 15 0.024544315 
546 454 22 29 0.024539389 
380 403 14 18 0.024530366 
75 378 12 16 0.024507536 
334 125 9 10 0.024462352 
231 328 8 9 0.02444052 
277 429 12 15 0.024398891 
646 381 12 15 0.024355847 
752 319 9 11 0.024347369 
279 134 8 10 0.024324825 
572 418 13 17 0.024322191 
896 385 12 17 0.024311338 
199 387 10 15 0.024310004 
925 379 12 15 0.024198772 
405 381 11 15 0.024197869 
301 353 19 23 0.024178378 
422 134 12 16 0.024169873 
798 385 13 16 0.024071038 
735 472 16 20 0.02399413 
618 475 16 19 0.023981357 
143 119 8 10 0.023975188 
328 111 8 10 0.02395483 
87 356 10 15 0.023929203 
40 361 19 27 0.023884883 
444 339 10 13 0.023865834 
659 432 18 27 0.023850122 
288 348 9 12 0.023848312 
32 118 9 11 0.023844449 
697 334 9 11 0.023834983 
446 97 11 14 0.023818 
814 394 12 16 0.02378117 
790 380 13 16 0.023756392 
197 444 13 16 0.023723844 
399 109 10 12 0.023673542 
293 442 14 16 0.023669029 
86 387 12 15 0.023651967 
430 133 13 16 0.023629181 
59 411 16 21 0.023572417 
614 419 13 17 0.023553774 
272 158 9 11 0.023531236 
541 358 11 13 0.023457397 
109 456 21 27 0.023418404 
463 95 10 12 0.023395397 
606 506 25 33 0.023387738 
236 349 11 12 0.023359604 
95 453 12 15 0.02334871 
375 144 10 13 0.023326095 
263 461 12 17 0.0233202 
295 460 13 16 0.023318114 
869 371 11 15 0.023254339 
709 454 20 27 0.023252685 
957 357 13 15 0.02324623 
181 436 12 14 0.023241742 
862 355 11 15 0.023238018 
598 437 16 21 0.023221685 
253 375 11 14 0.023196056 
347 444 21 27 0.023196006 
698 327 9 11 0.023180276 
677 334 9 11 0.023163633 
636 512 14 21 0.023148688 
785 457 16 19 0.023128932 
150 434 13 18 0.023106597 
807 348 9 12 0.023101378 
758 62 12 15 0.023097323 
29 402 12 17 0.023087997 
790 234 231 251 0.023053335 
544 512 23 34 0.023034457 
210 430 14 18 0.022996832 
571 459 15 19 0.02296975 
391 110 9 11 0.022942593 
444 125 12 15 0.022941494 
462 422 13 17 0.022939576 
734 435 14 20 0.02292141 
296 459 23 29 0.022917915 
758 380 12 16 0.02290503 
873 387 20 23 0.022900714 
767 106 15 17 0.022879979 
504 319 8 10 0.022829074 
189 436 11 14 0.022782734 
572 425 13 19 0.022726478 
175 372 12 14 0.022717116 
339 449 14 18 0.022701493 
142 348 11 14 0.022671916 
388 366 11 14 0.022650769 
840 358 10 13 0.02263461 
631 327 8 11 0.022633338 
184 118 7 9 0.022546874 
648 476 21 27 0.022545867 
71 106 8 10 0.022541812 
367 154 15 17 0.02253094 
86 350 11 14 0.022493627 
380 155 12 14 0.02246015 
878 411 12 15 0.022451365 
583 342 11 12 0.022416025 
112 409 20 25 0.022406789 
457 323 19 24 0.022368733 
171 428 13 15 0.022359485 
637 435 13 18 0.022330595 
516 371 12 14 0.02232036 
783 336 8 10 0.022311796 
283 460 13 17 0.022309192 
508 386 20 25 0.0222738 
251 464 14 18 0.02226639 
800 377 21 25 0.022249283 
422 124 10 13 0.022214234 
407 430 23 30 0.022205258 
257 426 14 17 0.0221989 
422 116 12 15 0.022187911 
684 408 15 21 0.02213595 
271 319 9 11 0.022124337 
23 126 7 10 0.022070691 
715 425 14 19 0.022056302 
410 452 15 21 0.02204632 
343 148 10 12 0.021987457 
190 443 12 15 0.021981874 
678 325 10 12 0.02194797 
171 456 23 26 0.02193383 
510 349 10 12 0.02191617 
94 333 11 13 0.021900391 
621 415 20 26 0.02189957 
497 338 17 23 0.021862283 
708 90 14 18 0.021858292 
644 435 14 19 0.02183114 
56 351 11 15 0.02182888 
282 453 14 16 0.021812608 
276 416 14 17 0.021806842 
574 529 23 28 0.021769004 
437 379 12 16 0.021762973 
790 369 19 22 0.021738177 
449 559 11 12 0.021736067 
110 361 21 25 0.021722484 
590 442 16 22 0.021722069 
794 390 20 25 0.021666499 
105 331 18 23 0.021595733 
117 359 11 13 0.021550104 
345 136 9 11 0.021539226 
467 439 14 20 0.021537218 
613 484 25 29 0.021524731 
96 352 11 13 0.021522798 
533 123 16 17 0.021490742 
113 119 7 9 0.021472134 
128 346 18 23 0.021446187 
718 398 14 16 0.021415746 
382 126 9 12 0.021408536 
631 381 9 13 0.021393439 
98 387 18 22 0.02136127 
705 340 9 12 0.021337839 
229 126 9 10 0.021281589 
849 425 15 18 0.02127879 
687 336 10 11 0.02125864 
320 127 8 10 0.0212086 
556 520 14 20 0.021180794 
287 433 12 16 0.021177487 
144 387 11 15 0.021124154 
615 388 13 17 0.021105994 
758 359 11 13 0.020979954 
424 100 9 12 0.020970222 
407 117 11 15 0.02095994 
715 445 20 25 0.020924157 
653 384 13 15 0.020912683 
64 344 11 13 0.02089813 
866 359 21 28 0.020859627 
223 341 9 12 0.020858144 
765 444 23 28 0.020856543 
417 101 7 11 0.020833647 
80 121 8 10 0.020826094 
607 357 11 14 0.020821476 
718 386 12 15 0.020818833 
46 350 10 13 0.020818798 
909 367 10 12 0.020790944 
490 343 9 11 0.020779895 
494 85 10 12 0.020742208 
231 407 13 16 0.020737646 
469 132 15 16 0.02072063 
456 341 10 11 0.020659927 
769 375 10 14 0.02063938 
716 405 15 20 0.020627448 
334 148 12 12 0.020622112 
444 419 12 17 0.020612415 
418 387 12 16 0.020551147 
494 80 8 10 0.020545257 
115 406 12 16 0.020518655 
521 316 9 11 0.020496562 
249 332 17 21 0.020484023 
720 351 9 11 0.020460324 
334 327 8 10 0.020417606 
405 368 14 16 0.020386474 
332 141 12 14 0.020323066 
396 125 13 15 0.020321371 
733 380 11 14 0.020292286 
286 420 12 16 0.020290684 
20 379 17 21 0.02028454 
231 112 7 9 0.02025935 
187 299 245 249 0.020254597 
257 128 7 9 0.02022689 
577 371 19 24 0.020207478 
398 386 18 24 0.020200748 
368 335 18 22 0.020198153 
591 342 10 12 0.020189233 
527 387 11 14 0.020179288 
10 100 8 10 0.020177653 
697 295 8 10 0.020170214 
756 342 10 11 0.020147083 
918 351 9 12 0.020133158 
592 356 9 12 0.020119855 
463 461 22 30 0.020097118 
344 361 19 24 0.02007231 
769 356 10 13 0.020071076 
348 464 15 20 0.020060688 
752 448 26 29 0.020059066 
804 78 11 13 0.020055443 
413 411 12 16 0.020030098 
414 110 9 12 0.020024005 
