11_Meeting_Meeting_11_Meeting_Meeting_11_633
44
459 204 200 256 0.99873346 
707 354 149 209 0.99368286 
176 441 152 206 0.9934797 
799 713 144 152 0.07888454 
633 284 184 249 0.07544527 
551 131 85 60 0.056291595 
280 211 12 16 0.045305166 
38 359 10 12 0.044123985 
932 151 12 15 0.042447355 
982 328 13 16 0.042298064 
251 228 16 19 0.04164976 
524 112 130 124 0.04143571 
234 209 15 21 0.04034682 
270 220 11 14 0.040302217 
955 73 13 17 0.03973696 
964 59 15 17 0.03894322 
228 217 14 17 0.03695912 
278 219 12 15 0.034328755 
1 271 11 16 0.033923008 
1009 373 9 11 0.030555783 
38 291 9 12 0.028180476 
957 152 10 13 0.026710987 
912 14 10 12 0.026686953 
1009 502 10 13 0.026233232 
1014 372 8 12 0.026145814 
263 222 11 13 0.026033033 
943 480 9 12 0.025667226 
1013 366 9 13 0.025205728 
959 60 13 19 0.024669195 
1013 500 9 13 0.024006955 
259 228 15 19 0.02384466 
1014 390 8 12 0.023687499 
272 198 11 13 0.023142926 
267 227 14 18 0.022682004 
264 213 10 14 0.022000704 
972 60 14 17 0.021950055 
988 327 14 17 0.021426287 
251 212 13 16 0.02082134 
356 123 366 444 0.020663705 
227 226 14 16 0.020344542 
222 220 22 25 0.02014013 
957 55 22 32 0.020121522 
119 204 9 11 0.020120986 
0 279 11 20 0.020014703 
