11_Meeting_Meeting_11_Meeting_Meeting_11_349
152
475 50 16 20 0.9934182 
524 50 17 22 0.9881464 
629 58 20 26 0.97294205 
666 45 18 23 0.9689612 
427 37 17 23 0.96594375 
698 62 18 21 0.96562207 
728 57 19 21 0.9409535 
144 36 20 25 0.8988803 
825 52 17 24 0.8955937 
586 50 17 24 0.876203 
196 167 70 122 0.8715924 
982 49 13 16 0.7701218 
857 53 16 21 0.7033964 
894 51 12 15 0.65733963 
606 51 16 20 0.6176527 
788 59 12 16 0.51306623 
571 22 17 22 0.40050253 
593 50 19 26 0.3477975 
46 -1 79 75 0.312847 
575 110 14 17 0.18914723 
746 92 17 19 0.17372163 
820 62 24 31 0.12386701 
914 74 13 16 0.11382016 
644 103 18 22 0.10842801 
0 177 11 15 0.0952456 
399 78 12 15 0.09127007 
866 54 12 17 0.0859716 
779 62 16 20 0.084313236 
580 46 17 22 0.08303596 
429 343 37 47 0.08061551 
836 34 12 16 0.07673361 
756 68 12 15 0.07657982 
736 52 15 18 0.07570204 
774 65 13 17 0.07347243 
909 58 12 15 0.07336682 
816 106 12 15 0.06970424 
574 28 22 27 0.062069274 
510 10 13 18 0.061660003 
866 80 22 29 0.060759164 
599 96 14 19 0.060724486 
927 52 11 13 0.0603331 
484 87 14 17 0.05995785 
605 59 18 22 0.058442093 
965 52 10 13 0.056834783 
566 27 19 27 0.055278223 
960 67 11 14 0.054711606 
846 51 16 20 0.053399295 
458 3 15 18 0.052319143 
784 57 11 14 0.052286398 
964 59 11 15 0.05189765 
927 48 9 11 0.051585443 
708 150 16 21 0.05158039 
602 97 21 28 0.051562514 
823 126 12 16 0.050451566 
819 102 12 14 0.049649302 
516 84 15 21 0.049024556 
911 68 13 17 0.048720244 
877 88 15 19 0.047677316 
770 135 14 17 0.04596736 
573 107 25 28 0.04574717 
167 176 63 105 0.045303307 
871 76 14 20 0.04503933 
882 84 15 18 0.04489832 
861 84 15 19 0.04411183 
402 83 15 17 0.04394447 
977 51 10 14 0.04388945 
854 66 23 28 0.043542523 
803 120 15 19 0.042425472 
555 50 15 21 0.04230297 
498 3 14 19 0.040080935 
549 96 15 20 0.04004867 
852 46 14 17 0.03942823 
742 81 22 25 0.039338663 
749 68 14 17 0.038348928 
889 43 20 25 0.03807324 
738 64 15 19 0.03767519 
846 34 13 17 0.03679093 
797 68 12 17 0.036568686 
370 58 12 16 0.036427904 
413 377 39 36 0.035878617 
501 10 14 20 0.035674892 
137 16 54 59 0.03465033 
851 62 18 22 0.03404622 
278 269 182 225 0.03366432 
501 91 13 18 0.033529747 
475 108 17 20 0.033393756 
940 109 13 18 0.033389952 
885 78 13 15 0.033029865 
851 36 13 15 0.032888014 
513 5 15 19 0.032557905 
793 130 14 16 0.032214478 
446 139 14 17 0.032145333 
772 72 13 17 0.031912584 
768 67 10 15 0.031744495 
1013 66 10 13 0.03174268 
279 297 111 121 0.03139333 
845 42 16 20 0.031335086 
554 92 13 17 0.03133471 
892 78 11 13 0.0310521 
307 331 59 56 0.0309216 
377 403 30 34 0.030743312 
610 105 17 21 0.03062398 
996 65 14 17 0.029876629 
492 82 15 20 0.029253175 
363 304 101 115 0.02924424 
959 49 10 13 0.029065851 
404 90 17 19 0.028648343 
404 348 55 61 0.028580688 
365 401 50 54 0.028426128 
899 51 19 24 0.02806292 
433 132 25 30 0.02805979 
560 36 21 28 0.027703652 
870 118 11 13 0.02727133 
854 82 14 18 0.026683604 
719 67 14 18 0.026663488 
838 126 9 12 0.026433874 
455 0 12 12 0.02632016 
1006 67 12 14 0.025898278 
397 87 17 19 0.025861666 
569 110 13 15 0.025536768 
985 55 15 17 0.025485136 
683 88 18 23 0.0252791 
838 132 10 12 0.025276896 
459 16 14 19 0.024602804 
640 3 19 22 0.024483891 
908 100 17 19 0.024407161 
1008 62 10 13 0.024339292 
879 68 12 16 0.024181137 
936 61 11 14 0.0241551 
685 82 15 19 0.023964679 
478 84 14 17 0.023896515 
461 82 15 18 0.023045035 
833 30 10 14 0.023031974 
848 126 8 11 0.022745628 
793 59 12 17 0.022618642 
575 54 16 20 0.022535235 
921 47 8 10 0.022487998 
849 119 9 11 0.021975419 
741 72 16 19 0.02192575 
996 52 12 15 0.021468677 
470 64 14 18 0.02133699 
429 2 15 17 0.021231724 
573 42 17 20 0.02119408 
952 52 10 12 0.021190353 
588 95 22 27 0.021085275 
783 125 13 16 0.020919336 
656 43 15 19 0.020656763 
822 117 10 14 0.020539854 
92 -4 83 91 0.020513987 
432 45 18 22 0.020492537 
828 129 11 15 0.020418141 
660 38 16 19 0.02023536 
