11_Meeting_Meeting_11_Meeting_Meeting_11_26
270
250 259 15 20 0.9575963 
781 267 16 20 0.9503969 
310 253 12 17 0.9444705 
829 290 20 31 0.90754604 
218 273 18 24 0.8838676 
172 279 23 30 0.87753814 
807 277 18 22 0.87229365 
341 238 14 18 0.85773754 
155 306 21 31 0.8317237 
198 236 16 21 0.81410044 
273 254 10 15 0.70027167 
764 315 13 14 0.69860256 
729 252 10 13 0.6396212 
379 235 11 14 0.6238826 
165 233 11 13 0.5317261 
403 236 9 12 0.4154218 
72 330 31 39 0.37792486 
706 247 8 10 0.33310306 
674 239 8 11 0.31587648 
288 242 12 15 0.29185322 
457 409 17 21 0.27914026 
750 254 8 13 0.27432492 
203 286 14 20 0.24635518 
732 247 10 13 0.23663901 
265 201 8 9 0.2086675 
252 223 10 14 0.17847438 
443 231 9 11 0.17716298 
424 232 7 9 0.17667851 
860 311 18 30 0.17636192 
277 353 83 112 0.17014675 
705 277 9 11 0.1669271 
280 394 84 130 0.16253439 
293 251 9 13 0.1397079 
70 359 34 40 0.13520086 
158 272 28 33 0.12650783 
956 528 61 96 0.12288296 
865 323 24 27 0.121877715 
1009 354 14 22 0.118609965 
694 246 7 10 0.11801721 
749 277 11 14 0.11720187 
656 234 8 11 0.1157038 
1004 203 10 13 0.11556462 
710 239 8 10 0.11081964 
752 258 10 12 0.11042002 
746 334 10 13 0.10845529 
185 272 21 30 0.10475295 
758 261 8 11 0.10450712 
267 304 16 21 0.0995046 
610 228 10 13 0.09450347 
459 229 8 10 0.09231551 
196 267 17 19 0.090425484 
233 238 9 13 0.084001526 
919 329 27 36 0.08366423 
175 235 10 13 0.08101973 
298 270 9 11 0.080054924 
269 200 8 10 0.07922786 
57 335 42 54 0.07782621 
636 514 78 124 0.07558866 
368 245 10 14 0.07340884 
161 297 18 26 0.07148279 
700 284 10 13 0.0691811 
977 353 14 17 0.069128945 
442 391 15 17 0.06835686 
925 302 28 35 0.06813233 
766 270 9 11 0.066798575 
709 278 8 11 0.06476292 
222 263 14 17 0.064284384 
734 318 11 14 0.064194724 
728 295 10 12 0.06186159 
632 233 9 12 0.061441746 
1 101 16 20 0.06008039 
-3 146 29 49 0.059233766 
720 286 9 11 0.05790279 
866 305 17 23 0.05582387 
908 417 45 61 0.05475438 
413 398 13 14 0.05474312 
212 276 17 24 0.053966135 
8 464 89 137 0.05354186 
790 524 66 98 0.052838314 
184 287 15 22 0.05144687 
52 500 60 71 0.0511149 
256 207 10 11 0.050294954 
206 277 14 19 0.0494488 
299 418 103 135 0.049207658 
211 242 11 15 0.04902195 
960 569 53 92 0.048849132 
238 245 11 14 0.048607413 
857 326 40 45 0.047647428 
308 302 15 15 0.047034513 
757 255 10 13 0.047000125 
751 249 8 11 0.046956267 
181 234 10 14 0.04652983 
991 234 11 13 0.04559329 
747 308 13 15 0.045563854 
150 312 17 24 0.04485655 
189 267 16 20 0.0444064 
841 291 14 20 0.04374636 
742 337 12 14 0.043181296 
74 430 34 37 0.04284192 
18 185 58 59 0.04257999 
63 215 33 37 0.04247451 
705 251 8 11 0.042350423 
817 276 15 20 0.041898403 
718 302 9 11 0.041483354 
306 307 16 19 0.041323 
294 261 10 12 0.03854104 
315 247 12 16 0.03811829 
828 284 16 23 0.03798988 
752 271 8 11 0.03760063 
711 300 10 14 0.037410058 
41 424 41 45 0.03661844 
332 292 14 17 0.036339086 
255 212 10 13 0.036076937 
335 271 12 13 0.035792574 
322 285 10 12 0.035655674 
765 254 10 12 0.0355537 
733 299 10 12 0.035449516 
850 302 21 32 0.03537742 
695 242 7 9 0.035322268 
1001 201 9 11 0.035283647 
744 248 8 10 0.035148904 
931 300 17 20 0.035014927 
694 252 8 11 0.034991328 
416 237 9 12 0.034986295 
238 252 13 16 0.03475782 
75 229 29 34 0.03447873 
759 268 10 11 0.03445428 
1 172 56 62 0.03445177 
814 325 12 16 0.03396078 
656 244 8 10 0.033624396 
163 359 25 35 0.033435903 
739 317 13 14 0.03311838 
718 280 9 11 0.03311789 
980 510 15 20 0.032694332 
293 310 13 15 0.032543004 
724 312 11 14 0.03242143 
258 258 13 17 0.03230761 
695 263 8 10 0.031907164 
407 240 11 14 0.03174356 
981 219 11 15 0.031709168 
689 241 7 9 0.03161159 
415 245 9 12 0.03146909 
995 377 13 18 0.031456016 
457 236 9 11 0.031307686 
919 312 28 37 0.031288255 
2 141 49 63 0.031052826 
373 239 13 17 0.030795712 
739 444 37 42 0.030774262 
649 233 8 10 0.030720877 
749 316 12 14 0.030637408 
41 198 47 52 0.030379867 
861 299 15 22 0.030342106 
598 236 10 12 0.030068772 
191 230 12 16 0.029725354 
204 233 11 16 0.029688787 
988 661 33 32 0.029569319 
872 299 18 21 0.02943891 
296 310 22 24 0.029376516 
193 235 14 18 0.029332245 
262 214 10 12 0.029101588 
284 311 25 26 0.028996646 
689 253 9 11 0.02874897 
683 75 27 43 0.028638128 
998 283 10 13 0.028634433 
263 278 12 16 0.028623695 
929 339 15 20 0.028598096 
434 402 13 16 0.028521545 
731 351 12 14 0.028446168 
419 231 8 11 0.028394302 
702 292 10 13 0.028310012 
182 289 421 492 0.028299326 
912 349 34 41 0.027994582 
686 278 10 12 0.027941447 
720 309 10 13 0.027541535 
458 225 8 10 0.027187843 
246 246 12 15 0.02708635 
525 216 10 11 0.026930442 
885 324 41 52 0.02688159 
43 346 37 42 0.026819965 
612 246 11 12 0.02675197 
327 293 12 15 0.026663074 
744 486 118 127 0.026626159 
768 291 11 14 0.026452705 
950 281 12 15 0.026433175 
432 424 15 18 0.026328009 
964 505 18 24 0.026326807 
727 316 11 15 0.026318707 
799 341 12 16 0.026130756 
463 157 10 12 0.02608045 
47 375 54 69 0.0260463 
959 503 52 73 0.025858842 
3 334 52 80 0.02574702 
756 284 11 14 0.025535583 
359 264 12 14 0.025388107 
314 363 40 55 0.025326649 
990 253 10 13 0.025307382 
1011 364 14 23 0.02520929 
163 227 18 23 0.024990281 
969 506 25 34 0.024861155 
980 214 11 14 0.024847798 
719 293 10 12 0.024824003 
420 440 26 28 0.024742253 
958 277 11 13 0.024390591 
750 325 11 14 0.024197262 
84 415 32 42 0.024075694 
990 245 11 14 0.0239052 
663 246 8 10 0.023859521 
992 199 8 10 0.02382498 
800 379 25 33 0.0236787 
428 450 15 17 0.023645362 
14 312 54 76 0.023570277 
325 245 10 14 0.023533976 
783 258 11 13 0.023404138 
983 246 9 13 0.023401946 
662 238 8 11 0.023330769 
851 317 26 37 0.02328243 
466 403 14 18 0.023156928 
240 259 13 19 0.023110444 
222 398 160 230 0.023084316 
727 275 10 13 0.022782633 
91 403 33 44 0.022716211 
126 339 39 48 0.022639412 
746 310 20 24 0.022552349 
368 239 10 12 0.022445817 
294 275 11 14 0.022241736 
253 248 13 14 0.022182267 
824 296 16 21 0.022157557 
788 293 12 17 0.022140691 
694 289 12 15 0.022137374 
204 245 16 20 0.022020001 
374 228 19 23 0.021910675 
133 56 456 496 0.021881854 
310 241 11 13 0.021814631 
157 291 17 22 0.021697031 
669 269 10 13 0.021651682 
262 247 11 15 0.021648675 
976 214 10 12 0.021647375 
877 301 22 29 0.02163163 
325 281 11 13 0.021481518 
441 234 9 12 0.021443823 
837 298 25 38 0.021429172 
247 214 10 13 0.021288931 
743 272 10 12 0.02128665 
182 259 13 18 0.021271516 
202 262 15 19 0.021204434 
270 214 10 13 0.021168951 
970 352 24 30 0.020916423 
344 226 21 26 0.02090971 
703 467 124 108 0.020854348 
29 230 48 59 0.020842245 
722 253 9 12 0.02083987 
406 283 27 31 0.02082354 
214 251 11 15 0.02074953 
743 260 10 12 0.020744786 
9 250 55 72 0.0206925 
284 283 11 15 0.020669896 
992 205 8 11 0.020611962 
239 249 21 26 0.020505574 
741 325 12 14 0.020420164 
613 225 9 12 0.020408468 
908 320 29 39 0.02038286 
767 318 20 24 0.020342566 
27 345 59 69 0.020233704 
765 307 20 23 0.020226998 
899 308 13 17 0.020180888 
965 274 11 14 0.020153271 
955 567 35 52 0.020124724 
790 299 15 19 0.020022878 
637 232 9 11 0.020022634 
873 312 25 30 0.020000122 
