58_Hockey_icehockey_puck_58_507
188
724 117 60 75 0.9991697 
848 212 65 88 0.99709046 
461 68 36 43 0.99262553 
417 108 34 41 0.9774374 
636 201 63 96 0.776695 
291 46 17 22 0.6648792 
340 161 57 61 0.52020705 
349 48 20 27 0.36412185 
140 14 22 27 0.27235618 
212 -1 15 14 0.24590848 
522 99 38 41 0.24435113 
409 99 32 36 0.19825651 
596 220 97 124 0.1897071 
959 424 33 39 0.15572996 
312 12 14 18 0.15063997 
797 1 14 14 0.14263043 
521 82 34 39 0.10887292 
228 72 25 27 0.10350696 
430 91 27 35 0.103438295 
404 90 30 34 0.10236732 
312 52 11 17 0.09686294 
387 442 62 67 0.09427419 
875 209 58 77 0.0916707 
410 46 29 32 0.090630464 
507 110 45 54 0.09011698 
367 35 13 16 0.08964742 
117 12 12 16 0.07740555 
406 97 16 21 0.07726822 
188 2 17 18 0.07570556 
964 406 45 49 0.07568199 
307 103 14 20 0.07507247 
548 75 16 20 0.07416408 
368 72 30 33 0.06998165 
270 20 11 15 0.06858615 
227 372 37 44 0.06848699 
286 38 13 16 0.064684525 
492 126 49 53 0.06414185 
177 77 25 32 0.06311095 
272 27 11 14 0.06274496 
301 28 11 14 0.06268144 
236 1 13 13 0.061619144 
864 527 118 119 0.06137323 
287 42 15 20 0.058694523 
359 36 23 28 0.056359947 
158 -1 13 12 0.052561115 
968 438 34 41 0.05165941 
343 53 16 21 0.05106977 
262 47 14 18 0.05089107 
150 68 22 31 0.05054524 
173 79 16 24 0.049797405 
435 15 26 30 0.04979258 
359 28 12 16 0.049787387 
138 52 16 20 0.048835922 
1012 454 11 20 0.04867946 
335 21 10 14 0.048377126 
309 4 16 19 0.047820296 
205 16 13 17 0.04770844 
304 45 19 26 0.04671851 
440 87 28 35 0.044455327 
537 71 25 31 0.04412067 
308 94 25 32 0.04383977 
540 8 14 18 0.043325145 
222 75 15 20 0.042665485 
398 46 27 32 0.041948035 
360 62 25 28 0.04125133 
170 18 14 17 0.040659815 
402 113 31 39 0.040500373 
343 43 16 22 0.040426437 
354 58 18 23 0.04034207 
160 71 23 29 0.04010461 
79 12 12 15 0.03974196 
308 27 14 17 0.03831029 
795 18 17 21 0.037333794 
941 436 11 18 0.03724191 
900 223 37 50 0.037069287 
92 68 12 15 0.036809944 
323 427 42 57 0.036414072 
271 13 12 16 0.0360995 
423 316 54 68 0.03595461 
323 87 15 20 0.035020273 
181 66 15 22 0.034855712 
887 0 12 12 0.034214966 
270 118 37 46 0.03405354 
222 59 14 18 0.033954047 
430 0 14 16 0.033871252 
3 -1 16 15 0.033639465 
341 20 11 15 0.03292871 
802 2 16 17 0.032786947 
396 -1 15 13 0.032714784 
457 57 30 36 0.03262551 
12 10 16 18 0.032583974 
32 70 12 17 0.032452125 
972 15 25 31 0.032263316 
148 0 23 27 0.032146815 
385 1 20 19 0.032017894 
137 57 21 29 0.03201699 
410 29 27 31 0.031976886 
354 43 15 20 0.03182327 
182 61 13 16 0.031795938 
280 36 12 15 0.031046756 
405 21 15 19 0.030602412 
276 28 12 17 0.03033582 
484 43 15 19 0.030207003 
305 92 51 63 0.030138176 
318 84 14 19 0.029813288 
884 13 11 14 0.029775603 
509 76 30 36 0.029770035 
454 -2 14 14 0.029712697 
278 107 56 69 0.029667886 
93 82 13 18 0.029593196 
388 43 21 28 0.029562054 
327 98 54 60 0.029448412 
735 0 15 14 0.029285971 
383 49 13 17 0.028887307 
740 309 13 18 0.028686345 
425 23 25 30 0.028568877 
164 42 14 16 0.028361458 
371 40 15 18 0.02808352 
810 20 15 18 0.027844116 
803 12 17 21 0.027680377 
270 130 89 106 0.027673574 
529 109 21 25 0.027647132 
421 20 15 17 0.026856609 
361 57 17 20 0.026801718 
1004 445 19 33 0.026759334 
679 133 15 21 0.026482914 
392 118 28 35 0.0263744 
496 31 12 14 0.02636791 
395 34 26 32 0.026216852 
469 22 22 26 0.026104063 
243 41 13 17 0.02592926 
159 44 12 16 0.025817478 
181 65 45 54 0.025800867 
498 35 14 17 0.025445322 
325 0 12 11 0.02543966 
396 82 26 33 0.0252894 
151 15 17 22 0.025021577 
201 3 23 26 0.025006691 
420 26 17 21 0.024348376 
277 3 13 17 0.024277028 
358 35 13 18 0.024199344 
437 93 15 20 0.024190756 
447 53 28 34 0.024183992 
761 329 15 17 0.023906328 
349 39 14 17 0.023861304 
342 120 59 66 0.023831988 
197 12 15 18 0.023762887 
496 426 66 87 0.023758702 
666 474 128 137 0.023543205 
415 44 44 49 0.023429839 
39 0 10 10 0.02328752 
891 412 45 50 0.023271643 
170 66 25 33 0.023051767 
440 28 25 31 0.022783035 
497 135 29 33 0.022740744 
162 13 20 27 0.022739341 
979 426 32 43 0.022660905 
992 434 27 42 0.022609025 
748 298 42 48 0.022493009 
194 0 17 15 0.022050314 
542 69 15 18 0.021926902 
316 0 24 27 0.02188389 
978 456 20 27 0.021799942 
88 79 22 30 0.021775967 
426 -1 25 24 0.021686072 
951 6 12 15 0.021642467 
54 35 13 15 0.021609193 
432 36 26 32 0.021452546 
397 53 16 22 0.021382043 
128 46 12 15 0.021304248 
542 106 30 41 0.021150164 
384 402 92 120 0.020978415 
344 421 54 72 0.020962557 
375 129 48 59 0.020946419 
297 151 56 64 0.020751653 
469 13 14 18 0.020722177 
355 146 52 59 0.020709042 
116 9 22 27 0.020649403 
108 97 12 16 0.020586615 
277 51 14 18 0.020545505 
473 47 26 32 0.020522477 
295 30 13 14 0.020472873 
402 19 25 30 0.020457864 
223 58 24 31 0.020361204 
439 299 52 72 0.020329723 
326 18 13 16 0.020197032 
226 0 23 22 0.020159433 
365 43 25 27 0.020145336 
