58_Hockey_icehockey_puck_58_493
172
655 55 31 42 0.99906284 
251 46 33 43 0.99866724 
108 15 30 39 0.9976968 
907 126 33 42 0.99672276 
112 130 36 48 0.9956132 
610 140 37 45 0.99485743 
470 80 77 97 0.9946384 
720 0 29 32 0.99315506 
3 1 31 36 0.99158865 
774 143 38 43 0.99127054 
238 109 39 48 0.99112767 
598 0 35 36 0.99028206 
227 0 30 33 0.9886712 
438 55 26 41 0.97080976 
346 0 36 28 0.95417047 
160 131 27 35 0.93734753 
321 171 58 74 0.8491015 
810 1 27 31 0.84217095 
750 59 25 33 0.8016514 
484 0 36 36 0.8003288 
307 1 19 22 0.51657003 
936 21 25 30 0.34277412 
142 195 31 39 0.320894 
725 78 16 23 0.2246684 
280 49 22 31 0.21832974 
772 73 24 31 0.20063888 
313 23 16 20 0.16368139 
759 70 27 33 0.15787168 
156 141 35 45 0.1487069 
847 51 29 36 0.14243527 
267 45 27 38 0.13698809 
877 24 16 19 0.13058318 
-2 119 18 40 0.12317956 
390 71 13 16 0.111671366 
829 90 17 22 0.11144239 
371 84 23 30 0.10983345 
700 1 17 19 0.10451637 
828 99 23 31 0.10430432 
147 57 26 34 0.10116465 
413 123 28 33 0.094855554 
825 3 26 31 0.088916 
492 312 16 20 0.08656923 
313 74 18 19 0.08383799 
908 108 30 41 0.07965803 
301 5 17 20 0.078698404 
708 0 23 27 0.07722799 
875 13 25 28 0.07440582 
781 128 29 38 0.07361061 
306 11 24 29 0.072166935 
537 -3 31 32 0.07177163 
875 141 23 30 0.07000151 
827 29 17 22 0.06687767 
845 70 27 34 0.06591164 
309 78 25 30 0.06527968 
479 3 54 65 0.0651333 
553 111 43 55 0.062213525 
453 375 61 81 0.061783493 
818 11 26 33 0.059188634 
68 197 39 49 0.058581706 
756 49 27 34 0.058417458 
346 90 20 22 0.055647437 
210 85 30 37 0.053427514 
124 201 41 50 0.05127014 
43 8 29 35 0.05123701 
429 316 97 105 0.04932878 
908 95 31 35 0.04817124 
736 106 24 31 0.04803988 
589 36 16 23 0.04692881 
861 75 31 34 0.046846233 
284 102 34 42 0.046689752 
886 139 25 33 0.0461283 
232 39 25 32 0.045421194 
755 1 18 21 0.04534684 
785 77 18 25 0.045114208 
58 204 30 48 0.044901736 
833 79 24 33 0.044830464 
769 67 18 20 0.044798065 
840 199 24 31 0.041649308 
75 44 16 18 0.040381603 
442 311 63 69 0.039326716 
557 119 26 34 0.03885048 
841 5 16 21 0.038832847 
836 105 26 30 0.038683232 
730 87 17 23 0.03788809 
332 0 25 24 0.037404966 
790 70 22 29 0.03682913 
856 101 26 30 0.036671586 
787 118 27 34 0.036080692 
55 184 27 36 0.036069967 
19 214 45 53 0.03470332 
136 240 45 54 0.034110058 
168 207 42 52 0.03398419 
317 5 25 29 0.033645988 
301 94 31 37 0.033563107 
826 284 57 56 0.032925528 
869 4 41 44 0.032665666 
49 211 26 43 0.032234576 
891 74 13 18 0.032146487 
101 241 30 32 0.03141491 
23 2 31 34 0.031366732 
739 0 25 28 0.0312027 
115 218 44 47 0.031112667 
744 116 25 32 0.03095468 
745 81 26 30 0.030748237 
330 18 16 19 0.029888574 
379 74 25 30 0.029882438 
92 276 33 37 0.029814526 
740 94 25 32 0.029617017 
125 120 42 53 0.029510543 
523 348 13 19 0.028597288 
620 122 32 42 0.028132983 
805 2 19 24 0.028102616 
94 251 45 46 0.027332287 
994 190 25 41 0.027267685 
753 34 26 35 0.027040957 
800 67 18 22 0.026564574 
85 217 46 50 0.026536176 
26 141 29 37 0.026465345 
477 307 33 33 0.02629011 
841 71 46 51 0.026018448 
34 279 89 107 0.025998486 
312 181 41 52 0.025988927 
766 -3 26 26 0.02592834 
256 107 32 44 0.025847374 
788 82 23 30 0.025339754 
96 4 25 33 0.025073353 
652 357 42 45 0.024995627 
434 49 47 67 0.024993686 
212 109 29 38 0.024725059 
756 85 25 33 0.024581518 
374 21 14 17 0.024313115 
574 261 66 85 0.02417849 
733 96 17 22 0.02406078 
947 130 18 24 0.023965137 
70 15 28 36 0.023959788 
237 185 51 62 0.023891887 
276 3 17 20 0.023815755 
811 49 17 22 0.023790363 
65 280 39 49 0.023579195 
857 81 20 25 0.023522133 
190 4 27 31 0.02346284 
821 180 43 49 0.023388209 
288 59 18 23 0.023326587 
743 66 24 32 0.02320785 
877 74 17 20 0.023108553 
65 233 48 57 0.02308179 
323 90 15 19 0.022980142 
212 83 19 20 0.022461247 
652 115 31 39 0.022257246 
272 107 27 38 0.021937424 
332 9 15 18 0.021914052 
144 118 28 35 0.021864023 
526 402 61 68 0.02163357 
485 6 19 22 0.021345606 
433 101 24 33 0.021279573 
876 53 49 56 0.021109035 
954 25 16 21 0.021087814 
778 122 20 22 0.020960674 
625 41 400 407 0.020943303 
157 8 28 35 0.020941127 
148 171 31 46 0.020857427 
851 106 18 22 0.02076757 
883 70 16 20 0.020655198 
636 115 31 37 0.02056958 
540 241 81 117 0.020568363 
56 180 19 24 0.020527588 
162 116 31 38 0.02041528 
113 240 45 47 0.020389391 
406 94 43 62 0.020324184 
591 14 32 38 0.020169096 
770 126 27 34 0.02008573 
900 58 28 34 0.020038076 
