58_Hockey_icehockey_puck_58_926
195
567 104 59 70 0.9994617 
349 15 56 68 0.99924004 
217 219 60 70 0.9985922 
880 51 52 68 0.9981312 
934 272 60 75 0.99779415 
399 320 59 69 0.9969721 
606 377 65 71 0.9947826 
474 187 52 71 0.82222104 
393 228 53 62 0.58685315 
795 313 46 63 0.47774765 
703 602 49 76 0.46706814 
816 391 45 64 0.42531273 
493 180 51 66 0.39802343 
690 499 48 59 0.3089584 
863 170 75 80 0.29038578 
459 200 36 61 0.26666912 
771 486 29 32 0.24532294 
678 367 49 67 0.19935434 
560 330 50 61 0.19302793 
963 141 47 66 0.18012676 
14 220 86 94 0.179433 
541 236 48 61 0.17627251 
431 407 63 78 0.1564888 
78 259 56 65 0.14556837 
286 115 110 101 0.1348082 
720 430 37 49 0.12953772 
508 384 33 42 0.118381456 
610 252 50 58 0.10684602 
459 303 41 59 0.10498739 
642 325 52 59 0.10148653 
551 246 58 70 0.09086969 
509 305 46 56 0.08910318 
807 327 59 72 0.08909923 
694 560 82 136 0.08897266 
830 388 60 75 0.08881923 
683 556 52 87 0.088411756 
859 208 59 74 0.087454714 
570 346 78 97 0.087108806 
814 359 58 78 0.08397368 
62 247 55 64 0.08325344 
755 477 45 56 0.08277828 
655 376 53 68 0.08159264 
636 483 61 65 0.079480626 
151 294 58 63 0.07878319 
847 289 41 51 0.07528007 
255 290 91 112 0.074337594 
424 307 49 69 0.07290047 
803 235 56 57 0.07126926 
810 299 56 65 0.069390185 
522 199 52 66 0.06817132 
723 324 53 65 0.06399423 
809 194 27 41 0.06313483 
591 235 52 66 0.062750496 
291 483 143 143 0.061482977 
551 348 53 71 0.059558656 
687 524 50 76 0.059081532 
907 282 51 63 0.058351487 
140 267 59 65 0.05834786 
858 268 34 46 0.056798052 
634 258 40 48 0.05641761 
687 209 75 70 0.05493766 
621 353 58 69 0.05461466 
167 464 100 172 0.054190457 
551 284 98 111 0.053991616 
525 313 48 61 0.053827446 
1 346 95 175 0.053412538 
101 609 53 67 0.0519398 
882 204 63 81 0.051681746 
676 604 55 82 0.051471077 
745 313 48 64 0.050230283 
851 334 61 71 0.04975805 
625 483 34 49 0.04966783 
578 235 34 52 0.049622968 
379 245 56 67 0.04891602 
526 463 45 63 0.048628815 
586 408 69 76 0.04854529 
354 323 50 67 0.04682863 
962 130 27 34 0.045102365 
282 225 32 44 0.044990163 
697 381 52 71 0.044984322 
843 161 36 43 0.04426215 
544 307 51 68 0.044124406 
666 211 61 73 0.043921333 
959 173 46 62 0.043544255 
672 394 51 65 0.0427861 
578 300 59 66 0.04232666 
890 363 97 110 0.04220282 
868 263 51 67 0.041920017 
-6 285 180 306 0.041686796 
648 267 37 47 0.041279793 
890 150 85 100 0.04091106 
656 486 79 87 0.03983602 
373 198 81 103 0.03957273 
580 442 64 69 0.039081607 
536 242 34 39 0.03873295 
815 188 92 92 0.03793751 
163 312 58 66 0.03792968 
666 319 35 49 0.037847612 
828 242 53 57 0.03774456 
437 321 55 67 0.03739983 
706 349 57 74 0.037213165 
798 381 45 70 0.0365019 
831 339 37 49 0.03584589 
659 341 50 64 0.035570595 
520 205 77 98 0.03555262 
947 126 32 39 0.03548786 
639 332 80 106 0.035394218 
984 148 31 49 0.03520718 
797 259 59 64 0.034641404 
100 267 53 67 0.03423908 
416 362 60 79 0.033776138 
698 418 46 57 0.033592075 
819 251 13 17 0.03354634 
561 456 60 64 0.03333475 
350 405 44 54 0.033237487 
0 450 29 49 0.03307361 
569 383 40 51 0.03284483 
924 129 84 94 0.032634627 
839 311 48 63 0.032581873 
955 191 26 34 0.03257536 
549 209 55 66 0.032522753 
97 239 59 62 0.03176891 
528 352 51 69 0.031532407 
775 469 43 50 0.031253077 
735 538 114 140 0.030942455 
683 334 50 69 0.030820541 
578 493 15 18 0.030741217 
654 241 52 67 0.030602034 
803 202 56 60 0.029752702 
903 223 56 75 0.029413572 
612 459 62 75 0.02884175 
346 525 37 37 0.028803028 
708 512 47 68 0.028546346 
945 219 49 67 0.028544145 
784 519 45 50 0.02846204 
763 607 27 33 0.028431082 
598 280 61 72 0.028243292 
37 299 113 149 0.027685445 
655 589 58 82 0.027639067 
481 388 48 66 0.0276187 
350 311 30 53 0.027517572 
873 256 30 45 0.027387414 
496 443 53 72 0.027372293 
229 95 104 115 0.0270032 
241 92 191 195 0.026830513 
673 469 166 204 0.026699856 
782 324 33 49 0.026467005 
357 364 56 71 0.026438428 
921 64 34 40 0.026317094 
678 316 44 62 0.026289657 
329 321 56 73 0.026154576 
784 247 93 104 0.025767036 
854 406 33 39 0.025673093 
432 191 66 96 0.025545208 
252 92 58 59 0.025090568 
121 252 58 62 0.02502886 
477 319 48 65 0.024913026 
457 418 61 83 0.024672251 
865 329 38 48 0.024495294 
774 499 43 51 0.02447621 
566 235 92 110 0.024250878 
448 309 33 48 0.024154468 
876 293 51 63 0.023969073 
853 376 64 81 0.023817062 
343 411 27 40 0.023789663 
549 281 174 213 0.023439333 
787 307 33 48 0.023240248 
39 357 210 288 0.023176568 
324 422 29 43 0.022920234 
509 255 31 39 0.022758806 
860 606 56 74 0.02272791 
653 441 55 68 0.022536695 
190 326 38 47 0.022425154 
674 388 33 41 0.022368614 
365 274 42 49 0.022286212 
649 279 52 69 0.022179687 
597 386 40 48 0.022157583 
95 58 354 432 0.022061564 
415 349 41 54 0.022059517 
661 544 61 75 0.021833727 
956 145 36 45 0.021662153 
834 298 35 41 0.021608938 
513 202 35 47 0.02145923 
506 396 48 74 0.021181796 
218 258 103 129 0.020985737 
752 292 49 63 0.020895325 
841 416 62 77 0.020720525 
338 37 42 49 0.020676792 
710 306 52 66 0.020552471 
409 252 42 46 0.02039324 
944 178 32 42 0.020325053 
704 237 64 68 0.020283505 
-12 200 330 428 0.020175304 
352 318 83 102 0.020149425 
895 278 39 48 0.020039275 
