58_Hockey_icehockey_puck_58_835
93
769 256 31 41 0.999585 
311 414 34 41 0.9995415 
444 239 31 39 0.999411 
561 404 34 45 0.99916875 
149 244 31 39 0.9990357 
852 407 37 47 0.99894553 
246 245 33 41 0.99888796 
355 240 33 41 0.9988323 
216 181 28 37 0.9985097 
439 411 37 47 0.99815243 
702 404 36 44 0.99762446 
876 306 32 39 0.9975038 
676 251 30 37 0.9974335 
356 178 29 35 0.9968311 
515 241 30 39 0.99667907 
551 184 30 35 0.9960359 
163 398 38 49 0.99515426 
599 246 30 36 0.9951284 
51 307 39 50 0.9938788 
450 180 27 31 0.9897087 
290 176 29 37 0.9892748 
761 213 27 35 0.9873653 
696 202 27 34 0.96432334 
626 197 26 33 0.9615578 
571 268 13 17 0.15971366 
766 334 24 30 0.14164191 
404 446 15 18 0.12681349 
549 257 16 23 0.11282049 
663 181 12 17 0.10927455 
597 322 13 18 0.10147456 
800 347 12 15 0.095840685 
566 371 28 31 0.08240645 
667 226 16 21 0.08007654 
534 247 27 35 0.076930575 
646 443 13 16 0.075379565 
525 222 12 17 0.06924794 
655 366 29 34 0.058400497 
519 202 13 18 0.055722672 
619 324 13 17 0.054010388 
390 374 28 34 0.053863324 
260 201 13 19 0.052036908 
348 458 28 35 0.049252138 
727 379 32 36 0.044772428 
269 195 14 19 0.04450142 
821 428 22 30 0.04271243 
941 298 13 15 0.037062906 
676 330 13 15 0.036357984 
712 208 17 23 0.035489026 
301 425 27 33 0.033794224 
944 213 8 9 0.03295086 
690 410 28 37 0.032319415 
695 330 13 17 0.032142717 
170 341 16 18 0.03153421 
355 162 16 18 0.031385824 
389 195 16 20 0.031284288 
309 281 25 30 0.031036617 
198 495 28 37 0.030107083 
934 292 22 27 0.029479994 
568 261 23 29 0.027808215 
277 194 14 21 0.027802866 
637 200 19 23 0.027312825 
682 320 25 33 0.027058618 
684 418 16 21 0.02658715 
196 251 31 38 0.026470413 
638 535 30 37 0.026363429 
276 323 16 20 0.026207179 
297 357 28 32 0.02605283 
694 189 28 32 0.025906067 
205 493 12 16 0.025576014 
770 205 16 18 0.024412742 
263 190 12 17 0.02384017 
953 213 8 9 0.023638217 
880 208 8 10 0.023191577 
913 108 8 12 0.022926887 
193 375 30 34 0.022914302 
581 195 13 17 0.022486582 
561 179 20 24 0.022467557 
23 124 10 12 0.022392694 
573 326 13 17 0.02229228 
209 445 38 48 0.022111677 
401 436 25 30 0.022102192 
525 324 13 18 0.02169509 
968 223 7 9 0.021691477 
373 435 23 30 0.021492558 
919 213 8 10 0.021343745 
795 341 22 27 0.021330332 
406 200 15 20 0.021262752 
487 518 33 43 0.021150555 
662 220 15 19 0.021117328 
206 174 30 36 0.02091424 
929 208 7 10 0.020341372 
453 507 33 42 0.020264916 
529 423 25 32 0.020233907 
