58_Hockey_icehockey_puck_58_940
26
695 292 29 35 0.9450355 
825 264 27 30 0.9093333 
417 320 41 35 0.39192227 
777 371 14 17 0.24252345 
561 316 14 18 0.11366178 
253 221 11 14 0.07649329 
293 205 8 10 0.07403801 
289 206 8 11 0.068582006 
600 234 434 451 0.053233583 
314 204 10 12 0.04907811 
670 375 22 33 0.047350794 
414 311 80 118 0.045331746 
562 326 24 29 0.03905887 
570 359 17 19 0.037120566 
497 349 18 21 0.036977556 
294 201 9 10 0.032564335 
966 243 9 11 0.03127843 
709 294 27 32 0.028208196 
672 378 14 20 0.025317134 
642 174 24 32 0.023239026 
670 203 13 17 0.022850264 
479 223 7 9 0.021850206 
547 318 24 26 0.021305978 
743 183 9 12 0.021304404 
751 389 13 17 0.020769412 
564 344 27 29 0.020625174 
