58_Hockey_icehockey_puck_58_655
55
860 76 69 86 0.99907804 
112 179 61 67 0.99015194 
657 89 59 79 0.98672706 
289 215 73 77 0.9707736 
340 125 46 46 0.6415892 
962 1 60 47 0.3833392 
3 254 38 61 0.19823436 
483 49 62 67 0.112699665 
830 438 35 35 0.101653434 
912 17 51 59 0.07538405 
141 275 46 57 0.074017905 
672 83 86 100 0.069950484 
171 360 24 29 0.06337141 
271 265 91 113 0.05979665 
280 175 71 85 0.057382092 
315 180 75 114 0.05240176 
118 148 88 112 0.050745845 
157 357 29 34 0.039914176 
326 146 57 85 0.03828361 
316 298 400 452 0.037670143 
829 450 31 41 0.036088455 
209 164 90 106 0.03450577 
592 559 128 152 0.033859458 
720 132 39 37 0.033518236 
740 63 60 68 0.033420365 
956 -16 78 91 0.032869637 
22 265 36 44 0.032513592 
28 238 47 57 0.032033753 
144 360 32 38 0.030475596 
136 227 90 114 0.029449327 
658 340 104 132 0.02888837 
702 78 39 46 0.02877867 
313 121 62 61 0.028273782 
351 196 34 51 0.028220776 
366 205 13 20 0.028210377 
741 203 135 153 0.02711266 
734 48 36 49 0.026949842 
9 179 55 65 0.026745975 
42 226 47 58 0.026292076 
933 3 56 53 0.025642408 
997 37 27 44 0.024993654 
700 66 99 100 0.024826981 
840 452 19 23 0.024226395 
740 104 13 17 0.024156965 
118 273 47 55 0.023711173 
4 210 85 104 0.023503907 
494 23 62 72 0.023396509 
832 59 32 41 0.023072407 
695 332 375 465 0.022632958 
140 296 32 42 0.021671964 
149 293 55 69 0.021578768 
250 341 75 78 0.021425303 
301 137 65 75 0.02140107 
862 407 29 38 0.02078101 
16 28 50 63 0.020585947 
