58_Hockey_icehockey_puck_58_118
26
599 135 59 64 0.9970509 
173 78 65 72 0.9910324 
287 17 70 79 0.24114683 
435 -4 122 160 0.20718707 
520 303 37 46 0.11803911 
872 72 37 45 0.11633549 
302 333 34 48 0.09717909 
277 326 58 78 0.055677637 
815 113 48 62 0.0517821 
460 36 79 94 0.04522955 
335 0 35 42 0.04411554 
389 64 48 54 0.0401747 
259 -96 341 451 0.037710074 
170 215 128 156 0.030857451 
536 307 35 42 0.029758187 
158 102 39 46 0.029622952 
363 205 17 21 0.029535884 
370 78 53 60 0.027842706 
367 -23 185 254 0.027403077 
869 79 56 65 0.02398646 
361 193 29 31 0.023596872 
476 398 12 14 0.023033047 
193 101 41 44 0.022664241 
290 10 32 36 0.021722654 
309 2 58 62 0.020581154 
233 301 98 131 0.020017793 
