58_Hockey_icehockey_puck_58_715
28
626 158 154 189 0.9805253 
263 118 152 186 0.94722337 
620 61 29 34 0.12511592 
190 407 77 125 0.11448987 
573 2 25 34 0.061022475 
485 502 44 56 0.052113455 
470 11 61 78 0.048887115 
638 -3 49 51 0.047255553 
570 1 17 20 0.04710216 
541 511 39 42 0.04609117 
442 6 64 74 0.043563977 
48 275 212 232 0.041871734 
746 32 233 329 0.040035624 
752 4 61 69 0.039836083 
586 5 30 33 0.0382662 
81 276 127 119 0.037744623 
566 -1 16 15 0.03731604 
685 76 182 292 0.037158143 
425 -1 100 126 0.034614127 
626 0 18 19 0.029788807 
684 -70 411 562 0.02747514 
337 16 138 138 0.027145397 
239 40 50 78 0.026615411 
730 8 28 32 0.025261318 
573 12 29 47 0.024913544 
715 164 98 150 0.022904893 
631 0 28 29 0.02201342 
756 -2 39 49 0.020041164 
