58_Hockey_icehockey_puck_58_248
44
494 188 40 44 0.9914187 
370 235 49 57 0.94438964 
567 69 21 26 0.8720062 
85 44 18 20 0.4829142 
396 238 46 53 0.38994014 
80 130 11 13 0.25973085 
555 194 16 23 0.2281304 
365 28 14 19 0.22242367 
225 35 13 17 0.16983424 
417 232 33 40 0.16421881 
448 221 13 18 0.13058408 
409 427 35 38 0.10896365 
428 216 29 40 0.06414099 
420 250 20 26 0.06098441 
318 29 15 19 0.056990724 
366 470 40 42 0.056984805 
566 120 11 16 0.053027272 
591 440 32 36 0.051663417 
441 214 22 29 0.05035583 
573 108 10 14 0.05020565 
481 276 24 29 0.04703678 
219 32 22 28 0.043676894 
499 147 14 16 0.04275576 
528 111 44 53 0.040255822 
389 227 38 45 0.038444206 
566 38 12 15 0.03544742 
395 271 211 268 0.033106945 
536 132 30 39 0.031776875 
682 36 15 18 0.029515747 
268 61 17 22 0.026144398 
12 108 9 14 0.024420692 
672 25 43 57 0.024263868 
405 454 32 35 0.024230508 
494 138 28 33 0.023896702 
571 64 15 19 0.023204094 
721 31 36 47 0.023173943 
549 189 17 21 0.021702874 
346 505 109 105 0.021249697 
147 -206 458 484 0.021060677 
304 539 66 68 0.020951558 
16 86 10 12 0.020752177 
510 132 11 15 0.020698553 
410 261 31 41 0.020397125 
308 29 14 18 0.020161223 
