58_Hockey_icehockey_puck_58_692
56
443 69 61 70 0.9993424 
562 83 60 74 0.9547215 
148 35 33 39 0.18047756 
597 110 55 62 0.12183792 
615 126 35 36 0.09690946 
111 60 27 38 0.08419351 
821 51 53 67 0.067306355 
409 157 54 62 0.0626588 
233 42 42 54 0.059647556 
142 48 33 42 0.058997463 
752 54 56 67 0.05705774 
382 76 41 54 0.055885755 
564 113 36 47 0.05524211 
415 82 13 21 0.05357601 
604 129 30 38 0.05306295 
388 85 13 18 0.049639713 
561 19 39 44 0.04561035 
567 94 36 46 0.045283686 
407 74 26 39 0.044760946 
324 114 16 19 0.04339457 
426 210 46 53 0.043392017 
760 35 86 93 0.042781644 
158 52 42 56 0.040539667 
572 66 89 99 0.039477937 
105 152 48 66 0.039439164 
558 47 14 17 0.036794662 
585 27 31 38 0.03623907 
256 50 30 48 0.03619938 
374 216 52 66 0.034695413 
569 49 58 83 0.034487672 
117 36 30 38 0.034233514 
322 102 28 31 0.03169526 
106 190 38 41 0.030536281 
127 56 29 43 0.030057283 
698 157 29 33 0.029336376 
302 329 14 16 0.029086543 
314 98 52 56 0.028331228 
578 38 29 41 0.02808796 
82 63 16 24 0.027356043 
605 137 17 23 0.027015252 
389 101 17 22 0.026404476 
379 89 27 36 0.026021888 
156 47 18 23 0.025816489 
620 113 53 65 0.02461726 
417 70 33 45 0.023575183 
413 203 38 45 0.023165429 
557 33 27 31 0.02306445 
99 62 27 36 0.0222873 
255 60 46 60 0.022155544 
601 147 38 41 0.021906316 
402 215 53 59 0.021892529 
123 26 32 36 0.021732183 
329 289 29 31 0.02168896 
198 47 42 53 0.021354593 
687 140 33 34 0.021103181 
62 75 38 51 0.020075785 
