58_Hockey_icehockey_puck_58_290
135
422 64 24 33 0.9974915 
660 37 22 29 0.99554175 
561 44 24 31 0.99432963 
809 18 22 28 0.9932833 
491 63 22 29 0.99142843 
744 33 21 28 0.985906 
62 18 25 35 0.98107386 
359 71 23 31 0.975009 
864 1 22 25 0.96004486 
302 82 21 30 0.9529465 
490 469 30 40 0.95194423 
179 16 21 24 0.94286823 
603 41 20 28 0.940882 
124 24 23 26 0.9345958 
364 0 22 27 0.9284234 
102 113 21 26 0.92734325 
323 333 33 36 0.759025 
737 245 29 35 0.740118 
30 34 20 29 0.5641377 
44 180 19 24 0.5503259 
209 81 16 19 0.5451383 
243 15 24 28 0.4606554 
916 0 19 22 0.3772383 
903 221 25 30 0.3713453 
154 25 14 19 0.30394 
140 87 13 16 0.28470692 
245 56 16 20 0.28128073 
740 1 20 21 0.2592852 
107 24 14 20 0.25243983 
3 121 22 34 0.24649742 
75 93 17 20 0.2371473 
853 199 23 27 0.2308017 
49 139 18 21 0.19358736 
391 169 14 18 0.18025814 
572 2 28 27 0.1518937 
774 85 23 29 0.13021676 
680 0 21 18 0.11757231 
709 15 26 29 0.105963096 
313 175 16 22 0.10081741 
159 85 22 27 0.07537552 
501 478 31 35 0.07415846 
691 346 14 18 0.07314842 
123 10 17 20 0.06998202 
696 -2 34 27 0.06836533 
730 336 40 42 0.06644093 
667 76 13 17 0.06385554 
451 136 15 17 0.0626859 
188 55 16 20 0.06060657 
214 26 16 19 0.057290986 
198 82 17 19 0.05648729 
241 40 24 28 0.056428786 
681 -1 33 30 0.054503363 
380 22 17 23 0.054140974 
250 30 18 21 0.053964596 
325 44 28 38 0.051612478 
179 2 17 19 0.04966346 
712 0 21 19 0.04890178 
723 104 16 21 0.045950506 
371 9 25 32 0.0421488 
237 56 18 22 0.04151047 
171 97 15 18 0.040348522 
389 47 16 21 0.04009923 
744 260 21 24 0.03974766 
894 28 13 17 0.038757116 
310 185 15 18 0.038286723 
239 25 24 28 0.03757096 
162 75 15 18 0.037184056 
331 348 22 23 0.03663793 
914 220 19 23 0.035703693 
436 161 17 21 0.035089467 
65 297 376 473 0.033485584 
771 24 26 30 0.033273265 
823 246 84 98 0.033212412 
855 214 42 51 0.032805197 
182 66 14 18 0.032345586 
268 68 16 20 0.031932462 
30 27 16 21 0.03163954 
355 159 17 18 0.031110631 
131 3 14 16 0.030010074 
708 363 59 61 0.029988823 
237 4 26 31 0.029853115 
237 99 12 15 0.029682018 
117 25 18 22 0.029617427 
702 466 41 35 0.029486263 
719 352 44 43 0.029325988 
526 525 14 15 0.028641399 
146 85 14 18 0.028579915 
237 45 15 17 0.028524233 
747 0 24 25 0.028231414 
192 18 15 18 0.028139997 
718 314 33 35 0.027656911 
685 350 26 32 0.02748288 
717 327 41 39 0.027207742 
680 337 41 53 0.027132262 
194 52 14 18 0.02658761 
309 187 22 28 0.02628344 
256 12 14 18 0.02606224 
499 160 24 26 0.025139173 
654 377 26 32 0.025046704 
379 36 23 32 0.024548415 
322 178 13 18 0.023695266 
884 366 23 31 0.023667183 
252 41 15 19 0.02351069 
335 25 26 34 0.023410348 
267 51 16 19 0.023370523 
731 261 19 26 0.023315258 
757 30 24 29 0.023161113 
106 119 25 30 0.022981523 
59 122 14 17 0.022974143 
311 332 26 34 0.022955734 
265 56 22 27 0.022697257 
503 473 19 24 0.022564894 
911 229 27 33 0.022279233 
468 91 15 19 0.022120332 
679 127 23 28 0.021495106 
20 34 17 24 0.021494625 
92 90 14 17 0.021412771 
369 26 23 30 0.021349825 
74 199 17 22 0.021323578 
377 153 16 19 0.021309571 
412 586 17 19 0.021252599 
239 16 15 20 0.021187041 
738 403 16 17 0.021107785 
57 131 15 19 0.021066671 
636 131 16 20 0.02091957 
114 144 18 21 0.020907864 
263 72 14 18 0.020892505 
380 169 17 19 0.020868208 
271 293 402 469 0.02073575 
80 86 24 29 0.020537555 
354 53 28 36 0.020183004 
956 237 11 15 0.02013047 
896 204 43 47 0.020121709 
315 52 23 31 0.02012103 
257 49 22 25 0.020096976 
