58_Hockey_icehockey_puck_58_182
24
376 169 53 64 0.9984157 
820 123 30 37 0.95983595 
624 92 29 35 0.79129213 
615 170 42 50 0.4238121 
820 197 34 44 0.12627749 
832 124 20 23 0.087471254 
662 133 42 56 0.07074314 
510 276 35 30 0.052275453 
445 266 61 55 0.05017008 
885 184 38 51 0.047059525 
861 203 56 65 0.04664431 
837 229 102 124 0.035557345 
640 97 19 24 0.03130778 
680 236 39 52 0.029413728 
410 294 13 14 0.028393606 
303 309 31 35 0.028166963 
819 202 50 64 0.026641041 
673 157 30 43 0.025502084 
749 532 60 61 0.024196427 
849 193 49 59 0.023698151 
531 324 27 31 0.023239154 
702 266 33 38 0.022030996 
750 258 45 58 0.02126422 
641 151 43 59 0.02067959 
