58_Hockey_icehockey_puck_58_671
80
306 240 24 32 0.98576945 
269 260 33 42 0.9746099 
569 251 29 32 0.97112423 
393 260 15 19 0.50861263 
411 258 16 20 0.19514239 
400 257 21 24 0.192555 
296 242 26 38 0.17991188 
286 246 24 40 0.11146665 
635 317 52 65 0.09859432 
584 243 24 30 0.09809065 
595 246 13 17 0.09330915 
444 564 68 54 0.08939857 
539 427 13 14 0.08060526 
529 277 27 31 0.06548219 
624 327 28 34 0.06483992 
329 279 29 35 0.06304636 
318 317 37 42 0.052636337 
578 455 15 20 0.049315687 
360 432 60 64 0.048143357 
657 329 36 41 0.048039846 
292 -11 73 77 0.04139285 
429 236 13 16 0.039816894 
561 260 31 34 0.039334774 
629 325 17 21 0.039022654 
463 281 25 28 0.038844783 
628 10 27 29 0.038119335 
411 287 17 23 0.03752247 
299 39 92 120 0.03490165 
616 47 224 270 0.034210913 
709 315 46 56 0.033688057 
1001 238 10 12 0.033320807 
421 399 59 69 0.033316642 
417 254 13 17 0.031019095 
395 268 17 22 0.029986436 
399 272 27 32 0.029798042 
471 499 78 69 0.029780108 
609 268 22 31 0.02941411 
468 220 10 13 0.029209753 
532 283 16 19 0.029032787 
613 321 13 18 0.028831108 
316 290 46 46 0.02824427 
557 316 14 19 0.027856495 
377 347 55 55 0.027572354 
411 566 64 57 0.027407348 
434 541 62 48 0.02706843 
430 230 13 15 0.026936702 
635 325 30 40 0.02668447 
587 458 13 18 0.026651451 
583 422 9 11 0.026543902 
616 317 25 30 0.02646307 
671 117 37 45 0.026393086 
247 255 43 59 0.025887541 
750 293 64 49 0.025079533 
319 241 18 23 0.024982555 
580 452 24 30 0.024207521 
445 216 12 17 0.02386737 
613 303 85 103 0.023773067 
584 264 29 36 0.023021342 
435 227 13 16 0.022922445 
397 291 25 29 0.02286198 
597 296 14 17 0.02273147 
289 234 25 36 0.022509448 
572 209 11 15 0.02245854 
614 275 13 18 0.022295538 
448 236 12 16 0.021900186 
604 298 15 18 0.02182303 
429 208 16 19 0.02164954 
436 209 15 19 0.021456525 
568 430 9 10 0.021325558 
544 406 9 12 0.021111514 
448 80 30 47 0.021016028 
568 357 9 13 0.02076655 
289 128 28 38 0.02070785 
597 269 26 32 0.020335915 
430 220 14 16 0.02026698 
301 318 31 39 0.020171367 
435 257 15 18 0.020166231 
938 384 9 10 0.020099709 
246 246 29 43 0.020089494 
350 319 44 50 0.020060644 
