58_Hockey_icehockey_puck_58_592
41
542 350 26 27 0.9647915 
966 395 30 32 0.9469515 
181 328 16 23 0.90551865 
716 333 12 15 0.62920296 
689 357 16 18 0.43822545 
864 345 14 17 0.14195602 
651 373 12 15 0.11285185 
702 390 11 13 0.055001497 
684 349 18 21 0.0499991 
867 387 33 45 0.043434255 
733 370 10 14 0.04010123 
179 373 13 16 0.036562335 
881 369 35 48 0.03645298 
858 347 24 28 0.036056638 
812 383 23 33 0.03493969 
555 438 15 21 0.034839883 
180 318 14 17 0.03351497 
846 348 26 32 0.03159724 
686 371 13 17 0.030200047 
552 205 9 12 0.029770076 
988 484 13 16 0.028438274 
565 264 48 62 0.028349962 
688 335 9 10 0.027752297 
632 384 9 11 0.027576536 
690 345 22 27 0.027114913 
553 214 10 12 0.02681533 
712 326 13 17 0.026493337 
177 312 11 14 0.026079984 
834 384 27 38 0.02494319 
166 387 11 14 0.024845863 
644 372 22 27 0.024076764 
950 533 60 76 0.023794746 
841 399 33 43 0.02375709 
710 407 9 11 0.023046358 
460 489 11 13 0.022870023 
636 382 11 14 0.022825578 
558 431 11 16 0.022430228 
678 371 12 15 0.021413943 
851 346 15 19 0.021340616 
722 332 13 16 0.021250758 
681 333 8 11 0.020672973 
