58_Hockey_icehockey_puck_58_245
75
198 225 33 42 0.9997943 
252 203 32 39 0.99978536 
409 83 31 37 0.9997795 
612 195 30 38 0.99971217 
677 54 30 38 0.99966407 
528 98 31 39 0.9996605 
156 76 27 33 0.99964345 
280 79 29 35 0.99964 
474 116 32 37 0.99960655 
735 65 26 34 0.99955934 
381 105 28 35 0.99952734 
199 122 29 36 0.9994431 
812 55 26 34 0.99936277 
103 95 31 38 0.99934 
841 200 27 34 0.9992865 
351 208 29 34 0.9992812 
610 72 29 35 0.9991423 
612 366 29 37 0.9990103 
680 291 28 36 0.99899143 
884 48 27 32 0.9981598 
438 194 31 39 0.9957509 
97 187 33 38 0.9942555 
900 167 34 42 0.99277824 
466 180 26 35 0.4432008 
778 253 15 23 0.3105756 
610 290 24 28 0.26386347 
584 357 28 31 0.24425325 
718 86 17 21 0.1233982 
524 194 32 42 0.11836105 
453 185 29 38 0.11300587 
346 114 15 21 0.08721041 
655 359 29 35 0.0867686 
268 290 15 18 0.077124506 
836 283 32 41 0.074301556 
582 415 38 45 0.07417358 
596 357 29 37 0.07167413 
389 230 25 31 0.06506365 
367 295 30 30 0.064311616 
156 266 27 33 0.060180794 
505 110 17 24 0.059772663 
284 171 17 19 0.059735075 
321 176 26 34 0.056604076 
680 145 14 15 0.053117685 
898 352 16 21 0.051750593 
526 285 32 41 0.04938147 
722 75 21 30 0.047285676 
487 114 27 34 0.045974907 
812 145 16 18 0.043504324 
729 263 22 31 0.04094085 
337 427 18 20 0.03924634 
469 294 30 31 0.037730485 
773 245 16 23 0.035334226 
436 370 29 40 0.034460593 
261 287 26 32 0.03426196 
559 80 13 18 0.033679135 
612 286 16 20 0.033009183 
876 139 25 31 0.03137927 
785 253 16 23 0.029692784 
614 473 16 17 0.029154016 
778 241 26 32 0.02749979 
727 280 13 17 0.027217729 
573 366 31 38 0.026360162 
569 393 47 58 0.025889635 
883 141 15 17 0.025575195 
731 196 14 17 0.025497198 
467 200 15 19 0.02490966 
537 270 31 44 0.024617977 
720 149 10 12 0.023257228 
342 109 15 20 0.022208584 
515 107 24 30 0.022106757 
562 374 35 40 0.021503389 
890 161 27 37 0.02094359 
576 340 33 39 0.02075643 
90 168 34 49 0.02061875 
318 232 23 32 0.020597717 
