58_Hockey_icehockey_puck_58_895
48
78 741 79 92 0.98204064 
379 819 25 31 0.95653945 
675 325 395 524 0.95233124 
184 789 63 83 0.91880953 
547 264 358 461 0.61508155 
389 873 31 32 0.5134828 
318 814 26 35 0.28331962 
431 761 23 28 0.19118059 
334 784 14 18 0.18436466 
395 778 25 28 0.17178898 
12 120 540 686 0.15305226 
444 788 16 21 0.14735141 
536 3 445 584 0.115441374 
371 420 32 40 0.11514308 
308 820 28 34 0.09336627 
135 754 89 113 0.08433072 
306 831 17 23 0.079031534 
635 100 234 343 0.0789284 
364 776 15 17 0.07292711 
440 763 17 19 0.06647226 
636 473 253 310 0.06210973 
292 804 13 16 0.04614323 
357 776 16 18 0.04187175 
718 685 126 151 0.037626106 
594 213 227 332 0.035933882 
391 824 16 24 0.03247979 
390 784 16 20 0.03206841 
293 811 27 36 0.031697772 
777 167 25 31 0.03167877 
329 821 25 34 0.029254591 
372 819 21 25 0.029033037 
370 772 16 19 0.028775858 
388 808 27 35 0.027015848 
413 827 16 21 0.026937077 
370 826 28 33 0.026776252 
326 781 17 19 0.026599558 
829 662 142 170 0.026266243 
311 804 28 33 0.026002323 
332 808 25 35 0.025883267 
364 785 14 17 0.023991091 
280 811 27 37 0.023953239 
278 800 11 13 0.02378251 
374 803 27 36 0.022868188 
444 779 15 19 0.022105768 
350 778 15 17 0.021248866 
-5 735 77 128 0.021186048 
217 391 362 476 0.020594202 
509 477 22 32 0.02048515 
