19_Couple_Couple_19_881
47
584 230 94 123 0.9991278 
255 193 88 116 0.9981014 
884 297 28 33 0.5324337 
227 563 35 39 0.3878088 
485 70 12 14 0.09297299 
989 323 27 35 0.07609298 
372 60 11 13 0.0639726 
950 294 15 18 0.05288255 
358 74 11 14 0.0526229 
996 260 15 19 0.047972936 
388 39 14 17 0.044108212 
856 2 102 112 0.042670794 
519 94 11 13 0.04002854 
691 -5 383 465 0.03683659 
-7 924 380 478 0.035242546 
-105 171 413 502 0.03488385 
544 239 91 124 0.033836972 
860 14 29 32 0.033143323 
851 9 59 57 0.031982955 
901 11 31 34 0.031857513 
977 319 16 23 0.03000205 
780 65 112 131 0.029790511 
479 76 12 14 0.029479174 
107 971 161 183 0.029236361 
188 775 374 485 0.028361078 
459 90 13 16 0.028248543 
371 127 11 13 0.02762318 
953 282 46 66 0.027323175 
-31 422 359 405 0.02725353 
836 625 204 274 0.025353186 
384 38 23 28 0.025277587 
408 40 17 21 0.025136882 
327 992 212 266 0.024340652 
735 200 94 117 0.024324741 
349 318 364 484 0.024040839 
853 298 15 19 0.023828445 
880 290 46 53 0.023724865 
358 143 14 17 0.022679329 
502 107 11 14 0.022508211 
879 12 62 60 0.021831175 
782 -9 105 114 0.021622686 
321 44 11 14 0.021439236 
513 94 10 12 0.021054847 
897 304 23 31 0.020511357 
404 155 10 12 0.020473152 
947 293 24 30 0.020317242 
978 309 17 21 0.02007767 
