19_Couple_Couple_19_106
25
581 173 61 81 0.99947745 
303 124 62 83 0.99928325 
139 537 53 78 0.27530006 
501 73 22 29 0.15210739 
409 2 24 26 0.12903196 
443 21 114 156 0.058841925 
142 -1 54 46 0.052083544 
128 506 89 128 0.04682299 
754 64 38 46 0.04598955 
485 73 59 79 0.03615998 
333 2 30 39 0.03458875 
879 9 59 79 0.034178205 
554 50 27 32 0.031940747 
854 90 31 47 0.030281171 
2 98 36 71 0.027420133 
7 3 42 78 0.025430381 
890 3 98 124 0.023102649 
842 3 59 74 0.022258626 
570 0 38 30 0.021003768 
136 547 32 50 0.020830996 
512 73 18 21 0.020472037 
0 187 29 55 0.020414235 
435 196 38 50 0.020277016 
527 0 29 22 0.020140953 
557 426 13 16 0.020077998 
