19_Couple_Couple_19_810
35
455 335 23 26 0.88658524 
483 347 16 21 0.73901075 
759 200 180 251 0.27759266 
517 619 57 53 0.17231083 
784 234 102 140 0.10162279 
467 337 24 29 0.08872785 
353 139 106 135 0.08442937 
528 43 55 63 0.072043635 
135 258 87 144 0.068519354 
81 218 177 262 0.059786897 
801 264 58 83 0.055846315 
748 229 90 145 0.04515147 
541 60 36 35 0.043549426 
570 69 58 58 0.0430354 
425 258 338 481 0.039622474 
57 214 109 150 0.03925635 
447 337 17 19 0.038833726 
440 333 49 54 0.035230417 
439 615 64 65 0.034431316 
447 342 31 33 0.034104135 
480 560 51 53 0.03293122 
801 280 32 50 0.03288325 
180 254 102 170 0.030542932 
494 566 31 33 0.029620348 
692 124 298 415 0.02866425 
453 377 49 52 0.028095484 
813 325 125 132 0.027558543 
393 578 36 49 0.02666428 
563 553 14 16 0.0263223 
540 324 49 58 0.025144994 
552 65 19 21 0.024018867 
545 65 56 65 0.022888817 
513 314 120 146 0.021307975 
500 573 18 20 0.02039655 
501 315 212 282 0.020306913 
