19_Couple_Couple_19_873
20
82 130 379 518 0.99903727 
315 194 426 440 0.981279 
80 1238 92 129 0.148665 
276 820 197 259 0.08509248 
45 811 202 269 0.078018494 
483 140 243 346 0.063466504 
453 969 226 328 0.05971292 
588 448 364 404 0.05831216 
73 867 102 142 0.04817701 
23 1171 171 221 0.039522674 
879 1012 144 141 0.03528941 
277 164 149 212 0.034699377 
131 446 379 488 0.033962 
685 847 424 514 0.03236106 
672 47 463 506 0.030914828 
66 668 334 463 0.030866694 
290 -1 47 35 0.0261838 
799 918 224 278 0.024397086 
241 98 309 422 0.022044387 
514 175 366 466 0.021701587 
