19_Couple_Couple_19_90
24
452 817 117 150 0.99961096 
310 734 138 185 0.9995765 
496 1160 141 148 0.6112817 
406 1064 259 270 0.1855316 
592 1152 60 85 0.14034918 
791 493 200 283 0.13427973 
102 1454 32 34 0.10798733 
324 916 418 434 0.08005419 
162 1486 27 37 0.07695641 
688 1311 33 46 0.07554945 
388 769 127 175 0.05546508 
611 355 366 414 0.0536036 
30 1489 41 47 0.04871945 
739 1096 218 211 0.038291592 
681 858 231 365 0.034155924 
553 1174 80 82 0.032771606 
96 1495 27 35 0.030923218 
175 1487 27 36 0.030282427 
695 305 80 118 0.029232357 
622 355 211 278 0.025893405 
841 614 130 172 0.025543153 
126 1505 33 30 0.024432749 
74 201 131 162 0.021993943 
614 1182 38 54 0.020968514 
