19_Couple_Couple_19_319
70
485 589 35 42 0.97910464 
0 763 47 69 0.2620078 
465 597 33 35 0.13362026 
494 590 44 58 0.12707683 
971 773 14 19 0.08117799 
615 360 27 33 0.057443187 
57 477 11 14 0.056068517 
39 762 30 40 0.047557462 
973 768 23 32 0.044427305 
34 547 13 17 0.044267263 
179 633 26 31 0.04305849 
1 500 8 12 0.042737704 
392 279 11 13 0.040802497 
5 404 11 14 0.040350407 
1 509 7 12 0.037983205 
1006 1118 11 15 0.03621771 
907 751 16 22 0.036008507 
150 642 15 17 0.035461433 
1013 770 10 15 0.033380028 
893 407 54 61 0.033025615 
25 205 23 28 0.03245688 
8 1285 11 13 0.031122858 
143 859 28 34 0.030855855 
1008 839 15 26 0.029674787 
973 766 12 16 0.029606273 
492 575 28 37 0.029395025 
927 476 29 34 0.029392237 
118 1294 9 11 0.029197166 
142 623 11 15 0.028994884 
965 746 12 15 0.028759453 
289 758 124 159 0.027495097 
4 493 11 13 0.027449157 
74 761 18 23 0.027336536 
101 768 26 33 0.02718145 
208 538 31 35 0.027145635 
80 802 33 41 0.026553372 
1013 561 11 16 0.026519218 
953 769 15 18 0.02632335 
823 324 48 61 0.024925327 
24 471 10 13 0.02489833 
497 633 25 29 0.024697725 
24 495 9 11 0.024378425 
120 658 10 12 0.024337158 
791 330 12 16 0.024136594 
94 463 9 10 0.023460362 
520 524 407 473 0.023432627 
5 544 11 13 0.023415914 
887 388 88 106 0.023104735 
934 757 11 15 0.023078436 
989 809 26 40 0.022609191 
994 1070 8 10 0.022401957 
1011 246 11 17 0.022337867 
470 611 37 37 0.022330908 
98 786 29 33 0.022294002 
740 314 24 32 0.022258721 
944 717 9 11 0.022187961 
35 581 13 16 0.021843528 
818 409 207 318 0.021707753 
365 269 13 15 0.021445548 
22 766 42 58 0.021169176 
1011 593 12 18 0.020936815 
1005 573 14 18 0.02069443 
68 484 13 17 0.02065188 
185 624 24 28 0.020538082 
61 482 13 16 0.020431407 
0 113 9 14 0.020248607 
185 476 9 11 0.020136893 
9 518 8 10 0.020097617 
682 601 26 33 0.020058518 
944 702 9 11 0.020051362 
