19_Couple_Couple_19_835
17
452 125 127 171 0.99599755 
523 124 122 168 0.98921543 
521 128 271 274 0.466903 
421 39 464 456 0.21195334 
625 143 136 201 0.07524331 
776 386 194 267 0.056319714 
678 337 188 295 0.040029198 
389 536 53 54 0.03916278 
50 294 272 230 0.038152087 
413 129 108 155 0.036537252 
704 230 333 430 0.035816666 
474 239 341 442 0.03476989 
246 320 142 173 0.028519694 
444 363 41 66 0.027664512 
-4 184 417 382 0.02459649 
828 450 190 260 0.024501368 
20 364 98 152 0.023250999 
