4_Dancing_Dancing_4_1029
19
565 83 87 130 0.9993266 
335 78 80 101 0.9918051 
464 64 37 49 0.71022075 
462 5 15 20 0.38773265 
247 95 48 64 0.1936987 
241 6 57 62 0.07768241 
53 93 39 48 0.06511219 
728 137 33 30 0.052784383 
182 854 57 61 0.04295513 
124 92 35 35 0.03408896 
46 66 100 115 0.033293817 
465 3 24 28 0.033247065 
29 167 11 13 0.030662928 
109 95 34 36 0.028144248 
246 9 33 35 0.022770792 
231 69 80 101 0.021549273 
556 256 218 283 0.02122213 
-33 93 222 261 0.020743283 
779 78 26 31 0.02027051 
