4_Dancing_Dancing_4_489
118
806 22 35 42 0.9996582 
346 82 34 44 0.99938893 
174 240 51 61 0.99925107 
886 102 36 44 0.9992285 
295 67 40 48 0.9991673 
910 47 33 40 0.998971 
779 238 46 58 0.99888104 
484 106 39 49 0.9981029 
690 29 37 46 0.9977157 
758 41 34 41 0.9975011 
275 243 45 54 0.9973079 
602 212 47 59 0.99730647 
398 122 46 59 0.9971867 
915 137 39 49 0.9971251 
530 60 40 51 0.99671197 
420 59 41 49 0.99661994 
128 118 41 52 0.996503 
704 281 44 56 0.99617684 
615 79 41 50 0.99531555 
752 107 38 49 0.9949772 
668 99 44 57 0.9937728 
186 78 43 53 0.99081284 
541 235 41 52 0.9897892 
252 131 44 54 0.98293823 
393 239 46 56 0.9817971 
23 18 16 20 0.97925586 
982 18 17 21 0.9681461 
828 110 41 48 0.96257037 
935 8 22 26 0.9435009 
164 23 14 18 0.9409414 
898 0 21 24 0.9158304 
61 35 17 21 0.9141727 
106 23 18 21 0.9134269 
873 25 17 21 0.8772762 
85 26 14 18 0.8578859 
51 20 16 19 0.85465723 
851 3 14 18 0.6994469 
150 12 14 18 0.58472455 
26 51 19 25 0.51413774 
44 0 13 12 0.49841112 
93 -1 12 12 0.2975692 
89 35 13 17 0.26853865 
3 0 11 12 0.22063127 
164 30 16 21 0.21140598 
142 -1 12 11 0.19636284 
110 57 14 18 0.169294 
65 57 15 19 0.14061318 
17 3 15 16 0.13149182 
81 21 14 17 0.10988365 
989 102 14 16 0.10772755 
58 26 18 23 0.10498289 
66 50 14 17 0.10439363 
487 7 37 52 0.09584479 
49 0 15 17 0.07241247 
6 102 11 14 0.06454989 
98 -2 14 13 0.060915746 
99 28 20 25 0.058927495 
322 69 42 51 0.052083872 
14 10 14 16 0.051678326 
170 39 14 18 0.050411925 
37 1 14 15 0.050379887 
155 6 13 15 0.047769677 
380 339 12 15 0.04487796 
648 92 48 57 0.043951336 
29 72 15 19 0.043220744 
89 22 13 16 0.04127929 
495 297 25 32 0.041215137 
190 46 12 14 0.040966496 
79 32 15 20 0.04038495 
221 18 15 18 0.039944153 
886 -1 26 27 0.03971547 
175 60 13 16 0.039108943 
143 15 15 19 0.03576906 
110 41 14 19 0.034776058 
765 68 33 39 0.034744266 
67 13 12 15 0.033770658 
67 3 13 15 0.0332621 
66 19 13 17 0.03320641 
30 5 13 15 0.03278946 
62 14 13 16 0.03258722 
0 75 8 16 0.03253185 
174 55 23 30 0.031684857 
986 97 23 28 0.03141883 
181 52 14 17 0.030844973 
801 114 24 31 0.030514192 
880 150 29 39 0.030443547 
2 -1 20 22 0.030210754 
226 3 14 16 0.029656813 
348 265 24 35 0.029415498 
147 25 14 19 0.029115872 
217 8 25 29 0.028917495 
90 49 16 20 0.028182566 
1004 120 11 16 0.027764296 
181 45 13 16 0.027502352 
84 15 14 17 0.027257448 
90 -3 22 22 0.027226621 
958 171 24 37 0.027148305 
163 156 27 41 0.026143882 
98 45 19 27 0.025667207 
0 13 8 13 0.025380429 
15 20 14 18 0.024010886 
1 101 9 14 0.02386728 
93 34 22 28 0.023741605 
63 0 11 11 0.023511665 
7 178 10 15 0.023423893 
988 51 14 18 0.022991542 
197 4 11 14 0.02280175 
46 35 15 18 0.022429224 
194 49 14 16 0.022295726 
30 0 11 10 0.021981722 
11 108 13 15 0.021948162 
156 33 22 29 0.021830507 
6 12 12 14 0.021573372 
1008 103 10 12 0.021486484 
139 32 17 22 0.021410216 
161 40 25 34 0.021152826 
766 87 31 36 0.02049489 
837 0 26 28 0.020216923 
