4_Dancing_Dancing_4_1043
24
82 446 34 33 0.9923718 
890 77 47 58 0.2940038 
444 572 15 20 0.1371549 
428 565 9 13 0.13381809 
341 559 11 14 0.09396462 
389 560 10 12 0.066680506 
149 259 16 18 0.06596223 
209 250 27 32 0.06019023 
290 559 19 21 0.05264721 
117 449 18 23 0.04093377 
246 580 50 53 0.03519394 
660 132 36 38 0.03473071 
70 444 27 33 0.030404808 
204 506 27 38 0.029001651 
429 570 9 13 0.026920808 
163 559 16 18 0.026424352 
846 38 22 27 0.023447558 
443 304 58 67 0.023211103 
407 557 11 15 0.022200726 
859 33 18 22 0.021432504 
696 162 31 46 0.020812871 
494 -2 413 450 0.020567188 
60 456 15 19 0.02027136 
109 398 15 19 0.020118587 
