4_Dancing_Dancing_4_228
32
848 41 47 60 0.99769455 
448 116 40 56 0.9867688 
611 101 43 56 0.9805406 
276 158 38 53 0.92992127 
577 155 22 37 0.08326255 
806 93 11 15 0.064179294 
540 298 16 18 0.061667643 
548 300 14 19 0.061342023 
803 142 44 71 0.05491992 
225 272 30 46 0.052873924 
779 92 12 15 0.052063804 
139 326 64 64 0.050445076 
1011 173 12 17 0.044145964 
575 136 36 59 0.042492103 
791 167 35 52 0.035803877 
-1 669 50 102 0.03507406 
305 129 16 21 0.031398594 
974 500 9 11 0.03053519 
584 132 23 40 0.030026719 
80 444 9 13 0.02960439 
559 149 10 13 0.028416347 
594 131 43 69 0.027714534 
305 152 27 39 0.0272619 
313 199 16 20 0.026310828 
618 164 26 43 0.026270691 
528 167 11 15 0.026187193 
172 304 46 53 0.024305074 
575 162 16 25 0.021756334 
999 175 11 14 0.021518953 
651 125 18 25 0.021263046 
6 305 25 32 0.020866001 
494 151 14 19 0.020478431 
