4_Dancing_Dancing_4_240
19
109 155 58 74 0.9998142 
835 98 58 76 0.9997731 
682 122 58 73 0.9996747 
255 193 55 71 0.9996742 
529 167 61 76 0.9996524 
396 214 57 71 0.9994085 
259 14 14 17 0.05631232 
167 74 48 59 0.05123407 
300 232 49 59 0.040375322 
125 23 25 37 0.039250404 
555 326 108 151 0.037413836 
499 172 14 18 0.036081158 
400 132 26 30 0.02569222 
969 443 30 42 0.025241653 
174 49 50 65 0.024907494 
307 217 37 48 0.022745 
448 187 43 48 0.022023436 
454 146 47 57 0.021646248 
972 415 16 17 0.02124646 
