4_Dancing_Dancing_4_84
98
479 136 37 47 0.9988919 
851 108 41 47 0.9966453 
344 157 40 48 0.9944326 
700 160 45 52 0.99360704 
537 199 32 48 0.9918994 
134 173 46 54 0.9904952 
273 135 18 21 0.95232195 
221 72 19 26 0.95024735 
149 77 17 21 0.9473468 
52 72 21 25 0.92137295 
604 84 19 23 0.9194343 
790 66 19 22 0.90550673 
733 72 19 22 0.8485061 
453 140 15 19 0.70280623 
764 131 19 22 0.58497566 
404 216 37 49 0.33222285 
674 -1 16 14 0.21328321 
111 109 11 14 0.19256888 
716 3 13 14 0.17550474 
792 130 26 27 0.14649343 
731 4 13 14 0.13352934 
548 549 18 21 0.11912809 
791 142 27 32 0.10937619 
720 130 28 32 0.102216676 
87 147 14 19 0.099383816 
774 127 22 28 0.09588274 
189 125 12 16 0.09151966 
694 1 16 16 0.09127652 
195 139 26 33 0.060655165 
689 19 12 14 0.058155816 
756 72 14 19 0.05720008 
207 124 12 18 0.05519169 
252 90 16 18 0.054951202 
773 27 13 15 0.050244868 
596 152 41 56 0.049135793 
203 150 14 19 0.047809605 
946 346 19 20 0.045599412 
522 555 12 15 0.044668045 
590 137 15 18 0.04251707 
432 134 9 11 0.038732097 
774 36 15 17 0.03747609 
643 430 27 31 0.036769345 
152 85 16 21 0.036764044 
749 135 23 29 0.03657145 
105 109 12 15 0.036060367 
746 72 15 20 0.03549704 
763 73 16 20 0.033806212 
710 77 12 15 0.03305446 
788 129 19 21 0.03182477 
140 136 30 32 0.031457193 
694 63 10 12 0.029895121 
613 199 29 44 0.029818663 
639 145 15 19 0.029646583 
415 147 10 14 0.029021708 
735 29 12 16 0.028750654 
154 71 21 26 0.028314553 
956 273 15 20 0.02829617 
240 133 12 14 0.028107792 
776 198 27 37 0.026910981 
582 189 32 40 0.026823463 
608 105 14 17 0.026514674 
661 19 11 14 0.026298333 
631 131 12 16 0.02613282 
396 538 14 15 0.02582962 
615 140 14 15 0.025353214 
680 398 82 113 0.025216827 
551 613 13 16 0.02511897 
712 143 35 43 0.024819259 
619 207 16 22 0.024750829 
149 105 14 17 0.024718627 
204 82 13 18 0.024715144 
193 124 22 29 0.024411751 
948 218 12 18 0.024194589 
801 68 14 18 0.02402894 
609 169 17 23 0.023605634 
740 26 14 16 0.023012126 
724 0 25 24 0.022761947 
753 182 25 35 0.022753116 
767 28 12 13 0.022734819 
710 -1 22 23 0.022614505 
635 49 24 29 0.02227317 
726 11 13 14 0.021922445 
197 81 14 17 0.021730935 
203 127 21 27 0.021716623 
685 6 22 25 0.021673549 
117 114 11 14 0.021568008 
15 82 11 14 0.021482717 
416 134 10 12 0.021388581 
448 144 15 18 0.02123128 
246 96 15 18 0.021202957 
394 190 43 59 0.021001883 
638 28 11 12 0.020822337 
635 141 23 32 0.02071731 
561 217 28 40 0.02070902 
839 86 10 12 0.020593518 
834 582 27 26 0.0204056 
678 0 22 19 0.020315362 
691 11 14 16 0.020313298 
