4_Dancing_Dancing_4_878
39
457 174 110 161 0.99986553 
194 751 121 110 0.9544617 
758 425 28 41 0.7505596 
676 115 13 18 0.28785652 
-30 47 422 475 0.2093319 
737 989 49 76 0.16321404 
932 782 91 109 0.15657131 
744 1044 60 87 0.15635298 
944 131 89 133 0.14972976 
194 164 110 117 0.14535148 
709 1022 83 129 0.08210515 
744 55 117 190 0.08114952 
778 1057 39 56 0.05218716 
542 1112 473 499 0.050025105 
138 119 16 17 0.04567115 
933 111 11 15 0.04423082 
183 1000 135 170 0.041747913 
8 607 393 514 0.036330972 
910 735 37 38 0.0351361 
563 506 373 496 0.034396995 
684 121 16 20 0.031330515 
73 247 161 194 0.030898288 
700 1055 50 78 0.026226144 
661 141 12 18 0.025925646 
-2 497 29 58 0.025803886 
978 139 48 88 0.025530694 
784 464 32 38 0.025152031 
167 752 34 40 0.025125228 
931 23 26 30 0.02359641 
905 729 16 20 0.022865996 
211 1048 144 164 0.022703653 
937 71 17 23 0.022485815 
935 67 13 17 0.022365918 
140 113 12 13 0.022329101 
984 826 39 50 0.02162314 
937 119 29 37 0.02154077 
750 425 49 74 0.021152908 
971 70 11 16 0.021082332 
-4 1113 39 55 0.020200655 
