4_Dancing_Dancing_4_915
25
456 125 230 291 0.999931 
587 374 396 492 0.8500866 
481 324 373 422 0.33767247 
268 1027 340 283 0.25136894 
172 105 236 325 0.23694246 
-103 151 524 599 0.14317529 
431 636 572 526 0.10066131 
331 882 411 476 0.08856596 
313 392 213 327 0.07849153 
357 194 355 487 0.07031426 
237 420 373 449 0.057167728 
662 -105 397 495 0.055795554 
-40 962 356 488 0.055005826 
720 293 263 396 0.054967172 
141 172 429 524 0.047966402 
79 800 477 514 0.045378745 
29 1060 210 323 0.045124896 
747 25 247 300 0.031260412 
34 346 445 559 0.030339995 
598 672 12 12 0.029620484 
501 929 399 501 0.026109137 
38 0 430 524 0.023899883 
541 483 252 304 0.023364585 
557 25 360 451 0.023015391 
900 469 18 23 0.020900965 
