7_Cheering_Cheering_7_542
31
568 137 230 318 0.9998124 
257 297 209 302 0.9997744 
3 338 30 42 0.85081935 
133 347 49 62 0.5712973 
493 313 89 117 0.10773639 
873 289 15 20 0.09941597 
80 328 29 40 0.097088054 
105 344 51 71 0.091154985 
0 276 41 55 0.09076326 
59 347 29 33 0.06239829 
71 300 44 57 0.061845854 
954 288 13 16 0.06102831 
991 252 29 40 0.0512359 
55 283 29 34 0.050837237 
330 201 317 416 0.050154053 
920 287 30 35 0.048084907 
51 283 50 59 0.044653196 
152 367 35 54 0.04461599 
71 339 30 39 0.043308176 
84 340 45 59 0.039930753 
163 399 32 43 0.03873591 
452 166 281 384 0.038208384 
129 339 77 108 0.035753224 
156 382 48 70 0.031068599 
856 302 12 16 0.028566234 
787 248 46 82 0.028547604 
0 288 23 36 0.027464818 
38 288 31 38 0.024733735 
655 -2 41 37 0.023865746 
93 324 32 40 0.022385048 
899 286 25 33 0.021027368 
