7_Cheering_Cheering_7_60
22
438 159 71 102 0.99779797 
706 158 82 107 0.99751544 
254 156 84 107 0.9964579 
594 25 79 112 0.9955239 
524 428 33 55 0.10219967 
783 86 88 121 0.052283145 
936 139 33 57 0.04484263 
934 42 93 146 0.04413657 
525 202 43 58 0.040495172 
960 -5 60 86 0.040398344 
26 371 335 441 0.037393175 
939 81 33 49 0.03274611 
893 76 95 141 0.032553446 
840 481 67 69 0.027519315 
926 74 51 86 0.026977615 
367 571 63 46 0.025691187 
678 353 45 62 0.025344651 
187 240 51 58 0.025063874 
224 184 82 113 0.024285693 
523 49 53 72 0.022909962 
741 118 86 128 0.022457564 
849 543 78 59 0.020169858 
