7_Cheering_Cheering_7_373
56
782 851 129 192 0.99973637 
391 862 143 212 0.9980509 
66 971 138 231 0.9914091 
937 345 33 45 0.13676439 
255 372 21 27 0.111028865 
346 347 16 20 0.081933565 
760 1400 22 30 0.073420346 
598 1261 23 31 0.06764844 
391 324 13 16 0.061870284 
571 1346 26 33 0.05979359 
800 1318 24 33 0.057645194 
651 1246 16 19 0.044362687 
661 1313 17 22 0.044249885 
618 1346 19 23 0.043737184 
706 1286 24 30 0.041907653 
317 373 14 18 0.03699132 
621 365 31 39 0.036798134 
579 1333 25 33 0.03619969 
651 1341 17 24 0.035238035 
343 1350 45 58 0.03519271 
802 438 25 31 0.03398488 
219 1382 56 78 0.033710066 
349 359 15 19 0.031496435 
997 1373 23 33 0.031314567 
609 1225 21 28 0.029943477 
355 362 15 19 0.029917859 
861 373 50 64 0.028638586 
735 1257 18 21 0.028628966 
645 1249 15 18 0.02854261 
738 1432 18 22 0.027985193 
996 1275 29 39 0.027559768 
257 406 423 482 0.027274009 
374 332 14 19 0.026813868 
708 1245 28 34 0.026756637 
731 1247 29 36 0.026691997 
343 361 14 17 0.026515953 
646 1269 14 17 0.025593216 
401 1381 50 68 0.02556442 
396 319 12 15 0.025253616 
975 436 32 37 0.02500862 
635 1257 15 19 0.02388159 
687 1378 25 28 0.023880107 
682 1271 25 34 0.023390295 
332 372 12 15 0.022073435 
746 1423 23 29 0.021831272 
313 322 100 124 0.021753173 
430 316 12 15 0.021496339 
832 368 44 64 0.021397484 
762 1341 30 43 0.021319402 
977 410 41 54 0.020932209 
261 408 24 29 0.020921847 
478 300 60 59 0.020810653 
397 1242 46 64 0.020643853 
715 1229 46 59 0.020277515 
833 446 23 30 0.020208765 
344 1377 48 61 0.020160776 
