7_Cheering_Cheering_7_345
285
228 376 24 32 0.9912997 
551 351 26 31 0.9850286 
253 371 24 30 0.98051286 
796 394 26 33 0.9596317 
449 152 29 44 0.90206516 
579 392 27 29 0.8845558 
356 402 23 28 0.8701406 
875 375 21 27 0.8651899 
903 359 26 32 0.8517056 
855 359 24 31 0.79597193 
3 311 19 31 0.6830532 
460 390 26 30 0.5876574 
265 393 23 30 0.50779015 
870 348 16 19 0.42806262 
502 358 33 42 0.37317535 
210 414 15 17 0.36753422 
599 190 29 36 0.36686105 
259 383 24 31 0.35611972 
942 308 21 30 0.35171577 
757 375 25 30 0.35124165 
751 424 13 20 0.24452178 
861 407 18 24 0.2439209 
91 382 18 22 0.21986537 
440 132 41 54 0.20279863 
473 381 33 45 0.18627143 
104 429 33 34 0.18380345 
646 317 43 75 0.17728713 
145 420 26 36 0.17483628 
808 396 22 29 0.1562621 
884 371 22 31 0.14732285 
911 333 12 15 0.14404412 
237 437 16 24 0.14137204 
289 416 18 22 0.13446724 
798 447 26 33 0.1306465 
915 365 23 34 0.12340843 
338 387 14 20 0.11648334 
915 357 16 22 0.10968372 
894 362 22 31 0.10708525 
186 371 17 20 0.10340095 
683 238 14 20 0.09492973 
404 189 26 35 0.09141673 
869 500 53 55 0.08908167 
755 389 23 29 0.088131204 
497 381 30 42 0.087208584 
197 390 24 26 0.08269619 
987 425 31 39 0.08101523 
825 419 24 30 0.08039462 
911 328 10 13 0.07533368 
456 393 38 47 0.07352974 
882 386 22 30 0.07260643 
192 405 24 28 0.072511405 
444 387 24 32 0.072106436 
28 367 13 14 0.07190097 
778 361 15 18 0.07112175 
783 387 26 33 0.069630474 
242 369 24 34 0.06848995 
190 370 24 29 0.06581227 
922 355 14 19 0.06532492 
920 68 42 46 0.06510081 
662 438 54 46 0.062177576 
200 494 27 35 0.061636966 
675 428 32 36 0.057977412 
143 404 24 32 0.05747722 
906 420 17 23 0.057126954 
157 372 13 13 0.056996323 
759 374 15 18 0.05657131 
156 412 24 35 0.056424476 
798 455 14 22 0.055403367 
178 405 21 32 0.053885 
186 403 17 21 0.052293424 
229 447 16 21 0.05203312 
973 304 16 22 0.051001254 
349 458 15 20 0.050708212 
164 364 12 14 0.04961725 
902 409 15 19 0.049485363 
302 418 23 31 0.048478667 
331 423 21 33 0.047731344 
612 324 12 16 0.0471116 
909 412 28 36 0.0470228 
656 444 28 38 0.045836028 
756 416 20 27 0.045352146 
163 372 13 15 0.0453153 
781 379 14 18 0.04518193 
195 402 17 19 0.044423014 
347 393 22 30 0.044418264 
958 306 22 31 0.04429805 
564 336 16 20 0.043600414 
730 643 24 27 0.04336016 
585 377 25 33 0.04333226 
156 363 15 15 0.043116838 
819 412 22 29 0.042551246 
927 407 29 38 0.04194312 
658 279 23 36 0.041771457 
889 399 17 22 0.041381333 
40 417 27 30 0.04080652 
865 357 23 30 0.040738504 
818 401 14 19 0.040391617 
24 365 13 13 0.039858054 
15 372 31 30 0.03977422 
638 312 15 19 0.039743956 
545 495 26 31 0.03970177 
886 421 23 29 0.039316803 
935 500 31 39 0.03929348 
10 374 48 48 0.039268807 
838 401 15 17 0.039122153 
858 368 26 35 0.03907214 
166 417 23 36 0.03898306 
94 374 16 19 0.038396295 
812 414 15 21 0.03821751 
940 300 14 20 0.03799002 
769 361 21 27 0.037301492 
758 405 21 25 0.03726246 
478 655 13 18 0.037216738 
336 719 12 17 0.036656305 
476 75 34 45 0.035899274 
163 383 15 19 0.035802227 
314 479 16 21 0.035653524 
908 333 19 25 0.03552675 
156 386 15 17 0.034117762 
922 356 23 32 0.03409941 
121 427 27 36 0.033735078 
588 74 28 34 0.033614166 
369 644 10 12 0.033404045 
152 373 12 13 0.03329942 
53 395 14 16 0.033107374 
222 476 31 44 0.032949567 
434 392 26 32 0.032851547 
613 331 13 18 0.032847863 
244 430 20 29 0.032685265 
-1 457 25 41 0.03267773 
212 406 15 18 0.032513145 
621 66 24 30 0.032493517 
340 370 15 19 0.03246632 
768 378 19 22 0.032145213 
939 388 13 15 0.031788908 
326 356 12 17 0.03177645 
667 350 29 47 0.031755153 
989 317 13 16 0.031707384 
158 379 14 16 0.03152093 
881 424 19 21 0.03142553 
323 411 23 32 0.031313308 
230 372 18 22 0.03130194 
464 291 52 54 0.031247832 
446 402 31 38 0.031016035 
763 383 27 33 0.031014355 
491 353 31 38 0.030794702 
646 268 28 41 0.030683603 
201 416 24 28 0.030669194 
342 65 30 34 0.030602923 
176 373 12 15 0.030382838 
868 383 24 32 0.030318545 
622 325 44 61 0.030221615 
811 433 18 26 0.030122142 
206 382 21 28 0.030099114 
691 432 16 20 0.0298945 
173 379 13 18 0.029826114 
441 282 14 16 0.029613733 
568 389 22 32 0.02958632 
979 274 13 17 0.029520942 
738 76 56 75 0.029475773 
875 360 15 20 0.029448558 
773 379 26 32 0.029441506 
280 685 10 12 0.029268514 
720 531 13 15 0.029254192 
20 363 24 27 0.02918444 
297 413 15 20 0.029154962 
277 442 14 18 0.028873121 
661 283 14 22 0.028793983 
771 417 16 21 0.02879188 
779 369 16 21 0.028475223 
751 397 13 18 0.028360767 
98 418 32 36 0.028333854 
522 368 16 21 0.028318057 
211 487 34 43 0.02819208 
198 386 18 19 0.028157411 
50 400 15 18 0.027994974 
710 469 11 13 0.027885498 
86 389 18 22 0.0276511 
941 348 14 18 0.027637666 
350 456 24 31 0.027569195 
313 417 23 31 0.027470326 
589 372 15 20 0.027383842 
197 366 13 16 0.027286485 
46 390 12 15 0.027280483 
810 389 18 21 0.02675473 
979 312 15 19 0.026654568 
688 234 20 28 0.026451446 
331 395 22 31 0.02633947 
712 47 91 117 0.026180552 
661 432 32 39 0.026142115 
713 58 45 57 0.026077382 
156 426 29 36 0.026064832 
221 449 16 20 0.025983194 
336 415 23 34 0.025827238 
368 639 10 12 0.025662526 
904 333 12 16 0.025510592 
952 310 18 25 0.025509682 
796 388 18 21 0.025298834 
183 367 14 16 0.025198385 
245 408 14 18 0.02510959 
340 436 26 35 0.024973642 
491 314 29 34 0.024884371 
311 405 13 17 0.024798945 
653 549 14 15 0.024691306 
977 314 23 29 0.024620553 
964 297 16 24 0.024257084 
948 348 26 35 0.024210958 
813 676 14 18 0.024171447 
918 382 14 19 0.024050105 
934 353 27 34 0.024018034 
341 404 23 33 0.02393421 
503 584 30 30 0.023670016 
791 344 9 12 0.02364768 
356 501 27 32 0.023578264 
227 426 25 31 0.023568397 
435 155 31 40 0.023306193 
908 351 15 18 0.02323106 
198 428 23 30 0.02320297 
659 691 15 23 0.023149893 
517 353 28 36 0.023070851 
328 361 24 30 0.023057781 
170 409 16 26 0.022942243 
43 432 20 22 0.022854287 
1002 432 19 25 0.022690626 
603 189 17 21 0.02263178 
852 401 20 27 0.02262628 
834 415 22 28 0.022608764 
149 388 23 30 0.022602944 
664 272 24 32 0.022520278 
751 407 14 21 0.022447303 
484 339 29 37 0.022385336 
331 374 22 29 0.02236622 
652 314 15 22 0.022342889 
142 433 15 20 0.022247713 
697 229 23 31 0.022240933 
654 302 25 43 0.02217912 
693 511 10 12 0.022129824 
236 372 37 49 0.02208477 
28 390 27 30 0.021994151 
428 168 46 57 0.021991145 
901 395 14 17 0.021972151 
13 358 13 15 0.021952953 
173 369 19 25 0.021904625 
645 412 13 20 0.02188134 
828 510 54 59 0.021869361 
139 401 17 23 0.02179417 
285 685 10 13 0.021791777 
873 348 21 28 0.021781428 
808 416 25 33 0.021651832 
798 429 25 35 0.021631716 
743 652 23 27 0.021625955 
383 709 10 12 0.021540966 
246 467 12 17 0.021488577 
678 691 24 31 0.021433428 
334 105 13 19 0.021396609 
901 358 18 21 0.021389807 
366 549 29 33 0.021352775 
753 493 10 13 0.021295112 
328 69 26 37 0.021247678 
268 364 14 18 0.021222387 
332 101 24 32 0.021221932 
469 332 33 38 0.021174224 
668 688 21 32 0.021116499 
96 389 19 23 0.02110327 
690 421 26 32 0.021057548 
720 61 32 31 0.020962521 
828 667 16 16 0.020961177 
979 326 16 21 0.020891562 
462 360 30 37 0.020836903 
278 422 24 30 0.02077888 
365 466 14 19 0.020759946 
108 445 18 21 0.020720126 
335 78 29 38 0.020627448 
491 327 17 22 0.020587498 
763 367 15 19 0.020586662 
664 282 30 44 0.020573063 
275 407 25 31 0.020438079 
321 65 24 30 0.020279612 
669 274 14 20 0.020253116 
167 484 35 55 0.020148026 
870 414 24 28 0.02013964 
915 328 12 14 0.020127734 
757 269 10 13 0.020118464 
420 395 28 35 0.02004692 
626 310 21 30 0.020018216 
