7_Cheering_Cheering_7_313
75
160 122 47 61 0.9970771 
27 112 33 46 0.99693966 
234 149 35 46 0.9948891 
347 161 36 52 0.9923004 
653 152 34 48 0.9896436 
747 139 38 54 0.9727802 
951 189 37 55 0.8500096 
970 153 36 52 0.69283384 
878 105 21 29 0.22285491 
214 157 31 40 0.14594963 
865 -2 26 25 0.12422587 
334 -2 23 20 0.117637 
849 0 20 21 0.11553941 
583 272 54 80 0.08777026 
874 8 18 21 0.08204857 
9 14 33 39 0.08027814 
468 245 39 61 0.07526189 
873 18 16 19 0.0666184 
600 257 64 90 0.05790881 
104 111 24 34 0.055085246 
916 188 42 57 0.051891338 
896 186 37 55 0.049394373 
797 126 16 22 0.04726644 
915 152 33 42 0.04661567 
981 140 25 38 0.046290822 
856 3 24 29 0.04620802 
118 74 25 33 0.04532344 
199 0 10 9 0.044834934 
985 148 30 47 0.044259083 
708 138 29 44 0.043497656 
899 585 26 43 0.043274883 
332 296 47 56 0.04153188 
205 156 25 37 0.041452177 
566 287 54 80 0.041379042 
300 305 55 64 0.039628368 
656 138 29 38 0.039316047 
987 140 15 22 0.038695656 
6 32 29 37 0.033667956 
211 143 25 39 0.032921147 
148 128 38 47 0.032487456 
372 161 31 42 0.030345025 
113 155 25 34 0.03015124 
833 525 29 29 0.02977651 
964 174 36 50 0.02867221 
738 324 27 34 0.028538367 
25 7 33 37 0.027851077 
6 343 48 96 0.027602555 
86 100 39 48 0.027461506 
906 155 27 36 0.026499001 
330 4 63 65 0.025988515 
617 168 26 36 0.024481593 
589 214 13 16 0.024282502 
845 5 16 21 0.024139745 
77 0 43 33 0.024036897 
995 141 14 21 0.023795554 
7 65 28 40 0.023602065 
338 310 56 75 0.023434533 
354 310 30 33 0.02341169 
719 139 38 55 0.023227772 
145 187 436 496 0.023205668 
911 179 34 48 0.022926403 
620 153 27 38 0.02220973 
36 0 27 25 0.02195273 
732 449 50 56 0.021928437 
932 147 41 53 0.021681586 
868 18 26 33 0.02141263 
189 136 39 52 0.020985411 
330 0 39 34 0.020847179 
854 117 24 32 0.020795006 
883 177 14 23 0.020747192 
189 593 26 38 0.020719523 
85 76 30 36 0.020284534 
223 143 32 44 0.020162562 
944 207 37 53 0.020110691 
720 165 30 46 0.020044692 
