7_Cheering_Cheering_7_884
28
825 194 58 81 0.9994394 
322 183 71 98 0.99824417 
188 431 34 42 0.9914185 
464 123 89 123 0.99083406 
166 362 27 33 0.93137205 
995 338 23 30 0.9102093 
513 3 50 51 0.12867293 
12 266 48 65 0.111746214 
5 67 109 119 0.083573356 
118 501 36 43 0.07004374 
988 329 36 49 0.06306719 
469 10 65 61 0.053313855 
495 146 101 152 0.048701916 
-9 370 83 151 0.0484324 
-3 304 34 54 0.048129786 
897 200 40 52 0.047013894 
-16 262 152 257 0.041673727 
1001 333 18 23 0.03836078 
3 285 42 67 0.034305774 
35 275 56 74 0.031106198 
1004 327 14 18 0.027607718 
1 243 78 106 0.027336223 
293 358 12 15 0.025615556 
908 210 42 57 0.024308376 
762 352 26 36 0.023142215 
906 207 20 24 0.022488417 
447 -3 57 65 0.02170413 
505 228 104 141 0.020680616 
