7_Cheering_Cheering_7_171
1146
435 282 17 22 0.9818642 
389 253 14 18 0.98144794 
339 317 16 21 0.9726724 
275 89 13 18 0.96958745 
619 295 15 18 0.9684806 
222 61 13 18 0.9671449 
118 4 14 19 0.9654699 
773 162 13 18 0.96385616 
663 140 13 16 0.9632868 
925 236 12 16 0.9621423 
516 106 12 15 0.9589689 
908 251 12 16 0.95647216 
690 250 14 17 0.95562345 
292 267 18 25 0.9547883 
57 83 15 21 0.9538752 
715 233 13 17 0.9467349 
510 260 14 18 0.94602406 
461 228 16 20 0.9443469 
613 185 14 18 0.9424449 
629 228 12 16 0.9400693 
524 66 13 16 0.9381433 
423 65 13 16 0.93792236 
937 218 11 14 0.9373803 
736 85 11 14 0.9364403 
990 308 14 18 0.9360421 
86 88 21 25 0.9359076 
57 59 18 22 0.93554693 
580 249 13 18 0.92958784 
419 145 13 18 0.9261016 
425 309 18 24 0.9239706 
320 241 16 21 0.9237377 
551 263 13 17 0.9190835 
463 125 14 17 0.916577 
602 219 14 17 0.91274184 
622 67 13 16 0.90372735 
555 294 16 18 0.9030025 
959 282 12 14 0.90277153 
473 180 15 20 0.9022131 
723 307 15 20 0.8959878 
650 244 16 20 0.8936638 
331 55 14 18 0.8928907 
963 260 11 14 0.8884727 
346 98 13 16 0.8875194 
636 204 14 17 0.88569486 
24 389 19 21 0.883081 
796 195 15 20 0.880199 
974 299 13 16 0.87845045 
498 159 14 18 0.87361795 
349 269 15 22 0.873287 
555 219 13 17 0.87287563 
130 143 15 19 0.8713424 
752 209 15 19 0.8712624 
348 236 16 23 0.87067384 
330 4 11 14 0.86526245 
876 170 13 16 0.86446315 
148 115 17 20 0.8639975 
472 26 11 14 0.8618874 
602 262 16 19 0.8561271 
610 237 14 18 0.8555233 
304 217 17 21 0.8538889 
491 67 13 16 0.8492712 
597 138 12 15 0.8465584 
490 125 14 18 0.84587735 
156 204 17 24 0.8415103 
691 92 12 15 0.8411809 
485 101 13 16 0.84107625 
477 82 12 14 0.83967596 
546 100 13 17 0.83806455 
569 134 12 15 0.8359912 
288 40 14 18 0.8350119 
666 189 13 16 0.83480775 
584 161 14 17 0.83125895 
495 213 14 17 0.8303156 
97 159 17 21 0.82741797 
523 209 14 16 0.8151727 
811 164 12 16 0.81507283 
885 226 12 16 0.81497794 
657 211 13 17 0.8149752 
881 293 13 16 0.81395984 
401 108 13 16 0.8110262 
360 30 13 16 0.8104321 
902 325 12 16 0.80787754 
873 194 11 14 0.80734015 
501 237 13 17 0.8034229 
535 244 12 17 0.80335164 
250 22 13 17 0.80315226 
291 73 13 18 0.8017728 
160 30 13 18 0.8005865 
443 145 12 15 0.7996897 
553 244 15 19 0.79550505 
752 258 14 18 0.7931413 
862 227 10 14 0.7904516 
510 131 11 15 0.78433114 
156 147 14 17 0.7807008 
296 17 11 14 0.77709717 
855 293 10 13 0.7737917 
461 102 11 13 0.77335227 
383 316 21 26 0.773167 
954 242 12 15 0.7661379 
650 163 14 16 0.7655165 
700 233 13 17 0.76295424 
753 315 13 17 0.7622274 
783 309 13 16 0.75782883 
535 186 13 17 0.7577264 
382 405 23 29 0.75753284 
271 69 10 14 0.7539371 
450 212 13 16 0.7499311 
661 87 12 16 0.74948895 
263 183 14 20 0.74628013 
303 1 13 13 0.7434384 
151 91 19 22 0.7418079 
18 78 17 21 0.7332071 
791 169 13 16 0.7227061 
954 328 14 17 0.71471983 
201 34 12 15 0.7110487 
942 276 11 14 0.7032237 
477 50 11 13 0.7028715 
132 171 18 21 0.6990036 
33 162 13 18 0.6967508 
443 77 14 16 0.6955884 
53 19 14 16 0.6883839 
853 210 14 19 0.6748448 
1010 268 11 17 0.6736235 
326 79 11 14 0.66771466 
475 206 13 16 0.6627303 
893 368 14 16 0.6548334 
387 59 12 17 0.6500228 
741 119 11 14 0.6477666 
751 173 12 16 0.6439103 
80 423 19 26 0.6432692 
365 11 11 14 0.64124435 
680 79 11 15 0.6320842 
619 155 13 16 0.6286999 
929 260 13 17 0.62176734 
878 218 12 16 0.62152314 
696 123 13 17 0.6187683 
385 124 14 17 0.6159372 
392 18 12 14 0.61498994 
542 168 12 14 0.61343706 
240 79 12 16 0.6125408 
725 192 13 15 0.61118644 
342 215 17 21 0.60460395 
311 86 13 17 0.60305417 
469 67 11 13 0.58566934 
761 117 13 16 0.58306473 
640 300 13 17 0.5819091 
103 116 14 20 0.57640225 
426 110 12 15 0.57189965 
849 171 14 16 0.5679572 
401 157 11 14 0.5629108 
997 246 10 12 0.5593004 
709 257 12 15 0.5591978 
695 194 13 15 0.5534179 
632 180 13 16 0.5501345 
355 52 15 18 0.54862404 
801 149 10 13 0.54116124 
952 364 11 13 0.5378145 
785 143 11 14 0.5366916 
666 59 9 12 0.5347778 
579 114 12 15 0.5222681 
999 356 15 19 0.52174395 
727 156 14 16 0.5174321 
573 46 10 13 0.51234114 
720 106 13 16 0.50918067 
237 44 13 15 0.50258744 
493 34 10 12 0.497282 
997 268 10 13 0.49698156 
3 11 14 17 0.48950905 
697 276 15 18 0.4886558 
759 106 13 15 0.4843861 
885 249 13 15 0.4843392 
332 29 11 13 0.47853494 
934 330 12 15 0.47752765 
243 62 12 15 0.47699156 
598 116 12 14 0.46798828 
140 0 10 11 0.4671559 
985 373 14 17 0.459387 
154 9 13 17 0.45934513 
745 237 13 16 0.44674924 
592 181 13 17 0.44638044 
105 68 12 16 0.44285268 
416 188 10 13 0.43975708 
551 125 14 17 0.42918438 
904 227 13 16 0.42231303 
773 286 13 17 0.41633022 
636 109 11 13 0.4119687 
175 12 11 14 0.41062525 
784 126 11 14 0.39464116 
634 312 17 22 0.39315942 
222 11 11 14 0.39012307 
560 59 11 13 0.3847957 
649 76 11 14 0.38422152 
515 34 12 15 0.38326982 
685 178 12 14 0.380599 
404 204 14 17 0.36627522 
619 89 12 15 0.359819 
384 29 12 15 0.35775405 
644 91 12 14 0.35689843 
722 214 13 16 0.35322264 
420 15 9 11 0.35213464 
449 30 9 12 0.34501064 
990 287 11 13 0.3378534 
727 285 14 18 0.33771616 
565 192 13 17 0.3337323 
635 326 18 23 0.3305731 
697 118 11 15 0.31137395 
421 94 14 16 0.30744714 
188 0 11 13 0.30046254 
786 425 14 18 0.29057065 
574 110 12 15 0.28968605 
597 46 9 12 0.28675175 
417 21 9 12 0.28328058 
744 137 11 14 0.2795227 
141 398 11 15 0.27757716 
900 215 10 13 0.27742812 
694 180 12 14 0.276016 
732 161 12 15 0.2736842 
647 51 9 11 0.2703347 
978 268 12 14 0.2649351 
903 220 11 15 0.2630151 
589 69 10 13 0.2628986 
647 84 12 15 0.25911367 
453 47 11 13 0.25765502 
271 307 15 21 0.25481212 
439 183 11 14 0.25354818 
418 284 14 19 0.252214 
975 246 10 13 0.24825013 
452 206 13 16 0.24788746 
808 134 10 13 0.24727808 
220 37 11 14 0.24686928 
338 130 14 17 0.23944168 
783 188 11 16 0.23917384 
528 45 11 14 0.23446472 
116 404 12 16 0.23252432 
507 187 14 16 0.22796823 
223 0 12 11 0.22452235 
602 86 10 13 0.22351322 
0 83 9 16 0.22207998 
533 117 11 13 0.21521665 
717 137 12 14 0.21506704 
78 29 14 19 0.20288149 
168 421 17 19 0.198437 
862 196 10 12 0.19816254 
447 52 11 14 0.19643524 
586 298 15 18 0.19597884 
718 115 13 15 0.19491991 
64 141 13 17 0.1946596 
417 98 12 14 0.1946515 
890 228 14 17 0.19345838 
27 324 21 31 0.1929589 
383 328 16 20 0.18918361 
125 418 13 16 0.1856114 
440 54 11 14 0.18517712 
756 163 10 14 0.18516949 
681 179 10 13 0.18439277 
89 427 15 20 0.18243374 
851 324 12 15 0.18153992 
423 41 10 12 0.18107623 
461 133 14 18 0.17947641 
982 261 11 13 0.17916791 
985 254 10 12 0.17648858 
867 422 14 16 0.17205304 
716 120 13 16 0.17178032 
176 43 12 14 0.17111549 
852 374 12 14 0.1680212 
640 100 11 14 0.16474886 
812 184 13 16 0.1641485 
65 27 15 20 0.16244955 
1014 336 10 15 0.1613474 
427 94 13 15 0.16132997 
783 236 12 15 0.15846308 
783 434 11 15 0.15835574 
655 84 11 16 0.15385552 
1012 316 11 15 0.15013105 
853 188 12 15 0.14764781 
180 13 11 15 0.14668629 
776 262 12 15 0.14479026 
96 90 18 21 0.14291845 
44 530 21 30 0.1419105 
984 285 11 15 0.14117353 
795 367 16 22 0.14078005 
850 178 14 17 0.1396612 
378 201 13 16 0.13573314 
569 102 10 13 0.13494344 
591 116 11 14 0.13448071 
555 116 12 15 0.13053656 
772 332 13 16 0.12889187 
529 93 10 13 0.12855838 
443 70 13 15 0.12819678 
29 59 11 14 0.12727953 
345 222 19 27 0.12727812 
817 149 11 13 0.12554099 
755 371 15 18 0.12442499 
933 405 13 16 0.12397081 
316 84 12 15 0.12370524 
716 68 13 15 0.12299063 
444 60 11 13 0.12045777 
128 176 23 30 0.12035269 
635 132 12 15 0.12011283 
445 23 9 12 0.117477484 
889 365 12 15 0.116208665 
439 167 11 14 0.116201974 
112 438 10 14 0.11434953 
351 288 12 16 0.11400515 
107 156 13 18 0.113263324 
990 255 9 11 0.112640746 
856 195 11 13 0.11209557 
537 179 14 18 0.11107655 
748 281 13 18 0.11063451 
569 108 11 15 0.10959169 
695 135 13 16 0.10907755 
831 241 12 17 0.10895455 
994 137 25 35 0.108769454 
997 274 11 13 0.108702056 
687 96 12 14 0.10846741 
939 326 12 18 0.10787416 
861 231 13 19 0.107269526 
502 126 12 15 0.10720589 
1014 322 10 16 0.10341581 
790 177 13 15 0.103316106 
979 291 12 15 0.102887265 
317 99 11 15 0.10250975 
680 62 9 11 0.10018025 
731 195 11 14 0.09980962 
72 424 16 21 0.099673584 
855 150 12 14 0.09906641 
800 143 11 14 0.09823354 
356 131 12 16 0.098092206 
748 134 11 14 0.097327165 
968 224 8 11 0.096143745 
992 275 11 14 0.09586939 
142 389 9 13 0.09539784 
477 288 11 14 0.09531099 
351 125 11 15 0.09480434 
460 95 12 14 0.09477871 
441 22 9 11 0.09428465 
116 441 11 16 0.09047453 
613 133 12 15 0.09028112 
127 56 10 14 0.08992888 
420 135 12 15 0.089771025 
814 139 11 14 0.08905784 
845 329 11 14 0.08741557 
910 357 13 16 0.08704748 
320 36 11 15 0.086804196 
191 112 13 20 0.08580867 
808 158 12 14 0.0854547 
717 63 10 12 0.08530309 
999 251 9 12 0.08499764 
928 325 12 16 0.084594466 
735 134 13 15 0.08443254 
574 212 12 15 0.083863966 
823 409 12 17 0.08374009 
928 256 11 13 0.08339699 
657 243 14 18 0.08295745 
293 355 10 13 0.08292306 
504 194 12 15 0.08229207 
336 117 11 14 0.08216571 
551 214 11 15 0.082033545 
496 54 11 13 0.08180168 
687 70 9 11 0.08164632 
568 115 12 16 0.0813999 
591 63 9 13 0.08130551 
902 232 13 17 0.08101946 
917 361 14 16 0.081005484 
604 1 13 17 0.08087533 
663 117 11 14 0.080622226 
579 363 12 18 0.08062 
472 78 12 14 0.08058332 
241 53 13 16 0.079467595 
293 26 13 17 0.079037614 
539 238 13 16 0.07814811 
502 230 12 15 0.07799665 
661 298 15 22 0.077516586 
653 131 10 14 0.07701607 
365 74 11 15 0.076837935 
715 257 12 16 0.07670866 
667 301 15 22 0.076460995 
908 235 12 14 0.07604758 
749 291 13 17 0.07541885 
849 432 15 19 0.075102404 
563 219 13 16 0.07466933 
697 64 9 11 0.07382042 
997 291 9 12 0.07360322 
679 71 10 12 0.073379084 
703 148 12 15 0.073010825 
567 53 11 14 0.0728706 
187 396 25 28 0.07225604 
248 -1 10 10 0.071433015 
359 67 12 16 0.07103823 
992 262 9 12 0.07049592 
462 38 10 13 0.07049555 
956 360 13 16 0.070428595 
581 212 11 14 0.07011309 
421 182 12 16 0.06987304 
782 120 11 14 0.069795795 
633 377 15 17 0.06978267 
718 95 12 14 0.069073856 
767 346 12 15 0.06893326 
455 36 10 12 0.068607874 
798 420 11 16 0.06857395 
867 225 13 19 0.067839876 
758 95 12 14 0.06778157 
836 364 14 20 0.06766725 
873 215 12 15 0.06694612 
416 61 10 13 0.06687994 
159 385 10 13 0.06685537 
910 340 14 15 0.06629626 
543 213 11 14 0.066269636 
528 182 12 16 0.066099755 
724 235 12 16 0.0656056 
799 411 12 17 0.06528891 
412 83 13 15 0.065164365 
252 0 11 10 0.065161124 
388 174 12 16 0.06500602 
95 106 22 27 0.06492893 
789 210 14 18 0.064566515 
389 91 12 15 0.0641109 
976 263 11 14 0.064024545 
765 307 13 16 0.064010374 
473 47 11 13 0.06400505 
675 296 16 21 0.06399901 
901 397 12 16 0.063395135 
384 22 12 13 0.06305834 
695 67 9 12 0.06284163 
787 131 12 15 0.062738635 
444 187 12 15 0.062044103 
778 314 12 15 0.061967727 
526 37 12 15 0.061767295 
565 156 12 14 0.061612125 
653 73 9 13 0.06152446 
454 200 11 14 0.061319806 
995 320 13 18 0.061259717 
267 36 10 13 0.061191507 
908 331 12 15 0.061017226 
388 73 12 14 0.060855426 
975 212 9 11 0.060677823 
988 222 11 15 0.060552064 
485 75 11 15 0.05985638 
651 175 15 18 0.059779204 
464 86 10 12 0.05944978 
641 52 9 12 0.059382286 
217 7 12 16 0.05931584 
530 212 12 15 0.05909455 
382 54 14 17 0.058696084 
6 146 10 14 0.05816536 
105 93 13 16 0.05809295 
431 180 11 15 0.058015708 
465 63 11 14 0.05762323 
152 152 15 17 0.05745464 
755 365 14 16 0.057313554 
465 22 9 11 0.057276305 
324 33 14 15 0.057243656 
340 46 11 14 0.05721939 
311 94 14 18 0.056915734 
362 8 10 13 0.056732472 
787 147 13 14 0.05646841 
281 378 14 18 0.05620841 
669 183 11 15 0.05579285 
389 111 12 15 0.055615034 
677 115 11 13 0.05554435 
350 85 11 13 0.055396613 
819 353 16 20 0.05535557 
108 64 12 15 0.055309862 
486 118 13 16 0.054987047 
949 276 11 15 0.05486196 
800 134 11 14 0.05475786 
927 318 12 14 0.054755215 
704 55 8 10 0.05466983 
338 52 13 18 0.05449723 
125 221 16 21 0.053932223 
143 383 9 12 0.053874116 
405 121 11 14 0.053750485 
121 137 21 28 0.053681917 
871 293 14 17 0.0535904 
457 94 9 12 0.053280752 
264 227 11 14 0.05307856 
159 402 10 13 0.05300003 
618 190 15 19 0.052998036 
695 268 15 18 0.052968737 
790 276 12 16 0.05296093 
555 101 12 15 0.052932963 
700 203 12 14 0.052846942 
836 197 12 15 0.052832223 
84 413 12 17 0.052515384 
428 41 10 12 0.052397516 
686 63 8 11 0.052215327 
320 105 11 15 0.05194923 
124 223 26 32 0.05191202 
369 227 16 19 0.051883966 
725 202 14 16 0.051336482 
623 45 9 11 0.05133044 
672 25 8 10 0.05132474 
744 174 11 15 0.051002197 
480 124 12 16 0.051000904 
565 213 13 16 0.05089236 
541 220 12 14 0.050821375 
673 29 8 10 0.050715763 
417 40 9 12 0.05061244 
364 117 13 17 0.050504066 
559 155 13 15 0.050315663 
820 368 13 18 0.05026615 
633 52 8 11 0.049886625 
294 63 12 14 0.049866673 
748 301 13 16 0.04966272 
799 402 11 16 0.049388267 
889 243 14 18 0.049097337 
92 403 12 16 0.048885994 
414 27 10 12 0.048655346 
273 129 14 20 0.048607204 
848 372 11 14 0.048355266 
471 32 11 14 0.04829641 
364 232 14 19 0.048169576 
619 182 14 18 0.048160467 
833 101 8 10 0.048004083 
532 256 13 17 0.04786162 
387 311 16 20 0.047690548 
854 385 12 15 0.047499362 
340 287 13 17 0.047286496 
363 18 13 15 0.047259945 
254 260 10 14 0.047208924 
772 277 14 17 0.0471797 
112 221 11 14 0.04717149 
101 70 18 24 0.047112074 
858 286 12 16 0.047064874 
512 62 10 15 0.04698831 
548 81 14 16 0.04690203 
136 26 13 17 0.046733335 
585 62 9 12 0.046645783 
754 243 15 18 0.046626825 
702 61 8 11 0.04662081 
861 411 23 29 0.04650669 
712 101 11 14 0.04626832 
586 168 16 19 0.046130106 
57 20 19 23 0.046039417 
860 333 11 13 0.045890503 
137 401 12 16 0.045809515 
285 30 15 17 0.045806505 
0 59 8 14 0.045745622 
421 294 21 28 0.045238428 
334 47 12 16 0.045233116 
535 101 11 14 0.045188777 
875 202 13 15 0.04504814 
206 59 11 14 0.044912677 
544 130 12 15 0.044892948 
292 47 12 16 0.044816785 
288 20 11 13 0.04481585 
159 422 23 27 0.04452999 
605 135 12 16 0.04446398 
383 93 11 13 0.04439292 
821 143 9 13 0.04435011 
561 398 13 14 0.044344943 
641 86 11 14 0.044298057 
957 367 15 18 0.04425563 
342 259 15 18 0.044216678 
982 247 9 12 0.044066753 
238 4 11 12 0.043680545 
915 384 15 19 0.043673083 
344 13 11 13 0.04365426 
570 189 14 18 0.0433546 
20 71 14 18 0.043296594 
131 100 13 16 0.043271024 
808 356 25 32 0.043213136 
374 95 11 13 0.043073826 
478 117 12 15 0.04284217 
414 192 14 18 0.042659897 
156 18 15 19 0.042640213 
994 239 9 12 0.04248897 
725 138 12 15 0.04245831 
798 83 11 14 0.04245618 
701 253 14 17 0.041967623 
572 123 13 16 0.04196521 
565 201 13 16 0.04186972 
104 80 15 20 0.041733276 
572 218 12 14 0.041670475 
139 20 13 17 0.041541807 
731 242 12 16 0.04145191 
582 303 17 20 0.04131878 
1007 256 9 11 0.0412515 
587 244 14 19 0.04124928 
700 93 11 14 0.041212954 
740 81 11 13 0.041200843 
78 414 13 18 0.0411863 
91 410 12 16 0.041133802 
496 150 14 17 0.04112601 
1012 429 11 21 0.041072 
985 227 10 12 0.04102974 
786 228 16 18 0.04100073 
669 116 11 14 0.040955927 
643 292 14 21 0.040897895 
1008 264 11 13 0.040858645 
215 55 12 15 0.040826246 
270 64 18 24 0.040825155 
787 241 16 21 0.040709022 
752 78 10 12 0.04060779 
158 2 10 11 0.04060401 
232 52 13 17 0.040599443 
743 397 12 16 0.040534526 
463 16 10 11 0.040079672 
311 61 11 14 0.04003345 
778 291 13 15 0.039898805 
830 167 9 12 0.039776187 
86 403 12 16 0.03969186 
446 195 12 16 0.039597545 
686 203 12 14 0.039587554 
778 377 13 16 0.039408807 
831 94 9 11 0.039362025 
846 320 19 24 0.03932305 
859 155 11 13 0.03921083 
520 38 21 24 0.03916235 
525 100 12 15 0.039147235 
879 229 14 19 0.039052684 
171 3 20 25 0.039042328 
964 357 13 16 0.038961392 
961 363 15 17 0.03874783 
580 132 12 15 0.038644027 
119 500 12 17 0.038557407 
410 201 15 19 0.038526684 
877 385 12 15 0.038503166 
870 177 14 16 0.038458224 
342 6 11 14 0.03828679 
654 46 8 11 0.038095158 
700 112 11 13 0.03807213 
543 77 11 14 0.03805584 
441 28 10 12 0.037903726 
569 15 9 12 0.0377536 
196 69 12 15 0.037632238 
349 79 11 12 0.03761634 
590 190 13 18 0.03718961 
647 131 10 14 0.03712877 
77 50 13 16 0.037098303 
644 108 12 14 0.037069283 
328 24 12 13 0.037045687 
685 185 13 16 0.036962986 
917 369 15 17 0.036925565 
895 411 10 14 0.03680909 
883 214 12 16 0.036669992 
80 90 16 22 0.036553957 
820 166 11 14 0.036542617 
916 334 13 16 0.03645163 
910 381 14 18 0.03639616 
172 28 13 16 0.036361273 
516 186 13 17 0.036355525 
469 120 10 14 0.036344904 
809 462 15 18 0.03630666 
500 204 13 16 0.03629178 
567 126 12 17 0.036225457 
960 222 9 12 0.0361441 
630 48 9 11 0.036038607 
529 244 13 18 0.03594973 
647 142 11 15 0.03574793 
603 145 13 16 0.03572565 
337 218 14 18 0.03570588 
152 141 14 19 0.03569708 
206 23 11 12 0.035680495 
519 42 11 15 0.03563918 
826 359 20 27 0.035520196 
376 46 11 14 0.035462983 
109 399 13 16 0.035444234 
656 141 12 16 0.035428025 
816 37 10 13 0.035407815 
166 190 12 15 0.035327565 
643 196 13 17 0.03524303 
330 81 12 16 0.0351292 
780 274 14 17 0.035116285 
741 58 13 15 0.03496872 
901 376 13 18 0.03489325 
795 143 18 23 0.034772635 
643 189 13 15 0.034757312 
797 244 13 18 0.03474791 
785 301 13 16 0.034634676 
795 407 21 29 0.034618888 
173 129 15 18 0.03448761 
477 36 10 12 0.03445138 
352 30 12 15 0.034418188 
643 48 9 11 0.034327604 
575 59 9 12 0.034325253 
806 83 12 14 0.03426362 
670 275 14 17 0.034225576 
380 455 12 18 0.034207545 
528 258 11 17 0.03413546 
551 239 14 17 0.034071885 
214 31 13 16 0.034058187 
566 104 18 24 0.033977993 
458 204 12 16 0.033845145 
774 101 11 15 0.03371668 
354 100 11 15 0.033710916 
1010 362 14 18 0.033614915 
180 139 12 15 0.033576336 
743 350 12 14 0.033574603 
629 149 13 17 0.03353872 
578 45 11 15 0.033529963 
625 296 15 20 0.0335004 
677 188 11 14 0.033492606 
663 183 12 16 0.03339855 
630 138 13 16 0.033373676 
535 0 11 11 0.033311203 
699 287 14 19 0.033268712 
597 38 11 15 0.033207014 
626 154 14 17 0.03312478 
717 182 13 16 0.032873467 
990 362 19 24 0.032838006 
439 46 9 12 0.032812454 
217 -1 10 11 0.0326981 
255 243 9 12 0.032652937 
0 97 10 18 0.032447137 
102 403 11 15 0.032427005 
859 204 12 16 0.03239269 
780 252 14 16 0.032377418 
14 413 13 17 0.032347973 
671 46 9 11 0.03233781 
730 151 13 15 0.032247838 
525 30 10 13 0.03218755 
968 246 11 14 0.032087214 
820 403 21 29 0.031992134 
807 129 9 11 0.03193455 
505 22 9 11 0.031927295 
740 293 20 26 0.03189382 
985 280 18 24 0.03176504 
439 16 9 12 0.031722274 
852 417 23 29 0.031696416 
583 102 11 14 0.031632055 
97 427 14 18 0.031557355 
670 175 11 15 0.0315535 
620 129 13 18 0.031521354 
198 39 13 16 0.031513654 
680 47 8 11 0.0314925 
512 113 12 14 0.03147953 
883 254 14 19 0.031446714 
352 48 13 16 0.03140132 
807 186 12 16 0.03139694 
849 378 12 15 0.031368475 
399 208 14 17 0.031358715 
724 183 14 16 0.031342763 
112 411 11 14 0.03132801 
167 6 11 14 0.03131089 
846 389 12 14 0.031302974 
193 73 11 15 0.031251326 
163 197 14 20 0.031204706 
832 235 15 18 0.03115206 
605 80 11 14 0.031069303 
333 155 13 16 0.031047616 
465 58 20 23 0.03102988 
389 272 12 16 0.031016879 
182 382 11 14 0.03089909 
416 9 10 12 0.030883498 
310 51 12 15 0.030819627 
920 231 12 16 0.03080956 
198 59 12 15 0.030799309 
490 345 17 19 0.030624727 
747 394 14 18 0.030591687 
83 129 14 18 0.030587558 
734 70 10 12 0.030587383 
758 372 20 26 0.030579899 
168 12 12 15 0.030551558 
768 326 11 15 0.030463722 
371 157 11 14 0.030447291 
189 19 11 14 0.030323677 
102 151 15 19 0.03031574 
868 243 11 15 0.030311288 
185 401 15 18 0.03023723 
196 52 12 16 0.030194927 
661 81 11 13 0.030164827 
700 221 12 16 0.030122077 
422 28 10 12 0.030121772 
603 110 14 17 0.030120892 
149 122 21 27 0.030120417 
438 101 10 12 0.030099599 
825 127 8 10 0.030098386 
874 422 12 15 0.03009266 
117 457 28 38 0.03008546 
551 13 10 12 0.030043647 
688 197 12 15 0.030011216 
70 53 13 17 0.029931312 
791 78 11 12 0.029893268 
915 252 11 15 0.02987098 
788 117 12 14 0.029807534 
845 338 11 15 0.029779332 
982 276 12 14 0.029778218 
497 67 13 16 0.02972829 
515 255 12 18 0.02970775 
112 395 20 28 0.029665994 
798 91 11 14 0.029626397 
364 179 13 16 0.029586513 
856 142 10 13 0.029549843 
533 48 11 15 0.029533345 
953 230 11 14 0.029497666 
769 159 12 16 0.029374918 
959 403 12 15 0.02934925 
134 2 12 14 0.029237216 
790 415 20 27 0.02919895 
140 181 24 32 0.029116452 
397 132 13 17 0.029093377 
534 109 12 15 0.028992834 
658 163 13 16 0.028985724 
798 433 14 17 0.028972175 
700 211 12 15 0.028942492 
743 231 12 17 0.028918445 
142 396 21 25 0.028885892 
261 176 14 17 0.028873019 
483 203 14 18 0.02886731 
328 188 10 15 0.028832642 
6 74 18 25 0.028830832 
848 135 9 12 0.028783066 
118 388 10 12 0.02872652 
227 3 12 14 0.028725777 
797 60 10 12 0.028722716 
752 84 11 15 0.028684828 
732 202 12 16 0.028678669 
593 52 10 14 0.028665733 
669 86 10 15 0.028646234 
741 113 11 13 0.028609822 
782 212 14 17 0.028586574 
679 245 12 16 0.02850805 
456 211 14 16 0.02849545 
677 30 8 10 0.028300961 
781 185 19 25 0.028273003 
706 275 14 18 0.028223608 
172 47 14 18 0.028194454 
661 123 13 14 0.028191444 
503 182 13 15 0.02818617 
844 212 16 21 0.028158318 
467 101 11 15 0.028140793 
152 27 14 18 0.028100675 
806 437 12 14 0.028084796 
935 265 18 23 0.028059024 
639 71 11 14 0.02799994 
860 388 11 13 0.027884023 
475 70 13 14 0.027883412 
687 116 11 14 0.027845157 
920 181 9 11 0.027824126 
863 298 12 14 0.027758714 
610 221 14 17 0.02763778 
268 222 11 15 0.027620776 
396 29 10 12 0.027581917 
861 307 11 13 0.027564308 
621 98 12 15 0.027547479 
510 23 11 12 0.027542537 
617 45 9 12 0.027510963 
661 205 12 16 0.027427189 
407 69 10 13 0.027411886 
718 203 15 18 0.02735958 
895 403 13 17 0.027352527 
668 155 12 16 0.027329074 
275 75 13 17 0.02727983 
28 65 13 18 0.027269796 
752 67 11 14 0.027240854 
102 231 11 15 0.027216673 
508 202 12 16 0.027215272 
74 139 15 19 0.027198097 
372 320 16 20 0.027135823 
505 157 14 18 0.02712437 
831 128 8 10 0.027124327 
860 185 17 24 0.027122842 
165 399 10 12 0.027112862 
280 21 10 12 0.027100397 
250 61 12 15 0.027099583 
205 4 10 13 0.027056605 
569 40 18 23 0.027022664 
859 379 12 15 0.027019879 
712 95 12 14 0.026986253 
79 44 12 15 0.026965508 
672 40 8 10 0.026952695 
579 264 14 19 0.02689145 
982 238 10 12 0.026881777 
835 248 13 18 0.026844854 
541 0 10 10 0.026830357 
373 208 14 18 0.026826961 
798 45 10 13 0.026774913 
301 63 10 13 0.026771184 
985 307 12 16 0.026722774 
676 280 15 19 0.026722042 
720 450 16 19 0.026717516 
803 134 18 23 0.026701631 
580 -1 14 14 0.026685346 
853 365 12 16 0.02664708 
743 306 14 18 0.026605917 
346 126 18 23 0.026570972 
678 124 11 13 0.026569426 
190 56 13 17 0.02653598 
846 368 20 26 0.026518805 
118 425 12 16 0.02648727 
557 64 14 16 0.026485639 
150 102 20 27 0.026477758 
382 5 11 12 0.026436899 
115 160 13 17 0.026405463 
690 286 21 30 0.026397023 
533 140 13 16 0.026343022 
147 397 11 15 0.026339099 
827 415 12 17 0.026317796 
773 394 10 14 0.02625807 
574 156 12 16 0.026204892 
499 61 11 15 0.026167152 
849 299 10 12 0.026162993 
48 24 14 16 0.026138335 
380 44 12 14 0.026094452 
782 122 19 22 0.026074028 
362 58 12 17 0.026066782 
461 43 11 14 0.026054865 
188 416 16 18 0.026036689 
811 144 19 24 0.026015747 
847 348 11 15 0.025988098 
1001 308 19 26 0.025968896 
371 13 10 14 0.025938952 
446 101 10 12 0.025927573 
893 209 19 24 0.025905736 
456 23 9 11 0.025896462 
152 381 10 12 0.02586811 
428 141 12 17 0.02581416 
632 103 19 22 0.025813842 
130 411 13 17 0.025772817 
118 450 12 17 0.025770538 
351 65 12 16 0.025736837 
111 433 20 27 0.025733447 
148 195 17 20 0.02572808 
349 6 11 13 0.025725232 
101 421 13 17 0.025696486 
894 220 12 16 0.025675794 
198 4 11 13 0.02566841 
176 412 22 27 0.025663935 
367 1 9 10 0.02564957 
730 249 14 18 0.025564186 
421 87 12 14 0.025560856 
340 38 11 13 0.025528498 
37 423 10 13 0.025499914 
572 205 13 15 0.025451353 
858 326 12 14 0.025418289 
479 89 12 15 0.025378652 
368 94 10 13 0.02528411 
777 429 20 25 0.025195243 
856 234 13 18 0.025190799 
495 225 13 16 0.025119657 
641 5 9 11 0.025113342 
791 70 10 11 0.025098396 
750 92 13 16 0.025094835 
654 283 12 17 0.025088295 
189 408 16 18 0.02508794 
147 426 25 29 0.024990106 
975 222 10 12 0.024961889 
686 277 21 27 0.024882467 
907 393 14 18 0.024853751 
353 280 13 19 0.024851207 
63 420 21 31 0.024850603 
910 564 9 12 0.02484554 
613 175 13 17 0.024841104 
587 111 19 23 0.024732947 
653 109 11 14 0.024724806 
943 318 11 15 0.02469375 
373 5 10 13 0.024618277 
390 301 14 18 0.024616685 
120 181 22 30 0.024610005 
557 14 9 12 0.024599183 
982 368 13 16 0.024584236 
957 252 13 16 0.024534954 
194 118 16 25 0.02452393 
320 6 10 13 0.024490269 
961 344 21 25 0.024451965 
438 191 14 18 0.024417099 
143 13 12 14 0.024415338 
808 70 10 12 0.02441482 
637 155 13 16 0.024389073 
568 38 9 12 0.024376769 
572 95 11 13 0.024352789 
528 0 10 10 0.024338024 
613 159 15 17 0.024331419 
119 208 24 30 0.024313563 
437 50 19 24 0.024297131 
673 69 10 12 0.024292229 
435 178 18 24 0.02427002 
758 331 22 28 0.024262581 
175 0 11 12 0.024244042 
712 101 19 25 0.02423784 
535 219 11 14 0.024233993 
375 20 10 13 0.024227375 
431 86 11 14 0.024198022 
165 23 12 16 0.024155617 
622 231 15 19 0.024098963 
583 74 12 15 0.024096306 
453 85 11 14 0.024082972 
885 386 12 15 0.024080157 
565 181 13 17 0.024022277 
680 101 11 13 0.024008278 
908 346 16 19 0.023992445 
923 358 13 16 0.023964321 
888 411 11 14 0.023954783 
320 70 12 16 0.023938544 
614 301 16 19 0.02393622 
630 319 18 24 0.023921654 
777 332 14 18 0.023905428 
839 15 9 12 0.023881368 
700 174 12 15 0.023864131 
431 173 11 14 0.023852164 
697 23 8 10 0.023845095 
839 211 13 19 0.023841899 
176 381 11 15 0.023745894 
343 85 12 15 0.023682538 
861 339 11 15 0.023619901 
300 37 11 15 0.023584586 
364 132 11 15 0.023574306 
50 5 16 18 0.02355997 
727 53 10 11 0.023494532 
1008 301 11 14 0.023492059 
895 388 12 16 0.023477392 
958 288 12 15 0.023423044 
885 206 11 13 0.02339227 
734 258 13 17 0.023386875 
1004 388 15 19 0.023344014 
849 182 20 25 0.023294657 
740 88 13 16 0.023293898 
791 394 10 14 0.023263954 
136 139 17 21 0.023263553 
1007 194 13 16 0.02323132 
541 159 14 17 0.023211699 
590 147 15 17 0.023138316 
409 22 11 12 0.023088895 
793 46 9 11 0.02305135 
630 334 16 21 0.023041334 
18 137 17 19 0.023013024 
704 77 10 13 0.02289975 
736 115 19 22 0.0228889 
686 211 12 16 0.022820754 
743 78 20 25 0.022805177 
636 95 19 23 0.022775479 
879 364 11 13 0.022765452 
532 363 14 16 0.022723755 
634 344 16 21 0.022684362 
361 358 16 22 0.022682764 
532 86 12 16 0.022665339 
998 228 11 14 0.022600032 
461 51 12 15 0.022565484 
261 1 15 16 0.022544753 
847 156 11 13 0.022438366 
756 65 13 15 0.022324901 
274 301 14 20 0.02231755 
845 355 12 16 0.022293871 
429 122 12 14 0.022256516 
681 291 20 27 0.022177335 
990 215 11 13 0.022158995 
430 55 11 13 0.022120086 
946 362 12 16 0.022011608 
904 358 12 15 0.022010842 
110 380 10 13 0.02199853 
812 451 12 14 0.021995144 
1008 310 11 15 0.021987516 
181 -2 18 21 0.021959089 
827 356 15 18 0.02193628 
408 29 10 13 0.021935357 
23 88 15 19 0.021897163 
744 38 8 11 0.02189332 
327 45 12 15 0.021863047 
668 123 13 14 0.021848166 
655 190 12 15 0.021844327 
237 11 12 14 0.021831715 
132 107 13 16 0.021830633 
407 183 12 15 0.021800546 
429 133 12 15 0.021793187 
122 404 13 18 0.0217704 
330 242 15 20 0.02176475 
419 202 13 17 0.021734187 
142 203 24 30 0.021723898 
22 382 16 19 0.02172069 
764 95 11 14 0.021698585 
752 100 12 14 0.021685703 
588 100 11 13 0.021669915 
270 94 14 18 0.021650443 
414 78 12 14 0.02164717 
124 231 16 20 0.021604171 
388 98 13 16 0.021583883 
446 236 13 18 0.02155853 
591 13 10 13 0.021546012 
546 73 21 27 0.021535058 
612 2 12 15 0.021481985 
993 302 13 16 0.02141703 
628 75 11 13 0.021411788 
791 442 11 15 0.021403348 
153 78 17 18 0.021371547 
292 11 17 23 0.021370254 
397 195 12 16 0.021365944 
798 52 10 13 0.021320786 
665 22 8 11 0.021314587 
46 0 13 14 0.021297347 
669 292 15 21 0.02126288 
541 227 12 15 0.021234337 
971 348 14 17 0.021220263 
575 0 13 13 0.021212772 
388 262 14 19 0.021187685 
932 319 12 15 0.02116398 
912 207 9 11 0.021158367 
268 104 15 19 0.021128317 
806 76 11 15 0.0211191 
793 270 18 24 0.021115886 
197 152 14 18 0.02111349 
862 172 11 15 0.021088362 
711 242 13 17 0.020997476 
771 97 20 26 0.02099428 
733 168 13 17 0.020980012 
350 137 15 18 0.020958075 
664 46 9 11 0.020897046 
777 188 12 15 0.020896394 
779 156 12 16 0.020891525 
859 168 19 25 0.020886963 
116 219 17 21 0.020841863 
871 357 12 15 0.020833686 
895 318 12 16 0.020806894 
598 81 18 23 0.020793332 
26 55 20 26 0.020789104 
694 212 12 15 0.020766059 
118 54 13 14 0.020752024 
791 158 12 15 0.020740049 
740 368 22 27 0.020717075 
880 126 9 11 0.020710077 
777 125 12 15 0.020710055 
301 101 13 15 0.020708317 
508 229 11 16 0.020703716 
825 134 9 11 0.020701818 
951 320 11 14 0.02069557 
994 378 15 18 0.020693976 
645 60 11 12 0.020693107 
486 13 11 12 0.020671844 
285 4 13 15 0.020585388 
185 415 28 30 0.020583604 
448 92 10 13 0.02056343 
240 27 13 15 0.02054155 
677 24 9 10 0.020509608 
573 358 15 20 0.020459685 
34 329 24 34 0.02044384 
432 15 8 11 0.020393878 
886 190 10 14 0.020377714 
614 108 11 15 0.02036371 
511 40 12 15 0.020341014 
358 118 13 17 0.020332135 
780 316 15 19 0.020320598 
282 28 11 14 0.020295352 
189 448 38 42 0.020278173 
711 75 12 14 0.020250304 
212 96 16 22 0.02022963 
793 206 16 20 0.020227715 
738 164 13 16 0.020225013 
901 389 13 17 0.020223454 
673 7 9 11 0.020214776 
430 290 21 28 0.020205062 
3 154 14 18 0.020200538 
759 53 10 12 0.02013875 
382 245 15 19 0.020099405 
953 223 10 13 0.020089889 
114 444 21 29 0.020035043 
102 433 13 16 0.020028645 
