7_Cheering_Cheering_7_57
111
31 162 38 49 0.9991646 
431 339 46 55 0.98116827 
667 315 36 40 0.97736084 
131 304 43 46 0.9658757 
796 283 45 55 0.9612889 
1 307 47 52 0.9546785 
747 340 42 47 0.9526279 
555 345 42 52 0.94084555 
328 305 44 54 0.8267764 
601 179 18 24 0.72564524 
385 225 35 41 0.5468555 
1000 337 25 61 0.3896249 
958 374 38 51 0.296716 
687 203 11 15 0.2179072 
351 204 16 19 0.17393644 
488 237 12 15 0.15833251 
737 148 37 43 0.15757623 
515 252 12 16 0.15113032 
880 119 41 49 0.14451852 
490 337 34 52 0.14195332 
680 257 25 34 0.12880513 
64 81 27 29 0.12364553 
89 157 26 35 0.12129358 
667 360 29 37 0.119438976 
113 317 43 42 0.10801931 
889 302 29 43 0.1051867 
540 222 12 14 0.08927987 
349 198 28 30 0.07880905 
575 244 10 12 0.07169056 
326 215 10 14 0.06892946 
583 244 10 13 0.06334252 
146 264 34 41 0.062600225 
490 701 46 71 0.062203564 
576 240 10 11 0.05957568 
700 254 17 21 0.05944877 
744 268 29 34 0.05836325 
690 248 24 32 0.054377526 
482 316 30 37 0.05129229 
325 218 14 20 0.05091632 
613 240 22 31 0.04742912 
385 295 41 58 0.046180647 
98 303 42 55 0.045746937 
691 198 10 14 0.044913948 
538 230 16 20 0.044805385 
247 307 30 43 0.044551603 
246 308 53 71 0.044536423 
492 242 12 15 0.0435232 
270 213 14 16 0.043352854 
692 207 13 17 0.04302282 
509 247 21 27 0.04277745 
708 197 10 13 0.042392116 
494 321 19 24 0.04231825 
699 261 26 31 0.040830914 
302 237 21 29 0.04042737 
909 110 13 16 0.03925498 
537 715 29 40 0.037949063 
680 261 14 19 0.037686724 
694 213 39 50 0.037156627 
266 216 25 28 0.036553137 
606 227 13 17 0.03601521 
348 275 29 33 0.035319123 
334 280 48 62 0.034848526 
468 689 82 118 0.03474833 
299 251 25 30 0.034663673 
734 470 193 298 0.033617448 
655 305 14 17 0.03297279 
695 224 15 20 0.03255532 
704 192 9 10 0.031770334 
484 237 20 26 0.03113198 
713 238 42 50 0.030522456 
75 299 44 57 0.030522048 
988 208 26 31 0.030387932 
464 331 47 62 0.029990656 
499 699 29 44 0.029909452 
678 268 14 22 0.028538719 
534 227 15 17 0.028410783 
749 209 25 34 0.028315982 
889 214 50 71 0.027880182 
696 234 26 32 0.027782071 
301 221 10 14 0.027689857 
375 322 46 61 0.027362533 
753 187 46 51 0.027090093 
140 245 30 37 0.026634527 
524 252 13 16 0.026473809 
566 216 9 12 0.025811939 
946 371 32 48 0.024567282 
794 276 30 39 0.024545765 
391 230 23 25 0.023824923 
132 275 46 58 0.023607416 
701 204 12 16 0.023320382 
730 251 37 43 0.023153141 
992 364 32 48 0.023132056 
331 223 14 17 0.022839524 
595 388 17 23 0.022796586 
318 225 14 19 0.022398453 
275 204 15 21 0.022302149 
864 167 87 123 0.022034304 
499 324 48 64 0.022025514 
784 224 50 65 0.021604203 
572 249 13 16 0.021365138 
666 338 34 41 0.021360204 
753 170 38 46 0.021312684 
772 247 16 20 0.021099964 
490 310 45 60 0.020903785 
693 200 21 27 0.02058976 
480 236 13 17 0.020561328 
598 189 17 21 0.020372692 
374 271 46 63 0.020352429 
245 353 36 43 0.020181006 
657 310 27 35 0.020115113 
10 532 39 64 0.020088043 
