7_Cheering_Cheering_7_835
25
341 176 312 402 0.9981128 
-48 457 420 464 0.7133471 
482 444 349 441 0.44133356 
395 1074 435 428 0.29972386 
542 583 364 473 0.28064263 
151 431 363 501 0.24646069 
32 279 396 486 0.23793328 
40 220 284 298 0.18654461 
155 108 354 393 0.14998125 
262 931 410 504 0.13597828 
634 553 113 173 0.12809092 
601 499 194 286 0.12581539 
688 730 253 376 0.11757149 
283 461 423 518 0.07670876 
194 624 394 538 0.06272411 
428 886 243 339 0.060758714 
520 773 358 488 0.059393607 
32 1072 362 482 0.04180353 
435 1211 265 255 0.036855113 
918 1205 50 69 0.033750795 
367 704 358 479 0.030773563 
117 470 264 305 0.026916562 
64 289 185 156 0.025589755 
78 472 108 131 0.023224557 
609 -20 486 518 0.020973459 
