7_Cheering_Cheering_7_195
89
457 471 51 59 0.9965373 
190 593 61 67 0.9723235 
426 966 66 71 0.86520875 
271 519 56 73 0.75674546 
322 525 49 68 0.58088756 
245 889 73 53 0.45008612 
603 496 54 73 0.34310117 
240 909 64 53 0.33434093 
593 873 50 67 0.30204237 
264 867 64 61 0.17292766 
597 1041 38 50 0.15097557 
298 930 29 31 0.14577794 
677 620 47 57 0.1405755 
238 933 51 41 0.120077066 
415 930 474 609 0.11469827 
352 780 32 38 0.10901598 
410 506 43 56 0.09935889 
290 862 62 57 0.08709448 
245 842 95 108 0.08467798 
294 514 56 73 0.081899814 
177 766 57 74 0.080769844 
572 891 31 40 0.07678302 
238 590 32 38 0.07263464 
-111 23 459 536 0.070743255 
266 532 37 49 0.07043725 
735 805 32 44 0.06214241 
734 739 47 56 0.059288714 
350 529 31 50 0.050880857 
547 464 35 50 0.050607745 
317 867 41 39 0.05037529 
260 552 59 67 0.047171596 
185 1217 26 32 0.044498384 
438 972 38 48 0.043678433 
681 785 44 55 0.042740304 
185 918 66 61 0.04138577 
388 512 47 65 0.040510572 
610 471 51 66 0.039550632 
337 759 28 33 0.038194932 
214 591 39 45 0.037354156 
546 484 41 58 0.036465388 
211 761 47 62 0.03634115 
436 996 66 71 0.036174692 
327 747 30 34 0.0361111 
255 877 43 44 0.035734642 
682 787 26 33 0.03466609 
954 808 16 19 0.03354946 
629 807 32 37 0.031873275 
297 867 37 35 0.03173747 
340 768 31 38 0.030499628 
684 771 29 35 0.030411387 
604 893 59 60 0.030402502 
852 740 15 19 0.02954562 
241 901 92 94 0.029449763 
588 882 30 49 0.02943113 
531 686 18 23 0.028799908 
293 910 31 41 0.02776519 
305 841 58 59 0.027599141 
633 461 38 48 0.027185258 
795 748 15 18 0.025447985 
223 554 86 96 0.02528685 
363 525 51 67 0.025216779 
214 939 50 42 0.025181621 
605 914 34 45 0.025006203 
535 -34 430 485 0.024748417 
560 858 81 100 0.024510054 
305 808 53 69 0.02439359 
279 834 45 61 0.024203872 
185 774 34 48 0.024071597 
712 753 52 60 0.02357098 
279 883 66 76 0.023557413 
288 939 32 33 0.023246873 
190 582 41 49 0.02314364 
268 930 40 39 0.02303954 
547 1052 49 56 0.022806432 
599 864 30 44 0.022736201 
314 716 31 40 0.022670267 
726 705 82 95 0.021993153 
827 747 17 20 0.021674575 
882 532 30 35 0.02146623 
640 805 20 22 0.021103589 
527 986 48 53 0.020875525 
701 661 208 229 0.020776812 
519 507 42 59 0.020686889 
322 721 15 19 0.020659173 
560 478 27 40 0.020483743 
270 365 27 37 0.020359773 
613 763 14 19 0.020312019 
314 731 37 45 0.020183956 
788 742 26 32 0.020025903 
