7_Cheering_Cheering_7_687
168
571 80 53 75 0.99951684 
818 211 33 41 0.99724114 
677 379 17 23 0.44116664 
895 445 13 19 0.2760612 
224 463 9 11 0.17921285 
228 437 10 13 0.11494022 
101 462 9 12 0.11424507 
186 521 14 18 0.113103315 
514 94 43 54 0.10263106 
96 425 9 10 0.10221357 
153 455 9 12 0.08273111 
927 518 14 18 0.08028881 
129 453 9 11 0.07571209 
190 464 10 12 0.07544417 
79 425 8 10 0.07439764 
70 445 9 12 0.07426226 
132 271 10 13 0.06731073 
541 89 30 45 0.065951265 
45 446 10 12 0.065357454 
791 470 12 14 0.064840205 
56 470 9 11 0.06395724 
57 464 8 10 0.06353699 
293 453 10 11 0.060013067 
216 415 9 10 0.05558744 
157 479 10 13 0.054570954 
8 446 9 11 0.05401202 
136 476 11 14 0.053408735 
94 487 10 12 0.052771743 
31 462 8 10 0.05249022 
280 479 9 11 0.051286362 
17 480 9 12 0.051110618 
32 471 8 10 0.04967941 
89 414 8 10 0.049021218 
167 437 9 11 0.04323022 
264 421 10 14 0.042931616 
190 487 10 13 0.04284676 
775 328 16 20 0.04225577 
199 429 9 11 0.042207316 
7 470 8 9 0.041535538 
7 480 8 11 0.041446775 
73 493 8 11 0.040990982 
288 412 11 14 0.04050709 
318 455 9 11 0.0392725 
87 446 9 11 0.039201744 
15 502 10 13 0.03843511 
38 472 8 11 0.03753651 
496 82 45 59 0.03730953 
24 455 9 11 0.036427062 
205 446 10 13 0.036413893 
21 479 8 11 0.03639255 
80 476 10 11 0.03615235 
74 425 7 9 0.03590855 
181 484 11 14 0.035782002 
85 470 9 11 0.035516933 
32 392 8 10 0.03530205 
137 424 8 10 0.03464173 
222 414 8 11 0.034599133 
88 408 9 10 0.033668317 
6 463 8 11 0.033508617 
63 432 7 9 0.03313121 
86 464 9 10 0.03252199 
152 486 11 14 0.03234112 
25 461 8 10 0.03222715 
952 462 9 11 0.03185285 
287 479 8 11 0.03157004 
112 437 9 11 0.031366393 
201 477 9 12 0.030968996 
297 488 8 11 0.030955397 
48 489 8 11 0.030179879 
215 432 9 10 0.029772256 
232 416 9 10 0.029202776 
153 430 8 10 0.028642708 
156 458 12 14 0.028564587 
781 250 13 15 0.028507235 
127 406 9 11 0.02836615 
94 414 8 10 0.028064955 
62 462 8 10 0.02796653 
0 460 9 13 0.027902827 
31 456 7 10 0.027901273 
233 421 9 11 0.027510881 
596 480 16 22 0.027429776 
94 407 8 10 0.027265681 
63 439 8 10 0.027079567 
71 524 10 12 0.027046187 
89 422 8 10 0.02671831 
199 452 10 13 0.026699504 
223 485 10 12 0.026602589 
200 425 8 10 0.026558034 
537 474 29 34 0.026209882 
97 532 10 12 0.026197042 
66 446 8 10 0.026144044 
246 447 10 12 0.026084566 
709 497 14 17 0.02535304 
292 406 13 16 0.025183022 
124 502 10 12 0.025162717 
0 486 8 12 0.025053343 
127 414 8 10 0.025011891 
127 422 8 11 0.024957776 
752 446 12 13 0.024953047 
20 503 9 12 0.024808299 
287 273 9 10 0.024524799 
675 449 25 36 0.024103247 
61 471 9 10 0.023942534 
122 422 8 10 0.023914492 
80 446 8 11 0.02372722 
314 454 8 11 0.02365539 
101 429 9 11 0.02360601 
111 399 9 11 0.023581618 
121 415 8 10 0.02355726 
63 398 8 11 0.023424527 
153 423 8 10 0.023360657 
176 481 11 13 0.023337925 
191 406 9 12 0.02308909 
96 446 8 10 0.023086393 
118 448 9 12 0.023051219 
158 516 10 12 0.022978462 
342 477 10 13 0.02290309 
261 448 10 11 0.022725627 
144 406 9 11 0.022359023 
120 453 9 11 0.022252599 
112 472 9 11 0.022145862 
103 457 8 10 0.022101343 
270 470 10 13 0.022096775 
113 478 8 11 0.0220618 
48 471 9 12 0.022060176 
738 268 14 18 0.021960326 
135 449 8 11 0.021881735 
85 476 9 11 0.02185009 
160 438 9 11 0.021807846 
23 509 9 12 0.021710599 
136 407 8 10 0.021550998 
159 432 8 10 0.0215146 
254 406 10 12 0.021495592 
112 405 9 12 0.021448757 
117 472 10 12 0.021416001 
143 424 8 10 0.021408044 
200 415 8 10 0.021403613 
144 400 9 10 0.021391205 
103 445 9 11 0.021386027 
624 457 35 35 0.021383066 
669 421 24 32 0.021260906 
168 459 10 13 0.021237284 
184 399 9 11 0.021165296 
168 406 9 12 0.021133315 
6 500 10 14 0.02104557 
100 424 9 11 0.021038836 
136 437 8 11 0.020944836 
105 399 8 10 0.020928428 
32 493 9 12 0.020910695 
191 429 9 12 0.020900302 
900 293 13 16 0.020852908 
668 395 27 40 0.020778745 
184 424 8 10 0.020767696 
853 510 20 27 0.020753862 
13 448 9 10 0.020727137 
704 332 25 37 0.020698616 
64 504 8 11 0.020634867 
56 477 9 10 0.020626085 
1000 486 9 10 0.020444313 
136 430 9 11 0.020322036 
185 463 10 12 0.020308502 
777 315 28 36 0.020303013 
119 44 431 452 0.020290248 
216 408 9 11 0.02022701 
623 220 54 60 0.020097012 
231 432 9 12 0.020045182 
930 492 12 15 0.020019505 
152 416 8 9 0.020003228 
