7_Cheering_Cheering_7_386
318
286 401 16 21 0.9592168 
762 290 35 44 0.95846355 
765 436 33 39 0.95625323 
214 546 41 52 0.9464095 
390 400 16 21 0.89728576 
221 426 16 22 0.80405194 
414 440 21 27 0.58287174 
60 509 45 74 0.57268345 
355 428 19 27 0.5220754 
410 404 15 20 0.43783686 
303 429 25 29 0.35736448 
308 406 14 18 0.29933542 
329 455 28 37 0.29744318 
28 348 89 130 0.2273054 
794 510 42 73 0.22691624 
218 456 30 34 0.22542398 
327 395 16 20 0.22261016 
558 465 41 52 0.20721132 
560 486 115 150 0.1997359 
19 523 129 209 0.1961653 
582 370 12 16 0.16360384 
474 389 13 16 0.16335383 
355 450 31 38 0.1601676 
154 355 15 19 0.15907632 
67 338 88 131 0.15491271 
257 428 18 24 0.15034674 
460 432 21 30 0.14976968 
796 485 36 49 0.14928931 
415 387 12 15 0.14139871 
414 396 13 17 0.13402276 
38 501 85 137 0.13369936 
340 451 28 37 0.12858684 
565 420 15 19 0.12380662 
233 427 18 20 0.12172517 
311 405 19 27 0.11460213 
558 369 15 20 0.11219868 
662 442 27 34 0.11211603 
372 380 14 18 0.11182083 
533 410 14 19 0.11096389 
424 454 27 35 0.097186655 
235 409 15 20 0.097177856 
356 395 18 20 0.094366886 
251 399 15 19 0.091572836 
434 423 15 22 0.091362186 
362 450 45 50 0.09017496 
395 379 13 15 0.0884336 
527 420 14 18 0.08499111 
894 562 48 61 0.08409411 
176 432 27 34 0.083160564 
543 392 12 17 0.08089727 
682 333 17 21 0.07808047 
46 534 37 53 0.07681392 
380 397 18 22 0.076432236 
964 408 14 19 0.07528011 
581 395 15 19 0.07464886 
250 462 37 43 0.07424304 
366 356 12 14 0.074091606 
243 376 15 18 0.07300712 
403 528 35 42 0.071282014 
63 460 85 132 0.070449784 
208 385 16 20 0.06923206 
188 401 13 17 0.06856989 
246 401 14 19 0.06588915 
49 450 163 253 0.06490707 
262 404 13 17 0.06471029 
18 379 64 91 0.06424749 
512 364 11 14 0.064221516 
-12 107 109 127 0.06305392 
445 394 13 16 0.062434107 
938 401 25 31 0.061771717 
101 449 89 125 0.061575368 
588 429 18 20 0.06145566 
495 362 12 15 0.0612882 
361 400 17 21 0.061157543 
967 396 50 80 0.061022565 
145 352 24 32 0.059649024 
885 397 26 31 0.059550144 
361 382 22 26 0.0568616 
990 341 26 30 0.056433916 
238 427 22 25 0.056055885 
298 401 20 24 0.054225232 
492 402 15 20 0.05344341 
595 436 27 34 0.053004246 
359 435 27 33 0.051007923 
811 388 28 38 0.0506439 
862 343 28 31 0.049718708 
875 378 27 33 0.049596105 
606 433 27 36 0.04949572 
1005 448 18 26 0.049481332 
405 383 13 15 0.049473457 
116 342 87 118 0.048317764 
759 313 42 51 0.047728118 
301 387 16 18 0.046680227 
955 337 15 19 0.045782775 
424 426 21 28 0.045769002 
373 400 17 22 0.045727212 
398 386 13 17 0.045412783 
515 425 33 39 0.04535338 
425 334 10 13 0.044259906 
874 349 20 23 0.043847106 
484 379 13 15 0.043486673 
671 388 84 127 0.043435127 
557 480 62 73 0.04255002 
690 392 16 21 0.042425558 
1004 317 14 19 0.042347956 
400 434 21 26 0.042324282 
470 402 15 21 0.042187024 
402 443 26 31 0.04212489 
1002 346 17 21 0.042059112 
969 483 49 76 0.041240808 
811 530 37 46 0.04122994 
484 386 13 16 0.040855724 
614 420 26 35 0.040548474 
732 396 16 25 0.040347192 
134 363 27 35 0.040258206 
775 342 31 34 0.039906327 
1013 403 9 17 0.03990508 
336 550 62 68 0.0396381 
523 419 23 30 0.039282277 
260 420 16 20 0.039113596 
477 453 85 125 0.039089035 
340 364 18 22 0.03866818 
665 395 24 31 0.03855619 
486 357 10 12 0.038350984 
972 344 41 51 0.03828639 
790 440 27 35 0.03815249 
366 374 14 17 0.038066212 
367 550 56 68 0.03799279 
820 410 30 38 0.037980817 
377 385 17 20 0.037847947 
618 435 25 34 0.03773994 
370 435 17 22 0.037632026 
337 453 18 23 0.036901932 
775 500 73 114 0.036357414 
283 486 50 67 0.03635073 
223 395 14 19 0.036106657 
-1 475 42 66 0.036032375 
479 381 13 16 0.03598414 
777 415 44 54 0.035878714 
170 416 44 58 0.03577215 
312 453 40 51 0.035428863 
227 402 16 19 0.03529398 
444 372 14 17 0.035279386 
681 389 52 75 0.035038006 
386 533 48 62 0.034923177 
989 370 24 32 0.034640744 
62 444 26 38 0.03454977 
417 402 15 20 0.03439335 
356 423 15 18 0.033853285 
748 426 16 20 0.03371681 
350 398 16 21 0.033505697 
537 335 10 11 0.03289839 
292 432 26 30 0.032806117 
692 399 28 40 0.03264658 
964 332 15 20 0.032539 
252 378 13 16 0.03232518 
383 321 13 16 0.03228716 
237 406 22 29 0.032167576 
552 450 37 46 0.032052737 
358 418 25 32 0.032011822 
10 382 16 20 0.031935807 
758 343 33 39 0.031724308 
601 446 15 20 0.03148427 
890 565 32 42 0.031447947 
246 481 93 120 0.03142683 
178 427 16 19 0.030669164 
715 617 35 49 0.030541323 
122 446 55 78 0.030455614 
500 359 13 15 0.030410571 
769 537 91 133 0.030403236 
797 428 31 40 0.030199146 
701 321 30 37 0.030166091 
675 397 16 20 0.029939651 
149 361 46 71 0.029907005 
925 433 26 41 0.029867632 
437 414 14 17 0.029398596 
530 155 397 503 0.029164067 
851 413 29 36 0.029047221 
910 376 28 34 0.02900272 
926 368 94 116 0.028934715 
440 427 23 31 0.028835993 
259 405 21 28 0.028792733 
479 356 10 13 0.02878003 
146 493 57 83 0.028598413 
679 396 24 31 0.028587373 
318 395 20 28 0.0285257 
469 390 20 27 0.028515296 
389 578 32 47 0.028461142 
560 405 23 29 0.028274212 
976 446 48 86 0.028215868 
987 435 28 43 0.028080368 
393 454 31 36 0.028072104 
301 395 16 19 0.027923487 
689 381 26 36 0.027899865 
210 465 35 43 0.027691279 
486 397 14 17 0.027655363 
652 387 28 35 0.027532978 
947 425 29 40 0.027254073 
807 414 32 40 0.027161239 
896 390 27 35 0.02706244 
317 408 22 31 0.027013618 
69 585 85 135 0.026638728 
537 444 33 42 0.026616365 
408 451 30 39 0.026609387 
255 388 13 17 0.026600262 
749 413 47 69 0.02653587 
946 393 53 68 0.02651814 
343 368 24 29 0.026237035 
713 316 20 24 0.02616716 
596 423 24 30 0.026149485 
411 384 19 25 0.026079332 
294 434 43 51 0.02601851 
572 367 20 25 0.02599792 
459 459 26 35 0.025889676 
536 340 10 13 0.025827492 
382 345 15 19 0.025734836 
969 362 45 61 0.025718207 
333 390 22 30 0.0256105 
621 405 24 32 0.025535332 
855 368 30 35 0.02551697 
998 323 24 35 0.025432514 
36 488 58 86 0.025416737 
84 383 106 146 0.025398526 
391 374 13 16 0.025323508 
362 369 23 29 0.025203573 
949 332 16 21 0.025162848 
896 364 14 18 0.025123712 
525 400 23 33 0.024965534 
357 380 16 18 0.02492015 
932 478 83 122 0.02490748 
595 411 16 20 0.024905745 
226 476 47 59 0.024563408 
135 692 60 66 0.02452853 
1003 409 19 38 0.024509028 
228 419 17 23 0.02446135 
446 401 12 17 0.024398811 
470 363 13 16 0.024284909 
561 425 25 29 0.024279391 
15 495 51 75 0.024231996 
793 389 46 60 0.024120176 
383 374 23 26 0.024045931 
494 370 14 16 0.024044607 
567 396 24 30 0.023971273 
314 434 26 35 0.023968194 
182 395 15 20 0.023842394 
935 411 27 37 0.023617793 
538 433 17 22 0.02361081 
350 420 13 18 0.023595953 
828 539 101 134 0.023582455 
478 372 12 15 0.023543017 
840 511 59 67 0.023470746 
221 409 16 20 0.023353169 
437 387 15 19 0.0232244 
670 404 32 41 0.023168085 
219 435 19 22 0.022995757 
654 402 28 34 0.0229579 
196 426 15 20 0.022948144 
874 398 27 33 0.022931652 
816 508 58 68 0.02290439 
803 401 27 37 0.022850802 
236 464 34 38 0.0228006 
617 473 33 38 0.02279221 
680 370 25 33 0.022781251 
578 424 24 27 0.022775514 
223 543 57 68 0.022699382 
800 469 169 213 0.022694394 
200 422 23 30 0.02267803 
916 423 17 21 0.022585232 
241 378 23 28 0.02256564 
830 410 43 55 0.022497704 
86 500 47 86 0.022412019 
627 483 30 38 0.02234959 
635 483 17 21 0.022312216 
751 335 28 36 0.022301195 
357 407 16 19 0.022208165 
925 409 45 62 0.022101723 
585 403 24 30 0.021825384 
956 412 25 34 0.021824809 
85 528 98 153 0.02179524 
530 483 93 130 0.021745332 
518 493 30 44 0.021743977 
449 470 32 44 0.02156647 
986 489 32 39 0.021497272 
72 451 17 24 0.021489078 
557 359 12 15 0.02131221 
462 409 25 33 0.021226646 
957 408 16 20 0.02119947 
500 371 14 17 0.021179028 
860 405 26 33 0.021165658 
669 426 32 41 0.021157341 
388 354 12 15 0.021156855 
857 529 59 69 0.021141998 
225 497 54 69 0.021106008 
388 390 15 18 0.021005072 
571 383 170 237 0.020987663 
191 402 44 54 0.020955458 
423 370 12 15 0.020923156 
348 435 19 26 0.02092185 
965 327 13 15 0.020915724 
597 493 42 48 0.020827796 
568 453 59 66 0.020798266 
576 365 12 17 0.020785443 
396 475 29 34 0.02076102 
349 358 12 14 0.020687258 
526 410 43 52 0.020622045 
431 379 12 16 0.02049509 
438 364 11 15 0.020483315 
194 387 22 28 0.020437047 
800 490 52 65 0.020413874 
191 426 43 52 0.020412577 
409 332 9 12 0.020350635 
963 332 25 33 0.020346286 
62 382 30 43 0.020246824 
946 395 29 33 0.020220965 
444 412 13 17 0.020206438 
244 367 13 15 0.020179594 
6 211 89 143 0.020170288 
443 456 29 39 0.020116683 
