23_Shoppers_Shoppers_23_243
219
46 395 14 16 0.87581056 
708 436 11 15 0.30052412 
102 405 13 16 0.27869606 
288 470 10 12 0.18046792 
48 536 9 11 0.12126436 
578 418 16 22 0.10097182 
451 499 10 14 0.090445615 
568 419 26 33 0.089317515 
17 479 9 11 0.077954434 
184 439 9 11 0.07506837 
479 500 10 12 0.0700918 
229 431 9 11 0.06962908 
6 438 10 13 0.06956751 
158 439 10 12 0.068817414 
0 452 7 13 0.067172214 
65 478 7 10 0.06637152 
695 438 10 13 0.06552556 
247 463 9 10 0.06383275 
14 518 10 12 0.057229906 
736 443 12 15 0.05576474 
80 364 13 17 0.055751886 
4 479 9 11 0.05524514 
431 474 10 12 0.05230162 
224 451 9 12 0.05213236 
655 476 9 12 0.0521139 
31 544 8 11 0.05210575 
34 485 9 12 0.051668685 
49 439 8 10 0.051479295 
15 535 10 11 0.05130938 
656 472 8 10 0.04868925 
49 518 8 11 0.048244644 
592 437 10 14 0.04762041 
456 462 9 11 0.04723722 
607 474 14 19 0.046783697 
73 493 8 10 0.046324745 
88 486 8 9 0.046229016 
7 463 9 12 0.04608943 
0 445 8 13 0.045229215 
294 462 8 11 0.044497963 
5 523 11 12 0.044109397 
64 465 8 9 0.043965787 
50 486 8 9 0.043405935 
231 436 8 10 0.0425488 
648 470 9 10 0.04215052 
695 485 10 13 0.04210811 
87 479 8 10 0.041893248 
63 421 9 11 0.041404758 
418 482 15 17 0.041223742 
52 540 8 11 0.0410272 
216 445 8 11 0.040774044 
541 446 11 14 0.040742777 
38 447 9 11 0.04038628 
65 470 8 9 0.03980149 
38 423 9 12 0.039602824 
462 515 11 14 0.039222173 
440 501 12 15 0.039044518 
48 495 8 10 0.03885202 
693 491 10 14 0.038810953 
375 423 9 11 0.038370542 
703 432 12 15 0.03831224 
447 477 8 12 0.038130213 
74 486 8 11 0.037999865 
445 504 14 17 0.037765946 
4 484 9 11 0.037053395 
463 438 12 15 0.03698754 
16 495 11 12 0.036212176 
497 439 8 11 0.03619633 
0 459 9 13 0.036121145 
725 435 11 15 0.03610868 
1 523 10 13 0.035900097 
48 480 9 10 0.035880826 
744 462 11 13 0.035759877 
292 415 12 15 0.03562347 
704 441 12 14 0.03543154 
440 477 9 12 0.03533497 
421 477 11 13 0.03523707 
57 420 9 12 0.035204936 
214 440 8 9 0.035186425 
496 475 10 13 0.035153743 
53 486 9 10 0.03495083 
78 495 8 9 0.034704935 
31 439 8 10 0.034570187 
607 454 10 13 0.034508508 
21 518 10 12 0.03425018 
689 492 10 14 0.03364819 
736 451 9 13 0.03347181 
40 494 9 10 0.03346819 
416 478 10 14 0.033381555 
486 495 9 12 0.033292275 
469 514 12 15 0.033259436 
590 426 12 17 0.032775834 
25 437 8 11 0.032774515 
24 430 9 13 0.032707892 
580 420 21 31 0.032581996 
19 484 9 12 0.032484323 
689 487 10 12 0.03234459 
73 560 8 9 0.0321554 
590 414 11 15 0.031664204 
79 559 7 9 0.03153379 
377 -23 516 490 0.031531822 
53 440 9 10 0.03131759 
688 499 10 13 0.031270597 
718 435 11 15 0.03098618 
257 420 9 12 0.03097235 
454 516 11 15 0.030961197 
21 535 8 10 0.03091842 
256 454 7 10 0.030727977 
241 462 9 11 0.030574951 
446 513 13 17 0.030536592 
703 432 21 26 0.030334083 
14 445 9 11 0.030303547 
612 459 10 15 0.03024579 
487 454 8 11 0.030132009 
742 437 12 16 0.030036645 
698 520 8 11 0.02971674 
512 428 10 13 0.029712463 
16 469 9 11 0.029682634 
697 461 11 15 0.029677205 
0 549 7 12 0.029635 
111 534 9 9 0.029570825 
40 400 13 16 0.029367011 
617 551 10 12 0.0289186 
159 432 8 11 0.028627705 
742 431 22 30 0.028316524 
188 438 9 10 0.028277194 
55 413 9 13 0.02778655 
32 422 8 12 0.027498119 
306 472 7 9 0.027271952 
254 462 8 11 0.02710553 
381 331 12 15 0.027068447 
40 390 14 18 0.026829498 
152 430 8 11 0.02680793 
1 590 7 11 0.026799498 
287 415 12 14 0.026617324 
97 421 8 12 0.026584039 
70 479 8 10 0.026535759 
80 360 11 13 0.026419938 
21 511 8 11 0.026375012 
487 428 10 14 0.026274934 
407 456 9 11 0.02599943 
648 464 9 11 0.025619294 
447 472 8 11 0.02543381 
247 468 9 12 0.025405426 
597 444 10 13 0.025348483 
98 405 11 14 0.025118044 
747 435 14 19 0.024995627 
477 517 12 15 0.024969097 
518 423 12 15 0.024945622 
488 476 10 12 0.024937784 
210 439 8 10 0.02493144 
15 540 9 12 0.02483688 
230 451 10 13 0.024690328 
12 599 12 14 0.024688294 
599 451 10 13 0.024609126 
305 460 9 11 0.024512893 
22 524 9 11 0.024465567 
800 480 10 12 0.02430691 
199 446 9 10 0.024298234 
613 481 12 15 0.02407883 
10 567 7 10 0.023896676 
33 446 9 12 0.023675386 
7 533 12 13 0.023656072 
303 438 9 13 0.02354912 
8 501 9 11 0.023534926 
495 484 10 12 0.02351426 
0 495 8 12 0.023499178 
702 466 11 14 0.023410436 
32 463 9 10 0.023174882 
455 478 10 13 0.023001721 
759 500 9 11 0.022997225 
23 421 9 11 0.022898111 
89 558 8 9 0.022887744 
1 438 9 13 0.022868548 
240 484 8 11 0.02269304 
40 428 8 11 0.022673357 
12 437 10 13 0.022643628 
32 469 9 11 0.022517461 
15 567 8 10 0.022508714 
94 487 9 9 0.022505837 
557 422 25 33 0.022473004 
16 551 7 10 0.022286031 
611 468 12 17 0.022265883 
108 401 10 14 0.02223328 
217 451 10 13 0.022082625 
456 456 10 12 0.022036498 
33 453 9 11 0.021979703 
496 495 8 11 0.021917557 
649 477 10 13 0.021870365 
550 444 9 14 0.021806719 
473 501 9 11 0.021748483 
631 478 10 13 0.021638412 
518 476 10 13 0.021573288 
426 471 9 12 0.021513749 
297 455 8 11 0.021439131 
16 422 9 10 0.021406513 
472 476 10 12 0.021404581 
988 379 12 15 0.021374417 
816 501 7 10 0.021314759 
608 445 10 12 0.021144083 
15 454 8 11 0.02111359 
0 374 8 12 0.021028398 
702 485 12 14 0.02095853 
296 478 7 9 0.020771097 
48 446 9 10 0.0205542 
181 422 9 10 0.020517813 
55 479 9 10 0.02047497 
501 444 8 12 0.020414382 
0 382 7 13 0.020382106 
62 415 9 13 0.020356111 
39 549 7 10 0.020355385 
94 557 8 10 0.020351958 
72 438 7 10 0.020277275 
16 558 9 11 0.020213623 
438 470 11 13 0.02018359 
238 478 9 12 0.020141155 
662 472 8 10 0.02011696 
693 544 9 12 0.020115454 
48 549 9 11 0.020088816 
237 452 10 12 0.02001031 
