23_Shoppers_Shoppers_23_122
23
263 50 63 81 0.9960651 
722 1 117 109 0.99576217 
943 526 45 50 0.4109277 
95 64 15 19 0.1525761 
141 211 397 476 0.078060865 
164 161 60 79 0.066440925 
0 57 17 22 0.06456014 
-39 328 201 246 0.05158091 
995 33 24 32 0.046558995 
740 604 40 39 0.037780747 
877 61 32 42 0.037639488 
449 31 398 459 0.034658242 
-1 2 22 30 0.027548151 
534 177 365 453 0.027235655 
34 96 356 465 0.0236801 
679 294 217 262 0.02306515 
282 34 38 52 0.022658339 
680 -129 455 508 0.021198703 
106 1 53 64 0.021166975 
687 -40 191 177 0.021028848 
97 59 26 31 0.020789165 
88 52 28 32 0.020566665 
438 82 27 34 0.020524552 
