23_Shoppers_Shoppers_23_10
127
469 333 25 33 0.99915147 
276 309 37 47 0.9925613 
638 297 27 34 0.9900214 
61 382 38 53 0.98945504 
998 337 17 22 0.563971 
759 322 19 31 0.45478716 
348 492 13 18 0.2741283 
738 106 28 38 0.18487538 
26 583 53 91 0.18421361 
939 36 10 13 0.17511207 
889 330 16 19 0.15993309 
595 93 9 12 0.14456928 
945 293 28 37 0.11176448 
859 313 18 23 0.106340915 
668 167 90 111 0.086378396 
519 69 10 12 0.08478423 
767 321 22 29 0.08198648 
531 298 26 31 0.07904951 
644 103 9 13 0.07902699 
866 304 16 27 0.07250044 
706 304 23 32 0.071159095 
543 80 8 10 0.07063237 
7 135 55 94 0.06851305 
780 320 22 30 0.06409798 
593 88 10 12 0.062416237 
721 305 15 20 0.06013207 
554 87 7 9 0.055384375 
4 381 38 51 0.05384764 
613 0 10 10 0.05251774 
600 7 8 10 0.05195949 
816 40 8 10 0.050268542 
692 23 8 10 0.049091574 
552 80 7 9 0.04699739 
791 182 12 15 0.04670542 
557 87 8 10 0.045522872 
990 343 27 39 0.045083493 
429 482 12 15 0.044497784 
837 303 14 24 0.044118464 
-1 374 25 47 0.04387883 
22 370 37 51 0.043711726 
262 336 12 16 0.043194655 
716 77 10 12 0.042764965 
628 115 10 12 0.042486448 
576 316 28 36 0.042283986 
936 290 25 36 0.041675467 
842 302 20 31 0.04142393 
675 307 30 39 0.04078687 
5 546 97 146 0.040001243 
973 14 8 10 0.039283413 
527 78 9 11 0.039261844 
745 92 38 54 0.039238058 
537 79 8 10 0.039100714 
682 297 16 22 0.038372003 
851 317 20 21 0.03768445 
529 85 8 10 0.03740951 
672 300 23 31 0.037003867 
686 296 27 34 0.03667956 
989 330 17 22 0.03636564 
608 0 9 10 0.03568228 
748 81 14 17 0.03506336 
647 94 9 10 0.03464887 
624 115 10 11 0.034412708 
640 106 10 13 0.03395434 
981 330 15 21 0.033795554 
669 304 14 20 0.033122517 
583 86 8 11 0.032980192 
954 6 8 10 0.03294733 
955 298 18 23 0.031862386 
601 13 7 10 0.03154942 
730 54 9 12 0.031382762 
884 334 18 22 0.030954815 
534 85 9 10 0.03060531 
745 74 27 32 0.029696453 
708 299 15 24 0.029562261 
62 41 28 36 0.028829465 
1014 306 10 16 0.028483456 
521 66 8 9 0.02813135 
576 85 9 10 0.027505912 
919 68 10 13 0.027500223 
111 345 10 14 0.02685051 
894 389 24 32 0.026578413 
729 84 8 11 0.026225 
281 474 34 33 0.025813425 
983 340 23 29 0.025504673 
553 93 8 10 0.025385087 
702 100 10 11 0.025359828 
228 503 13 20 0.025239393 
374 390 8 12 0.025219047 
629 110 10 12 0.025173536 
821 196 10 14 0.02482818 
532 499 11 16 0.024814969 
969 8 10 11 0.024788395 
700 297 16 22 0.024685042 
557 81 8 9 0.024673901 
656 95 9 10 0.024614299 
947 291 16 21 0.02454199 
-4 399 33 56 0.024485555 
562 101 9 12 0.024218326 
376 448 37 50 0.023831291 
954 14 8 10 0.023792235 
600 1 8 9 0.023743367 
972 326 20 30 0.023604916 
995 621 29 53 0.02321049 
702 349 40 49 0.022807853 
239 674 9 13 0.022373585 
860 296 18 25 0.022178344 
696 80 7 9 0.022161247 
525 64 8 9 0.022123083 
607 6 9 11 0.022082973 
768 344 29 32 0.022006243 
841 41 8 11 0.021846775 
218 388 16 18 0.021601584 
785 196 10 14 0.021564929 
800 23 6 8 0.021492211 
775 52 9 11 0.021361828 
36 389 31 40 0.021207646 
847 296 22 31 0.021143578 
535 509 10 13 0.021129265 
621 0 9 10 0.020746674 
593 46 9 12 0.020731 
512 78 10 13 0.020613436 
285 661 14 15 0.020447163 
560 321 32 34 0.020416046 
41 462 45 58 0.02039056 
953 303 25 35 0.020250004 
597 97 10 14 0.020108046 
764 317 15 22 0.020044766 
