23_Shoppers_Shoppers_23_802
22
571 323 220 260 0.9998456 
353 162 258 337 0.9998307 
480 238 236 288 0.55960155 
254 778 72 91 0.16696002 
350 516 546 512 0.11342073 
703 -2 71 66 0.062733926 
797 23 174 232 0.034986258 
482 58 111 105 0.033957697 
102 451 52 52 0.029678883 
104 843 105 123 0.028338203 
157 445 370 494 0.028100798 
141 523 64 74 0.028093636 
431 696 570 486 0.023220543 
864 720 7 9 0.022223916 
99 785 166 213 0.021269813 
114 485 52 61 0.021056917 
866 743 9 11 0.02097509 
753 1025 9 9 0.020922864 
233 788 59 73 0.020885943 
94 468 39 41 0.020821767 
289 796 39 48 0.020727715 
896 743 9 11 0.020247512 
