23_Shoppers_Shoppers_23_607
296
235 298 183 233 0.99964225 
175 1432 12 16 0.36890668 
728 628 366 430 0.31311488 
476 1480 15 18 0.30189314 
212 1416 10 12 0.2850919 
169 1219 11 14 0.25448826 
605 920 395 453 0.23005518 
133 1415 9 12 0.17194681 
113 1269 11 13 0.17193185 
89 1454 9 12 0.1704947 
150 1269 9 11 0.16991611 
331 1179 11 14 0.16913058 
190 1225 12 16 0.16704689 
145 1237 10 13 0.14289957 
206 1198 9 11 0.12456299 
766 746 225 258 0.11934446 
228 1411 10 13 0.116413034 
232 1342 9 11 0.109903194 
314 1206 9 12 0.10711211 
199 1438 12 16 0.106234856 
174 1284 11 13 0.10583449 
516 1286 13 16 0.10261158 
215 1194 10 12 0.10041592 
206 1382 9 11 0.100297675 
112 1253 10 12 0.09116434 
172 1215 11 15 0.087862656 
128 1236 9 11 0.08612372 
116 1261 10 13 0.0835884 
447 1269 12 16 0.0829538 
190 1415 11 12 0.081713624 
261 1159 9 11 0.07486408 
97 1309 10 14 0.06834965 
464 1429 12 14 0.066833794 
199 1451 12 15 0.06550261 
373 941 11 11 0.065190196 
276 1266 12 16 0.06447652 
104 1454 9 13 0.06242525 
160 1226 10 13 0.062267974 
294 1168 8 11 0.061316807 
167 1435 12 16 0.060302384 
184 1504 10 12 0.06028901 
419 1397 12 14 0.06026488 
134 1437 9 12 0.06019016 
383 1453 11 13 0.060081344 
400 1429 10 13 0.059827145 
95 1511 12 15 0.059345488 
172 1422 11 13 0.05822955 
182 1389 10 13 0.057449766 
182 1181 9 12 0.057195067 
411 1403 13 16 0.055917565 
167 1365 10 12 0.054607585 
375 1428 10 12 0.053907555 
429 1468 10 14 0.05281303 
239 1278 9 12 0.052738413 
175 1316 9 12 0.05259925 
199 1405 10 12 0.051937427 
629 410 363 510 0.05075042 
381 1372 10 12 0.050611924 
430 1367 10 13 0.04999081 
202 1199 8 10 0.049363688 
265 1428 10 13 0.049089592 
424 1470 10 13 0.048398018 
135 1319 10 12 0.048361897 
136 1430 10 12 0.04831353 
752 580 203 344 0.047915045 
471 1411 10 13 0.04696443 
262 1236 9 12 0.046238992 
271 1268 11 14 0.04579656 
478 1452 11 14 0.04559005 
453 1273 11 14 0.04511843 
103 1232 9 12 0.0445541 
112 1275 9 11 0.04370214 
134 1238 9 11 0.043405455 
88 1415 9 12 0.042513326 
100 1517 11 13 0.042355943 
231 1287 10 13 0.041078303 
417 947 10 13 0.04095177 
152 1275 9 12 0.040636662 
173 1413 10 12 0.040416103 
150 1262 10 13 0.04026252 
173 1365 9 12 0.040117666 
220 1196 10 11 0.039927334 
231 1262 10 13 0.039647084 
128 1406 10 11 0.038695417 
193 1404 9 11 0.038315058 
136 1300 10 13 0.037969492 
263 1276 10 13 0.0377649 
377 1277 9 12 0.037702046 
239 1205 9 11 0.037692543 
222 1206 10 13 0.03765741 
173 1199 9 11 0.037115935 
238 1436 10 13 0.036990006 
155 1469 12 15 0.03664045 
0 526 12 22 0.036396746 
304 1227 9 12 0.03623888 
173 1205 9 11 0.036143903 
169 1199 8 11 0.03600716 
476 1446 12 15 0.035846747 
103 1251 10 13 0.035808623 
189 1398 11 13 0.035588358 
345 1291 11 15 0.035339054 
233 1431 9 13 0.035263155 
381 1445 11 14 0.035192546 
206 1204 9 10 0.035179045 
417 1254 10 11 0.03494075 
377 1372 9 12 0.0348897 
70 1427 10 13 0.034714952 
126 1389 10 13 0.034670033 
441 918 8 11 0.034341887 
184 1222 11 14 0.034129493 
128 1256 8 10 0.03389012 
254 1421 9 12 0.033816453 
88 1311 10 13 0.033800483 
109 1215 10 13 0.0333964 
169 1205 8 10 0.033307992 
159 1444 10 13 0.03329304 
80 900 454 521 0.03317975 
86 1367 9 12 0.033071984 
229 1266 11 15 0.032545377 
542 1292 13 16 0.03250017 
168 1414 10 12 0.03219589 
224 1407 10 13 0.031973176 
144 1261 10 14 0.03194024 
142 1302 8 11 0.031806655 
119 1302 8 11 0.031716704 
438 1366 10 14 0.031657927 
86 1316 9 12 0.031629138 
191 1189 10 13 0.03159861 
137 1222 9 10 0.031405136 
327 1230 8 10 0.031355787 
247 1477 10 13 0.03125577 
236 1284 11 13 0.031138184 
400 1423 9 12 0.031048149 
153 1475 9 13 0.031044763 
270 1182 10 13 0.031019395 
223 1212 9 12 0.031006806 
101 1303 9 12 0.030905161 
178 1183 8 10 0.030450191 
225 1269 10 13 0.030382112 
107 1412 10 12 0.030323789 
370 920 8 10 0.030196147 
266 1271 9 12 0.030036256 
376 1445 10 13 0.029960183 
170 1286 10 12 0.029756576 
388 1454 10 12 0.029472996 
469 1422 11 15 0.029415885 
232 1277 10 12 0.029195398 
160 1414 8 11 0.029120522 
261 1244 9 12 0.029072959 
391 924 9 12 0.02884952 
447 1390 10 12 0.028722864 
452 915 12 14 0.028612405 
160 1191 8 10 0.028592546 
247 1413 9 12 0.02858253 
238 1198 9 12 0.028531592 
417 1349 9 12 0.028379695 
883 450 71 47 0.028196963 
464 1244 9 11 0.028016033 
246 1166 8 10 0.027982244 
269 1428 11 15 0.027914103 
183 1396 10 13 0.027871719 
468 1333 12 14 0.027766207 
430 1499 10 12 0.027590744 
409 1373 9 11 0.027513197 
414 1373 9 11 0.027494723 
215 1428 10 12 0.027470939 
94 1263 9 10 0.027355816 
503 1333 11 14 0.027192017 
422 1316 10 12 0.027140398 
141 1221 9 11 0.027086772 
440 1406 10 13 0.026925992 
161 1365 9 12 0.026878549 
257 1246 9 12 0.02681743 
336 1246 9 10 0.026632633 
469 1436 12 14 0.02660228 
556 1399 10 13 0.02650948 
117 1246 9 11 0.026497174 
140 1421 10 13 0.026450867 
214 1244 11 14 0.026178792 
109 1406 9 11 0.026086235 
178 1475 14 17 0.026048465 
519 1511 12 15 0.025933787 
419 943 10 13 0.025807729 
145 1199 7 10 0.02566703 
112 1219 9 13 0.025575383 
207 1377 8 11 0.025572626 
352 1198 9 12 0.025548602 
304 1166 8 11 0.025498949 
643 1061 230 327 0.02544505 
336 913 7 8 0.025422115 
470 1509 10 14 0.025298651 
216 1396 9 13 0.025219405 
321 1182 10 12 0.02520586 
215 1406 10 12 0.024994113 
119 1183 8 10 0.024943097 
296 1213 8 11 0.024762306 
329 1224 8 9 0.024729963 
614 1069 448 533 0.024433194 
190 1197 9 11 0.024214331 
407 1455 9 11 0.024193399 
335 1407 8 11 0.02414138 
544 1518 10 13 0.02408079 
166 1224 11 14 0.024053235 
440 1275 12 16 0.02402921 
415 1331 11 14 0.023941567 
407 1409 11 14 0.023933431 
109 1479 9 11 0.023919415 
189 1181 11 13 0.023859486 
198 1431 10 14 0.023831207 
233 1198 9 12 0.02377419 
379 1423 12 13 0.023723695 
185 1335 9 12 0.02370508 
422 1422 11 14 0.023658011 
320 1436 10 14 0.023626808 
189 1205 9 11 0.023434913 
443 1243 12 14 0.023433222 
71 1446 9 11 0.023380443 
143 1308 8 10 0.02336539 
301 1478 11 15 0.023334604 
149 1241 11 14 0.023269206 
110 1237 9 11 0.023164777 
132 1230 10 12 0.023106597 
321 1231 9 10 0.023072105 
190 1262 9 11 0.023015805 
102 1340 12 15 0.022954222 
255 1372 8 10 0.02294151 
111 1518 8 12 0.022908725 
239 1413 10 12 0.022840869 
160 1405 9 12 0.022717327 
205 1406 10 13 0.022706814 
176 1390 10 12 0.022625003 
489 924 9 13 0.022519238 
402 1435 11 14 0.022338025 
256 1253 9 12 0.022238422 
222 1276 11 14 0.02216096 
185 1205 8 10 0.022145975 
65 1461 8 11 0.02214031 
94 1413 8 12 0.02211944 
128 1418 10 12 0.022022337 
344 1150 10 11 0.02197676 
191 1278 9 12 0.02191653 
341 1246 8 10 0.021914095 
416 1472 9 12 0.02188853 
448 911 9 11 0.0217996 
170 1430 11 16 0.021738455 
343 1342 9 12 0.02171521 
165 1442 10 14 0.021709427 
168 1382 9 11 0.021589277 
140 1428 10 13 0.021581953 
103 1221 10 12 0.02155095 
174 1508 9 12 0.02154285 
189 1341 9 11 0.021527823 
431 1413 11 12 0.021527214 
220 1244 11 15 0.02151628 
128 1205 7 10 0.021475146 
326 1289 12 16 0.021439673 
93 1341 9 14 0.021425283 
390 1509 8 11 0.021372842 
190 1436 12 16 0.021308502 
257 1173 8 11 0.021293493 
104 1294 8 10 0.021288125 
150 1232 10 12 0.021284528 
335 1413 8 12 0.021241859 
190 1216 10 11 0.021134533 
261 1283 10 13 0.021119518 
223 1286 11 14 0.021009775 
90 1297 238 247 0.020980272 
111 1484 10 12 0.020909661 
133 1406 10 12 0.020890135 
120 1239 8 11 0.02087773 
383 1438 10 13 0.02082965 
129 1070 134 140 0.020787502 
86 1294 8 11 0.020717954 
446 1251 10 13 0.020674214 
368 1302 11 14 0.02064747 
262 1254 9 12 0.020579481 
215 1437 10 14 0.020578284 
348 1287 11 15 0.020569073 
264 1182 10 13 0.020503106 
183 1189 9 11 0.020455621 
184 1340 9 12 0.020450521 
239 1477 11 14 0.020399548 
325 1436 11 13 0.02034108 
438 1411 11 13 0.020331878 
248 1198 8 11 0.020302033 
303 1414 9 11 0.020224944 
128 1244 8 11 0.020201702 
159 1437 12 15 0.020158956 
352 1359 10 13 0.020146195 
173 1238 10 12 0.02013354 
537 1292 12 15 0.02012951 
0 581 14 24 0.020092595 
296 1222 8 11 0.02009245 
460 1270 11 14 0.020077623 
157 1484 9 12 0.02006427 
221 1396 10 12 0.020024527 
