23_Shoppers_Shoppers_23_223
28
468 354 82 104 0.99478406 
375 382 30 31 0.347095 
628 408 29 37 0.1840738 
697 207 21 26 0.09804145 
441 700 25 30 0.08615037 
522 172 16 19 0.067753255 
665 195 16 20 0.05719648 
567 177 28 30 0.037456717 
470 31 14 18 0.03724916 
703 203 18 22 0.03635539 
585 381 41 48 0.035883453 
722 240 17 22 0.032924403 
515 115 14 18 0.030134117 
220 36 12 14 0.030131985 
758 794 23 27 0.028980136 
396 416 24 31 0.028485537 
31 331 442 547 0.027746765 
665 201 23 30 0.027454294 
399 425 14 19 0.025414396 
377 394 21 25 0.02534641 
424 348 24 31 0.025309093 
592 376 27 31 0.02486003 
382 389 30 37 0.023432234 
128 194 30 37 0.022542099 
720 176 27 30 0.021560946 
565 391 46 55 0.021396317 
835 189 35 37 0.020640394 
647 191 23 28 0.02000789 
