23_Shoppers_Shoppers_23_328
144
478 206 28 39 0.99861217 
314 213 34 40 0.99695456 
129 338 85 98 0.9783342 
575 185 14 16 0.85711163 
622 186 12 15 0.8270879 
325 169 27 32 0.808917 
546 192 14 17 0.68990767 
24 427 12 14 0.3984444 
653 449 122 192 0.19643968 
136 595 34 43 0.18734197 
396 242 16 18 0.121716015 
544 237 11 14 0.11664193 
60 226 12 14 0.09002586 
647 190 11 14 0.08986921 
978 477 13 17 0.08638402 
333 202 29 37 0.08637953 
1 446 12 17 0.08415366 
631 206 10 14 0.07556299 
638 147 9 12 0.07430892 
467 509 16 18 0.060339767 
345 209 17 22 0.055695903 
773 229 10 12 0.055688497 
46 204 11 15 0.05466028 
642 221 9 12 0.0530153 
664 387 210 266 0.051091682 
654 90 11 15 0.049910713 
705 277 9 10 0.04820155 
509 236 15 17 0.047700923 
641 214 10 12 0.046682607 
442 230 26 33 0.045822743 
651 254 9 12 0.04566851 
0 456 11 17 0.04515575 
892 99 13 17 0.044703145 
14 205 9 13 0.04416194 
559 183 11 13 0.042409007 
21 253 13 16 0.042258367 
525 199 12 14 0.041830465 
666 301 10 12 0.041328654 
29 205 11 15 0.04128297 
638 197 10 12 0.041158628 
752 215 9 10 0.040721368 
665 326 9 11 0.039414275 
516 220 15 18 0.038807284 
630 196 11 13 0.03872379 
1009 167 11 13 0.038279187 
231 197 11 16 0.037714247 
648 182 10 13 0.03690329 
753 231 9 11 0.03637812 
975 331 13 17 0.03624097 
77 430 17 19 0.03608205 
1004 478 13 16 0.03540796 
649 207 9 10 0.034903675 
597 205 12 15 0.03397552 
752 286 10 12 0.03346677 
617 183 12 14 0.033370186 
615 212 12 15 0.032845274 
527 260 12 16 0.032663256 
624 206 10 14 0.032656938 
558 189 11 13 0.032579944 
443 236 16 19 0.03191023 
535 235 13 16 0.03183303 
626 183 11 15 0.031828832 
713 510 191 232 0.031685032 
39 438 15 17 0.031121785 
687 300 10 13 0.031011872 
604 190 11 13 0.030723987 
829 77 11 15 0.030056642 
943 303 11 12 0.030037811 
658 61 12 13 0.030031478 
155 665 27 25 0.029964807 
330 181 32 39 0.02992068 
73 276 12 15 0.02977518 
443 525 12 17 0.029772734 
641 190 10 13 0.029643862 
111 235 11 14 0.029483987 
591 189 11 13 0.02946622 
535 188 11 15 0.0289751 
542 182 13 16 0.028879605 
598 195 12 14 0.028481986 
697 245 255 306 0.028473107 
543 326 8 11 0.028408369 
746 231 8 10 0.027915873 
557 195 12 17 0.027868016 
968 253 13 16 0.027572962 
974 405 12 15 0.027280034 
997 229 10 11 0.026707152 
56 253 10 13 0.026512079 
28 433 13 16 0.026440013 
637 206 9 12 0.026318803 
653 300 8 11 0.026288262 
15 429 10 12 0.026207495 
816 174 8 11 0.026051683 
540 220 12 15 0.025980758 
22 432 12 15 0.02541716 
22 420 20 24 0.025189118 
85 422 12 14 0.024981964 
560 389 12 15 0.02482202 
641 181 9 12 0.024711516 
999 330 13 16 0.024684612 
653 294 9 13 0.024649506 
592 205 11 15 0.024644164 
549 183 10 14 0.024552602 
657 67 15 16 0.024532808 
395 426 172 235 0.02446234 
476 512 15 17 0.024443801 
397 241 25 29 0.024230126 
3 438 12 13 0.023966216 
640 175 9 11 0.023917178 
8 258 12 15 0.023835419 
590 182 10 13 0.02382581 
918 240 12 16 0.023752013 
621 213 11 14 0.023431703 
1014 323 9 14 0.023146354 
967 181 13 15 0.023036009 
702 343 12 13 0.02289589 
511 230 22 28 0.022783328 
705 286 9 11 0.022634886 
746 204 9 11 0.022531323 
918 299 12 15 0.022510583 
540 233 21 25 0.022107728 
568 188 10 13 0.022020545 
815 274 9 11 0.022001386 
883 159 12 14 0.021913111 
422 256 12 16 0.02186022 
1015 318 9 13 0.021648373 
671 141 9 11 0.021278113 
55 274 13 15 0.021165898 
710 273 7 10 0.021094933 
28 217 12 15 0.021085816 
298 277 32 42 0.02107293 
285 219 10 13 0.02081376 
313 179 11 15 0.020678071 
654 272 7 9 0.020657131 
607 183 10 11 0.020606143 
67 450 16 18 0.020472575 
663 212 11 13 0.020462891 
518 223 22 28 0.020386333 
969 230 10 12 0.020379186 
565 208 13 17 0.020317296 
781 229 10 12 0.020248367 
1014 446 8 12 0.020193795 
54 240 12 13 0.020140963 
40 204 11 14 0.020087838 
580 223 11 12 0.020062217 
