23_Shoppers_Shoppers_23_65
44
352 164 30 43 0.998207 
476 103 37 47 0.9821843 
286 91 22 27 0.2644596 
604 98 15 26 0.24838834 
945 531 38 41 0.16968885 
365 414 14 18 0.13330805 
235 107 18 24 0.11191497 
284 46 15 19 0.071183085 
300 82 16 23 0.068220526 
228 112 17 22 0.055517465 
375 113 27 34 0.05409996 
342 385 16 22 0.04835195 
634 94 16 22 0.04743662 
290 357 29 34 0.042229887 
233 64 16 21 0.041419547 
556 128 29 33 0.04085815 
245 107 18 29 0.040542826 
284 84 16 22 0.040295385 
295 455 26 28 0.038655438 
540 152 35 42 0.037992273 
610 90 17 25 0.034667492 
210 111 20 32 0.03439591 
263 179 22 34 0.03429843 
380 126 25 32 0.032370962 
124 212 15 20 0.03225792 
625 83 22 29 0.031891726 
625 105 19 21 0.03146982 
378 144 17 20 0.029462716 
606 102 26 29 0.029453129 
206 120 16 24 0.028138699 
377 153 18 21 0.02785448 
221 106 16 23 0.027846206 
219 114 20 27 0.026226107 
235 155 26 36 0.025609847 
306 78 15 21 0.0252739 
364 152 28 34 0.02512186 
345 182 29 39 0.024056464 
491 113 34 40 0.024052793 
131 215 14 18 0.02376962 
592 99 20 29 0.023737216 
243 99 16 24 0.023051504 
259 145 22 34 0.022379993 
515 123 28 35 0.02159287 
245 149 24 35 0.020208467 
