23_Shoppers_Shoppers_23_450
432
246 432 21 27 0.8770266 
536 625 23 30 0.78242356 
660 353 20 26 0.7783084 
540 689 18 21 0.70460975 
356 106 14 17 0.676329 
684 299 10 14 0.63369733 
853 631 21 30 0.46136183 
570 677 25 28 0.41350058 
832 323 12 16 0.41130283 
786 583 15 21 0.40950158 
579 626 16 21 0.32506958 
612 630 22 28 0.32356772 
728 262 10 13 0.31538504 
587 189 11 14 0.3084025 
698 313 9 11 0.29128072 
430 680 20 26 0.2625743 
343 263 9 12 0.24507716 
493 628 22 27 0.24411085 
421 634 22 25 0.2427051 
460 622 17 20 0.23406541 
750 248 9 12 0.21200041 
730 616 17 20 0.21167292 
247 106 8 10 0.18092301 
577 637 22 26 0.17925449 
445 335 14 17 0.17789619 
676 581 16 28 0.17451432 
614 773 14 16 0.16632915 
697 578 20 32 0.16290666 
493 686 14 15 0.16286145 
629 286 10 12 0.15967456 
731 243 11 14 0.1499789 
836 296 10 12 0.14445098 
515 583 15 18 0.13828672 
614 687 15 17 0.13667546 
578 614 15 19 0.13336812 
237 120 9 11 0.13239878 
508 829 15 16 0.12795344 
889 270 10 13 0.12695998 
714 316 9 12 0.11963357 
701 245 8 11 0.11915995 
348 124 19 21 0.11817175 
718 318 10 12 0.11591521 
286 439 15 21 0.114152946 
739 617 14 19 0.111955814 
983 281 39 53 0.10909259 
508 566 11 13 0.108728275 
339 103 11 14 0.10805703 
279 103 7 10 0.10772394 
635 233 13 15 0.10331487 
864 249 12 16 0.09967581 
810 581 18 23 0.098631464 
539 620 18 21 0.09587175 
829 234 11 14 0.093114495 
728 286 8 11 0.09257654 
980 534 15 22 0.09148151 
686 262 8 12 0.09040483 
677 204 11 13 0.08971619 
614 620 16 19 0.08957805 
727 317 11 14 0.08903263 
717 254 8 11 0.0859595 
363 326 11 14 0.08411097 
331 113 15 19 0.08368902 
570 640 19 22 0.08327308 
713 286 9 12 0.082705624 
799 225 9 11 0.08001512 
487 1114 10 13 0.0795269 
686 223 9 11 0.07882798 
333 106 14 16 0.077644564 
780 267 11 14 0.07725075 
686 277 9 12 0.07723033 
411 270 11 14 0.07697093 
733 238 11 14 0.076760545 
673 253 8 11 0.07442427 
857 662 19 24 0.07308981 
787 586 24 28 0.07181652 
756 293 9 12 0.07160677 
548 812 14 19 0.070616275 
994 297 24 32 0.07000025 
580 781 14 16 0.06993972 
855 246 9 13 0.06926731 
799 579 21 28 0.06875241 
697 240 9 12 0.06807698 
727 277 9 12 0.06799833 
894 445 12 16 0.06770544 
662 300 11 13 0.06741817 
728 310 11 14 0.066342555 
885 446 11 15 0.06613086 
961 284 18 23 0.06612506 
663 275 11 13 0.06575378 
437 681 23 29 0.06539117 
680 260 10 13 0.06515696 
75 360 8 10 0.06508549 
592 168 8 10 0.064791285 
319 281 13 15 0.064308174 
232 104 7 9 0.06417236 
686 229 9 11 0.06306239 
920 601 14 18 0.06218513 
761 254 9 12 0.061865095 
610 769 22 27 0.06123852 
290 435 18 22 0.061159868 
814 227 10 14 0.06034686 
274 103 7 10 0.060071718 
718 311 9 13 0.0594152 
441 167 10 13 0.058642548 
262 110 9 12 0.057408355 
886 260 10 13 0.057224117 
423 630 14 16 0.056539107 
318 255 10 12 0.0561991 
665 365 16 20 0.05505204 
580 826 16 20 0.054295167 
677 255 10 13 0.053897418 
662 293 10 13 0.053871974 
880 253 10 15 0.053821184 
240 104 9 11 0.05335265 
503 272 11 14 0.0531654 
669 290 11 14 0.052802052 
281 318 11 13 0.051597085 
510 1082 11 13 0.051404156 
525 192 12 16 0.051093467 
578 786 24 31 0.05022619 
725 329 12 16 0.049370456 
654 293 10 14 0.049182992 
406 263 11 15 0.04909032 
399 194 16 18 0.048889097 
572 804 14 17 0.047922324 
525 586 13 17 0.047685213 
687 246 9 11 0.047433823 
252 426 24 30 0.04688176 
718 286 9 12 0.04686338 
348 99 19 25 0.046616398 
574 196 9 12 0.046516366 
397 195 25 29 0.04646185 
948 285 13 18 0.0464161 
603 801 15 20 0.046406668 
360 314 11 14 0.046142053 
320 302 12 13 0.04605474 
259 326 12 14 0.045991708 
606 238 10 13 0.0459281 
655 216 10 11 0.045145515 
205 119 9 13 0.04501865 
261 403 12 14 0.044900756 
545 834 18 21 0.044589207 
287 102 8 12 0.044304665 
728 255 11 14 0.043990467 
263 103 7 11 0.04395456 
846 252 10 13 0.043906778 
742 196 10 12 0.043843083 
712 279 9 11 0.043301538 
503 1083 10 13 0.043134846 
611 579 11 13 0.041436717 
484 679 24 27 0.041343182 
576 190 9 13 0.040949464 
448 643 14 17 0.0409422 
352 129 25 28 0.040595435 
486 683 15 16 0.040550552 
686 268 9 12 0.04053996 
484 1100 11 13 0.04024008 
421 580 9 12 0.040219504 
751 328 8 11 0.039973434 
893 603 15 18 0.03982292 
701 239 9 11 0.039502256 
423 1091 11 14 0.03939325 
365 139 16 18 0.039377607 
686 284 10 12 0.039342068 
848 247 10 12 0.03923946 
494 621 15 18 0.039152056 
890 275 11 13 0.03880835 
572 606 17 19 0.03865377 
489 574 11 13 0.038620275 
890 438 24 31 0.038561393 
750 288 12 14 0.03818241 
791 252 8 11 0.038128063 
661 191 9 12 0.03789864 
853 621 16 21 0.03768418 
450 1094 13 16 0.037606977 
823 509 10 12 0.037400514 
445 1097 15 18 0.037351206 
784 253 9 12 0.037037466 
713 262 8 11 0.0369297 
2 342 9 13 0.036913525 
531 590 11 14 0.03690101 
591 445 12 16 0.03687992 
720 262 9 11 0.03680308 
655 221 10 13 0.036717888 
563 806 15 17 0.036624297 
281 375 10 12 0.036622263 
712 291 8 11 0.035965364 
480 1114 10 13 0.035694707 
988 295 18 24 0.03561671 
431 255 11 14 0.03541979 
618 768 15 16 0.035289884 
317 411 25 41 0.035111874 
564 782 12 15 0.035031356 
328 109 12 14 0.034831017 
663 230 8 10 0.034424867 
536 1149 10 12 0.034202885 
552 822 24 29 0.033784896 
768 207 10 13 0.033650253 
444 171 11 14 0.033621334 
81 435 15 18 0.03350451 
444 1156 10 13 0.033498533 
582 191 12 15 0.033389665 
750 215 10 12 0.03332254 
702 230 9 11 0.03323145 
554 810 21 26 0.033215806 
703 263 8 10 0.033140484 
462 723 24 26 0.033127554 
751 239 10 13 0.03282182 
18 392 16 18 0.03273329 
728 291 9 12 0.032721773 
607 262 11 15 0.032679718 
508 272 13 16 0.032679655 
746 245 11 15 0.03263085 
830 324 19 25 0.032424256 
266 430 15 20 0.032179337 
100 416 13 17 0.03207278 
296 327 10 12 0.031894628 
567 638 14 19 0.03177724 
270 126 10 12 0.031764735 
472 580 10 11 0.03172512 
887 501 12 15 0.031650823 
704 212 9 12 0.031562213 
696 205 9 12 0.03149762 
668 307 12 14 0.031496525 
655 227 10 12 0.031227708 
719 278 9 12 0.031134827 
257 110 8 11 0.031106357 
687 254 8 11 0.031063013 
489 580 9 11 0.030739129 
581 575 9 12 0.03063981 
433 642 14 18 0.03054165 
837 236 10 13 0.030406944 
404 202 15 17 0.030309113 
466 645 14 17 0.030247685 
742 236 11 13 0.030244166 
667 270 12 14 0.030241383 
455 628 23 26 0.030005474 
711 232 10 12 0.02986291 
886 202 11 14 0.029738445 
406 242 11 13 0.029704366 
311 195 11 14 0.029528601 
564 833 14 19 0.029526757 
203 295 11 14 0.029486867 
589 1230 35 33 0.02948582 
719 613 20 27 0.029474948 
575 788 15 17 0.029443756 
597 804 17 23 0.029401671 
806 210 9 13 0.029372735 
571 823 21 26 0.029286778 
721 323 10 13 0.02922522 
451 638 23 27 0.029136933 
625 279 10 13 0.029122908 
506 1079 9 12 0.029090825 
743 652 12 17 0.029046213 
900 445 14 18 0.028904343 
824 230 11 13 0.028833007 
472 1092 10 12 0.028791785 
279 309 10 13 0.02873804 
601 236 11 13 0.028705137 
257 103 7 10 0.028692298 
747 618 13 19 0.028577967 
607 286 10 13 0.028459005 
673 236 8 11 0.028427115 
253 290 11 15 0.028302604 
745 310 10 13 0.028284047 
349 111 22 25 0.027870102 
446 183 9 12 0.027840378 
693 590 23 33 0.0278155 
457 685 17 18 0.027706362 
661 263 10 11 0.027676456 
280 342 9 12 0.027635038 
285 322 11 13 0.027620308 
811 346 13 17 0.027569177 
754 350 12 16 0.027511038 
663 286 10 13 0.027376808 
653 299 11 15 0.027176185 
886 477 11 13 0.02711248 
327 101 24 29 0.027084691 
328 101 11 13 0.027066376 
313 301 8 11 0.027050942 
661 306 13 16 0.027011735 
837 308 11 13 0.026999226 
296 332 10 14 0.026962917 
717 236 10 12 0.026945492 
749 332 9 12 0.026816143 
757 318 9 11 0.026669033 
424 260 9 12 0.026623689 
864 239 9 12 0.026572146 
46 535 27 41 0.026561046 
606 783 14 18 0.026528055 
736 199 10 11 0.026225036 
238 447 13 18 0.026055306 
672 180 9 11 0.025898479 
303 101 12 16 0.025679344 
626 1196 30 33 0.025620652 
841 253 9 13 0.025490839 
50 546 16 24 0.025475854 
702 208 9 12 0.0254066 
906 390 12 14 0.025348676 
234 124 9 12 0.025295889 
673 248 8 10 0.025281314 
853 263 10 13 0.025257286 
855 240 9 12 0.02523947 
730 266 11 14 0.025184818 
687 215 9 13 0.025154907 
831 424 9 13 0.025032284 
593 576 10 12 0.02499845 
679 239 8 11 0.024970096 
946 283 22 30 0.024925949 
456 1075 12 13 0.024898691 
728 303 10 12 0.024887305 
314 772 29 36 0.024767252 
421 688 17 20 0.02476241 
315 243 11 14 0.024759434 
680 577 19 26 0.024746431 
896 318 9 10 0.024728965 
688 174 9 11 0.024684632 
586 683 17 19 0.024661185 
231 109 8 11 0.024648761 
758 309 9 12 0.02457302 
908 211 12 15 0.0245459 
486 639 16 20 0.024497021 
679 181 10 11 0.024484405 
688 237 8 11 0.02447259 
995 292 15 19 0.024432532 
674 608 16 19 0.02435441 
608 772 12 16 0.02433601 
549 582 9 11 0.02421961 
653 813 10 13 0.024211457 
752 316 9 12 0.024142131 
864 259 10 13 0.024137411 
671 232 8 11 0.024115073 
887 494 11 14 0.024113765 
954 504 8 10 0.024108982 
407 292 12 14 0.024033446 
279 304 9 11 0.023913894 
520 1148 9 12 0.02379676 
591 481 12 14 0.023784367 
428 179 11 13 0.023778137 
967 284 27 33 0.023670455 
528 565 10 12 0.02366092 
726 186 11 13 0.023652239 
525 273 13 15 0.023626482 
454 1085 11 13 0.023547467 
264 114 9 14 0.02350419 
885 468 11 13 0.023501322 
311 296 8 11 0.023500137 
671 173 9 12 0.02343529 
428 1092 13 14 0.02339438 
746 292 10 13 0.02336577 
905 275 11 14 0.02336267 
362 367 17 22 0.0233408 
624 639 14 19 0.023256067 
970 284 16 21 0.023187947 
453 656 25 29 0.023158373 
412 264 11 14 0.023120476 
655 287 9 12 0.0230942 
645 802 13 17 0.023093738 
436 1093 15 18 0.023075627 
564 675 19 21 0.023065517 
334 109 23 27 0.022610215 
784 596 24 32 0.022599652 
671 168 8 10 0.022595562 
611 648 15 17 0.022528503 
665 166 8 10 0.022474857 
612 261 11 15 0.022457547 
656 350 14 19 0.0223766 
422 623 13 15 0.022361554 
440 1151 10 12 0.022318719 
551 786 12 15 0.022314942 
444 1151 10 12 0.022311343 
710 183 11 12 0.022261305 
575 181 10 13 0.022206075 
885 459 11 14 0.022190366 
653 307 12 15 0.022148293 
517 399 12 16 0.022141146 
958 505 8 11 0.022077553 
728 204 9 12 0.021985749 
555 834 17 20 0.02198245 
661 838 10 14 0.021864878 
667 300 12 15 0.021816362 
797 244 11 15 0.021797858 
520 184 23 31 0.02178803 
702 278 8 11 0.021767145 
679 173 10 12 0.021757105 
436 258 12 16 0.021754887 
554 678 22 26 0.02173911 
648 285 10 12 0.021723935 
656 987 10 13 0.021672897 
300 373 11 14 0.021637963 
534 274 12 14 0.02152791 
473 370 12 15 0.021459814 
388 191 23 27 0.021418145 
765 56 32 36 0.021380331 
648 811 11 14 0.021359188 
735 205 9 12 0.021333499 
390 197 13 15 0.021328678 
564 573 10 13 0.021174818 
713 248 9 12 0.021110283 
317 237 10 13 0.02102832 
686 205 9 11 0.021012368 
319 354 13 15 0.02098254 
712 269 8 11 0.020888165 
278 431 19 28 0.020881964 
311 317 8 11 0.020876601 
974 527 10 12 0.020861961 
457 1135 9 12 0.020763153 
557 786 14 16 0.020723253 
373 1015 27 31 0.02072262 
596 258 13 16 0.02070866 
674 616 16 21 0.020596217 
853 245 21 25 0.020544559 
302 318 8 10 0.020539604 
661 203 9 12 0.020523313 
599 228 11 15 0.020521551 
286 350 10 12 0.020519603 
427 778 13 16 0.020395963 
908 438 10 13 0.020378167 
624 165 10 12 0.020370793 
570 268 10 14 0.02036875 
329 900 217 300 0.020354608 
116 404 12 16 0.02034108 
464 611 25 31 0.020333445 
467 831 17 18 0.020331038 
265 124 10 14 0.0203091 
878 485 12 14 0.020305756 
295 351 9 12 0.020258045 
691 608 17 21 0.020204205 
896 487 10 13 0.020165175 
590 792 23 30 0.020148002 
543 180 11 15 0.020144684 
879 477 12 14 0.020009367 
