23_Shoppers_Shoppers_23_500
24
436 121 42 64 0.99322 
508 133 38 48 0.93448734 
797 52 96 103 0.39578068 
277 77 45 53 0.34282225 
683 147 128 106 0.2491347 
258 82 48 53 0.14584327 
506 213 17 21 0.11708104 
736 255 389 455 0.0818993 
682 202 275 347 0.058858734 
631 380 80 120 0.055861257 
89 209 29 37 0.052618112 
249 52 59 67 0.037702195 
293 59 40 61 0.037119217 
451 108 33 54 0.03546799 
16 203 24 39 0.031927038 
474 221 17 22 0.0294429 
653 358 96 123 0.02857671 
24 213 23 33 0.028385779 
4 212 26 42 0.027251765 
241 36 37 50 0.025087852 
192 136 60 56 0.02468849 
33 225 16 21 0.024382677 
524 235 45 65 0.021523546 
747 18 170 215 0.021409491 
