23_Shoppers_Shoppers_23_364
77
587 180 95 120 0.9993724 
277 213 74 95 0.9981504 
457 230 51 64 0.99700123 
203 313 14 17 0.17651212 
83 479 11 14 0.07867759 
169 359 10 12 0.07339449 
149 359 9 11 0.06922883 
15 250 10 15 0.06637121 
66 261 9 11 0.06310044 
59 179 12 15 0.06124772 
512 231 25 36 0.06071722 
69 326 15 21 0.058656458 
174 358 10 12 0.0477189 
3 130 13 17 0.04677195 
39 316 11 15 0.045801047 
799 261 16 19 0.04008824 
757 142 26 33 0.03994083 
60 355 26 30 0.039608773 
718 246 16 20 0.039348144 
64 364 51 56 0.03859923 
369 291 13 17 0.037782524 
828 217 12 17 0.03700292 
47 244 9 11 0.036924854 
182 356 10 13 0.035942957 
55 283 10 13 0.03542443 
176 364 9 11 0.034752265 
22 484 103 147 0.034436747 
757 259 15 18 0.034277685 
76 135 27 39 0.034099907 
76 239 11 14 0.033550244 
190 218 14 18 0.032847084 
173 331 9 12 0.032098927 
201 313 27 29 0.03201443 
167 390 11 12 0.031935718 
39 277 9 12 0.03186174 
36 390 10 12 0.031700123 
402 326 15 21 0.03146869 
1 196 8 11 0.031321537 
98 213 14 15 0.030681763 
93 369 27 39 0.030133821 
73 238 9 12 0.029848201 
864 626 129 152 0.02901962 
89 449 8 9 0.027708866 
794 258 25 31 0.027456949 
39 262 8 10 0.027000232 
36 185 13 16 0.02652352 
116 187 12 15 0.026342051 
770 131 18 21 0.02618567 
995 549 15 21 0.026109833 
93 391 18 22 0.026072966 
181 371 10 14 0.025196427 
167 396 12 15 0.024972448 
742 81 12 18 0.024304114 
1001 158 23 36 0.02420162 
81 384 28 33 0.023706457 
62 288 11 12 0.023542404 
80 396 12 15 0.023093367 
94 353 13 16 0.023036608 
126 373 10 13 0.022935858 
136 368 8 10 0.022766303 
53 520 60 93 0.022720568 
65 294 11 11 0.022607015 
174 379 10 13 0.02251496 
136 373 8 11 0.022422357 
337 504 36 38 0.02239548 
794 153 18 19 0.021901708 
822 219 13 16 0.02184464 
748 135 25 35 0.021795167 
73 357 32 39 0.021763204 
768 144 32 33 0.021721026 
144 373 8 11 0.021222167 
847 304 31 41 0.020940784 
36 194 11 15 0.020844804 
145 367 8 10 0.02066328 
813 219 13 16 0.020620445 
-37 461 158 258 0.020538876 
778 136 17 20 0.020122822 
