23_Shoppers_Shoppers_23_880
30
194 100 74 148 0.9162407 
52 442 216 288 0.7372281 
-4 307 387 526 0.48583984 
493 712 551 620 0.19219655 
46 467 168 155 0.16002592 
656 704 126 118 0.14887969 
557 297 531 559 0.117924996 
732 196 103 124 0.11640546 
202 412 413 456 0.10761585 
230 116 83 157 0.1061079 
-82 479 539 553 0.081743166 
279 262 165 159 0.08140417 
205 45 120 121 0.058718294 
217 518 265 257 0.05293518 
401 58 36 43 0.049055435 
263 133 88 147 0.046454147 
576 -28 440 556 0.04284764 
8 403 16 19 0.03984309 
372 438 538 498 0.039762422 
209 69 174 232 0.035173833 
255 45 73 61 0.034854516 
672 653 190 212 0.03415445 
277 194 151 136 0.033925068 
252 492 31 32 0.025574647 
318 1023 143 209 0.024289927 
242 31 113 102 0.024135385 
270 19 12 16 0.023344213 
411 166 17 20 0.02097925 
339 3 193 272 0.020785622 
250 70 107 137 0.020053566 
