23_Shoppers_Shoppers_23_25
68
452 61 42 66 0.9883724 
365 111 15 20 0.38182092 
888 79 21 30 0.36438584 
271 162 22 30 0.3288596 
909 40 33 39 0.2569552 
619 93 14 19 0.19013394 
900 25 38 43 0.1483741 
271 129 10 14 0.14663227 
822 104 24 29 0.09879479 
612 198 317 436 0.079204164 
-7 477 57 96 0.07366323 
236 168 16 22 0.06758004 
895 75 27 34 0.058491454 
359 118 15 20 0.05746117 
230 246 57 78 0.053673368 
901 53 38 49 0.053404998 
323 251 12 15 0.053273678 
922 49 18 22 0.052704543 
436 93 27 40 0.051818047 
259 153 39 47 0.047727745 
933 135 12 15 0.04618913 
261 164 22 28 0.043608874 
210 178 16 19 0.041662555 
936 92 12 17 0.037722882 
339 94 16 20 0.03664892 
764 114 196 265 0.03631821 
239 162 23 32 0.035081644 
317 344 13 16 0.034804612 
303 82 13 16 0.033782143 
78 445 10 14 0.032730293 
831 163 27 34 0.032152172 
3 484 16 23 0.031356033 
446 82 29 50 0.03047263 
661 185 124 158 0.02689686 
269 135 13 16 0.02689225 
774 30 47 62 0.026849428 
878 72 24 34 0.026546588 
319 244 21 28 0.026237082 
381 205 35 38 0.026125347 
265 131 12 13 0.026046783 
300 113 14 17 0.025286721 
894 36 28 35 0.025024341 
950 532 37 41 0.024710534 
660 86 13 16 0.024706673 
285 165 25 32 0.02433978 
81 432 16 20 0.02425168 
266 125 21 24 0.023738736 
262 137 28 32 0.023384297 
413 240 51 57 0.023022652 
906 78 28 36 0.022770751 
130 374 16 21 0.022491923 
277 151 28 37 0.02247623 
796 180 117 142 0.022408284 
369 118 15 21 0.022275468 
192 460 93 116 0.022271568 
275 157 16 21 0.022022879 
564 39 13 19 0.022009458 
11 355 14 18 0.021850072 
436 102 18 24 0.021514306 
233 263 38 45 0.021454453 
299 78 27 32 0.0212678 
918 20 27 35 0.021222845 
274 126 12 15 0.021152986 
851 182 32 40 0.020934196 
490 0 30 26 0.020738617 
357 109 16 21 0.020699808 
347 98 22 29 0.02062042 
366 84 9 12 0.020039368 
