59_peopledrivingcar_peopledrivingcar_59_906
22
266 408 263 353 0.99990916 
475 1050 44 61 0.5041203 
428 64 475 529 0.29399753 
560 1382 84 57 0.16416186 
291 1312 175 213 0.15284914 
167 711 392 531 0.07465889 
524 1005 25 28 0.05617637 
671 605 132 181 0.04055686 
579 1408 40 32 0.038023964 
374 978 480 416 0.03697643 
684 332 215 353 0.031278595 
540 1030 56 71 0.029927587 
541 889 30 36 0.029619684 
635 127 389 453 0.028669933 
457 1028 75 98 0.027640479 
923 772 36 46 0.027423512 
521 1344 122 109 0.026994584 
665 1210 146 145 0.025351763 
912 793 31 41 0.0240513 
256 1165 379 451 0.02369186 
361 265 67 60 0.021775635 
992 611 28 41 0.020499198 
