59_peopledrivingcar_peopledrivingcar_59_789
18
268 229 233 316 0.99988294 
226 418 30 40 0.14465047 
137 814 57 66 0.12305135 
59 520 37 40 0.0965048 
45 637 18 22 0.08724448 
132 632 165 214 0.059625186 
255 54 407 494 0.050402336 
627 352 48 68 0.04188873 
6 463 9 12 0.033157013 
65 502 54 64 0.02794636 
15 477 12 13 0.027796974 
4 633 14 20 0.027744822 
103 498 14 18 0.026538989 
170 219 206 275 0.02607748 
127 787 120 101 0.021886662 
7 468 10 12 0.021778148 
74 527 34 41 0.021705482 
99 489 27 35 0.0202586 
