59_peopledrivingcar_peopledrivingcar_59_244
22
384 143 264 325 0.9990085 
332 965 56 66 0.99625176 
551 952 60 72 0.9920366 
650 982 52 63 0.96525997 
60 1007 46 59 0.20680465 
403 38 408 499 0.10449597 
476 914 27 33 0.054672413 
546 905 28 36 0.047778897 
176 11 447 543 0.041415256 
843 1207 103 137 0.03237082 
420 593 17 19 0.030964917 
363 448 134 125 0.027572995 
27 963 13 16 0.027185578 
517 923 81 107 0.025894511 
124 821 42 49 0.025884554 
48 1042 57 70 0.023625037 
341 934 52 63 0.023350203 
46 997 76 94 0.021165993 
520 440 485 566 0.021035943 
80 1011 33 45 0.020931264 
484 909 17 20 0.020599976 
917 1110 51 59 0.02049524 
