59_peopledrivingcar_peopledrivingcar_59_659
44
185 253 29 35 0.98670864 
296 273 24 32 0.97512245 
791 325 24 32 0.9490896 
253 241 25 38 0.9421912 
511 242 20 27 0.69844115 
595 263 15 22 0.29016688 
732 435 29 31 0.2730934 
585 259 22 29 0.12134111 
434 224 439 556 0.115794875 
487 253 44 48 0.09928123 
238 246 30 34 0.07973403 
116 397 29 37 0.055405505 
775 381 14 16 0.05450931 
500 247 27 28 0.053707987 
803 371 18 24 0.04680684 
674 323 16 21 0.043944243 
518 355 31 35 0.039922286 
325 422 17 19 0.03771533 
573 547 47 62 0.033653304 
198 258 18 23 0.031826425 
578 252 23 30 0.03135034 
303 154 23 35 0.031206446 
235 541 38 42 0.031002332 
456 248 8 11 0.030454945 
709 507 12 16 0.030368177 
567 559 30 43 0.030149844 
663 336 27 35 0.02996092 
272 443 207 243 0.029869223 
587 253 16 19 0.028075986 
616 123 52 57 0.025891565 
685 592 27 31 0.025756814 
200 475 26 33 0.024849216 
595 254 13 17 0.024695538 
524 343 26 28 0.024580449 
234 233 25 34 0.02450367 
629 651 41 39 0.023183282 
789 318 14 20 0.022809649 
590 507 11 14 0.022293005 
259 251 30 45 0.022118816 
681 329 15 19 0.021969412 
799 334 25 32 0.021761185 
221 250 41 52 0.021590142 
136 -14 386 450 0.021248823 
446 264 12 15 0.020363908 
