59_peopledrivingcar_peopledrivingcar_59_592
33
390 67 34 36 0.9885831 
349 585 160 182 0.5515626 
516 160 15 18 0.14316276 
452 133 16 19 0.1088155 
509 155 16 18 0.10780998 
461 158 11 14 0.10769693 
133 232 466 531 0.08418865 
504 156 12 14 0.083596915 
479 157 11 13 0.07718717 
459 163 13 16 0.06870017 
386 408 432 445 0.06275911 
515 151 14 15 0.054228216 
274 172 151 113 0.046586353 
543 163 12 16 0.04510234 
496 141 10 12 0.0430906 
508 148 26 28 0.041205417 
417 255 18 19 0.034871355 
357 285 16 19 0.033141457 
453 166 16 20 0.030577434 
461 149 13 18 0.029408325 
547 169 11 14 0.028935429 
468 155 13 15 0.028692763 
391 651 79 88 0.02857096 
511 133 12 14 0.025688883 
559 303 425 475 0.02531793 
421 649 123 123 0.024928045 
468 171 13 15 0.02394529 
494 135 10 12 0.022056561 
396 136 19 21 0.021843486 
371 534 214 278 0.021527357 
554 193 23 30 0.020708647 
487 134 9 11 0.02057457 
452 143 14 19 0.02001374 
