59_peopledrivingcar_peopledrivingcar_59_1014
21
64 39 27 34 0.9529662 
58 71 32 36 0.26437923 
59 54 31 38 0.15596245 
816 329 55 56 0.08907951 
2 190 17 21 0.0874035 
421 332 31 30 0.070137694 
427 338 19 19 0.060447663 
178 198 109 142 0.05396436 
41 157 35 37 0.053331666 
0 75 11 17 0.040255293 
75 32 25 34 0.039549176 
22 53 21 32 0.037828643 
853 327 55 58 0.036506847 
108 -1 15 15 0.036364064 
7 13 12 16 0.03490025 
14 169 44 58 0.032785825 
419 323 52 57 0.02875819 
43 107 323 454 0.027916182 
76 66 26 37 0.020951686 
359 284 228 226 0.020193676 
85 36 15 20 0.020066489 
