10_People_Marching_People_Marching_10_People_Marching_People_Marching_10_69
2842
236 354 15 20 0.9935028 
652 457 17 22 0.99007857 
491 546 17 22 0.98999995 
733 415 14 19 0.98868763 
883 442 17 22 0.98868644 
539 377 14 18 0.98705566 
251 406 13 18 0.98199916 
875 648 22 28 0.9808929 
820 370 13 16 0.9808506 
513 565 18 22 0.98021406 
209 607 18 23 0.9792503 
49 594 21 27 0.97921205 
395 502 17 21 0.9773793 
959 630 21 28 0.9769158 
180 446 18 23 0.97361857 
841 475 16 22 0.9734707 
869 542 18 22 0.9728491 
162 515 15 18 0.97141236 
424 490 17 21 0.9696481 
99 564 18 25 0.96902645 
549 578 17 22 0.96808213 
6 610 21 28 0.96785766 
932 577 19 23 0.9672028 
358 456 17 21 0.96602637 
562 371 14 18 0.9657899 
996 527 17 21 0.96521974 
163 556 21 26 0.96404517 
563 534 17 23 0.9639789 
628 371 13 17 0.96260357 
795 543 17 22 0.96259904 
877 394 12 17 0.96230334 
170 489 16 21 0.96215135 
535 466 18 22 0.96066266 
180 163 11 14 0.96046335 
716 538 21 27 0.9604471 
745 575 20 24 0.9593753 
470 501 16 21 0.95922667 
359 628 21 27 0.95854086 
881 578 18 24 0.9554495 
392 596 19 22 0.953595 
766 444 16 20 0.953034 
949 476 18 22 0.9523222 
709 305 13 16 0.9500051 
600 311 11 13 0.9499722 
932 444 17 23 0.94563746 
502 434 17 21 0.9445917 
485 270 9 12 0.94441885 
226 486 16 20 0.94291466 
425 450 16 18 0.94278365 
358 534 16 22 0.9403333 
91 244 14 18 0.93956494 
401 526 16 20 0.9394178 
691 274 14 15 0.93813854 
294 458 17 21 0.9380821 
307 502 18 21 0.9350614 
725 501 19 22 0.9343255 
381 410 15 17 0.9334558 
467 300 12 15 0.9329046 
117 617 21 26 0.9314803 
219 109 12 14 0.92907256 
690 661 20 26 0.927373 
540 541 18 20 0.92628485 
588 447 14 18 0.9262687 
533 610 20 26 0.9253099 
222 517 16 19 0.9251998 
682 419 13 17 0.9247024 
885 481 19 23 0.9240432 
630 493 17 23 0.9238847 
484 311 11 14 0.92318195 
838 613 21 27 0.92232454 
643 579 19 23 0.9215335 
559 318 12 15 0.9191783 
381 352 13 16 0.9180855 
366 498 17 21 0.9167274 
427 658 22 25 0.9155373 
688 326 14 16 0.9147566 
157 413 15 19 0.9116758 
300 422 13 18 0.909589 
302 604 17 22 0.90876716 
504 495 16 20 0.9072578 
999 595 15 21 0.90718627 
272 567 18 19 0.9033201 
232 549 18 21 0.9027219 
694 483 20 25 0.9023094 
753 619 22 26 0.90105414 
607 554 19 23 0.89954305 
143 227 14 16 0.8992008 
196 188 12 16 0.8983648 
440 474 16 20 0.8976389 
87 511 19 23 0.8928442 
651 345 13 16 0.89116573 
179 653 18 24 0.88852197 
792 380 12 16 0.888139 
476 562 15 20 0.888126 
775 359 11 13 0.88629264 
462 216 9 12 0.88494724 
163 179 13 16 0.8781175 
595 332 13 17 0.87809753 
600 660 21 25 0.8768223 
576 492 16 20 0.87661046 
722 386 13 16 0.87543434 
436 294 10 13 0.8749389 
725 473 16 20 0.87453365 
678 253 11 13 0.87416756 
449 271 9 11 0.8693422 
686 389 12 14 0.8677572 
661 262 10 13 0.86693305 
805 398 13 18 0.86202 
764 650 18 22 0.8612857 
979 603 17 22 0.8597299 
585 627 17 20 0.8592961 
259 637 17 22 0.85540354 
130 475 16 21 0.85044134 
565 459 15 19 0.84947914 
402 575 19 23 0.8484073 
302 481 14 18 0.84592694 
317 548 18 22 0.84264565 
109 218 13 16 0.83774155 
717 445 15 19 0.83635247 
457 467 13 17 0.8342551 
628 328 12 15 0.83302283 
214 660 21 24 0.82914335 
428 314 12 15 0.828116 
448 371 17 19 0.82591605 
54 562 14 16 0.8236603 
189 129 11 13 0.82176054 
615 264 12 14 0.82071346 
660 306 10 14 0.8172953 
107 252 12 15 0.80769104 
779 503 15 20 0.8008167 
98 193 12 16 0.79894716 
195 214 12 15 0.79251903 
622 281 12 14 0.7921255 
718 357 12 16 0.7912199 
627 419 14 20 0.7851687 
422 120 8 10 0.78419226 
566 267 11 13 0.78211886 
492 187 12 14 0.778658 
713 181 10 11 0.77531976 
438 618 22 24 0.7716373 
889 632 19 22 0.76707035 
980 336 12 16 0.76160234 
494 143 8 10 0.7611731 
640 192 10 13 0.7568308 
111 105 11 14 0.7543948 
586 228 12 14 0.7459919 
164 208 13 15 0.74513614 
706 341 11 14 0.7440806 
784 406 14 17 0.73339003 
818 529 15 17 0.7288442 
299 199 11 14 0.72568285 
579 254 11 13 0.72239655 
173 136 10 12 0.7200998 
405 163 11 12 0.7177658 
465 408 16 19 0.703003 
137 193 13 16 0.6983125 
646 103 10 14 0.6919574 
887 325 12 15 0.69068694 
271 196 11 13 0.6885029 
75 226 14 15 0.68590564 
296 175 10 12 0.6828511 
741 331 10 13 0.68027526 
451 325 12 16 0.67780095 
264 87 10 12 0.676597 
291 109 10 13 0.6757924 
381 384 14 17 0.67511755 
566 300 9 12 0.672483 
579 350 11 14 0.6694952 
428 169 10 13 0.66715884 
604 191 10 13 0.6654825 
703 163 9 12 0.6653249 
845 417 15 19 0.6605255 
584 140 8 10 0.65806276 
128 154 12 14 0.6555298 
458 179 9 11 0.65389943 
294 158 10 13 0.6536428 
133 130 12 12 0.64590156 
611 356 14 18 0.64427304 
631 245 11 14 0.642677 
438 129 8 11 0.64125586 
311 149 10 12 0.63919747 
270 86 10 13 0.6359674 
116 198 12 14 0.6352184 
612 210 12 14 0.6349482 
497 220 10 12 0.6324743 
533 192 11 13 0.6296924 
149 144 11 14 0.6258672 
685 228 10 12 0.62440234 
497 159 9 11 0.6222828 
234 140 9 12 0.62209696 
239 53 8 10 0.6204381 
201 135 11 14 0.61366814 
519 167 8 10 0.6125536 
717 215 8 11 0.6109243 
647 332 12 13 0.6100879 
0 659 19 30 0.6053275 
320 195 10 13 0.603317 
682 191 9 12 0.6020493 
761 506 14 19 0.60185033 
500 78 8 11 0.6015795 
595 507 17 21 0.6010921 
433 534 12 16 0.59995633 
734 313 11 12 0.5976967 
821 572 20 24 0.5973853 
744 393 12 16 0.596073 
640 311 11 14 0.593675 
760 107 11 14 0.59129214 
505 670 22 27 0.585104 
114 333 15 18 0.56558406 
605 244 11 12 0.5645864 
527 206 10 12 0.55777776 
456 246 9 11 0.5548047 
473 159 10 12 0.54831773 
308 171 10 14 0.54363096 
158 111 11 13 0.54181457 
550 426 16 21 0.5410364 
659 290 11 13 0.53835267 
373 175 10 13 0.538197 
74 190 13 17 0.53009236 
334 128 8 11 0.52972007 
680 215 9 12 0.5282962 
133 178 13 14 0.52452713 
660 230 9 11 0.52241325 
592 171 10 13 0.51662636 
440 252 8 10 0.5157301 
313 94 8 10 0.51213884 
737 142 10 13 0.5111703 
484 348 12 15 0.50317067 
423 345 11 15 0.49946636 
212 163 11 14 0.49778783 
469 189 9 12 0.4931118 
786 142 9 12 0.49253285 
474 142 8 10 0.48859164 
92 483 16 21 0.48802695 
265 182 10 12 0.48547485 
581 285 10 12 0.4819598 
462 278 11 12 0.48095283 
132 322 12 17 0.480053 
204 89 10 12 0.47847703 
759 116 10 12 0.47606006 
719 71 9 10 0.47563612 
780 103 9 12 0.4695642 
408 192 10 12 0.46895856 
447 190 9 12 0.4685376 
546 111 9 10 0.465728 
597 154 10 12 0.46215013 
639 141 10 13 0.46206075 
512 239 9 11 0.46014413 
918 543 21 26 0.45954555 
385 198 10 12 0.45356905 
819 436 13 19 0.4475236 
644 132 10 12 0.44066495 
470 263 11 13 0.4378828 
119 235 14 16 0.4371475 
506 119 7 10 0.43672273 
693 303 10 13 0.4364965 
398 111 8 11 0.43158114 
333 612 17 21 0.43097624 
165 148 12 14 0.42912963 
96 639 19 23 0.42828697 
281 181 10 14 0.42547467 
451 198 10 12 0.42389396 
134 660 23 26 0.4194796 
749 93 9 11 0.41570005 
623 226 12 14 0.41427648 
312 671 26 30 0.41234094 
382 72 9 10 0.41027728 
158 84 9 12 0.40829256 
804 572 13 17 0.40451115 
103 314 13 18 0.40346107 
647 183 11 12 0.400899 
345 118 10 12 0.39829537 
100 148 10 14 0.39561197 
326 164 9 12 0.3955559 
349 125 8 11 0.39489827 
182 72 9 11 0.39398852 
328 183 10 13 0.39267087 
986 598 18 24 0.3919399 
957 509 15 20 0.39038232 
471 102 8 10 0.38967943 
702 598 15 16 0.38867685 
335 380 11 13 0.38407457 
265 126 10 12 0.38339865 
163 225 13 15 0.3826698 
333 102 7 10 0.38223433 
687 178 10 13 0.38124204 
227 183 11 13 0.38081047 
598 285 9 11 0.3807104 
416 144 9 12 0.38057628 
325 187 10 14 0.38030726 
820 161 11 14 0.380185 
463 116 8 10 0.3778167 
445 118 7 11 0.37318677 
339 374 13 16 0.37304273 
58 197 13 16 0.3716092 
690 151 10 13 0.37108287 
299 533 13 17 0.37086713 
288 81 7 9 0.3662061 
233 88 10 12 0.3589102 
727 51 9 11 0.3576856 
643 188 12 13 0.35631025 
388 210 12 15 0.35465172 
107 281 14 17 0.3510847 
596 211 10 14 0.35069355 
624 175 9 12 0.34942862 
554 80 10 11 0.3489595 
577 327 11 14 0.34794644 
951 306 12 15 0.3470106 
649 340 13 16 0.34467474 
429 79 8 10 0.34287915 
646 37 9 11 0.34198216 
288 62 8 10 0.33939546 
245 116 9 12 0.3346989 
1003 203 12 14 0.33093563 
282 24 8 10 0.3306232 
262 149 9 11 0.32696494 
345 159 11 13 0.3268339 
818 670 24 26 0.32656172 
375 103 7 10 0.32309097 
687 52 9 11 0.32306862 
531 158 8 10 0.321712 
351 207 10 13 0.31591302 
672 157 9 10 0.3145459 
743 360 10 12 0.3142502 
509 254 8 11 0.31352895 
97 123 10 14 0.3119761 
293 135 9 11 0.3113805 
348 164 10 13 0.31035653 
193 60 9 11 0.30947548 
617 128 9 10 0.30822888 
210 17 8 10 0.30719963 
193 32 8 9 0.30708268 
142 69 8 9 0.30418903 
287 405 10 13 0.3015188 
75 268 13 16 0.29893872 
545 136 8 10 0.29882705 
244 613 16 17 0.2980848 
894 132 9 12 0.29769716 
288 348 9 11 0.2966371 
521 112 8 11 0.29596734 
844 178 13 17 0.29477066 
328 359 10 12 0.29332367 
578 112 9 11 0.29329163 
398 211 12 15 0.29303908 
500 635 22 25 0.29141778 
317 127 9 10 0.29060766 
817 343 10 12 0.29054952 
271 414 12 14 0.28856894 
264 118 11 12 0.28614366 
698 638 14 16 0.28436753 
271 112 9 11 0.2841534 
710 449 16 19 0.28387472 
553 174 9 10 0.28330338 
472 135 8 10 0.2832491 
217 196 10 13 0.2831966 
462 159 9 13 0.2795684 
401 73 7 8 0.2777705 
145 95 8 10 0.275825 
479 365 11 15 0.27421966 
370 95 7 9 0.27078426 
608 117 8 11 0.2667032 
279 156 9 12 0.2666072 
679 389 11 14 0.26637742 
226 46 8 10 0.26624846 
605 80 8 11 0.26432005 
597 302 11 14 0.26119286 
280 152 9 11 0.25863713 
463 417 15 17 0.2584207 
716 245 10 13 0.2578658 
741 73 9 11 0.2574828 
576 116 8 10 0.25735095 
447 79 8 9 0.25658426 
194 56 8 10 0.25607243 
217 71 8 10 0.25605318 
530 191 10 12 0.2543225 
438 97 9 11 0.25329456 
438 223 8 11 0.2530328 
384 47 7 9 0.25300676 
197 115 10 12 0.25256935 
368 127 8 9 0.25021428 
245 70 8 10 0.24885362 
510 117 7 10 0.24858686 
460 182 10 11 0.24766192 
267 467 13 18 0.24714758 
285 664 18 20 0.24572662 
119 595 13 17 0.24471003 
329 96 8 11 0.2445504 
455 102 7 9 0.2434021 
846 366 8 11 0.24144846 
313 61 8 10 0.24131064 
542 215 10 14 0.2405885 
184 94 9 12 0.23923953 
504 388 11 15 0.23853031 
215 33 6 7 0.2378281 
378 144 9 11 0.23690224 
714 235 10 13 0.23519155 
586 95 8 10 0.23465402 
525 113 8 10 0.23422024 
244 171 11 13 0.23317581 
407 411 12 16 0.23181002 
246 111 9 12 0.22878657 
481 81 7 9 0.2285623 
495 163 9 11 0.22798975 
125 84 8 10 0.2272236 
337 37 7 9 0.22693713 
465 426 14 16 0.22673838 
500 215 9 12 0.2250097 
116 191 11 14 0.22381963 
502 190 9 12 0.22152224 
551 135 7 10 0.22108372 
160 148 11 14 0.22080268 
480 85 6 9 0.22055934 
369 172 10 12 0.21826226 
587 234 12 14 0.21805276 
616 133 9 11 0.2178917 
252 435 14 17 0.2178292 
701 124 10 14 0.21776438 
262 46 7 10 0.21764278 
608 156 9 12 0.21748383 
319 62 8 10 0.21740565 
419 147 10 13 0.21730089 
548 631 16 20 0.21620093 
281 62 8 10 0.21584865 
521 145 8 9 0.21579531 
729 316 10 12 0.21453942 
271 172 9 11 0.21341993 
696 243 10 12 0.21127363 
320 55 7 9 0.21122475 
567 142 8 10 0.20937715 
654 276 10 13 0.20887958 
239 8 8 10 0.20766479 
671 63 8 10 0.2073547 
778 311 9 12 0.20688777 
704 104 10 11 0.20670505 
906 470 14 18 0.20568947 
244 181 11 14 0.2054932 
949 665 23 29 0.20344092 
286 23 9 10 0.20324515 
306 167 9 12 0.20128101 
199 73 8 11 0.20014694 
455 95 8 9 0.19942701 
762 78 9 11 0.19935735 
249 22 7 9 0.19527118 
303 123 10 12 0.19446479 
225 187 11 13 0.19444682 
649 69 9 10 0.19426773 
593 299 9 12 0.19395408 
553 574 16 18 0.19359821 
168 141 12 15 0.19355923 
318 93 8 11 0.19340537 
206 359 9 13 0.19101855 
907 148 16 19 0.19099064 
774 152 10 12 0.1905015 
185 101 9 10 0.18931942 
513 87 7 9 0.18877509 
664 143 9 11 0.18842965 
154 85 8 11 0.18841077 
208 235 13 14 0.18741465 
384 203 11 16 0.18729684 
941 330 15 17 0.18719098 
367 168 9 11 0.18709151 
346 54 7 9 0.18632643 
417 122 9 11 0.18606555 
276 88 9 12 0.18486644 
328 18 8 9 0.18460122 
264 80 9 10 0.18435371 
369 42 8 9 0.1835059 
381 148 9 11 0.18245462 
408 99 8 10 0.1814005 
407 71 6 9 0.18078347 
273 39 7 10 0.17889334 
434 100 8 11 0.17885259 
495 284 9 11 0.17843845 
230 48 8 11 0.17734747 
365 56 8 10 0.17682983 
413 412 13 16 0.17556077 
914 167 13 17 0.17528598 
359 110 8 10 0.17520002 
143 128 10 13 0.1749269 
593 207 10 13 0.17466815 
224 151 10 12 0.17417331 
279 56 8 10 0.1740334 
865 133 11 13 0.17325415 
464 271 11 13 0.17309351 
624 453 13 16 0.1728899 
235 8 8 10 0.1727369 
159 40 8 10 0.17202668 
391 93 7 10 0.17086364 
223 104 10 14 0.17066374 
209 39 7 9 0.17066348 
543 141 8 10 0.16935353 
224 174 9 11 0.16911377 
636 250 11 13 0.16875535 
185 230 12 15 0.16874616 
312 125 10 12 0.16865066 
153 112 10 12 0.1678254 
294 63 7 9 0.16753311 
504 283 10 12 0.16607478 
532 337 13 15 0.16598731 
241 154 9 12 0.16558789 
434 131 9 12 0.16534935 
460 591 20 27 0.16423178 
757 374 10 14 0.16401689 
673 396 10 13 0.16315944 
137 111 9 11 0.16214572 
628 464 14 18 0.1617168 
940 408 16 21 0.1609972 
217 351 9 12 0.16073054 
558 82 9 12 0.16037387 
509 283 10 13 0.16016136 
437 228 9 12 0.15864463 
681 52 8 11 0.15847725 
863 315 10 12 0.15736878 
375 23 7 8 0.15678771 
318 132 9 11 0.15650874 
620 357 11 15 0.15626074 
197 32 7 9 0.1543885 
639 54 7 9 0.15379025 
149 133 10 12 0.15342431 
583 7 9 11 0.15298904 
552 263 9 11 0.15277267 
653 182 10 12 0.15235534 
151 57 8 10 0.1510662 
141 112 9 11 0.15072612 
465 71 7 9 0.15033026 
527 151 8 9 0.150228 
264 41 7 10 0.15010795 
236 411 11 15 0.15001085 
95 594 13 17 0.14874366 
796 386 14 16 0.1487429 
360 92 8 10 0.14812607 
216 356 9 12 0.14767832 
165 109 10 12 0.14766361 
506 268 9 11 0.14765333 
190 190 14 18 0.14755173 
258 48 7 9 0.14695108 
447 265 11 13 0.14583957 
262 1 8 9 0.14516555 
763 577 14 17 0.14497691 
313 88 8 10 0.14485186 
183 24 8 9 0.1447043 
536 445 11 14 0.14433782 
281 47 7 9 0.14293931 
184 8 8 9 0.14279386 
582 292 11 12 0.1419922 
399 36 8 9 0.14070643 
511 144 8 10 0.14047636 
777 510 19 24 0.1404205 
296 22 7 9 0.14036112 
293 104 9 11 0.1402291 
761 389 11 13 0.14015278 
284 186 11 13 0.13993244 
119 142 10 13 0.13985202 
545 151 7 9 0.13954863 
287 47 8 10 0.13933033 
551 300 9 12 0.13891841 
407 182 9 11 0.13865353 
159 156 11 13 0.13851766 
656 269 11 13 0.13820608 
669 151 9 11 0.13752218 
615 164 8 11 0.13741508 
534 93 8 10 0.13676174 
230 570 14 17 0.13649662 
327 470 13 16 0.13615622 
958 550 14 19 0.1361471 
441 184 10 11 0.13569124 
269 81 8 10 0.13558707 
392 49 7 9 0.13556854 
644 545 17 22 0.13515803 
288 158 10 12 0.1348471 
480 95 7 9 0.13411634 
19 578 14 18 0.1337872 
223 69 9 11 0.13350317 
153 41 7 9 0.13306266 
397 151 8 10 0.13296637 
724 269 10 13 0.13260055 
504 207 8 10 0.13220586 
130 128 10 12 0.1320605 
584 224 10 13 0.1315763 
377 383 12 15 0.1310978 
184 30 8 10 0.13107856 
729 300 10 13 0.13052648 
249 65 7 8 0.1302137 
233 25 7 10 0.12982395 
168 32 7 9 0.12975977 
816 91 10 13 0.1295156 
487 128 8 9 0.12838298 
167 85 8 11 0.12833402 
573 594 16 20 0.12781246 
641 31 9 11 0.12760578 
256 142 10 13 0.12710989 
454 411 13 16 0.12663403 
246 77 9 10 0.1263452 
504 136 7 9 0.12577349 
315 227 14 17 0.12552983 
478 476 11 15 0.12541683 
280 28 8 10 0.12515078 
177 71 8 11 0.124660544 
398 128 7 10 0.1244896 
693 156 10 12 0.124272235 
173 625 15 18 0.123815455 
596 293 11 14 0.122713394 
376 120 8 9 0.12265145 
510 341 11 14 0.12229493 
102 130 10 13 0.12220683 
196 420 14 16 0.121740505 
161 62 8 10 0.12173421 
612 159 10 12 0.12168833 
639 147 9 12 0.121252105 
228 104 10 12 0.1211909 
614 102 8 10 0.120735355 
725 261 10 12 0.12047826 
385 167 9 10 0.12035398 
752 375 10 12 0.120159194 
513 113 8 10 0.1200037 
384 118 8 10 0.1199694 
606 398 12 15 0.11982994 
820 130 14 17 0.11978541 
390 470 12 15 0.11977443 
597 169 10 13 0.11975579 
696 120 9 11 0.119634785 
538 616 23 26 0.11899601 
238 90 9 11 0.11898451 
274 606 14 17 0.118931934 
567 136 7 10 0.11828786 
311 119 9 12 0.11823141 
274 58 8 9 0.11776399 
691 175 10 12 0.117674194 
761 335 9 11 0.11766241 
279 40 7 9 0.11727868 
612 139 10 12 0.11719912 
655 85 8 11 0.11645255 
544 104 8 10 0.11644642 
601 111 7 10 0.115848824 
742 459 12 15 0.11582839 
262 462 14 16 0.11568844 
511 94 8 9 0.115676485 
473 148 9 11 0.11546622 
880 148 10 13 0.11526581 
168 80 8 10 0.11437261 
702 398 10 12 0.11431275 
477 355 12 15 0.114212334 
319 118 9 11 0.11409819 
218 64 8 10 0.11407164 
511 232 10 12 0.1129908 
168 63 8 11 0.11290108 
567 14 8 9 0.112866715 
353 6 7 9 0.1123882 
570 119 7 10 0.11225386 
869 162 11 14 0.11202954 
647 286 11 13 0.1117735 
543 276 10 13 0.111504585 
657 159 9 12 0.11147115 
701 262 9 11 0.11124226 
69 171 13 17 0.11108559 
590 134 8 11 0.11077327 
509 348 11 14 0.11065562 
854 148 10 14 0.11064871 
922 531 18 19 0.110543646 
120 398 12 16 0.11045719 
653 70 8 10 0.11037602 
509 261 9 11 0.11004057 
521 170 10 12 0.10899912 
498 420 15 17 0.108735666 
735 126 8 11 0.108679034 
622 167 10 11 0.10853437 
705 84 9 11 0.10842013 
495 246 9 11 0.10834635 
349 49 8 10 0.10806387 
773 352 11 14 0.107870325 
342 585 16 19 0.10779507 
712 48 8 11 0.1071932 
665 148 9 11 0.10714337 
306 422 14 19 0.10705832 
220 404 11 14 0.1068919 
213 15 8 10 0.10684601 
287 139 9 11 0.10674387 
176 118 9 11 0.10662325 
191 150 13 14 0.106602915 
245 54 8 9 0.106572084 
592 284 10 12 0.10656483 
346 102 8 10 0.10650391 
756 519 17 20 0.10628965 
392 117 8 10 0.10614859 
336 78 9 11 0.10606477 
446 403 14 17 0.10552806 
624 365 12 16 0.10547341 
334 385 11 14 0.10524297 
312 349 9 11 0.10516332 
525 145 8 9 0.104649015 
606 283 10 13 0.104505695 
440 436 12 17 0.10419921 
306 491 16 19 0.10392487 
410 62 7 9 0.10380489 
144 99 8 11 0.103699 
501 54 8 9 0.10338407 
599 30 8 10 0.10332817 
120 148 11 13 0.103210405 
208 171 10 12 0.10298836 
518 105 8 9 0.10290149 
1009 182 11 15 0.102741815 
370 103 8 10 0.1026789 
117 510 15 20 0.102611 
90 494 21 26 0.10258782 
497 137 8 9 0.10248113 
273 60 7 10 0.10247027 
258 54 7 9 0.10236316 
537 135 8 10 0.102352 
344 111 9 10 0.10208557 
513 65 7 10 0.10194051 
705 63 8 10 0.10181844 
642 106 11 13 0.10176327 
240 123 10 12 0.10151244 
497 85 8 10 0.10138528 
885 147 11 15 0.10119854 
541 334 12 15 0.10107445 
444 253 10 11 0.1009757 
673 69 8 11 0.100533046 
455 241 9 11 0.10048361 
712 287 9 11 0.10014059 
716 175 9 11 0.100108646 
906 152 23 28 0.09989988 
695 196 9 11 0.099762626 
402 158 9 12 0.09965375 
230 228 12 14 0.09960039 
237 389 10 12 0.09936762 
380 333 11 14 0.09924216 
575 503 15 18 0.09920208 
400 190 10 13 0.098669276 
526 286 10 13 0.09856236 
420 406 12 15 0.098492 
317 390 12 15 0.09837342 
582 184 10 12 0.09836384 
479 263 11 14 0.09835917 
549 333 11 13 0.09815943 
256 63 8 9 0.09815338 
68 272 14 19 0.09813282 
116 347 13 17 0.09790098 
726 103 8 11 0.09773005 
542 435 15 16 0.09767051 
235 53 8 10 0.09755627 
158 164 12 14 0.09722843 
572 174 9 11 0.09721292 
478 134 8 10 0.096911736 
576 292 10 13 0.09583408 
760 174 8 9 0.0957682 
311 394 10 13 0.09563661 
784 146 10 13 0.09534659 
561 127 7 9 0.094992734 
303 365 8 11 0.09452856 
341 37 7 9 0.094327845 
377 406 14 17 0.09420702 
601 84 8 10 0.09418352 
657 55 8 9 0.09417754 
506 263 8 11 0.0935867 
108 462 13 16 0.09320535 
257 40 7 9 0.09303893 
647 440 14 18 0.09290146 
861 363 10 13 0.09283057 
367 133 8 10 0.092685565 
398 133 9 11 0.09247376 
370 513 14 18 0.0923094 
661 224 10 12 0.09228567 
634 423 14 18 0.09222123 
176 32 7 10 0.092193365 
269 130 10 12 0.092126615 
287 40 7 9 0.09139693 
431 207 9 11 0.09128717 
209 47 7 9 0.09103031 
569 21 8 11 0.090747625 
270 214 11 13 0.09058141 
711 271 9 12 0.0904475 
229 78 8 10 0.09018668 
434 62 7 9 0.09017739 
260 470 15 19 0.09016465 
217 7 7 9 0.090073295 
394 128 7 9 0.089832515 
805 391 11 17 0.089788295 
248 36 8 9 0.08968462 
587 141 10 11 0.089101635 
691 382 11 13 0.08871344 
455 55 7 9 0.08851509 
57 267 15 17 0.08807956 
717 639 18 24 0.08796408 
284 204 11 13 0.08795205 
421 389 13 16 0.08779388 
413 331 12 15 0.087707825 
134 390 11 14 0.08763934 
344 77 9 11 0.087635964 
294 94 9 11 0.0875666 
528 339 12 15 0.08745786 
239 23 8 9 0.08727974 
361 168 8 11 0.08692268 
508 382 11 15 0.08651006 
157 143 11 15 0.08651001 
439 64 7 8 0.08642349 
294 348 10 12 0.08624979 
750 89 9 11 0.08596279 
153 80 9 10 0.08586633 
505 95 7 9 0.085660994 
193 70 9 11 0.08555221 
404 373 11 14 0.08549015 
472 68 8 10 0.08544778 
729 126 8 11 0.085441366 
197 148 12 14 0.08526031 
492 193 11 14 0.0849514 
879 317 13 17 0.08492978 
294 444 15 19 0.08454271 
319 80 7 8 0.08447516 
367 120 8 10 0.084418945 
577 206 10 12 0.08428319 
204 660 17 21 0.083927624 
400 366 12 16 0.08376789 
304 40 8 9 0.0837482 
691 395 12 13 0.08350983 
537 103 7 9 0.08346263 
465 77 7 10 0.083433785 
254 23 7 9 0.083343185 
313 56 8 10 0.083201416 
471 110 8 11 0.083136626 
312 33 7 9 0.08300954 
231 420 12 15 0.08276599 
181 378 15 19 0.08266176 
615 220 11 13 0.082600154 
384 416 15 19 0.08247888 
464 209 9 11 0.082388006 
454 203 9 11 0.08232818 
440 45 7 9 0.08203245 
481 245 8 10 0.08199217 
819 347 11 13 0.081790864 
62 273 13 17 0.08161865 
525 247 9 11 0.081613235 
581 363 13 15 0.08157941 
641 15 8 10 0.0812122 
487 71 6 9 0.08119559 
257 79 9 10 0.08116038 
613 120 9 12 0.08091206 
214 213 12 14 0.08080009 
544 292 9 11 0.08053786 
624 311 10 12 0.08045503 
671 207 9 11 0.08035675 
297 5 8 11 0.08017541 
892 331 12 15 0.080046594 
145 23 8 10 0.07996094 
623 252 11 13 0.07975235 
176 38 7 9 0.07972891 
710 85 8 10 0.07942803 
98 118 11 13 0.07938798 
503 125 7 9 0.079310164 
288 114 11 12 0.07917659 
221 64 9 11 0.07916185 
474 97 7 10 0.0791034 
63 313 15 18 0.07909597 
258 147 9 12 0.079010054 
658 79 8 10 0.07900001 
263 56 7 8 0.07892858 
318 88 8 10 0.0789043 
606 113 9 11 0.0787288 
709 345 12 15 0.07872689 
361 350 10 14 0.07871261 
84 658 14 20 0.07852977 
376 77 9 10 0.07849491 
140 175 12 15 0.07843467 
526 175 8 11 0.07807308 
377 17 7 9 0.077866584 
549 294 10 13 0.07781076 
253 205 9 13 0.077652454 
447 73 7 9 0.07762404 
1002 561 19 22 0.07742358 
551 152 8 11 0.077304676 
687 124 8 10 0.07729691 
189 94 10 12 0.07719957 
374 125 9 11 0.077184476 
446 185 9 11 0.07705146 
443 441 13 18 0.07702115 
210 228 13 15 0.07686084 
405 171 11 12 0.076811925 
477 588 14 18 0.07673123 
550 116 8 10 0.07659812 
321 34 6 8 0.0765901 
352 110 9 10 0.07647036 
456 588 15 19 0.07643887 
857 364 10 13 0.076258406 
477 150 9 11 0.07614212 
266 519 14 18 0.07597845 
534 286 11 14 0.07593739 
212 221 14 15 0.07586901 
662 93 9 11 0.07560048 
554 659 14 18 0.075442016 
534 347 11 13 0.07516344 
589 555 13 17 0.07504973 
868 107 14 16 0.07500991 
488 86 7 9 0.07478876 
95 141 10 13 0.07476949 
702 121 8 10 0.07456059 
505 140 8 11 0.074559525 
295 153 10 12 0.07452255 
831 41 12 15 0.07448622 
440 113 9 10 0.07446859 
167 15 7 9 0.07443128 
396 349 12 16 0.0743464 
392 72 7 9 0.07428251 
146 54 8 9 0.074028365 
613 255 12 13 0.073805615 
160 45 8 9 0.07364341 
765 70 9 11 0.07351176 
712 388 8 11 0.07342623 
923 642 12 15 0.073410384 
472 117 8 10 0.07322334 
745 212 8 11 0.07316553 
351 95 7 9 0.07311973 
691 418 13 17 0.07307036 
345 212 11 15 0.07302225 
962 395 15 19 0.072954655 
526 253 9 11 0.07294381 
473 64 8 10 0.07285593 
437 370 14 17 0.072823346 
214 38 7 9 0.07277928 
265 111 10 12 0.07275257 
736 135 9 11 0.072534524 
488 53 7 10 0.07251385 
681 382 11 14 0.07249082 
560 134 8 10 0.07234908 
336 85 8 10 0.072244816 
689 77 8 10 0.07224328 
135 200 13 17 0.07216081 
680 139 8 11 0.07193929 
392 53 8 10 0.07191665 
697 29 8 10 0.07169773 
520 284 10 13 0.07166499 
681 182 12 15 0.07160419 
811 571 18 21 0.07157865 
169 55 7 9 0.07146074 
233 12 8 10 0.071409084 
278 176 9 12 0.07136924 
712 149 8 11 0.07124499 
640 48 9 10 0.071026556 
684 246 11 13 0.07099353 
694 223 9 11 0.070988744 
616 282 12 14 0.07077002 
78 181 12 15 0.07071897 
542 285 10 14 0.07064451 
88 83 9 11 0.070535675 
751 210 9 11 0.07053087 
597 375 11 15 0.07036907 
159 134 9 11 0.070123285 
175 54 8 10 0.07010524 
895 338 10 15 0.07005775 
566 159 8 11 0.07004463 
224 94 9 11 0.06975143 
784 137 9 12 0.069562174 
182 38 8 9 0.069534585 
302 5 8 9 0.069509596 
511 316 12 14 0.06934444 
621 316 12 14 0.06926975 
240 167 10 12 0.069138065 
334 148 8 11 0.0690203 
709 126 9 12 0.06901691 
590 242 11 14 0.068716094 
621 411 13 20 0.068537064 
677 38 9 11 0.06848984 
657 254 9 12 0.06839817 
479 117 8 10 0.0682845 
512 148 8 10 0.06826433 
463 65 7 9 0.06808157 
83 444 12 15 0.06805043 
178 23 7 9 0.06796377 
628 174 10 12 0.06792374 
185 188 12 15 0.067816146 
982 568 13 17 0.067730665 
377 46 7 9 0.06760004 
278 115 9 12 0.06757991 
974 453 15 18 0.0675585 
306 62 7 9 0.067546904 
183 48 7 9 0.06747142 
397 388 12 14 0.06741829 
215 135 10 13 0.06735878 
294 343 9 11 0.06731857 
361 118 7 9 0.06731721 
325 388 12 15 0.06709123 
142 79 8 9 0.066991 
432 85 8 9 0.0668859 
620 205 10 13 0.06685188 
862 408 13 17 0.06683725 
409 56 8 9 0.06675018 
473 129 7 9 0.06674686 
277 532 14 19 0.066670485 
148 93 10 11 0.06652393 
326 596 13 16 0.06651081 
678 72 9 11 0.06646154 
468 589 21 27 0.06625038 
193 49 8 10 0.066141255 
852 423 15 18 0.06601829 
558 253 9 11 0.065994084 
313 81 7 9 0.06596861 
470 196 10 11 0.065846846 
510 355 10 13 0.06574798 
409 142 8 11 0.065740414 
281 140 10 12 0.06572719 
502 73 9 10 0.065672204 
312 343 8 11 0.06564656 
212 33 7 9 0.0655708 
497 109 7 9 0.06555775 
276 164 10 11 0.06552406 
424 64 7 9 0.06546453 
332 357 10 13 0.06542309 
582 198 11 13 0.06540508 
260 229 11 14 0.06534593 
384 15 7 9 0.06531174 
264 62 7 9 0.0652506 
453 320 12 15 0.06519935 
584 100 8 10 0.065156266 
110 172 10 13 0.065086305 
672 191 9 12 0.06501232 
859 103 17 21 0.06497882 
590 24 8 11 0.06497288 
575 248 11 14 0.06479759 
215 468 11 14 0.06473436 
763 379 12 14 0.06472458 
264 155 8 11 0.06471214 
352 24 6 8 0.06467174 
743 381 11 14 0.064566605 
625 246 11 13 0.064488396 
376 86 8 10 0.064423785 
760 84 10 12 0.06440026 
759 325 10 13 0.06410264 
406 17 8 10 0.06396677 
679 238 10 12 0.06392718 
701 24 9 11 0.06387234 
424 136 8 10 0.06385204 
210 641 16 19 0.063785575 
287 54 8 10 0.06377255 
192 426 12 14 0.063731216 
599 95 7 10 0.063694656 
502 317 11 13 0.063654214 
109 233 15 18 0.06361538 
265 15 7 9 0.06360497 
886 335 14 19 0.06355602 
464 32 8 9 0.06343486 
671 443 15 19 0.06331516 
375 109 8 9 0.06319837 
527 347 11 14 0.062902555 
511 334 12 15 0.06289462 
453 190 10 12 0.06288685 
450 55 6 9 0.06288135 
192 111 10 12 0.06288113 
395 34 7 8 0.06279701 
656 142 9 12 0.06276772 
661 183 9 13 0.06275421 
530 87 8 11 0.06275103 
319 156 9 12 0.0627184 
624 61 8 10 0.0626744 
495 414 13 16 0.06267054 
560 295 11 14 0.06266928 
254 110 9 11 0.06263266 
645 236 10 12 0.06261408 
326 53 7 9 0.06252684 
534 363 12 14 0.0625214 
113 202 13 16 0.06250181 
738 327 10 12 0.062496785 
669 143 9 11 0.06247611 
110 299 13 16 0.062408727 
633 45 8 11 0.062354397 
673 55 8 10 0.06226851 
440 157 9 10 0.062185694 
719 253 9 12 0.062183853 
216 202 11 15 0.062177576 
188 370 12 15 0.06210348 
911 572 13 17 0.06209368 
639 156 9 12 0.062008187 
643 139 11 14 0.06193575 
305 87 7 10 0.061869893 
328 50 6 8 0.06177649 
224 31 6 8 0.06175189 
393 132 8 11 0.061586294 
473 79 8 10 0.06153886 
223 460 11 13 0.061410107 
647 95 9 12 0.061355773 
487 133 8 10 0.061269894 
168 38 7 9 0.061267592 
413 482 14 18 0.0612411 
392 16 8 10 0.061169505 
854 664 15 18 0.06105837 
279 101 9 11 0.06102672 
456 163 10 11 0.061000057 
415 64 8 9 0.060907777 
383 41 7 9 0.060901638 
736 358 10 12 0.060811363 
312 100 8 10 0.060656223 
840 166 12 15 0.06061463 
360 437 13 16 0.06048911 
458 63 7 9 0.060467407 
345 71 9 12 0.06043832 
134 210 12 15 0.06042504 
575 182 10 11 0.060402665 
519 133 7 10 0.060385525 
726 324 10 12 0.060364142 
211 585 13 17 0.060105372 
167 68 8 11 0.06008197 
205 103 10 12 0.060037687 
739 76 9 11 0.060015567 
687 235 10 13 0.060014367 
520 244 8 11 0.059694406 
615 24 8 11 0.059595346 
432 110 8 11 0.05954573 
304 71 8 10 0.059504624 
328 148 9 11 0.059500918 
599 128 8 11 0.05936519 
534 214 10 13 0.059309404 
297 430 16 20 0.05922744 
345 63 6 8 0.059203025 
563 523 16 21 0.059190504 
241 38 7 9 0.059169177 
693 293 12 14 0.059162818 
449 86 7 9 0.059158616 
245 7 9 9 0.059037182 
688 72 9 10 0.05894519 
144 88 7 9 0.058885686 
351 171 9 11 0.058835525 
348 375 11 14 0.058748756 
456 126 9 10 0.058674347 
498 94 7 9 0.0585852 
678 467 13 16 0.058552627 
346 97 8 10 0.058513667 
692 653 16 20 0.05848991 
479 190 8 11 0.05844497 
471 205 8 10 0.058406096 
254 133 10 13 0.058405694 
281 70 8 9 0.058399267 
712 80 8 10 0.058365755 
304 350 8 11 0.058277864 
564 579 14 19 0.05827777 
55 526 11 15 0.05823716 
425 71 7 8 0.058174204 
405 567 15 17 0.057992566 
776 333 9 11 0.05796827 
480 239 9 11 0.05780177 
93 651 22 27 0.05778168 
1012 568 12 18 0.05776796 
422 381 11 14 0.057589874 
148 181 11 14 0.057582177 
550 267 9 12 0.057468038 
385 23 7 9 0.057459466 
270 220 12 14 0.05743393 
406 482 13 17 0.05741816 
539 191 10 12 0.057379745 
303 23 7 9 0.05733947 
176 77 8 10 0.057306442 
817 174 10 13 0.057305098 
230 148 11 14 0.057303604 
726 255 10 12 0.057265446 
362 61 8 10 0.05725448 
832 332 10 12 0.057221774 
479 100 9 11 0.05721551 
389 172 9 12 0.057003886 
175 387 12 14 0.056990877 
178 49 7 9 0.056871418 
211 482 14 18 0.056777943 
686 318 14 16 0.056771018 
998 567 17 20 0.05665467 
646 206 10 12 0.056629162 
834 64 16 22 0.056592844 
297 55 7 9 0.056549888 
608 268 11 13 0.056545086 
650 87 7 10 0.056536507 
500 484 14 17 0.0565139 
214 75 9 11 0.05649433 
328 132 9 11 0.056488946 
535 260 10 12 0.05622407 
240 32 7 8 0.05618439 
114 102 10 13 0.056130026 
438 214 8 11 0.05611383 
323 16 7 9 0.056097742 
576 68 8 11 0.056057133 
144 28 8 10 0.056021385 
222 141 10 12 0.055893272 
644 229 11 13 0.055775534 
584 87 8 11 0.055748418 
565 612 13 18 0.055737074 
226 25 7 9 0.05556648 
305 56 7 9 0.05539943 
689 61 8 10 0.055384673 
641 128 9 12 0.05536223 
624 79 6 9 0.055360373 
543 270 10 12 0.055296775 
445 448 13 18 0.055173673 
513 80 7 10 0.05514706 
535 165 10 12 0.055120647 
674 213 9 12 0.055114407 
296 70 8 9 0.054820556 
408 85 8 10 0.05480118 
587 172 9 12 0.05475835 
208 72 8 12 0.0547526 
671 3 11 13 0.054651503 
671 21 8 10 0.054618943 
383 134 9 10 0.05460704 
704 213 7 10 0.054553315 
571 585 15 19 0.054504298 
466 48 7 9 0.05445069 
210 436 14 18 0.054415718 
510 190 9 12 0.054292843 
456 90 7 9 0.05427021 
520 53 8 10 0.054269847 
214 171 11 12 0.054074463 
913 409 16 18 0.05398425 
140 406 11 15 0.053876743 
88 135 10 13 0.053860564 
373 168 10 12 0.05384915 
138 65 8 10 0.053844344 
190 387 11 14 0.05376225 
621 403 11 16 0.053751882 
243 626 15 18 0.0536539 
895 523 13 17 0.05357038 
660 313 12 16 0.05353976 
598 252 11 13 0.05349756 
613 239 11 13 0.053443205 
599 239 11 14 0.053441424 
566 306 10 13 0.05343183 
605 250 11 14 0.053375732 
312 37 7 9 0.05323425 
846 370 10 12 0.053169254 
482 369 12 16 0.05312607 
384 88 7 10 0.052983973 
549 413 14 18 0.05297007 
420 333 12 15 0.052862566 
503 112 8 10 0.05284373 
830 316 10 11 0.052824724 
582 280 11 13 0.05280563 
816 125 24 28 0.052792903 
162 30 7 9 0.05276746 
675 450 13 17 0.052722402 
458 118 9 10 0.052719522 
409 674 17 20 0.052687064 
264 23 7 9 0.052664515 
694 78 9 12 0.05258801 
742 135 9 11 0.05258165 
741 465 14 19 0.052367456 
345 22 6 8 0.052360117 
129 111 9 11 0.052346475 
507 660 16 19 0.052157704 
727 295 10 13 0.05206622 
265 175 10 13 0.05205175 
661 235 11 12 0.052040413 
107 310 13 16 0.05199187 
817 583 22 26 0.051979396 
735 340 10 12 0.05195069 
887 127 10 14 0.05190342 
576 212 10 12 0.05183183 
988 563 14 19 0.051817626 
121 81 9 11 0.05179102 
564 79 9 11 0.05176032 
368 108 8 10 0.05173204 
144 48 8 10 0.051691446 
349 76 8 11 0.051691167 
273 32 7 9 0.051613808 
997 553 17 21 0.05159437 
424 31 7 8 0.051584847 
796 377 10 13 0.05156382 
448 47 7 9 0.051556814 
526 357 12 15 0.051516775 
838 606 14 19 0.051510412 
340 508 12 15 0.0513997 
1010 596 13 19 0.051369835 
432 212 9 11 0.05132042 
574 257 11 13 0.051267248 
553 254 9 12 0.051255003 
551 237 10 12 0.051213093 
407 135 8 11 0.051161494 
165 168 11 14 0.05116064 
338 56 6 8 0.051159844 
263 221 11 13 0.05114331 
116 301 12 15 0.051083766 
270 150 9 12 0.050968423 
289 103 10 11 0.05085147 
495 481 13 16 0.050827906 
217 104 10 14 0.050819423 
335 22 7 9 0.05081797 
486 102 8 10 0.05080309 
612 398 11 15 0.050752483 
728 339 11 13 0.0507173 
609 167 9 11 0.050578356 
726 275 10 13 0.050522584 
371 23 7 9 0.05049901 
197 634 14 20 0.050480787 
165 126 10 12 0.05046923 
690 309 11 13 0.05039857 
342 366 11 14 0.050373282 
361 135 9 10 0.05034634 
433 57 7 8 0.050341558 
68 371 12 16 0.050333604 
581 212 10 12 0.050305657 
592 380 11 15 0.050305206 
326 173 10 12 0.05030434 
467 399 13 16 0.05025033 
108 474 14 17 0.050117098 
96 132 10 13 0.050101493 
435 254 8 11 0.0500329 
328 143 8 10 0.050010197 
702 208 7 10 0.05000795 
894 138 12 16 0.049976837 
771 150 9 11 0.049894128 
448 247 9 13 0.04988145 
117 477 14 17 0.04988005 
332 549 14 16 0.049658984 
203 213 12 14 0.049658045 
384 111 7 9 0.049582817 
174 110 9 10 0.049576182 
170 146 13 15 0.049531184 
328 382 10 13 0.04934788 
835 551 14 19 0.04931011 
263 72 8 10 0.049266085 
455 78 8 9 0.04912699 
329 38 7 9 0.04912268 
981 481 13 17 0.04902484 
612 199 12 14 0.04897869 
294 88 9 10 0.04895382 
560 158 9 11 0.048945095 
676 158 9 11 0.0487963 
701 372 12 15 0.048767183 
383 191 10 13 0.048605695 
541 366 13 15 0.048598487 
412 194 10 13 0.04855388 
400 183 10 12 0.048528932 
255 101 9 12 0.048487727 
321 50 8 9 0.04844971 
881 389 14 17 0.048406024 
374 95 7 9 0.048293278 
546 590 15 20 0.048282165 
875 109 10 13 0.04823477 
374 416 15 18 0.04821613 
488 670 21 26 0.04818836 
673 244 10 13 0.04817296 
511 223 9 11 0.048165027 
377 6 8 10 0.048159532 
904 357 11 16 0.048071235 
124 197 11 15 0.0480276 
259 437 13 17 0.048005946 
608 136 10 12 0.048001174 
270 7 7 10 0.047940537 
442 70 7 9 0.04788086 
631 81 8 9 0.04778267 
189 378 12 17 0.04764502 
149 128 9 11 0.047633976 
607 29 8 10 0.047462292 
693 46 9 12 0.047446903 
153 452 10 13 0.047426127 
415 69 7 9 0.047401894 
360 32 6 8 0.04735582 
305 94 8 10 0.047293115 
261 489 12 17 0.047287915 
502 48 8 11 0.047267005 
873 533 22 26 0.0472539 
240 188 11 12 0.047158323 
479 254 9 11 0.047103178 
175 127 11 13 0.04703042 
76 173 12 16 0.047004107 
357 230 13 16 0.0469875 
477 163 9 11 0.046958737 
573 436 12 16 0.04694075 
696 24 9 10 0.046936896 
542 168 9 12 0.04681916 
728 199 8 10 0.046814032 
640 229 10 12 0.046764385 
973 348 15 17 0.046684057 
171 612 16 21 0.046676345 
401 102 9 10 0.046644792 
318 112 9 10 0.04659335 
123 589 14 18 0.04656325 
352 132 8 11 0.046493433 
257 94 9 11 0.046411105 
482 5 8 11 0.04631978 
287 200 9 12 0.046309944 
634 192 10 13 0.04630842 
184 54 8 9 0.04628432 
417 47 8 9 0.046279807 
107 320 16 19 0.04624927 
549 339 11 15 0.046189275 
697 214 8 10 0.04615811 
297 1 9 10 0.046122942 
713 302 12 15 0.04611075 
458 71 7 9 0.04603214 
973 614 20 27 0.045975138 
551 661 22 26 0.045970313 
490 167 8 10 0.045955975 
720 48 8 11 0.045857742 
593 128 8 11 0.045815133 
390 157 9 11 0.045803923 
732 47 9 12 0.045772962 
697 264 9 11 0.045702618 
337 63 7 9 0.04568349 
520 128 7 9 0.045679796 
241 553 14 18 0.04567489 
383 172 10 12 0.04566821 
105 173 10 13 0.045663476 
200 48 7 9 0.04563039 
1014 330 9 15 0.04556483 
131 651 21 26 0.045543 
591 28 8 11 0.045516837 
671 197 8 11 0.045492366 
400 96 9 10 0.04545225 
335 343 7 10 0.0454294 
334 159 9 11 0.04541751 
466 135 7 10 0.04538904 
663 20 9 10 0.045368284 
62 499 13 17 0.045255728 
324 229 13 17 0.04520785 
167 282 12 16 0.045139816 
448 230 8 11 0.045103367 
105 214 12 15 0.045033388 
452 292 11 14 0.045025826 
713 254 9 11 0.04501588 
204 635 17 21 0.045006596 
244 152 10 12 0.044984017 
477 331 12 14 0.044984005 
318 343 10 12 0.04489842 
286 220 12 16 0.044820275 
654 63 7 10 0.044819646 
781 315 10 12 0.04481053 
640 184 11 13 0.04474511 
220 211 11 13 0.044631157 
470 48 7 9 0.044614382 
255 32 6 9 0.044613935 
265 32 7 8 0.044598956 
703 603 21 27 0.044520423 
120 69 8 9 0.044489622 
653 39 8 10 0.0444403 
658 347 12 16 0.044436067 
543 261 10 12 0.044434592 
728 205 7 11 0.044389337 
677 271 11 13 0.044365786 
663 172 9 12 0.04432553 
700 269 11 13 0.04432038 
800 319 9 12 0.04431654 
96 153 12 15 0.044308662 
739 311 10 13 0.04429432 
423 324 11 14 0.044278003 
440 88 8 9 0.044236347 
183 195 13 16 0.044206332 
381 104 8 9 0.044186927 
425 207 9 12 0.044089995 
662 87 8 10 0.04408647 
493 355 10 14 0.044063702 
327 119 8 9 0.044038888 
679 209 9 11 0.04402096 
242 77 8 10 0.044019487 
341 359 10 12 0.044018406 
464 103 9 11 0.043996684 
400 76 8 10 0.043986462 
881 531 17 20 0.043981988 
168 211 13 15 0.043953024 
113 212 14 16 0.04391893 
83 180 11 14 0.04390914 
109 133 10 12 0.043901157 
850 178 14 17 0.043874744 
368 158 9 11 0.043853443 
577 5 10 13 0.04383831 
760 395 12 15 0.043799456 
977 453 21 24 0.04379031 
497 127 7 9 0.04375101 
696 110 8 10 0.043714397 
144 15 8 9 0.0437046 
97 483 21 26 0.04369211 
482 72 7 9 0.043682057 
718 470 16 21 0.04367797 
766 318 10 13 0.043661248 
448 237 8 10 0.043652628 
457 109 9 11 0.043626018 
559 262 9 13 0.043623313 
621 287 13 16 0.043577775 
989 456 16 20 0.043521684 
561 667 26 30 0.043502867 
550 140 9 11 0.043499295 
576 143 8 10 0.04342675 
557 165 9 11 0.04341689 
256 127 10 12 0.04339766 
173 62 8 11 0.04333697 
181 89 9 10 0.043253426 
656 16 8 10 0.04322054 
277 436 14 18 0.043179207 
549 364 11 15 0.043136973 
205 129 10 13 0.043105252 
510 134 9 11 0.043050535 
742 125 9 11 0.043027237 
450 102 8 10 0.04301488 
1012 302 10 16 0.042980872 
448 143 8 10 0.042913575 
701 238 8 11 0.04290543 
657 91 8 11 0.042900033 
399 544 14 18 0.042893216 
818 443 16 21 0.042815756 
98 420 14 19 0.04277643 
116 642 15 20 0.042776212 
487 49 7 9 0.042776115 
584 299 10 12 0.042673606 
166 116 10 11 0.04263402 
310 336 8 9 0.042587794 
821 387 11 13 0.042572524 
335 445 13 15 0.04253352 
701 293 12 14 0.042491987 
539 452 14 18 0.0424886 
697 103 9 11 0.04247256 
333 604 15 19 0.04244055 
624 85 8 10 0.042412892 
702 254 9 11 0.042398352 
663 137 9 11 0.042393897 
865 157 12 15 0.04236003 
377 30 7 9 0.042358167 
672 164 9 11 0.042342387 
749 0 12 11 0.04233337 
192 36 8 10 0.04232724 
214 56 8 9 0.04224683 
581 115 8 11 0.042202946 
204 449 14 18 0.042164817 
737 191 9 11 0.04214162 
375 40 8 10 0.04213472 
277 225 13 16 0.04211665 
494 239 9 11 0.042101398 
361 39 7 9 0.042058863 
765 324 11 14 0.042004466 
279 405 10 14 0.041994173 
479 213 9 12 0.041979723 
602 117 8 10 0.041956045 
245 230 13 15 0.041913804 
310 178 10 13 0.04188593 
136 103 8 10 0.04186649 
569 165 8 10 0.04181574 
384 52 8 10 0.041780926 
557 453 16 18 0.04176457 
306 336 8 10 0.04173899 
481 175 8 10 0.041688606 
215 46 7 9 0.04167992 
558 386 13 16 0.041674692 
617 227 11 14 0.04165848 
99 245 15 18 0.041603535 
770 350 10 13 0.041603003 
567 126 7 10 0.04158774 
534 231 9 12 0.041532494 
517 86 8 10 0.041511934 
384 157 10 11 0.041474953 
568 222 9 11 0.04140945 
566 516 14 19 0.04134677 
269 14 7 9 0.041336678 
287 334 10 13 0.041283082 
391 21 7 9 0.04125808 
583 388 10 13 0.041096553 
354 209 13 16 0.041070346 
707 166 10 11 0.041060284 
710 61 9 11 0.04104982 
635 412 14 18 0.041023567 
161 126 9 11 0.04102003 
428 118 8 11 0.040975202 
670 261 9 12 0.04097451 
93 78 8 11 0.04096747 
434 46 7 9 0.040953223 
423 352 12 15 0.04095176 
407 350 11 15 0.04093563 
115 253 12 15 0.040934004 
686 135 9 11 0.040931627 
495 176 8 10 0.04090045 
489 148 9 11 0.0408991 
975 570 12 16 0.04089886 
334 175 10 11 0.040848054 
671 277 11 13 0.040840182 
394 37 7 10 0.04079679 
754 573 20 26 0.040746856 
714 71 8 10 0.040670484 
456 50 7 9 0.040632427 
225 42 7 9 0.04062351 
446 114 8 10 0.040602397 
698 165 9 11 0.040415525 
656 234 11 13 0.04038528 
495 428 15 18 0.040375482 
229 461 11 14 0.04037114 
696 131 10 12 0.040360395 
616 380 11 14 0.040346462 
651 325 12 14 0.04032093 
490 285 9 11 0.040317655 
167 48 7 9 0.04029361 
544 96 9 11 0.040263347 
553 169 8 10 0.040262893 
214 399 11 14 0.04023417 
487 238 8 11 0.040203523 
367 141 9 11 0.04016332 
345 207 10 13 0.04012187 
264 5 9 11 0.040095143 
373 426 14 17 0.040068116 
481 128 8 10 0.04001703 
808 91 11 14 0.040007506 
692 228 10 12 0.039965168 
232 407 11 14 0.039927788 
422 39 7 9 0.039906077 
565 0 10 10 0.039906014 
294 227 12 17 0.039905414 
586 23 9 11 0.039870765 
103 229 13 15 0.039870504 
556 181 10 11 0.039841093 
796 534 15 20 0.039821487 
999 340 14 18 0.039792508 
649 561 17 21 0.039739206 
469 459 12 16 0.039718304 
408 79 7 9 0.039710876 
448 285 10 12 0.039700974 
556 567 15 18 0.039656688 
214 459 12 15 0.039620746 
863 125 12 15 0.039557908 
898 133 12 14 0.039547436 
415 80 7 10 0.039543495 
319 172 10 12 0.039477766 
678 294 9 13 0.03946567 
327 341 9 11 0.03946001 
201 38 8 9 0.03945308 
345 591 18 21 0.03943681 
933 189 11 14 0.03940595 
521 253 9 12 0.03936646 
485 304 11 15 0.03936491 
119 124 9 12 0.03933465 
287 69 8 10 0.039293997 
202 439 17 21 0.03928989 
479 343 13 16 0.039282337 
300 177 12 14 0.039279494 
901 143 15 17 0.03925221 
359 7 7 9 0.039249517 
486 79 7 9 0.039201245 
264 214 11 13 0.039191604 
209 54 8 9 0.039173122 
559 612 12 17 0.03915891 
755 117 10 12 0.039042685 
482 568 15 19 0.039032757 
271 157 10 12 0.038960867 
331 233 13 16 0.03895517 
542 309 11 14 0.038932618 
437 207 9 11 0.038919065 
313 17 6 8 0.038854897 
644 148 10 12 0.038846243 
606 184 9 13 0.038831294 
330 109 8 10 0.03877432 
610 102 8 10 0.03870086 
656 121 9 10 0.03869999 
646 22 8 9 0.03868924 
289 94 9 11 0.038677845 
254 356 11 14 0.03865323 
236 395 12 15 0.038640678 
318 143 9 11 0.03856094 
620 132 9 11 0.038558133 
399 142 9 10 0.038531665 
192 6 7 9 0.038516346 
513 39 7 9 0.038465206 
317 348 9 11 0.038463987 
741 338 10 13 0.038439836 
687 207 8 10 0.03843232 
472 362 13 16 0.03837769 
557 56 10 11 0.038371705 
442 268 9 12 0.03836294 
319 102 8 10 0.038356837 
536 236 8 11 0.038353737 
508 374 11 14 0.03825456 
380 341 13 16 0.03823876 
248 18 7 9 0.0382327 
289 7 8 10 0.038217798 
367 381 11 14 0.038196214 
213 475 12 16 0.038160067 
736 120 8 11 0.03815725 
150 16 7 8 0.038151752 
405 437 11 14 0.0381177 
551 245 10 11 0.03811342 
467 214 10 13 0.038090967 
166 8 7 9 0.03804688 
719 293 10 13 0.038042597 
138 80 7 9 0.038017318 
759 339 9 12 0.03799551 
661 322 12 14 0.03795969 
908 349 10 14 0.037947766 
697 39 9 11 0.0379318 
639 222 10 13 0.037796687 
1014 499 11 17 0.03777961 
471 257 11 13 0.03768646 
813 506 14 19 0.03768622 
418 39 7 10 0.037673686 
815 430 13 17 0.037626885 
289 16 7 9 0.03762474 
529 78 8 10 0.037575066 
213 22 8 9 0.037565317 
503 324 11 12 0.037557922 
200 24 7 9 0.03751974 
510 310 11 13 0.03748498 
670 348 12 15 0.037409015 
353 31 7 9 0.037395384 
653 125 9 12 0.037377078 
465 25 7 8 0.037370034 
418 664 24 29 0.037319418 
729 132 8 11 0.037318766 
417 137 8 10 0.037302017 
196 380 12 16 0.037298698 
59 227 12 15 0.037283752 
322 6 8 10 0.037253283 
527 162 9 13 0.037242237 
138 470 13 18 0.037179697 
154 221 18 21 0.037168395 
486 95 8 9 0.037158698 
311 23 8 8 0.037157238 
463 152 8 11 0.037092462 
100 235 12 16 0.037079345 
630 309 11 14 0.03705421 
111 340 21 28 0.037009712 
464 87 8 10 0.036996044 
128 213 11 14 0.03699043 
545 157 8 10 0.036971793 
568 147 9 11 0.036970932 
719 209 9 12 0.036968872 
235 228 13 15 0.0369171 
115 291 15 19 0.03690179 
693 2 12 14 0.036836855 
501 103 8 10 0.036806993 
563 426 14 20 0.036798086 
415 348 12 15 0.036758333 
487 120 8 10 0.036751296 
652 102 9 13 0.03674167 
590 372 12 15 0.03671807 
698 277 11 14 0.03669668 
407 111 8 11 0.036676288 
568 274 10 13 0.036671504 
752 99 10 13 0.036646295 
495 253 9 11 0.036624696 
526 434 12 16 0.036601815 
987 328 21 25 0.036596987 
711 277 9 11 0.03659243 
229 72 9 10 0.036586415 
490 64 7 9 0.03657166 
322 21 8 10 0.036567837 
447 63 7 8 0.03655387 
585 52 8 10 0.036504447 
964 197 12 14 0.036498737 
560 188 10 12 0.036474373 
516 339 11 15 0.036461085 
257 70 8 10 0.03642103 
728 94 9 11 0.03641799 
540 347 12 14 0.036399607 
447 148 9 12 0.03637678 
495 226 11 13 0.0363061 
868 114 14 16 0.03629175 
697 206 9 11 0.03622803 
504 29 8 10 0.036221072 
375 184 12 15 0.036191374 
813 324 11 15 0.03618635 
566 7 10 12 0.03617615 
191 23 8 10 0.036140103 
83 269 13 15 0.036133733 
758 211 9 11 0.03609488 
232 41 7 9 0.03608703 
320 69 7 10 0.036070254 
671 269 11 13 0.03604444 
385 93 7 9 0.03604108 
563 142 7 10 0.03603516 
97 663 17 20 0.03601902 
571 299 11 13 0.03596803 
719 65 9 10 0.035949297 
502 227 11 13 0.035944026 
649 271 10 13 0.035923485 
647 15 8 10 0.035920307 
305 341 9 12 0.035919067 
493 293 10 13 0.035887875 
534 127 8 11 0.035876673 
701 413 11 15 0.035856918 
785 500 16 19 0.0358379 
519 222 9 11 0.0358267 
453 229 9 12 0.03582521 
432 289 18 22 0.035783596 
605 302 12 14 0.0357708 
859 428 12 16 0.035728514 
773 483 13 17 0.035717033 
128 38 7 10 0.03569821 
23 513 12 15 0.035630833 
675 459 13 16 0.035626624 
805 408 13 17 0.035620585 
644 302 12 14 0.03558146 
352 2 8 8 0.035563767 
533 437 13 16 0.035532378 
70 214 12 14 0.03552589 
432 73 7 10 0.035517026 
663 118 10 11 0.03546651 
375 327 10 11 0.03543815 
335 17 7 9 0.03543585 
432 365 12 16 0.03542384 
686 260 10 12 0.035407193 
465 196 10 12 0.03540112 
573 513 14 19 0.035398077 
167 363 11 15 0.03538383 
413 157 10 12 0.035361983 
481 265 17 20 0.03534975 
777 303 8 11 0.035325844 
452 263 10 13 0.035290934 
328 70 8 9 0.035282772 
148 100 11 12 0.035252467 
196 206 13 18 0.03518536 
457 151 8 11 0.03517553 
200 15 8 10 0.035133302 
695 357 12 15 0.03509815 
615 63 9 10 0.035089232 
686 141 9 12 0.03506511 
687 194 10 12 0.035054766 
488 173 8 11 0.03503359 
301 159 9 12 0.03502914 
800 193 11 15 0.03501967 
633 63 7 9 0.035006955 
273 467 13 17 0.035005096 
536 172 9 11 0.034952044 
474 405 13 17 0.03492746 
662 55 8 10 0.034916785 
1007 347 10 13 0.034899935 
319 1 9 9 0.034893923 
706 55 8 11 0.034857493 
485 5 9 11 0.034826968 
628 554 14 20 0.034820575 
564 260 18 22 0.034758437 
511 324 11 14 0.0347523 
957 333 12 16 0.034742925 
559 246 10 12 0.034720402 
247 104 9 12 0.03471516 
305 30 8 10 0.034668673 
509 393 13 17 0.034630444 
644 404 12 15 0.034587186 
776 326 10 12 0.034523062 
701 365 12 15 0.03448135 
613 465 14 18 0.03444543 
448 319 11 14 0.03443998 
622 235 11 14 0.034433626 
303 359 9 10 0.03442367 
614 408 13 19 0.034421913 
735 348 10 13 0.034357794 
591 99 8 10 0.034342397 
414 56 8 8 0.034332555 
806 382 10 14 0.034304757 
252 232 13 17 0.0342658 
671 231 9 11 0.034245923 
903 347 10 14 0.034215808 
176 87 8 10 0.034184754 
418 32 7 8 0.034141865 
159 25 8 9 0.034140043 
479 323 12 15 0.03412789 
157 233 15 17 0.034123257 
199 363 11 14 0.034094833 
779 450 12 16 0.034093644 
517 400 13 16 0.034066334 
197 127 11 14 0.03406436 
796 520 14 18 0.034033705 
119 183 10 13 0.034005206 
669 529 14 18 0.033982914 
119 119 9 10 0.033969402 
893 426 14 18 0.033964172 
75 354 12 15 0.033963457 
207 149 9 12 0.03393746 
510 291 11 13 0.033887956 
99 477 16 20 0.033887714 
340 603 15 19 0.033862546 
758 93 11 13 0.03385821 
292 221 12 16 0.033813454 
519 197 9 11 0.033758096 
519 48 7 10 0.033745818 
327 65 7 9 0.033723995 
239 616 14 18 0.033712313 
357 528 15 18 0.033711642 
754 659 23 27 0.0337079 
676 349 12 14 0.033696573 
370 89 8 10 0.033695742 
399 48 7 8 0.03369222 
339 387 12 14 0.033665255 
152 1 8 9 0.033647787 
514 46 7 10 0.033599537 
860 113 15 18 0.03358421 
457 134 8 10 0.033569384 
523 206 8 11 0.033561096 
216 94 10 12 0.03353742 
768 414 10 13 0.033508986 
103 461 13 15 0.033506278 
415 85 8 10 0.033491325 
301 132 10 12 0.03347507 
445 292 12 15 0.033458963 
622 199 10 12 0.03343788 
437 234 10 13 0.03342603 
198 657 15 20 0.033404987 
325 213 10 13 0.033397682 
935 141 10 14 0.033391472 
175 102 9 11 0.033383094 
893 147 14 18 0.033371203 
407 21 7 9 0.033356454 
845 360 10 13 0.033348195 
814 317 10 13 0.033314597 
520 162 8 10 0.03327764 
633 377 12 15 0.03326322 
369 79 9 10 0.033221487 
663 188 10 11 0.03321424 
660 525 13 18 0.03320052 
775 69 9 12 0.033135224 
688 293 10 14 0.033121455 
246 429 15 17 0.03308151 
350 152 8 11 0.033062812 
768 174 8 10 0.033039156 
524 394 13 17 0.03301919 
344 172 10 11 0.03299124 
516 70 8 10 0.032967947 
889 617 18 23 0.032966934 
566 245 9 12 0.03293039 
708 336 11 14 0.032918707 
562 120 7 9 0.03287905 
370 16 7 9 0.0328757 
574 248 18 22 0.032824874 
425 24 7 9 0.03277646 
118 398 19 27 0.032724474 
121 94 8 10 0.032723665 
284 212 13 15 0.032710183 
547 213 11 14 0.032703787 
161 69 9 10 0.032671418 
263 336 10 12 0.032667536 
192 1 8 8 0.032666888 
53 226 13 17 0.032664906 
641 21 8 10 0.032632265 
328 419 11 15 0.032631505 
713 218 10 13 0.03262351 
711 438 13 17 0.032621715 
184 14 8 10 0.0325757 
680 325 12 16 0.032538198 
692 502 16 21 0.032500762 
816 154 19 23 0.032492846 
946 326 12 16 0.032467596 
745 373 11 13 0.03241226 
206 110 9 12 0.032362364 
576 187 11 13 0.032357976 
525 386 13 16 0.0322955 
417 23 8 9 0.032279972 
763 93 12 14 0.032257408 
553 325 11 15 0.032254994 
295 336 10 11 0.032248512 
649 0 8 10 0.03223416 
522 200 20 22 0.0322191 
610 149 11 13 0.032212682 
591 252 10 13 0.032198053 
336 71 8 11 0.032194007 
495 62 8 9 0.032181 
756 350 10 12 0.032156486 
150 23 8 10 0.03214077 
574 278 10 12 0.032136545 
778 362 12 14 0.03207926 
255 117 10 12 0.032075845 
503 13 9 11 0.032045353 
896 308 12 15 0.032038134 
748 357 10 13 0.032030065 
687 404 11 13 0.032028273 
638 61 8 11 0.031992305 
1011 487 13 20 0.031979118 
753 674 19 21 0.031962067 
339 451 13 17 0.03195474 
601 332 13 15 0.031948283 
663 245 10 12 0.031927537 
428 389 13 16 0.03192057 
387 424 14 17 0.03191233 
672 16 9 11 0.031892437 
458 32 7 9 0.031879175 
548 276 11 13 0.03186162 
95 198 14 18 0.03185037 
498 106 8 9 0.03183397 
199 7 8 9 0.031802826 
741 474 13 17 0.031799715 
618 79 7 10 0.031796202 
637 323 12 16 0.031757493 
92 255 13 18 0.031752642 
629 237 11 14 0.03169627 
449 468 17 22 0.03169295 
450 95 7 10 0.031690776 
221 135 11 13 0.031685106 
975 599 15 19 0.031660657 
337 7 6 8 0.03164272 
400 55 8 10 0.03162005 
470 285 9 12 0.031609498 
246 124 11 12 0.03158475 
767 301 9 11 0.031582534 
526 278 10 13 0.031546954 
229 175 10 13 0.031489763 
413 338 14 18 0.031487208 
545 128 7 9 0.031464312 
407 338 13 15 0.031446263 
460 317 12 14 0.031438343 
509 540 14 18 0.031424217 
161 185 12 15 0.03139835 
639 238 11 14 0.031375866 
414 102 8 10 0.031341176 
76 278 13 18 0.031331934 
584 64 8 10 0.031317674 
234 351 13 17 0.031280264 
576 343 11 13 0.031261396 
677 356 12 14 0.03125403 
528 134 8 9 0.03125276 
277 212 12 15 0.031179452 
619 212 12 14 0.031170523 
605 172 9 12 0.031148706 
541 417 17 21 0.031147154 
414 425 12 17 0.03114304 
570 180 9 11 0.031098094 
335 349 9 11 0.031054232 
590 200 9 11 0.031031484 
982 300 10 12 0.031028667 
105 89 8 10 0.03100407 
590 87 7 10 0.030985719 
102 466 15 18 0.030984249 
113 278 15 19 0.030983798 
297 39 7 10 0.03096369 
382 31 7 8 0.030912943 
334 206 10 13 0.030902062 
514 435 14 17 0.030899633 
504 7 10 12 0.030893145 
128 176 11 14 0.030867139 
359 15 7 8 0.03085851 
584 156 9 11 0.030856166 
117 416 15 21 0.030851778 
808 324 10 14 0.030844893 
672 238 10 14 0.030821282 
440 260 10 12 0.030800862 
224 229 12 14 0.030787775 
536 383 13 16 0.030780826 
822 150 13 15 0.03073236 
666 62 8 10 0.030700132 
838 424 14 19 0.030694637 
520 181 9 12 0.030693058 
819 515 16 22 0.03068553 
814 311 11 12 0.030681381 
127 388 13 17 0.03067965 
194 77 8 11 0.030679129 
177 93 8 11 0.030678457 
708 107 9 12 0.03067353 
608 63 9 10 0.030668138 
455 276 11 12 0.03060401 
366 428 12 16 0.030585248 
768 64 8 10 0.03057385 
683 465 14 18 0.0305706 
595 587 13 17 0.030560795 
288 152 19 23 0.030538637 
633 103 10 13 0.030522645 
883 138 20 25 0.030519834 
518 190 9 12 0.030514505 
274 558 16 20 0.03050369 
758 638 22 27 0.030497214 
123 328 14 18 0.030489573 
504 175 8 11 0.030485215 
442 79 7 9 0.030479662 
327 444 11 15 0.030478798 
621 351 11 14 0.030459903 
282 16 7 9 0.030439874 
488 22 8 10 0.03042669 
517 386 13 17 0.030393427 
461 252 10 13 0.030392744 
855 433 13 16 0.030381475 
804 523 16 19 0.030345103 
657 21 8 9 0.03033771 
335 108 9 11 0.030332347 
745 87 9 10 0.030253042 
445 223 9 11 0.030217912 
551 347 11 15 0.030216368 
689 23 9 10 0.030208413 
566 284 11 13 0.030132713 
654 361 11 14 0.03010792 
358 443 16 20 0.030089974 
758 428 10 13 0.030068245 
198 322 11 14 0.03004929 
305 150 10 12 0.030033402 
317 186 17 21 0.03000886 
443 265 17 20 0.0299922 
368 171 18 21 0.029987209 
285 436 12 16 0.02998645 
659 552 14 19 0.029982833 
222 410 12 15 0.029974727 
817 376 12 15 0.029961867 
558 237 10 13 0.029954553 
432 260 9 12 0.02994255 
349 472 13 17 0.029935597 
681 95 8 11 0.029914137 
189 155 12 15 0.029900255 
449 203 9 11 0.029894313 
614 300 11 13 0.02988764 
754 173 9 11 0.029879907 
742 191 9 13 0.029868014 
717 150 9 11 0.029858144 
633 134 8 12 0.02981577 
301 229 13 18 0.029761877 
289 175 10 13 0.02972374 
899 342 11 14 0.029720152 
687 459 13 17 0.029703904 
409 49 7 8 0.029699923 
173 639 22 27 0.029685505 
935 180 10 14 0.029683117 
882 403 12 16 0.029678736 
113 226 19 22 0.029664071 
45 530 13 18 0.029647896 
334 143 9 10 0.02964477 
560 151 8 10 0.029640028 
569 371 14 18 0.029629873 
422 478 13 16 0.029616138 
413 475 13 16 0.02961115 
432 200 9 11 0.02960735 
710 294 10 14 0.029585948 
259 86 9 11 0.029577164 
673 247 18 21 0.029556863 
407 32 6 9 0.02952587 
837 387 11 14 0.029507607 
272 46 8 9 0.029498512 
699 524 15 19 0.029480403 
439 428 12 17 0.029395672 
722 361 13 15 0.029391577 
237 234 12 15 0.02935148 
600 268 11 12 0.029342698 
206 242 15 17 0.029321091 
444 461 15 18 0.029308526 
466 258 19 23 0.029305676 
591 68 7 11 0.029295582 
481 22 6 10 0.02925016 
457 143 8 10 0.029247537 
401 86 7 10 0.029217502 
799 311 10 12 0.029170394 
182 202 12 17 0.029167823 
652 542 15 19 0.02914316 
804 191 12 16 0.02914229 
342 208 20 24 0.029126287 
564 341 12 15 0.029121036 
777 143 10 12 0.029119546 
61 246 12 15 0.02910691 
305 16 7 8 0.029086852 
398 1 9 9 0.02908499 
301 416 13 16 0.029071055 
146 139 18 23 0.029021773 
693 14 9 11 0.028998014 
475 359 19 23 0.028997352 
373 496 18 26 0.028963083 
157 196 13 15 0.028953826 
678 165 10 12 0.02886699 
536 153 8 10 0.028857525 
558 284 11 14 0.028842097 
150 5 8 10 0.02882344 
566 602 14 18 0.028819121 
988 588 15 19 0.02881458 
588 12 9 11 0.028810274 
824 311 10 11 0.028766759 
494 453 12 16 0.028759446 
295 49 7 10 0.02875863 
403 217 12 15 0.028755073 
461 265 19 23 0.028747696 
822 333 11 13 0.028746659 
563 13 8 11 0.028745927 
704 68 8 11 0.02874228 
572 521 14 18 0.028739206 
288 1 8 9 0.028735569 
553 30 10 12 0.028710043 
242 62 7 9 0.02869764 
807 319 9 12 0.028694432 
326 204 11 13 0.02866349 
671 294 10 12 0.028662741 
399 436 12 15 0.028622372 
365 587 12 14 0.028588068 
182 440 13 17 0.028584523 
633 31 8 10 0.028583039 
636 185 17 21 0.028546564 
514 103 7 9 0.028479144 
433 235 9 12 0.02846291 
480 182 8 11 0.02846159 
368 7 7 9 0.028414337 
638 388 10 13 0.028411489 
368 628 24 30 0.02839521 
539 141 7 10 0.028378893 
539 605 16 21 0.028376289 
676 436 15 18 0.028375436 
293 168 18 22 0.028368456 
997 328 14 19 0.028355569 
464 126 8 10 0.02835434 
696 83 9 12 0.028331462 
14 585 15 17 0.028330674 
575 149 9 11 0.028292498 
382 7 8 10 0.02826884 
784 514 20 26 0.02826273 
248 50 8 10 0.028261736 
459 220 9 12 0.028228965 
582 267 10 13 0.028200217 
632 40 8 11 0.028186854 
540 357 13 15 0.028176332 
382 301 11 14 0.028088896 
721 108 9 11 0.028084164 
336 579 13 16 0.028063448 
126 282 12 16 0.028055452 
653 175 11 13 0.028052345 
996 576 17 19 0.028035197 
589 178 12 14 0.028021153 
695 373 11 15 0.02801899 
534 278 11 14 0.027971901 
513 127 7 9 0.027913976 
261 101 10 11 0.027898574 
760 318 10 13 0.02789098 
106 350 23 30 0.027877059 
381 328 11 13 0.027836816 
499 120 7 8 0.027800784 
542 69 8 11 0.02776639 
207 156 19 22 0.027751084 
229 234 13 15 0.027715413 
815 334 10 13 0.027699647 
110 95 9 11 0.027696645 
574 168 9 11 0.027693596 
946 444 13 19 0.027674234 
957 540 15 20 0.027658543 
368 421 12 16 0.02760608 
86 658 24 27 0.027600998 
487 1 10 10 0.027567577 
621 375 15 18 0.027537625 
393 1 8 9 0.027498981 
248 0 8 9 0.027443735 
431 269 9 13 0.027439859 
262 341 11 12 0.02743344 
246 86 9 11 0.027415063 
861 662 13 18 0.027394112 
530 353 20 24 0.027393922 
497 48 9 10 0.027388362 
407 38 7 9 0.027376352 
317 383 12 14 0.027370617 
221 167 9 13 0.027366001 
796 498 16 20 0.02733919 
110 379 15 18 0.027330332 
160 56 8 10 0.027324013 
294 265 12 16 0.027317509 
111 127 10 12 0.027313564 
826 664 23 28 0.027313 
935 401 16 20 0.027301203 
456 371 15 18 0.027299749 
855 547 11 14 0.027278332 
353 39 7 9 0.027248463 
238 467 12 15 0.027247801 
205 429 14 16 0.027228454 
359 2 8 8 0.027193947 
127 94 8 10 0.027186612 
384 126 8 10 0.027181752 
295 16 8 8 0.027165487 
439 658 17 22 0.027145296 
515 160 7 10 0.02713679 
124 143 10 12 0.027134042 
312 69 8 10 0.027097715 
294 413 12 14 0.027062474 
409 150 9 11 0.027027981 
499 475 15 19 0.027020488 
768 181 9 11 0.027001915 
400 62 8 10 0.02700087 
343 1 8 8 0.026974712 
479 1 10 11 0.026965016 
305 396 10 14 0.026963877 
728 191 9 10 0.026943628 
701 285 11 14 0.026920248 
224 52 8 10 0.026910113 
102 165 11 15 0.02690123 
72 646 21 28 0.026868656 
586 356 12 15 0.026843628 
759 123 9 11 0.026837016 
537 47 7 10 0.02682101 
629 213 11 13 0.026812289 
678 276 10 14 0.026776358 
100 394 13 15 0.02676044 
264 412 20 24 0.02673891 
966 340 11 15 0.02673723 
440 604 21 29 0.026716461 
351 62 7 9 0.02670093 
837 340 11 13 0.02669036 
533 430 13 15 0.026670398 
360 105 9 10 0.02666883 
232 63 8 9 0.02664803 
924 434 15 20 0.026616102 
392 77 8 10 0.026596762 
507 640 21 29 0.026578635 
708 590 15 19 0.026575401 
504 63 8 9 0.026573697 
416 394 13 16 0.02656818 
718 288 9 12 0.02656545 
775 63 7 10 0.026556388 
168 22 7 10 0.026541341 
272 24 7 10 0.026539875 
38 508 14 18 0.026538962 
181 366 20 25 0.026536906 
138 228 12 16 0.026494827 
473 54 8 9 0.02646566 
451 397 13 16 0.026456404 
808 450 13 17 0.026448771 
313 132 10 11 0.026445813 
247 212 10 13 0.026430123 
1013 416 11 17 0.026412716 
216 363 9 12 0.026388686 
725 245 10 13 0.026379861 
394 62 8 10 0.026379727 
598 260 11 13 0.026372736 
653 6 9 10 0.026371118 
401 15 7 10 0.02636703 
305 78 8 11 0.026364164 
305 143 9 11 0.026363162 
900 419 14 18 0.026362795 
480 55 7 9 0.02635637 
361 140 9 11 0.026306935 
849 155 12 14 0.026283259 
60 616 14 18 0.026282776 
640 547 13 18 0.026276113 
671 32 8 9 0.026234664 
807 417 11 15 0.026226196 
693 71 9 11 0.02622428 
870 149 12 16 0.026221912 
320 364 10 12 0.026208691 
725 641 20 28 0.026183976 
478 113 8 10 0.02618019 
537 71 7 9 0.026155261 
707 614 15 20 0.026103128 
287 29 8 10 0.026099708 
557 596 13 16 0.026094085 
223 420 12 15 0.02609333 
161 14 8 9 0.026032204 
611 243 11 14 0.02603159 
647 570 18 23 0.026027218 
262 454 13 16 0.026021011 
711 120 9 11 0.026004782 
449 166 8 12 0.025991758 
502 85 8 10 0.025982372 
154 105 18 22 0.0259714 
107 641 16 20 0.025937352 
574 197 13 15 0.025912043 
416 5 8 10 0.025905615 
495 206 10 12 0.025898514 
504 247 10 12 0.025891138 
340 635 15 18 0.025889339 
559 230 9 12 0.025886668 
734 93 8 11 0.025865072 
514 634 16 19 0.025860885 
334 364 11 13 0.02582369 
464 142 8 10 0.025820721 
607 69 9 10 0.025812669 
304 390 10 13 0.025800098 
659 277 12 14 0.025794812 
344 18 6 8 0.025776984 
331 187 10 13 0.025774064 
615 97 9 11 0.025752518 
583 247 10 13 0.025729349 
254 182 10 13 0.02569321 
319 215 11 14 0.02568963 
205 196 12 15 0.025666736 
471 324 11 14 0.025664302 
215 151 10 13 0.025646547 
876 154 12 14 0.025642326 
369 32 7 9 0.025627725 
86 150 11 13 0.025586706 
249 140 11 13 0.025568563 
247 199 9 12 0.02556576 
713 363 11 14 0.025553843 
750 334 10 12 0.025544181 
313 111 8 11 0.02553942 
560 222 9 11 0.025531914 
946 303 11 14 0.025518797 
471 332 12 14 0.025516663 
180 120 11 12 0.025516272 
594 310 11 13 0.025515927 
283 349 9 11 0.025514305 
182 183 13 15 0.025503352 
688 280 13 15 0.02550193 
353 16 6 8 0.025501402 
393 143 9 11 0.02550069 
373 373 13 15 0.025477694 
955 309 13 18 0.025476724 
490 571 15 18 0.025474766 
510 206 8 10 0.025472429 
783 154 10 13 0.025471836 
600 103 7 9 0.025463581 
131 283 13 17 0.025455352 
640 286 11 14 0.025453988 
704 391 10 12 0.025451934 
576 525 21 27 0.025431758 
845 664 15 19 0.025424367 
767 340 9 11 0.025420846 
688 167 9 11 0.025412334 
106 482 14 19 0.025387576 
279 334 11 14 0.025373235 
844 68 11 16 0.025332889 
973 517 14 17 0.025318919 
960 370 11 16 0.025311792 
387 390 15 18 0.025298098 
869 402 13 17 0.025294464 
693 404 10 13 0.025268102 
935 324 15 18 0.025251016 
491 269 11 13 0.025234029 
1004 517 14 17 0.025211506 
699 469 16 20 0.025208937 
391 191 10 14 0.025202505 
464 37 8 10 0.02517175 
710 94 8 10 0.025151704 
694 143 10 11 0.02513675 
321 184 10 13 0.025135536 
457 210 18 21 0.025133284 
543 254 9 12 0.025123263 
701 197 9 12 0.025123093 
599 24 8 11 0.025110774 
664 31 8 10 0.025110338 
623 6 9 11 0.025107047 
303 46 8 10 0.02509042 
204 182 11 13 0.025043003 
102 349 11 14 0.025040546 
565 85 9 11 0.025038788 
301 192 11 13 0.025036836 
51 579 17 22 0.025036665 
164 232 14 17 0.02502473 
134 38 8 11 0.025020646 
704 315 12 15 0.025007091 
474 86 7 10 0.024978196 
1012 641 13 20 0.024971344 
645 262 11 13 0.024968505 
167 104 10 12 0.024924256 
104 414 20 28 0.02490447 
256 137 19 23 0.024891065 
860 117 21 25 0.024877679 
388 460 14 18 0.024875278 
935 157 10 13 0.024841774 
61 139 13 16 0.024825031 
84 188 11 16 0.0248007 
609 24 9 10 0.024795238 
466 608 15 19 0.024785155 
848 316 9 12 0.024776826 
566 238 9 12 0.024758756 
640 213 10 13 0.024749389 
692 52 9 11 0.02474493 
504 150 8 9 0.024728803 
183 213 12 15 0.024711424 
381 211 20 25 0.024696426 
518 261 9 11 0.024680743 
127 116 9 12 0.024677003 
528 220 9 11 0.024663799 
488 294 11 13 0.024657464 
710 262 10 12 0.024637489 
954 651 27 36 0.024634903 
282 78 8 10 0.024613485 
366 521 14 19 0.024605492 
680 101 8 11 0.024602981 
617 85 7 10 0.024590444 
179 396 14 17 0.024585132 
712 187 9 11 0.024580838 
584 149 9 12 0.024575735 
425 113 8 10 0.024570849 
621 159 9 13 0.024570199 
313 631 22 27 0.024562191 
296 125 10 12 0.024547145 
817 660 19 22 0.024513213 
503 310 11 14 0.024508333 
639 333 12 13 0.024505168 
865 133 20 25 0.02449199 
634 54 8 10 0.024474736 
615 292 12 14 0.024473233 
862 136 12 16 0.024469348 
229 154 11 15 0.02446546 
641 86 8 10 0.02446298 
608 96 8 10 0.024459697 
893 346 11 15 0.02444619 
734 460 14 17 0.02442896 
61 210 14 17 0.024427239 
728 120 8 11 0.02442142 
948 338 13 15 0.024412386 
878 116 10 14 0.02438877 
931 545 16 21 0.024377437 
647 45 8 9 0.024352493 
997 320 25 33 0.024340093 
501 458 13 17 0.02433259 
602 502 16 21 0.024324214 
431 181 10 12 0.02432358 
52 286 15 18 0.024320792 
111 311 21 27 0.024300264 
343 412 11 13 0.024286639 
111 188 19 24 0.024282899 
640 80 8 9 0.024273394 
656 47 8 10 0.02425801 
645 211 11 13 0.024221446 
538 184 9 11 0.024172105 
577 128 7 9 0.024143426 
462 53 9 10 0.024107099 
676 1 13 12 0.024105502 
425 103 8 10 0.02409496 
568 253 11 13 0.024079716 
529 103 8 9 0.024073448 
744 101 9 12 0.024056267 
160 216 18 22 0.024035392 
302 111 9 11 0.024020264 
748 366 11 13 0.024017746 
128 102 8 10 0.024006 
270 424 12 16 0.023951966 
329 78 7 10 0.023917988 
499 163 9 12 0.023903795 
681 86 8 10 0.023900095 
278 429 13 17 0.02389923 
602 358 10 14 0.023897754 
88 125 10 13 0.023864642 
630 386 12 14 0.023860984 
966 579 13 16 0.023848988 
891 316 14 18 0.023827508 
655 246 10 13 0.023812462 
840 358 10 14 0.02381215 
192 412 13 17 0.023808517 
127 62 8 10 0.023807911 
126 71 8 9 0.023807757 
147 231 15 17 0.023782954 
683 125 8 10 0.02375583 
112 141 10 14 0.0237539 
231 396 11 14 0.023751585 
665 200 10 11 0.023739172 
367 325 10 12 0.023724413 
293 666 26 30 0.02370824 
307 232 15 18 0.023695374 
581 438 14 18 0.02369159 
622 445 13 18 0.0236858 
529 127 7 11 0.023668593 
282 399 18 24 0.023667423 
525 181 9 11 0.023666847 
931 517 15 17 0.023582866 
481 341 18 24 0.023563864 
433 288 10 13 0.02355544 
46 565 20 24 0.02354317 
900 461 16 21 0.023540419 
288 126 9 13 0.02352405 
43 243 14 21 0.023488428 
710 395 10 13 0.023481688 
735 85 9 12 0.023469696 
395 342 13 15 0.02345594 
528 187 19 21 0.023452733 
962 519 16 19 0.023440147 
704 95 8 10 0.02340968 
780 302 10 12 0.023401761 
323 220 11 14 0.023400024 
341 154 18 22 0.023392014 
545 80 7 10 0.02338245 
566 229 10 11 0.02338054 
436 603 16 20 0.02337721 
152 166 11 13 0.02337383 
907 415 18 21 0.023372443 
381 375 13 16 0.023369782 
825 157 13 17 0.023363672 
537 54 7 9 0.0233588 
924 170 12 16 0.02334558 
149 195 13 17 0.023342524 
479 208 9 10 0.023321493 
484 445 13 17 0.023303382 
226 88 9 11 0.023296027 
563 7 8 11 0.023295442 
362 47 8 9 0.023284985 
492 514 14 19 0.023284435 
643 411 13 16 0.023274498 
462 94 8 10 0.023261178 
368 373 11 13 0.023259187 
736 214 8 12 0.023251612 
487 244 9 12 0.023233263 
933 333 23 26 0.023200307 
630 179 10 12 0.023191955 
266 190 18 21 0.023183856 
898 331 12 16 0.023182869 
337 605 24 29 0.023172066 
169 130 19 22 0.02317109 
337 1 8 8 0.023148002 
268 442 14 17 0.023146113 
574 322 18 24 0.023142096 
362 127 7 10 0.023131382 
159 1 8 8 0.023123482 
335 46 7 9 0.023108514 
683 380 18 22 0.02310443 
544 64 7 10 0.0230948 
615 317 13 16 0.023092717 
274 420 12 14 0.023091936 
957 154 10 14 0.023082208 
945 403 16 20 0.023080548 
877 144 18 23 0.02306648 
804 632 16 19 0.023064468 
432 30 7 8 0.023053652 
752 342 9 11 0.02304878 
686 334 14 17 0.023017311 
262 357 11 13 0.023017194 
382 193 20 23 0.023014238 
358 412 10 13 0.023007294 
245 222 11 12 0.023001265 
791 203 10 13 0.023000523 
290 655 22 28 0.022987703 
678 63 8 9 0.022987232 
399 5 8 9 0.022959191 
618 173 10 12 0.022958547 
520 213 9 12 0.022896871 
875 347 14 18 0.022871993 
605 389 12 13 0.022858756 
628 358 11 14 0.022856621 
621 301 11 13 0.022846106 
652 282 18 23 0.022842778 
137 87 7 8 0.022831164 
175 403 14 18 0.02277128 
599 364 11 15 0.022738637 
238 426 11 14 0.022725053 
106 109 10 12 0.022719959 
735 323 18 22 0.022711772 
137 96 7 10 0.022696596 
983 577 13 17 0.022693425 
559 195 12 15 0.022683552 
673 220 9 12 0.022669585 
114 386 16 19 0.02266291 
422 46 7 9 0.022647263 
815 140 24 28 0.022637682 
604 326 11 13 0.02262924 
801 561 20 27 0.022626229 
376 339 11 14 0.02260058 
84 108 10 12 0.022548664 
735 102 8 10 0.022532845 
351 412 11 14 0.022485638 
585 28 9 12 0.022484677 
429 321 12 15 0.022457011 
550 652 14 20 0.022422636 
385 226 15 18 0.022413583 
361 345 20 25 0.022390116 
447 159 9 11 0.022385268 
815 536 14 17 0.02237451 
743 220 9 12 0.022371393 
388 521 16 21 0.022360768 
848 621 16 21 0.022355963 
495 387 13 16 0.022275092 
319 414 12 15 0.022272617 
491 310 12 15 0.022271149 
205 116 10 12 0.022261985 
422 230 11 13 0.022261398 
694 63 9 10 0.022254711 
328 32 6 9 0.02225349 
206 282 10 13 0.022243153 
677 404 13 14 0.022234634 
277 178 17 22 0.022226255 
575 221 10 12 0.022213975 
134 55 8 9 0.022212343 
624 94 8 11 0.02218321 
518 95 8 9 0.02218122 
374 290 12 14 0.02217703 
45 343 21 26 0.022170981 
576 281 19 21 0.0221685 
760 368 9 12 0.0221647 
379 393 16 18 0.022159986 
300 544 15 20 0.022130866 
550 308 11 13 0.02211556 
467 220 11 13 0.022113888 
793 318 9 12 0.022113126 
582 129 8 10 0.0221075 
643 427 12 16 0.02210512 
430 356 11 15 0.022102475 
390 343 13 15 0.022089591 
704 635 21 24 0.022089103 
594 370 19 25 0.022069251 
339 555 14 17 0.022041874 
78 125 10 12 0.022037908 
476 626 16 18 0.022031156 
673 38 9 10 0.022015914 
428 402 12 17 0.021989046 
616 180 9 12 0.021986669 
415 111 8 10 0.02195485 
106 98 18 22 0.021942634 
271 72 8 9 0.021938242 
294 79 8 10 0.02193104 
172 277 11 15 0.021929294 
198 434 14 18 0.021923069 
64 637 23 29 0.021903262 
778 134 9 12 0.021875829 
809 607 18 21 0.021858644 
773 342 11 12 0.021833595 
599 186 17 23 0.021794874 
645 223 10 13 0.021785235 
147 173 12 15 0.021776335 
433 314 13 16 0.021764634 
670 125 8 11 0.021759322 
678 184 18 22 0.021757765 
783 126 10 13 0.021749875 
341 395 12 14 0.021744104 
123 192 18 23 0.021731386 
470 31 7 9 0.021718288 
358 379 11 14 0.021710986 
567 102 8 11 0.021705188 
703 380 11 14 0.021705166 
490 224 9 10 0.021682182 
721 326 9 12 0.021681882 
535 78 9 11 0.021672437 
324 545 19 23 0.021630729 
859 419 14 17 0.021594487 
484 578 14 17 0.021568934 
719 38 9 10 0.021559892 
84 458 14 17 0.021540906 
144 0 9 10 0.021529248 
726 285 9 12 0.021496585 
943 172 11 14 0.021494083 
696 254 10 11 0.021472238 
279 357 9 12 0.021453382 
664 70 8 10 0.021446088 
510 364 11 14 0.021442039 
206 221 13 15 0.021431755 
185 62 9 11 0.021410733 
437 629 18 20 0.02140189 
949 627 18 22 0.021401666 
446 135 8 11 0.021397969 
748 398 13 18 0.02139575 
971 371 14 16 0.021391716 
940 140 10 13 0.02138908 
705 172 9 12 0.02137989 
328 455 20 25 0.021365229 
350 464 14 18 0.02133522 
295 357 10 12 0.021325892 
544 611 16 21 0.021324167 
556 619 14 19 0.021321204 
397 428 12 15 0.021306286 
949 619 16 20 0.021288196 
512 31 8 10 0.021263905 
54 518 12 15 0.021263106 
493 298 11 14 0.021262648 
188 445 20 26 0.021262648 
572 420 12 16 0.021255579 
248 94 8 11 0.02125114 
409 104 238 252 0.021250186 
470 389 12 15 0.021250075 
727 61 9 11 0.021242045 
117 173 12 15 0.021236729 
176 16 7 10 0.021228034 
229 194 11 14 0.021225154 
721 94 8 10 0.02122209 
138 479 13 18 0.021220785 
867 315 12 15 0.02121181 
815 389 10 14 0.021208765 
172 243 14 17 0.021207573 
639 396 12 15 0.021200001 
869 595 13 18 0.021196805 
546 601 14 19 0.021180302 
923 557 16 22 0.02116282 
517 229 10 12 0.02116067 
821 396 13 17 0.021145273 
111 373 13 15 0.02113157 
533 489 15 18 0.021125883 
961 201 15 16 0.021122964 
689 16 9 11 0.021092214 
431 635 25 32 0.02106921 
447 41 7 9 0.021053571 
948 658 18 24 0.021020588 
548 284 12 15 0.021003244 
679 318 12 15 0.020994307 
166 315 14 18 0.020978944 
686 145 17 22 0.020978225 
420 437 14 17 0.02096407 
577 134 8 10 0.020958945 
106 508 21 25 0.02095864 
198 639 20 27 0.020954318 
599 36 9 11 0.020938048 
625 111 9 11 0.020885725 
804 505 15 18 0.020882633 
415 378 11 14 0.020866647 
822 326 11 15 0.020843538 
916 164 19 25 0.020839747 
1005 327 14 20 0.020830333 
844 431 14 18 0.020829864 
483 475 14 18 0.020826606 
494 609 12 18 0.020821126 
350 663 16 20 0.020816611 
679 374 12 15 0.02079168 
966 353 27 31 0.020789118 
356 589 12 15 0.020788867 
939 547 13 17 0.020777177 
537 63 7 9 0.020755386 
553 129 7 9 0.020752719 
277 125 9 12 0.020750022 
587 365 12 15 0.02073497 
433 449 14 19 0.020729426 
831 388 10 13 0.020713035 
504 196 9 12 0.020689886 
313 191 10 14 0.02068875 
333 658 16 20 0.020677708 
982 587 14 17 0.020672103 
14 279 106 142 0.020656563 
774 518 16 21 0.020644883 
323 620 24 28 0.02064316 
397 475 12 16 0.02064063 
1000 395 12 16 0.020633057 
428 438 14 18 0.020625448 
813 419 12 15 0.020612247 
670 341 13 16 0.020605616 
489 158 8 11 0.020601602 
560 110 7 9 0.020597337 
383 307 12 15 0.020590268 
526 450 14 18 0.020549383 
673 77 8 10 0.020546302 
648 78 8 9 0.020524098 
245 439 14 18 0.020517131 
636 459 14 20 0.020469014 
519 348 10 14 0.020455686 
724 350 11 14 0.020442098 
719 119 8 11 0.020438395 
769 363 10 12 0.020429455 
828 566 15 19 0.020416707 
580 536 14 19 0.020414101 
704 231 8 12 0.020412086 
223 14 7 9 0.020411931 
472 476 13 16 0.020410951 
968 348 12 15 0.020407952 
686 4 12 12 0.020406809 
359 24 7 9 0.020405814 
389 362 12 16 0.020389792 
446 214 9 11 0.020382479 
641 7 8 11 0.020372974 
182 326 9 12 0.020370705 
478 389 12 14 0.020368546 
705 481 17 21 0.020347895 
560 21 9 12 0.02034014 
542 639 15 18 0.020324845 
780 332 10 12 0.020320619 
501 183 9 13 0.020317435 
544 301 10 12 0.02031504 
303 164 18 23 0.020301871 
786 382 12 14 0.020301366 
420 428 12 16 0.020299342 
879 409 12 15 0.020296285 
479 302 11 16 0.020293621 
508 421 14 17 0.020283913 
580 588 13 17 0.020274097 
196 155 12 14 0.020271981 
470 382 12 14 0.020269124 
568 604 20 26 0.02025112 
170 227 13 15 0.02025077 
43 578 17 21 0.020234127 
471 24 7 9 0.02022603 
605 452 13 16 0.020223593 
415 96 8 10 0.020219846 
564 189 12 13 0.020202905 
68 494 14 19 0.02020277 
177 617 15 20 0.020202702 
886 346 12 17 0.020193381 
916 577 14 19 0.020170787 
854 405 14 17 0.020154785 
107 667 14 18 0.020139758 
517 63 9 11 0.02013354 
949 326 22 28 0.020131107 
470 576 15 21 0.020095637 
891 326 22 27 0.020093968 
150 29 8 10 0.020091757 
253 199 10 13 0.020089414 
121 597 17 21 0.020083841 
341 225 14 17 0.02008329 
494 325 11 14 0.020082662 
487 256 10 11 0.020075731 
726 76 9 11 0.020066857 
583 69 8 10 0.020047395 
580 318 12 15 0.020047305 
686 84 9 12 0.020019634 
493 215 17 21 0.020012429 
