10_People_Marching_People_Marching_2_373
971
258 264 31 37 0.9997633 
569 303 29 38 0.99974495 
380 187 31 39 0.99969804 
283 294 32 41 0.99961543 
772 188 27 35 0.9993705 
911 228 31 37 0.9993242 
223 311 30 38 0.9992718 
138 314 29 37 0.999238 
269 93 27 35 0.9991567 
982 152 28 33 0.99903727 
394 347 34 43 0.9989796 
169 387 33 39 0.99892336 
807 298 36 39 0.99881846 
368 384 30 38 0.998752 
984 241 31 38 0.99872893 
251 400 36 48 0.9987024 
267 201 29 33 0.99862766 
313 204 28 38 0.99852544 
55 306 30 38 0.9984843 
696 201 28 32 0.998439 
693 296 30 33 0.99815124 
275 364 38 48 0.9981345 
875 99 24 31 0.998018 
290 471 35 43 0.99799675 
716 174 24 30 0.9978974 
810 145 24 29 0.9978728 
250 467 39 48 0.997775 
700 341 31 38 0.9977634 
336 166 27 32 0.9977431 
87 375 37 46 0.9975674 
617 112 27 33 0.9972849 
757 277 31 34 0.9969694 
757 334 32 40 0.9965957 
168 289 36 44 0.99658835 
672 438 35 41 0.99651515 
71 472 36 47 0.9962316 
970 92 23 30 0.99574983 
21 320 38 42 0.9957253 
1002 374 23 37 0.99566156 
914 150 24 31 0.9951428 
943 207 28 32 0.9951277 
264 139 26 32 0.9949935 
863 135 24 29 0.99442554 
871 402 38 49 0.9941123 
107 425 44 49 0.9939365 
629 469 42 50 0.99355644 
181 121 25 33 0.9932827 
145 503 44 54 0.9931733 
979 438 28 35 0.9925804 
520 257 33 37 0.99237156 
510 413 43 52 0.9923207 
796 374 30 35 0.9920318 
756 234 28 35 0.99094677 
368 106 28 32 0.99083155 
858 296 27 34 0.9904337 
460 326 34 45 0.99015474 
408 426 36 47 0.9901406 
151 344 35 42 0.989422 
552 388 39 44 0.9893105 
995 79 23 28 0.9892107 
696 240 27 30 0.9886594 
885 176 26 31 0.98801315 
918 380 30 42 0.9876303 
766 115 24 27 0.9873854 
727 87 23 27 0.98626846 
967 191 23 28 0.98609483 
284 16 18 23 0.98609436 
657 140 25 28 0.98554206 
52 53 22 27 0.9855159 
841 157 23 28 0.9841679 
954 506 36 44 0.98409873 
764 494 41 55 0.984091 
838 76 25 29 0.98369884 
797 118 23 29 0.98366576 
87 189 24 28 0.9818264 
630 408 27 33 0.98074645 
933 293 22 30 0.9805093 
368 137 26 30 0.98012507 
165 72 23 27 0.9784414 
845 236 32 37 0.97724175 
185 15 19 23 0.9755003 
792 66 24 28 0.97303694 
501 93 24 30 0.9709848 
992 477 30 44 0.9698197 
879 276 25 28 0.96927285 
927 120 24 27 0.96894485 
793 18 21 29 0.9678366 
336 281 29 31 0.9667681 
826 55 21 27 0.96532327 
692 482 43 52 0.9643508 
355 79 21 25 0.9638246 
353 437 44 52 0.96378165 
207 262 27 34 0.9630621 
147 102 24 30 0.96048343 
348 51 18 22 0.95704114 
158 6 18 23 0.95682126 
123 6 17 21 0.9523457 
322 44 16 20 0.94894433 
319 538 43 48 0.94646156 
775 145 24 30 0.94559234 
852 49 21 26 0.9424224 
46 430 39 46 0.9401721 
874 68 23 26 0.9386815 
121 34 18 23 0.9342799 
756 29 19 24 0.9325189 
381 2 20 24 0.9320661 
625 175 24 28 0.9293428 
343 326 26 35 0.92708653 
849 207 25 31 0.92605865 
185 438 30 42 0.9215093 
817 182 22 27 0.92050093 
935 74 22 27 0.9196588 
775 88 22 26 0.91963494 
577 63 18 23 0.9179965 
480 41 19 23 0.9120387 
996 207 21 27 0.91054183 
142 42 21 25 0.9049792 
306 15 15 18 0.90424556 
106 302 24 30 0.90290064 
50 258 29 35 0.89753425 
406 55 17 20 0.89174294 
416 98 20 26 0.8909035 
253 165 24 30 0.88293535 
656 54 20 22 0.8817441 
670 138 24 30 0.879864 
614 75 21 26 0.8756482 
632 294 32 38 0.8678531 
549 47 15 20 0.8676261 
369 41 18 24 0.8616973 
57 224 23 27 0.8614667 
173 67 23 29 0.85496485 
363 13 14 19 0.8508265 
797 415 23 32 0.8459775 
771 52 17 21 0.84309685 
931 502 31 39 0.83389544 
641 30 16 20 0.83133495 
21 82 25 32 0.8243306 
204 202 28 33 0.82214254 
425 51 17 24 0.82147735 
115 56 22 27 0.81936157 
523 61 16 21 0.80486923 
546 96 23 28 0.79859173 
184 61 21 28 0.7968949 
793 272 28 30 0.79453856 
412 20 14 16 0.78864855 
197 100 22 28 0.78822756 
228 83 21 25 0.77934545 
130 387 29 38 0.76572454 
56 449 47 59 0.76367277 
666 398 29 35 0.76117927 
101 244 22 27 0.7538854 
208 227 25 30 0.750569 
730 8 16 20 0.7486032 
401 299 26 32 0.74355555 
141 126 26 33 0.71954364 
31 58 14 18 0.7150656 
206 63 22 27 0.7017921 
241 7 16 20 0.6836806 
566 0 13 14 0.66160524 
882 48 17 19 0.6525243 
166 189 29 31 0.6524014 
571 86 15 18 0.6415436 
815 90 21 26 0.62531173 
572 34 13 16 0.6183679 
393 250 35 38 0.61259604 
942 27 14 18 0.5849116 
134 85 21 26 0.5832064 
621 36 13 17 0.56534755 
2 88 15 21 0.5502919 
445 43 15 19 0.5379633 
820 37 14 18 0.53486747 
762 77 18 21 0.5345301 
259 75 20 23 0.5236197 
931 50 14 18 0.52047974 
461 80 18 26 0.49612126 
176 502 29 39 0.49559444 
229 28 17 20 0.4947553 
907 261 24 28 0.48796466 
456 13 13 16 0.4732398 
360 259 27 35 0.47260395 
587 374 25 30 0.45599568 
518 34 12 15 0.44194674 
743 177 25 31 0.43950537 
480 275 23 26 0.4385887 
54 356 29 38 0.43828574 
699 2 15 16 0.42994443 
915 81 18 24 0.42802256 
80 11 13 15 0.4257925 
331 102 25 30 0.41953847 
820 511 29 43 0.40430418 
340 131 22 26 0.39181116 
833 473 31 46 0.38910544 
957 285 27 30 0.38717616 
235 54 15 18 0.3685229 
839 219 33 38 0.3595388 
495 21 15 18 0.34799746 
996 126 23 30 0.3425532 
710 76 13 17 0.33850506 
785 74 23 28 0.33441323 
0 46 11 15 0.33415052 
745 161 21 27 0.33318987 
891 23 15 18 0.32623893 
537 75 16 20 0.32174397 
63 246 26 35 0.30728304 
213 0 14 14 0.29920658 
85 35 15 20 0.29420602 
57 22 12 14 0.28818536 
268 0 15 14 0.28244728 
707 144 18 23 0.28127682 
209 97 21 27 0.27625623 
186 212 24 29 0.27221134 
456 44 17 18 0.2644585 
622 2 12 14 0.26337966 
3 9 16 18 0.25515386 
549 254 31 37 0.25272736 
730 44 16 17 0.24198124 
606 331 24 31 0.24175191 
0 260 11 16 0.22755514 
614 15 11 12 0.22470497 
681 10 11 14 0.22340469 
207 242 25 33 0.22178642 
499 52 15 18 0.21335433 
555 22 13 16 0.21220045 
895 268 27 29 0.21158901 
657 186 24 28 0.21110821 
403 78 18 21 0.20763831 
906 72 21 25 0.20594177 
749 -1 15 17 0.20589776 
892 98 23 31 0.20536898 
-1 193 17 29 0.20520914 
207 192 15 19 0.20429374 
879 53 21 26 0.194112 
439 109 23 28 0.19210327 
350 -1 13 12 0.19046962 
347 21 16 20 0.18853074 
940 176 23 27 0.18766986 
945 20 13 15 0.18500353 
663 21 12 15 0.18433045 
331 433 34 42 0.1827138 
198 43 22 27 0.18042354 
937 463 29 33 0.17521015 
901 69 15 20 0.17293112 
832 446 12 16 0.16890144 
119 359 28 37 0.16854419 
772 11 14 17 0.16328548 
941 288 24 32 0.1622841 
637 58 15 20 0.16160585 
72 -1 11 11 0.15891649 
955 204 24 29 0.15462054 
242 108 14 18 0.14696282 
640 284 31 38 0.14657488 
608 21 10 13 0.14499618 
862 47 22 27 0.14440098 
663 0 12 12 0.14213559 
453 389 26 39 0.14193599 
947 389 25 30 0.14172739 
227 35 21 25 0.1411309 
564 434 23 27 0.14050707 
196 263 25 30 0.13801025 
25 22 10 12 0.13771729 
10 86 20 27 0.13616568 
568 377 33 39 0.13577038 
163 468 33 39 0.13460763 
727 66 13 16 0.13397142 
740 69 14 16 0.1308516 
516 2 12 15 0.1307826 
850 36 16 18 0.13047214 
540 11 13 15 0.12891558 
511 4 12 14 0.12731536 
61 233 24 29 0.12712672 
699 42 13 17 0.12651728 
260 150 25 33 0.12373908 
210 25 16 18 0.12313503 
294 1 15 17 0.1227745 
354 135 24 28 0.12211119 
104 315 28 38 0.12179083 
340 11 15 16 0.12171067 
380 135 24 30 0.120421894 
224 178 25 33 0.1201514 
669 228 23 29 0.120062605 
852 -1 13 12 0.119389534 
133 38 19 26 0.11789832 
541 313 16 20 0.11748289 
210 190 25 33 0.1167864 
187 52 21 27 0.115876324 
405 26 15 19 0.11427105 
636 72 15 20 0.11400946 
38 17 14 16 0.112353206 
354 23 15 19 0.11182279 
926 484 30 38 0.11162355 
73 240 16 21 0.11154657 
449 286 28 34 0.1111439 
870 497 21 28 0.11021793 
77 34 16 20 0.10850521 
318 0 13 13 0.108419105 
936 371 29 39 0.1064821 
301 220 16 22 0.10609482 
533 21 12 13 0.10604889 
607 27 9 12 0.10560183 
616 6 10 12 0.10382017 
94 395 44 55 0.10367323 
61 148 16 20 0.10326033 
668 23 12 14 0.102518 
99 116 23 28 0.101657055 
503 83 19 22 0.10023252 
668 267 25 32 0.099992365 
920 127 24 29 0.099283494 
375 7 19 23 0.09883071 
42 123 21 29 0.09852538 
404 131 15 21 0.09806216 
799 0 11 11 0.09803626 
400 87 18 21 0.097987875 
724 453 25 33 0.09592367 
120 312 29 36 0.09572196 
714 136 16 19 0.09542377 
665 350 26 31 0.09481647 
352 61 22 25 0.09446722 
846 4 13 15 0.093856685 
360 90 24 28 0.09368728 
3 206 15 24 0.09215969 
734 0 22 26 0.0909747 
495 65 14 17 0.09018313 
337 118 23 28 0.08793756 
739 153 19 23 0.08771572 
214 68 21 27 0.0875072 
844 465 29 40 0.0868989 
637 373 24 33 0.086357206 
828 491 31 47 0.08622379 
621 448 31 36 0.08620309 
55 372 37 45 0.08494614 
342 4 14 15 0.08439854 
72 377 36 39 0.08381899 
397 135 18 22 0.08233068 
609 6 9 10 0.08203311 
987 135 25 30 0.08185043 
842 251 31 37 0.08170625 
132 352 34 40 0.08164752 
769 130 25 30 0.081625395 
540 69 14 18 0.081087194 
30 20 10 13 0.080954805 
516 18 11 14 0.08039867 
187 41 18 21 0.08032185 
9 256 21 29 0.08004437 
102 370 33 43 0.07992405 
40 35 13 15 0.07951831 
418 322 26 34 0.07861853 
387 157 24 29 0.07860751 
47 176 25 28 0.078479104 
839 17 15 18 0.07808775 
114 242 17 21 0.077808544 
666 362 29 37 0.077695325 
803 54 15 18 0.077673525 
204 35 17 20 0.07750649 
405 307 30 36 0.07740455 
100 3 13 16 0.077165596 
706 28 14 17 0.07709101 
24 2 9 9 0.076140575 
651 271 27 33 0.07527192 
1012 27 11 16 0.075261295 
124 243 15 19 0.07520248 
512 130 24 30 0.07504799 
528 306 23 28 0.07496115 
813 196 26 33 0.074951656 
620 61 13 16 0.074934945 
240 83 15 18 0.07430069 
412 30 15 18 0.073953025 
820 19 12 15 0.07390521 
267 68 25 30 0.07376348 
268 46 25 30 0.073693916 
397 95 15 19 0.073673345 
808 419 17 22 0.07359359 
579 35 12 15 0.07339898 
923 74 20 27 0.07320579 
801 130 24 30 0.07271017 
1014 116 11 16 0.07236112 
692 61 12 16 0.072049856 
133 135 19 24 0.0717433 
971 0 18 18 0.07156448 
843 13 15 18 0.071249224 
403 256 21 23 0.07093765 
95 327 28 35 0.070920974 
475 116 25 28 0.0706915 
216 209 18 22 0.07060867 
603 328 18 23 0.070537835 
528 65 17 20 0.070194475 
943 193 25 31 0.07003663 
647 75 28 32 0.07001733 
169 443 35 39 0.06995679 
580 266 14 18 0.069881566 
93 12 11 15 0.069745466 
665 196 19 21 0.069354765 
501 382 29 31 0.06863983 
13 45 13 17 0.06856286 
211 9 16 19 0.06855413 
838 173 26 33 0.06747759 
651 382 37 47 0.06730298 
282 181 24 33 0.06632753 
937 515 18 23 0.06588181 
220 210 24 31 0.06585378 
260 82 23 28 0.06528049 
583 45 11 14 0.06517103 
576 123 15 20 0.0650752 
70 3 15 17 0.06491434 
442 371 29 43 0.064779654 
462 276 28 32 0.064343415 
0 69 10 16 0.06382899 
259 41 16 19 0.06364224 
767 6 14 16 0.0636298 
332 131 17 22 0.0631608 
525 55 12 16 0.063057326 
219 90 17 21 0.06302491 
408 15 14 18 0.062200565 
195 189 25 29 0.061894123 
232 17 20 22 0.06119679 
823 42 20 27 0.061156925 
904 372 26 37 0.060925838 
11 210 13 20 0.060623337 
503 0 10 12 0.060476124 
142 301 26 35 0.060433928 
21 62 22 25 0.06009767 
160 301 30 37 0.05994253 
581 55 13 15 0.059299313 
192 267 16 18 0.0591714 
437 365 26 34 0.059063405 
515 64 22 27 0.05873171 
596 250 16 20 0.05847912 
633 390 30 38 0.05834921 
678 345 24 32 0.058240898 
842 22 22 25 0.058228277 
938 50 13 17 0.058154028 
235 210 17 21 0.057707466 
706 21 14 15 0.057570815 
568 29 13 18 0.05744028 
403 93 21 25 0.057413872 
677 456 48 60 0.057309624 
884 63 20 25 0.057155315 
350 269 25 35 0.056921877 
832 447 20 26 0.056858864 
915 197 17 21 0.056793224 
332 285 20 24 0.056739897 
179 278 30 38 0.05654689 
2 297 25 32 0.056440465 
654 68 24 27 0.05625766 
157 370 38 46 0.05618962 
681 133 20 24 0.055990964 
23 60 14 17 0.05554092 
626 0 11 11 0.05552179 
14 67 14 17 0.055518787 
62 14 11 13 0.05539108 
98 266 16 21 0.05539093 
289 176 17 22 0.055155903 
618 69 17 21 0.05512759 
673 194 17 20 0.054982316 
739 88 23 27 0.05482225 
859 466 16 21 0.054611586 
556 411 33 39 0.05448621 
388 172 25 34 0.054474946 
459 24 16 19 0.054428954 
509 328 25 33 0.054105457 
896 174 25 30 0.05385346 
343 -1 14 13 0.05372517 
125 72 24 31 0.05272244 
495 0 11 11 0.05258541 
714 164 23 28 0.052501395 
512 31 12 15 0.05226325 
208 2 14 17 0.05218801 
322 3 14 15 0.051854115 
224 541 40 42 0.051846337 
26 70 24 30 0.051301025 
602 22 8 11 0.051291168 
71 12 12 14 0.051283713 
308 535 37 42 0.051264323 
0 143 21 33 0.051178634 
600 6 8 10 0.050764132 
-1 42 17 26 0.050746545 
179 185 26 33 0.050731465 
370 30 15 18 0.050572153 
95 4 12 15 0.05055144 
575 23 11 13 0.05040807 
792 386 35 45 0.050266754 
427 35 15 20 0.04994658 
731 67 17 19 0.049939454 
516 304 24 29 0.049690686 
453 86 17 22 0.04966112 
907 502 29 35 0.049627647 
19 45 12 15 0.049613774 
459 6 12 14 0.049318206 
628 102 26 35 0.049285587 
383 123 26 33 0.04901677 
540 17 14 16 0.048891276 
802 1 15 17 0.048868854 
550 25 14 17 0.048730485 
590 30 9 11 0.04858529 
57 542 37 41 0.048494253 
438 75 14 19 0.04839777 
898 365 24 32 0.048259623 
94 272 16 21 0.04817296 
623 423 34 43 0.04811069 
10 5 16 18 0.048084915 
399 29 12 16 0.048052967 
995 43 14 17 0.048007872 
657 0 10 11 0.04792154 
75 28 15 18 0.04769759 
641 5 9 11 0.04768756 
647 177 24 31 0.047600806 
578 90 13 17 0.04757737 
597 369 24 31 0.047565628 
512 11 11 16 0.047232762 
702 138 17 22 0.046956584 
233 91 20 26 0.04668416 
313 12 14 18 0.046637658 
725 113 15 19 0.04661201 
574 113 15 21 0.04657063 
472 83 15 19 0.046460547 
614 27 12 15 0.04604653 
714 82 15 18 0.045959286 
136 369 35 44 0.04590836 
555 262 18 22 0.04573741 
446 -1 11 12 0.045714807 
-1 57 11 18 0.045656078 
926 282 26 32 0.04554159 
188 32 16 19 0.045425948 
607 1 9 10 0.04535334 
623 32 20 24 0.045339063 
48 274 32 38 0.04513623 
110 380 40 49 0.045016196 
795 427 17 24 0.044993013 
630 60 15 18 0.044922125 
933 0 10 11 0.044753112 
641 0 9 10 0.044697054 
105 237 17 19 0.044673596 
54 220 18 22 0.044625085 
902 94 21 27 0.044620607 
50 16 21 24 0.044609837 
46 180 15 20 0.044322178 
299 539 28 33 0.044209007 
55 399 48 60 0.04420308 
19 75 17 21 0.044130795 
524 3 11 14 0.043871317 
43 358 26 34 0.043818288 
84 15 13 16 0.04363561 
158 183 25 30 0.043607917 
958 0 12 11 0.043503072 
597 66 13 17 0.04304034 
889 31 16 19 0.04297064 
792 0 11 10 0.042725768 
469 262 13 15 0.042636193 
586 51 12 15 0.042573195 
152 4 15 19 0.042414892 
407 329 30 40 0.04220604 
573 96 14 19 0.04217407 
261 382 37 47 0.042153697 
591 0 10 9 0.04184324 
20 51 14 17 0.04174726 
357 4 14 16 0.041720524 
645 54 19 24 0.04162217 
961 402 16 19 0.041448753 
483 74 16 20 0.041334383 
11 19 12 15 0.04117434 
818 28 16 20 0.04116429 
387 33 17 19 0.041039117 
38 4 13 14 0.04100734 
731 414 24 34 0.040887006 
862 459 23 34 0.040648174 
352 285 19 26 0.040607046 
865 273 38 48 0.0405338 
494 96 15 21 0.040383644 
142 0 13 12 0.04029343 
397 303 19 24 0.040107436 
206 17 16 19 0.040039953 
684 235 26 30 0.039995935 
308 8 15 18 0.039933566 
970 49 14 19 0.03993223 
479 21 10 13 0.03966913 
626 68 19 27 0.039657068 
509 392 35 43 0.039620157 
765 60 21 27 0.039586417 
109 350 29 39 0.039500985 
448 48 20 26 0.039110355 
761 21 22 27 0.03889689 
104 230 13 17 0.038895737 
601 28 9 12 0.03884807 
676 19 12 14 0.038750067 
712 151 18 22 0.0387407 
501 55 20 25 0.03851266 
334 17 15 19 0.03850968 
154 95 25 32 0.038459018 
23 14 11 14 0.038391132 
966 41 16 21 0.03838705 
26 203 14 17 0.038335446 
771 101 23 28 0.038317192 
549 108 17 22 0.038265146 
453 20 16 20 0.038173206 
132 211 15 19 0.03801971 
654 63 15 18 0.0378997 
48 127 23 30 0.037851065 
1006 43 14 19 0.03779355 
665 210 27 33 0.037712794 
687 142 18 23 0.03763296 
945 66 18 23 0.037394628 
809 82 21 30 0.037112202 
885 10 23 28 0.037052393 
30 0 11 11 0.037049815 
10 136 15 20 0.03696262 
11 61 24 29 0.036871962 
803 14 15 18 0.036770284 
783 134 23 31 0.03671868 
323 52 17 19 0.03654699 
829 225 27 32 0.03652925 
3 263 15 19 0.0363622 
654 405 29 35 0.036260974 
805 22 20 30 0.03624081 
737 186 23 33 0.036150124 
665 408 36 43 0.036031414 
36 22 21 24 0.03597408 
852 195 19 23 0.035892986 
224 33 16 19 0.03584335 
469 28 13 17 0.03576269 
766 82 24 26 0.03572128 
529 20 10 13 0.035408285 
630 400 18 28 0.035401497 
644 362 27 35 0.035176016 
820 521 18 26 0.034932885 
440 5 11 14 0.034820788 
33 81 18 25 0.034594126 
123 392 20 23 0.034584433 
55 150 26 28 0.034522586 
3 136 16 23 0.034475032 
487 21 11 15 0.034473684 
454 72 15 23 0.03446236 
695 112 15 19 0.03442518 
333 25 15 19 0.03442334 
397 42 14 17 0.034358878 
796 469 13 18 0.034323014 
990 38 14 17 0.034241807 
374 148 29 33 0.03408865 
768 14 20 25 0.03405515 
772 26 15 19 0.034010675 
496 417 27 34 0.03388961 
592 6 9 11 0.0337641 
616 1 12 11 0.033666924 
377 175 28 36 0.033646572 
972 37 12 17 0.03361294 
882 254 24 30 0.033442494 
225 224 18 23 0.033358864 
919 262 25 30 0.033333544 
367 240 44 54 0.03316321 
564 7 13 17 0.033155527 
901 363 15 19 0.03299949 
21 130 15 20 0.03294261 
885 38 15 16 0.032931242 
451 296 17 21 0.032865696 
879 177 17 22 0.03276669 
908 518 19 22 0.032655243 
124 272 15 18 0.032588962 
545 33 22 28 0.03255517 
649 454 49 60 0.03225227 
333 -1 13 12 0.03221989 
610 367 18 22 0.032219347 
997 50 14 17 0.032182947 
260 180 29 37 0.0321017 
904 189 24 29 0.032090664 
766 142 24 29 0.03209004 
983 454 33 42 0.032034237 
513 378 32 38 0.031959094 
19 257 23 32 0.03184119 
633 73 23 30 0.031831875 
460 69 13 18 0.031724118 
562 98 15 19 0.031679187 
150 202 13 17 0.031553384 
244 168 24 34 0.031492494 
334 4 14 15 0.031476237 
493 423 16 22 0.031312898 
950 0 12 11 0.031303726 
527 14 11 14 0.031296596 
660 17 20 24 0.031288292 
965 27 14 17 0.031186158 
557 37 12 16 0.031153804 
674 397 17 21 0.031144263 
756 90 14 18 0.031125734 
5 293 13 17 0.031100681 
376 434 35 45 0.031077903 
729 75 21 25 0.031053685 
630 298 17 20 0.0310472 
85 332 27 32 0.030962609 
421 104 23 27 0.030922102 
385 100 24 31 0.030830782 
807 180 24 31 0.030715415 
15 0 24 24 0.030659076 
950 17 24 27 0.030622613 
70 35 14 18 0.030602818 
689 66 12 16 0.030452136 
980 325 31 41 0.030398848 
21 208 15 20 0.030376498 
508 0 20 24 0.030338924 
510 19 12 14 0.030125588 
495 391 28 37 0.029913776 
223 98 21 27 0.029874936 
349 310 27 40 0.029738829 
445 78 21 27 0.029719587 
695 37 13 18 0.029419413 
1005 57 15 19 0.029278617 
2 39 14 17 0.029105386 
558 12 13 17 0.029071638 
493 72 21 27 0.028928852 
393 4 14 17 0.028847946 
638 84 28 37 0.028825179 
799 295 29 35 0.02873415 
20 101 16 20 0.028619949 
29 157 13 16 0.028577406 
616 472 36 39 0.028555777 
64 268 29 35 0.02848639 
772 467 29 34 0.028469956 
123 141 21 30 0.028166845 
465 86 22 29 0.02816593 
536 7 13 16 0.028163342 
354 165 27 34 0.028024856 
667 79 17 23 0.027973374 
40 41 13 17 0.027872356 
935 58 22 27 0.02781367 
219 18 15 19 0.027767058 
694 48 13 17 0.027718684 
366 172 25 32 0.02769788 
702 75 20 26 0.027690727 
283 5 17 18 0.02765309 
970 425 26 36 0.027631458 
92 338 15 18 0.027601862 
685 203 26 30 0.02750785 
382 329 15 18 0.027483156 
508 42 13 16 0.027466398 
851 76 22 29 0.02746552 
910 246 28 37 0.027405605 
616 39 15 18 0.027405104 
941 0 22 24 0.027351754 
279 75 21 30 0.02733178 
14 306 34 41 0.02726157 
422 44 17 21 0.027243879 
952 181 24 31 0.027152292 
783 276 27 34 0.027123407 
655 371 32 36 0.027121205 
653 432 45 55 0.027112668 
107 3 15 19 0.02703449 
3 74 13 17 0.026945896 
678 274 24 32 0.026891569 
741 283 23 29 0.026787236 
214 313 26 32 0.026705613 
854 298 19 25 0.026680702 
301 543 17 22 0.026661005 
978 402 18 20 0.02660654 
843 445 13 17 0.02656916 
571 263 19 23 0.02656692 
13 292 13 15 0.02655619 
388 41 15 19 0.026533727 
587 256 15 20 0.026396632 
76 16 16 18 0.02630319 
659 352 19 23 0.026195582 
923 160 25 31 0.026174057 
814 214 17 23 0.026156481 
725 56 22 27 0.02612877 
326 92 24 32 0.02603362 
177 215 20 23 0.026031384 
451 96 16 19 0.025986465 
346 29 19 23 0.025980812 
958 20 14 17 0.025913967 
600 0 10 10 0.02589581 
556 440 17 20 0.025871625 
180 456 31 39 0.025743956 
881 0 12 11 0.025706362 
577 399 19 23 0.02553244 
542 26 14 17 0.025456138 
27 214 20 29 0.025385866 
501 33 12 17 0.025365936 
808 53 22 28 0.02535078 
606 33 11 15 0.025339337 
14 0 11 11 0.025325237 
392 431 31 41 0.025237862 
792 461 23 32 0.025221052 
452 299 29 33 0.025203696 
582 21 9 11 0.025197553 
655 20 12 15 0.02518583 
34 127 22 31 0.025185741 
631 29 11 14 0.02518539 
1009 130 14 21 0.02515896 
620 10 12 14 0.025155544 
851 143 24 32 0.025142148 
475 76 15 19 0.025127267 
284 -1 15 13 0.025102528 
13 28 12 14 0.025049983 
834 263 30 35 0.024998596 
858 486 26 37 0.024990898 
441 96 24 30 0.024990119 
435 37 19 24 0.024917422 
417 30 20 25 0.024901727 
639 65 20 25 0.02489889 
994 45 22 29 0.024674235 
792 149 22 29 0.024657413 
38 310 32 43 0.024599954 
27 194 14 17 0.024475342 
5 24 14 17 0.02446901 
954 0 26 23 0.02444563 
54 203 14 18 0.024432385 
619 52 15 18 0.024395274 
376 402 34 41 0.024359604 
219 43 24 29 0.024357196 
786 253 28 36 0.02429995 
738 15 15 19 0.024296422 
479 87 22 27 0.02426704 
249 9 15 20 0.02422857 
930 106 24 32 0.024211295 
487 32 19 25 0.02416245 
524 42 12 17 0.024150485 
267 42 17 18 0.024144625 
758 473 31 36 0.024107262 
629 380 24 34 0.024089515 
968 403 26 31 0.024073524 
755 498 30 40 0.024017716 
751 289 29 34 0.023871046 
963 3 26 28 0.023864996 
155 432 32 40 0.023827815 
193 34 21 25 0.023817128 
658 0 22 21 0.02381181 
464 259 28 31 0.023804633 
459 56 15 20 0.02375733 
149 29 15 19 0.023746371 
229 60 21 27 0.023639098 
294 180 21 29 0.023635162 
325 329 25 32 0.023571372 
415 54 21 27 0.023568088 
553 84 22 27 0.02351985 
840 4 13 16 0.023426637 
942 12 23 26 0.023230985 
478 104 24 29 0.023141066 
59 213 16 18 0.023128986 
790 472 16 20 0.023105953 
803 512 15 21 0.023034962 
917 88 25 29 0.023021333 
428 27 16 19 0.022987658 
827 17 15 19 0.022986803 
637 96 14 20 0.022984393 
2 253 14 19 0.0229772 
791 439 27 35 0.022956498 
600 14 9 12 0.022948392 
481 61 21 26 0.022947207 
445 67 15 19 0.02291332 
531 15 22 24 0.022905186 
203 276 20 24 0.022904525 
543 34 14 18 0.022883272 
236 37 21 27 0.022879701 
38 261 23 31 0.022852791 
579 109 13 17 0.022851406 
440 0 12 12 0.02278569 
310 0 12 13 0.022784024 
643 380 28 35 0.022779208 
933 98 16 21 0.022775982 
626 369 24 30 0.022731338 
803 62 22 30 0.022705501 
155 168 26 34 0.022703957 
470 41 18 24 0.02262134 
685 285 26 35 0.0226208 
349 289 29 40 0.022603888 
999 59 14 18 0.02256054 
544 2 23 26 0.022539455 
183 356 28 34 0.022523075 
0 131 11 20 0.022520373 
290 212 22 29 0.022502247 
671 242 26 31 0.022484228 
985 425 19 24 0.022446113 
993 32 23 29 0.022425033 
871 508 14 20 0.022424104 
90 30 15 19 0.022422237 
122 68 19 24 0.022399725 
477 29 12 16 0.02237495 
1005 117 19 29 0.022327077 
948 51 15 17 0.022300635 
428 328 28 35 0.022294007 
410 68 23 29 0.022281578 
396 31 20 25 0.02225857 
41 365 37 47 0.022194833 
809 118 25 32 0.02215026 
967 282 21 23 0.022103036 
411 90 20 24 0.022073355 
569 433 30 39 0.02206212 
137 402 19 26 0.021987401 
782 19 20 27 0.021953555 
958 23 24 30 0.021937009 
568 39 13 18 0.021913143 
219 184 18 25 0.02189021 
932 84 24 31 0.021846466 
694 29 11 15 0.02184091 
588 62 21 25 0.02181265 
121 400 34 44 0.02177978 
248 101 21 29 0.021773549 
595 454 28 40 0.021771172 
358 102 25 28 0.02176863 
556 76 13 16 0.021723956 
190 116 24 32 0.021687128 
507 66 15 19 0.021680228 
477 66 15 18 0.021642134 
678 223 26 31 0.021627482 
2 76 39 53 0.021595063 
522 113 14 19 0.021587674 
883 0 17 18 0.02158414 
916 25 15 19 0.021581521 
845 270 30 38 0.021522902 
134 322 20 27 0.021499269 
860 29 14 15 0.02143128 
231 299 25 33 0.02142927 
930 272 15 20 0.02142303 
754 165 25 31 0.021414757 
796 88 15 20 0.021391654 
499 15 14 17 0.021386893 
767 241 29 35 0.021348104 
434 291 25 34 0.021334866 
380 25 16 20 0.021334747 
540 18 24 27 0.02131039 
396 250 21 23 0.021255357 
926 1 13 15 0.021236798 
22 122 14 19 0.021210486 
172 360 29 36 0.021188572 
607 76 14 18 0.02116338 
96 156 23 31 0.02113389 
949 368 31 39 0.02110815 
542 81 22 27 0.021103451 
995 26 16 19 0.021048285 
574 13 11 13 0.021031922 
46 249 25 32 0.020980092 
705 327 28 37 0.020968383 
439 345 27 34 0.020958928 
377 102 17 22 0.020917462 
912 400 28 38 0.020871846 
13 35 12 16 0.020863757 
851 470 18 24 0.020835964 
842 188 19 25 0.020782903 
94 301 23 29 0.020758156 
130 299 27 33 0.020756371 
544 92 15 19 0.020755475 
967 128 21 28 0.020730458 
405 6 12 15 0.020694865 
308 33 14 18 0.020675657 
181 5 14 17 0.020608246 
67 41 16 20 0.020597154 
701 70 12 16 0.020539604 
808 278 32 41 0.020534419 
982 127 22 28 0.020526605 
607 451 29 39 0.020505698 
21 27 12 14 0.020482302 
89 0 20 24 0.020479864 
736 458 17 21 0.020475345 
158 130 26 32 0.020475013 
650 34 14 17 0.020464709 
359 151 29 36 0.020461205 
609 9 20 24 0.020412877 
436 29 12 15 0.020387586 
994 219 20 24 0.020345507 
936 34 13 18 0.020316882 
19 293 12 14 0.020300578 
719 150 23 29 0.020230012 
710 98 14 18 0.020207757 
452 277 15 19 0.020190818 
22 113 14 20 0.020180902 
128 59 15 18 0.020121131 
693 73 13 17 0.020116528 
478 0 9 11 0.020114033 
156 67 18 23 0.020102236 
72 254 17 21 0.02010094 
758 47 15 19 0.020097723 
816 527 13 19 0.02009697 
641 308 19 24 0.020086007 
902 260 17 21 0.02005586 
147 387 29 36 0.02003161 
705 122 22 28 0.020002726 
