10_People_Marching_People_Marching_2_171
542
456 75 22 29 0.9864785 
265 492 23 29 0.9810509 
420 494 21 26 0.9794723 
838 100 21 27 0.9792332 
66 363 19 25 0.9667037 
306 438 21 27 0.9548546 
562 580 20 28 0.9532989 
10 633 24 27 0.9501974 
976 265 24 29 0.944504 
114 128 21 26 0.9444348 
747 274 22 29 0.9441165 
215 433 22 26 0.9403387 
307 358 22 25 0.9179285 
572 70 20 26 0.91204435 
193 307 17 20 0.9031308 
723 344 22 28 0.9026779 
672 91 21 28 0.89278066 
201 363 21 27 0.89233315 
345 113 19 24 0.84745294 
246 103 19 25 0.8455554 
103 546 20 25 0.8333853 
322 299 20 23 0.8218443 
453 533 20 27 0.81163853 
33 434 22 26 0.8003513 
5 142 18 23 0.75596607 
441 426 22 26 0.75184494 
391 359 19 21 0.7146067 
18 164 34 44 0.7100033 
468 355 19 22 0.6917017 
129 446 16 23 0.64076686 
768 67 24 32 0.62531674 
193 459 16 21 0.6137368 
341 618 20 28 0.561283 
607 381 20 30 0.537187 
457 471 31 35 0.5152629 
221 583 20 28 0.50483966 
482 436 25 30 0.47675082 
356 277 25 36 0.46329716 
563 425 24 28 0.4072425 
251 434 16 20 0.39682853 
337 340 23 30 0.39541227 
285 452 17 20 0.3950079 
260 422 13 15 0.39069214 
440 295 17 21 0.3575786 
166 428 14 17 0.3284021 
550 356 22 27 0.31735373 
220 321 13 17 0.3141042 
185 433 16 19 0.2735575 
275 403 18 22 0.2475232 
418 156 13 17 0.24138297 
365 482 13 18 0.23315181 
0 465 9 16 0.22691421 
158 171 14 18 0.18890812 
673 349 14 21 0.18835285 
905 329 28 34 0.1815329 
788 114 18 22 0.18140937 
30 405 13 17 0.18022296 
13 469 16 19 0.1747172 
418 308 16 19 0.17043036 
329 475 23 29 0.16743368 
149 460 13 15 0.16267732 
44 456 16 19 0.15931395 
182 308 12 16 0.15754978 
580 368 15 19 0.15455511 
12 448 14 19 0.15093113 
460 296 12 17 0.14895451 
426 369 15 19 0.1447004 
100 659 23 22 0.14240934 
681 160 30 33 0.14091727 
545 160 22 28 0.1404124 
0 616 17 21 0.13684696 
468 155 28 28 0.1293123 
324 401 24 28 0.1262986 
445 360 21 27 0.11438918 
3 522 13 15 0.101703085 
721 330 23 30 0.09858152 
176 317 11 14 0.09784467 
575 151 31 37 0.09472271 
979 310 29 40 0.09416062 
401 489 17 20 0.093806215 
6 567 15 19 0.090300806 
340 99 26 31 0.090237536 
213 589 26 31 0.090030156 
107 533 17 19 0.089809254 
220 404 17 21 0.08911936 
502 376 13 18 0.0879562 
38 442 20 27 0.08678669 
215 315 15 20 0.086774096 
958 341 22 28 0.08672079 
902 241 28 29 0.08464701 
469 324 15 19 0.08403066 
255 423 19 25 0.08335113 
164 363 13 18 0.08161 
381 509 15 19 0.081533395 
684 368 16 23 0.078109466 
419 320 17 21 0.07764384 
27 601 14 18 0.07744232 
979 502 25 32 0.07715966 
177 308 11 15 0.073833965 
278 455 17 21 0.073818296 
146 452 15 19 0.07364535 
367 411 16 20 0.06859937 
5 623 21 29 0.06837746 
31 490 14 17 0.068349995 
133 373 11 16 0.06803132 
571 283 16 20 0.06798182 
116 385 13 17 0.067072384 
339 376 19 25 0.06682937 
77 436 13 16 0.065977894 
410 398 25 30 0.06520723 
591 389 19 29 0.064489834 
986 326 30 39 0.06447192 
495 532 22 31 0.06428013 
791 266 26 35 0.06413824 
270 268 14 18 0.06411159 
290 443 17 19 0.063847266 
406 493 20 25 0.06372171 
547 364 17 22 0.06294136 
290 433 16 19 0.06278657 
721 324 16 20 0.06274938 
163 397 15 19 0.062274214 
496 371 12 18 0.062097173 
245 430 15 19 0.061725195 
187 482 17 22 0.06127764 
472 445 25 31 0.0608608 
89 566 15 17 0.060376965 
563 572 16 23 0.059951305 
138 479 17 21 0.059774723 
460 118 26 33 0.059774294 
370 407 24 27 0.059573915 
85 574 23 27 0.059212472 
661 344 22 28 0.058835566 
0 494 11 18 0.05870721 
318 476 25 30 0.058387954 
128 374 10 13 0.05833752 
379 331 16 19 0.05785981 
149 342 12 15 0.05776864 
540 597 15 18 0.057051923 
902 341 15 22 0.05681135 
85 437 12 16 0.0567384 
98 483 16 20 0.056172594 
45 578 17 19 0.05598857 
952 112 57 59 0.05598592 
165 308 11 13 0.055364423 
567 277 13 17 0.05535229 
180 324 12 17 0.055014227 
662 368 21 30 0.054823283 
448 293 19 25 0.054462265 
636 389 14 20 0.05351141 
421 374 17 19 0.0531914 
276 122 14 16 0.053090405 
117 515 14 18 0.05308261 
217 497 18 21 0.05253321 
568 291 25 28 0.052522767 
956 475 27 33 0.052484136 
316 304 22 27 0.052311905 
458 337 15 19 0.051983166 
569 361 21 27 0.050378677 
628 383 16 23 0.050195966 
269 121 12 17 0.049783126 
118 446 16 21 0.049724553 
466 461 28 35 0.049604554 
221 385 14 16 0.049394462 
577 290 16 19 0.04928817 
474 379 17 20 0.04911612 
182 456 22 26 0.04904825 
7 153 29 37 0.048884965 
581 392 22 30 0.048820857 
95 594 23 33 0.048759244 
475 329 13 18 0.04867028 
188 469 21 27 0.048424654 
251 457 16 20 0.04834058 
664 356 24 28 0.04830627 
243 466 18 21 0.048073962 
531 324 17 22 0.047993146 
477 296 16 21 0.047282837 
371 124 13 18 0.047231752 
283 459 23 27 0.047121577 
594 367 17 22 0.047092404 
464 536 16 22 0.04685291 
417 528 23 30 0.0465089 
973 278 26 33 0.046340115 
69 437 14 16 0.046326526 
469 318 13 17 0.046259068 
36 484 14 17 0.046026435 
743 99 12 16 0.045267574 
549 460 22 33 0.04519254 
523 364 15 19 0.044900484 
445 246 31 38 0.044832505 
572 296 14 16 0.044770166 
96 447 16 19 0.044754323 
171 326 15 20 0.044560526 
559 354 19 22 0.044296663 
51 452 14 20 0.044167895 
976 294 29 37 0.04414661 
673 370 22 29 0.043982025 
691 384 15 20 0.043953504 
266 446 22 28 0.043937106 
171 429 21 24 0.043621283 
467 447 17 21 0.04336948 
147 419 13 17 0.04334954 
184 305 19 24 0.043133903 
540 360 17 23 0.043100968 
306 525 22 30 0.043092255 
344 268 30 38 0.043077942 
10 455 19 25 0.043030497 
1 528 15 18 0.04279958 
372 619 14 21 0.04269934 
563 366 17 22 0.04207054 
7 576 14 18 0.041956056 
361 149 27 33 0.04191116 
602 360 15 21 0.041756857 
109 472 12 17 0.04160277 
747 266 37 45 0.041602395 
214 467 13 18 0.041505445 
74 530 16 20 0.041413445 
519 109 11 16 0.04141021 
382 402 25 29 0.04139605 
338 447 18 21 0.041237283 
507 376 14 21 0.041146114 
396 19 28 34 0.041011404 
581 308 14 16 0.04089011 
765 77 18 25 0.04032462 
837 95 16 20 0.03976848 
450 479 29 36 0.039680503 
965 334 27 37 0.039654944 
83 410 15 18 0.03954912 
154 165 24 28 0.039533485 
188 331 13 16 0.03947905 
924 374 31 36 0.039347596 
436 364 19 25 0.039133355 
36 453 17 22 0.03862485 
427 358 15 19 0.03853152 
398 434 25 27 0.03818584 
345 444 22 28 0.037646484 
539 326 15 18 0.037557103 
1010 280 14 19 0.037473872 
264 416 19 25 0.03732903 
258 439 17 21 0.03721128 
939 75 63 71 0.03716555 
890 284 28 35 0.037139203 
420 472 23 31 0.03713593 
412 445 23 28 0.03703458 
267 179 26 28 0.03654563 
549 330 12 15 0.036449008 
403 404 23 28 0.036344375 
973 290 15 19 0.036141288 
861 253 16 20 0.036091994 
155 462 13 17 0.03603102 
89 583 25 33 0.035966102 
126 490 13 18 0.03592645 
192 361 21 26 0.03584118 
546 591 16 21 0.035691157 
260 455 16 22 0.03563125 
139 444 15 18 0.03544596 
165 442 14 18 0.03530827 
452 429 22 29 0.03511334 
540 416 23 29 0.034882672 
310 130 12 16 0.03479003 
131 439 15 19 0.03477967 
146 476 16 20 0.034750603 
599 367 21 30 0.03465851 
165 325 14 18 0.034642555 
43 515 16 19 0.03464056 
452 525 17 23 0.034568053 
21 536 16 19 0.034471747 
445 313 15 19 0.034362886 
453 314 14 18 0.03406321 
516 450 26 38 0.033710793 
27 534 16 19 0.033710536 
160 329 12 17 0.03370474 
101 509 13 15 0.03365672 
167 358 19 26 0.033656158 
362 183 25 28 0.03344174 
671 268 30 38 0.033404555 
652 338 15 20 0.033305544 
514 573 25 28 0.03327259 
358 445 22 28 0.033050638 
22 482 14 17 0.03295507 
511 585 14 18 0.032804158 
481 354 16 21 0.032766014 
466 484 18 22 0.032674834 
159 562 13 18 0.03263739 
218 470 16 22 0.03249702 
460 326 22 27 0.03238589 
314 462 26 32 0.032377746 
240 474 23 28 0.032338023 
182 517 27 31 0.032336913 
844 128 13 17 0.032125432 
531 359 19 27 0.03208758 
421 150 14 17 0.031945508 
413 387 23 27 0.03177001 
695 159 26 33 0.031579398 
100 471 16 19 0.031510692 
215 309 13 15 0.03128659 
484 429 16 19 0.031222008 
116 583 24 35 0.03118714 
380 362 17 22 0.031175183 
226 380 14 17 0.03112491 
552 156 16 19 0.031040788 
657 123 43 50 0.03103273 
136 365 10 14 0.031016897 
497 441 18 22 0.030974085 
118 475 13 16 0.03095691 
814 303 27 33 0.030914215 
147 445 14 17 0.030907761 
207 434 16 22 0.030763304 
132 488 15 20 0.030723348 
251 113 24 31 0.030630974 
308 123 12 18 0.030627018 
252 130 15 19 0.03061209 
251 444 20 26 0.030578926 
615 383 20 26 0.030532638 
680 86 25 32 0.030357165 
317 159 14 20 0.030282285 
243 449 17 21 0.03023087 
301 118 12 16 0.030228047 
553 349 19 21 0.030224524 
123 482 14 19 0.03017239 
4 456 14 20 0.030069252 
226 519 25 30 0.030027576 
275 413 18 23 0.029990828 
524 520 17 22 0.029869169 
263 117 22 27 0.029851438 
270 408 16 21 0.029806074 
452 575 24 31 0.029752638 
445 332 13 17 0.02955049 
242 299 14 20 0.029473118 
460 343 22 27 0.029413981 
267 483 18 25 0.029398194 
367 287 18 27 0.029374367 
181 381 12 14 0.029285664 
154 316 16 18 0.029232968 
577 161 18 22 0.029177131 
377 456 24 32 0.029044583 
890 169 16 20 0.02894601 
93 487 15 18 0.028884761 
761 273 17 23 0.028826939 
684 380 16 23 0.02875873 
207 599 27 35 0.028728032 
498 363 15 20 0.0286894 
315 322 13 16 0.02857213 
588 300 13 17 0.028485926 
234 514 17 20 0.028463112 
958 280 14 19 0.028435022 
134 485 26 32 0.028362792 
676 361 16 22 0.028321408 
426 321 16 21 0.028264357 
339 467 17 21 0.028176414 
165 318 13 15 0.02812695 
0 620 36 51 0.028075308 
661 149 30 42 0.027972452 
459 437 23 28 0.027873158 
860 141 14 18 0.027784117 
583 370 23 28 0.027776817 
899 309 35 45 0.027749699 
234 431 21 26 0.027745273 
683 355 15 19 0.027716499 
3 537 13 17 0.02770472 
540 611 16 20 0.02767496 
5 466 15 20 0.027658451 
295 468 22 29 0.02760596 
572 63 17 20 0.027591031 
567 305 25 31 0.027531063 
92 400 15 22 0.027428593 
307 469 24 30 0.027344674 
131 656 16 22 0.02730093 
902 287 40 45 0.027212374 
333 378 16 21 0.027040094 
1001 341 21 31 0.026961867 
173 338 12 16 0.026946593 
674 285 17 24 0.026921852 
329 457 22 28 0.02690248 
774 208 11 12 0.026875697 
19 439 19 26 0.02670234 
319 155 23 29 0.026695544 
552 578 22 28 0.026646119 
460 316 15 17 0.02664322 
259 131 15 18 0.026610099 
0 596 9 14 0.02656985 
204 452 14 16 0.026557917 
695 107 13 16 0.026471049 
725 326 39 45 0.026397612 
149 169 17 21 0.02629997 
255 104 17 22 0.026267385 
973 261 17 23 0.026137799 
422 304 21 26 0.026133804 
271 550 12 15 0.026127033 
792 109 28 29 0.026078507 
473 364 18 24 0.026011059 
202 462 16 22 0.02597534 
366 129 14 16 0.025966832 
188 315 19 24 0.02594782 
36 625 14 19 0.025919847 
884 164 26 35 0.025819441 
230 302 9 13 0.025814058 
781 113 45 46 0.025637167 
687 102 24 30 0.025596842 
535 347 13 16 0.025575396 
70 555 15 18 0.025458438 
683 123 30 33 0.02545127 
397 496 16 21 0.02544621 
110 524 14 16 0.025443768 
11 613 14 17 0.025335368 
194 432 14 18 0.025295665 
215 585 17 24 0.02523626 
982 259 22 25 0.02519331 
221 396 16 19 0.025178444 
368 471 20 28 0.02516442 
446 529 17 24 0.025111977 
156 486 14 21 0.025097499 
671 343 14 19 0.024986044 
184 608 47 63 0.024929136 
653 323 13 18 0.024913458 
143 344 13 17 0.02488492 
597 386 15 21 0.0248571 
613 355 14 19 0.024741665 
748 93 13 17 0.024739532 
960 52 67 60 0.024679355 
465 292 21 25 0.024645522 
413 329 15 20 0.024607355 
781 205 12 15 0.02459807 
156 453 13 16 0.0245325 
172 160 16 20 0.024529058 
236 122 13 17 0.024448212 
768 278 19 23 0.024435887 
419 456 25 31 0.024411205 
514 370 19 27 0.024405347 
37 520 17 20 0.024322435 
395 505 16 20 0.024289433 
770 59 20 23 0.024269797 
110 538 18 22 0.024217525 
80 127 10 13 0.02419238 
22 404 15 18 0.024189934 
225 162 13 18 0.024122614 
4 444 16 19 0.0240856 
459 566 25 34 0.02404911 
212 540 15 19 0.023999054 
427 295 22 27 0.023974137 
285 428 16 20 0.023961846 
395 408 15 21 0.023912134 
276 443 21 27 0.023882749 
24 633 17 22 0.023836164 
33 168 18 26 0.023828547 
541 348 13 18 0.023799375 
339 456 17 23 0.02369572 
158 322 15 18 0.023663348 
638 356 15 19 0.023573447 
257 393 17 20 0.02355475 
653 349 16 23 0.023493914 
985 285 25 33 0.023493782 
556 157 27 30 0.023491042 
182 160 14 19 0.023446951 
352 164 26 35 0.02327475 
413 150 13 19 0.023253305 
985 317 19 24 0.023224335 
434 306 22 28 0.023165856 
199 309 17 22 0.023115123 
211 412 26 31 0.02308689 
590 147 28 37 0.023037424 
121 511 23 28 0.02294432 
243 549 15 20 0.02292364 
895 270 39 48 0.022824682 
109 462 12 17 0.022760173 
794 283 18 24 0.02255186 
409 523 15 17 0.022524802 
174 349 11 15 0.022483647 
454 332 14 19 0.022480827 
267 131 15 17 0.022422425 
84 508 14 17 0.022404168 
171 314 20 26 0.022389723 
149 553 14 20 0.022389546 
621 371 23 30 0.022369837 
295 427 23 29 0.022343969 
86 558 14 17 0.022328392 
124 379 12 16 0.022327047 
123 617 14 17 0.0222855 
654 120 27 37 0.022154996 
475 488 16 21 0.022108102 
433 652 23 28 0.022059694 
990 301 28 37 0.022049168 
253 553 14 18 0.022038065 
84 146 13 18 0.022015309 
174 356 12 16 0.021939304 
83 132 13 17 0.021931095 
34 497 16 19 0.021913538 
157 310 14 15 0.021887295 
50 593 14 18 0.021885116 
158 444 11 14 0.021856518 
589 253 15 18 0.021799088 
283 405 23 29 0.02179043 
180 450 17 20 0.021756956 
153 463 19 27 0.021723043 
636 329 13 16 0.021666382 
959 459 33 36 0.021512667 
992 263 18 23 0.02148694 
966 287 15 20 0.021452624 
503 446 22 30 0.021382034 
348 194 25 29 0.021365857 
81 436 21 26 0.02130208 
232 531 25 32 0.021192694 
572 375 15 19 0.021158714 
221 499 23 29 0.021106865 
245 94 15 18 0.02108924 
744 269 14 19 0.021080531 
524 508 13 15 0.02106345 
0 442 12 18 0.02106138 
438 322 13 18 0.021037132 
358 117 21 28 0.02101686 
159 435 13 16 0.020992333 
570 413 28 33 0.0209893 
36 634 13 19 0.020980068 
74 562 15 20 0.020879548 
432 496 16 22 0.020830782 
35 530 16 20 0.02077738 
23 590 14 17 0.020667482 
403 330 17 21 0.02065301 
535 525 21 31 0.020645281 
485 369 14 20 0.020601613 
21 617 22 28 0.020590043 
540 401 13 19 0.020583758 
136 181 11 15 0.020555034 
138 466 22 27 0.020545658 
431 531 22 29 0.020524701 
170 172 15 18 0.020517834 
562 267 39 51 0.020481782 
296 117 12 16 0.02047698 
274 468 23 27 0.020415638 
644 314 14 16 0.020408647 
340 510 24 30 0.02039263 
363 586 13 17 0.020382931 
92 436 16 19 0.020376043 
502 385 13 18 0.020288596 
169 420 15 19 0.020287836 
432 576 24 31 0.02027923 
409 155 12 16 0.020220475 
428 147 12 17 0.020197531 
85 363 13 18 0.020181838 
0 634 11 18 0.020128148 
268 440 16 21 0.020116964 
388 331 16 19 0.02011282 
252 133 26 30 0.020063564 
