10_People_Marching_People_Marching_2_2
585
664 477 28 54 0.9883259 
761 425 26 36 0.98322564 
489 484 22 41 0.98271126 
954 464 31 62 0.964463 
658 396 18 26 0.92757183 
791 386 12 16 0.8720506 
436 405 10 13 0.7511605 
962 391 20 30 0.7399255 
719 396 13 18 0.7342928 
1001 421 21 30 0.7163662 
630 382 11 14 0.6725809 
253 453 29 42 0.5889881 
827 349 10 13 0.53925955 
642 411 13 17 0.46891212 
905 407 16 22 0.4685249 
573 424 13 19 0.46084937 
521 418 13 17 0.4380725 
478 374 9 12 0.41595984 
312 444 12 16 0.40080288 
762 392 16 18 0.3860687 
559 385 13 17 0.384157 
313 390 9 12 0.37869677 
364 381 9 12 0.32500553 
941 358 10 13 0.31148982 
425 383 10 12 0.2767989 
562 381 13 15 0.2554686 
393 367 8 11 0.24524832 
344 457 14 23 0.24254793 
702 367 9 13 0.24047095 
302 408 10 12 0.23982644 
38 389 10 14 0.23793447 
437 399 11 14 0.23466265 
253 383 9 12 0.22884116 
512 529 30 52 0.22548006 
477 398 9 12 0.2185472 
240 491 38 58 0.21559688 
337 390 10 13 0.21536995 
538 373 10 12 0.21464399 
618 357 9 11 0.21272756 
639 406 10 13 0.20856969 
374 390 13 15 0.19591491 
189 421 12 16 0.1956809 
863 421 12 18 0.19498736 
663 391 12 16 0.19425139 
48 395 10 12 0.17878275 
590 352 8 10 0.17040196 
232 407 10 12 0.16904753 
402 392 10 12 0.15846244 
422 455 22 35 0.15823059 
361 376 9 11 0.15601338 
111 404 8 11 0.15392599 
592 390 10 12 0.1537797 
296 396 8 11 0.15298271 
596 402 12 14 0.15145555 
265 399 8 10 0.14929885 
476 379 11 14 0.14665455 
916 357 12 14 0.14302894 
995 354 12 15 0.14130059 
720 28 206 239 0.1380957 
271 385 8 10 0.1353095 
487 414 10 14 0.13389765 
146 508 144 153 0.13377231 
584 358 9 11 0.12572986 
783 382 11 16 0.12045037 
861 369 12 17 0.119603924 
592 398 11 13 0.11803198 
911 352 9 12 0.11569271 
814 401 11 16 0.11222072 
576 405 11 14 0.105801575 
6 391 10 13 0.10534501 
621 352 9 11 0.10447172 
597 432 13 19 0.10360824 
89 392 9 11 0.101060875 
577 358 8 11 0.10001878 
366 387 11 14 0.09852777 
200 385 9 10 0.098137364 
84 405 10 13 0.096771754 
912 409 17 21 0.0953351 
119 399 8 11 0.09462385 
496 380 9 11 0.09420815 
522 352 8 11 0.09415021 
724 391 13 17 0.09280996 
457 465 15 24 0.092559315 
634 359 9 10 0.092362925 
753 419 23 30 0.09122179 
541 398 10 14 0.09070067 
983 363 13 15 0.09022399 
765 422 16 19 0.08889433 
637 376 10 12 0.08817561 
351 375 8 10 0.08682346 
398 366 9 11 0.08619763 
492 406 12 14 0.08581617 
454 426 11 17 0.085157275 
414 396 10 13 0.083990246 
318 383 8 10 0.08166692 
327 381 8 10 0.08153064 
137 383 8 10 0.081446566 
537 367 10 13 0.08127528 
975 347 9 12 0.08104844 
314 385 7 10 0.080753766 
278 387 10 12 0.080703266 
359 404 11 13 0.08019731 
397 445 19 30 0.07991837 
379 375 8 10 0.07916571 
128 466 46 65 0.07849953 
565 375 11 14 0.078442045 
269 399 9 11 0.07784251 
423 360 7 8 0.07756882 
102 393 7 10 0.07727671 
581 398 11 13 0.07705663 
856 371 11 15 0.076754585 
113 381 8 10 0.07621048 
747 403 12 18 0.07350039 
184 392 9 11 0.07243863 
749 418 15 20 0.07236182 
658 434 19 29 0.072288215 
96 392 8 11 0.07226467 
815 379 10 14 0.07211375 
672 365 10 13 0.07209004 
825 344 10 13 0.07071701 
365 395 13 15 0.06941443 
381 378 11 14 0.06936077 
733 253 34 41 0.06918214 
695 352 8 10 0.06867386 
104 396 8 11 0.06825425 
614 383 9 13 0.0666716 
525 357 10 12 0.06645571 
134 411 12 14 0.066106774 
480 470 24 38 0.066085115 
917 352 11 12 0.0650038 
351 396 9 12 0.06492749 
526 389 11 15 0.06491884 
253 458 17 25 0.061670262 
862 412 14 20 0.06156519 
384 360 7 10 0.061119348 
205 381 9 11 0.06095935 
928 471 46 62 0.06037317 
308 414 11 13 0.060272146 
461 417 14 20 0.060036015 
164 428 14 18 0.059889935 
328 377 8 9 0.059726447 
311 420 10 12 0.05933061 
127 411 13 15 0.0592765 
867 368 14 20 0.059209216 
406 394 11 14 0.059038743 
931 374 13 18 0.058639925 
896 404 20 28 0.058639385 
743 407 13 21 0.05842889 
359 388 9 11 0.05815071 
148 427 16 19 0.05815046 
446 395 9 13 0.05781717 
240 422 10 14 0.05756029 
353 392 9 11 0.05745039 
517 397 10 14 0.0569368 
651 428 13 19 0.056901053 
503 388 11 14 0.05630678 
468 417 14 19 0.055825308 
302 398 9 11 0.05571437 
441 390 9 13 0.05503233 
376 381 10 13 0.055004645 
408 404 10 14 0.054921992 
460 425 12 18 0.054820225 
664 402 24 32 0.05420963 
634 403 9 13 0.054198116 
824 353 10 13 0.05410004 
463 365 7 9 0.05393665 
105 405 9 12 0.053442173 
118 381 8 10 0.05338769 
485 375 8 11 0.05337167 
489 463 20 34 0.053110592 
297 412 11 12 0.052937556 
609 372 9 11 0.05253807 
336 373 7 9 0.052529138 
264 446 39 54 0.05173232 
441 365 8 10 0.0515765 
444 459 19 29 0.051398903 
695 356 10 12 0.051316697 
948 489 29 51 0.051232535 
156 427 13 19 0.050905414 
883 325 12 15 0.050597824 
374 408 13 17 0.050522406 
487 389 10 12 0.050507512 
288 383 9 11 0.050399885 
404 447 22 30 0.050349552 
141 411 10 13 0.05013753 
559 375 12 15 0.049982294 
359 398 10 13 0.04993355 
263 390 9 11 0.049837288 
477 418 12 16 0.049278516 
535 378 12 15 0.048880946 
479 388 10 12 0.04838876 
730 394 14 17 0.04835472 
936 362 12 15 0.048147 
518 381 9 12 0.047406252 
913 504 26 43 0.047305867 
244 459 27 40 0.04725124 
377 368 7 9 0.047241084 
583 364 9 12 0.047115315 
423 364 8 10 0.046935488 
478 533 42 63 0.04693093 
232 381 8 11 0.046927914 
512 397 11 14 0.046317507 
433 358 7 9 0.046000503 
77 409 13 16 0.045995176 
110 444 10 16 0.04593272 
911 361 14 18 0.045848604 
922 409 16 21 0.0457214 
832 702 67 64 0.045417495 
551 396 10 13 0.04535375 
536 403 12 15 0.045316137 
413 473 14 19 0.04523064 
670 -3 371 391 0.045182172 
288 388 10 13 0.044796824 
189 411 15 19 0.044717334 
172 433 15 18 0.044556532 
427 451 14 20 0.04454667 
441 488 16 19 0.044450063 
119 512 13 19 0.044375043 
295 376 8 9 0.04434734 
819 404 13 18 0.04422329 
942 352 10 13 0.044133484 
574 411 13 17 0.043704547 
414 391 10 12 0.043700106 
479 437 11 14 0.04365623 
511 445 11 15 0.04347716 
981 348 11 14 0.043460328 
222 396 9 12 0.043396033 
687 363 10 12 0.043187827 
208 376 7 9 0.04307997 
289 376 8 8 0.042861596 
217 393 8 11 0.04285612 
440 360 8 9 0.042815804 
645 381 10 14 0.042785328 
781 516 27 33 0.042756 
509 388 11 14 0.042592015 
346 375 7 9 0.042576782 
194 420 14 17 0.04235477 
95 384 7 9 0.042262904 
297 404 10 13 0.042000383 
191 402 12 15 0.041877225 
678 363 9 11 0.041798525 
591 434 13 18 0.041619938 
128 375 7 10 0.04145277 
568 421 13 18 0.041422863 
456 375 8 10 0.041059215 
485 464 15 23 0.040948976 
493 388 11 13 0.040921323 
406 373 9 11 0.040699318 
988 352 19 24 0.04055749 
487 405 12 15 0.040470906 
336 369 8 9 0.040273014 
334 462 27 38 0.040049687 
849 582 15 20 0.03978103 
501 382 10 12 0.039457977 
228 422 12 15 0.03930266 
533 389 12 14 0.039190426 
636 385 12 15 0.039120786 
406 367 10 12 0.03902845 
513 382 9 12 0.03889926 
345 446 25 35 0.03887325 
406 410 11 14 0.038870517 
814 387 13 18 0.038845282 
855 395 11 15 0.038516153 
957 381 39 48 0.038242638 
342 394 11 14 0.03823953 
497 493 26 35 0.038115833 
548 409 13 18 0.038107123 
650 431 20 28 0.038066074 
240 382 8 10 0.037975 
894 394 12 17 0.037930924 
388 380 12 14 0.03781537 
810 649 105 130 0.0377136 
390 396 12 15 0.03762607 
352 381 8 10 0.037211318 
589 325 9 11 0.036972035 
129 433 48 54 0.036767766 
336 384 8 10 0.03664149 
594 509 36 49 0.036475286 
712 395 13 19 0.0364255 
783 375 11 12 0.036415286 
223 411 10 14 0.036143463 
431 375 9 11 0.035939183 
95 443 43 55 0.035895247 
411 402 14 15 0.035860453 
583 391 10 12 0.035805423 
352 368 7 10 0.03578465 
859 393 14 19 0.035696708 
52 390 10 15 0.035694994 
613 373 9 11 0.035640247 
289 398 10 12 0.035583083 
807 397 14 17 0.03557282 
132 479 93 127 0.0354699 
795 391 14 18 0.035343427 
184 420 21 24 0.03532697 
971 372 14 18 0.035312127 
673 441 17 22 0.03508944 
752 396 21 26 0.034994017 
303 382 8 10 0.034870453 
124 497 27 42 0.034855094 
181 436 15 18 0.034778133 
177 392 8 10 0.034758728 
553 389 11 15 0.03471869 
424 445 11 16 0.034476187 
89 384 8 10 0.034377236 
401 360 7 9 0.03427071 
264 403 11 13 0.0342646 
682 442 19 21 0.034228243 
614 364 10 12 0.03405418 
703 404 11 18 0.033939715 
976 375 24 29 0.033814922 
432 354 7 8 0.03377167 
561 531 32 60 0.033531338 
820 388 13 17 0.03334103 
527 365 10 13 0.033314962 
418 360 8 9 0.03329354 
377 360 7 9 0.03325235 
526 372 12 14 0.033184595 
706 431 17 23 0.033008557 
506 490 29 36 0.032971848 
602 496 30 37 0.032946825 
661 429 13 18 0.03286018 
541 390 10 14 0.03284968 
992 365 24 32 0.032726564 
204 390 10 13 0.032485303 
988 424 28 34 0.032449685 
150 422 12 15 0.032389626 
125 398 11 12 0.03238047 
447 427 14 17 0.032379474 
380 392 12 17 0.032375313 
295 382 9 11 0.032254685 
855 419 15 21 0.032065365 
957 388 15 24 0.03199552 
708 365 10 13 0.03196865 
505 508 33 52 0.031914264 
568 302 9 12 0.031579677 
484 437 11 15 0.031559926 
150 405 11 15 0.03134937 
189 526 31 31 0.03129497 
994 361 15 20 0.030923532 
695 371 13 15 0.03088204 
583 422 20 28 0.030856255 
106 433 85 102 0.030746518 
344 383 7 9 0.030743826 
411 675 13 16 0.030701704 
105 383 7 9 0.03066799 
413 429 12 15 0.03063855 
126 404 11 15 0.030613493 
205 486 85 122 0.030593997 
743 373 11 13 0.030434329 
286 404 11 12 0.030244123 
667 385 23 32 0.030172957 
363 409 14 16 0.030130344 
711 387 13 19 0.030104952 
191 375 8 10 0.0299585 
413 411 13 16 0.029737666 
512 372 9 13 0.029735388 
602 426 17 22 0.029699726 
688 350 9 12 0.029688422 
625 386 11 15 0.029487351 
573 373 10 13 0.029347405 
503 411 10 14 0.029255016 
567 351 9 11 0.029219637 
388 451 17 26 0.029085156 
76 419 13 15 0.029014425 
433 394 18 24 0.02900482 
604 404 11 14 0.028957427 
181 412 13 18 0.028915849 
947 357 11 14 0.0287822 
465 471 18 23 0.028653163 
35 384 18 25 0.028595373 
283 412 12 15 0.028405793 
472 388 10 12 0.028404996 
530 405 20 26 0.02836042 
524 470 16 19 0.028329479 
573 474 22 33 0.02831878 
979 365 22 26 0.028200345 
392 362 7 9 0.028198268 
504 366 9 11 0.028157411 
870 369 21 32 0.028108293 
446 380 9 13 0.02806511 
438 483 14 19 0.02805494 
496 365 8 11 0.027982503 
589 319 9 11 0.027971178 
213 421 14 17 0.027948765 
518 375 11 13 0.027926166 
362 383 20 23 0.027717771 
306 442 20 26 0.027690234 
867 402 15 20 0.027667668 
588 398 18 22 0.027646147 
680 342 10 12 0.027403226 
646 433 16 20 0.027382547 
542 416 14 18 0.027348336 
47 402 11 14 0.027234163 
637 365 9 10 0.02717747 
269 428 12 16 0.027064865 
532 368 18 24 0.027019894 
988 376 15 21 0.027019322 
629 333 9 12 0.02700306 
894 401 14 20 0.02699686 
968 342 10 14 0.02697577 
910 393 23 27 0.026968354 
383 366 8 10 0.026931679 
572 381 10 13 0.026925944 
161 32 460 522 0.026901245 
925 383 16 20 0.026849428 
968 360 46 52 0.026843926 
264 422 10 12 0.026839983 
136 376 7 9 0.026770858 
149 412 11 14 0.026761444 
702 360 10 13 0.02676073 
710 371 11 14 0.026682075 
270 434 12 17 0.026672823 
606 399 10 12 0.026644664 
671 360 10 12 0.026626075 
214 413 13 16 0.026518399 
899 396 14 20 0.026517153 
223 381 9 11 0.026514102 
230 483 32 50 0.026485918 
576 363 10 12 0.026449783 
398 412 11 14 0.026443902 
321 377 7 9 0.026442626 
448 376 7 10 0.026370138 
217 381 8 10 0.026258575 
160 411 10 14 0.026141224 
441 383 8 11 0.02611541 
344 414 10 12 0.026041573 
879 347 10 13 0.026023947 
656 382 39 51 0.025997376 
780 259 11 15 0.025969988 
5 411 21 30 0.02596917 
685 343 10 12 0.025927553 
591 382 11 14 0.025902236 
571 409 21 28 0.025841579 
935 505 28 39 0.025794806 
123 407 21 26 0.025790926 
1001 383 23 36 0.025786286 
150 375 8 10 0.025738548 
569 358 8 10 0.025725806 
120 377 8 10 0.02565553 
473 466 23 31 0.025595559 
918 340 11 14 0.02553329 
827 412 11 17 0.025483437 
670 370 11 14 0.025414389 
749 373 12 13 0.025344925 
460 547 32 51 0.0253316 
395 389 19 24 0.02524326 
31 384 12 15 0.025198195 
237 410 11 14 0.025043892 
70 458 51 57 0.02497999 
547 391 22 26 0.024955261 
432 650 12 16 0.024927177 
473 402 10 13 0.024871584 
197 395 12 15 0.024780346 
429 386 10 14 0.02473564 
445 405 10 13 0.024684988 
573 389 12 13 0.024679745 
709 401 13 18 0.02464787 
810 392 19 25 0.024629023 
413 420 12 14 0.024593817 
620 256 10 12 0.0245932 
936 353 20 24 0.024581954 
406 428 10 14 0.024575103 
876 393 13 17 0.024532344 
725 397 20 27 0.02445107 
333 412 11 13 0.024385458 
754 410 16 21 0.02436493 
622 262 9 11 0.024362596 
219 421 14 17 0.024286626 
302 419 12 14 0.024188852 
609 359 9 10 0.024175385 
655 419 23 33 0.024135891 
632 364 9 11 0.024128836 
915 367 16 21 0.024098106 
240 375 8 10 0.024058523 
502 450 14 18 0.024021931 
859 363 19 28 0.02397244 
369 358 8 9 0.023952167 
482 408 19 24 0.023935841 
624 375 8 10 0.023900924 
485 396 12 15 0.023856493 
207 423 25 29 0.023795543 
180 518 30 33 0.023721894 
630 319 9 10 0.023693718 
870 414 21 29 0.023599757 
619 473 23 32 0.023586607 
871 343 10 13 0.023530759 
629 326 9 12 0.023489276 
424 375 9 12 0.023470264 
319 406 10 13 0.023456356 
476 427 12 16 0.023456018 
433 461 16 26 0.023427581 
624 399 10 13 0.023320526 
799 500 30 39 0.023294905 
567 366 10 11 0.0232081 
638 377 20 26 0.023159323 
463 398 10 13 0.023048477 
609 387 10 13 0.022996513 
656 390 11 14 0.02295218 
399 382 10 12 0.022908121 
420 376 19 24 0.022873592 
175 510 60 76 0.022826694 
994 394 26 35 0.022807732 
910 340 12 15 0.022802208 
1 442 22 32 0.022795722 
421 413 11 14 0.0227899 
759 435 17 24 0.022651734 
81 382 9 11 0.02262152 
153 472 31 48 0.02261391 
849 349 8 12 0.022529364 
902 363 13 19 0.022505 
379 481 15 19 0.022461828 
315 395 10 13 0.022416009 
215 404 11 15 0.022336176 
103 443 14 19 0.022335118 
141 383 8 10 0.022256583 
380 405 13 16 0.02222459 
406 382 10 12 0.022217207 
774 424 19 24 0.02219505 
520 489 30 36 0.022169914 
279 397 10 12 0.02216016 
862 388 21 28 0.022152454 
846 596 13 16 0.022149863 
567 431 13 19 0.02213326 
416 381 9 13 0.022087082 
47 384 9 13 0.022076221 
301 427 13 15 0.021958198 
578 514 37 60 0.021902597 
561 360 7 9 0.021899017 
806 636 12 17 0.021862274 
271 413 12 14 0.021855662 
749 388 12 16 0.021794688 
497 464 17 23 0.021788277 
518 389 10 14 0.021772066 
775 381 12 14 0.021758908 
328 388 11 13 0.02172898 
179 408 23 30 0.021685649 
257 434 23 29 0.021629088 
404 437 12 16 0.021543037 
486 381 9 11 0.02153196 
771 388 14 17 0.02152765 
884 383 16 21 0.021497214 
425 471 22 31 0.021488441 
969 369 23 28 0.021486485 
118 391 8 10 0.021478659 
248 469 32 49 0.021469234 
852 316 9 12 0.021399511 
713 397 22 28 0.021343948 
837 350 10 12 0.02125823 
100 411 10 12 0.021212744 
308 405 11 13 0.021192173 
1006 151 10 13 0.021177204 
415 468 22 32 0.021095036 
563 393 14 17 0.02108241 
522 377 21 25 0.020980224 
776 374 10 11 0.02097059 
439 113 37 38 0.020965474 
232 376 8 10 0.02091546 
174 440 15 17 0.020890566 
555 404 13 16 0.020856397 
206 425 15 18 0.02082782 
110 460 12 17 0.020795206 
669 382 13 18 0.020785885 
128 380 7 10 0.020749595 
277 414 13 15 0.020722177 
558 467 14 21 0.02069143 
820 683 30 35 0.020659223 
408 358 8 9 0.020593343 
645 388 11 14 0.020585785 
303 376 8 10 0.020577297 
530 418 15 19 0.020566331 
265 384 9 11 0.020545581 
42 390 19 23 0.020522244 
359 376 20 23 0.020478332 
973 353 21 26 0.020401279 
96 413 10 13 0.02037893 
81 391 20 25 0.020289266 
138 429 25 30 0.02025 
457 359 8 10 0.020197969 
939 451 61 97 0.020195888 
712 430 20 26 0.020157149 
624 341 9 11 0.020122986 
797 403 15 18 0.020122532 
376 439 25 33 0.02004978 
319 433 20 27 0.020022014 
510 367 9 12 0.020003213 
