10_People_Marching_People_Marching_10_People_Marching_People_Marching_10_499
124
577 359 29 33 0.98297864 
383 242 21 31 0.82363904 
571 288 15 21 0.73167044 
364 202 31 47 0.5122879 
426 312 34 32 0.49080902 
752 77 26 34 0.35377514 
652 73 16 22 0.3262599 
614 345 30 35 0.29607776 
503 275 15 20 0.29465336 
457 273 16 20 0.29417768 
791 1 35 33 0.26065576 
452 347 29 36 0.23447229 
610 331 30 36 0.19365926 
483 307 24 29 0.19015555 
371 167 14 19 0.17199108 
551 27 18 20 0.15940012 
516 259 12 15 0.14719763 
541 308 25 33 0.14396304 
609 318 28 32 0.13158743 
733 41 29 39 0.12207169 
420 222 26 37 0.12031388 
646 75 15 21 0.118739925 
803 8 29 34 0.111864425 
814 14 27 33 0.09938591 
405 202 26 30 0.09904797 
494 280 15 18 0.08360458 
509 272 13 16 0.08182561 
607 73 13 17 0.081371784 
605 44 12 16 0.07379205 
657 70 15 19 0.07275627 
808 115 64 70 0.06855333 
433 228 22 33 0.067514114 
527 1 36 30 0.06622133 
793 107 39 51 0.063947365 
356 136 15 23 0.061728343 
445 236 22 31 0.058882006 
579 68 12 15 0.056670196 
515 267 13 16 0.056241915 
551 267 10 15 0.05489936 
375 229 38 53 0.05458628 
536 23 34 29 0.052214287 
799 149 53 60 0.051284596 
640 179 15 18 0.050884 
576 96 39 57 0.05015177 
761 56 25 35 0.045662705 
484 256 14 17 0.044188477 
556 259 13 18 0.04340156 
507 374 29 35 0.041746296 
440 277 25 30 0.04090947 
818 8 20 25 0.040755898 
418 201 15 18 0.040175408 
598 252 12 15 0.03983271 
459 348 16 23 0.03980171 
675 44 18 22 0.039427437 
431 317 43 46 0.03617381 
567 294 14 18 0.035907015 
512 251 14 18 0.035700954 
747 43 27 40 0.034839895 
394 299 12 15 0.034176823 
647 147 30 34 0.033651784 
544 326 28 33 0.033449624 
790 135 42 48 0.033164557 
698 100 15 17 0.03305716 
612 70 13 17 0.033008236 
621 70 11 14 0.032583226 
436 225 14 21 0.032446884 
816 36 30 34 0.032246966 
435 257 14 18 0.03181758 
718 157 32 37 0.03181407 
498 245 15 18 0.031799056 
591 367 18 22 0.031549476 
578 285 14 19 0.031479962 
347 130 17 22 0.031193629 
393 207 42 54 0.030032687 
423 197 13 17 0.029877624 
712 84 13 16 0.029704196 
441 336 33 40 0.029225526 
432 291 33 41 0.028318161 
616 317 17 19 0.028309977 
518 246 11 16 0.02824061 
555 255 22 28 0.028186511 
793 165 34 40 0.028150495 
533 264 16 20 0.027869733 
798 13 22 26 0.027795184 
669 406 231 228 0.027683191 
736 60 38 54 0.027656987 
771 62 15 20 0.027635384 
639 74 28 34 0.027313622 
451 233 15 21 0.027117696 
586 142 14 18 0.027106889 
621 62 10 12 0.026826309 
637 76 16 19 0.026003687 
434 261 26 31 0.025972795 
444 225 15 22 0.025888778 
487 244 23 27 0.025564138 
692 97 23 28 0.025185235 
543 264 14 20 0.02515027 
834 113 45 45 0.024780245 
600 45 11 15 0.024664363 
660 157 30 34 0.024594322 
551 337 14 19 0.024446279 
778 0 29 27 0.023797603 
362 140 15 24 0.023766728 
601 38 20 28 0.023585465 
706 192 27 31 0.023414494 
510 361 26 32 0.023346623 
631 50 12 15 0.023251217 
565 0 13 11 0.022851454 
593 356 28 35 0.022647917 
651 147 17 20 0.022587469 
467 260 13 15 0.021811148 
459 330 13 17 0.021775173 
456 360 32 39 0.021690281 
905 31 31 35 0.02168981 
641 38 22 27 0.0216778 
543 339 26 32 0.021353487 
604 79 15 19 0.021212034 
572 112 13 17 0.021166854 
628 36 17 21 0.021095289 
616 35 24 29 0.02084426 
637 44 14 17 0.020821685 
827 0 27 26 0.020787323 
591 53 9 12 0.02052225 
688 10 13 16 0.02043196 
