10_People_Marching_People_Marching_2_60
84
357 209 32 38 0.99877197 
843 191 32 34 0.99698895 
399 223 37 39 0.9968831 
103 200 40 40 0.9956564 
662 195 39 43 0.9898173 
222 167 38 38 0.97872 
589 182 30 40 0.95912623 
919 214 38 38 0.95878047 
772 154 39 42 0.9157093 
509 181 40 44 0.8729854 
144 -2 26 22 0.581121 
312 -2 22 21 0.3985243 
228 0 37 28 0.20646356 
806 58 26 39 0.16254343 
442 8 60 67 0.14575966 
372 211 52 54 0.11794889 
552 106 25 33 0.107804656 
853 114 34 51 0.09984835 
587 267 509 494 0.09487681 
422 2 25 29 0.087678276 
653 164 50 64 0.07485972 
909 185 46 55 0.062377524 
251 202 25 32 0.050725218 
394 91 27 29 0.044388413 
331 13 25 31 0.04362565 
917 222 49 56 0.043182455 
20 265 507 527 0.042817112 
820 118 37 52 0.042558532 
207 -1 27 21 0.042220484 
347 189 51 63 0.042034913 
426 5 49 54 0.039592262 
38 31 50 69 0.039133746 
316 1 28 27 0.038586248 
245 0 33 26 0.037880972 
362 0 19 18 0.036594123 
1007 339 14 20 0.03612171 
511 52 12 16 0.035093013 
266 209 16 21 0.03293349 
518 53 11 14 0.0326379 
830 164 46 61 0.029696003 
602 179 30 38 0.029319026 
994 223 28 39 0.029184127 
804 78 28 41 0.029036395 
212 175 31 36 0.028747894 
230 139 36 47 0.028716385 
434 10 15 19 0.02788056 
162 348 17 17 0.027710672 
374 -2 27 25 0.027293785 
961 221 30 42 0.026919385 
101 350 29 34 0.026161293 
386 98 28 34 0.025807733 
998 491 14 16 0.025778158 
18 25 88 113 0.02575931 
493 62 14 16 0.025676971 
497 184 34 37 0.02520973 
0 98 14 24 0.025092077 
281 -1 18 14 0.024985583 
855 181 31 42 0.02484938 
346 -3 24 24 0.02481963 
265 -2 29 23 0.024582291 
752 153 29 38 0.024495197 
422 14 26 37 0.024226848 
441 169 26 37 0.02393609 
335 26 27 33 0.023921825 
438 2 33 31 0.02361488 
577 154 50 70 0.023609078 
231 182 36 42 0.023320407 
198 25 25 31 0.023294343 
634 127 31 44 0.023271771 
91 3 17 20 0.023152316 
777 130 41 51 0.023126604 
339 216 32 37 0.022923432 
276 16 49 49 0.022508686 
927 242 51 61 0.02221825 
327 0 20 19 0.02207799 
554 95 14 17 0.021611426 
427 0 17 15 0.021547917 
682 352 31 40 0.021206198 
784 293 211 257 0.021181114 
150 330 32 35 0.021043317 
496 66 15 17 0.020661315 
760 163 37 40 0.020527102 
357 130 416 458 0.020495065 
321 36 25 31 0.020047296 
