10_People_Marching_People_Marching_2_395
224
579 181 33 41 0.9949508 
217 158 33 48 0.97289646 
956 178 29 37 0.9725458 
828 214 23 28 0.9633903 
743 214 26 31 0.94827783 
159 181 27 36 0.91224986 
103 190 35 39 0.88054 
62 223 28 33 0.8633809 
337 230 21 26 0.7941872 
927 143 25 31 0.6306066 
11 230 16 20 0.5711821 
468 201 26 27 0.5563087 
517 194 24 35 0.4930891 
36 197 23 32 0.31594458 
466 180 28 31 0.26051483 
275 372 23 33 0.25051108 
815 203 29 33 0.24067453 
286 263 13 18 0.24017727 
406 216 27 32 0.2210691 
170 191 27 31 0.19639799 
230 165 45 52 0.1777492 
361 251 25 29 0.16905652 
323 233 17 20 0.16852672 
301 344 15 21 0.1636458 
844 211 24 29 0.16127197 
665 225 15 20 0.14635544 
3 231 17 21 0.14421484 
419 213 25 31 0.14406735 
821 203 41 49 0.14200696 
940 225 27 39 0.14156196 
13 259 23 27 0.14140649 
231 323 28 32 0.14123943 
391 212 12 15 0.1392148 
807 191 30 40 0.13646397 
98 171 15 17 0.12599608 
0 231 12 18 0.12152942 
151 185 23 31 0.117956586 
986 187 14 17 0.1139672 
858 215 17 20 0.10853066 
668 215 28 34 0.102627024 
396 211 13 16 0.09851213 
311 253 11 13 0.08932741 
667 163 26 37 0.0887944 
357 269 27 35 0.085061766 
874 354 29 43 0.084028795 
327 238 25 30 0.08255003 
45 243 15 17 0.08040876 
358 222 9 13 0.07941322 
684 250 27 33 0.07491396 
382 236 11 13 0.06975147 
11 222 14 19 0.0696793 
410 212 17 20 0.06494615 
976 183 23 29 0.06301564 
963 175 40 52 0.06295922 
649 297 15 21 0.06252658 
318 276 10 13 0.058957167 
320 231 12 14 0.0589344 
434 219 14 18 0.057798196 
745 213 40 46 0.057132863 
805 265 26 38 0.056878585 
-2 198 52 68 0.056817405 
5 242 27 34 0.056572817 
395 209 23 26 0.055884782 
358 228 11 16 0.055747528 
305 338 33 36 0.05514759 
365 245 14 19 0.05475833 
24 258 18 21 0.054655768 
162 173 16 19 0.05308096 
54 210 29 36 0.052522562 
56 181 9 13 0.05242909 
980 218 17 20 0.051421057 
84 201 12 16 0.05061824 
286 280 12 17 0.05045908 
71 203 12 14 0.05007573 
4 221 15 21 0.049843222 
643 318 15 21 0.04934003 
77 195 15 19 0.049289126 
761 227 28 31 0.049126405 
725 249 17 21 0.04791616 
481 207 17 20 0.047154702 
317 252 11 14 0.04688513 
92 172 25 28 0.04657492 
50 228 29 33 0.04506108 
320 242 12 15 0.04345449 
282 412 17 23 0.04337867 
315 311 28 35 0.042781252 
358 279 16 21 0.0427315 
401 226 26 35 0.042511955 
35 211 32 37 0.041832764 
328 252 11 14 0.041787595 
914 241 18 21 0.041785084 
53 245 27 33 0.041351125 
93 176 14 17 0.041213356 
761 210 28 32 0.04120231 
66 207 25 32 0.040538613 
332 230 16 20 0.040291715 
278 366 12 16 0.039908145 
50 256 18 22 0.03857393 
525 291 12 16 0.037996378 
287 293 12 15 0.037194397 
710 310 16 21 0.03652671 
332 258 12 15 0.03619049 
148 196 16 22 0.03574558 
269 285 13 17 0.034684528 
682 215 21 24 0.034593374 
106 172 14 16 0.034080643 
464 198 42 46 0.033770286 
11 214 13 14 0.03375659 
32 247 22 27 0.03356269 
778 242 18 24 0.033266854 
930 151 28 37 0.033053663 
753 97 28 35 0.032549027 
364 236 11 15 0.032475863 
733 253 23 31 0.032265015 
11 249 16 20 0.031758733 
318 220 41 49 0.031593695 
768 224 18 19 0.030935295 
516 212 15 21 0.030813433 
915 139 26 37 0.0305943 
301 269 12 14 0.030433334 
101 198 20 25 0.030387564 
317 314 14 19 0.030307662 
381 229 12 15 0.03003116 
250 179 16 20 0.02911267 
1007 217 15 21 0.029020386 
39 244 14 17 0.028945688 
358 249 15 21 0.028870827 
404 223 17 22 0.028772714 
313 240 24 29 0.028609762 
417 213 17 21 0.028505158 
849 238 17 20 0.02847427 
512 209 13 20 0.028407702 
4 258 15 20 0.028301915 
102 176 29 34 0.028210882 
312 269 11 14 0.027929502 
269 363 98 132 0.027884679 
112 201 32 37 0.027539248 
1013 319 10 21 0.027189845 
276 347 14 16 0.027172243 
380 243 12 15 0.027162049 
120 190 26 31 0.027111493 
716 246 25 33 0.026933629 
823 217 16 21 0.026761333 
283 253 22 29 0.026622755 
596 90 15 18 0.02662031 
185 197 15 17 0.026509117 
974 199 27 33 0.026034229 
987 181 24 30 0.025920875 
429 248 16 22 0.02582869 
851 203 27 34 0.025761265 
359 282 29 35 0.02541814 
82 188 14 19 0.025152698 
519 283 28 38 0.025017826 
350 224 11 14 0.024998369 
1003 176 21 33 0.024898274 
343 274 12 15 0.024764407 
38 190 14 16 0.02468584 
643 235 16 22 0.024554348 
276 399 27 33 0.024491115 
762 211 43 51 0.02440407 
370 240 24 28 0.024365973 
795 200 41 51 0.024306498 
205 275 202 245 0.02427368 
356 242 13 20 0.02423804 
385 246 24 29 0.024216993 
74 212 25 36 0.024046894 
135 213 12 17 0.023996918 
748 254 28 37 0.02391003 
635 237 22 35 0.023587342 
460 239 28 36 0.023395462 
305 253 10 13 0.02337218 
293 257 20 25 0.023251917 
748 227 45 53 0.023217462 
992 216 16 20 0.02320259 
487 195 30 33 0.023201864 
412 244 15 23 0.02307212 
111 255 339 383 0.022845052 
101 208 33 42 0.022828469 
364 228 11 14 0.022820488 
993 186 14 18 0.022805685 
86 180 12 15 0.022743165 
384 220 12 15 0.022646302 
373 237 12 15 0.022563841 
151 180 15 22 0.022522043 
220 327 44 55 0.022484945 
51 197 28 36 0.022483993 
19 253 17 20 0.022443198 
60 180 9 12 0.02239323 
780 509 232 264 0.022360664 
286 267 20 25 0.022346638 
53 188 12 17 0.022085136 
276 283 12 15 0.022004696 
67 192 24 30 0.02197572 
272 350 10 14 0.021975692 
849 219 28 33 0.021832926 
650 160 28 39 0.021767786 
366 259 29 38 0.021564716 
419 230 25 35 0.02143461 
495 216 27 33 0.02142877 
987 218 25 31 0.021389812 
296 245 8 11 0.021253966 
49 203 15 20 0.021253599 
272 278 19 27 0.021216286 
193 202 24 31 0.021181885 
675 223 16 21 0.021166842 
14 224 27 32 0.02105882 
748 264 16 21 0.021042269 
265 352 43 52 0.021021994 
270 360 22 33 0.020984681 
143 195 14 18 0.020975038 
1010 518 13 17 0.020959679 
502 229 24 30 0.020784922 
628 240 37 51 0.020717004 
33 226 27 32 0.02063788 
394 241 23 30 0.020595975 
893 353 27 40 0.020469405 
270 375 47 59 0.020372652 
389 236 12 15 0.02028303 
319 344 37 45 0.020274628 
287 337 40 50 0.020252798 
502 240 44 48 0.020237781 
591 189 33 42 0.02015061 
10 276 28 33 0.020071343 
124 214 27 32 0.02003824 
