10_People_Marching_People_Marching_2_433
33
503 249 117 149 0.9997832 
348 236 117 145 0.9993036 
247 376 146 192 0.9992417 
614 354 156 204 0.9965501 
1 31 30 53 0.37060237 
453 754 279 290 0.19250092 
162 1148 120 143 0.10014527 
277 1174 27 31 0.09694477 
138 1104 191 235 0.09495278 
931 324 27 34 0.0775739 
924 451 13 15 0.07286219 
23 12 12 14 0.059884753 
153 1220 69 71 0.05912725 
313 152 29 43 0.03710007 
10 54 26 36 0.036580063 
20 66 16 22 0.03531554 
643 864 423 440 0.034451365 
979 438 17 21 0.033769663 
549 287 152 185 0.031913906 
186 1174 37 45 0.031239314 
126 361 440 468 0.028829224 
190 1251 31 39 0.02854997 
56 685 404 505 0.02820569 
540 1073 110 138 0.028068107 
895 330 26 33 0.02799924 
864 302 32 42 0.027830496 
178 1174 65 67 0.02665137 
113 26 403 455 0.02546917 
220 145 22 28 0.024424812 
985 303 29 38 0.021031434 
37 69 23 29 0.020744018 
528 855 236 274 0.020574605 
109 125 29 35 0.020568008 
