10_People_Marching_People_Marching_2_307
149
505 139 102 133 0.9992052 
660 222 50 65 0.9939996 
249 176 89 107 0.9642167 
68 186 77 87 0.9483383 
706 293 27 33 0.45821032 
688 139 15 18 0.33865687 
872 172 30 43 0.30127016 
130 31 80 110 0.30039376 
304 27 11 14 0.2242121 
719 233 22 30 0.19250655 
700 166 23 29 0.18834527 
847 401 14 17 0.17747767 
126 27 52 76 0.17525671 
780 342 16 22 0.17133737 
779 277 13 15 0.15991542 
811 441 17 24 0.118963905 
794 289 16 21 0.11619036 
649 335 29 37 0.11612238 
826 406 16 21 0.11456987 
791 405 27 31 0.10056862 
745 269 10 13 0.09780787 
837 171 12 16 0.09712738 
758 322 13 17 0.080723755 
860 482 16 22 0.080384076 
810 262 10 12 0.076076455 
724 232 14 18 0.0727004 
739 246 12 16 0.07037338 
727 323 16 20 0.0676647 
797 433 30 33 0.06673186 
768 299 14 18 0.06510964 
771 186 15 17 0.06484838 
850 179 30 38 0.06381337 
860 493 17 22 0.06301282 
708 159 13 15 0.06143666 
766 293 12 16 0.061083633 
735 399 36 42 0.06084606 
765 177 24 28 0.060055472 
875 433 15 19 0.05984208 
119 38 38 49 0.057951022 
701 278 46 54 0.054445274 
977 233 46 118 0.052721094 
2 456 34 58 0.051721048 
832 351 10 12 0.05163021 
884 431 12 15 0.051604368 
730 328 22 26 0.048851747 
846 409 16 20 0.04838872 
834 179 11 15 0.04767043 
706 230 25 33 0.04748405 
775 194 11 14 0.047441237 
831 400 24 28 0.046517424 
761 203 9 11 0.046166927 
728 446 28 35 0.04530019 
777 276 20 25 0.043811176 
783 288 14 20 0.04354513 
874 167 14 18 0.04339736 
301 13 11 12 0.043272942 
742 297 13 18 0.043091822 
64 7 95 108 0.041454107 
809 253 11 13 0.04117088 
732 240 15 21 0.04112552 
752 262 11 13 0.040455524 
806 404 24 30 0.038658943 
843 373 13 17 0.0375965 
940 231 85 161 0.037180357 
755 318 23 28 0.036995012 
762 317 14 17 0.03599932 
847 435 12 17 0.035887774 
600 357 186 234 0.03516639 
714 337 16 18 0.034971654 
618 262 36 47 0.033087555 
11 0 106 106 0.032720666 
743 326 22 28 0.032675482 
871 164 13 16 0.032272268 
790 285 15 19 0.031431504 
717 444 49 56 0.031221708 
709 308 29 33 0.031159546 
710 220 14 18 0.031120129 
578 168 27 44 0.03111667 
742 290 23 28 0.030945579 
791 213 10 13 0.030880947 
878 397 12 16 0.030355675 
665 437 98 114 0.030256819 
879 474 12 16 0.030087272 
895 545 14 21 0.030069876 
748 164 11 13 0.02982914 
767 286 21 26 0.029517494 
847 335 8 10 0.029358111 
218 192 87 121 0.02857196 
735 297 13 18 0.02802728 
717 501 93 123 0.02796016 
869 429 15 19 0.027737465 
117 64 60 93 0.027607074 
753 290 24 29 0.027515192 
629 247 44 55 0.027245004 
723 421 38 40 0.026949955 
927 160 14 19 0.026921246 
219 9 56 61 0.026390623 
801 286 12 14 0.0261829 
406 595 12 13 0.02614356 
720 490 25 33 0.02604728 
634 208 31 45 0.02590239 
797 304 12 15 0.02571921 
758 278 13 15 0.025621165 
766 204 10 13 0.025442764 
160 18 34 55 0.025442665 
732 519 57 65 0.025337422 
710 242 15 20 0.025265442 
157 646 28 35 0.025205636 
838 371 22 27 0.025169514 
714 325 24 28 0.024859933 
780 195 15 17 0.024848364 
752 322 14 19 0.024842722 
780 399 26 35 0.024830192 
349 381 21 30 0.024712615 
869 160 11 14 0.024352044 
782 333 16 20 0.02433909 
780 409 16 21 0.024286525 
614 154 26 32 0.024253523 
763 309 24 29 0.024233835 
787 412 43 47 0.024227995 
142 36 135 129 0.024065994 
287 30 11 14 0.024012139 
819 204 15 17 0.02392997 
764 276 12 14 0.023838917 
758 289 14 17 0.023487225 
715 226 15 19 0.02336131 
295 3 15 15 0.023300692 
348 224 13 18 0.02297058 
840 382 23 29 0.022842314 
883 469 13 17 0.02280676 
116 85 16 22 0.022472268 
763 169 17 20 0.022180224 
872 552 18 22 0.022089854 
807 363 13 17 0.021870732 
217 114 169 205 0.021585029 
780 210 12 14 0.021530392 
347 232 16 23 0.021346726 
816 416 25 36 0.021255257 
413 372 15 21 0.02114931 
755 379 29 35 0.021015562 
851 398 24 29 0.020940598 
911 131 100 152 0.02083351 
109 79 27 38 0.020470329 
0 139 177 203 0.020462636 
715 156 11 15 0.020242587 
867 478 14 17 0.020234423 
827 389 39 46 0.020209378 
758 69 26 31 0.020188648 
679 175 46 56 0.020102898 
