10_People_Marching_People_Marching_2_430
39
163 162 35 40 0.99517184 
915 250 32 41 0.99352455 
286 127 32 39 0.99266195 
633 201 42 53 0.9921915 
416 172 29 36 0.9785204 
214 158 22 27 0.94440657 
767 200 45 49 0.8877282 
92 146 16 19 0.43787414 
834 261 53 75 0.14785914 
307 181 25 34 0.1316863 
109 186 18 23 0.09443169 
541 273 414 434 0.07001756 
265 176 26 29 0.058222793 
865 63 129 171 0.053418398 
-7 299 536 463 0.04717689 
236 188 24 30 0.041062675 
89 179 17 20 0.037359368 
297 190 27 32 0.033865076 
358 170 29 35 0.033139884 
849 270 33 47 0.033004418 
92 182 24 29 0.032238793 
282 205 25 28 0.030210493 
339 193 22 28 0.02977754 
595 -3 395 459 0.028398162 
533 166 55 64 0.027822398 
259 186 34 37 0.027214048 
65 128 18 19 0.02683651 
277 191 28 33 0.026755694 
366 167 13 19 0.025654756 
340 143 24 32 0.025217311 
868 272 27 45 0.022807498 
79 -54 383 457 0.022108726 
135 117 26 31 0.022107465 
887 251 45 63 0.021999232 
314 188 29 35 0.021260206 
761 302 30 35 0.021177053 
322 179 15 22 0.021115504 
147 166 29 41 0.020341584 
258 204 34 33 0.020128764 
