10_People_Marching_People_Marching_2_191
186
746 324 21 27 0.9853631 
844 315 27 33 0.98044306 
515 316 18 27 0.96300507 
385 318 19 24 0.96195066 
821 320 23 29 0.93900746 
656 318 25 28 0.93558556 
329 237 14 18 0.924999 
241 307 22 27 0.873297 
80 290 20 26 0.8328477 
454 323 16 23 0.80415267 
316 300 15 20 0.7934986 
93 317 17 21 0.783646 
380 240 13 16 0.71804106 
18 297 22 26 0.7125479 
968 346 22 26 0.71154463 
336 306 19 26 0.69474083 
138 305 14 18 0.5685622 
188 315 17 20 0.49544892 
257 292 16 21 0.31554726 
147 300 13 17 0.29163978 
499 331 12 17 0.26880595 
829 314 25 32 0.26879334 
485 329 14 18 0.21850318 
181 315 16 21 0.18724869 
939 455 16 23 0.16756424 
364 307 13 18 0.15164717 
977 349 24 29 0.14846258 
299 313 16 20 0.14598475 
643 316 25 31 0.13035241 
320 300 18 26 0.12640546 
1011 475 13 26 0.1255726 
139 341 10 13 0.12061532 
467 310 13 16 0.107430704 
962 480 13 22 0.10306299 
490 326 18 24 0.10178277 
567 342 11 14 0.097376674 
171 296 13 18 0.09652095 
459 315 16 20 0.09555354 
195 310 14 19 0.09129515 
237 318 14 20 0.08908167 
125 299 12 15 0.088771254 
799 477 28 32 0.08555078 
984 463 22 32 0.08485615 
344 306 16 21 0.081606254 
365 280 12 16 0.07817855 
332 300 17 23 0.07479822 
739 315 22 31 0.072880454 
30 280 11 13 0.07020594 
815 311 23 29 0.06668795 
511 310 14 18 0.06543228 
900 450 15 18 0.06541092 
98 309 16 21 0.063439064 
571 341 11 14 0.0617549 
326 314 13 17 0.058399074 
16 341 10 15 0.057976764 
160 470 13 15 0.05722847 
901 465 18 22 0.05588468 
46 354 14 19 0.054668885 
478 454 29 40 0.053889237 
135 345 12 16 0.053592842 
963 341 17 23 0.05194506 
272 317 13 17 0.05104597 
376 312 19 25 0.05081052 
150 294 21 26 0.05067581 
697 367 22 28 0.049946878 
11 387 11 13 0.049679715 
304 304 20 27 0.048180938 
236 302 15 18 0.047922567 
232 329 12 16 0.045838773 
13 291 18 22 0.04580738 
465 324 14 19 0.044464037 
76 284 16 22 0.04424244 
967 473 21 31 0.0435531 
627 297 15 20 0.043477606 
137 334 11 14 0.041709166 
725 371 14 18 0.041505635 
219 443 15 20 0.040021673 
36 292 12 17 0.039726425 
176 330 12 16 0.03911215 
165 282 13 17 0.038410224 
68 290 13 20 0.03804156 
940 448 13 18 0.03767087 
4 313 14 19 0.0373331 
986 344 27 34 0.037200898 
219 355 14 16 0.036800973 
529 321 14 20 0.036627818 
126 305 14 18 0.03630958 
358 295 21 30 0.035268404 
625 313 23 31 0.034876242 
1001 463 23 36 0.034675572 
800 302 24 28 0.034586314 
179 297 15 19 0.03440964 
799 300 13 16 0.0343665 
162 485 11 14 0.03433189 
348 358 25 35 0.034124188 
17 307 25 30 0.034076277 
350 361 14 20 0.03387016 
88 295 23 30 0.033866186 
638 327 16 23 0.03361614 
341 351 24 35 0.033318114 
359 278 13 16 0.033237115 
70 284 13 17 0.033042926 
36 286 11 15 0.033025 
592 336 13 19 0.03301737 
934 371 12 16 0.032433894 
949 434 14 17 0.03233872 
176 321 13 18 0.03164507 
88 285 18 20 0.03147156 
519 488 24 36 0.031469427 
26 320 18 20 0.031099934 
975 468 23 33 0.030747399 
487 346 12 16 0.030568277 
158 282 13 16 0.030486392 
202 320 14 18 0.030379606 
530 299 15 18 0.030232238 
895 457 13 19 0.030135375 
364 291 13 18 0.029667381 
853 321 26 32 0.029285902 
233 307 12 17 0.028711332 
469 471 32 35 0.028626649 
386 241 12 16 0.028333722 
625 294 12 15 0.028081737 
300 372 13 16 0.0278679 
522 308 16 21 0.02729303 
774 312 23 30 0.026918074 
1001 362 16 20 0.02670045 
173 286 12 16 0.026630044 
485 320 11 14 0.026430795 
121 290 12 16 0.026413575 
590 370 16 19 0.026408596 
324 320 13 16 0.02640209 
245 290 22 29 0.026342312 
408 477 13 18 0.025802767 
21 284 21 27 0.025735267 
140 322 11 14 0.025676709 
316 365 12 16 0.025511503 
13 310 16 22 0.025495514 
433 423 30 47 0.02508222 
366 303 20 27 0.024804873 
331 289 16 20 0.024764366 
253 287 13 17 0.024728848 
462 454 32 37 0.024598828 
966 470 11 17 0.024266634 
79 340 12 17 0.024194306 
1006 310 10 13 0.024093907 
916 410 13 16 0.024033146 
46 286 10 14 0.023843981 
361 274 22 27 0.023779085 
591 337 22 29 0.02375951 
97 293 15 17 0.02369705 
196 304 12 14 0.023598779 
365 318 13 18 0.023556596 
370 277 16 17 0.02329283 
143 296 12 17 0.023281034 
310 365 12 14 0.023140386 
247 284 13 18 0.023085617 
934 442 14 20 0.022922514 
449 451 28 42 0.022860754 
187 301 14 17 0.022707386 
713 364 22 28 0.022571957 
254 348 12 15 0.022511583 
316 308 15 20 0.022222355 
994 477 18 24 0.022178438 
918 349 24 30 0.0221779 
939 369 13 17 0.022063058 
219 362 17 20 0.022047445 
388 281 12 17 0.021580193 
140 293 21 29 0.021498105 
438 363 13 15 0.021439455 
639 296 27 34 0.021219091 
108 321 12 17 0.02116845 
99 301 14 18 0.020936534 
124 293 21 28 0.020930871 
500 322 20 26 0.020900922 
856 488 17 22 0.020851037 
175 339 12 16 0.020768212 
71 293 19 27 0.020766499 
311 294 15 19 0.020714933 
78 305 25 31 0.020685215 
1006 482 22 36 0.020610377 
480 325 14 19 0.020526206 
457 302 22 28 0.020469634 
352 308 20 24 0.020429023 
871 438 24 30 0.020355841 
789 470 22 34 0.020212851 
317 210 12 15 0.020027183 
