10_People_Marching_People_Marching_2_1046
183
513 204 47 57 0.9970381 
49 203 22 27 0.9690911 
218 215 19 24 0.9363411 
282 260 14 20 0.88018405 
365 238 15 18 0.8327526 
175 245 24 29 0.73810166 
422 194 23 29 0.65990674 
574 235 29 34 0.6394121 
99 209 14 16 0.6255339 
1005 225 19 27 0.5735965 
201 190 14 17 0.56516147 
877 234 18 20 0.5467796 
743 236 24 28 0.5248874 
138 304 33 39 0.3684453 
875 244 26 31 0.29288775 
686 197 10 13 0.27286908 
346 215 12 16 0.26415965 
166 242 23 27 0.23712295 
703 257 24 36 0.18356821 
389 192 14 20 0.18095306 
84 271 22 28 0.16513515 
958 203 12 16 0.13996102 
258 266 16 22 0.13344763 
145 199 9 12 0.13303918 
589 193 10 12 0.12378502 
134 238 20 26 0.11164493 
191 175 10 12 0.10407416 
112 183 10 12 0.092143275 
825 277 32 37 0.09123088 
624 228 27 34 0.085983574 
385 184 24 32 0.08502013 
270 222 12 16 0.08363881 
721 238 16 22 0.08032377 
325 190 10 13 0.07976421 
321 189 10 13 0.07919053 
221 228 16 21 0.079157695 
221 187 11 14 0.074066415 
797 269 49 50 0.06985836 
4 245 14 21 0.06978301 
133 249 15 18 0.06764047 
157 247 17 20 0.06736763 
586 195 10 13 0.065983064 
599 212 13 17 0.063200645 
118 203 12 13 0.059624612 
174 451 15 15 0.058037177 
737 233 44 55 0.056859683 
785 264 36 40 0.0556236 
139 256 15 18 0.053688377 
779 276 53 59 0.053361084 
0 276 8 15 0.052687954 
790 217 15 18 0.05044403 
732 233 23 30 0.046370517 
184 249 24 31 0.0462631 
912 64 30 34 0.04535825 
369 193 40 51 0.045112744 
348 252 10 14 0.04332406 
328 196 9 11 0.042855375 
398 187 26 32 0.04196844 
150 305 35 47 0.041708115 
145 238 20 27 0.041162897 
381 180 14 19 0.04091555 
852 249 41 49 0.040653434 
127 235 15 19 0.040489316 
-1 212 8 14 0.03947515 
750 226 31 37 0.038996276 
205 166 11 15 0.0386402 
127 296 32 40 0.037753653 
728 258 49 58 0.037429005 
134 184 9 11 0.03688901 
165 246 40 47 0.036884252 
78 181 10 12 0.03666201 
126 258 13 17 0.0365141 
129 184 10 12 0.036012623 
173 181 10 12 0.035572704 
148 203 11 13 0.035503127 
351 190 9 13 0.035296004 
412 192 37 48 0.035247795 
127 250 14 18 0.03516982 
716 241 23 37 0.035162646 
74 319 40 54 0.035117716 
336 174 8 10 0.03379289 
343 183 9 11 0.03354715 
262 221 13 17 0.033374134 
326 252 11 15 0.033282846 
838 271 32 39 0.033137824 
4 248 21 33 0.033112913 
884 219 15 18 0.03285012 
264 262 19 25 0.032657012 
395 189 13 19 0.03226736 
344 206 10 13 0.03213058 
79 204 10 14 0.03170842 
385 217 24 32 0.03163385 
869 227 16 21 0.031258117 
311 221 9 13 0.03111637 
120 286 23 32 0.031011669 
253 190 11 12 0.030789703 
145 181 8 10 0.030731196 
345 189 10 12 0.030281888 
1010 236 14 22 0.030147092 
624 215 9 12 0.02991084 
411 141 12 14 0.029843286 
7 205 11 13 0.029697113 
138 312 19 24 0.029418161 
893 228 13 18 0.028862298 
173 187 10 13 0.02833464 
296 292 9 12 0.02818139 
868 220 15 19 0.028128002 
431 164 12 16 0.028038574 
-29 363 230 252 0.02796489 
597 195 10 14 0.027862765 
303 175 9 11 0.027824476 
167 212 11 14 0.027544081 
587 200 14 18 0.02743938 
117 188 9 11 0.027364219 
628 324 16 19 0.02727903 
334 221 11 14 0.027259177 
432 193 23 30 0.02714968 
654 236 14 19 0.026795475 
80 199 10 13 0.026696317 
604 215 13 17 0.026627118 
650 199 9 11 0.02642438 
761 241 17 21 0.026418326 
2 331 14 18 0.026267128 
205 183 12 16 0.026231758 
955 201 19 26 0.026167585 
6 381 11 16 0.0260336 
409 183 26 37 0.025592929 
103 188 10 12 0.02550927 
86 204 12 16 0.025322473 
785 210 24 29 0.025174763 
144 176 8 9 0.025108475 
873 220 22 27 0.02509031 
800 255 37 40 0.024634102 
216 182 10 13 0.02446851 
294 286 10 13 0.024427908 
103 182 10 12 0.024369955 
164 219 13 16 0.02436543 
228 261 13 18 0.024350822 
795 213 13 15 0.024307393 
889 233 16 22 0.02419187 
596 191 9 12 0.02412741 
128 260 23 28 0.024091966 
334 167 9 11 0.024046838 
131 281 14 19 0.02402383 
964 237 25 32 0.023773605 
428 213 14 21 0.023720471 
385 201 12 16 0.023695875 
158 198 9 13 0.023564389 
310 215 9 12 0.023537299 
590 211 14 19 0.023445817 
286 320 10 11 0.023416545 
403 188 15 20 0.023315819 
393 230 15 20 0.023312673 
805 219 13 17 0.02330107 
725 231 12 16 0.023204127 
97 183 9 12 0.023176039 
759 210 32 35 0.023046115 
222 263 21 28 0.022831181 
91 263 24 30 0.022456285 
706 250 42 54 0.022248212 
116 289 16 21 0.022020847 
13 211 11 14 0.021973941 
335 197 9 12 0.021963784 
196 264 25 30 0.021833187 
0 385 9 16 0.0218022 
750 288 29 39 0.021750424 
198 172 10 13 0.021684486 
203 200 15 18 0.021576451 
0 266 10 18 0.021532847 
454 235 26 34 0.021496866 
304 167 8 9 0.021378845 
302 180 10 12 0.02137547 
383 231 15 19 0.021037415 
341 224 13 17 0.021008268 
697 241 26 37 0.020866163 
435 440 187 274 0.020831902 
752 244 18 22 0.020794466 
369 221 24 30 0.020637421 
200 160 8 10 0.020517552 
805 214 10 14 0.020318935 
655 230 12 16 0.02018705 
124 266 15 19 0.020110631 
222 194 12 14 0.020007921 
