10_People_Marching_People_Marching_2_36
356
812 330 35 39 0.99435717 
948 333 39 45 0.9929288 
304 335 34 40 0.99070555 
696 302 33 41 0.98981714 
256 320 32 38 0.98572034 
753 318 28 34 0.9819741 
500 320 31 37 0.97306687 
649 307 26 30 0.97164637 
556 326 31 34 0.97026145 
32 287 17 21 0.95938945 
852 287 21 26 0.9371105 
51 410 13 16 0.8944116 
426 303 29 33 0.8841044 
10 310 19 22 0.8665026 
384 298 25 29 0.84702545 
593 273 19 24 0.82882816 
673 268 16 21 0.79941267 
828 290 18 21 0.7747472 
468 306 27 36 0.7697143 
901 302 15 18 0.7569645 
131 291 24 30 0.7470896 
224 319 25 33 0.64199275 
973 296 13 16 0.5467103 
107 413 13 16 0.52132386 
960 281 14 17 0.46999705 
926 293 15 18 0.44423348 
93 309 14 19 0.42152107 
570 291 15 17 0.41594374 
356 285 24 28 0.39966068 
10 344 15 20 0.3632753 
398 453 10 15 0.35901603 
613 323 23 31 0.3563322 
638 292 14 18 0.34911934 
942 284 12 17 0.33278304 
525 283 17 19 0.30746755 
1006 292 13 17 0.27647644 
569 318 32 34 0.27021626 
117 291 21 28 0.25240368 
318 333 35 37 0.24164554 
152 305 27 34 0.19753417 
28 337 23 29 0.19568285 
21 433 12 15 0.16550864 
670 442 12 16 0.16502455 
466 211 15 18 0.16220425 
627 298 15 18 0.15591022 
595 280 23 29 0.1558115 
611 309 24 31 0.15569508 
432 451 13 17 0.14915815 
485 314 33 38 0.14767332 
541 284 13 19 0.1465543 
404 442 12 16 0.1407914 
142 428 9 13 0.13859491 
811 287 24 29 0.13103645 
547 283 15 19 0.12786809 
620 300 17 18 0.12304484 
946 287 14 19 0.122058764 
356 312 26 35 0.12035269 
206 460 10 14 0.11779097 
15 426 13 17 0.1146841 
77 372 12 16 0.11211506 
0 393 9 14 0.11049568 
329 291 18 21 0.10590214 
941 281 10 13 0.10300663 
97 311 18 20 0.10089441 
287 345 27 37 0.09887895 
437 442 14 18 0.09739862 
346 286 24 30 0.09473429 
768 343 27 37 0.09273224 
455 230 13 15 0.09271573 
611 304 18 23 0.08657211 
27 401 16 19 0.085395694 
317 289 26 29 0.08498015 
741 462 13 19 0.08400184 
664 306 26 28 0.08357151 
11 422 14 16 0.08342582 
656 331 27 34 0.08258204 
971 286 13 16 0.07787049 
921 291 13 17 0.07780381 
136 439 10 12 0.076503016 
61 242 12 14 0.07632448 
1004 284 15 18 0.07623172 
671 434 14 19 0.07598979 
399 315 25 34 0.075905524 
305 654 16 18 0.074883536 
583 326 21 22 0.07313478 
541 276 13 18 0.072908655 
491 226 15 18 0.07262209 
643 294 16 22 0.071296446 
431 436 23 29 0.07109505 
956 286 15 20 0.07069678 
121 403 14 16 0.070075706 
510 311 34 36 0.06962911 
965 288 15 20 0.06833515 
741 448 24 35 0.06654827 
870 315 12 16 0.065562814 
352 295 28 34 0.065473475 
-1 326 8 14 0.065021284 
48 224 8 10 0.064953856 
674 336 16 21 0.064858675 
104 406 13 17 0.064855695 
764 313 30 33 0.0646438 
596 294 16 20 0.064336166 
1004 278 12 14 0.06345238 
475 298 29 36 0.062050026 
825 327 35 35 0.06127579 
308 282 24 31 0.05815124 
1000 291 22 28 0.057855956 
555 275 14 18 0.05780972 
562 293 18 20 0.0547719 
558 300 25 29 0.05346107 
427 399 14 18 0.053460464 
894 328 25 34 0.053389084 
88 294 11 14 0.0531543 
893 295 16 18 0.05229919 
20 340 20 27 0.051679898 
369 284 16 20 0.051426813 
285 356 17 22 0.05092724 
188 432 12 16 0.050899964 
461 402 10 15 0.050680622 
269 316 32 34 0.050522406 
460 233 12 15 0.049556483 
581 293 13 16 0.04947579 
272 377 12 17 0.048923653 
298 274 24 32 0.04803521 
840 486 10 13 0.04787631 
485 233 14 18 0.047304913 
466 449 16 23 0.04707848 
7 332 12 14 0.04699756 
380 290 18 25 0.04671476 
693 284 14 18 0.046239678 
381 381 12 16 0.04580023 
77 422 12 14 0.04503606 
173 339 16 18 0.044864513 
59 379 13 16 0.04424008 
902 260 9 11 0.04411937 
1 404 9 15 0.04390785 
116 409 15 18 0.04274789 
605 311 15 22 0.04210808 
558 292 14 17 0.04203829 
374 298 24 31 0.04127095 
339 330 25 35 0.040803283 
844 483 11 14 0.040482577 
100 301 26 29 0.040353358 
272 339 28 38 0.040337574 
298 327 28 39 0.04015659 
675 429 13 17 0.040110726 
419 177 19 23 0.03994792 
298 480 31 45 0.03981593 
137 430 11 13 0.039321527 
940 326 14 19 0.03919074 
332 280 23 30 0.039054662 
96 429 11 14 0.039052784 
507 274 13 18 0.038880005 
295 651 24 25 0.038326386 
914 327 15 20 0.03811066 
836 492 12 15 0.037980486 
587 296 16 20 0.037883658 
892 305 23 27 0.037491728 
398 415 11 13 0.03727612 
692 278 35 41 0.037269052 
604 353 13 18 0.037236728 
620 232 17 20 0.037042208 
465 257 22 29 0.036996253 
668 426 23 30 0.03688934 
69 388 11 14 0.036738236 
236 321 26 36 0.036700647 
438 304 31 33 0.03542907 
715 364 12 17 0.03522346 
155 256 14 19 0.034948207 
401 447 14 20 0.034823548 
461 426 17 20 0.03463948 
399 301 28 32 0.034529414 
560 316 22 26 0.034393325 
110 291 16 19 0.034126934 
573 291 22 28 0.034036104 
258 234 15 15 0.03385475 
599 346 14 18 0.033766363 
58 371 13 17 0.033762693 
23 252 9 11 0.033687863 
581 266 13 16 0.033398293 
57 410 14 17 0.033132758 
636 275 14 17 0.033047497 
247 328 30 39 0.03288586 
803 327 26 33 0.03271046 
684 305 16 22 0.032664176 
26 436 12 15 0.03240492 
990 291 11 14 0.032138728 
189 315 22 26 0.03210647 
946 297 17 21 0.03202689 
517 274 21 26 0.031888753 
598 355 13 18 0.031798217 
351 325 27 37 0.031693883 
606 318 20 31 0.031520303 
47 228 8 10 0.030988393 
523 289 25 31 0.030792506 
1012 299 12 18 0.03078478 
787 292 13 15 0.030772263 
54 222 8 9 0.030687515 
41 246 9 11 0.030569784 
746 306 27 37 0.030525146 
583 -5 98 96 0.03052468 
95 436 11 14 0.030147903 
391 289 29 32 0.029814512 
485 281 24 29 0.029713785 
91 347 15 21 0.029543787 
792 337 27 33 0.029423473 
299 277 45 53 0.029183665 
547 292 22 27 0.029091796 
137 297 25 35 0.029008461 
345 272 18 22 0.028975077 
696 397 11 14 0.028749626 
1005 303 15 21 0.028653983 
487 222 15 16 0.028576512 
498 282 14 16 0.028566472 
814 309 32 39 0.028509451 
28 450 12 16 0.02849191 
386 480 16 21 0.028331108 
930 120 15 21 0.02825527 
54 365 13 16 0.028151749 
620 366 13 16 0.028081594 
949 299 24 28 0.027933972 
140 435 10 15 0.027928848 
846 285 18 22 0.027692134 
101 437 12 15 0.027645988 
980 287 13 16 0.027541447 
661 433 23 31 0.027511513 
411 327 14 19 0.027464679 
462 442 17 21 0.027415376 
105 312 17 21 0.027320812 
785 297 16 20 0.02731357 
781 341 26 33 0.027008995 
30 238 8 10 0.026993267 
641 288 28 32 0.02696542 
813 275 39 47 0.026825111 
631 299 23 28 0.026804859 
596 353 23 29 0.026715718 
333 256 13 16 0.026661739 
334 366 22 30 0.026450004 
61 427 11 14 0.026334736 
719 301 29 35 0.026214577 
937 320 25 31 0.026213495 
143 444 11 14 0.026160305 
71 422 11 14 0.026114441 
742 371 22 30 0.026037227 
155 430 13 16 0.026019227 
150 428 12 15 0.025963616 
713 284 31 40 0.025956597 
29 459 13 18 0.025885142 
479 234 13 16 0.025764318 
499 220 14 16 0.02574854 
459 310 50 52 0.025681904 
270 445 11 15 0.02560529 
833 500 11 13 0.025597932 
164 257 15 20 0.025550341 
109 237 13 16 0.025390904 
-1 348 9 15 0.025289463 
775 291 24 31 0.02501867 
751 324 17 25 0.024908217 
927 116 26 37 0.02485969 
506 466 29 36 0.024852429 
916 316 14 18 0.02479997 
-1 365 9 16 0.02475531 
535 291 23 28 0.024682097 
830 357 28 35 0.024601037 
410 295 16 21 0.024515236 
28 372 15 20 0.024489556 
726 331 25 32 0.024487594 
589 311 23 31 0.024486095 
910 314 14 18 0.024484336 
30 253 9 11 0.02448202 
835 283 40 44 0.024379367 
955 298 14 18 0.024228817 
654 475 15 17 0.024224726 
37 330 26 32 0.024175992 
680 266 17 21 0.024125272 
320 366 27 33 0.023941977 
912 255 8 11 0.023817338 
743 454 13 19 0.023732902 
152 436 12 15 0.023631629 
563 269 12 15 0.023529269 
124 397 14 17 0.023380935 
5 323 23 28 0.023291903 
925 302 16 19 0.023183 
0 317 9 14 0.023061804 
517 266 12 16 0.023031179 
30 333 15 18 0.023024892 
386 523 17 18 0.023009207 
527 315 20 22 0.022863215 
24 232 9 11 0.022856079 
396 325 16 22 0.022842761 
81 378 12 16 0.022801578 
77 309 13 16 0.022676783 
585 356 25 32 0.022673339 
28 429 12 15 0.02267135 
369 314 15 21 0.022666214 
264 315 20 25 0.022641288 
170 307 19 23 0.022639211 
663 451 12 15 0.022575902 
947 311 16 19 0.02248478 
57 239 11 14 0.022482693 
548 305 14 19 0.022426758 
542 269 14 17 0.0224198 
692 304 18 26 0.02240801 
64 234 9 11 0.022401426 
454 319 25 32 0.022387093 
128 444 10 13 0.02231107 
22 442 13 17 0.02227344 
162 92 110 114 0.022266163 
756 294 32 38 0.022212531 
380 284 13 18 0.0222042 
550 321 24 33 0.022166438 
405 254 13 16 0.022137607 
389 470 12 15 0.02209808 
974 337 33 36 0.022096548 
474 264 14 19 0.022080831 
779 353 17 22 0.021703685 
127 309 25 35 0.021657215 
362 322 27 38 0.021615446 
496 272 22 29 0.021575868 
115 286 17 20 0.021503601 
926 237 8 11 0.021491067 
423 442 24 30 0.021456005 
62 384 12 15 0.021422992 
118 437 11 15 0.021373717 
13 415 13 16 0.02135784 
289 280 25 31 0.021352068 
556 302 16 21 0.021296956 
5 251 9 12 0.021279871 
62 444 10 13 0.021260595 
422 324 27 39 0.021084925 
725 342 16 20 0.02108336 
334 497 13 20 0.021078696 
751 228 26 35 0.02106163 
546 308 22 31 0.021053798 
989 321 25 35 0.021024447 
711 427 13 16 0.020919994 
918 89 93 117 0.02088367 
18 422 13 15 0.020880984 
341 -16 199 251 0.020857288 
938 291 21 25 0.020824302 
501 253 14 17 0.020733075 
291 490 28 43 0.020683652 
607 333 25 32 0.020662537 
53 289 14 18 0.0206562 
-1 341 10 15 0.020651748 
3 394 12 16 0.0206227 
333 124 51 79 0.02060106 
289 321 16 21 0.020566436 
183 425 22 27 0.020556102 
461 313 17 22 0.02045593 
200 457 23 27 0.020451697 
642 325 26 36 0.020435873 
766 283 11 14 0.020403855 
310 306 41 52 0.020153556 
331 290 28 35 0.020078091 
886 305 15 19 0.020032426 
