10_People_Marching_People_Marching_10_People_Marching_People_Marching_10_848
81
132 186 31 43 0.99912184 
759 127 51 70 0.9979736 
245 217 32 45 0.99731356 
481 159 44 56 0.99186 
363 201 41 49 0.98689353 
989 194 35 54 0.97396356 
643 164 44 58 0.96085435 
582 200 31 38 0.60904276 
724 179 33 45 0.34657276 
22 234 16 23 0.25293797 
539 397 218 299 0.18043941 
101 236 27 31 0.16972029 
292 515 16 22 0.15708949 
580 451 24 27 0.12849027 
533 115 28 37 0.12594245 
159 532 13 17 0.09878611 
44 200 23 28 0.08376894 
821 125 37 47 0.08019031 
530 105 25 31 0.06918265 
380 264 410 501 0.060454484 
522 100 16 20 0.056760136 
398 86 10 13 0.0536165 
163 138 11 15 0.049371354 
92 241 28 35 0.049073633 
573 455 16 19 0.048497003 
834 22 13 14 0.047833104 
654 91 13 17 0.04250329 
564 394 17 20 0.038895633 
522 427 15 17 0.03764946 
567 395 27 35 0.037283614 
649 450 25 31 0.03726609 
660 99 14 19 0.03636463 
892 402 16 19 0.035835244 
586 454 28 33 0.03485945 
712 187 31 42 0.03450084 
667 103 14 20 0.0344654 
547 427 12 17 0.033929538 
373 383 36 47 0.03362628 
544 339 14 16 0.03360578 
781 55 13 17 0.031962574 
10 224 27 38 0.030924143 
473 503 91 111 0.030856412 
479 382 12 17 0.030729188 
628 539 68 96 0.030625606 
675 80 16 20 0.030498847 
580 211 46 48 0.03024826 
763 84 14 19 0.029697595 
713 46 31 44 0.029607534 
78 252 29 40 0.029365506 
660 27 12 15 0.028880883 
723 122 24 31 0.028795054 
668 47 11 14 0.028417284 
512 134 34 37 0.027953383 
71 266 41 48 0.027592346 
519 119 33 38 0.027536934 
757 80 25 35 0.026886107 
1014 62 8 11 0.026850786 
598 446 32 39 0.025527403 
571 406 31 40 0.02533808 
725 0 14 13 0.025303269 
141 157 13 16 0.024821036 
538 102 17 22 0.024749022 
610 178 34 39 0.024641512 
613 440 28 37 0.024480352 
425 177 27 43 0.024033604 
643 442 15 19 0.023391683 
702 174 32 46 0.023240617 
720 191 44 58 0.023054333 
518 104 26 32 0.022833325 
658 177 49 60 0.022558333 
492 134 50 61 0.022471027 
132 235 15 20 0.022040362 
716 0 15 13 0.021949913 
206 617 55 59 0.02173962 
724 27 14 18 0.021359216 
630 443 27 34 0.02125577 
545 106 15 20 0.021003315 
519 468 12 14 0.020717252 
796 92 11 14 0.020600861 
799 84 11 14 0.020542827 
574 502 119 158 0.020507678 
