10_People_Marching_People_Marching_2_514
53
133 209 170 241 0.9984646 
393 155 167 245 0.99810755 
817 250 153 234 0.9902874 
548 39 132 188 0.9677518 
90 43 68 93 0.45509586 
744 526 16 21 0.2304615 
476 73 178 229 0.15153794 
903 94 110 141 0.09232406 
509 105 122 125 0.07282762 
0 19 44 73 0.07190134 
840 557 19 22 0.061469033 
747 534 18 22 0.06046269 
740 514 28 34 0.05508591 
41 428 35 45 0.05378863 
779 524 26 29 0.045810737 
241 192 161 231 0.042229652 
709 538 26 34 0.041009475 
150 30 405 378 0.0398289 
49 50 87 123 0.038419586 
872 150 123 99 0.038371965 
825 551 26 32 0.037715048 
20 417 50 64 0.035426255 
669 393 57 65 0.034328155 
114 34 85 102 0.033857197 
34 395 91 120 0.033610884 
966 85 58 84 0.033396572 
738 516 43 51 0.032383278 
10 32 76 120 0.0319041 
835 592 26 32 0.0305653 
744 545 29 34 0.030511687 
310 318 44 64 0.029649884 
670 480 62 63 0.02951998 
174 67 61 76 0.02856122 
207 27 80 63 0.027621428 
770 503 36 42 0.02719833 
901 473 46 60 0.027157225 
731 530 24 30 0.026646163 
631 455 108 92 0.026396291 
925 228 102 147 0.024867836 
369 554 37 33 0.024549738 
786 536 24 31 0.023845071 
448 136 133 161 0.023796968 
752 527 19 22 0.02331384 
767 480 36 46 0.023300191 
913 168 107 118 0.021808151 
967 226 55 94 0.021698665 
826 573 44 57 0.021294078 
177 3 122 109 0.020973917 
684 514 52 53 0.020853244 
989 475 25 29 0.020763623 
287 4 161 160 0.0207021 
440 650 15 18 0.020661557 
334 494 31 34 0.02025187 
