10_People_Marching_People_Marching_10_People_Marching_People_Marching_10_552
79
439 99 72 93 0.99881685 
840 87 12 15 0.21425857 
795 91 11 14 0.19842207 
693 97 12 16 0.18890764 
427 36 16 21 0.1515485 
715 6 15 19 0.12473926 
883 81 15 21 0.122797504 
635 31 25 31 0.10957689 
746 94 13 16 0.10043217 
601 9 17 20 0.09568812 
834 -1 18 16 0.08837561 
629 96 13 16 0.0694478 
83 38 13 17 0.06564125 
656 87 12 16 0.063403554 
931 0 16 15 0.055442993 
684 0 18 19 0.052097615 
750 106 13 15 0.041567806 
570 3 60 51 0.04096241 
1004 60 15 17 0.039116804 
567 22 30 36 0.03817234 
382 -1 13 12 0.037479516 
914 25 15 20 0.036416516 
478 9 16 19 0.035355136 
375 82 15 19 0.034368977 
665 170 17 22 0.033824302 
852 -2 17 16 0.03378118 
922 120 17 21 0.03350386 
594 6 28 31 0.032264233 
884 0 23 22 0.032104176 
774 90 15 18 0.031800814 
828 5 25 31 0.03139553 
611 9 51 56 0.030633718 
957 100 11 14 0.030600078 
94 0 11 12 0.030569797 
524 -1 16 14 0.030170381 
624 0 28 24 0.028995538 
528 119 28 35 0.02882436 
828 18 15 20 0.028347146 
767 195 27 32 0.027439727 
579 10 16 19 0.027322704 
897 1 18 20 0.027310845 
528 -3 25 22 0.027293593 
325 114 14 18 0.026981227 
686 95 20 25 0.026799288 
340 78 12 14 0.026486078 
451 88 15 18 0.026043613 
566 107 21 28 0.025346454 
956 2 13 15 0.02488085 
70 13 12 15 0.024777472 
901 171 14 20 0.024705725 
541 18 14 17 0.024617748 
893 6 15 20 0.024596926 
928 91 11 14 0.024179539 
461 18 14 17 0.024092287 
861 23 14 18 0.023803951 
837 83 20 24 0.023767468 
90 -11 233 229 0.022888107 
951 0 12 12 0.022587746 
580 12 30 33 0.022536736 
846 2 25 31 0.022514611 
874 2 16 18 0.022347346 
681 113 15 19 0.02221659 
618 60 14 17 0.022076497 
785 86 19 24 0.021752153 
597 26 27 33 0.021692848 
882 43 17 21 0.021666246 
103 36 11 14 0.021452956 
211 63 14 16 0.021444043 
538 -1 18 16 0.021306686 
56 20 10 13 0.021262161 
308 68 16 17 0.021151878 
515 248 26 35 0.021009749 
828 24 25 33 0.021006972 
603 55 27 32 0.020824986 
445 -2 16 13 0.020803913 
694 0 24 25 0.020747455 
605 0 26 26 0.020737385 
599 99 12 15 0.020682834 
373 11 22 28 0.020469338 
