10_People_Marching_People_Marching_2_277
614
370 185 25 29 0.97864234 
47 182 49 68 0.9741979 
619 186 32 38 0.9720677 
914 188 22 25 0.8208898 
471 178 14 18 0.8129446 
974 192 16 19 0.79635936 
838 186 24 28 0.7774535 
869 194 14 19 0.76734394 
818 188 18 22 0.7645817 
672 192 22 27 0.7563813 
420 177 29 33 0.7004602 
558 179 11 12 0.69143957 
1010 185 13 18 0.6249524 
266 172 14 17 0.61082536 
333 180 16 19 0.5613885 
942 185 13 16 0.5280166 
234 174 14 17 0.51434755 
534 180 13 16 0.44934335 
960 178 10 14 0.43216842 
261 176 13 16 0.42177394 
493 201 13 18 0.40939996 
765 194 14 17 0.37429485 
923 196 16 22 0.35957453 
947 233 16 21 0.33019656 
499 196 21 26 0.3131266 
945 218 15 19 0.29436964 
783 196 12 16 0.2791721 
995 193 12 16 0.27720392 
197 264 15 19 0.26514608 
397 205 18 24 0.26253504 
451 164 15 20 0.24977466 
432 186 24 29 0.23182324 
528 254 27 35 0.23048112 
781 203 11 15 0.22727983 
581 212 9 12 0.22530273 
742 195 10 12 0.21653523 
380 192 23 30 0.21507183 
318 190 11 15 0.20573892 
875 235 15 19 0.20134024 
381 251 25 32 0.19682252 
494 174 11 14 0.19673999 
313 271 24 33 0.19372523 
935 184 11 14 0.19332463 
556 212 12 16 0.17461099 
682 197 17 23 0.1723487 
413 250 16 19 0.1655441 
788 194 13 16 0.15532842 
1006 217 13 18 0.15313578 
21 205 11 15 0.14789852 
254 214 10 13 0.14563364 
514 198 17 22 0.13919464 
343 142 8 10 0.13641249 
782 229 14 16 0.13563389 
279 165 10 12 0.13471133 
714 232 16 21 0.12955938 
413 169 26 29 0.12669131 
289 213 15 18 0.1247493 
553 179 11 13 0.1195147 
313 226 11 14 0.1157585 
326 186 13 18 0.115097575 
964 176 9 11 0.11439518 
312 187 12 15 0.11432785 
311 183 10 13 0.11381342 
888 220 13 16 0.112657644 
991 190 12 17 0.11110599 
797 196 12 15 0.11090427 
13 203 14 18 0.11052557 
385 239 23 27 0.11013436 
488 174 11 15 0.10973619 
258 178 10 14 0.10832028 
589 188 10 13 0.104026206 
541 229 12 14 0.10284527 
774 200 14 18 0.10248281 
703 182 10 14 0.101817414 
348 230 22 27 0.10070654 
5 203 15 18 0.10034055 
461 169 19 27 0.09814376 
99 210 29 41 0.09770729 
743 211 10 13 0.09740777 
486 199 13 18 0.09661852 
213 246 16 20 0.09651552 
659 214 14 19 0.09470802 
718 190 9 12 0.09181112 
524 320 16 21 0.09075108 
890 196 12 15 0.08995991 
854 210 14 19 0.08969924 
522 203 13 17 0.088931404 
294 196 12 14 0.08838681 
534 510 12 13 0.08795302 
273 274 25 33 0.087932564 
750 195 10 14 0.087622896 
564 180 10 13 0.087545104 
668 189 17 21 0.08739297 
574 243 10 14 0.0855934 
261 167 14 18 0.08503967 
575 159 10 12 0.08472668 
392 236 16 19 0.08356365 
737 195 11 13 0.08350238 
874 190 13 17 0.08263194 
310 194 13 16 0.08235833 
291 205 12 15 0.08204032 
711 228 14 18 0.08170607 
108 167 34 41 0.08108791 
604 188 13 15 0.07605738 
600 229 11 15 0.07573619 
714 223 14 17 0.07567576 
279 158 11 13 0.07537718 
770 191 13 17 0.07503801 
275 232 15 17 0.07369766 
25 168 7 9 0.0722891 
683 181 13 15 0.07222054 
631 193 20 24 0.07212751 
605 196 13 15 0.072083525 
318 183 11 15 0.07073215 
237 167 12 15 0.07058734 
631 163 10 12 0.07023027 
775 209 14 16 0.07010643 
999 219 13 17 0.07001666 
584 327 18 20 0.06993176 
540 259 23 29 0.06926522 
708 266 16 19 0.0689647 
143 209 14 18 0.06878185 
251 252 16 19 0.06849241 
709 240 15 19 0.06772723 
302 197 10 13 0.067046985 
891 210 14 18 0.06695542 
337 141 8 11 0.06585874 
786 238 23 28 0.06572813 
860 265 24 30 0.065717116 
759 202 13 15 0.06525014 
720 197 10 12 0.06506437 
804 191 11 14 0.064570874 
476 211 13 16 0.06429666 
591 184 9 12 0.06317854 
365 185 18 23 0.063113265 
816 358 11 13 0.06310236 
550 164 10 11 0.062280167 
982 233 12 15 0.061430417 
692 202 13 17 0.06134274 
708 251 14 17 0.0612739 
383 187 17 21 0.06115876 
796 235 15 20 0.061141726 
174 188 11 15 0.061096933 
778 230 24 28 0.060634393 
999 286 10 15 0.0595917 
453 158 13 17 0.059434034 
968 195 14 16 0.05941984 
244 173 11 15 0.059364818 
700 229 14 18 0.058251753 
692 230 15 19 0.05785323 
607 156 10 12 0.057447895 
480 257 24 35 0.057431348 
563 212 10 14 0.057072297 
255 190 11 14 0.056986876 
568 198 10 14 0.05641826 
253 142 9 12 0.055944733 
566 174 10 13 0.05583519 
926 230 12 15 0.055667322 
472 250 23 29 0.0554276 
680 186 17 21 0.054705516 
856 199 20 25 0.053573113 
791 357 13 15 0.05346671 
885 224 14 19 0.052941535 
477 271 26 35 0.052606415 
461 244 17 20 0.052341625 
929 184 18 23 0.05228054 
574 205 11 14 0.051945437 
273 172 13 15 0.0519435 
0 150 8 12 0.05127948 
288 372 11 15 0.051165547 
569 158 9 11 0.051149346 
552 159 10 12 0.05112741 
842 261 14 17 0.051007602 
713 189 9 12 0.05054964 
12 206 21 28 0.05048639 
419 200 15 20 0.050265875 
721 203 9 12 0.049518283 
553 218 12 15 0.049477395 
600 152 9 11 0.049306598 
758 180 27 31 0.04902801 
295 177 9 11 0.048970137 
139 191 11 15 0.048740335 
888 253 12 17 0.048716344 
224 215 9 11 0.04806776 
1014 324 8 12 0.047511652 
340 175 14 18 0.047503904 
100 263 55 60 0.047285628 
167 196 11 15 0.04687284 
302 237 14 16 0.046502918 
216 241 23 29 0.04647576 
264 141 8 10 0.046462886 
0 266 9 16 0.04621939 
224 172 11 13 0.046146385 
877 236 21 28 0.045959666 
475 184 14 17 0.04593382 
318 267 15 19 0.045414653 
354 279 17 23 0.045243245 
711 181 10 14 0.045203533 
230 167 11 14 0.045186464 
557 186 11 12 0.045142632 
542 174 11 15 0.045037962 
478 195 14 18 0.044896893 
257 247 24 27 0.04451735 
887 180 11 13 0.044289507 
758 242 14 18 0.04428091 
24 172 8 13 0.044219125 
653 218 14 17 0.044214547 
625 203 19 23 0.044061325 
325 243 16 19 0.04405772 
982 184 11 13 0.04404851 
279 221 12 16 0.04364355 
460 182 16 20 0.043466855 
393 352 29 30 0.04334523 
716 183 10 12 0.043206714 
349 270 14 17 0.043181118 
238 185 12 16 0.043067448 
234 355 12 15 0.04305047 
329 141 8 11 0.043050297 
349 157 12 14 0.042933848 
750 191 20 23 0.042296283 
250 214 9 12 0.042292945 
583 281 12 17 0.042218283 
636 275 12 14 0.04213882 
280 217 21 26 0.041831266 
702 271 15 19 0.041804016 
46 576 60 70 0.04148868 
490 252 21 32 0.041449085 
919 175 12 13 0.04103245 
245 188 11 15 0.041011862 
591 194 10 13 0.04100923 
558 157 8 11 0.040992368 
305 181 9 12 0.040792137 
551 245 12 16 0.04070792 
342 148 9 11 0.04068063 
583 268 11 14 0.040608432 
782 284 13 17 0.04043406 
961 315 12 15 0.040261794 
526 281 25 30 0.040215842 
573 174 10 12 0.04002614 
924 183 14 18 0.039999373 
525 185 15 18 0.0398327 
272 196 11 13 0.03978225 
646 235 12 15 0.039573904 
694 181 12 17 0.03944754 
999 183 11 14 0.039288096 
553 206 10 13 0.039100625 
773 232 16 19 0.03909371 
206 262 21 28 0.039051745 
568 242 12 16 0.039023288 
600 196 11 14 0.038977604 
598 181 13 16 0.038943894 
997 201 13 16 0.038915478 
531 205 11 15 0.038909048 
310 216 20 27 0.038804922 
574 182 10 12 0.038724907 
343 234 15 19 0.038712375 
565 251 11 17 0.038707104 
126 140 10 13 0.03858598 
263 258 24 31 0.038549364 
709 205 10 13 0.038517885 
670 436 13 15 0.038242444 
725 197 11 13 0.038140576 
500 191 16 20 0.038087465 
878 183 11 14 0.037957594 
668 314 16 22 0.037917674 
127 136 8 10 0.03770828 
470 166 10 13 0.03755535 
783 179 11 14 0.037518393 
662 244 14 16 0.037508365 
30 204 11 16 0.037426967 
141 202 23 31 0.037326396 
638 162 11 13 0.03731776 
343 157 10 13 0.036920298 
992 292 9 12 0.036916215 
297 282 30 38 0.036837302 
698 256 23 25 0.03671968 
32 198 11 15 0.036712985 
306 305 24 31 0.036680497 
566 203 11 14 0.03666514 
858 188 19 25 0.036564 
835 240 16 19 0.036512047 
699 204 12 16 0.03645405 
25 195 51 63 0.03610259 
556 256 14 19 0.03575043 
480 243 27 33 0.03570728 
173 182 10 14 0.03569675 
605 151 9 12 0.035687055 
584 189 10 13 0.03562676 
543 304 22 28 0.035215 
564 258 11 16 0.035101093 
244 255 16 19 0.03508158 
485 169 18 24 0.03505287 
395 284 24 27 0.0350213 
487 264 25 36 0.034896147 
480 166 10 12 0.034798954 
927 253 12 15 0.034751832 
668 266 18 18 0.03451155 
598 221 12 17 0.03433098 
232 378 27 36 0.03428599 
658 317 22 30 0.034252077 
339 179 22 27 0.034205105 
500 178 12 15 0.0341406 
291 250 15 18 0.034111828 
607 201 13 17 0.03404371 
787 281 14 19 0.03401073 
1011 215 11 15 0.03398564 
311 143 8 10 0.033798087 
716 272 15 18 0.033763807 
944 258 13 18 0.033732384 
543 213 9 12 0.033707194 
977 183 12 15 0.033586543 
451 203 15 21 0.03345251 
453 187 13 17 0.033428743 
135 148 12 15 0.033384845 
400 249 25 30 0.03321643 
515 188 16 20 0.033197924 
396 187 12 17 0.033103835 
108 555 29 35 0.032935116 
518 171 12 14 0.0326802 
291 222 15 19 0.03234087 
785 267 20 30 0.03228946 
432 143 10 12 0.032275617 
303 159 9 12 0.032202695 
271 229 13 16 0.0321636 
123 178 25 35 0.032097287 
729 180 8 11 0.031788636 
133 142 11 14 0.031625185 
271 141 10 12 0.03158436 
282 276 16 19 0.031558517 
486 167 10 14 0.031496443 
750 182 10 12 0.031409953 
357 201 13 17 0.031153085 
360 327 23 29 0.031105418 
750 204 12 14 0.03101272 
859 212 24 27 0.030993327 
489 377 27 36 0.030792652 
545 166 8 11 0.03053535 
218 238 16 19 0.030500177 
900 227 14 19 0.030480912 
741 218 12 16 0.030478287 
452 255 30 37 0.030227598 
635 257 16 20 0.030150486 
277 197 12 15 0.030146044 
667 217 14 18 0.03009518 
763 240 21 25 0.030068 
646 218 14 19 0.030054726 
531 269 26 34 0.029981526 
52 255 13 18 0.029843546 
199 192 8 10 0.02982686 
395 196 14 20 0.029780328 
573 250 12 16 0.029622689 
515 252 28 36 0.029548334 
560 150 8 10 0.029398639 
615 250 11 15 0.029379223 
287 195 12 15 0.029325278 
387 206 17 21 0.029314552 
276 289 27 33 0.029266559 
982 263 11 13 0.029175589 
478 217 14 16 0.029150387 
292 190 12 15 0.029141413 
278 203 12 15 0.029126767 
769 202 22 26 0.029079782 
35 204 11 16 0.02905775 
421 300 27 32 0.029056327 
193 269 23 27 0.029008629 
662 181 12 16 0.028970242 
887 202 14 18 0.028967524 
809 355 11 14 0.028960736 
444 199 16 21 0.028922254 
767 222 13 15 0.028816957 
789 188 21 25 0.0287908 
722 226 13 18 0.028773205 
193 256 422 514 0.028749473 
403 239 21 27 0.028661259 
802 228 14 18 0.028659452 
869 230 16 20 0.028569615 
324 227 11 14 0.028563198 
20 207 24 33 0.028367437 
552 188 10 13 0.028278524 
256 167 11 14 0.028265059 
355 162 14 16 0.02825315 
723 272 14 17 0.02824222 
580 253 12 15 0.028178973 
134 161 12 17 0.0281304 
576 188 9 12 0.028130088 
644 250 14 19 0.028101476 
727 191 10 12 0.028025562 
984 269 11 11 0.027916498 
837 182 17 21 0.027902631 
526 292 15 18 0.02785663 
607 283 14 18 0.0277814 
219 270 14 21 0.027768454 
525 172 21 25 0.027760332 
547 225 13 16 0.02770459 
254 148 9 12 0.027702888 
280 245 22 27 0.027630094 
943 245 21 28 0.027472297 
566 292 10 14 0.027466929 
201 206 8 11 0.02742857 
697 235 22 28 0.027385004 
161 196 11 15 0.027381217 
340 404 52 57 0.027349364 
944 240 15 18 0.027335798 
869 255 23 29 0.027303766 
557 165 9 12 0.0273015 
686 184 21 28 0.02728843 
444 180 16 20 0.027267616 
299 193 20 24 0.027233077 
296 270 28 33 0.027228884 
333 350 17 21 0.02719758 
124 148 12 15 0.027177049 
507 190 16 19 0.027084691 
825 174 37 48 0.027028462 
533 252 16 23 0.027007448 
965 228 13 17 0.026978709 
348 172 14 17 0.026936032 
284 272 25 31 0.026924513 
990 182 11 14 0.02686877 
326 175 13 15 0.026826387 
443 266 32 36 0.02682501 
297 159 9 11 0.026765393 
554 173 18 21 0.026727993 
957 210 12 16 0.026712134 
304 230 22 26 0.026700854 
357 186 17 20 0.02668399 
567 230 10 14 0.026652316 
300 228 12 16 0.026617162 
446 155 15 19 0.026592636 
613 188 15 18 0.026567873 
935 229 23 25 0.026527325 
628 223 15 19 0.026523594 
206 251 12 15 0.026373401 
613 195 14 19 0.02635408 
303 149 9 11 0.026252512 
374 171 23 30 0.026207902 
471 150 8 11 0.026166577 
443 228 13 18 0.026147267 
32 190 10 12 0.026072742 
561 245 19 28 0.025995603 
652 225 14 17 0.025977878 
55 219 38 42 0.02585942 
200 198 8 10 0.025835626 
505 250 24 35 0.025801951 
222 197 10 12 0.025763523 
669 175 10 13 0.025704516 
316 234 14 17 0.02567985 
893 179 12 15 0.025615886 
959 205 12 15 0.025574367 
950 181 10 14 0.025568726 
261 185 12 14 0.025495052 
395 179 14 18 0.02549459 
224 269 20 29 0.025489284 
185 270 38 52 0.025482468 
316 201 15 19 0.025335208 
336 158 10 11 0.02527359 
986 228 14 17 0.0250933 
550 400 26 30 0.025080051 
484 226 15 17 0.025042124 
107 147 13 17 0.024969334 
449 172 20 27 0.024952292 
740 187 19 24 0.024884123 
296 236 23 25 0.024824843 
493 170 21 24 0.024720477 
871 184 12 15 0.02467187 
781 220 15 19 0.02465938 
702 177 10 12 0.024630984 
585 310 26 30 0.024622088 
523 214 15 20 0.02453961 
873 381 9 11 0.024447825 
764 183 14 17 0.024418263 
832 244 24 26 0.0243606 
325 201 14 19 0.024334742 
406 296 25 32 0.02430771 
404 170 23 26 0.024304722 
665 199 23 28 0.024248136 
268 230 24 27 0.024211237 
877 220 15 18 0.024181018 
185 147 11 15 0.024166953 
993 319 8 10 0.024145702 
45 174 29 42 0.024121044 
408 143 9 12 0.02410688 
462 149 10 12 0.024098774 
597 314 14 16 0.024076872 
304 142 8 11 0.024054483 
481 214 21 25 0.023991814 
483 203 20 24 0.023959402 
285 297 31 36 0.023937445 
300 219 13 17 0.023844885 
213 255 14 20 0.023642609 
566 189 10 12 0.023528282 
552 197 10 12 0.023508063 
366 158 11 13 0.023504231 
609 162 11 14 0.023466595 
323 259 16 21 0.023465974 
605 332 22 32 0.023442822 
653 219 23 27 0.023417471 
738 203 11 13 0.023343936 
278 210 13 17 0.02330952 
864 211 14 18 0.023292853 
297 222 21 26 0.023256445 
509 205 17 21 0.023208607 
796 267 13 20 0.02320115 
517 181 13 16 0.02316799 
932 258 13 17 0.023116808 
918 343 8 10 0.023086902 
495 149 8 11 0.023054248 
569 165 9 11 0.023014415 
287 181 11 14 0.022871397 
778 225 40 47 0.022806875 
287 187 12 16 0.022798233 
539 288 16 19 0.022785183 
230 262 23 27 0.022771351 
269 160 20 25 0.022747684 
500 218 13 17 0.022740154 
534 167 10 12 0.022705004 
245 165 10 14 0.022663534 
882 244 21 28 0.02262624 
547 301 15 19 0.022589011 
989 214 14 16 0.022585087 
641 198 16 22 0.022577591 
598 179 22 24 0.022473007 
537 223 21 25 0.022450417 
516 177 22 26 0.022449765 
759 209 13 15 0.022439133 
900 212 12 16 0.022425275 
310 183 19 24 0.022405777 
789 180 12 14 0.022395449 
203 247 23 26 0.02235375 
843 252 15 18 0.022345683 
452 194 14 19 0.022328403 
265 137 8 10 0.022326348 
863 243 24 29 0.022316461 
169 189 11 16 0.0223106 
272 248 17 21 0.02214914 
526 157 10 11 0.022132302 
342 163 12 14 0.022118472 
275 178 12 16 0.02201385 
544 142 9 11 0.021960894 
992 176 9 12 0.021909207 
296 142 9 10 0.021876344 
653 235 13 16 0.021815045 
130 143 23 27 0.021800999 
470 156 9 12 0.02179155 
983 220 13 16 0.021788135 
587 183 20 25 0.021752357 
376 142 8 10 0.021743217 
509 167 10 12 0.021735996 
1014 318 9 13 0.021723023 
142 155 11 14 0.021717388 
764 234 15 19 0.021702524 
889 317 10 12 0.02167237 
621 187 19 23 0.021670068 
543 206 9 12 0.021647623 
390 265 25 31 0.021638595 
370 326 23 29 0.02163047 
21 151 81 105 0.021627672 
460 194 14 18 0.02161887 
148 149 13 15 0.021607772 
754 199 24 26 0.021586558 
991 201 12 16 0.021525329 
593 329 15 20 0.021503406 
823 181 24 30 0.021496898 
454 149 12 13 0.02147522 
835 256 24 26 0.02147205 
239 214 10 13 0.021416299 
406 235 14 18 0.02127861 
337 149 8 11 0.021232316 
142 163 10 14 0.021231333 
710 197 10 13 0.021223176 
733 191 19 23 0.021217043 
829 182 14 18 0.02113532 
237 173 20 24 0.021123586 
877 260 13 17 0.021109924 
903 327 9 12 0.02109883 
459 164 13 16 0.021084538 
652 251 13 18 0.021062182 
911 259 13 15 0.02103152 
223 178 11 14 0.02101982 
134 189 22 32 0.020995397 
732 182 11 13 0.020991093 
105 193 33 45 0.020907173 
597 190 20 24 0.02090035 
510 182 12 15 0.02087003 
916 257 14 16 0.020858511 
515 213 16 20 0.020839117 
428 194 18 24 0.020813134 
249 147 9 12 0.020809405 
352 173 40 48 0.020699404 
23 178 10 14 0.020678487 
549 237 12 15 0.020676492 
311 148 8 11 0.02061771 
309 362 25 29 0.020609923 
503 168 10 12 0.020587089 
291 297 17 23 0.020568997 
580 332 26 32 0.020544428 
491 218 16 19 0.020521855 
216 273 23 33 0.020448951 
230 214 9 12 0.020435043 
773 182 13 15 0.020396497 
949 193 11 15 0.0203546 
1005 207 11 15 0.020333061 
118 149 13 16 0.020313755 
148 224 15 17 0.02029661 
770 214 24 29 0.020281592 
639 333 44 48 0.020258892 
291 366 12 15 0.02024149 
813 220 13 15 0.020236408 
830 249 14 17 0.020205762 
287 229 24 27 0.02015848 
806 221 13 16 0.020143408 
668 182 13 17 0.020134272 
192 212 9 12 0.02010296 
292 309 31 40 0.020082118 
279 152 10 11 0.020016534 
