10_People_Marching_People_Marching_2_898
177
512 709 47 58 0.98856515 
254 792 62 69 0.98669356 
679 593 52 62 0.9847476 
798 653 30 33 0.8697846 
803 597 25 31 0.5773568 
474 874 100 133 0.498124 
731 812 88 120 0.35086155 
384 689 14 19 0.34723067 
377 771 36 38 0.2442312 
877 654 29 34 0.24197358 
830 583 26 34 0.24072035 
410 749 24 31 0.20777516 
861 574 26 33 0.18595602 
325 650 13 16 0.18381712 
798 551 16 21 0.16537021 
792 664 39 48 0.13591361 
324 720 17 22 0.1080338 
443 702 14 16 0.10646931 
916 587 16 18 0.10369392 
224 722 60 63 0.10241136 
344 778 17 24 0.10104751 
690 822 90 114 0.0916688 
284 644 13 15 0.08515037 
840 575 28 36 0.08231662 
911 591 23 28 0.081261605 
380 659 12 14 0.079840735 
906 671 33 45 0.07772612 
863 666 26 40 0.077031955 
873 535 18 20 0.07691468 
546 660 25 33 0.075811945 
444 813 167 212 0.07387997 
443 787 31 37 0.06950877 
596 797 16 23 0.06750405 
283 665 14 18 0.06658256 
635 757 26 28 0.06645018 
324 613 11 13 0.064455755 
360 693 11 14 0.064335555 
301 680 16 21 0.06417858 
813 592 27 33 0.063810006 
217 673 53 56 0.06340841 
235 765 71 77 0.061033916 
665 882 57 74 0.057749476 
864 575 39 51 0.057307087 
407 753 14 21 0.05698493 
390 671 11 13 0.054353837 
407 110 229 231 0.054338846 
675 849 65 93 0.053595636 
304 -19 390 434 0.05298281 
376 653 11 16 0.05093138 
625 916 48 56 0.050910283 
340 677 13 16 0.050621264 
244 682 15 19 0.04910776 
384 627 10 13 0.04863029 
802 826 61 80 0.047887005 
361 621 10 13 0.04747195 
382 680 11 14 0.045920685 
822 611 27 34 0.045552265 
319 708 23 29 0.044557303 
587 630 16 18 0.044358294 
647 897 48 61 0.044165302 
407 699 12 15 0.04278935 
616 729 27 35 0.042063937 
412 692 12 16 0.04035842 
415 686 11 15 0.03943758 
796 583 41 49 0.038596593 
710 667 183 229 0.038518004 
404 709 14 17 0.03823654 
225 677 30 37 0.038009036 
701 562 52 66 0.037768997 
385 620 12 15 0.037263233 
559 737 32 41 0.037209556 
926 660 28 38 0.036799677 
370 792 45 51 0.036561243 
385 772 22 22 0.03644412 
389 625 10 14 0.036341857 
385 607 10 12 0.03553993 
549 607 27 33 0.035413295 
839 680 28 39 0.034946684 
811 606 28 34 0.034933947 
272 678 358 441 0.034458738 
220 691 59 66 0.034158047 
-2 275 465 504 0.034141313 
531 722 49 57 0.03391352 
331 728 15 17 0.033764303 
406 744 45 51 0.033628378 
443 630 25 34 0.03358009 
387 613 11 15 0.033483412 
390 676 11 14 0.033274416 
896 659 31 42 0.032590993 
331 694 12 15 0.032439638 
397 758 42 51 0.031427693 
695 615 41 50 0.031198135 
285 651 14 18 0.030801428 
414 661 11 14 0.03078919 
872 600 27 35 0.03045526 
341 661 12 14 0.030345516 
788 637 46 56 0.030191625 
413 583 11 12 0.030149084 
353 803 45 52 0.030126924 
463 667 30 40 0.030020751 
808 654 38 50 0.029910175 
331 700 14 18 0.02953015 
794 537 27 36 0.0294919 
797 594 17 24 0.029441014 
445 724 26 34 0.029404249 
307 687 14 19 0.029201217 
808 552 18 22 0.028874503 
332 647 12 15 0.02847909 
261 751 65 81 0.02826538 
110 831 394 410 0.028241768 
876 661 18 23 0.027991975 
347 701 14 17 0.027960178 
293 676 14 19 0.027389467 
432 775 30 41 0.027359897 
257 649 17 20 0.027185822 
619 731 17 21 0.026837919 
318 685 43 52 0.026729025 
429 683 13 17 0.026717361 
925 562 16 20 0.026520522 
329 706 17 23 0.026484136 
655 616 38 45 0.026460841 
834 622 19 26 0.02588329 
333 684 12 15 0.025855042 
230 696 106 106 0.025635978 
279 691 13 16 0.024934813 
456 885 79 99 0.024768623 
738 638 43 55 0.024763497 
669 886 37 41 0.024734346 
777 817 61 86 0.024568027 
709 612 47 59 0.02443857 
395 692 13 17 0.0243951 
465 653 31 36 0.024111908 
327 687 13 15 0.024104826 
314 690 23 29 0.024024636 
720 549 50 58 0.024017405 
205 657 100 105 0.023947095 
919 564 26 33 0.023727026 
421 684 13 16 0.023690844 
212 774 56 66 0.023645617 
373 792 173 226 0.023572346 
371 876 31 34 0.023463046 
815 657 18 22 0.02331211 
921 581 16 20 0.023142003 
308 826 46 53 0.022927854 
379 676 21 28 0.022886625 
357 699 14 17 0.022846863 
615 703 45 57 0.022808915 
811 639 31 40 0.022694299 
393 764 27 32 0.02265461 
878 664 37 39 0.022608137 
705 815 31 38 0.022562843 
828 642 29 39 0.022544911 
317 692 14 18 0.022452783 
293 718 22 29 0.02233029 
854 675 25 36 0.02189443 
259 640 100 117 0.02187602 
841 609 18 24 0.021843387 
359 757 41 47 0.021742212 
447 669 47 63 0.02166367 
858 573 19 23 0.021601098 
321 646 11 14 0.021541202 
283 819 36 39 0.021462034 
376 690 13 17 0.021423945 
493 685 74 96 0.021296604 
543 650 44 53 0.021233145 
580 631 26 29 0.021143412 
482 629 30 35 0.021110741 
360 626 11 14 0.021023562 
320 729 13 16 0.020991143 
434 640 52 70 0.02073001 
374 653 20 25 0.020644259 
744 672 44 53 0.020615757 
443 611 40 49 0.020574888 
235 697 32 38 0.020545283 
342 694 13 15 0.020320442 
368 700 102 117 0.020286826 
383 666 12 15 0.020007372 
