10_People_Marching_People_Marching_2_34
3286
624 717 33 43 0.9991019 
996 722 29 43 0.9942133 
714 702 23 30 0.99408203 
523 712 34 37 0.9926726 
592 689 22 28 0.98607767 
671 710 22 29 0.98029757 
455 636 13 16 0.97864425 
101 682 17 22 0.97822 
398 657 16 21 0.9641956 
836 669 21 28 0.96341795 
404 719 18 26 0.9536988 
663 667 15 20 0.9289085 
165 633 13 16 0.9240448 
38 684 15 19 0.9203086 
342 642 12 15 0.91779613 
174 689 14 18 0.9114837 
85 735 22 27 0.90075725 
513 687 20 30 0.8846305 
243 638 13 17 0.82411975 
371 642 12 15 0.82211596 
448 684 14 18 0.8166246 
248 581 10 13 0.78921264 
811 642 12 15 0.78013873 
866 723 27 32 0.7567662 
307 625 11 14 0.751524 
275 583 10 12 0.7334877 
306 716 19 24 0.72848964 
701 680 18 21 0.7003533 
220 670 13 20 0.6951677 
31 621 10 12 0.6812492 
949 666 15 21 0.67587215 
464 592 9 11 0.6626121 
715 658 15 18 0.65716714 
315 689 15 21 0.652968 
100 557 9 12 0.59633327 
64 637 12 17 0.58399147 
604 622 9 12 0.58136666 
752 610 10 13 0.5729013 
580 610 11 14 0.54500616 
80 600 9 11 0.53663266 
342 606 10 14 0.5003891 
263 670 10 14 0.490799 
552 623 11 12 0.4847899 
383 671 15 19 0.47820568 
999 653 11 17 0.45908114 
821 610 11 14 0.4529168 
192 561 10 11 0.43122756 
294 568 8 10 0.42413488 
374 415 7 9 0.41103694 
72 566 9 10 0.39867043 
437 628 9 13 0.38353786 
508 643 11 14 0.38167962 
341 573 9 11 0.37610334 
592 642 9 11 0.37427652 
321 566 8 11 0.37240928 
889 684 17 21 0.36747512 
119 572 8 10 0.3673859 
38 649 13 15 0.36536735 
381 559 8 9 0.3616454 
424 693 12 16 0.36030692 
1008 587 10 13 0.35849446 
222 730 15 21 0.35844553 
798 573 8 10 0.35446402 
460 526 8 11 0.35402077 
622 627 10 13 0.35063052 
1011 502 9 12 0.34643236 
351 534 8 10 0.34527147 
463 660 12 16 0.34355924 
781 658 16 22 0.3411542 
350 606 10 13 0.34075525 
664 533 8 10 0.34020653 
657 560 10 12 0.33876747 
301 590 9 10 0.33350903 
621 581 10 12 0.33154628 
475 423 7 9 0.327916 
102 606 8 10 0.3257742 
256 591 9 12 0.32337293 
457 423 7 9 0.3210923 
376 583 8 10 0.319539 
128 607 8 10 0.31734866 
497 590 10 11 0.3167094 
899 565 10 12 0.315651 
140 682 14 17 0.31210905 
151 595 9 12 0.31200558 
129 454 8 10 0.31101012 
940 604 15 18 0.30176172 
388 619 12 14 0.29901835 
331 731 18 21 0.29885614 
913 524 7 10 0.29614636 
560 590 10 13 0.29130176 
198 526 8 11 0.28892633 
487 599 8 10 0.28766644 
92 620 10 12 0.28502095 
190 574 9 12 0.28171703 
300 678 16 22 0.28163296 
807 638 13 15 0.2797134 
249 561 8 11 0.27807564 
958 568 9 11 0.27782446 
286 487 7 9 0.27500054 
665 611 11 13 0.27308112 
206 550 8 10 0.2720735 
564 565 9 11 0.26890135 
297 587 10 12 0.26621974 
935 539 9 12 0.2655546 
224 494 8 10 0.26517844 
734 581 9 12 0.26351535 
904 455 8 10 0.26270136 
445 590 8 10 0.26127082 
919 578 11 14 0.26064843 
288 628 10 12 0.25808707 
990 626 12 16 0.25702125 
838 612 10 14 0.25686234 
776 629 9 12 0.2568098 
307 681 18 26 0.25069484 
785 548 7 10 0.25033766 
465 446 7 9 0.24875182 
619 577 8 11 0.24702035 
217 542 7 10 0.24546316 
280 564 10 11 0.24468343 
269 612 10 13 0.24294595 
454 548 7 10 0.24241719 
389 636 10 13 0.24077797 
765 590 9 11 0.2395921 
66 560 8 10 0.23717073 
430 622 10 12 0.23692566 
768 525 9 11 0.23658526 
621 599 9 12 0.23657061 
392 591 7 9 0.23462412 
631 606 9 11 0.23358744 
799 568 9 11 0.2333101 
32 550 9 11 0.23308507 
417 530 8 9 0.2330093 
593 575 9 11 0.23286547 
24 539 9 12 0.23258123 
385 590 7 10 0.23088446 
830 462 7 11 0.22793749 
146 464 8 10 0.22568467 
168 566 9 11 0.22514687 
629 519 8 10 0.22448106 
312 641 11 15 0.22410877 
198 519 7 10 0.22371599 
154 440 7 9 0.22361422 
264 486 8 10 0.22320786 
189 407 8 9 0.22274956 
371 416 7 9 0.22246787 
318 613 9 11 0.22050706 
511 582 7 9 0.22045736 
736 358 9 11 0.22028095 
303 392 7 9 0.22021726 
773 327 9 11 0.21975476 
240 448 7 8 0.21951967 
24 486 7 9 0.21885934 
761 527 7 9 0.21805222 
385 477 7 10 0.2163338 
802 722 21 33 0.2131554 
473 552 7 9 0.21271025 
504 452 8 11 0.21117389 
407 599 9 11 0.20968036 
888 479 7 9 0.20951034 
145 623 10 12 0.20899898 
516 698 30 38 0.20883259 
990 598 12 15 0.20878878 
278 628 9 11 0.20858954 
424 439 8 10 0.2077342 
277 542 8 10 0.20770332 
965 596 11 14 0.20647553 
293 604 10 12 0.20631874 
150 463 7 10 0.20527102 
791 405 8 10 0.2050032 
365 567 8 9 0.20496267 
839 502 8 10 0.20488316 
725 621 11 13 0.20454304 
462 567 8 11 0.20267424 
425 576 7 9 0.20092312 
324 646 11 14 0.2008652 
289 437 7 9 0.20079336 
256 441 6 8 0.2005658 
609 495 7 9 0.20021097 
325 565 9 11 0.19983281 
440 528 6 8 0.19978367 
337 605 10 12 0.19889614 
997 548 10 13 0.19865222 
142 517 9 10 0.19736657 
911 548 8 11 0.19727021 
521 683 27 33 0.19643909 
777 400 7 9 0.19396861 
313 471 9 10 0.19174299 
339 447 7 10 0.19170296 
104 519 8 10 0.18954457 
657 653 12 16 0.18922946 
800 488 8 9 0.18893687 
73 603 9 12 0.18816929 
326 561 8 10 0.18798913 
895 637 13 17 0.18797895 
821 590 9 11 0.18780923 
55 576 9 11 0.18729079 
746 553 7 9 0.18704967 
809 588 9 10 0.18641613 
962 603 12 14 0.18595704 
363 549 9 11 0.18573879 
874 519 7 9 0.18567166 
12 621 9 12 0.1842192 
416 599 8 10 0.18290971 
205 583 8 10 0.18288933 
306 438 6 9 0.18106699 
319 662 12 14 0.18018065 
750 552 8 11 0.17992704 
223 544 8 10 0.17966184 
231 591 9 13 0.17924146 
496 597 9 11 0.17911026 
617 545 7 10 0.17840974 
505 622 11 12 0.17780028 
217 457 6 8 0.17618027 
177 600 9 11 0.17518295 
590 478 7 9 0.17464718 
323 440 6 9 0.17452036 
704 597 8 11 0.1740752 
678 568 8 10 0.17305766 
358 636 10 12 0.17293873 
749 501 7 9 0.17268081 
816 589 9 11 0.17261933 
426 549 7 10 0.17228276 
127 551 8 10 0.17175117 
686 551 8 10 0.17156805 
296 496 7 9 0.17123531 
17 573 9 11 0.17074774 
857 565 8 11 0.16839072 
1008 628 10 13 0.1681086 
257 470 8 10 0.16769278 
864 481 8 10 0.16684516 
279 455 7 10 0.16614644 
447 597 8 10 0.16572104 
496 414 8 9 0.16484961 
791 334 9 11 0.1642983 
335 549 8 10 0.16389021 
842 480 7 9 0.16349444 
110 510 9 11 0.16277544 
696 568 8 10 0.16231744 
613 663 11 16 0.16221319 
62 630 11 14 0.1608108 
228 595 11 14 0.160198 
941 597 14 17 0.16016696 
786 469 7 10 0.15917768 
391 438 7 9 0.15917404 
274 544 8 10 0.15912071 
751 575 8 11 0.15825054 
305 433 7 9 0.15778804 
535 599 8 10 0.15769945 
202 446 7 10 0.15737666 
702 569 9 11 0.15656869 
174 717 14 19 0.1564127 
640 444 8 10 0.1563803 
586 478 7 10 0.156239 
190 606 9 12 0.15519032 
49 534 9 11 0.15422536 
672 453 7 8 0.15318818 
833 558 8 10 0.1530641 
472 621 11 13 0.15219927 
925 609 11 16 0.1520847 
143 644 14 17 0.15152188 
854 628 13 17 0.15140295 
559 612 9 11 0.1513979 
558 503 7 9 0.15134215 
494 652 13 15 0.15126008 
406 424 7 9 0.15110831 
408 549 6 9 0.15059948 
317 643 11 15 0.15027839 
680 480 8 11 0.15022029 
558 595 10 12 0.14989585 
432 393 7 8 0.14936095 
526 583 8 11 0.14904048 
489 440 7 9 0.14900908 
249 447 8 10 0.14886005 
76 567 9 11 0.14860739 
470 446 7 9 0.14855853 
655 509 7 9 0.148365 
343 447 7 9 0.14809166 
79 464 6 9 0.14697403 
287 567 10 11 0.14658123 
522 583 7 10 0.14608596 
137 512 8 10 0.1458427 
166 471 7 9 0.1453138 
262 398 8 10 0.14527439 
30 542 9 11 0.14516126 
431 547 8 11 0.14509696 
535 430 8 9 0.14495744 
991 619 14 19 0.14494339 
15 568 9 11 0.14490709 
225 611 9 13 0.14459798 
384 621 10 14 0.14447 
468 590 10 12 0.14424933 
336 598 10 12 0.14394656 
614 495 7 9 0.14370635 
65 448 7 9 0.1436613 
185 440 7 10 0.14353187 
494 637 10 13 0.14298573 
688 591 9 11 0.14271039 
865 559 9 11 0.14235848 
693 679 18 22 0.14232959 
222 567 10 12 0.14231293 
849 520 8 10 0.14225933 
881 417 8 9 0.14128402 
520 453 7 10 0.14070706 
727 612 11 14 0.14027375 
1008 571 9 12 0.14013934 
856 487 7 9 0.13995151 
222 423 7 9 0.13925858 
583 677 14 18 0.13908358 
481 599 8 10 0.13890651 
534 624 9 12 0.13830593 
904 461 7 9 0.13807419 
633 582 9 12 0.13787277 
399 472 8 10 0.13757591 
865 548 10 12 0.13730624 
29 597 10 13 0.13729306 
260 595 9 11 0.1370922 
440 414 7 9 0.13617083 
425 581 8 9 0.13605127 
773 525 8 11 0.1359267 
504 401 7 9 0.13589549 
121 464 6 9 0.13583182 
63 623 9 11 0.13578235 
705 591 9 11 0.13575323 
25 560 9 10 0.1357395 
357 608 8 10 0.13541241 
48 638 11 12 0.13471417 
159 493 7 9 0.13471249 
335 500 8 10 0.13459128 
519 391 7 9 0.13440385 
662 463 7 9 0.13429965 
657 575 8 10 0.13423389 
359 544 9 10 0.13419904 
158 550 8 11 0.1339604 
569 536 7 10 0.13380979 
163 472 6 9 0.13372345 
736 351 7 9 0.13314128 
360 415 6 9 0.13270186 
342 590 8 10 0.13251321 
565 707 26 39 0.13234742 
618 629 9 12 0.13202536 
431 591 8 10 0.13178957 
314 416 6 9 0.1314312 
442 409 6 8 0.13102165 
578 607 9 13 0.13091904 
680 557 8 10 0.13072494 
981 652 12 15 0.13047813 
561 675 16 19 0.13044426 
246 599 9 11 0.13041155 
246 632 13 16 0.1302092 
305 675 16 20 0.13020286 
862 564 9 11 0.12999396 
29 558 9 10 0.12957315 
274 415 8 10 0.12939656 
430 577 7 8 0.12934239 
154 446 6 8 0.12909186 
9 547 10 12 0.12903021 
192 424 7 9 0.12893707 
756 685 21 25 0.12825747 
737 575 9 11 0.12818493 
746 614 8 12 0.1275167 
896 510 7 9 0.1264674 
446 566 7 10 0.12634143 
672 550 9 11 0.12624486 
760 746 27 33 0.12611285 
457 582 7 9 0.12566628 
274 456 8 10 0.12516673 
504 431 7 9 0.12476117 
190 400 8 9 0.12454806 
430 616 8 10 0.12446679 
257 426 7 9 0.12401665 
839 368 7 9 0.12385909 
536 425 6 8 0.12365255 
209 455 7 8 0.123598464 
630 693 23 28 0.12346786 
135 544 7 9 0.123256266 
748 656 11 16 0.12315461 
157 439 7 9 0.12307811 
511 407 7 9 0.12302601 
463 392 7 8 0.12262054 
658 505 7 8 0.12215062 
24 565 8 11 0.120845966 
500 649 13 16 0.12083711 
520 646 9 12 0.12076676 
337 591 9 10 0.1205329 
103 645 12 14 0.12038045 
352 446 7 9 0.12028942 
448 607 8 11 0.11972156 
144 469 7 9 0.11957647 
840 398 7 9 0.11947187 
743 572 9 12 0.11922733 
640 560 9 11 0.11902608 
327 543 8 10 0.1189641 
803 390 7 10 0.1189144 
390 615 10 11 0.11882024 
328 400 6 9 0.118353285 
438 493 8 10 0.11831817 
849 416 7 8 0.11826552 
817 572 8 10 0.11823558 
536 565 8 10 0.11772348 
8 525 8 10 0.117627084 
647 492 8 11 0.1173567 
890 504 7 11 0.117292844 
391 472 8 11 0.11722282 
638 668 13 15 0.117172234 
473 381 8 10 0.116988495 
253 550 9 11 0.11690666 
650 551 7 9 0.11690167 
200 433 6 8 0.11678123 
442 566 7 10 0.11674439 
459 457 6 9 0.11656244 
544 399 8 10 0.1164792 
402 392 7 9 0.11606679 
70 429 8 11 0.11594921 
202 439 7 9 0.11499668 
598 599 10 11 0.114852875 
368 591 8 9 0.11484296 
520 569 8 9 0.11480247 
904 316 11 14 0.11479152 
719 580 8 10 0.11467189 
280 400 6 8 0.114499845 
279 461 7 9 0.11445535 
480 628 10 12 0.1141344 
831 456 6 9 0.113854766 
328 392 6 8 0.113538265 
138 517 8 10 0.113395534 
770 480 7 9 0.11325805 
986 589 10 12 0.11312719 
385 438 7 9 0.11295522 
1014 534 9 13 0.112894796 
901 628 11 15 0.112732574 
252 644 11 17 0.11234044 
185 606 9 11 0.1121095 
134 495 8 10 0.11203064 
622 587 10 12 0.11126241 
425 620 9 11 0.11113749 
112 326 7 9 0.11100246 
299 391 7 9 0.110562906 
418 577 7 10 0.10991912 
679 521 8 9 0.10962057 
98 552 9 13 0.10946443 
681 550 9 12 0.10904532 
743 478 8 10 0.108766414 
481 400 7 9 0.10850335 
847 645 13 16 0.10843446 
631 704 26 32 0.108378455 
880 421 7 8 0.10837275 
474 429 7 10 0.10814891 
22 526 8 10 0.108039886 
731 603 12 14 0.10792143 
624 512 8 10 0.10782719 
592 580 9 11 0.10778078 
816 505 7 10 0.107502095 
889 473 7 9 0.1073157 
565 560 8 10 0.10683486 
406 392 7 9 0.106720194 
157 596 9 12 0.10668973 
511 577 7 10 0.10648634 
293 623 10 13 0.10629472 
430 582 6 9 0.10606209 
848 399 6 9 0.1060447 
407 544 8 9 0.10586491 
654 543 7 10 0.10490512 
310 439 7 8 0.104748525 
1006 636 11 15 0.10460299 
296 519 7 10 0.104523934 
502 383 9 10 0.1044491 
386 473 8 10 0.104371145 
448 406 7 9 0.104128905 
297 430 6 9 0.1040861 
767 658 12 18 0.10406159 
14 544 9 10 0.104045436 
217 507 9 12 0.10327076 
460 631 10 13 0.102689646 
113 376 7 9 0.102577925 
49 528 9 11 0.10211334 
750 497 7 9 0.10197176 
492 605 10 11 0.1018179 
985 629 11 14 0.10169604 
205 447 9 10 0.101595536 
464 408 7 8 0.1015435 
577 599 7 9 0.10144432 
234 446 7 9 0.10143451 
199 613 9 11 0.10142229 
30 589 10 13 0.10140637 
134 549 8 10 0.10136004 
361 441 6 8 0.101330295 
591 496 7 10 0.10128892 
345 406 7 9 0.100939125 
313 614 9 11 0.10089821 
408 591 8 9 0.10042236 
200 606 9 12 0.10016874 
505 638 11 14 0.10007948 
782 588 8 11 0.099965334 
431 396 8 10 0.09985709 
192 376 7 9 0.09973718 
449 611 9 11 0.09969766 
135 501 8 10 0.09955362 
232 551 7 9 0.09940464 
220 677 16 21 0.099278055 
136 447 8 10 0.0991933 
658 464 7 9 0.0991345 
384 399 6 8 0.09912328 
272 549 8 10 0.09904858 
105 342 8 11 0.09902707 
318 607 9 12 0.098989874 
305 477 8 9 0.09887614 
839 588 9 11 0.09877187 
56 623 10 12 0.09858773 
364 707 12 15 0.09857577 
328 549 7 10 0.09818397 
144 607 9 11 0.09787162 
423 445 8 9 0.09777667 
218 557 8 10 0.097749256 
317 469 8 10 0.097716644 
327 591 8 10 0.09759127 
312 477 7 9 0.097490124 
830 432 7 8 0.09737112 
354 417 7 9 0.09731455 
84 599 9 11 0.09722412 
904 449 7 9 0.09709629 
405 694 13 18 0.09702399 
501 598 9 11 0.09697587 
423 405 7 8 0.09650932 
318 378 7 9 0.09641565 
353 400 7 8 0.09612897 
248 453 7 9 0.09605373 
78 635 11 14 0.09595854 
824 528 7 9 0.0959362 
96 534 8 10 0.09592407 
781 584 8 9 0.095914446 
471 614 10 12 0.09589791 
200 465 7 9 0.09564619 
687 605 9 11 0.095632076 
813 584 9 12 0.095269285 
494 644 12 15 0.095252685 
560 584 8 11 0.09516736 
14 582 9 12 0.09511244 
833 500 8 10 0.09511028 
359 611 8 11 0.09476434 
721 535 8 11 0.09472134 
746 495 8 10 0.09470296 
487 400 7 8 0.0947028 
737 363 9 11 0.09463167 
824 486 7 10 0.0945354 
792 401 7 9 0.09444056 
8 447 8 10 0.094436176 
239 604 12 13 0.09442827 
850 384 7 9 0.09438815 
567 541 8 10 0.09430496 
941 542 8 10 0.09416731 
833 553 7 10 0.0940012 
536 689 24 33 0.09392564 
551 574 8 10 0.093835644 
161 477 7 9 0.09374154 
184 493 7 10 0.09372667 
990 503 7 10 0.09361599 
1010 607 9 12 0.093477584 
278 549 9 11 0.093183115 
190 740 13 17 0.09317547 
133 452 8 10 0.09313629 
784 431 7 9 0.09298837 
72 510 8 10 0.092743285 
582 543 7 9 0.09273844 
135 381 7 9 0.09251741 
474 376 8 10 0.092472725 
446 584 8 10 0.09245044 
576 619 9 12 0.09230503 
555 384 7 8 0.09220273 
474 544 7 10 0.092181034 
423 420 7 9 0.0920273 
130 495 8 9 0.09190528 
495 526 7 9 0.09172524 
720 636 10 12 0.091687694 
478 550 8 10 0.09167539 
259 398 7 10 0.09154183 
16 524 9 11 0.09147582 
319 464 7 9 0.09143521 
675 573 8 10 0.09131842 
368 440 7 9 0.09112492 
917 520 8 10 0.09068928 
687 597 9 11 0.090643845 
327 596 10 12 0.090566844 
695 668 14 16 0.09036772 
463 461 8 9 0.090339795 
254 446 7 9 0.09033002 
382 584 9 11 0.090228215 
377 622 9 12 0.09017496 
350 585 9 11 0.08996276 
322 543 7 9 0.08979051 
947 696 20 24 0.08961954 
792 374 8 10 0.08954156 
791 543 7 10 0.08953608 
151 510 8 10 0.08947749 
269 510 9 12 0.08931436 
177 463 8 9 0.088750735 
943 454 7 10 0.0885352 
80 534 7 9 0.08853421 
240 597 11 12 0.08846848 
377 407 6 8 0.088386826 
416 382 7 9 0.08835906 
175 423 8 9 0.0883033 
121 470 7 9 0.08829966 
401 605 9 11 0.08829678 
72 406 7 9 0.08801184 
111 517 8 10 0.08783731 
521 573 8 10 0.08772848 
70 619 9 11 0.08769878 
407 438 8 9 0.08755066 
53 533 8 10 0.08751943 
518 660 11 14 0.0872486 
147 597 8 10 0.0869738 
425 473 6 8 0.08686307 
26 481 8 11 0.086762324 
437 634 11 14 0.08667298 
313 408 7 9 0.08649542 
318 415 6 9 0.086462095 
362 574 9 11 0.0863234 
308 669 13 15 0.08628834 
201 414 6 9 0.086260885 
289 416 7 8 0.08614305 
347 535 7 9 0.08610209 
581 678 23 29 0.085807115 
160 607 8 10 0.08571559 
289 494 7 9 0.08562214 
9 503 7 9 0.0855569 
852 733 17 22 0.08554516 
842 447 8 10 0.08536866 
784 390 7 8 0.08535061 
750 683 15 20 0.085056365 
730 582 8 11 0.085029505 
64 543 8 11 0.08490816 
160 420 7 10 0.08483559 
677 659 12 15 0.08475907 
925 653 20 31 0.084729895 
730 469 7 9 0.08467226 
175 440 7 9 0.08457855 
442 583 8 9 0.08450408 
272 687 14 20 0.08445068 
274 462 7 9 0.08396087 
776 404 8 10 0.0838753 
391 535 8 10 0.0838026 
169 454 7 9 0.08352237 
204 605 10 12 0.08349095 
559 699 25 34 0.083438516 
391 606 8 11 0.083430655 
738 438 6 8 0.083405435 
295 501 8 10 0.08335939 
530 383 7 10 0.08332894 
144 613 9 11 0.08320846 
10 494 8 10 0.0831187 
649 488 8 11 0.08308793 
406 430 8 10 0.082989484 
43 645 12 16 0.08286498 
733 326 9 10 0.08283913 
752 448 6 7 0.08281604 
504 582 7 10 0.08271133 
358 535 8 10 0.08261717 
377 401 7 8 0.08254981 
591 473 7 10 0.08253879 
377 588 8 10 0.08230826 
329 416 7 8 0.08219721 
122 551 8 10 0.08196185 
674 520 7 9 0.08185388 
169 382 7 9 0.08161313 
564 649 13 17 0.081590906 
453 612 9 11 0.08156829 
498 383 7 9 0.081548005 
833 406 7 9 0.08152979 
57 628 9 12 0.08144107 
896 479 8 9 0.08115652 
710 630 9 13 0.0811431 
193 599 8 11 0.08079215 
312 453 6 9 0.08073904 
285 558 9 10 0.08073571 
415 478 7 10 0.080692895 
127 599 8 11 0.080676995 
507 626 12 13 0.08023863 
245 645 13 18 0.08023487 
974 651 13 17 0.08003363 
455 401 7 9 0.07997388 
994 601 12 16 0.07983378 
879 573 8 12 0.07981444 
376 439 7 9 0.07973977 
832 612 10 15 0.079657145 
269 517 8 10 0.07962108 
866 415 6 9 0.07958479 
328 447 7 8 0.079528265 
229 494 8 11 0.079515874 
346 402 7 8 0.07951264 
439 534 7 9 0.07950596 
463 456 6 8 0.07918771 
450 545 8 10 0.07906684 
453 509 8 10 0.07897603 
622 548 9 11 0.07897315 
835 399 7 10 0.0789499 
481 573 8 10 0.078770064 
512 383 7 10 0.07875295 
353 422 7 9 0.07850636 
186 400 7 9 0.07832799 
219 392 7 9 0.07828328 
456 576 8 10 0.07827592 
22 573 8 11 0.07825551 
104 456 6 9 0.078240976 
513 504 8 9 0.07808755 
64 575 9 11 0.07805962 
111 480 7 9 0.078055345 
591 500 8 10 0.07800691 
353 440 8 11 0.0778533 
608 662 11 15 0.07767464 
490 464 7 9 0.07754433 
185 471 7 10 0.07745671 
649 457 7 9 0.07742061 
96 564 8 11 0.077414595 
784 375 7 10 0.07734393 
221 501 8 11 0.077251084 
311 449 7 8 0.07718229 
216 550 8 10 0.07716357 
72 503 8 10 0.07704607 
359 446 7 9 0.07703047 
896 570 12 14 0.07701846 
82 303 7 10 0.07696877 
126 556 9 10 0.07693912 
14 494 8 10 0.076930866 
509 668 13 16 0.076866515 
447 575 7 9 0.07676765 
536 375 7 10 0.07673693 
616 471 8 9 0.07666709 
105 600 8 11 0.07649535 
710 611 9 12 0.0764739 
8 567 9 10 0.07646447 
897 560 10 12 0.07646305 
823 511 8 9 0.07643522 
176 377 8 9 0.076375805 
272 471 7 9 0.07636396 
230 659 14 17 0.07635695 
134 607 9 12 0.07619766 
559 670 14 17 0.07611724 
496 410 7 8 0.07578631 
593 392 8 10 0.075643376 
175 381 8 9 0.075560555 
817 607 10 13 0.075555444 
553 424 8 10 0.07545672 
928 566 9 12 0.0754423 
570 527 7 10 0.07534934 
428 673 13 18 0.07532961 
663 503 6 9 0.075032346 
544 405 7 10 0.0749295 
145 535 8 10 0.07490385 
468 597 9 11 0.07477446 
288 481 7 9 0.07468883 
448 630 10 13 0.07466355 
663 631 9 12 0.07440832 
288 599 9 13 0.074380584 
325 486 8 10 0.07427083 
736 532 8 10 0.07409998 
601 627 9 11 0.07406427 
399 591 8 9 0.07401752 
984 636 10 12 0.07371279 
345 424 7 9 0.0735492 
577 542 8 10 0.07354812 
807 511 8 10 0.073485814 
632 612 9 11 0.07346328 
206 588 9 11 0.07339496 
201 470 7 9 0.07339188 
842 470 7 10 0.07336652 
521 652 10 13 0.07329532 
392 551 8 10 0.073188655 
167 559 9 12 0.07315334 
97 440 7 8 0.07314662 
185 504 7 9 0.07313598 
484 660 12 17 0.07312948 
206 493 8 10 0.07312202 
400 559 7 10 0.072792694 
192 644 10 14 0.072782375 
586 473 7 9 0.07265451 
974 446 7 9 0.07249422 
911 492 8 10 0.0724669 
918 683 13 18 0.07242138 
328 423 8 9 0.07222338 
343 569 8 11 0.07221369 
401 551 7 9 0.07220253 
937 517 7 11 0.072164744 
288 536 7 9 0.07211591 
887 416 8 9 0.072065994 
600 495 8 9 0.07203602 
120 517 8 10 0.07203589 
137 471 8 9 0.071969554 
425 401 7 9 0.07195326 
143 480 7 9 0.07193781 
29 479 8 10 0.07190554 
630 524 8 10 0.071813785 
993 541 10 13 0.07162772 
440 608 8 10 0.07142354 
31 470 8 9 0.07136482 
855 335 9 11 0.071310885 
694 590 9 12 0.071219146 
768 485 8 10 0.07109811 
1014 570 9 13 0.071026556 
313 422 7 9 0.07087248 
47 463 7 10 0.07068268 
774 520 7 10 0.07065286 
305 454 7 10 0.070651025 
344 558 8 9 0.070543304 
382 597 9 11 0.0705258 
66 382 7 10 0.07050214 
0 559 8 12 0.07049614 
735 496 7 10 0.07047101 
823 568 9 12 0.07045541 
834 369 8 8 0.07042598 
38 550 8 11 0.070421495 
296 425 7 8 0.07037889 
135 441 7 9 0.0703247 
936 609 13 17 0.07024036 
383 552 8 10 0.070170574 
217 567 9 13 0.070057966 
544 566 8 10 0.07001875 
534 383 7 9 0.07000713 
442 576 7 8 0.06997205 
529 624 9 11 0.06994532 
655 646 11 15 0.06988449 
354 541 7 10 0.06963449 
249 441 7 9 0.06958597 
796 335 8 10 0.06956686 
234 377 7 8 0.06955519 
315 378 7 8 0.069452755 
153 548 9 12 0.06944064 
641 493 9 10 0.069439456 
560 608 9 10 0.06918481 
657 580 8 10 0.069130234 
543 622 10 13 0.06910249 
778 375 6 8 0.069091 
894 504 7 10 0.069034964 
607 502 8 9 0.069026224 
336 692 24 26 0.06897861 
232 382 6 8 0.068842016 
136 574 9 10 0.068821445 
177 456 7 9 0.06870005 
185 445 6 9 0.06868031 
262 430 7 9 0.06863145 
857 462 7 11 0.06862919 
495 464 7 9 0.0685526 
529 414 7 9 0.06845451 
877 697 16 18 0.06842178 
824 319 9 11 0.06841805 
319 691 22 25 0.06841483 
822 595 10 11 0.06841075 
71 573 9 11 0.068305895 
389 698 15 18 0.068189055 
497 431 8 9 0.068178214 
146 432 7 9 0.06806803 
319 382 7 9 0.06800843 
657 527 7 10 0.06800134 
318 510 7 10 0.06796115 
356 690 15 18 0.067937925 
343 582 9 11 0.06784071 
120 527 9 12 0.067755036 
929 533 9 12 0.06763027 
279 598 9 11 0.06752229 
825 383 8 10 0.06741395 
880 462 8 9 0.0673626 
862 646 13 16 0.06735541 
752 534 7 9 0.06727094 
573 668 14 17 0.06719036 
517 504 7 9 0.06712056 
831 437 8 9 0.06710738 
711 398 8 11 0.06703369 
320 536 7 10 0.066841535 
805 631 12 15 0.0667272 
650 519 7 10 0.06668611 
666 456 6 8 0.0666707 
88 335 6 9 0.06660147 
640 503 7 9 0.06644133 
846 470 8 10 0.06632377 
420 533 8 10 0.06620259 
385 535 8 10 0.06619986 
665 489 7 9 0.066167146 
149 543 9 12 0.06613988 
623 603 10 12 0.06610686 
205 439 8 10 0.066013 
600 614 8 10 0.065974705 
783 440 7 8 0.06589604 
632 576 9 10 0.06584508 
678 613 10 12 0.065834984 
697 541 7 10 0.065793365 
264 463 6 9 0.06577297 
400 541 9 11 0.065771386 
794 712 26 35 0.06576629 
383 614 9 11 0.06569306 
415 621 9 11 0.06564237 
39 542 8 10 0.06557835 
191 472 7 9 0.06548069 
313 575 7 9 0.065444745 
256 477 8 11 0.06537887 
366 559 9 10 0.0653751 
280 536 7 10 0.0652527 
937 441 7 8 0.0652384 
269 487 8 9 0.06520778 
401 398 7 9 0.06517162 
725 628 10 12 0.0651193 
921 605 11 14 0.06502725 
72 518 8 9 0.06486973 
504 416 7 8 0.064768165 
584 639 10 12 0.064754255 
728 510 7 9 0.06474941 
768 543 7 9 0.06474199 
249 502 9 12 0.06471396 
314 382 7 8 0.06457994 
942 707 27 30 0.064576626 
210 376 7 9 0.06447302 
506 615 10 12 0.06447254 
694 511 6 9 0.06444418 
37 567 11 12 0.06442493 
169 572 8 10 0.06413319 
723 654 12 15 0.064087965 
223 429 7 9 0.06402022 
964 691 17 20 0.06399408 
54 527 8 11 0.06397031 
182 622 10 13 0.06393305 
927 431 6 8 0.063932404 
392 527 7 8 0.063900985 
554 456 7 9 0.063854136 
359 621 11 13 0.063810416 
653 637 9 12 0.06372751 
481 406 7 9 0.06371431 
806 488 7 10 0.0637124 
416 592 8 9 0.06360351 
9 614 9 11 0.0635437 
620 650 13 15 0.06351888 
507 648 13 16 0.06350893 
70 381 7 10 0.06348109 
225 591 9 12 0.06346669 
446 446 7 9 0.06346559 
632 587 9 12 0.06334102 
328 430 7 9 0.06327401 
143 636 12 15 0.06325797 
527 575 8 10 0.06322036 
513 526 7 9 0.06319973 
930 541 10 11 0.06314457 
133 634 11 14 0.063127 
877 519 8 9 0.06308668 
337 582 9 11 0.06307913 
320 572 8 10 0.0630626 
984 601 13 16 0.06302653 
136 487 7 9 0.06294502 
194 430 7 9 0.06293104 
506 405 7 9 0.06292579 
778 465 6 9 0.06288136 
349 639 11 13 0.06287363 
197 652 11 15 0.06284041 
842 438 8 11 0.06282009 
231 469 7 10 0.06277058 
505 576 8 11 0.062726595 
840 659 22 30 0.06271755 
854 511 7 9 0.0626553 
471 440 7 10 0.06257268 
790 519 9 10 0.06252407 
306 448 8 9 0.0625076 
257 368 8 9 0.062490974 
833 374 7 10 0.062474657 
313 465 8 9 0.06242623 
189 550 10 11 0.062412996 
1 464 8 11 0.062364206 
383 607 8 10 0.062338483 
432 433 7 9 0.062332533 
150 606 9 12 0.06229682 
41 464 7 8 0.0621749 
785 447 6 9 0.062096 
561 559 8 11 0.062094748 
312 393 6 8 0.062081296 
110 343 8 10 0.06206789 
376 392 7 8 0.062005207 
832 574 9 10 0.061820168 
184 508 8 10 0.061735246 
597 643 10 12 0.061733954 
217 461 7 9 0.061724607 
678 324 9 12 0.061674017 
222 687 12 17 0.061581064 
353 384 6 8 0.061492525 
193 478 7 9 0.061445516 
273 536 8 9 0.06143193 
616 604 9 11 0.061418187 
361 408 6 8 0.061365347 
263 481 8 10 0.061293103 
169 448 7 9 0.06122959 
634 424 7 9 0.061226808 
29 564 10 13 0.06119966 
48 557 8 11 0.061154258 
655 620 10 12 0.061048854 
40 487 8 10 0.060991697 
103 564 8 10 0.060899667 
252 557 9 12 0.060897566 
190 543 8 10 0.060734574 
664 494 7 8 0.0607188 
200 397 6 9 0.060689967 
958 559 8 10 0.06068196 
768 359 8 10 0.060527004 
908 589 11 14 0.06049201 
119 382 7 9 0.06048564 
311 433 7 8 0.060424183 
759 549 8 10 0.060393304 
146 541 9 11 0.060380697 
247 429 8 10 0.06037371 
130 450 7 9 0.06037231 
353 455 7 9 0.06033756 
609 488 7 10 0.06032418 
632 479 7 9 0.060286947 
497 423 7 10 0.060281612 
426 434 7 10 0.060257968 
789 470 7 9 0.060224168 
989 653 10 14 0.060179573 
830 382 8 10 0.06015099 
151 434 8 10 0.060135383 
856 544 8 11 0.060123265 
303 614 9 12 0.060075503 
330 500 8 11 0.06002318 
417 581 7 10 0.059986603 
31 583 8 11 0.059960898 
992 525 10 12 0.059910003 
350 623 10 12 0.059800077 
599 447 7 9 0.05977412 
951 688 25 29 0.059695426 
988 634 11 13 0.059598636 
462 423 7 9 0.059579056 
750 512 7 10 0.05945779 
129 544 8 9 0.05943755 
928 497 9 11 0.059319306 
548 694 16 22 0.059190623 
626 407 7 9 0.059121914 
240 440 7 10 0.05910031 
472 583 9 10 0.05908068 
418 447 7 8 0.05905798 
883 693 16 18 0.059057213 
642 489 7 9 0.059056483 
296 488 7 9 0.059039336 
990 610 14 18 0.059020918 
855 340 8 11 0.05900248 
672 305 8 10 0.05899659 
359 630 11 14 0.058982097 
480 417 6 9 0.05896083 
215 477 8 9 0.058954157 
328 407 6 8 0.058937285 
417 440 7 10 0.058858536 
118 377 7 9 0.058856588 
661 574 8 10 0.058837045 
825 469 8 10 0.05871873 
839 373 8 9 0.058654 
165 714 16 21 0.058649957 
625 525 9 11 0.058616564 
113 381 8 10 0.058608852 
976 568 8 10 0.058602758 
272 479 7 9 0.058595065 
320 583 8 9 0.058530364 
875 705 17 20 0.058512 
223 456 6 8 0.058490425 
934 496 8 10 0.05847752 
825 374 8 10 0.058477495 
848 588 9 12 0.058476552 
472 556 7 9 0.058461744 
315 568 7 10 0.05845033 
457 441 7 9 0.058419235 
848 406 7 9 0.058369014 
230 544 8 10 0.058346134 
257 393 7 9 0.058275666 
222 525 8 10 0.058185034 
769 613 8 12 0.05815578 
582 620 9 12 0.058150224 
329 497 7 9 0.05813062 
529 424 7 9 0.058127627 
418 543 6 9 0.058127012 
248 368 7 9 0.058108 
219 424 7 9 0.058041975 
377 551 8 11 0.058032937 
70 438 8 10 0.057949424 
857 612 10 13 0.0579442 
274 398 7 9 0.05787806 
123 607 8 9 0.05784093 
334 611 10 12 0.057833634 
238 589 10 12 0.057769783 
776 393 7 9 0.057733145 
806 605 9 12 0.057710398 
175 510 7 9 0.057707366 
224 630 9 13 0.057668306 
997 535 10 12 0.057656642 
271 618 11 14 0.05763048 
913 566 9 12 0.057576407 
441 440 7 9 0.05756881 
537 583 9 10 0.057394058 
174 559 8 11 0.05739349 
744 533 7 10 0.057391055 
817 486 8 10 0.05737317 
97 370 7 8 0.057318922 
223 391 7 9 0.05731051 
168 465 7 8 0.057302915 
912 573 12 15 0.057296623 
229 642 13 16 0.05727099 
856 605 9 13 0.057246696 
127 471 7 9 0.05722705 
388 628 12 15 0.05718676 
128 462 7 9 0.057165083 
675 675 13 18 0.05714223 
127 630 12 14 0.057118807 
181 463 8 10 0.057100795 
726 485 8 10 0.057087332 
737 567 8 11 0.057074673 
241 400 7 9 0.057069443 
952 556 8 11 0.057068776 
6 488 8 10 0.05702169 
206 629 13 15 0.056953114 
18 487 7 9 0.05695191 
433 606 8 10 0.056925617 
594 569 7 10 0.056917932 
714 439 8 9 0.05691758 
294 645 11 14 0.056906857 
480 470 7 9 0.05690294 
773 662 15 21 0.05681321 
710 662 15 20 0.05677053 
698 462 7 9 0.05671686 
57 463 7 9 0.056702014 
289 572 8 11 0.05662793 
288 552 8 10 0.056624502 
883 479 7 10 0.056587644 
684 621 10 12 0.056562193 
616 613 9 12 0.056553368 
111 598 8 10 0.056552257 
324 639 11 14 0.05655088 
194 534 7 10 0.056543224 
512 588 8 11 0.05650175 
321 488 8 9 0.056466587 
209 545 8 10 0.056455668 
386 393 6 8 0.056298252 
553 616 9 12 0.0562932 
959 533 9 10 0.056283742 
615 621 10 14 0.05626092 
654 551 8 10 0.056219745 
176 479 7 9 0.05619349 
448 476 8 10 0.05618201 
644 674 13 18 0.056172423 
432 636 11 13 0.05615832 
176 447 7 9 0.056114133 
840 394 7 9 0.056110345 
54 636 12 15 0.05610721 
801 433 7 8 0.056076076 
249 424 7 9 0.056065965 
166 606 9 10 0.056004588 
81 511 7 10 0.05599714 
289 472 7 9 0.05598507 
976 518 9 12 0.055934127 
774 614 9 11 0.055912126 
377 377 6 7 0.055901606 
514 390 7 9 0.055744134 
295 439 7 9 0.05573966 
745 318 8 10 0.05569947 
130 383 7 9 0.055694025 
241 406 7 9 0.05564514 
67 428 8 10 0.055620383 
626 480 7 9 0.055596456 
168 478 7 9 0.055495765 
833 590 7 11 0.055483397 
849 486 7 9 0.055333428 
71 448 7 9 0.05532606 
95 321 8 10 0.055321965 
134 423 8 10 0.05531708 
700 660 13 15 0.055281535 
217 398 7 9 0.055133343 
878 729 18 21 0.055096656 
318 653 12 14 0.054954227 
111 505 7 9 0.054948904 
639 510 7 9 0.054930322 
456 405 7 9 0.054892123 
528 588 8 10 0.05486796 
761 545 7 9 0.054865442 
95 503 8 10 0.05485234 
359 391 6 8 0.05484235 
621 545 8 10 0.05481647 
744 474 7 8 0.054788344 
744 517 8 9 0.054774534 
870 487 8 10 0.054660503 
495 631 11 13 0.05463234 
40 470 7 9 0.05461555 
704 606 9 11 0.05460149 
151 470 7 8 0.054588526 
317 717 22 28 0.054580994 
860 635 11 15 0.054420542 
10 583 9 11 0.054393668 
872 431 6 8 0.054384664 
472 627 9 12 0.05437712 
897 688 16 20 0.054371703 
785 424 7 9 0.054356482 
454 504 7 10 0.054293063 
553 493 7 10 0.054203857 
344 472 8 11 0.054195628 
490 431 7 9 0.054192327 
873 457 7 9 0.054158777 
789 548 8 11 0.054157756 
786 407 7 10 0.054154065 
89 559 8 11 0.0541346 
130 489 6 8 0.054113902 
510 453 8 10 0.054018717 
655 630 10 12 0.05400131 
797 635 14 17 0.053931747 
1012 505 10 15 0.053825997 
415 617 8 9 0.053788647 
1 487 8 12 0.053744223 
744 620 10 12 0.053733453 
783 384 7 8 0.05363453 
360 386 6 8 0.05362243 
336 567 9 12 0.05359242 
112 567 8 11 0.05357503 
377 613 9 11 0.053568374 
902 622 12 16 0.053565323 
128 584 8 10 0.053531904 
512 448 7 9 0.053530976 
1008 675 11 15 0.0535194 
328 384 7 9 0.05342814 
862 462 8 10 0.053408466 
1004 664 14 17 0.05338507 
833 565 9 12 0.05337093 
74 454 7 9 0.053369522 
185 548 9 11 0.053323362 
461 585 9 10 0.053228483 
385 434 6 8 0.05322146 
542 582 8 9 0.053209525 
968 263 32 39 0.05320767 
498 584 9 11 0.053207286 
464 416 7 9 0.053185627 
176 416 7 8 0.053184304 
709 693 23 30 0.053170282 
279 573 10 12 0.05316436 
1002 588 10 12 0.053133972 
849 391 7 9 0.053054266 
489 407 6 9 0.053036828 
840 406 7 9 0.053014964 
414 674 11 16 0.05295 
662 581 8 10 0.052946307 
654 487 8 9 0.052875504 
511 662 12 15 0.052866597 
766 644 10 13 0.052814145 
658 534 8 10 0.052782424 
846 503 8 11 0.05274241 
434 416 7 9 0.052674 
673 327 9 11 0.05255448 
327 605 10 12 0.052487828 
352 477 8 11 0.052283 
169 400 7 8 0.05227282 
171 631 12 15 0.05225511 
170 377 7 9 0.052193973 
682 592 9 11 0.052161194 
318 503 8 11 0.052130513 
710 582 9 11 0.052121893 
103 470 8 9 0.05211774 
941 590 12 16 0.05201435 
96 374 7 10 0.052007183 
559 496 7 9 0.051969446 
855 417 7 8 0.051955845 
216 537 7 10 0.051897623 
591 629 8 11 0.0518375 
876 598 10 14 0.051723786 
401 438 7 9 0.051683966 
445 660 12 15 0.051660992 
996 625 13 16 0.051623683 
297 613 9 11 0.05160118 
114 574 9 10 0.051588293 
680 455 6 8 0.051545214 
630 600 10 12 0.051542453 
126 573 8 9 0.05153848 
473 418 7 8 0.051496588 
422 598 7 10 0.051487286 
87 583 8 11 0.05143696 
149 376 8 9 0.051431503 
790 464 7 10 0.051366467 
888 422 7 8 0.05136245 
521 368 7 8 0.051326305 
627 628 11 14 0.05128942 
538 481 7 8 0.05126824 
149 612 11 12 0.05122531 
743 439 6 8 0.051153 
391 393 6 8 0.05109481 
799 581 7 10 0.051083 
303 542 8 10 0.051071946 
735 586 10 13 0.050935216 
791 591 8 11 0.050924778 
866 407 7 9 0.05091072 
495 438 7 10 0.050909985 
121 597 8 11 0.05088208 
130 423 8 10 0.05084611 
728 589 8 11 0.050841462 
254 565 9 11 0.050828602 
574 536 7 9 0.05080437 
785 536 8 9 0.05078892 
768 454 7 9 0.05073391 
569 482 7 9 0.050627127 
850 423 6 8 0.050593644 
169 439 7 9 0.050498918 
296 409 7 9 0.050418373 
253 503 9 12 0.05038027 
1013 496 9 13 0.05035435 
201 409 7 8 0.05034657 
873 513 7 10 0.05032743 
989 711 26 35 0.050280295 
263 439 7 10 0.05022942 
65 425 7 9 0.0501864 
359 583 9 11 0.05016749 
338 441 7 9 0.05016327 
656 456 7 9 0.050150905 
455 729 24 32 0.050145615 
66 376 7 9 0.050122276 
689 583 8 11 0.050038487 
825 480 8 10 0.050033264 
553 511 7 9 0.050029963 
865 432 7 8 0.050006773 
864 383 6 8 0.04999091 
87 589 8 10 0.04997094 
199 479 7 9 0.04996373 
688 519 7 9 0.049944855 
609 479 7 9 0.049906768 
905 535 7 10 0.04984191 
377 577 8 10 0.04983728 
233 557 7 9 0.04968156 
159 612 9 11 0.049675144 
504 437 8 9 0.049591877 
734 527 9 12 0.049581025 
359 598 8 9 0.049503446 
369 384 7 8 0.049470607 
345 385 7 8 0.049457375 
713 356 9 12 0.049382668 
771 652 15 20 0.049355686 
253 508 9 12 0.049332153 
937 654 21 31 0.0492784 
924 573 11 14 0.049199183 
31 537 7 9 0.04918911 
741 590 10 12 0.049164515 
649 525 8 10 0.049118206 
386 690 16 20 0.04909184 
519 384 8 9 0.049072325 
503 551 7 10 0.049062133 
552 606 8 10 0.0490319 
144 405 7 10 0.04902413 
583 600 8 9 0.048974123 
384 678 17 21 0.048971493 
472 408 7 8 0.048904225 
881 431 7 8 0.048899963 
954 566 9 12 0.048869994 
439 421 7 10 0.04886192 
79 468 7 10 0.048861682 
632 391 7 9 0.04884466 
626 486 7 10 0.048837252 
450 401 7 9 0.048744053 
56 551 9 11 0.04869551 
200 392 8 9 0.048573963 
232 393 7 8 0.04853964 
910 579 12 15 0.048512053 
511 415 7 8 0.048494 
161 463 7 9 0.04847372 
498 449 7 8 0.048457015 
71 496 7 9 0.048387993 
840 485 7 9 0.04829959 
504 470 7 9 0.04827728 
496 469 7 9 0.048275806 
576 501 7 10 0.04820105 
417 473 6 8 0.04816022 
154 415 8 10 0.04814825 
176 391 7 9 0.04812769 
462 532 7 10 0.04812336 
952 432 6 8 0.04807459 
106 479 8 10 0.048068777 
560 389 7 9 0.048068445 
456 430 7 9 0.048020624 
119 532 8 11 0.048015416 
707 398 8 11 0.048008334 
810 504 7 10 0.047983736 
377 608 8 11 0.04795255 
313 399 7 9 0.047950134 
320 408 6 8 0.04794524 
33 650 13 15 0.047898978 
105 430 7 9 0.047869526 
245 486 9 11 0.047770347 
914 471 7 9 0.047751173 
213 630 12 15 0.047747448 
94 684 17 22 0.047740024 
717 646 12 15 0.04765261 
550 568 8 10 0.047650218 
288 455 7 9 0.047617868 
873 620 9 13 0.047568526 
896 414 7 9 0.047547974 
552 389 7 10 0.047546867 
393 558 7 10 0.04752726 
382 541 8 11 0.047519926 
544 561 7 9 0.04751935 
441 446 8 9 0.04751078 
644 662 12 15 0.04750724 
440 561 8 9 0.04743046 
366 623 10 12 0.047415018 
876 629 11 14 0.047351304 
631 399 7 10 0.047341514 
856 384 8 10 0.047310114 
23 492 8 10 0.047289293 
570 677 22 26 0.047282074 
80 541 8 11 0.047273 
347 690 16 20 0.047253802 
143 448 7 9 0.04725345 
321 550 7 9 0.04721893 
800 527 8 10 0.04717054 
296 415 6 8 0.047168616 
773 318 10 11 0.04710578 
33 519 8 10 0.04710476 
807 599 8 11 0.047076616 
397 698 14 18 0.047037676 
184 579 9 11 0.04703599 
168 392 7 9 0.047016572 
760 643 11 13 0.04691625 
672 526 8 10 0.046907533 
175 400 7 8 0.046903074 
191 623 10 11 0.046881042 
56 485 7 10 0.046880443 
72 424 7 10 0.046873443 
327 584 8 10 0.046856295 
416 550 7 9 0.046797905 
568 622 10 12 0.046742164 
845 480 8 9 0.04672867 
499 658 14 18 0.04671957 
62 549 9 11 0.04671698 
457 567 8 11 0.0466665 
55 481 7 9 0.0466408 
912 505 7 9 0.046600062 
264 550 9 11 0.04659448 
713 351 9 11 0.046558216 
177 621 9 11 0.046533193 
271 527 7 9 0.046505053 
800 480 7 9 0.04649501 
515 665 13 17 0.046473164 
392 597 8 10 0.046416964 
184 424 8 9 0.046411823 
790 317 8 11 0.04638798 
566 611 9 13 0.04635584 
777 438 7 8 0.046352558 
495 495 7 9 0.046340115 
674 480 6 9 0.04631979 
478 664 14 19 0.046250764 
577 551 8 10 0.046245907 
321 432 7 8 0.04620394 
846 604 10 13 0.04616237 
424 591 8 10 0.04608407 
48 470 6 9 0.046032604 
170 423 7 9 0.04596545 
850 645 19 26 0.045897875 
48 439 9 12 0.045895543 
825 390 7 9 0.04587531 
225 463 6 9 0.04584205 
445 695 16 18 0.045827873 
430 437 8 10 0.04580466 
856 493 8 10 0.045800522 
392 434 7 8 0.04575214 
90 615 9 12 0.04574579 
138 479 7 9 0.04573734 
543 477 8 9 0.045720264 
585 375 7 9 0.045679532 
780 682 12 16 0.04564816 
112 527 8 10 0.045605395 
590 611 10 13 0.045575302 
471 463 7 9 0.045550045 
753 456 6 8 0.045543622 
144 527 8 9 0.04553344 
318 518 8 10 0.045467377 
545 393 8 10 0.045425393 
861 606 10 13 0.045423813 
223 439 8 10 0.04537728 
976 573 7 10 0.045368187 
669 534 7 9 0.045341887 
366 630 11 13 0.045327727 
648 558 8 11 0.045274813 
530 431 7 9 0.045260526 
792 329 8 10 0.045259673 
842 416 7 8 0.04525299 
151 365 8 10 0.045224868 
185 558 10 12 0.04521341 
937 456 7 9 0.04515379 
745 487 7 8 0.045150235 
303 462 8 10 0.045117408 
518 526 8 10 0.045085505 
199 512 8 11 0.0450713 
24 504 8 10 0.045031384 
1000 647 10 15 0.04502086 
112 321 7 9 0.045018308 
360 591 9 10 0.045009464 
70 376 8 10 0.04496765 
769 391 6 8 0.04488974 
574 526 7 10 0.044887565 
79 549 9 12 0.044880945 
223 518 8 12 0.044860642 
270 494 8 10 0.044857588 
409 383 7 9 0.0448364 
16 456 7 9 0.044767544 
359 401 6 8 0.044749025 
801 605 9 11 0.04465764 
479 604 8 10 0.044650726 
850 511 7 9 0.044617545 
170 406 6 9 0.044615593 
37 518 9 10 0.04460994 
768 510 8 9 0.0446069 
896 472 7 9 0.04460196 
642 358 7 10 0.044543378 
738 433 6 9 0.044537153 
226 668 16 20 0.044443086 
878 660 12 16 0.044429913 
249 406 7 9 0.04441004 
402 431 7 9 0.044405807 
177 470 7 9 0.04431082 
192 448 6 8 0.044296723 
354 392 7 7 0.044230893 
377 565 7 9 0.044223618 
370 400 7 9 0.04416809 
222 636 11 14 0.044161335 
9 453 7 10 0.044119 
849 525 8 10 0.044084173 
903 510 9 11 0.04407916 
170 509 7 10 0.044027336 
407 408 8 9 0.04401884 
854 526 7 10 0.0440017 
363 559 8 11 0.043996178 
592 382 7 9 0.043970495 
783 619 11 13 0.043940388 
240 376 6 8 0.04393898 
800 438 7 9 0.043927513 
261 423 7 10 0.04391706 
816 543 8 12 0.04390515 
467 662 14 19 0.04387264 
489 495 8 9 0.04380799 
849 368 8 9 0.0437834 
735 600 9 11 0.0437323 
159 556 8 11 0.043717686 
599 391 7 10 0.043704346 
705 582 8 10 0.043691058 
504 423 7 9 0.043676417 
584 629 9 11 0.04366803 
896 424 7 8 0.043650385 
993 519 9 11 0.04360756 
970 423 7 9 0.043567386 
144 400 7 9 0.043540113 
680 544 9 11 0.043528017 
1013 583 10 14 0.043500572 
6 691 13 17 0.04345665 
841 319 9 11 0.04343483 
424 629 9 11 0.043327343 
237 549 9 11 0.04329502 
560 447 6 9 0.043274004 
128 589 10 12 0.043248244 
223 548 8 10 0.04313638 
728 479 7 10 0.043125834 
842 432 7 8 0.043096643 
448 415 7 8 0.04305238 
72 477 8 10 0.043011453 
786 519 8 11 0.042989373 
938 718 29 35 0.042956926 
575 384 6 9 0.04295276 
795 566 9 12 0.042928413 
744 447 7 8 0.042923555 
512 423 7 9 0.042919625 
177 488 7 9 0.042918306 
409 585 8 9 0.042885117 
448 441 7 8 0.042884722 
829 468 8 11 0.04285716 
873 384 6 8 0.04275634 
267 713 15 22 0.04274299 
865 401 8 9 0.042742055 
261 566 10 12 0.042736482 
545 520 6 8 0.042634778 
712 340 9 11 0.04263051 
104 462 7 9 0.042586926 
88 382 6 9 0.042579465 
636 574 10 12 0.042565566 
67 631 13 15 0.042554528 
498 400 7 9 0.04255323 
992 533 11 14 0.042523883 
95 487 8 10 0.04251308 
40 606 8 11 0.042509306 
987 658 12 16 0.04249223 
432 597 8 10 0.042478807 
312 606 9 13 0.042464722 
247 479 8 10 0.04246308 
387 665 19 22 0.042455662 
632 511 8 10 0.042407267 
233 440 7 9 0.042361833 
954 571 11 13 0.042316068 
1012 610 11 15 0.0423146 
806 517 8 9 0.042309053 
909 455 8 10 0.04225483 
608 588 8 11 0.042217147 
575 519 7 9 0.04216041 
853 658 16 20 0.04215393 
49 575 9 10 0.042138763 
595 676 16 19 0.0421382 
553 592 9 11 0.042087052 
288 540 7 10 0.042082075 
712 404 8 11 0.042066604 
621 614 11 12 0.042043038 
694 584 8 10 0.04195445 
573 660 13 17 0.041926473 
636 681 14 18 0.04192022 
864 705 39 45 0.041895445 
688 487 7 8 0.04186499 
855 423 6 9 0.041824587 
303 385 7 8 0.04180342 
406 398 8 9 0.041790396 
648 503 7 9 0.0417892 
378 543 8 11 0.041781295 
588 671 13 16 0.041764986 
777 545 8 9 0.041763734 
790 620 9 12 0.041758575 
197 531 10 12 0.041755818 
982 619 12 18 0.041676197 
824 518 8 10 0.04166138 
127 517 8 11 0.041660722 
857 481 8 10 0.04162949 
153 504 7 9 0.04160956 
1015 559 8 11 0.041551672 
873 390 7 9 0.041547082 
327 480 7 10 0.041535236 
505 462 8 9 0.041533418 
66 616 9 12 0.04152844 
33 689 14 16 0.04152619 
503 389 8 9 0.041516617 
207 462 7 9 0.041504987 
511 440 7 8 0.041502584 
849 597 9 12 0.041473918 
761 384 7 8 0.041457288 
525 455 8 9 0.0414438 
312 487 7 9 0.04142276 
671 511 7 9 0.041415848 
402 599 7 10 0.041409582 
489 376 7 10 0.041402504 
504 604 9 11 0.041372985 
975 626 10 14 0.041370288 
665 510 6 9 0.041326363 
974 423 7 9 0.04132421 
768 448 7 9 0.041304886 
735 471 6 9 0.04128926 
930 447 6 9 0.04123968 
416 493 8 10 0.04123197 
362 359 7 9 0.041196145 
384 575 8 10 0.041157745 
458 446 7 9 0.041152474 
856 455 6 9 0.041151233 
967 488 8 10 0.04114956 
620 676 15 18 0.041072298 
792 525 9 10 0.04103864 
345 623 9 12 0.04100718 
681 607 9 11 0.04097749 
555 698 18 21 0.04096769 
359 421 7 9 0.040965986 
768 494 7 9 0.04094943 
343 542 7 9 0.040925898 
656 423 7 8 0.040912855 
439 432 7 8 0.040799502 
67 510 7 9 0.040797412 
654 519 8 10 0.040794943 
111 484 8 10 0.04078633 
296 526 8 9 0.040786203 
399 536 8 9 0.040774565 
265 456 8 10 0.040733773 
563 656 16 19 0.040723726 
271 439 9 10 0.04071265 
375 383 6 8 0.040708646 
920 439 7 8 0.040708445 
35 735 25 29 0.040701274 
336 454 7 9 0.04069892 
9 406 8 9 0.040673636 
737 447 7 9 0.040641703 
477 691 14 19 0.040636383 
789 613 9 12 0.040631637 
7 699 13 17 0.040630717 
25 469 8 10 0.040624164 
633 473 7 8 0.040593315 
641 454 6 9 0.040580843 
959 665 17 21 0.040574007 
143 485 7 9 0.04056746 
552 556 7 10 0.040563114 
330 457 7 8 0.040551916 
454 486 9 11 0.040551815 
489 383 7 9 0.040547233 
446 622 11 13 0.040532008 
78 504 7 9 0.040527426 
289 447 7 9 0.04052084 
9 588 9 12 0.04050926 
576 456 6 8 0.040508207 
872 601 10 14 0.040504485 
888 485 7 9 0.04046913 
86 688 14 18 0.040463626 
801 600 8 10 0.0404452 
382 644 11 14 0.04042482 
471 605 9 11 0.040391445 
686 614 10 12 0.040371682 
202 493 8 11 0.040325526 
840 465 8 10 0.040311877 
929 456 7 8 0.040280152 
78 455 6 9 0.040277608 
335 416 6 8 0.040263303 
735 464 7 8 0.040224705 
98 519 7 10 0.040203907 
872 400 8 10 0.04011459 
114 533 8 11 0.04011426 
761 456 7 9 0.040109 
704 621 8 11 0.04010849 
535 591 8 10 0.04010471 
40 431 7 8 0.040059946 
887 445 8 10 0.040057827 
567 630 11 13 0.04004232 
240 416 7 9 0.040003397 
734 319 9 12 0.03998766 
331 698 17 20 0.039936893 
620 695 22 27 0.03993644 
54 439 7 10 0.03990293 
569 424 7 8 0.03985679 
185 376 7 9 0.039849926 
848 534 8 10 0.03984146 
248 401 6 9 0.039839312 
791 415 7 8 0.03973794 
759 583 10 11 0.03971203 
600 604 9 12 0.03967311 
582 536 8 9 0.039584808 
262 470 7 9 0.039581154 
878 579 9 12 0.039558686 
545 472 7 9 0.039542865 
650 511 7 9 0.039528478 
489 424 7 9 0.03952637 
687 545 7 10 0.039526124 
199 621 9 11 0.03951568 
761 447 6 9 0.039472084 
336 383 7 8 0.039468758 
120 581 9 10 0.03934726 
150 361 8 9 0.039344765 
992 510 8 10 0.03934182 
630 406 8 10 0.039337527 
241 422 7 9 0.039330196 
253 722 16 20 0.039326955 
824 325 8 9 0.03931398 
512 521 8 10 0.039303456 
687 556 8 10 0.03929317 
559 510 7 9 0.039257403 
48 479 8 9 0.039205696 
477 615 9 12 0.039196145 
305 644 10 14 0.039163545 
81 517 8 10 0.03913581 
559 455 6 9 0.039131008 
352 406 7 8 0.039103236 
892 693 16 20 0.039072976 
759 368 7 9 0.03898207 
37 213 11 13 0.03895839 
0 613 7 10 0.038955387 
144 454 7 9 0.038947914 
490 414 7 9 0.038938724 
294 635 10 13 0.038934153 
678 448 7 9 0.038859855 
317 676 12 17 0.0387767 
964 692 25 32 0.03877105 
1012 635 11 16 0.038686953 
321 400 7 9 0.03866513 
609 559 8 10 0.038646135 
520 423 7 10 0.038592048 
527 567 9 10 0.038581215 
389 643 11 13 0.038569797 
75 464 7 9 0.038552545 
40 494 7 9 0.038551133 
409 622 9 11 0.03854546 
537 526 7 9 0.03852184 
342 552 8 10 0.03851652 
645 358 8 10 0.03851311 
176 616 8 11 0.03851239 
289 384 6 9 0.03850613 
413 605 9 10 0.038498543 
314 503 8 10 0.038494963 
128 611 9 11 0.038480196 
263 618 10 13 0.038450554 
806 612 10 13 0.038437597 
776 360 8 9 0.038393013 
312 551 8 10 0.038361657 
161 399 7 8 0.03835951 
228 650 14 18 0.038353864 
382 565 8 10 0.038255744 
576 486 8 10 0.038249012 
807 528 8 10 0.038176943 
24 464 7 9 0.038176008 
131 377 7 9 0.038167994 
174 519 9 12 0.038165513 
304 487 7 9 0.038161878 
1011 621 11 16 0.038160592 
47 540 8 11 0.038151544 
30 660 12 15 0.038117588 
655 374 8 10 0.038038775 
882 471 7 9 0.038026605 
191 368 7 9 0.03796145 
602 408 7 9 0.037952274 
545 510 8 9 0.037928224 
512 478 7 9 0.037916772 
124 642 13 16 0.03789372 
892 653 14 17 0.037888724 
311 705 22 29 0.037873622 
105 524 7 10 0.03787112 
0 607 8 11 0.03785817 
206 575 9 11 0.03785806 
335 650 11 14 0.037851058 
646 565 10 12 0.037798267 
832 390 8 10 0.03774967 
544 605 9 11 0.037734922 
229 604 10 14 0.037734453 
626 376 8 9 0.037733823 
581 670 12 17 0.037721977 
450 432 6 8 0.03771513 
169 504 7 9 0.037713576 
856 431 7 8 0.037704974 
553 580 8 10 0.03767897 
660 142 15 19 0.037671268 
774 673 14 18 0.03763014 
831 481 7 9 0.037614156 
97 335 8 10 0.03761386 
879 547 10 12 0.037611593 
136 568 8 11 0.037598573 
41 439 8 10 0.037575986 
608 457 7 8 0.03754468 
556 627 10 13 0.037534438 
248 384 7 9 0.03752083 
1 720 16 22 0.03749958 
281 433 8 9 0.03749566 
767 504 7 10 0.037471186 
755 369 7 9 0.03743253 
89 327 8 9 0.03742926 
848 431 7 9 0.03742698 
787 335 8 11 0.037417307 
295 447 7 9 0.037404187 
392 501 7 10 0.037401628 
640 392 7 9 0.03739113 
86 512 8 10 0.03734754 
710 574 9 12 0.03731707 
477 430 7 9 0.03728969 
497 559 7 10 0.03728248 
824 369 8 9 0.03721352 
671 331 9 11 0.037201278 
265 526 8 11 0.037167232 
89 486 8 9 0.037163015 
694 502 7 10 0.03712772 
88 400 8 10 0.03709913 
410 377 7 8 0.03707075 
205 622 11 12 0.03704778 
917 567 10 13 0.03701309 
486 653 12 16 0.036994684 
654 481 7 9 0.036975805 
159 660 12 16 0.036971137 
455 658 12 17 0.036937617 
600 502 7 9 0.036918286 
290 422 7 8 0.036911793 
184 478 8 9 0.036877792 
242 454 6 8 0.03687337 
674 688 16 21 0.036862575 
424 464 6 8 0.036836423 
191 510 9 11 0.036828894 
489 393 7 8 0.036811594 
765 673 13 18 0.036806986 
928 512 8 11 0.03680116 
439 549 8 10 0.036744736 
15 557 9 11 0.036730535 
756 677 13 17 0.036687728 
501 666 16 18 0.03668649 
954 602 22 25 0.03668345 
837 629 11 13 0.0366793 
176 408 6 8 0.036660384 
530 375 7 9 0.036643732 
618 667 13 16 0.03663271 
466 472 7 9 0.036612928 
797 359 9 10 0.036518622 
817 596 9 11 0.036510758 
38 511 8 10 0.036456857 
990 595 20 25 0.036432184 
464 432 7 8 0.036425266 
457 418 7 8 0.036389604 
62 463 8 10 0.036385942 
831 485 8 10 0.036384486 
149 534 8 11 0.036364216 
448 561 7 9 0.0363442 
494 535 8 9 0.03633607 
248 463 7 10 0.036262084 
288 390 6 8 0.036257148 
766 594 9 12 0.036235254 
989 583 9 11 0.036224537 
879 494 8 9 0.036219005 
911 463 8 9 0.03621851 
319 457 7 8 0.03620702 
519 408 8 9 0.036186 
566 584 8 11 0.036174703 
242 479 7 10 0.03617369 
478 544 8 10 0.036141615 
728 299 9 12 0.036131017 
306 636 10 13 0.036128003 
0 454 7 10 0.036127232 
434 488 7 11 0.036118355 
205 527 9 11 0.03611097 
902 479 7 9 0.036103625 
95 590 8 10 0.036086254 
902 471 7 9 0.036080807 
90 321 8 9 0.036080062 
103 495 7 9 0.036062017 
839 382 8 9 0.03603978 
88 494 8 10 0.036004215 
175 430 7 8 0.035981752 
958 527 8 10 0.03597944 
554 597 9 11 0.035979047 
150 381 8 9 0.035968196 
282 494 7 9 0.035956934 
553 429 7 9 0.03595684 
96 446 7 9 0.035949513 
413 692 14 19 0.035941727 
256 534 8 9 0.03592609 
36 613 11 14 0.035823055 
361 472 8 10 0.035822492 
664 552 8 10 0.035818916 
158 446 7 9 0.035810806 
585 652 10 13 0.035804093 
30 374 9 12 0.035786297 
733 502 8 9 0.035778496 
327 613 10 11 0.035765704 
199 574 9 12 0.0357401 
221 642 14 17 0.035724778 
551 669 12 16 0.03562505 
519 375 7 8 0.035617374 
179 755 17 19 0.03561259 
523 658 12 16 0.035547826 
296 511 8 10 0.035543364 
392 496 7 10 0.035521112 
230 488 8 10 0.03550856 
865 503 8 9 0.035496466 
871 406 6 8 0.035480868 
806 532 8 10 0.035465293 
864 472 7 9 0.03544939 
320 598 9 12 0.03543636 
570 521 7 9 0.035398584 
240 544 8 9 0.035385672 
296 478 7 9 0.035384037 
337 431 7 9 0.035373565 
922 678 14 20 0.035338208 
781 565 9 12 0.03533486 
264 417 7 9 0.035299186 
847 583 10 12 0.035294052 
726 541 7 10 0.035285935 
17 462 8 10 0.035271283 
575 697 26 35 0.03523294 
274 374 7 9 0.035207234 
617 590 9 11 0.035204254 
766 560 8 11 0.035194546 
397 620 10 12 0.035126593 
838 551 8 11 0.03510737 
195 730 13 19 0.03507607 
224 446 7 9 0.035069443 
508 697 17 24 0.035039015 
458 532 7 10 0.034932315 
887 544 9 10 0.034923308 
697 458 7 9 0.034920625 
125 527 8 10 0.03491348 
199 600 8 11 0.03489524 
798 628 13 15 0.034843948 
823 586 8 11 0.03483999 
832 413 7 9 0.034802556 
314 510 8 10 0.03479279 
750 318 8 10 0.034776874 
528 409 8 10 0.03476137 
558 574 9 10 0.034751274 
295 534 8 10 0.03473902 
24 382 9 11 0.034731332 
434 422 7 9 0.034712974 
869 543 11 14 0.034694385 
383 407 7 8 0.034664415 
762 503 7 9 0.03465406 
162 393 7 8 0.034640647 
185 413 7 9 0.034624204 
488 444 8 10 0.03461779 
944 557 8 11 0.03460461 
39 383 7 10 0.034581773 
9 508 7 10 0.034572847 
481 440 6 9 0.034568653 
751 579 9 12 0.03451737 
647 644 12 15 0.03450371 
112 391 8 9 0.034437295 
640 472 6 8 0.0344349 
178 493 7 10 0.03441676 
908 688 16 21 0.034409214 
591 590 8 10 0.03440691 
185 612 9 12 0.03439454 
249 416 6 8 0.03435784 
975 708 21 31 0.034351256 
631 486 7 9 0.03434812 
356 675 13 16 0.034344688 
239 612 11 12 0.034341607 
529 502 7 9 0.034296177 
273 384 6 9 0.034294184 
247 544 8 10 0.034279864 
784 613 10 13 0.034239363 
680 712 22 29 0.0342361 
85 303 8 10 0.03422917 
263 395 8 9 0.034225628 
80 391 7 8 0.034210835 
12 627 11 12 0.034195904 
648 615 8 11 0.03414267 
104 424 8 10 0.034130536 
78 619 10 13 0.034110814 
639 463 7 9 0.034100804 
1008 541 9 12 0.034084283 
336 424 7 9 0.03407266 
469 695 14 19 0.034037217 
503 558 7 9 0.034032237 
603 674 15 20 0.033961322 
369 445 7 9 0.033953894 
367 596 8 10 0.033953678 
142 658 13 15 0.033933774 
672 381 12 14 0.033924863 
182 457 7 9 0.033914078 
718 527 8 11 0.033912417 
690 567 7 10 0.033872668 
876 683 16 21 0.033871904 
258 485 8 11 0.03383559 
446 519 8 11 0.033820014 
409 494 7 10 0.033746082 
801 448 7 8 0.03374342 
73 414 7 9 0.033714272 
746 513 7 10 0.033668317 
33 465 7 9 0.033666722 
259 668 19 24 0.033661734 
160 367 7 9 0.033661705 
830 424 8 9 0.033641208 
216 384 7 9 0.033631973 
952 472 7 10 0.033620786 
864 527 8 10 0.03362012 
467 738 12 20 0.033600822 
606 604 9 12 0.033591885 
79 479 7 9 0.033573937 
408 517 7 10 0.033569206 
774 621 11 14 0.03353785 
1009 594 10 14 0.0335258 
669 663 11 16 0.033519555 
242 583 9 12 0.03350315 
610 585 7 10 0.033478405 
921 510 8 11 0.033467345 
534 416 7 8 0.033467144 
805 385 8 11 0.033446405 
199 487 9 11 0.033438515 
4 685 13 17 0.03342862 
570 383 7 9 0.03342383 
485 629 9 13 0.033366956 
375 455 7 9 0.03336256 
871 590 9 12 0.033361204 
887 527 10 11 0.033338033 
311 663 11 14 0.03333246 
113 431 7 9 0.0333091 
722 486 7 9 0.033292323 
96 529 7 9 0.033264697 
576 557 8 11 0.033244576 
611 672 16 20 0.033232104 
536 463 7 9 0.033222828 
173 573 9 11 0.03322019 
0 526 8 10 0.03321778 
873 424 7 9 0.033172693 
220 662 15 19 0.03315263 
555 686 26 29 0.0331419 
105 375 7 9 0.033137918 
442 521 7 10 0.033107266 
58 407 7 9 0.033096526 
240 558 9 12 0.033081867 
321 493 7 10 0.033073872 
720 613 10 14 0.03306777 
774 645 11 15 0.03304708 
737 551 8 10 0.03302853 
871 417 7 8 0.03301266 
256 529 7 10 0.033003315 
424 569 8 9 0.03298967 
785 317 8 11 0.032966364 
55 590 9 11 0.032944724 
792 448 6 8 0.032942336 
215 472 8 10 0.032926377 
232 397 7 9 0.032920893 
865 377 6 8 0.032918982 
777 575 8 10 0.032879777 
1000 617 20 26 0.03287129 
240 382 7 9 0.03285588 
873 494 7 9 0.032796547 
368 408 7 9 0.032761082 
510 402 8 9 0.03275451 
312 495 8 9 0.032741234 
1008 518 10 13 0.032706004 
279 511 8 10 0.032700785 
208 382 7 8 0.032686457 
870 636 11 14 0.032681257 
615 477 7 9 0.032675784 
15 502 7 10 0.03267327 
823 310 10 13 0.03264332 
115 408 7 9 0.032635074 
768 472 7 9 0.032627966 
882 487 7 10 0.03260966 
952 526 8 11 0.032606836 
848 622 10 13 0.03260603 
242 431 7 9 0.03259062 
64 527 7 9 0.032574814 
263 374 6 8 0.032534465 
649 461 7 9 0.032533836 
86 517 8 9 0.032526225 
646 693 22 30 0.032523166 
960 488 9 10 0.032513812 
95 661 10 14 0.032510556 
224 417 7 9 0.032503143 
816 480 8 11 0.032467205 
768 431 6 9 0.032466434 
786 264 26 34 0.0324375 
919 534 8 11 0.032401077 
860 728 20 26 0.03237688 
104 487 7 9 0.03237418 
542 525 8 10 0.03237288 
265 543 7 10 0.03234826 
6 557 9 12 0.0323465 
390 520 7 10 0.03233891 
759 375 7 9 0.03233231 
723 481 7 9 0.032315012 
920 494 8 11 0.032299742 
553 553 7 10 0.032295454 
905 414 8 9 0.032291155 
935 559 9 12 0.032261606 
711 423 7 9 0.03221446 
119 592 8 11 0.032205883 
849 358 8 10 0.032190476 
345 391 6 8 0.032181844 
806 493 8 10 0.032178257 
943 551 8 10 0.03215859 
259 718 15 20 0.032133985 
259 645 12 16 0.032113444 
799 561 9 11 0.03211272 
635 446 7 10 0.032094657 
913 439 7 8 0.032048713 
327 537 8 9 0.032027792 
887 440 7 10 0.032007694 
414 486 8 11 0.03196931 
646 440 7 9 0.031912744 
258 374 6 8 0.031890884 
634 504 7 9 0.031889863 
975 524 9 11 0.031880416 
215 689 12 17 0.031872757 
224 583 9 11 0.03184383 
362 432 6 9 0.031826604 
784 311 9 13 0.03182293 
577 439 7 9 0.031799097 
450 422 7 9 0.031789508 
72 550 9 11 0.03178369 
868 480 9 11 0.03174362 
497 390 8 9 0.031712513 
761 463 7 9 0.031705286 
601 456 7 8 0.031696238 
190 438 8 11 0.031655516 
396 635 11 14 0.03164326 
111 581 9 10 0.031620245 
86 603 9 12 0.03161536 
152 456 7 9 0.031593245 
947 674 23 28 0.031580523 
634 463 7 9 0.031575784 
734 299 9 13 0.031574514 
828 318 9 11 0.031571686 
831 529 7 9 0.03155599 
321 590 9 11 0.03150405 
706 390 8 11 0.03146103 
694 487 7 10 0.031433 
791 607 7 11 0.03141291 
781 487 8 10 0.031400375 
376 447 6 8 0.031398885 
959 493 8 11 0.031393588 
64 390 7 9 0.03138618 
951 543 8 10 0.03133065 
925 617 14 18 0.03132948 
543 376 7 9 0.031318046 
63 580 9 12 0.031299338 
842 423 6 9 0.031299163 
231 407 7 9 0.031285007 
942 536 9 11 0.031271234 
490 525 6 9 0.031244172 
616 654 11 14 0.031240184 
921 502 8 11 0.031233225 
337 558 7 10 0.031227985 
11 706 15 19 0.031225584 
427 683 14 19 0.031194767 
488 653 19 25 0.031191519 
614 489 7 9 0.031177428 
632 359 7 9 0.03114845 
752 462 7 9 0.031141547 
145 365 9 10 0.031134019 
409 574 8 10 0.031112956 
761 390 6 8 0.0311018 
390 573 8 11 0.031088935 
298 385 7 9 0.031085068 
24 580 8 12 0.031084292 
65 479 7 10 0.031072129 
130 440 7 8 0.031063475 
636 606 9 12 0.031057518 
119 637 12 16 0.03105511 
303 495 8 9 0.031034416 
422 652 11 15 0.031027483 
952 533 8 10 0.03102717 
47 552 8 10 0.031025635 
199 423 7 9 0.03101579 
929 528 9 10 0.030999234 
759 317 8 10 0.030971015 
64 470 7 10 0.030968802 
981 609 14 18 0.03096788 
465 384 8 10 0.030962335 
904 431 7 9 0.030919751 
152 528 7 9 0.030907288 
339 722 18 25 0.030898003 
790 422 7 10 0.030875297 
623 533 8 9 0.030871993 
176 581 9 11 0.030868739 
264 535 8 9 0.03086494 
64 486 7 10 0.03085276 
214 376 7 8 0.03082359 
41 536 8 10 0.030812316 
226 724 15 22 0.030782873 
729 505 8 10 0.030737432 
887 678 14 18 0.030736187 
854 368 7 8 0.030705053 
391 585 8 10 0.030693289 
966 626 13 15 0.030687995 
391 448 7 8 0.030678652 
281 482 8 9 0.030675057 
337 644 12 16 0.0306704 
39 502 7 10 0.030659359 
709 596 9 12 0.030647159 
885 572 10 13 0.030625725 
226 469 8 10 0.030616174 
769 533 9 11 0.03060955 
112 592 8 10 0.030604813 
96 382 7 9 0.030599937 
313 581 8 10 0.030562054 
218 431 7 9 0.030560525 
256 405 7 9 0.03054986 
943 671 15 19 0.03054695 
777 469 7 9 0.030536752 
207 432 6 9 0.030535124 
881 375 7 9 0.03051781 
884 651 14 17 0.030511687 
854 406 8 10 0.030511687 
438 543 8 11 0.030494278 
727 577 9 10 0.03048108 
249 391 7 9 0.03046781 
0 534 8 10 0.030467058 
343 628 10 12 0.030455599 
442 597 8 10 0.030454684 
88 533 7 10 0.030436754 
81 593 8 11 0.030430503 
153 479 6 8 0.03042185 
392 540 9 10 0.03041783 
305 408 6 9 0.03040603 
697 666 21 25 0.030387172 
839 597 9 11 0.030367235 
754 529 8 10 0.030359086 
647 391 6 8 0.030348264 
533 684 13 18 0.03032381 
322 685 13 18 0.030306175 
400 564 8 11 0.030286781 
432 567 8 10 0.030285032 
346 415 7 8 0.030273156 
409 472 7 10 0.030270785 
791 392 7 9 0.03026954 
826 437 7 10 0.030268736 
832 597 9 10 0.030262772 
272 598 9 12 0.030253287 
431 472 6 8 0.030188276 
327 572 8 10 0.030153744 
240 472 8 10 0.03012992 
282 392 6 8 0.030123338 
322 445 6 9 0.03011361 
160 526 7 10 0.030106185 
887 430 7 9 0.03009994 
297 473 7 9 0.03009266 
190 691 12 16 0.03008266 
489 636 10 14 0.030079182 
889 392 7 9 0.030076735 
862 334 8 10 0.030053854 
239 647 14 18 0.03004223 
158 667 13 16 0.030039556 
216 368 6 8 0.030007701 
366 613 9 11 0.03000668 
231 500 9 11 0.029979018 
271 502 8 11 0.029972196 
14 438 8 10 0.029953673 
561 400 7 9 0.02993728 
686 479 8 11 0.029903414 
744 312 9 10 0.029895015 
161 583 8 10 0.029878823 
398 528 7 8 0.029876921 
857 449 7 8 0.029874278 
167 582 8 10 0.029873354 
280 407 6 8 0.02984874 
941 745 33 35 0.029830888 
497 376 8 10 0.029807733 
434 408 7 8 0.029807381 
5 463 8 11 0.02980195 
634 566 9 10 0.02978798 
408 629 9 12 0.029752344 
129 408 7 8 0.029750664 
102 438 7 9 0.029727433 
577 471 7 8 0.0297123 
201 453 7 9 0.029704781 
1002 635 20 25 0.029683802 
576 496 8 10 0.029682443 
135 430 7 9 0.029664963 
411 487 8 11 0.029664107 
871 503 7 10 0.02966213 
112 360 7 8 0.02965057 
337 462 6 9 0.02962725 
304 423 7 9 0.029622573 
509 125 13 17 0.029618016 
849 566 8 11 0.029617127 
354 431 7 9 0.029605577 
538 399 8 10 0.029604493 
752 440 7 9 0.029601756 
584 423 7 9 0.029593263 
989 646 11 14 0.029589634 
917 541 9 12 0.029546611 
274 420 7 10 0.029525204 
393 567 8 10 0.029514674 
304 416 7 8 0.029513314 
854 388 8 10 0.029500837 
870 583 9 12 0.0294968 
320 700 24 28 0.029481992 
568 551 7 9 0.029477758 
80 439 7 9 0.029470518 
19 729 15 19 0.029464625 
959 462 9 11 0.029446997 
840 326 8 10 0.029429434 
502 368 7 8 0.029388603 
273 393 6 8 0.02938689 
416 567 8 10 0.029384486 
473 390 7 9 0.029358802 
471 481 7 8 0.029352063 
472 486 8 10 0.029348433 
849 627 12 15 0.029342163 
583 485 8 10 0.029333632 
437 698 16 18 0.02929781 
510 429 8 11 0.029293964 
906 494 8 9 0.029278412 
303 651 11 14 0.029268462 
656 367 8 10 0.029263433 
71 542 8 10 0.029259093 
180 747 16 19 0.029251283 
591 376 7 9 0.029241249 
278 636 11 13 0.029207747 
975 442 7 10 0.029191775 
639 653 13 17 0.029183317 
374 628 10 13 0.029164514 
152 407 7 9 0.02915474 
241 575 9 10 0.029140972 
417 407 7 8 0.029139537 
90 448 7 9 0.029127734 
970 447 7 9 0.029119052 
874 368 6 8 0.02909668 
591 395 8 11 0.029092677 
799 406 7 9 0.029084079 
576 463 7 9 0.029065691 
834 582 7 10 0.029064888 
752 327 7 9 0.029063456 
689 457 7 8 0.029061867 
673 699 18 23 0.02905389 
304 352 7 8 0.029043334 
623 495 8 9 0.029033216 
74 471 7 10 0.029029934 
489 519 7 10 0.029024294 
292 651 13 15 0.029022021 
346 529 8 10 0.029010348 
161 455 7 9 0.029005477 
360 502 7 9 0.028985422 
794 488 8 10 0.028984668 
488 511 7 9 0.028976925 
607 445 8 10 0.02897447 
64 453 8 10 0.028969029 
513 567 8 10 0.02896167 
119 349 8 9 0.028960764 
257 416 7 9 0.02895938 
591 367 6 9 0.028935295 
15 510 8 9 0.02891981 
31 525 8 10 0.028913302 
623 358 7 9 0.028905146 
761 494 6 9 0.028859584 
463 522 8 11 0.028830077 
832 448 7 10 0.028827861 
25 398 8 11 0.028817598 
386 448 7 9 0.028802441 
57 445 7 11 0.028779728 
185 431 8 9 0.028776947 
378 598 9 11 0.028760549 
751 619 10 12 0.028742958 
441 342 7 9 0.028740663 
911 415 7 8 0.02871894 
695 559 8 10 0.028683461 
504 567 7 9 0.028680418 
463 399 7 8 0.028658403 
785 606 9 11 0.028634228 
701 461 7 10 0.02863249 
661 606 18 22 0.02863001 
224 384 8 9 0.028629648 
540 683 14 18 0.028608227 
407 567 9 11 0.028571429 
65 597 8 11 0.028566435 
848 559 7 10 0.028547632 
152 335 6 9 0.028546851 
698 684 25 32 0.028524868 
165 662 11 15 0.028523609 
399 455 7 9 0.028517969 
88 481 8 9 0.028513834 
142 575 9 11 0.028512107 
761 358 8 10 0.028486317 
888 533 9 11 0.028485399 
375 677 20 26 0.028481228 
262 573 9 13 0.02847108 
89 376 8 9 0.028463949 
348 650 12 16 0.028463803 
800 461 7 10 0.028452262 
895 541 8 10 0.028433146 
370 391 7 9 0.028422156 
217 495 8 10 0.028408406 
137 400 8 9 0.028388927 
29 485 8 10 0.028386537 
170 432 6 8 0.028354997 
121 495 7 10 0.028348718 
529 598 10 12 0.028320266 
998 518 9 12 0.028312422 
408 447 7 9 0.028293513 
774 511 7 9 0.028281793 
852 589 10 13 0.028271718 
945 652 22 30 0.028257126 
10 440 8 10 0.028254505 
414 628 10 12 0.028248752 
911 533 8 10 0.02823537 
933 563 10 13 0.028226364 
548 685 14 17 0.028225662 
714 526 9 11 0.028187053 
487 645 11 14 0.028157204 
495 520 8 10 0.028133744 
623 463 7 9 0.028128589 
497 575 9 11 0.02812516 
447 455 7 10 0.028113678 
189 504 9 10 0.028106494 
86 630 9 12 0.028105237 
56 470 7 8 0.028097903 
584 406 7 9 0.028097646 
192 414 7 9 0.028091263 
872 335 7 9 0.028078444 
872 376 7 8 0.028046282 
369 377 7 8 0.028006446 
160 433 7 9 0.027970582 
234 677 14 18 0.027969461 
638 478 7 9 0.02794836 
228 628 13 15 0.02793896 
334 400 7 9 0.02791776 
519 621 9 12 0.027894678 
925 597 12 16 0.027870623 
870 565 8 10 0.027825715 
682 683 22 27 0.027824424 
681 463 7 9 0.027808642 
230 517 10 12 0.027796216 
705 613 9 11 0.027792854 
129 391 7 9 0.027787894 
880 569 8 10 0.027753545 
536 574 8 10 0.027741168 
554 367 7 9 0.027737277 
520 589 8 10 0.027709495 
860 681 17 22 0.027707493 
974 589 9 13 0.027705332 
562 407 6 8 0.027680684 
322 391 6 8 0.027665712 
899 457 7 10 0.027649546 
829 667 18 25 0.027628714 
146 344 6 8 0.027628409 
70 581 9 11 0.027627701 
606 510 9 11 0.027622739 
728 559 8 10 0.027619993 
928 424 6 9 0.027596848 
585 591 7 10 0.02758789 
333 627 12 14 0.027567293 
850 454 7 9 0.027558446 
64 407 7 9 0.027549759 
184 367 8 9 0.02753898 
577 407 6 9 0.027524617 
264 606 10 13 0.027492335 
317 639 19 24 0.027485142 
66 503 7 10 0.027484339 
766 385 7 8 0.027480725 
135 677 14 19 0.027460255 
65 535 7 10 0.027454631 
274 368 8 9 0.0274371 
344 463 8 9 0.02742191 
585 463 7 9 0.02739539 
702 535 8 10 0.027387887 
296 456 7 9 0.027384203 
753 390 7 9 0.027370255 
943 518 8 11 0.027361434 
122 556 8 11 0.027351564 
112 349 7 9 0.027334645 
853 630 19 27 0.027318558 
303 595 9 11 0.027318424 
160 407 6 8 0.027317252 
57 422 8 10 0.027306275 
1012 668 12 16 0.02729455 
816 606 18 23 0.027294463 
350 472 10 11 0.027288038 
971 417 6 8 0.027277667 
959 705 25 32 0.02727559 
855 469 8 10 0.02726348 
318 620 9 12 0.027247785 
606 407 8 10 0.02724724 
424 558 8 9 0.027243292 
694 550 9 12 0.027236698 
615 566 8 11 0.027231961 
694 518 7 9 0.027222298 
518 598 10 13 0.027214225 
920 416 5 7 0.027212124 
720 319 7 10 0.027207712 
925 600 19 26 0.027198378 
135 651 12 16 0.0271905 
427 391 7 9 0.027176809 
128 478 7 9 0.02717576 
255 621 9 13 0.02716262 
929 441 7 8 0.02715677 
343 494 9 11 0.027156014 
1005 548 10 13 0.027153512 
793 367 8 10 0.027145036 
616 635 10 12 0.027135523 
369 455 8 10 0.027117038 
359 496 8 9 0.027101647 
782 399 8 10 0.027083434 
584 501 8 10 0.02707032 
441 384 7 9 0.0270668 
753 544 7 9 0.027054762 
985 400 7 8 0.02705277 
626 400 7 9 0.02702269 
297 462 7 9 0.027020395 
543 614 9 13 0.027016873 
102 611 9 12 0.026979968 
41 479 7 9 0.026967566 
675 736 17 22 0.026946254 
752 488 7 9 0.026944296 
700 657 21 25 0.026943766 
904 579 11 14 0.026935363 
352 495 7 10 0.026926532 
208 424 7 8 0.026904086 
820 617 12 15 0.026902929 
784 527 7 9 0.026900956 
47 631 10 12 0.0268759 
935 445 8 9 0.026873158 
208 477 8 10 0.02687128 
291 660 12 15 0.026864786 
595 448 7 10 0.026841816 
472 575 7 10 0.02682567 
760 440 7 8 0.026820531 
541 599 8 10 0.026804226 
289 409 7 8 0.026767418 
254 575 9 11 0.026757915 
608 518 9 11 0.02675086 
507 670 23 30 0.026742028 
672 545 8 10 0.026734835 
207 399 7 9 0.026731195 
479 592 8 11 0.026728107 
633 429 7 9 0.026718935 
145 360 9 10 0.026716761 
634 668 20 25 0.026695825 
602 693 22 29 0.026686613 
896 410 7 8 0.026609426 
303 663 12 14 0.026578324 
593 430 8 10 0.026557675 
105 503 7 10 0.0265539 
1002 568 9 11 0.0265511 
634 455 7 9 0.02654967 
631 635 11 14 0.026519988 
608 461 7 9 0.02651905 
761 470 7 10 0.026513087 
224 398 7 9 0.026511526 
23 601 11 14 0.026495684 
103 449 8 9 0.026494134 
880 391 7 8 0.026493322 
960 471 8 10 0.026491066 
690 503 7 9 0.026471624 
143 424 7 10 0.026447697 
278 421 8 9 0.0264467 
601 398 7 9 0.026434857 
0 660 8 15 0.026427163 
489 542 7 10 0.026425203 
544 681 23 28 0.026421629 
889 334 9 11 0.026413783 
535 503 8 10 0.02639322 
312 598 8 11 0.02639091 
568 366 7 9 0.026389593 
23 390 8 10 0.02638782 
42 679 13 17 0.02638499 
547 616 19 23 0.02636649 
369 584 9 10 0.026354441 
432 456 7 9 0.026353322 
87 464 7 10 0.02633877 
566 595 9 13 0.02633581 
488 593 8 11 0.026321774 
951 582 12 14 0.02631845 
342 429 7 9 0.026307896 
160 503 7 9 0.02628878 
638 628 10 13 0.026288 
768 439 7 8 0.02628186 
864 457 8 9 0.026253767 
860 618 12 15 0.02625214 
1014 525 9 14 0.026248666 
780 644 12 15 0.026227199 
737 478 7 10 0.026203934 
630 376 8 10 0.02618801 
775 486 7 9 0.026177527 
105 574 8 11 0.026159469 
248 494 8 10 0.026135065 
287 635 10 12 0.026071163 
1004 584 19 23 0.02606254 
366 472 8 9 0.026047213 
703 542 8 11 0.026035191 
963 647 20 28 0.026027061 
634 440 7 9 0.026026418 
713 445 8 11 0.026018852 
796 374 9 10 0.026007341 
520 477 6 9 0.0259985 
898 463 7 8 0.025996521 
766 585 9 11 0.025992192 
168 360 7 9 0.025987957 
834 730 23 32 0.025986325 
686 628 10 12 0.025983457 
309 650 13 15 0.025973318 
801 492 7 10 0.02596699 
795 641 13 17 0.025942061 
471 455 7 9 0.025909627 
485 573 8 11 0.025898615 
864 440 6 9 0.025896087 
261 680 15 20 0.025886549 
48 486 7 10 0.025871905 
238 631 13 16 0.02585531 
872 343 7 9 0.025852574 
314 519 8 10 0.02584771 
673 556 8 11 0.025831157 
840 454 7 9 0.025808629 
865 582 10 13 0.025774494 
537 485 7 10 0.025751326 
447 345 6 8 0.025732258 
192 463 8 10 0.025705962 
439 462 8 9 0.025693173 
446 526 8 10 0.025686683 
533 705 40 52 0.02567128 
241 369 8 9 0.025670405 
553 461 7 9 0.025664942 
952 479 8 9 0.025655696 
623 472 7 9 0.025653811 
95 480 7 9 0.025642266 
825 336 8 10 0.025638903 
617 431 7 9 0.025637977 
728 376 7 8 0.025635716 
522 461 7 10 0.025615903 
732 654 11 14 0.025612164 
785 454 6 8 0.02560771 
575 390 7 9 0.025605813 
622 567 9 11 0.025603823 
338 601 17 21 0.025602812 
896 429 7 9 0.0255972 
433 535 8 9 0.025597192 
657 688 21 28 0.025590349 
671 488 7 9 0.02556722 
419 417 6 8 0.02555506 
877 676 14 18 0.025545241 
558 487 7 9 0.025511956 
663 591 9 11 0.025509384 
663 597 9 12 0.025507156 
302 566 8 10 0.025506312 
240 502 7 10 0.02549911 
376 488 7 9 0.025492819 
519 614 10 12 0.0254774 
665 449 7 9 0.025475303 
407 535 8 10 0.025472261 
392 398 7 9 0.025468053 
544 423 7 9 0.025456015 
630 684 13 17 0.02545093 
808 406 7 9 0.025443826 
667 666 21 24 0.025424888 
709 544 9 11 0.025406715 
759 311 10 12 0.02539573 
178 695 13 18 0.025379041 
55 503 7 9 0.025361568 
127 533 7 10 0.025356313 
169 519 8 10 0.02533959 
360 527 7 10 0.025311153 
46 621 12 14 0.025303952 
79 358 8 10 0.025261305 
81 383 7 10 0.025231287 
771 629 8 12 0.025227726 
903 593 11 15 0.025203854 
90 714 17 19 0.02519536 
737 345 8 10 0.0251909 
581 548 9 12 0.025187401 
191 639 9 13 0.025186568 
102 338 9 10 0.025186364 
289 582 9 11 0.02518418 
928 415 7 8 0.025183063 
948 589 14 15 0.025163636 
314 535 7 10 0.025157439 
856 504 7 9 0.025147239 
144 559 8 11 0.025138365 
950 516 9 12 0.02513074 
585 496 8 10 0.025118327 
386 527 7 10 0.025118135 
136 312 7 10 0.025116937 
417 421 8 10 0.025105609 
430 643 11 14 0.025094688 
847 574 9 11 0.02508521 
184 382 7 8 0.025058957 
206 670 12 15 0.025058525 
929 516 9 11 0.025049968 
760 559 9 11 0.02504574 
180 714 21 26 0.025042513 
105 383 7 9 0.025006274 
344 366 7 8 0.024995824 
350 559 8 10 0.024994243 
112 438 8 10 0.024987724 
489 559 8 9 0.024987081 
375 419 8 10 0.024977798 
209 351 7 10 0.024972707 
637 613 9 11 0.024972687 
544 465 7 8 0.024968853 
193 455 7 9 0.024964644 
566 361 7 9 0.024921162 
335 684 13 16 0.024920015 
32 510 8 11 0.02489514 
521 360 7 9 0.024881922 
353 601 8 10 0.024857078 
607 382 7 9 0.024855249 
81 529 7 9 0.024844179 
305 397 7 9 0.024830712 
234 667 14 18 0.024830325 
519 495 7 9 0.024826856 
510 534 9 10 0.024801653 
953 511 8 11 0.02480028 
405 706 15 20 0.02479912 
151 518 8 9 0.024795791 
882 439 7 9 0.024795571 
488 550 8 10 0.024784748 
832 543 7 10 0.02478379 
-1 666 9 17 0.024777291 
513 377 7 8 0.024772752 
319 366 7 9 0.024754595 
808 712 18 22 0.024746543 
761 488 7 9 0.024740914 
630 381 9 11 0.024739927 
184 525 8 11 0.024728227 
944 524 9 11 0.024720507 
669 628 10 14 0.024718294 
536 57 7 9 0.024717206 
778 635 13 15 0.02471137 
854 400 8 10 0.024710484 
254 453 8 10 0.024702486 
801 455 7 9 0.024702184 
490 612 9 12 0.024690902 
893 579 12 14 0.024690432 
605 654 11 15 0.024685927 
256 495 8 10 0.024684064 
144 380 8 10 0.024647592 
217 611 10 13 0.024646167 
657 468 8 10 0.024628028 
608 526 8 11 0.024615457 
518 509 7 9 0.024614045 
1007 557 10 13 0.024614045 
526 446 8 10 0.024597954 
880 534 9 11 0.024593286 
642 658 19 25 0.02458417 
800 543 8 10 0.024569592 
576 447 7 8 0.024563579 
598 568 8 11 0.024556931 
879 699 24 28 0.024543095 
62 415 7 9 0.024533745 
210 369 7 8 0.024511965 
230 584 10 12 0.02450268 
279 605 8 11 0.024473608 
491 691 22 30 0.024449667 
504 527 7 9 0.024448616 
134 643 12 16 0.024442041 
217 527 8 10 0.024441594 
327 461 8 10 0.024439093 
690 512 7 9 0.024436219 
502 100 8 11 0.024422342 
536 369 6 8 0.024412708 
98 455 7 9 0.024401508 
729 599 9 12 0.024399929 
729 319 9 12 0.02439666 
279 502 8 10 0.024380885 
418 464 6 9 0.024380418 
696 596 9 12 0.024374954 
827 456 7 9 0.024358794 
545 453 7 9 0.024356967 
230 510 10 12 0.024355128 
893 325 8 11 0.02434883 
742 606 10 14 0.024340697 
135 623 10 12 0.02433559 
433 462 7 10 0.024332749 
383 495 8 10 0.024329094 
601 375 6 9 0.024313953 
641 518 8 10 0.02430969 
367 433 7 9 0.024294656 
226 407 7 9 0.02428726 
510 597 10 13 0.024281802 
18 708 14 18 0.024275512 
794 582 8 10 0.024234438 
40 389 7 10 0.02423203 
481 465 7 9 0.024229974 
767 549 8 10 0.024212742 
138 696 16 19 0.0241993 
629 550 8 10 0.02416264 
313 661 19 25 0.024135016 
898 447 7 9 0.024125123 
934 524 9 12 0.024122916 
265 493 8 11 0.02412045 
452 622 11 12 0.024118058 
167 600 9 12 0.02410751 
607 414 8 10 0.024085991 
336 391 7 8 0.024076354 
441 455 7 10 0.024075508 
742 433 7 8 0.024068832 
84 635 10 14 0.024068246 
957 509 9 12 0.024063475 
981 275 16 19 0.024055792 
807 548 9 10 0.024047732 
624 504 7 9 0.024047349 
40 526 9 10 0.024030747 
529 369 6 8 0.024029503 
31 504 8 9 0.024018932 
741 596 10 12 0.023995701 
669 682 15 18 0.023974137 
146 688 14 19 0.023971701 
249 472 7 10 0.023964798 
514 509 7 9 0.02396422 
18 535 8 9 0.023957899 
129 512 8 11 0.023948276 
303 527 7 9 0.023927275 
120 391 7 9 0.023927117 
254 587 19 23 0.023923978 
135 581 9 11 0.023923188 
586 400 7 9 0.023911567 
302 606 9 12 0.023906799 
978 653 19 24 0.023903744 
66 519 7 9 0.023888001 
801 533 8 10 0.02388709 
606 658 19 26 0.023866966 
96 359 7 9 0.02386518 
464 543 7 10 0.023853535 
143 502 7 10 0.023841774 
551 518 8 10 0.023841571 
368 420 8 10 0.023837307 
905 541 8 11 0.023824437 
570 391 6 9 0.023811867 
196 690 12 16 0.023805017 
489 468 7 10 0.023776969 
23 456 7 9 0.023765853 
762 423 7 10 0.02375182 
9 534 7 10 0.023741782 
912 367 7 9 0.023739249 
423 646 11 14 0.023735631 
395 705 15 20 0.023731442 
942 448 8 10 0.02371445 
703 349 10 13 0.023711782 
823 503 8 11 0.023708643 
341 686 14 18 0.023686714 
97 472 7 8 0.023665365 
416 560 7 8 0.02364683 
709 568 9 12 0.023641067 
545 574 9 11 0.023639757 
778 713 24 33 0.023639346 
1000 676 11 15 0.023636352 
88 405 8 10 0.023629408 
366 359 6 9 0.023606107 
459 590 8 10 0.02360433 
2 448 8 10 0.023594785 
904 389 7 10 0.0235872 
73 402 7 9 0.023566805 
417 454 7 10 0.023541635 
510 120 11 13 0.023483044 
325 710 25 30 0.023480494 
918 584 12 16 0.023478666 
276 613 11 12 0.023478227 
821 628 11 14 0.023475647 
242 565 9 12 0.023464266 
313 526 7 10 0.023455607 
154 494 8 10 0.02345497 
0 244 9 13 0.02344953 
774 455 7 9 0.023445925 
119 477 8 10 0.02343232 
923 587 13 15 0.02342446 
228 713 13 19 0.02341731 
960 446 8 10 0.02340768 
370 685 20 27 0.023400519 
688 526 7 9 0.023383833 
95 573 9 10 0.02336787 
167 542 9 12 0.023365749 
599 653 11 14 0.023362748 
319 424 7 8 0.023361 
814 618 12 15 0.02334837 
637 587 10 13 0.023330119 
367 462 8 9 0.023325948 
887 464 7 9 0.023316497 
124 631 19 24 0.023296837 
895 318 9 12 0.023290632 
169 416 7 9 0.023284778 
921 447 8 9 0.023264606 
968 614 20 28 0.023260139 
161 344 6 9 0.023258792 
344 361 7 9 0.023254702 
1012 680 12 18 0.023236316 
574 636 11 13 0.023235135 
214 707 12 17 0.023233792 
718 597 9 12 0.023229724 
111 621 9 11 0.02322003 
782 359 8 10 0.023207698 
514 359 6 8 0.023200395 
561 440 6 9 0.023198115 
654 325 8 12 0.02318165 
343 442 8 10 0.023178607 
550 400 7 9 0.023177376 
438 695 26 30 0.023168 
288 528 7 9 0.023164457 
769 621 9 12 0.023163412 
736 560 8 9 0.023161832 
791 536 7 10 0.02313874 
400 585 7 10 0.023135887 
608 565 9 11 0.023134232 
657 598 8 10 0.023104493 
378 479 7 9 0.023081923 
393 454 7 10 0.023066238 
694 495 7 10 0.023038413 
399 463 8 10 0.023036834 
80 432 7 10 0.023028761 
544 382 7 9 0.023018511 
519 397 8 9 0.023001721 
390 416 7 9 0.022987885 
686 676 15 19 0.022984212 
946 472 7 9 0.022983415 
352 378 6 7 0.022981973 
830 518 7 10 0.022979887 
73 535 7 10 0.022967406 
365 545 10 12 0.022961948 
129 312 7 10 0.022955904 
56 596 8 11 0.022947544 
300 691 18 24 0.022941278 
474 400 7 9 0.02291735 
600 550 8 11 0.022900017 
921 431 8 10 0.022895675 
586 368 6 8 0.022892773 
825 423 8 10 0.022891024 
999 534 19 25 0.022881992 
825 495 7 9 0.022865867 
825 551 7 10 0.022862118 
895 494 8 10 0.02286112 
641 696 18 22 0.02286042 
759 619 9 12 0.022855667 
710 391 9 11 0.022822183 
358 455 8 10 0.022798473 
976 416 7 9 0.022787873 
823 617 220 234 0.02278355 
412 682 14 18 0.022768565 
778 433 7 9 0.022756608 
97 600 8 11 0.022747997 
459 393 7 8 0.02274406 
806 567 7 11 0.022741877 
817 319 9 12 0.022740912 
928 559 9 12 0.022724228 
499 454 6 9 0.022715546 
719 454 7 9 0.02270265 
56 519 7 9 0.022702364 
409 658 14 18 0.022697488 
958 501 9 10 0.022681184 
761 565 9 11 0.022677265 
574 592 8 11 0.02266457 
104 399 7 9 0.022662846 
513 497 7 9 0.022658426 
776 367 7 8 0.02263383 
940 649 15 21 0.022623183 
135 731 22 28 0.022617685 
879 511 8 10 0.02261247 
294 559 9 10 0.022605073 
760 598 10 11 0.022593686 
207 392 7 9 0.022579676 
479 635 11 13 0.022574361 
72 527 8 9 0.022569202 
386 519 8 10 0.022562176 
825 398 7 10 0.022559447 
881 656 20 25 0.022544885 
352 512 7 9 0.022541448 
337 378 7 8 0.022521585 
761 521 8 10 0.022519898 
577 432 6 8 0.022501739 
430 652 10 14 0.02247123 
177 336 7 9 0.022468226 
136 465 7 9 0.022466173 
832 606 19 24 0.022465115 
801 518 8 10 0.022451285 
39 457 7 9 0.02243096 
655 554 18 23 0.02242964 
854 534 8 10 0.022411557 
896 517 8 10 0.02238318 
591 526 8 11 0.022373322 
297 541 8 11 0.022356166 
802 511 7 10 0.022355268 
696 478 7 10 0.0223363 
383 615 19 22 0.022327693 
313 543 7 9 0.022327483 
559 365 8 10 0.022325614 
873 715 19 21 0.022285352 
278 367 7 9 0.022256961 
645 651 14 18 0.022256188 
560 646 11 15 0.022250678 
104 360 7 9 0.022226103 
529 439 7 9 0.022219399 
185 343 7 9 0.022218917 
289 502 8 9 0.022216123 
601 489 7 10 0.02221073 
813 630 13 15 0.022209294 
831 512 7 9 0.022201056 
497 551 8 11 0.022196881 
497 566 7 9 0.022191854 
664 518 7 9 0.02218987 
617 646 11 14 0.022153301 
663 469 8 10 0.022144396 
751 311 10 12 0.02213443 
136 535 8 10 0.022123603 
999 555 10 12 0.022122387 
255 384 7 9 0.0221207 
55 556 9 12 0.02211555 
721 608 20 25 0.02210432 
295 375 6 8 0.022102846 
16 482 8 10 0.022098359 
696 469 7 10 0.022077702 
319 477 8 10 0.022070907 
607 638 9 11 0.022069467 
58 415 8 10 0.022065377 
537 407 7 9 0.02206476 
24 719 22 28 0.022061795 
758 532 8 10 0.022056662 
424 455 7 9 0.02205522 
312 558 8 10 0.022051768 
251 629 10 13 0.022043725 
958 593 19 23 0.022034157 
162 566 9 11 0.022032779 
797 365 8 10 0.022017907 
55 632 19 23 0.02201274 
441 336 7 9 0.022008268 
102 534 9 11 0.0220013 
898 702 15 20 0.021996174 
1012 642 12 17 0.021974033 
413 653 13 17 0.02196685 
959 590 13 15 0.021961767 
104 368 7 10 0.021958955 
1004 562 19 25 0.021945186 
288 511 8 10 0.021935312 
881 503 8 10 0.021911073 
837 573 9 12 0.02190938 
800 399 7 10 0.021905903 
176 504 7 10 0.02189919 
130 501 8 10 0.021897374 
423 668 12 17 0.021882394 
850 351 8 10 0.021861313 
536 391 8 9 0.021819545 
889 495 8 10 0.021816669 
208 357 8 9 0.021809062 
1013 517 10 15 0.021806628 
822 668 14 21 0.021804553 
290 376 7 8 0.021786394 
762 670 21 29 0.021772005 
880 383 7 9 0.02176711 
786 415 7 8 0.021762846 
46 327 8 10 0.021757644 
464 605 9 10 0.0217557 
896 535 8 11 0.021749971 
438 399 8 9 0.021745129 
478 686 22 29 0.021738548 
737 455 7 9 0.021734735 
309 617 222 232 0.021726083 
448 350 7 9 0.021722436 
606 616 8 12 0.021721644 
967 471 9 12 0.0217196 
866 359 7 9 0.021710824 
557 658 14 19 0.021703793 
741 350 8 11 0.021700567 
112 462 7 10 0.021699822 
451 683 20 27 0.021680575 
161 361 7 9 0.02165041 
755 374 7 9 0.021647375 
520 561 7 9 0.021646298 
591 487 7 8 0.021645758 
911 408 7 9 0.021641748 
903 614 11 14 0.021638442 
71 590 9 11 0.021637065 
752 629 10 12 0.02162661 
204 642 13 17 0.02162392 
330 361 7 8 0.021623556 
13 446 8 11 0.021620087 
80 377 8 9 0.021618765 
57 543 8 10 0.021618016 
545 448 7 10 0.021603819 
111 369 8 9 0.02159357 
198 376 7 10 0.021585664 
146 437 7 10 0.021576528 
63 591 8 11 0.021573907 
948 621 12 14 0.021562183 
505 503 7 9 0.02155984 
431 478 7 9 0.021558797 
156 713 18 21 0.021553 
112 310 7 9 0.021545103 
915 574 18 23 0.021543449 
665 480 7 8 0.021541966 
672 656 21 25 0.021539373 
702 479 8 10 0.021523405 
357 644 12 14 0.021523396 
488 568 6 8 0.021497332 
685 660 13 16 0.021495787 
1009 524 10 14 0.021492723 
98 343 8 9 0.021491269 
720 465 7 9 0.021486215 
601 413 7 10 0.02147183 
524 704 18 24 0.021464355 
990 398 7 9 0.021455444 
33 455 8 9 0.021451667 
232 454 7 9 0.021430708 
790 431 7 10 0.021430546 
207 408 7 9 0.021423763 
720 366 8 9 0.02140655 
264 502 8 12 0.021398254 
1006 497 17 22 0.021398125 
398 647 11 14 0.021389408 
97 494 8 10 0.02137704 
480 446 7 10 0.021376375 
633 669 12 16 0.021368254 
719 519 7 9 0.021340733 
222 535 8 11 0.021339925 
638 679 22 27 0.021316146 
409 613 9 11 0.021285066 
604 645 10 13 0.02127945 
560 462 7 9 0.021274792 
967 572 9 11 0.02127098 
569 502 7 10 0.02126916 
35 693 17 19 0.021268245 
825 559 8 9 0.021256564 
730 495 8 10 0.021253854 
230 638 20 24 0.021253085 
464 373 8 10 0.021251852 
742 581 9 11 0.02123043 
465 551 7 9 0.021216689 
15 405 8 11 0.021207694 
229 620 11 13 0.021200197 
468 616 18 23 0.02119824 
957 627 14 16 0.021196354 
869 697 17 20 0.021183357 
199 352 8 9 0.021179568 
985 659 20 26 0.021159828 
207 555 9 11 0.021148888 
304 559 8 11 0.02114526 
273 558 8 10 0.021135073 
262 709 13 19 0.02113398 
287 462 8 9 0.021131374 
869 681 15 20 0.02112502 
649 621 8 10 0.021124866 
454 479 8 11 0.021094933 
120 544 8 9 0.021087706 
489 488 8 10 0.021067394 
674 439 7 8 0.021031925 
417 400 7 9 0.021019964 
318 526 8 10 0.02101783 
58 383 7 9 0.021000415 
748 606 17 21 0.020993209 
848 464 7 10 0.02098016 
817 375 8 10 0.020976257 
699 708 22 30 0.02095504 
25 549 9 12 0.020953996 
423 384 7 9 0.020949418 
280 384 8 9 0.020923737 
105 392 7 9 0.02089335 
607 533 8 10 0.020885158 
936 462 7 8 0.020863803 
491 670 78 96 0.020858537 
687 689 26 32 0.020858191 
639 424 8 10 0.020844316 
910 557 9 11 0.020818576 
897 391 7 9 0.020818073 
630 623 10 12 0.02081115 
332 682 21 27 0.020797506 
520 414 8 9 0.020796413 
970 441 7 9 0.020776067 
190 494 8 10 0.020761583 
402 407 7 9 0.020752992 
401 449 6 8 0.020741329 
542 504 8 11 0.020721529 
358 701 20 25 0.020714952 
896 485 8 10 0.020713923 
664 711 18 25 0.020711137 
865 423 7 9 0.02070911 
648 382 7 10 0.020703515 
31 379 9 12 0.020696156 
600 351 7 8 0.020691097 
584 566 8 10 0.020667922 
502 633 20 24 0.020664308 
248 528 8 10 0.020655734 
262 368 7 10 0.02065168 
91 503 7 9 0.02064121 
721 590 8 11 0.02062435 
79 351 8 10 0.02060614 
600 472 6 9 0.020602291 
529 496 7 10 0.020597996 
46 606 10 12 0.020590225 
136 351 7 9 0.02057105 
208 533 9 11 0.020556927 
776 565 9 11 0.020556072 
18 469 7 10 0.020546583 
710 550 8 11 0.020534387 
200 503 8 9 0.02052225 
976 583 9 11 0.020514581 
563 542 7 10 0.02051413 
688 574 9 11 0.02050334 
776 350 8 10 0.02049622 
202 383 7 9 0.02049543 
574 582 8 12 0.020483613 
958 618 15 18 0.020475987 
728 518 6 9 0.020458315 
385 415 7 9 0.020457186 
798 734 17 24 0.020447277 
696 526 7 10 0.02041422 
497 358 7 9 0.020409513 
798 328 8 9 0.020409115 
480 496 8 9 0.020406093 
107 648 13 16 0.020401532 
397 614 10 12 0.020401025 
330 366 7 8 0.020398404 
812 728 25 30 0.020384993 
470 471 8 9 0.02038236 
246 578 18 23 0.020360272 
576 480 8 9 0.020351933 
561 554 7 9 0.020350123 
280 527 8 10 0.020348663 
633 560 8 11 0.020348627 
850 342 9 11 0.020343145 
823 532 9 10 0.020340063 
79 400 7 9 0.020330567 
677 303 9 11 0.020320753 
472 697 22 29 0.020317005 
206 599 10 12 0.020315232 
840 542 7 10 0.02031298 
966 462 9 11 0.020303309 
98 434 7 9 0.020295465 
416 390 7 9 0.020291775 
638 623 9 11 0.02028994 
46 612 11 14 0.020282708 
149 659 13 16 0.020276846 
568 449 6 8 0.02027039 
160 519 7 9 0.02026976 
291 623 19 22 0.020268757 
88 423 8 10 0.020261005 
0 589 8 12 0.020257644 
218 416 8 9 0.020249642 
40 424 7 9 0.020245945 
647 583 7 10 0.020242034 
200 357 7 9 0.020238174 
708 621 10 13 0.020216051 
378 435 7 8 0.020210689 
942 563 10 12 0.02020565 
646 641 20 26 0.02017636 
118 343 7 9 0.020175776 
717 446 8 10 0.020165421 
403 417 7 10 0.02014502 
888 456 7 9 0.020144742 
917 463 8 10 0.020143136 
641 526 8 10 0.020112338 
774 533 7 10 0.020109754 
44 696 14 17 0.020105692 
406 415 8 10 0.020098666 
87 351 9 10 0.02009479 
825 416 7 9 0.020090887 
287 615 10 12 0.020088537 
800 612 10 13 0.02007177 
768 464 7 8 0.020069622 
120 488 7 9 0.020049142 
967 646 11 16 0.020044507 
1004 599 18 25 0.020034125 
744 464 7 8 0.020029329 
353 517 7 10 0.020027027 
639 535 7 10 0.02002567 
376 350 7 9 0.020012839 
969 519 8 11 0.020011015 
