10_People_Marching_People_Marching_10_People_Marching_People_Marching_10_524
63
591 173 59 69 0.9954081 
69 132 72 86 0.9948279 
840 134 55 68 0.99085087 
282 212 40 43 0.8975696 
501 246 18 25 0.5117289 
218 250 19 24 0.20511861 
146 185 37 50 0.13681808 
274 224 31 38 0.13483313 
900 146 51 66 0.1147743 
870 134 58 69 0.101629056 
573 192 44 54 0.09860512 
525 142 49 62 0.08636143 
203 185 37 35 0.08326424 
359 224 26 34 0.0800836 
3 141 44 59 0.06337485 
154 196 47 57 0.06077539 
695 253 44 38 0.057784878 
163 159 43 57 0.055354383 
943 121 61 67 0.052522454 
361 286 28 35 0.048751105 
343 201 31 40 0.04206737 
500 77 38 35 0.039897803 
216 121 30 35 0.03956894 
697 215 56 60 0.03711718 
176 150 47 57 0.034805074 
223 244 26 32 0.034629535 
396 230 24 34 0.034542035 
318 307 29 35 0.032213617 
698 99 49 55 0.031204794 
164 194 15 20 0.03076342 
503 108 87 102 0.030580709 
8 169 31 42 0.030174457 
139 45 384 475 0.029326875 
684 234 43 46 0.029282194 
957 81 61 78 0.029023116 
70 90 73 92 0.02812537 
920 133 57 69 0.02808654 
1001 159 23 35 0.027674906 
245 259 45 50 0.02705036 
424 93 99 134 0.026764344 
304 291 33 42 0.0261068 
173 188 44 53 0.025833879 
207 246 26 33 0.025423368 
692 166 87 110 0.024925241 
205 245 47 56 0.024549 
7 138 29 37 0.024423124 
312 279 41 47 0.024328321 
21 213 52 63 0.024277708 
766 70 33 37 0.023996547 
194 172 32 41 0.023735693 
930 100 60 66 0.023233645 
386 105 78 118 0.02295816 
703 118 57 63 0.022359349 
291 352 61 73 0.021302268 
123 156 55 68 0.021036934 
782 282 35 52 0.020990528 
659 217 52 65 0.020936877 
4 221 29 42 0.020869644 
32 167 29 39 0.020639483 
216 172 31 40 0.020631418 
15 182 51 67 0.020554123 
221 123 18 21 0.020166142 
344 139 38 41 0.020134714 
