10_People_Marching_People_Marching_2_591
1644
851 182 28 37 0.9991054 
756 193 27 33 0.9953933 
596 183 22 28 0.9871157 
893 158 45 55 0.98410046 
512 1181 20 27 0.9789397 
507 1121 16 20 0.9771131 
672 192 23 28 0.97139275 
41 174 19 27 0.9683024 
459 184 18 26 0.963255 
528 1274 19 25 0.95032716 
611 1279 19 24 0.93578345 
844 1242 21 29 0.92717457 
213 187 18 22 0.91811377 
426 1219 19 24 0.91765046 
277 188 17 24 0.9108258 
156 186 18 21 0.8990589 
339 1178 12 16 0.8959118 
539 1224 19 24 0.88841575 
87 178 18 23 0.88585573 
361 1139 14 20 0.8737446 
667 1241 15 20 0.85270166 
48 1106 14 19 0.8512421 
693 1268 16 22 0.8482947 
413 1133 15 20 0.8391133 
555 1352 22 26 0.82214 
163 1061 14 19 0.82130766 
323 1138 15 18 0.79884046 
293 1176 13 19 0.78857416 
217 1240 24 32 0.7769 
909 1256 30 37 0.76659834 
148 1126 17 20 0.76349723 
163 1161 15 20 0.75259924 
457 1198 19 25 0.74921805 
416 181 17 23 0.7302169 
621 1227 18 21 0.7251858 
278 1167 15 19 0.7104532 
567 1302 20 26 0.6925279 
772 1267 17 25 0.68963706 
736 1267 15 21 0.6810603 
815 1161 16 20 0.6779209 
645 1281 19 26 0.67517304 
876 1341 16 24 0.6741014 
355 1257 17 22 0.6594518 
573 1252 20 26 0.65746653 
321 1228 22 26 0.6574629 
336 193 16 20 0.6463498 
500 1228 20 29 0.64381766 
818 1076 17 21 0.6425689 
105 1171 17 20 0.64063615 
78 1125 13 16 0.63352364 
464 1315 25 32 0.6234574 
450 1144 14 19 0.60094726 
486 1270 17 24 0.5851818 
248 1221 25 30 0.5736961 
206 1152 16 22 0.56748074 
41 1187 16 22 0.5650282 
371 202 14 20 0.5599332 
73 1155 16 22 0.54587644 
129 1156 16 20 0.5421641 
585 1189 16 21 0.5376766 
697 1326 20 29 0.5320636 
808 1299 19 25 0.5317163 
394 191 14 19 0.50979465 
363 1217 16 22 0.5092323 
243 1171 15 19 0.5055936 
284 1089 15 21 0.5020469 
281 1247 28 34 0.49057811 
420 1267 21 29 0.46726036 
118 1132 16 20 0.46262252 
983 1195 25 33 0.42599547 
179 1137 15 19 0.4249861 
891 1304 20 28 0.4166153 
939 1089 13 17 0.39640248 
913 1133 15 20 0.39383534 
510 215 25 26 0.39103094 
936 1163 15 22 0.38830382 
638 1343 23 28 0.3837245 
355 1211 17 23 0.38308132 
745 1193 16 19 0.38231307 
150 1197 15 21 0.38117522 
307 1153 13 18 0.3623848 
102 1176 22 29 0.3518956 
383 1170 14 17 0.34522542 
658 1122 15 19 0.344837 
570 1191 15 20 0.3376956 
763 1243 17 24 0.33497295 
411 1284 24 30 0.33319435 
609 1365 16 22 0.3248184 
817 1130 16 21 0.32197222 
395 1282 23 30 0.32017255 
985 1084 16 19 0.31191623 
451 1275 16 21 0.31132948 
244 1193 17 22 0.30122492 
878 1084 13 17 0.29075 
252 1131 12 16 0.2828986 
1003 190 21 29 0.28141904 
506 1273 15 22 0.27131766 
718 1116 13 16 0.2612692 
244 1165 13 16 0.25811818 
1003 1318 18 23 0.2551651 
654 1210 14 20 0.250122 
509 1237 21 29 0.25002837 
702 1094 13 18 0.2493027 
219 1187 15 19 0.24798657 
528 200 23 28 0.23024428 
972 1166 18 27 0.22434491 
835 1100 13 18 0.22295141 
50 1207 16 24 0.21333018 
767 1076 12 15 0.21201478 
738 1161 16 21 0.21003708 
860 1063 11 14 0.20844254 
385 244 16 21 0.20769277 
734 1360 22 29 0.20644054 
610 1140 16 19 0.20635633 
572 1125 13 16 0.20475201 
549 503 16 19 0.20095563 
321 1288 19 25 0.20011559 
689 1295 16 21 0.19874531 
965 1106 14 16 0.19652456 
590 1208 17 21 0.1949819 
741 1117 12 14 0.19226132 
475 1160 14 19 0.19149593 
732 1316 15 23 0.19052453 
165 1107 14 19 0.18691413 
183 1074 12 15 0.1834391 
477 1183 19 26 0.18141001 
622 1349 21 27 0.17969827 
262 1132 11 15 0.17556222 
987 1125 17 21 0.17381263 
764 1068 11 14 0.17343044 
568 1240 20 25 0.17260282 
609 653 28 37 0.17044288 
426 1194 17 20 0.16986358 
926 698 10 13 0.16883019 
909 1242 25 32 0.16611664 
284 1168 17 22 0.16400826 
447 653 11 14 0.16326846 
689 1144 16 22 0.15970036 
409 662 17 21 0.15963566 
893 1139 16 19 0.15946224 
200 1212 21 27 0.15880291 
792 1235 12 16 0.15678178 
620 1205 16 21 0.15675667 
636 620 13 17 0.15625678 
708 1270 13 17 0.15194744 
431 1267 20 30 0.15123755 
446 183 22 26 0.1499161 
819 1293 22 29 0.1491652 
81 1208 17 22 0.14766756 
771 1084 13 15 0.1472329 
237 1175 15 21 0.14719586 
924 1074 14 17 0.14692028 
518 206 24 30 0.1464969 
786 1144 15 19 0.14570889 
524 1331 21 29 0.14526981 
934 1048 9 11 0.14355713 
152 1371 25 37 0.1433326 
996 1239 18 24 0.14175327 
879 1295 22 28 0.13977237 
214 1133 13 18 0.13946313 
378 201 16 19 0.13632557 
959 1104 13 16 0.13582115 
538 1106 14 18 0.13538824 
631 1109 12 15 0.13537917 
518 1245 17 23 0.13459337 
604 1101 12 15 0.13356033 
707 1325 21 30 0.13348334 
5 1184 14 23 0.13286266 
287 275 15 16 0.13139974 
661 1320 15 19 0.13119692 
405 1179 13 18 0.13014054 
846 239 23 30 0.12951317 
1011 1121 13 19 0.1294694 
854 1181 20 28 0.12842165 
879 706 11 13 0.12673628 
855 1114 13 16 0.12598164 
495 1225 17 23 0.12596022 
766 1125 13 16 0.12576689 
339 1202 16 19 0.12527388 
1008 1129 13 19 0.12525676 
598 220 15 20 0.12504056 
631 1102 9 12 0.12448846 
685 1100 12 15 0.12272482 
10 573 15 21 0.11988766 
14 1129 14 19 0.11708594 
257 1195 17 19 0.116623566 
351 631 13 14 0.1153086 
711 1123 12 15 0.11496258 
246 1124 13 16 0.11373123 
781 1164 13 18 0.1134708 
645 1204 15 20 0.11325029 
711 1133 12 16 0.11288797 
910 1082 13 20 0.112357825 
122 1102 13 16 0.11116494 
166 1206 22 31 0.11115021 
907 714 13 19 0.110862136 
983 1175 25 32 0.110832654 
966 1169 16 23 0.11071824 
667 680 15 18 0.10972864 
626 696 26 29 0.10886445 
759 1132 12 15 0.108860604 
575 1118 13 15 0.10858006 
788 675 13 16 0.10825578 
609 1353 23 29 0.10801457 
82 1153 15 21 0.10688503 
186 1138 14 18 0.10662467 
249 1209 17 20 0.10564029 
368 198 12 17 0.10535778 
310 659 12 14 0.103108674 
151 1096 14 17 0.10113673 
7 1117 11 13 0.100989185 
670 954 43 58 0.10066336 
106 1116 15 18 0.09901697 
284 98 18 25 0.098941095 
576 564 10 11 0.09809187 
445 1125 12 16 0.09706134 
172 1089 14 17 0.09497906 
633 1320 16 21 0.09437432 
706 1218 16 19 0.09422565 
157 1165 15 21 0.094191924 
121 1126 16 18 0.09381762 
812 1144 16 20 0.09375395 
825 1342 18 24 0.09374562 
87 1089 13 15 0.092957206 
886 1334 22 31 0.09268466 
229 1210 15 19 0.09210038 
967 699 10 12 0.09190789 
712 551 9 12 0.09053894 
557 1140 12 16 0.09046077 
444 1279 17 21 0.090032056 
909 702 9 12 0.08985831 
655 1119 13 15 0.08950808 
316 1104 14 18 0.089000255 
700 1225 14 18 0.08802245 
817 1346 22 28 0.08777014 
53 1156 13 18 0.08756472 
446 164 13 17 0.08744605 
685 1329 22 29 0.08739879 
801 1341 20 27 0.08720901 
4 1128 14 18 0.08698605 
935 1437 24 28 0.08693946 
786 1208 15 18 0.086038485 
944 694 9 13 0.08599039 
717 1154 13 17 0.08572024 
534 1113 14 19 0.08492115 
933 1052 12 16 0.08465277 
174 1073 13 17 0.084036976 
844 1175 21 28 0.083860695 
842 1171 16 21 0.082753755 
796 1107 12 16 0.082323246 
139 1160 15 20 0.08151506 
977 755 17 21 0.08126435 
188 1153 13 17 0.081252635 
1011 1137 12 17 0.08108807 
892 1128 16 20 0.08103631 
624 1100 10 13 0.080936134 
517 1272 20 26 0.08084789 
907 1339 17 19 0.08080783 
875 1284 22 29 0.08044725 
47 563 12 15 0.080424644 
686 1233 13 17 0.08032893 
507 1349 23 32 0.08031878 
333 1183 17 20 0.08000377 
410 378 16 19 0.07986123 
0 1156 8 15 0.07986032 
516 1079 13 17 0.07982413 
522 301 13 16 0.07948752 
950 1299 25 33 0.07948192 
757 1138 14 16 0.07948182 
902 1084 14 19 0.079457566 
737 1083 14 16 0.07945296 
591 494 10 12 0.07878148 
935 1127 15 21 0.07862108 
798 1115 11 15 0.07851201 
944 1306 22 31 0.078020595 
941 1161 21 29 0.07792736 
333 180 15 20 0.07791247 
371 1121 13 15 0.07740066 
667 1130 15 20 0.077364065 
892 1191 16 23 0.07732549 
830 1204 15 22 0.07710738 
774 1166 13 17 0.077009805 
88 550 9 11 0.076933876 
993 1120 17 23 0.07640407 
652 650 13 15 0.076379314 
467 1185 20 26 0.07618859 
702 607 8 10 0.07591111 
903 1047 10 12 0.07553596 
247 1118 12 15 0.07512538 
387 1208 18 22 0.07491412 
868 1185 13 20 0.07479356 
156 1204 21 29 0.074553505 
932 1137 14 19 0.07435074 
772 1114 12 14 0.07425005 
174 1144 15 19 0.07421209 
433 1168 17 22 0.074116595 
487 1215 19 27 0.073755264 
684 1123 12 15 0.07365939 
627 1207 16 20 0.07364899 
582 1248 20 27 0.0734192 
49 541 8 11 0.07300853 
883 1331 16 25 0.07287674 
928 1053 11 14 0.0724484 
306 1209 16 17 0.07214788 
682 607 9 11 0.071871005 
277 1193 14 19 0.07186542 
633 1201 22 26 0.071861595 
170 1158 15 19 0.07150967 
678 1117 12 15 0.07143766 
395 131 12 16 0.07128233 
925 733 13 17 0.07122561 
859 1270 17 24 0.071113415 
437 1288 15 20 0.07103924 
662 634 12 14 0.07091113 
472 1125 12 15 0.07084526 
567 1131 13 16 0.07073723 
939 1205 15 20 0.070301436 
150 1167 14 19 0.07009551 
69 1101 13 16 0.06990696 
664 1297 17 22 0.0696754 
665 1313 18 23 0.06943938 
771 687 13 15 0.069197774 
93 1118 15 19 0.06914788 
398 575 9 11 0.06882905 
171 1100 13 17 0.06829877 
1005 27 18 24 0.06797005 
909 1351 16 21 0.06796779 
101 1139 14 17 0.06783996 
981 188 30 35 0.06736363 
787 682 13 16 0.067253724 
639 614 11 14 0.06725263 
589 1181 13 18 0.0668808 
905 1106 12 16 0.06676207 
767 1378 17 21 0.06648322 
459 1242 17 21 0.066454604 
960 699 11 12 0.066228434 
736 1107 12 15 0.0662135 
717 525 8 10 0.06620344 
341 1254 25 29 0.066150926 
428 1286 24 32 0.06608526 
438 1341 23 32 0.06606432 
459 1187 17 20 0.06595304 
219 1229 26 30 0.065914914 
694 1093 12 18 0.06565197 
688 684 12 15 0.06560855 
693 1195 14 17 0.06546751 
550 1145 12 17 0.06543418 
57 1208 15 20 0.06474571 
178 1234 16 20 0.064543754 
815 1070 14 17 0.06425752 
883 1077 11 16 0.06419141 
994 1225 26 35 0.06374885 
899 1240 22 29 0.06369539 
91 1153 14 19 0.06353633 
875 1098 14 18 0.06351293 
674 1333 22 30 0.0634448 
736 1122 13 16 0.06337451 
654 1289 20 28 0.06329532 
699 503 8 10 0.06306932 
755 1235 19 27 0.062830396 
692 1226 14 19 0.06281058 
585 648 26 33 0.0627962 
733 1100 14 16 0.06277928 
188 1084 13 19 0.06251397 
45 1199 17 23 0.062228795 
837 1233 24 30 0.061934803 
703 623 8 11 0.06191579 
111 1130 15 19 0.06190518 
996 38 24 34 0.061678097 
278 1117 11 14 0.061176006 
759 1116 12 14 0.06110493 
51 1194 14 21 0.0609475 
138 181 27 31 0.06084932 
229 1091 11 16 0.06057648 
481 1196 20 26 0.0605394 
601 1106 10 13 0.06049219 
846 691 11 13 0.060232926 
717 520 8 11 0.05984319 
941 1052 11 16 0.05943179 
702 575 8 10 0.059279192 
765 1116 12 15 0.059056118 
832 717 11 14 0.05883319 
300 158 42 51 0.058790777 
346 1204 20 26 0.05869664 
316 1173 13 16 0.058660094 
387 199 17 21 0.058637757 
782 1132 12 15 0.058571182 
299 1158 16 21 0.05847967 
539 1194 17 20 0.05842232 
629 1127 13 18 0.058411885 
361 1250 17 23 0.058322053 
237 1197 21 25 0.058155984 
789 1339 16 19 0.058000255 
896 1123 15 17 0.057799537 
93 1090 12 15 0.057742637 
797 663 17 21 0.05766825 
251 1165 13 15 0.057359334 
285 1101 13 18 0.057136033 
589 1101 10 13 0.05674451 
670 1106 12 15 0.056650274 
169 1065 15 20 0.056463823 
383 1183 14 19 0.05638145 
454 1311 25 32 0.056364212 
612 1154 15 18 0.05617737 
713 592 9 11 0.05606493 
325 1247 14 19 0.055988025 
576 1160 21 27 0.05590699 
800 1304 17 21 0.055888575 
709 1314 15 22 0.055739183 
438 164 13 17 0.05571348 
811 1336 21 30 0.055650357 
695 549 7 10 0.05543429 
872 1090 12 15 0.05504833 
688 629 10 13 0.054944433 
260 1165 13 15 0.054898236 
871 715 11 14 0.05485184 
206 1218 22 28 0.054791432 
597 1124 13 16 0.054689508 
443 178 17 22 0.054525312 
868 1278 21 28 0.05450899 
595 1144 14 19 0.054411653 
962 1145 14 17 0.054331686 
959 1288 25 36 0.054286715 
376 654 10 13 0.05420868 
773 1316 20 28 0.054107234 
782 1218 15 18 0.054009974 
694 1187 15 18 0.053959347 
304 660 11 15 0.053816322 
118 585 14 18 0.053751107 
210 1082 16 18 0.05371979 
270 1267 27 38 0.053714655 
874 1227 17 24 0.053625774 
900 1297 23 30 0.053583276 
632 623 11 14 0.05352056 
585 1099 10 12 0.0534548 
63 1153 20 25 0.053254124 
686 679 11 13 0.053203385 
960 1241 26 32 0.05311372 
861 1122 15 18 0.05309397 
631 599 11 13 0.05307716 
188 1208 21 28 0.052998476 
270 1109 12 15 0.052938916 
918 1076 14 17 0.052907627 
741 1077 12 16 0.052889116 
571 1349 23 31 0.05283058 
1 1192 11 18 0.052805368 
963 1130 15 19 0.05233531 
622 0 11 11 0.052255478 
382 605 11 14 0.05212626 
262 1082 13 17 0.051967535 
997 100 27 33 0.051893264 
735 1078 12 14 0.051846102 
737 1090 15 17 0.05181067 
180 1087 15 19 0.051784653 
566 1251 16 21 0.05171442 
699 1260 14 18 0.051704645 
190 1180 14 16 0.051669672 
758 210 27 37 0.05161291 
321 1101 14 16 0.051349793 
394 582 9 10 0.05126496 
597 1257 16 20 0.051125675 
897 1336 24 30 0.05107155 
203 1235 16 19 0.05097887 
411 1188 14 19 0.05078229 
213 597 10 11 0.050672762 
982 1076 13 15 0.050672244 
811 1255 15 20 0.050625615 
720 566 9 12 0.050526887 
766 1251 21 27 0.050509963 
734 1357 14 21 0.050432496 
206 1139 15 18 0.050422933 
795 1338 18 23 0.05040535 
541 1123 11 15 0.050337236 
197 1137 14 19 0.05031177 
949 1077 11 14 0.05023383 
532 1184 13 19 0.050096247 
319 1143 14 19 0.04989812 
602 579 22 30 0.049893644 
736 1185 22 27 0.049864344 
267 1195 14 19 0.04982835 
418 660 14 17 0.049730662 
555 1230 20 26 0.04972562 
883 1314 24 32 0.04971909 
484 499 12 14 0.049657565 
900 1312 25 30 0.049594507 
630 1350 25 30 0.049501147 
587 1199 18 23 0.049443197 
351 607 9 11 0.0493765 
411 267 15 19 0.04934222 
818 1191 16 20 0.04925416 
573 1136 15 16 0.04920866 
556 1109 10 13 0.04918508 
876 1152 12 18 0.04906672 
677 1101 14 16 0.04899757 
533 1121 12 16 0.048981722 
714 1312 20 26 0.048803847 
603 1264 21 27 0.04863545 
758 1268 11 16 0.04859008 
222 1254 26 35 0.048256733 
320 177 24 32 0.048232373 
976 1062 11 14 0.048221834 
497 1268 19 25 0.0482197 
678 1258 13 17 0.04821899 
862 1055 11 12 0.048218045 
548 1188 13 16 0.047998536 
398 1225 15 21 0.04790097 
765 689 14 17 0.047896374 
672 988 13 15 0.047851883 
538 1208 21 28 0.047844607 
397 1275 16 22 0.047834948 
538 195 19 24 0.047697876 
782 1154 14 18 0.04767054 
735 1156 13 17 0.04762835 
898 1131 15 20 0.04761582 
99 1167 40 49 0.047606703 
733 1166 14 20 0.047572248 
747 1124 12 16 0.047505073 
671 1092 11 13 0.04747658 
737 1199 22 27 0.047416907 
441 1266 22 28 0.047328323 
308 181 25 33 0.047319956 
224 1060 13 16 0.047260974 
240 597 9 11 0.04717863 
450 170 15 18 0.04713066 
173 1200 21 30 0.047100224 
720 1233 12 15 0.047001675 
631 1096 9 11 0.04700039 
426 1261 16 23 0.046902884 
457 1144 14 20 0.04675351 
697 1178 16 19 0.04664157 
541 1260 15 19 0.04662428 
981 1067 12 15 0.04651679 
725 1177 12 18 0.0462647 
726 1193 14 19 0.04625339 
620 1314 17 21 0.046171915 
622 1107 14 16 0.046168055 
290 1241 26 31 0.04612883 
97 181 16 21 0.046113294 
701 1204 15 18 0.046101503 
981 1108 13 16 0.046088755 
468 1307 17 24 0.04605692 
596 1130 13 17 0.046014436 
264 509 8 9 0.046013743 
709 1160 12 17 0.045952182 
972 1104 13 17 0.045839988 
245 1133 14 19 0.045808215 
438 187 15 20 0.045738235 
991 695 9 11 0.045510933 
330 1252 25 29 0.045473073 
302 526 8 10 0.045460984 
753 1194 13 17 0.045440212 
911 1126 14 17 0.045407765 
41 1216 24 34 0.045374334 
562 574 9 11 0.045364723 
380 186 15 20 0.045234688 
864 1342 22 27 0.045143556 
297 1171 15 20 0.045091983 
744 631 10 12 0.045090474 
774 1328 15 21 0.044977296 
593 1187 15 20 0.044973835 
634 1324 22 28 0.04489861 
397 1162 13 16 0.044852864 
734 1345 26 33 0.044829648 
405 669 14 18 0.04480613 
121 1141 20 24 0.044792507 
983 695 10 11 0.04457145 
127 1161 21 26 0.044555623 
281 1235 24 30 0.044416573 
594 1352 24 31 0.044412863 
653 1109 11 14 0.04431919 
748 1232 16 21 0.044253312 
107 1085 12 15 0.04412333 
698 605 9 11 0.044062447 
30 169 20 29 0.0439805 
825 182 21 30 0.043909546 
649 503 8 11 0.043904655 
726 652 10 11 0.043877155 
979 1211 17 22 0.04380887 
1008 1074 11 15 0.043686558 
859 1207 14 20 0.043585133 
729 1321 23 29 0.0435484 
727 540 9 11 0.043543275 
1012 1214 13 21 0.043380924 
245 630 9 12 0.043313984 
727 1070 9 13 0.043254636 
735 564 10 12 0.043251447 
382 238 15 18 0.043210164 
58 1272 58 67 0.042979926 
579 1131 13 18 0.042939834 
725 1152 13 17 0.0429087 
477 1069 10 12 0.0428637 
668 1147 14 16 0.0428152 
37 533 12 14 0.042782012 
142 1193 16 21 0.04274658 
818 1331 23 31 0.042739 
479 1226 14 20 0.04267996 
652 1100 11 14 0.04267877 
550 1108 12 14 0.042667493 
988 1077 13 17 0.042523164 
720 535 8 10 0.042508315 
412 1172 12 17 0.04249157 
558 1188 12 17 0.04248897 
628 1256 14 21 0.042464074 
393 126 11 15 0.042461324 
286 572 9 11 0.042430267 
660 1162 16 19 0.042333204 
313 1289 31 40 0.042331055 
473 1168 17 22 0.042296186 
1006 1116 12 17 0.0422916 
88 557 10 13 0.04221509 
341 1147 14 18 0.042133316 
125 1193 15 20 0.041983437 
674 1137 14 17 0.041863263 
379 1276 16 20 0.04185069 
396 651 12 15 0.041821662 
653 503 7 10 0.04175478 
112 1168 15 20 0.041697834 
414 1189 20 25 0.041682966 
485 1209 16 22 0.041679375 
237 1158 14 17 0.041630384 
671 1115 12 15 0.041575596 
566 1229 21 26 0.041540418 
750 1267 12 18 0.041494917 
615 1116 11 16 0.041482463 
857 1108 14 17 0.041467957 
355 187 15 20 0.04137718 
253 1156 12 15 0.041367732 
704 627 9 13 0.04135517 
384 1274 25 30 0.041346185 
862 177 40 49 0.041164033 
620 1237 17 20 0.04111716 
958 1123 13 16 0.041038852 
358 659 13 15 0.040980134 
974 1119 23 27 0.04088011 
754 718 14 18 0.040873542 
228 1267 25 33 0.040854108 
819 705 12 15 0.04081933 
521 1252 20 26 0.040772904 
271 613 9 11 0.04077053 
328 1076 11 14 0.04071864 
641 1294 22 32 0.04069265 
254 1149 13 16 0.040664297 
692 1324 18 24 0.04063421 
367 694 11 14 0.04062804 
954 1164 21 27 0.040570818 
992 795 26 34 0.040561154 
425 558 7 10 0.040436838 
635 1113 13 17 0.040308632 
11 158 23 30 0.040286735 
209 591 9 11 0.04023623 
649 1195 16 18 0.040213376 
539 1187 15 18 0.040204253 
978 1163 15 21 0.04008259 
812 1291 17 23 0.03999804 
813 1101 13 15 0.039904382 
172 1052 14 18 0.039884243 
991 1168 24 31 0.039778445 
108 1145 15 18 0.03969355 
1003 1244 16 23 0.039629266 
598 647 29 38 0.039614923 
756 1292 14 18 0.039594796 
588 1241 21 27 0.03942354 
514 203 19 22 0.039390594 
766 1087 15 17 0.03938571 
108 1183 23 29 0.039308693 
272 608 9 11 0.03924787 
240 284 11 15 0.039182045 
32 539 9 11 0.03908282 
113 1253 26 36 0.039013755 
811 1187 18 27 0.038916726 
617 1142 16 20 0.038816758 
239 1230 28 35 0.038814273 
158 1113 14 17 0.03879693 
909 1096 13 19 0.038741354 
301 1141 11 14 0.038734034 
948 1052 10 12 0.03865308 
617 670 34 42 0.03857489 
888 685 12 16 0.03853424 
621 1123 13 16 0.038445108 
409 557 8 10 0.038341556 
871 1105 14 18 0.038298294 
901 1163 13 16 0.03826796 
779 1336 17 21 0.03821539 
997 1375 27 39 0.038151458 
278 1220 23 30 0.037990578 
651 1167 15 20 0.03795701 
914 1086 14 20 0.037954085 
635 1124 14 18 0.037918948 
407 654 10 14 0.037856285 
374 1210 22 28 0.037845526 
455 1101 9 11 0.03781565 
883 701 11 14 0.037744068 
280 728 7 10 0.037735466 
674 1235 14 19 0.03766704 
375 1305 24 30 0.0375364 
59 1196 14 18 0.037533235 
1012 714 11 17 0.037485976 
491 1147 15 18 0.03745625 
902 1251 26 33 0.037420914 
603 1124 12 15 0.03733861 
590 499 10 12 0.037321277 
101 585 13 17 0.037293095 
812 1282 15 20 0.03727418 
398 1229 21 29 0.0372381 
974 694 11 13 0.037022952 
13 567 12 16 0.03698676 
876 1185 13 19 0.036986735 
661 1119 20 25 0.036943037 
281 621 9 12 0.03680079 
415 163 13 16 0.036707055 
373 1187 13 16 0.03669198 
244 1091 13 16 0.036660235 
464 1270 22 27 0.036654815 
470 1131 14 18 0.036654815 
661 1134 14 18 0.036625862 
371 1140 12 18 0.036582906 
924 1137 13 21 0.036579277 
512 1302 21 27 0.03656995 
287 568 9 11 0.03653632 
663 570 9 13 0.03652453 
605 1117 12 15 0.03651791 
796 1228 13 20 0.036469392 
382 1296 23 30 0.036419135 
385 1176 15 20 0.03638814 
819 1256 15 19 0.036351923 
479 1100 11 15 0.03633185 
232 1212 23 27 0.036328573 
309 1105 15 20 0.036320202 
166 1092 12 16 0.036318343 
302 619 10 12 0.0362434 
102 1091 12 15 0.03618329 
375 1154 13 18 0.036082335 
197 1145 21 27 0.036020283 
238 623 10 12 0.03591887 
70 1206 21 27 0.03590335 
715 1269 12 17 0.035837244 
577 1112 11 13 0.035794 
416 583 10 13 0.035790037 
726 536 9 11 0.035786193 
826 1291 18 21 0.035719093 
250 1190 17 21 0.03570119 
483 1099 13 15 0.035687592 
759 1073 12 15 0.035512302 
381 144 14 18 0.035497904 
962 745 30 36 0.035493385 
769 646 9 11 0.035462108 
487 1084 12 13 0.03544418 
818 1224 15 21 0.035346873 
120 1172 23 30 0.035342693 
410 211 13 17 0.035194546 
142 1097 12 16 0.035168573 
420 1126 14 18 0.03514399 
147 160 55 61 0.035100877 
548 1346 19 24 0.035075773 
56 536 8 10 0.035073075 
764 232 19 24 0.03505817 
19 1133 14 20 0.035033263 
916 1141 14 20 0.035026792 
888 1178 25 29 0.03501715 
573 527 9 11 0.035013188 
353 1136 18 24 0.03498876 
882 1185 23 31 0.03496769 
618 1279 21 27 0.034960162 
417 1145 15 18 0.034933362 
801 1310 22 30 0.034917224 
983 754 23 30 0.03489491 
638 1101 9 12 0.034869492 
855 1249 18 23 0.034840815 
455 1267 20 28 0.034817517 
320 622 10 12 0.034814235 
617 1197 18 20 0.034809735 
795 1239 13 18 0.034806777 
289 1095 15 20 0.034791633 
188 1121 14 17 0.034779433 
625 1218 18 22 0.03475181 
19 185 16 20 0.03474619 
480 631 11 14 0.034697186 
684 612 10 12 0.034692988 
346 629 22 25 0.03465001 
696 622 9 12 0.03463435 
620 1131 15 18 0.034623764 
46 1154 14 17 0.034622952 
157 573 10 13 0.034614027 
995 1084 14 16 0.034589425 
998 1199 24 33 0.034426104 
619 1113 14 17 0.034392007 
684 1130 13 16 0.034347612 
588 1170 15 20 0.034276668 
286 1122 11 14 0.034177735 
727 1101 13 16 0.03414159 
825 1216 16 22 0.034094546 
1011 106 13 20 0.03407978 
856 1195 20 29 0.034057323 
984 699 10 12 0.03405525 
478 1094 10 14 0.034039997 
0 1126 12 16 0.033942692 
501 1109 12 15 0.03390874 
174 684 12 16 0.033896487 
820 1088 15 18 0.03387781 
48 569 12 15 0.033857934 
417 575 8 10 0.033817884 
279 629 9 11 0.033788353 
871 1087 20 24 0.03377077 
515 1174 17 20 0.03370439 
964 1113 15 18 0.03370011 
742 1358 25 30 0.03365362 
293 1164 15 19 0.033628784 
200 495 10 10 0.033610977 
476 1114 13 16 0.03360547 
348 1173 13 17 0.033600956 
818 37 16 20 0.03357216 
40 566 10 12 0.03354184 
834 1245 21 29 0.033539917 
201 1240 25 29 0.033525888 
414 528 9 10 0.033422597 
827 1221 22 28 0.03337556 
387 1165 14 19 0.033347446 
329 1236 17 23 0.033329174 
205 663 9 11 0.033320665 
625 190 16 21 0.03327843 
921 700 9 13 0.03320292 
108 1156 14 18 0.03313252 
428 1126 12 15 0.03310604 
0 1170 11 19 0.033087954 
866 1264 17 23 0.03308784 
123 1116 14 17 0.03307024 
946 1207 14 20 0.03304567 
0 1136 12 17 0.03303199 
670 568 9 11 0.033018302 
854 1061 19 23 0.032990582 
268 1249 31 38 0.032987513 
666 1156 14 17 0.032980546 
669 1343 16 23 0.032949038 
701 1087 12 15 0.032941386 
945 1290 24 33 0.032875866 
583 1350 25 31 0.03285347 
596 1311 22 28 0.032824453 
646 1117 13 16 0.032774515 
911 695 10 13 0.03275339 
934 693 11 14 0.0327108 
542 1146 13 17 0.032678515 
310 1172 13 17 0.032645732 
408 1143 15 19 0.032618225 
64 534 8 10 0.032609653 
101 1111 15 17 0.032597862 
377 660 10 12 0.0325797 
363 1240 18 22 0.032578796 
604 1133 15 19 0.03257249 
648 1100 10 14 0.03256734 
393 576 9 10 0.03253564 
588 1233 16 20 0.032504063 
182 1237 22 27 0.032485243 
420 197 14 20 0.03247543 
2 1074 23 30 0.03243629 
234 615 9 10 0.032421086 
745 612 11 13 0.03241442 
213 1127 11 15 0.032414064 
968 1108 22 29 0.03240217 
771 1382 22 31 0.03240064 
662 1246 16 21 0.03239604 
360 1396 22 32 0.032395653 
451 1133 13 17 0.032369446 
727 606 8 10 0.03224065 
331 1132 14 17 0.032217417 
882 157 30 41 0.032199588 
810 1352 21 28 0.032151505 
8 566 10 13 0.03211974 
589 1096 9 12 0.032077763 
257 1225 25 31 0.032055628 
879 1372 21 30 0.032014713 
998 1350 16 21 0.032007053 
579 1123 13 18 0.031988397 
1013 1097 11 17 0.031940755 
696 567 9 11 0.031924974 
557 1190 18 25 0.031924795 
171 1221 24 29 0.031912226 
798 1351 16 20 0.03190814 
329 469 9 11 0.03190558 
434 1200 16 19 0.031901766 
727 1074 12 15 0.031855196 
327 1241 23 30 0.03184168 
718 1325 22 29 0.031819854 
847 1161 23 28 0.031752016 
224 592 8 10 0.031747427 
659 1203 15 21 0.031719577 
320 1250 23 28 0.03170971 
747 1181 16 21 0.031639755 
493 655 16 19 0.031617656 
410 590 9 11 0.031609856 
697 1136 19 26 0.031600058 
214 592 10 11 0.031596042 
732 1332 26 31 0.03157221 
373 1277 26 31 0.031570435 
421 652 12 15 0.031540416 
31 564 10 13 0.031535443 
716 1365 21 29 0.03145885 
774 1101 11 13 0.031431966 
573 1180 15 20 0.031417858 
722 1352 23 32 0.031392198 
720 717 7 10 0.03137547 
270 1125 11 14 0.031368036 
615 1108 11 15 0.031357385 
444 1258 18 21 0.03132259 
392 589 8 10 0.031310692 
792 1103 11 15 0.03130215 
39 1152 12 17 0.03126991 
656 532 8 10 0.031239372 
11 1179 14 23 0.031220175 
653 1224 14 19 0.031171655 
249 525 9 11 0.031156838 
856 1052 10 14 0.031140443 
550 1102 10 13 0.031135373 
552 588 10 12 0.031097952 
847 1254 26 31 0.031092035 
301 1245 25 30 0.031076688 
412 486 10 12 0.031056328 
388 136 15 18 0.031000957 
388 606 11 13 0.030992674 
457 1253 20 27 0.030960692 
980 1162 24 31 0.0309374 
597 1326 23 29 0.030910088 
581 1218 16 18 0.030908873 
902 1283 25 32 0.03086994 
523 1342 26 33 0.030858839 
246 1216 17 22 0.030854186 
607 6 9 11 0.030823106 
693 628 9 13 0.030811423 
200 668 10 13 0.03074246 
323 1152 15 18 0.030727807 
895 1085 13 17 0.030694168 
976 1238 23 28 0.030662859 
110 534 10 12 0.030652694 
933 1156 16 21 0.030640688 
858 1130 23 28 0.030631619 
590 1131 12 16 0.03061949 
180 1060 13 17 0.030616034 
73 1128 13 16 0.03061573 
545 1199 17 21 0.030567117 
550 1123 11 16 0.030558085 
759 1274 12 16 0.03055494 
993 1295 24 37 0.030515818 
767 1311 19 27 0.030432105 
614 1100 10 14 0.030407285 
467 1247 16 22 0.030403445 
681 1095 19 24 0.03037671 
800 1356 22 29 0.030376326 
750 1130 12 15 0.030370021 
218 1153 14 19 0.030266412 
876 715 11 13 0.03025172 
173 643 12 16 0.030247582 
969 1053 9 11 0.030247517 
690 520 7 9 0.030187229 
95 1172 16 19 0.030166073 
414 655 12 15 0.030148067 
854 1232 22 30 0.03009679 
683 1258 15 19 0.030073576 
412 1273 18 23 0.030070998 
116 1117 14 17 0.030067183 
987 48 18 22 0.030041734 
957 1115 14 17 0.030031458 
779 1252 13 17 0.030026712 
93 1110 13 16 0.030024476 
693 1252 14 18 0.030013474 
1011 39 13 22 0.030011984 
256 1128 18 24 0.030010268 
361 1118 11 16 0.030004535 
771 1126 14 19 0.029995972 
551 1131 12 17 0.02998874 
180 1162 14 19 0.029974872 
999 1329 22 32 0.029964399 
750 710 24 28 0.029957429 
801 1094 10 12 0.029946677 
233 528 7 9 0.029859636 
861 1390 23 33 0.02970102 
703 614 8 10 0.029665414 
666 1323 22 27 0.029664053 
764 1164 15 18 0.029621506 
178 1071 19 24 0.029609852 
949 1084 11 14 0.029609533 
757 1284 13 17 0.029600924 
964 1257 27 31 0.02958127 
765 683 23 27 0.02957871 
987 1115 18 22 0.029551897 
19 573 15 19 0.029541895 
868 1067 11 15 0.029498609 
807 1154 13 20 0.029469885 
974 1123 13 17 0.02946829 
503 1101 11 14 0.029465945 
627 1136 14 20 0.029446274 
671 1087 9 12 0.029440403 
786 1162 13 18 0.029417733 
781 1124 12 15 0.029369568 
284 1186 16 20 0.029339751 
676 1130 14 18 0.029339546 
295 572 8 11 0.02933035 
742 1264 18 25 0.029306969 
101 1146 14 18 0.029305568 
930 1066 14 18 0.029276565 
140 1179 15 18 0.029246146 
922 1178 14 19 0.029232506 
1003 1169 15 18 0.029202806 
401 607 8 10 0.029201495 
756 687 25 31 0.029194895 
934 165 26 37 0.029184017 
306 1216 17 20 0.029180562 
759 560 9 10 0.029159699 
638 1095 9 11 0.02915446 
727 1133 10 14 0.02911528 
219 1207 21 27 0.029101508 
710 1145 13 18 0.029096603 
649 509 8 9 0.029042073 
78 1084 13 15 0.029041639 
893 1467 13 14 0.029032994 
434 210 15 20 0.02901609 
781 1274 23 30 0.029008904 
853 1099 15 20 0.028998764 
708 1086 13 15 0.028996095 
92 548 10 13 0.028986903 
814 1063 12 15 0.028958661 
202 1179 15 18 0.028909944 
779 1115 12 15 0.02890679 
787 662 20 25 0.028901434 
734 1149 12 17 0.028891489 
635 1214 15 21 0.028884932 
100 1155 15 18 0.028872121 
102 1199 16 20 0.028825894 
899 1181 24 29 0.028819518 
237 1260 26 35 0.02881775 
941 1415 13 16 0.02875662 
752 1070 11 14 0.028660119 
158 652 11 14 0.028658729 
1012 1146 12 18 0.028657224 
727 564 10 13 0.028636534 
335 1125 11 14 0.028589256 
372 1203 14 17 0.028550407 
564 1198 16 20 0.028545924 
703 1123 11 15 0.028542954 
581 1227 15 18 0.028516453 
549 512 15 18 0.028505282 
689 551 7 9 0.028504742 
303 1134 12 14 0.028466118 
187 1183 21 24 0.028464176 
671 1110 21 26 0.028458232 
516 1346 17 24 0.028457789 
667 1369 24 30 0.028452348 
697 574 9 10 0.028449742 
782 1327 22 28 0.02841397 
389 1101 10 12 0.028406855 
426 186 15 21 0.028386075 
655 606 10 13 0.028344989 
923 1207 15 21 0.02834477 
808 1069 11 14 0.028341446 
436 203 14 17 0.028308952 
525 1122 12 16 0.028279133 
667 1203 14 19 0.028264984 
803 1192 14 21 0.02821857 
797 1156 13 17 0.028218396 
579 555 12 14 0.02821794 
157 614 10 14 0.028211089 
637 1147 14 16 0.028204998 
405 183 18 24 0.028176703 
303 866 12 15 0.028166723 
616 1095 9 12 0.028103102 
658 630 10 13 0.028099809 
154 598 12 14 0.028042428 
391 1213 21 29 0.027930303 
764 699 15 18 0.027914254 
206 512 9 11 0.027894652 
367 606 9 12 0.027884752 
496 1122 12 15 0.027857503 
413 567 8 10 0.027850594 
414 173 14 19 0.027843198 
371 1193 13 19 0.02783397 
866 226 173 224 0.027823394 
441 650 13 16 0.027820194 
765 197 28 35 0.027814507 
653 1342 22 28 0.027805716 
1013 157 11 16 0.027803626 
75 1075 15 15 0.027761845 
994 757 24 32 0.027749222 
971 1137 15 19 0.027749037 
334 667 11 14 0.02774208 
80 178 15 21 0.027740313 
130 1132 14 18 0.027714454 
419 156 13 15 0.027710166 
574 532 9 12 0.027708855 
999 1061 11 14 0.027689476 
358 1101 11 13 0.027661297 
859 1098 15 19 0.027608464 
156 634 13 18 0.027570259 
14 1183 21 30 0.027558822 
757 1161 15 20 0.027555523 
689 623 9 12 0.027546793 
845 1189 17 22 0.02753715 
440 1143 21 25 0.027528843 
718 1339 24 32 0.027527114 
664 1087 10 12 0.027473431 
667 1103 20 25 0.027455574 
860 1162 15 19 0.027437054 
104 534 10 13 0.027418293 
521 1181 21 27 0.027412852 
247 1053 10 12 0.027405934 
201 574 7 10 0.02738707 
53 541 9 10 0.027379999 
152 661 10 12 0.027356442 
248 661 9 11 0.027299419 
639 1310 21 30 0.027244037 
589 1154 14 18 0.027195064 
675 1348 23 30 0.027172547 
229 1122 13 17 0.02716302 
225 1184 16 21 0.027151285 
781 667 17 20 0.027146712 
794 1289 24 29 0.027118644 
709 1252 12 15 0.02710424 
751 732 11 15 0.027069291 
70 613 11 15 0.027056422 
713 567 9 11 0.02703646 
830 1094 12 16 0.027006652 
278 821 11 15 0.0270002 
990 1050 12 14 0.02694372 
820 1117 13 16 0.026926527 
710 1292 14 18 0.026910318 
450 1278 25 30 0.026891714 
210 1210 16 23 0.026890434 
478 1098 22 27 0.02687342 
430 164 14 18 0.026856573 
973 699 10 13 0.02685309 
157 693 12 15 0.026839796 
6 558 9 11 0.0268263 
876 1113 13 18 0.026806507 
204 1167 16 20 0.026798204 
228 1154 14 18 0.026776358 
582 1180 15 21 0.02677162 
748 1313 14 19 0.026672788 
679 558 9 9 0.026664175 
241 591 9 11 0.026660088 
653 1135 14 17 0.026656503 
1013 1077 10 14 0.02661918 
989 1097 13 16 0.026618633 
605 1320 22 28 0.026601007 
376 1102 9 12 0.026593307 
466 207 14 19 0.026588691 
996 1110 15 18 0.026535602 
580 295 15 17 0.026528765 
78 1213 25 30 0.026430802 
223 597 9 10 0.026423808 
700 1196 15 17 0.02639564 
190 567 9 11 0.026387846 
983 1329 24 30 0.026375402 
872 1187 23 31 0.026357936 
542 1351 27 33 0.026356578 
198 1243 17 20 0.026331259 
47 264 24 29 0.026314368 
597 1136 20 24 0.026264274 
327 551 11 12 0.026245514 
782 1085 10 14 0.02623701 
121 487 7 9 0.026227303 
458 656 27 31 0.026201835 
281 575 8 10 0.026199015 
351 828 13 15 0.026195243 
814 1117 13 15 0.026118897 
851 1154 16 20 0.026109815 
241 653 9 12 0.026094358 
870 32 28 34 0.026084999 
346 1244 24 30 0.026074002 
191 684 10 14 0.026045548 
591 1124 12 17 0.026016707 
706 1204 21 28 0.02601062 
615 4 10 12 0.02598449 
439 620 9 10 0.025980834 
286 1132 11 15 0.025922144 
954 1311 28 34 0.025915688 
719 598 9 11 0.025913816 
512 547 10 13 0.025892375 
502 1093 10 13 0.025876582 
812 652 12 15 0.025851417 
754 559 7 10 0.025850212 
973 1216 15 19 0.02580978 
942 1266 13 19 0.025778076 
231 1178 14 19 0.025721204 
989 1069 12 15 0.025716705 
284 1208 16 19 0.025709806 
955 1233 25 29 0.025709478 
991 701 9 12 0.025697377 
350 1133 13 17 0.02569524 
678 1236 21 28 0.025693621 
240 551 8 9 0.025646985 
740 1251 14 19 0.025646497 
938 1138 14 17 0.02564307 
383 1101 9 13 0.025635643 
788 1289 16 22 0.025630033 
80 543 10 11 0.025629867 
733 1128 13 17 0.025623377 
876 696 19 25 0.025622487 
164 1192 16 22 0.02557655 
10 1081 14 17 0.025573201 
856 1046 10 13 0.025549486 
396 184 14 17 0.025546838 
968 717 11 14 0.025535483 
311 1233 17 20 0.025521826 
351 1108 10 12 0.025521437 
447 647 21 26 0.025518985 
373 188 14 18 0.025503818 
381 1140 13 17 0.025494376 
601 511 7 10 0.025491338 
380 134 14 17 0.025459979 
932 1145 16 21 0.025444593 
638 606 11 13 0.025407825 
452 98 12 15 0.025405575 
208 631 9 11 0.025402373 
517 1165 14 19 0.025401179 
414 612 10 12 0.025388885 
215 1183 13 17 0.025381377 
601 1097 20 25 0.025370287 
27 577 12 17 0.02536162 
269 619 10 12 0.025326367 
887 1122 15 20 0.02531508 
109 579 13 16 0.025284957 
422 1153 12 16 0.025283312 
893 1152 14 18 0.025228431 
379 1146 14 19 0.02522704 
874 1387 21 33 0.025212372 
543 572 9 11 0.025191816 
701 1161 15 19 0.02513801 
995 1091 13 17 0.025135037 
529 1322 17 24 0.025131755 
656 781 15 18 0.025100593 
744 653 8 11 0.025093263 
537 1341 24 31 0.025078828 
185 573 9 11 0.025075374 
896 1193 21 27 0.025074251 
23 1181 39 54 0.025048617 
833 1295 16 21 0.02504547 
313 1209 17 20 0.025042873 
888 1218 22 29 0.0250425 
672 1303 20 26 0.025036633 
404 1163 12 17 0.025026277 
454 1178 16 22 0.024977352 
739 1307 16 22 0.024956632 
625 604 10 14 0.024955675 
756 1112 21 24 0.024935985 
860 1280 21 30 0.02490912 
837 1192 20 29 0.02488944 
381 178 14 19 0.024875546 
461 635 10 13 0.024848336 
283 182 25 30 0.02484636 
273 598 9 11 0.024830556 
796 1140 13 17 0.0248234 
649 1325 23 28 0.024790512 
919 1082 22 26 0.024775883 
294 664 12 14 0.024664482 
842 1205 20 27 0.024661751 
356 1263 26 30 0.024651082 
262 1043 11 13 0.024650035 
344 580 9 11 0.02464366 
932 699 10 14 0.024622455 
8 502 8 9 0.024621353 
629 707 16 21 0.024607835 
396 1177 20 26 0.024602981 
111 46 35 42 0.024585938 
822 1098 11 15 0.024559023 
761 1064 11 14 0.024550969 
232 605 8 10 0.024550917 
90 1203 14 18 0.024546435 
290 750 7 9 0.024544837 
218 569 8 10 0.024537133 
740 1127 14 18 0.024535581 
382 575 8 10 0.024491204 
253 818 15 17 0.0244845 
883 1210 16 20 0.024463933 
920 1047 9 12 0.024457106 
684 1200 16 19 0.02445532 
559 495 10 13 0.024448745 
868 1115 14 17 0.024404531 
517 1232 21 26 0.024401672 
296 1149 13 16 0.024386084 
388 1134 12 14 0.024369217 
873 1213 22 30 0.024344068 
388 1192 15 19 0.02433138 
981 687 10 12 0.024325153 
414 200 14 17 0.024324685 
915 1096 13 17 0.024319371 
738 1278 17 21 0.024313796 
328 274 14 16 0.024306789 
2 1113 20 29 0.0243039 
733 1297 15 19 0.024281602 
446 1225 14 20 0.024272986 
387 78 16 19 0.024270881 
823 1358 18 22 0.02422308 
984 1217 27 34 0.024211846 
420 589 9 12 0.02420688 
210 1143 21 27 0.024206 
320 558 9 11 0.024201265 
948 1132 13 16 0.024191415 
220 1084 13 16 0.024186611 
743 1151 21 28 0.02416772 
352 567 8 10 0.024130866 
794 1146 14 20 0.024123117 
855 1209 22 29 0.024103574 
798 1184 15 20 0.024084378 
989 1243 17 24 0.02407703 
833 1350 17 21 0.024070226 
314 464 7 9 0.024066143 
997 756 16 18 0.024017883 
362 694 9 13 0.024005054 
253 1267 14 18 0.023973007 
711 1192 22 27 0.023971014 
389 1287 18 24 0.023965653 
800 1369 18 22 0.02394266 
485 1093 12 15 0.023921665 
437 167 21 26 0.023920363 
200 557 8 10 0.023900686 
258 549 8 11 0.023896163 
445 1312 22 30 0.023881713 
641 700 16 20 0.023878848 
641 503 9 11 0.02385776 
897 35 29 34 0.023857644 
140 1149 15 18 0.023856573 
670 599 9 11 0.02385493 
651 1232 15 21 0.023841437 
268 1084 12 17 0.02382797 
176 1164 21 29 0.023827353 
748 1117 11 14 0.023811974 
845 1137 14 18 0.023796463 
126 1179 23 31 0.02378185 
846 1078 11 14 0.023780096 
389 181 14 18 0.02376473 
166 1132 13 17 0.023757637 
367 613 10 12 0.023747733 
546 1266 14 18 0.023715215 
967 709 12 14 0.02370304 
183 1201 21 28 0.023702355 
854 1403 14 19 0.023692705 
895 1170 24 27 0.023686728 
866 1198 15 23 0.023669481 
59 1097 19 24 0.023660963 
597 1 11 10 0.023655869 
119 1150 20 25 0.023652755 
629 655 28 35 0.023634888 
259 1147 13 17 0.023622517 
684 1281 16 21 0.023613667 
658 573 8 12 0.023607405 
549 1355 32 41 0.023561934 
408 574 8 10 0.023550792 
698 497 7 10 0.023543388 
522 1112 19 24 0.023535242 
398 1108 10 13 0.023525253 
90 1156 21 26 0.023502408 
451 1222 15 20 0.023443243 
970 1300 29 37 0.02343943 
414 552 9 11 0.023437444 
296 599 8 9 0.023436103 
630 0 10 11 0.023379529 
4 1144 13 20 0.023359707 
376 527 9 10 0.023338208 
490 1180 15 20 0.023291752 
153 1186 22 29 0.02327527 
7 551 9 11 0.023267379 
420 1142 23 28 0.02324398 
212 1234 17 21 0.023216398 
962 1118 21 26 0.023207568 
626 753 14 17 0.023188617 
985 1307 27 37 0.02317307 
346 193 15 19 0.023152513 
749 607 11 14 0.02310345 
981 1114 16 20 0.023089182 
366 116 13 18 0.023060305 
296 614 9 12 0.023022808 
998 1075 11 14 0.023017205 
277 1106 12 17 0.02299217 
714 1341 17 25 0.02297118 
820 242 15 21 0.02294702 
998 683 10 13 0.022933425 
478 1076 10 12 0.022916758 
217 1196 19 26 0.022912545 
941 740 14 20 0.022907319 
243 1254 15 22 0.022901023 
456 583 8 11 0.022881743 
277 816 11 13 0.022832854 
669 972 27 32 0.022826562 
687 635 11 13 0.022795662 
408 1171 20 27 0.022788541 
532 1172 13 18 0.022787314 
409 532 10 13 0.022780005 
696 667 11 13 0.02277836 
820 1109 12 15 0.022764502 
375 590 10 11 0.022763338 
361 1114 19 25 0.022757048 
190 628 11 13 0.022756608 
102 1131 14 18 0.022752412 
97 542 9 12 0.02275018 
437 1220 21 29 0.022748519 
119 550 8 12 0.022727536 
101 539 10 14 0.022716403 
368 1110 10 14 0.022704678 
898 1235 17 22 0.022701638 
727 660 11 13 0.022700734 
15 172 21 28 0.022699768 
118 1226 24 32 0.022686353 
848 1134 23 28 0.022654952 
599 1274 22 27 0.022652416 
431 488 8 11 0.022565352 
922 1248 23 32 0.022551004 
735 1112 20 24 0.02254739 
45 534 10 13 0.022545287 
947 1281 16 21 0.022512488 
423 1167 21 26 0.022484617 
996 1262 22 29 0.022471178 
1008 1082 12 16 0.022470808 
726 582 9 10 0.022442468 
895 1061 9 13 0.022436526 
453 1094 9 12 0.0224275 
12 1107 12 16 0.022389337 
428 1237 16 20 0.022345725 
112 622 10 13 0.02233269 
155 1268 34 40 0.022327596 
440 1155 19 26 0.022317741 
752 520 7 9 0.022313299 
237 1089 13 17 0.022301195 
367 628 10 14 0.022295052 
383 627 11 13 0.022278655 
191 646 10 14 0.022241423 
692 1132 12 15 0.022226917 
87 1098 13 16 0.022223026 
350 611 11 13 0.022205729 
92 1138 16 19 0.022183735 
679 670 10 13 0.022177465 
870 1293 17 25 0.022170179 
896 1045 9 12 0.022167219 
656 1282 15 21 0.022144178 
689 526 7 9 0.022138583 
974 1156 16 21 0.02208563 
948 699 11 14 0.022084251 
687 581 9 10 0.022065852 
520 1308 22 32 0.022045517 
81 688 7 9 0.022044577 
176 1149 18 24 0.022040496 
624 525 9 11 0.02202298 
608 12 9 11 0.021994252 
830 1256 14 19 0.02196774 
75 1137 16 19 0.021950368 
1011 1326 13 19 0.021945644 
367 620 10 14 0.021944648 
590 1118 11 14 0.021940833 
147 1156 15 18 0.0219265 
85 1085 21 24 0.021926055 
391 564 9 11 0.021916555 
330 1264 27 32 0.021898277 
887 1043 9 12 0.021893447 
757 1361 24 31 0.021876011 
709 630 11 12 0.021873208 
15 513 9 11 0.021858832 
681 1298 20 24 0.021854168 
586 299 15 18 0.021847459 
951 734 25 33 0.021821186 
415 540 8 11 0.021806007 
949 1123 12 16 0.021801516 
943 1261 22 30 0.021801084 
631 508 8 11 0.021798877 
726 1108 13 15 0.02179059 
246 588 9 11 0.021776402 
916 720 13 17 0.021776006 
842 1228 16 20 0.021773858 
676 1093 12 15 0.021766158 
889 1468 11 13 0.021764683 
375 567 8 11 0.021757193 
414 607 9 12 0.021725215 
873 1354 23 30 0.021718431 
153 686 10 13 0.021715697 
612 640 25 33 0.021714998 
716 1099 12 15 0.021712922 
332 1083 11 13 0.021704903 
975 687 11 12 0.021700587 
350 599 9 11 0.021692157 
708 1196 15 17 0.021685803 
430 623 9 11 0.021684226 
761 1302 21 28 0.021673186 
411 1260 16 20 0.021671249 
692 1198 20 25 0.021660874 
192 597 9 11 0.021646393 
352 558 8 10 0.021646377 
844 41 13 18 0.021643203 
705 1344 23 32 0.02163687 
865 1150 21 25 0.02163623 
956 1260 24 31 0.021630201 
152 677 10 13 0.02161498 
624 502 8 12 0.0216064 
147 440 24 32 0.02159495 
709 710 10 12 0.021571293 
157 542 10 14 0.021559913 
494 1092 11 14 0.021555705 
335 1208 15 20 0.0215494 
709 679 10 11 0.021539835 
720 1112 20 24 0.02153083 
973 717 11 14 0.021525575 
586 1307 23 28 0.021497 
679 1087 10 12 0.021491094 
995 1290 15 21 0.02148974 
943 1066 12 16 0.021469325 
740 1239 14 20 0.021466851 
380 1316 24 31 0.021452589 
688 576 8 10 0.021450302 
1005 1070 12 14 0.021448147 
713 607 7 10 0.02142846 
729 624 7 9 0.021424957 
659 1225 17 22 0.021422083 
250 1109 13 16 0.021419799 
756 707 16 20 0.021385318 
727 1267 14 20 0.021351317 
606 661 18 25 0.021341437 
714 504 8 9 0.02132744 
752 1246 19 28 0.02132599 
829 1115 12 15 0.021324513 
485 1230 16 21 0.02132214 
861 1072 13 17 0.021277145 
957 1247 18 21 0.021272836 
936 1041 8 10 0.02127047 
612 1314 17 21 0.021269545 
303 521 8 11 0.021261424 
718 583 9 10 0.021260204 
783 1309 22 28 0.02125735 
120 540 9 12 0.021226944 
253 1249 28 35 0.021225724 
807 1076 25 29 0.021223005 
295 749 8 11 0.021220863 
960 1153 17 20 0.021208446 
408 583 8 11 0.02118195 
2 1208 16 22 0.021178795 
750 1295 15 21 0.021178288 
710 716 9 11 0.021171192 
637 1305 16 22 0.021154571 
754 1299 19 26 0.021153104 
856 678 10 12 0.021151753 
663 1110 10 14 0.021147197 
77 1107 13 16 0.021140039 
716 1093 11 14 0.021130322 
980 1459 14 18 0.021124385 
414 1165 11 16 0.021120533 
391 646 11 14 0.021089477 
333 591 9 11 0.02107084 
686 733 9 12 0.021064334 
183 1177 16 19 0.021050869 
795 1200 15 19 0.021005018 
559 1139 22 26 0.02099988 
850 1303 21 28 0.020992387 
432 534 8 9 0.0209694 
998 1068 11 15 0.02096136 
611 1112 20 26 0.020959847 
244 1034 12 16 0.020957783 
292 1121 12 16 0.020957332 
398 657 21 27 0.020954236 
24 535 8 11 0.020943826 
793 639 9 11 0.020923285 
228 1097 12 18 0.020914484 
454 648 11 15 0.020905174 
214 1201 14 19 0.020895204 
852 1131 15 19 0.02088546 
907 1052 11 13 0.020884199 
1010 694 9 13 0.020877242 
328 1188 13 16 0.020875115 
338 1179 21 28 0.02084326 
380 620 11 15 0.02083805 
563 1136 14 17 0.020837262 
535 524 8 11 0.02083575 
157 579 10 13 0.020818716 
327 661 10 12 0.02080753 
382 534 7 10 0.020802818 
79 1194 23 31 0.020769771 
317 1236 18 22 0.020752966 
297 188 26 30 0.02074538 
532 583 12 13 0.020735977 
674 1249 14 20 0.0207315 
756 1312 14 20 0.020722682 
821 717 11 13 0.020688593 
407 608 10 11 0.020671409 
173 1195 15 22 0.020660799 
488 1190 16 21 0.020647567 
923 1055 21 25 0.020645088 
735 1235 13 17 0.020640736 
749 693 12 16 0.020635847 
257 544 7 10 0.020632675 
180 1097 13 17 0.020631038 
486 573 10 12 0.02063033 
231 501 8 10 0.02061676 
415 161 21 28 0.020616341 
990 1447 30 39 0.020613696 
376 669 10 13 0.020602413 
999 34 15 21 0.020597018 
555 1125 13 17 0.020587105 
441 378 14 18 0.020535892 
648 1108 11 15 0.020525478 
302 1106 13 19 0.020525347 
645 1258 16 20 0.02051757 
382 600 10 12 0.020517427 
1002 1379 15 21 0.020506898 
798 639 9 11 0.020505913 
38 570 11 15 0.020495053 
563 1208 17 21 0.020494346 
1003 1256 16 20 0.020492028 
653 509 8 10 0.020488922 
344 542 7 10 0.020471815 
606 574 13 16 0.020460444 
44 1116 16 20 0.020457238 
0 1163 9 17 0.02044915 
96 502 7 9 0.020446494 
986 1056 22 28 0.020413788 
759 1262 20 27 0.020412749 
116 1200 16 22 0.02040162 
707 1261 13 17 0.02039272 
500 1243 18 23 0.020389613 
333 1221 12 18 0.020389264 
830 709 12 15 0.020361077 
513 1229 16 21 0.020337401 
695 599 11 13 0.020304626 
235 1254 16 22 0.020299919 
429 1155 13 15 0.020299576 
317 1258 17 21 0.02029396 
744 622 9 10 0.02028531 
87 510 8 9 0.020278838 
663 606 12 13 0.020277929 
268 1224 15 21 0.020266455 
564 1218 15 19 0.020260094 
971 1287 25 34 0.020258306 
309 1138 20 26 0.020242082 
671 621 10 13 0.02024156 
910 1177 21 28 0.020238234 
864 1315 27 34 0.020213928 
849 744 9 11 0.0202044 
774 675 13 16 0.020196766 
719 711 8 12 0.020181188 
622 1248 16 21 0.020170806 
318 480 9 11 0.020141223 
652 1242 16 22 0.020139607 
104 581 22 26 0.020133903 
708 1278 15 20 0.020133462 
713 1217 15 21 0.020126503 
38 1123 12 16 0.020111078 
245 1099 14 17 0.020106303 
877 690 14 18 0.020102635 
717 1085 11 14 0.020084893 
234 234 13 16 0.020084875 
1012 1250 11 19 0.02006333 
272 592 8 10 0.02002339 
162 180 27 30 0.020010674 
