10_People_Marching_People_Marching_2_944
105
482 451 34 42 0.99065065 
247 515 37 41 0.9843105 
608 454 45 54 0.9709755 
55 453 35 49 0.938901 
130 481 33 35 0.8137688 
234 469 26 34 0.636679 
118 415 35 48 0.4518368 
214 552 29 36 0.42626017 
288 480 32 41 0.2835269 
173 495 26 35 0.17599037 
308 543 24 36 0.17303605 
170 6 336 434 0.1607024 
831 -12 177 255 0.13177969 
678 277 45 54 0.10838752 
38 461 29 41 0.09902126 
260 450 23 28 0.090775624 
217 535 29 40 0.08754871 
633 509 42 58 0.08090635 
654 486 36 47 0.07798191 
27 139 38 44 0.07113191 
553 619 333 475 0.06645805 
691 547 44 61 0.060522463 
652 441 31 43 0.06002445 
597 374 16 20 0.057279527 
243 463 25 33 0.05315161 
458 388 28 38 0.051670477 
167 662 94 114 0.04914632 
577 440 25 37 0.047500033 
23 32 23 33 0.046564396 
342 997 229 334 0.045615975 
10 533 28 42 0.043356426 
295 484 39 51 0.043133743 
87 852 32 39 0.042534158 
662 476 28 35 0.042321112 
237 522 29 38 0.041785564 
427 430 30 41 0.040841084 
38 2 16 17 0.04011983 
653 460 32 40 0.039174173 
120 70 39 38 0.038343504 
104 11 24 31 0.038076133 
710 393 27 38 0.036863305 
131 24 26 33 0.035969708 
296 401 47 61 0.03337028 
108 17 16 19 0.033004627 
66 537 49 64 0.03244182 
0 470 30 52 0.032080527 
476 444 26 38 0.031664953 
285 538 16 20 0.03156713 
129 533 30 37 0.03129173 
30 18 27 37 0.030998537 
497 731 231 243 0.030972293 
134 425 28 40 0.030808834 
496 424 29 40 0.03070072 
645 420 40 51 0.03044688 
474 1 18 20 0.030010642 
247 584 24 32 0.029924052 
48 804 17 21 0.02980548 
164 498 19 25 0.029765561 
20 463 33 44 0.029236635 
120 492 31 39 0.029123705 
133 28 15 20 0.028853357 
633 459 45 56 0.028777454 
64 518 27 36 0.028506728 
36 7 23 28 0.028457915 
103 3 14 16 0.028414251 
319 416 29 41 0.027989756 
633 171 16 19 0.02747762 
169 81 14 18 0.027421758 
275 483 28 35 0.027391456 
61 2 15 17 0.027232029 
667 638 36 37 0.027187627 
79 470 41 54 0.02710073 
660 262 53 60 0.026232034 
226 532 17 22 0.026208457 
18 10 14 16 0.025192207 
68 3 15 16 0.025056148 
291 506 34 43 0.024874382 
261 419 25 34 0.024728766 
290 534 27 34 0.024439098 
647 502 47 60 0.023898672 
62 0 28 31 0.023432888 
145 486 28 36 0.023270732 
634 354 30 37 0.02302497 
50 505 49 68 0.022831593 
95 10 47 57 0.022450034 
483 390 24 31 0.022425866 
21 29 13 18 0.02231445 
12 6 15 16 0.022222916 
35 471 18 23 0.021997938 
580 876 96 148 0.021895321 
115 11 16 20 0.021549847 
407 561 50 59 0.021293128 
703 398 38 58 0.021061843 
74 504 30 40 0.020931745 
478 687 122 127 0.020820193 
115 514 29 37 0.020790052 
584 434 32 42 0.020614313 
671 294 34 45 0.020606553 
16 21 25 36 0.020545771 
41 33 23 31 0.020483488 
114 10 26 34 0.020384725 
582 385 21 30 0.02033723 
607 283 92 117 0.020310005 
30 85 35 40 0.020248607 
144 433 17 24 0.020152153 
