26_Soldier_Drilling_Soldiers_Drilling_26_567
27
561 104 108 93 0.98751396 
363 300 77 70 0.97477484 
449 140 41 62 0.95808524 
905 134 44 51 0.95418274 
608 97 100 113 0.38409883 
470 593 103 157 0.16472366 
648 67 88 122 0.13223253 
15 285 12 13 0.07978379 
552 177 31 30 0.061220434 
68 414 357 485 0.059589054 
524 512 393 494 0.057144493 
437 274 58 73 0.051983893 
518 164 26 35 0.04524448 
14 0 10 10 0.040612143 
169 245 12 15 0.036727786 
7 -1 11 12 0.03645075 
391 284 64 71 0.029542062 
-18 265 97 100 0.029538844 
174 248 13 17 0.02921951 
574 130 101 124 0.02504178 
518 174 16 21 0.024690552 
31 292 12 13 0.02443218 
13 292 12 14 0.024416149 
411 265 93 118 0.023939118 
577 39 147 199 0.023588272 
24 404 162 252 0.021866778 
334 305 92 105 0.0205366 
