26_Soldier_Drilling_Soldiers_Drilling_26_236
31
601 179 116 110 0.996055 
473 200 44 72 0.97602105 
980 240 41 56 0.9700511 
358 361 96 93 0.94697964 
453 699 112 183 0.5729402 
683 146 96 134 0.3746603 
544 225 41 57 0.29536217 
-7 477 385 488 0.078134984 
428 640 14 16 0.055409472 
461 352 56 74 0.052711215 
81 669 218 306 0.043475267 
163 292 12 16 0.037356906 
7 331 11 14 0.031849533 
554 242 20 24 0.030751329 
3 347 12 16 0.030605625 
727 154 72 107 0.028649922 
9 6 9 12 0.028328432 
484 665 436 529 0.028189078 
330 373 101 120 0.02811594 
1009 504 13 20 0.027793806 
527 194 43 79 0.026907241 
154 315 420 527 0.026287807 
769 828 96 126 0.025772696 
418 349 90 108 0.024861211 
508 202 43 73 0.024539195 
7 12 9 11 0.022811186 
858 183 28 41 0.022416411 
509 401 99 154 0.022075478 
527 208 73 98 0.020969836 
554 189 86 108 0.020959465 
0 317 8 16 0.020858627 
