26_Soldier_Drilling_Soldiers_Drilling_26_9
18
619 211 25 33 0.9994017 
503 219 33 44 0.9927931 
633 201 23 30 0.07674182 
479 209 47 57 0.06594507 
545 201 26 35 0.06265199 
676 255 10 13 0.04746781 
235 192 410 444 0.045052383 
668 259 15 17 0.041239038 
659 254 26 30 0.040957693 
556 215 14 20 0.034987457 
532 210 29 39 0.030499684 
527 227 31 38 0.030319331 
515 295 30 33 0.028841123 
548 216 16 20 0.028147392 
501 200 30 48 0.026395503 
348 478 43 37 0.02446765 
606 212 24 30 0.023772283 
674 -36 430 451 0.02263977 
