26_Soldier_Drilling_Soldiers_Drilling_26_345
82
163 192 25 30 0.8692161 
664 187 26 32 0.7649773 
470 191 22 31 0.5715619 
852 196 34 37 0.5489242 
162 186 16 24 0.3389711 
829 232 13 17 0.18559106 
344 202 24 30 0.14637712 
658 241 14 19 0.12469281 
291 271 14 18 0.11258921 
834 228 16 21 0.10526873 
663 184 15 25 0.10405038 
637 215 8 10 0.10322873 
437 263 13 17 0.10226255 
447 343 57 62 0.09394408 
346 196 17 21 0.07542559 
159 183 12 18 0.074378096 
857 195 20 22 0.06623876 
600 253 11 15 0.06359313 
170 223 14 18 0.05894166 
382 250 15 19 0.058627427 
859 206 19 22 0.05850252 
687 236 36 41 0.058355313 
437 255 49 53 0.057163168 
677 224 15 18 0.05621952 
825 229 11 14 0.055601362 
167 217 14 18 0.054794606 
479 237 12 14 0.05416716 
470 201 31 34 0.052719522 
843 227 16 20 0.04956989 
143 240 11 14 0.04841485 
665 200 29 34 0.047538295 
433 258 25 28 0.043831296 
897 84 26 35 0.042961717 
225 271 9 10 0.04269636 
147 243 11 14 0.03941699 
451 234 15 20 0.037108168 
162 213 25 30 0.03676241 
446 222 9 12 0.035947133 
138 257 42 58 0.035220683 
655 248 12 16 0.0348074 
863 241 12 17 0.03472085 
853 226 13 18 0.034524955 
989 93 15 20 0.032921117 
602 256 14 17 0.032151252 
822 268 12 19 0.030522695 
338 188 39 51 0.030411605 
987 95 26 35 0.029386766 
838 216 27 34 0.028970713 
655 236 26 30 0.028355507 
701 364 28 38 0.0272025 
867 216 45 52 0.026685504 
978 80 15 17 0.026577625 
829 261 11 16 0.026110558 
844 206 44 52 0.025943039 
160 238 11 15 0.025743913 
667 223 28 34 0.02567401 
165 237 12 16 0.025646748 
822 224 10 14 0.024804953 
632 253 51 54 0.024523158 
344 215 14 19 0.024452375 
992 117 24 32 0.023736611 
151 228 10 12 0.023333235 
674 215 25 30 0.023291511 
158 226 11 15 0.0232796 
414 244 10 14 0.023252964 
131 267 12 17 0.023020808 
473 215 25 31 0.022973025 
439 236 25 35 0.022653248 
433 309 85 105 0.022499353 
136 270 29 36 0.022204552 
895 226 29 32 0.021870371 
998 123 15 19 0.021776522 
497 233 30 32 0.02159862 
615 270 10 13 0.021519324 
887 246 35 40 0.021494437 
476 227 16 20 0.021356585 
709 208 12 14 0.021289762 
257 145 233 248 0.021198709 
832 250 12 16 0.021046659 
220 229 14 19 0.02095793 
476 233 25 28 0.020885102 
860 181 16 19 0.020036621 
