26_Soldier_Drilling_Soldiers_Drilling_26_393
40
375 73 81 125 0.98967373 
74 121 72 126 0.97034127 
505 82 76 121 0.9472806 
758 60 67 102 0.8397517 
864 143 58 82 0.5866331 
206 240 63 72 0.19336674 
705 85 54 59 0.1195905 
889 137 55 86 0.11163993 
760 520 8 10 0.06841045 
791 541 11 13 0.050048854 
765 467 12 15 0.03738706 
466 115 97 118 0.0329663 
782 523 10 12 0.032908056 
782 142 32 41 0.03225147 
559 323 30 41 0.031338237 
474 165 13 17 0.028223068 
792 341 31 41 0.028195327 
713 574 8 9 0.027915318 
783 559 9 12 0.0278739 
271 463 11 14 0.027164876 
752 534 8 10 0.027054105 
791 564 8 11 0.026995728 
743 424 18 22 0.02693279 
768 484 10 12 0.026401768 
7 534 8 11 0.02620323 
721 537 8 9 0.02608421 
16 518 9 11 0.024816317 
776 575 9 11 0.024421023 
751 601 9 11 0.024408836 
767 525 8 11 0.023556108 
283 587 13 15 0.022952452 
751 582 9 11 0.0221482 
8 541 8 11 0.02211266 
735 527 8 10 0.02153912 
217 638 16 21 0.021467099 
719 576 8 9 0.021117885 
728 536 7 10 0.020387005 
195 222 11 15 0.020178543 
774 484 10 12 0.020075502 
727 557 8 10 0.020065922 
