26_Soldier_Drilling_Soldiers_Drilling_26_719
59
457 212 35 41 0.70079213 
816 244 25 27 0.6912329 
114 250 22 31 0.49641237 
376 242 26 34 0.42147946 
61 198 21 26 0.40714774 
648 440 59 64 0.12994829 
357 236 47 62 0.11432908 
55 239 25 34 0.10029975 
504 29 12 15 0.073123805 
210 140 24 30 0.063447505 
397 291 29 40 0.06000858 
131 256 15 21 0.05969185 
455 -57 405 482 0.057466645 
804 247 15 19 0.049239147 
111 346 45 54 0.046830416 
211 315 16 20 0.04353821 
771 279 13 14 0.043060966 
448 213 28 35 0.0384569 
637 243 12 14 0.037597314 
193 294 43 51 0.03746521 
435 252 16 19 0.03646782 
67 238 15 23 0.035027944 
130 241 16 20 0.032415055 
290 21 15 17 0.03201149 
260 510 11 12 0.031970974 
538 72 469 543 0.030670512 
106 259 26 34 0.030556466 
690 239 28 30 0.03050218 
673 195 32 33 0.030372856 
773 380 27 37 0.029026559 
995 404 15 18 0.02840025 
814 237 16 19 0.027490506 
239 504 9 10 0.027324049 
324 360 29 36 0.027043913 
68 125 426 524 0.026803441 
995 427 14 18 0.02641156 
261 517 10 11 0.025897872 
806 243 24 27 0.025880503 
56 206 28 32 0.025544783 
265 527 10 12 0.025080241 
113 317 33 40 0.025076823 
649 232 17 17 0.024978815 
241 26 17 19 0.024859149 
336 220 78 97 0.024337322 
222 508 10 13 0.024336994 
302 500 8 10 0.023585295 
103 274 26 35 0.023310633 
183 297 32 37 0.022864036 
53 204 18 22 0.022858389 
114 246 18 21 0.022792501 
407 273 27 38 0.022722675 
436 248 25 32 0.02225407 
835 235 14 20 0.021959271 
804 258 14 17 0.021418775 
166 237 23 30 0.021282712 
188 407 14 16 0.02073557 
206 468 11 14 0.020337217 
264 533 12 15 0.020200735 
269 509 9 11 0.020069022 
