26_Soldier_Drilling_Soldiers_Drilling_26_942
42
102 196 36 46 0.9730743 
356 199 37 44 0.93371993 
798 229 96 105 0.5611634 
213 195 42 53 0.4816197 
349 133 23 31 0.20932494 
295 274 28 41 0.113315895 
359 133 23 30 0.10739115 
371 135 16 23 0.10285473 
198 215 47 56 0.08366872 
228 406 179 234 0.07329816 
706 99 124 169 0.07325573 
549 289 33 40 0.06342104 
402 225 17 20 0.054205548 
183 234 45 55 0.052299306 
62 600 29 39 0.05204113 
330 259 51 61 0.049694214 
64 426 12 14 0.045045193 
761 163 115 178 0.045019273 
74 303 45 57 0.0402287 
89 313 19 21 0.03920296 
88 202 37 42 0.039003976 
306 258 50 57 0.038408887 
527 159 351 483 0.034429383 
239 332 13 17 0.032843925 
107 216 34 47 0.029284097 
440 293 31 54 0.028405527 
228 415 14 18 0.028193412 
397 92 13 15 0.027312327 
555 319 178 296 0.024507193 
84 210 16 21 0.023916427 
283 356 15 15 0.0231073 
229 212 30 47 0.023000175 
349 270 32 38 0.02209795 
331 281 31 39 0.021535903 
274 385 27 33 0.02140221 
311 247 85 97 0.02110148 
189 311 53 58 0.02107331 
56 257 38 48 0.020485355 
372 196 31 39 0.020420041 
319 367 12 15 0.020306325 
69 731 32 33 0.020196322 
234 409 15 19 0.020080063 
