26_Soldier_Drilling_Soldiers_Drilling_26_893
31
724 431 86 112 0.3721405 
467 84 34 52 0.2784247 
422 85 28 44 0.21240899 
23 103 419 503 0.13892455 
52 479 30 32 0.093926236 
249 226 444 486 0.07406353 
346 253 254 299 0.068037726 
210 302 114 152 0.057255268 
246 356 104 124 0.054455243 
54 257 254 276 0.050498836 
109 461 21 28 0.046634134 
431 111 34 47 0.044170782 
969 12 27 34 0.04015321 
994 6 29 48 0.039886136 
0 483 17 23 0.034019884 
247 270 44 44 0.03278971 
703 476 31 36 0.032699503 
461 307 366 433 0.029579781 
243 330 70 91 0.029348785 
254 283 56 74 0.028969977 
128 445 11 13 0.028436163 
128 478 30 43 0.027367748 
680 411 91 125 0.026186803 
729 413 59 83 0.026100462 
389 366 136 148 0.024351828 
964 17 19 24 0.024133753 
928 -2 28 27 0.023671051 
54 483 18 19 0.02177645 
948 2 16 18 0.020785607 
950 7 27 34 0.020760207 
196 4 419 467 0.020550124 
