26_Soldier_Drilling_Soldiers_Drilling_26_262
271
692 277 22 27 0.9958026 
620 318 23 28 0.99539906 
917 282 28 36 0.9951934 
275 294 23 28 0.99482465 
475 310 23 28 0.9947227 
575 273 22 29 0.99413365 
1003 267 21 30 0.9937721 
956 293 21 28 0.9934303 
759 326 23 29 0.9925283 
611 274 19 27 0.9919978 
801 286 24 28 0.99085075 
450 272 21 27 0.98736703 
725 282 23 29 0.9846304 
404 194 13 16 0.9828232 
535 267 24 28 0.9810884 
851 291 23 27 0.9755887 
781 272 21 25 0.97249186 
370 219 14 16 0.9666745 
127 263 22 26 0.96320707 
75 260 25 30 0.9567142 
301 210 16 19 0.95112836 
763 248 21 27 0.94245297 
486 242 13 17 0.9369128 
169 267 21 28 0.9306892 
650 233 14 18 0.9245968 
635 281 22 25 0.9219521 
339 258 23 29 0.9199231 
966 236 20 25 0.91874677 
866 253 18 23 0.9138646 
439 218 15 18 0.89664 
224 263 18 24 0.89608496 
682 219 15 21 0.8940577 
59 257 17 24 0.8713885 
219 231 17 21 0.8643085 
4 261 22 27 0.84238374 
428 263 17 22 0.8415819 
473 228 13 16 0.8386275 
592 240 15 18 0.8303333 
91 214 13 15 0.806745 
169 212 11 15 0.76851463 
300 266 19 22 0.74674356 
527 217 13 16 0.67304015 
391 264 17 22 0.66606164 
602 222 14 17 0.64665943 
123 238 17 21 0.63258463 
36 273 22 27 0.5896159 
244 261 16 21 0.5148707 
511 271 15 20 0.4927402 
206 252 12 17 0.46840307 
499 222 11 15 0.4620108 
150 248 15 20 0.44959176 
249 215 15 19 0.43903255 
522 241 17 19 0.41477165 
460 535 24 33 0.38726157 
105 258 16 19 0.37330863 
523 265 23 27 0.3596476 
421 260 15 20 0.34810984 
218 208 14 17 0.34772572 
354 227 13 15 0.33015436 
399 227 11 13 0.31989646 
584 226 12 16 0.3181513 
381 220 11 15 0.29069272 
404 221 11 14 0.2890642 
179 228 14 16 0.28130996 
648 278 18 23 0.2720035 
332 270 16 21 0.22689901 
804 249 13 16 0.22093831 
450 219 13 16 0.21771304 
232 259 20 25 0.20665863 
266 217 13 17 0.20495616 
978 279 16 22 0.17011999 
322 225 17 19 0.15860716 
126 43 11 13 0.14785852 
47 232 14 17 0.14026158 
263 235 13 19 0.13141733 
171 216 13 16 0.118619904 
689 253 18 21 0.117059134 
514 260 22 27 0.11617698 
122 244 22 27 0.11505062 
822 287 21 28 0.114211306 
323 260 13 17 0.10996704 
370 287 21 27 0.10856016 
828 253 22 26 0.10371367 
832 251 15 17 0.10180791 
386 219 12 14 0.09994609 
323 233 18 20 0.09730037 
60 213 14 17 0.08577301 
330 214 14 16 0.085143015 
415 257 13 19 0.0816418 
588 225 20 22 0.07893756 
697 249 18 20 0.07539086 
52 212 15 18 0.07374316 
265 189 12 15 0.07360048 
786 278 24 29 0.073408246 
358 286 25 29 0.07339619 
639 236 12 15 0.07268446 
115 223 10 13 0.0716054 
327 266 14 20 0.07114846 
899 268 13 18 0.070908755 
156 254 13 19 0.068145946 
679 216 13 18 0.06692519 
37 246 14 18 0.0663994 
349 257 19 22 0.06475398 
901 243 11 15 0.064413965 
434 267 20 25 0.064310424 
5 622 33 38 0.06342892 
155 204 14 18 0.06182708 
741 79 41 40 0.0613495 
715 236 15 18 0.061119385 
515 246 19 22 0.06043017 
261 256 15 20 0.060408328 
993 257 17 20 0.060240984 
19 621 33 42 0.05958687 
834 287 16 22 0.058651563 
140 242 20 26 0.05760917 
66 254 14 19 0.057584815 
610 220 11 16 0.05705377 
725 242 14 18 0.054553118 
284 237 11 16 0.05425018 
115 258 21 27 0.054153305 
42 240 16 19 0.05409661 
403 259 14 19 0.053451765 
669 217 14 21 0.052132163 
38 207 10 13 0.051317368 
415 237 13 15 0.04861431 
351 277 26 32 0.04859902 
131 518 43 49 0.047881193 
924 249 23 27 0.047586426 
768 255 23 31 0.04753562 
219 477 14 19 0.047388904 
523 223 15 18 0.047240295 
219 218 15 18 0.04633428 
0 260 12 21 0.045597393 
96 257 21 27 0.045570135 
502 268 12 16 0.043980543 
420 243 13 16 0.04315845 
263 227 14 18 0.042816244 
39 219 12 17 0.042299684 
380 285 19 26 0.042267006 
839 279 22 31 0.041822884 
970 88 57 61 0.04122818 
35 32 45 53 0.040463448 
407 254 12 17 0.040293775 
714 264 17 23 0.039801203 
549 237 14 17 0.039615452 
14 263 20 24 0.03924965 
176 232 13 17 0.03924217 
627 286 26 31 0.03879062 
195 252 19 24 0.038618445 
157 264 14 20 0.03813223 
284 268 15 18 0.038045317 
391 194 12 15 0.037157312 
67 212 12 15 0.036732733 
746 256 18 21 0.036439873 
497 216 9 12 0.035959244 
986 280 15 21 0.03546514 
809 246 15 17 0.034914196 
811 287 23 30 0.034630693 
267 204 12 17 0.034499105 
831 269 22 29 0.03437973 
678 244 12 16 0.034307208 
407 503 40 49 0.034085043 
237 203 13 16 0.034040496 
320 220 14 18 0.033974223 
488 215 9 11 0.03306675 
319 255 14 18 0.03303642 
67 263 18 24 0.032763213 
410 190 12 16 0.03273355 
843 276 14 19 0.032438114 
428 255 13 16 0.032367714 
846 539 15 23 0.0321977 
414 212 10 13 0.032181878 
154 246 25 32 0.031927597 
486 267 12 16 0.031903494 
312 257 20 26 0.031335372 
293 205 15 19 0.031274825 
663 220 13 17 0.031038221 
878 312 14 18 0.030730365 
460 221 10 14 0.030657798 
390 227 14 15 0.030414537 
913 256 22 25 0.030395394 
321 212 22 27 0.03033325 
331 240 16 19 0.030295582 
163 259 17 23 0.030003084 
620 309 18 23 0.029897436 
819 256 23 27 0.029861853 
149 207 14 17 0.029679304 
394 223 19 22 0.029076405 
285 228 11 15 0.028894419 
610 262 18 21 0.028801374 
185 228 14 17 0.028452255 
466 275 14 20 0.02842578 
650 319 16 21 0.028321171 
438 280 14 19 0.028253261 
371 501 58 66 0.028045762 
493 266 13 17 0.028039427 
500 216 12 15 0.027929623 
182 204 11 14 0.02781754 
213 235 19 25 0.027811537 
717 282 17 24 0.027668893 
433 220 12 16 0.027284184 
208 251 20 27 0.027217507 
636 316 22 29 0.02721445 
631 238 13 15 0.027202902 
261 265 13 18 0.027199112 
3 239 36 51 0.027191347 
592 277 20 29 0.027127232 
464 228 11 14 0.027115531 
898 289 13 17 0.027102502 
708 240 14 19 0.027024185 
601 229 16 21 0.02674067 
42 216 21 25 0.026468154 
707 313 16 20 0.026303945 
421 213 11 14 0.026203599 
487 222 9 12 0.026150122 
110 224 12 16 0.026074681 
98 213 12 15 0.026025949 
32 248 13 19 0.025926245 
382 215 19 23 0.025868544 
45 207 11 14 0.02567942 
45 211 15 19 0.02562819 
280 271 23 28 0.025532892 
640 232 20 23 0.02551978 
786 262 17 20 0.025472444 
968 295 16 23 0.025338553 
443 259 16 20 0.025269026 
522 247 22 28 0.025089825 
701 221 11 15 0.025074027 
718 267 22 29 0.024751903 
32 241 23 29 0.024690494 
87 208 12 14 0.024612494 
149 238 14 19 0.024223639 
187 234 14 18 0.024204243 
530 222 14 19 0.02415211 
835 264 17 21 0.023943357 
123 60 37 49 0.02371447 
292 270 18 22 0.023676142 
387 293 15 21 0.023550985 
878 284 14 19 0.023306986 
803 255 16 20 0.023298642 
684 246 13 16 0.023122333 
29 506 11 14 0.022822898 
334 232 22 27 0.022738019 
406 217 10 12 0.022659963 
287 296 18 22 0.022428207 
676 233 14 16 0.02240681 
179 257 26 29 0.022128487 
275 283 19 23 0.022075063 
931 246 16 19 0.022052998 
41 252 23 28 0.02191516 
153 194 16 19 0.021853847 
910 258 15 19 0.021840572 
107 49 13 17 0.021712886 
484 228 12 16 0.021619285 
813 259 16 20 0.02160849 
599 216 13 15 0.021541791 
518 228 14 17 0.021251865 
703 257 21 28 0.021246726 
357 491 48 67 0.021220693 
714 246 20 25 0.021141004 
792 258 21 26 0.02108363 
16 178 23 32 0.021000959 
976 235 16 22 0.020966962 
485 276 14 18 0.020794755 
895 536 29 41 0.020556562 
693 215 12 16 0.020538088 
351 261 26 30 0.020464187 
51 220 23 27 0.020401806 
451 262 16 19 0.020357804 
430 214 12 16 0.020119581 
230 211 12 16 0.02005672 
