26_Soldier_Drilling_Soldiers_Drilling_26_359
39
508 660 65 94 0.9544305 
589 1211 21 25 0.28646135 
102 1506 39 44 0.18437208 
119 1394 29 35 0.1741565 
663 330 57 80 0.14856935 
876 114 105 104 0.12845255 
473 621 111 143 0.12332423 
13 1441 47 76 0.06585434 
534 694 38 60 0.06331526 
653 283 62 71 0.06139612 
111 1417 37 48 0.057013456 
759 184 53 71 0.05200274 
696 327 47 68 0.05050188 
558 459 32 41 0.047447894 
397 530 191 280 0.04269245 
827 114 112 109 0.035709057 
643 385 27 43 0.034214288 
26 1432 31 54 0.03354403 
536 663 63 95 0.03279638 
761 166 99 119 0.03213677 
739 131 188 216 0.031835493 
523 1214 98 148 0.030748252 
450 679 53 66 0.029380715 
646 311 55 84 0.027125904 
636 337 48 72 0.02651251 
450 840 98 115 0.026198441 
460 952 30 35 0.02614491 
552 783 53 56 0.024959102 
396 777 61 89 0.023349388 
648 291 39 50 0.02330059 
463 706 106 120 0.02316121 
579 608 34 49 0.022744367 
587 614 49 78 0.022375163 
2 1443 35 54 0.021699596 
284 1497 24 32 0.021543156 
885 67 34 47 0.021362066 
-1 1446 84 104 0.020615784 
579 340 25 32 0.020524774 
480 841 36 44 0.020379426 
