26_Soldier_Drilling_Soldiers_Drilling_26_619
86
816 245 23 25 0.9832554 
459 213 33 40 0.94887656 
645 442 59 67 0.8020775 
212 147 18 22 0.3549947 
356 236 49 64 0.27226576 
53 237 27 34 0.25922087 
375 240 27 37 0.25708562 
980 98 17 21 0.23087476 
762 297 27 30 0.22717422 
134 258 14 18 0.20691288 
65 202 17 23 0.13654459 
177 160 15 18 0.12084604 
891 371 18 22 0.118008755 
67 240 16 21 0.11482737 
466 28 505 578 0.10187647 
866 310 9 11 0.08343804 
805 246 14 19 0.07724483 
117 252 22 28 0.07592111 
114 250 17 21 0.07487017 
239 24 23 29 0.07211684 
677 315 14 18 0.0652911 
409 330 27 32 0.05822432 
701 248 15 17 0.05456821 
384 253 17 22 0.053759374 
650 228 16 18 0.052186005 
560 93 22 32 0.051057503 
179 148 16 19 0.050349396 
260 510 10 12 0.046922784 
187 155 13 16 0.046109345 
941 350 26 29 0.044943865 
288 24 16 17 0.04483677 
505 29 11 14 0.044307794 
754 306 31 36 0.04176466 
998 91 12 16 0.037935983 
934 354 18 19 0.03765298 
112 276 11 15 0.03660008 
719 361 10 14 0.03590439 
618 119 13 16 0.03494218 
177 137 16 19 0.033355255 
770 279 14 16 0.033266317 
261 516 9 11 0.032684825 
3 208 40 56 0.031905722 
689 238 29 27 0.031890735 
223 508 9 12 0.031796377 
823 247 25 30 0.031678054 
207 468 9 12 0.031410124 
329 209 89 109 0.030841682 
272 484 10 12 0.030781822 
852 332 26 30 0.029825805 
188 407 13 14 0.0286537 
985 94 17 20 0.027294055 
265 526 9 11 0.027283547 
691 154 444 501 0.02710557 
201 436 14 15 0.026673842 
773 379 28 36 0.025877103 
818 350 12 14 0.025865046 
446 214 29 36 0.025662359 
57 207 28 33 0.02531517 
805 341 24 28 0.025151324 
273 503 8 11 0.024462814 
755 299 19 21 0.024440752 
296 500 8 10 0.024369841 
229 492 9 11 0.024162991 
48 216 44 50 0.024117732 
208 507 10 13 0.02393958 
238 508 11 12 0.023633732 
223 461 11 14 0.02347995 
775 300 27 31 0.023009721 
45 251 40 44 0.02274249 
730 355 30 33 0.02238092 
231 510 10 11 0.022284383 
969 87 24 29 0.022060635 
157 36 10 14 0.02187335 
588 106 11 15 0.021850958 
638 244 11 14 0.021611692 
853 334 15 18 0.021450363 
-4 208 164 239 0.021011434 
144 243 13 16 0.020904582 
141 213 26 33 0.020891028 
48 -102 403 553 0.020847427 
965 359 15 19 0.020654596 
214 530 11 13 0.020597488 
104 252 12 17 0.020588394 
830 382 12 14 0.020571044 
137 239 23 30 0.020401772 
764 282 24 30 0.02018928 
