26_Soldier_Drilling_Soldiers_Drilling_26_204
438
371 255 29 34 0.9653757 
439 197 23 27 0.914813 
452 142 17 22 0.8649596 
943 171 12 15 0.6016246 
900 177 13 17 0.49260548 
922 228 21 28 0.446392 
988 163 11 14 0.44535294 
887 151 12 15 0.43487537 
860 284 27 30 0.4247806 
906 209 15 20 0.39905953 
477 136 14 20 0.3335185 
661 114 11 14 0.3279569 
239 70 8 11 0.31792122 
990 119 10 13 0.30736238 
810 372 12 15 0.30263028 
741 110 12 15 0.30105352 
944 115 9 12 0.29762056 
713 124 12 15 0.29219753 
1013 125 9 13 0.27644616 
777 312 17 24 0.2738211 
598 119 11 14 0.26385397 
912 117 11 13 0.25894186 
892 356 17 22 0.255433 
870 315 28 35 0.25399882 
858 125 9 11 0.2539608 
967 116 8 11 0.24892256 
803 217 25 30 0.248893 
841 188 21 28 0.2474983 
501 107 11 15 0.24432617 
968 198 12 14 0.24328591 
967 211 12 16 0.23484933 
969 149 15 17 0.23434603 
950 268 22 29 0.23369138 
925 220 15 20 0.22340217 
730 323 15 18 0.22122183 
732 132 12 16 0.21320379 
732 303 14 17 0.20517379 
678 133 11 14 0.19763607 
982 205 16 18 0.19756073 
705 224 17 23 0.19525136 
1003 241 15 21 0.19179888 
892 271 17 21 0.18986163 
945 258 16 22 0.18822546 
194 80 10 12 0.18743475 
636 169 13 16 0.18481877 
948 116 10 13 0.1842262 
687 122 10 12 0.1837597 
948 166 13 16 0.17736048 
584 84 9 13 0.17687346 
994 189 14 18 0.17236435 
685 172 14 19 0.15923262 
743 286 13 16 0.15105933 
850 189 14 20 0.149544 
648 164 11 16 0.14539625 
621 157 12 15 0.14320885 
851 328 16 22 0.14249003 
836 135 12 14 0.14227726 
822 139 11 13 0.1414559 
663 125 10 14 0.14086367 
911 112 9 13 0.13897951 
821 304 23 30 0.13784692 
918 298 23 27 0.13641256 
946 174 14 18 0.13432784 
793 220 27 35 0.12956904 
868 300 29 36 0.12487035 
691 171 16 19 0.12298397 
974 112 11 13 0.12257435 
1011 301 13 23 0.120742746 
973 128 12 13 0.119246855 
657 111 9 13 0.11871138 
862 120 9 11 0.115464665 
735 110 11 14 0.10808865 
773 271 13 20 0.1080249 
984 116 11 13 0.105649404 
927 111 8 11 0.103841595 
700 194 14 19 0.098574735 
734 276 14 16 0.09635167 
912 149 8 12 0.09378575 
881 149 11 14 0.0937479 
651 76 11 14 0.08989922 
920 111 10 12 0.089649335 
843 164 13 17 0.08944934 
696 94 8 12 0.08876539 
960 119 10 12 0.088335976 
677 172 14 18 0.086139016 
989 195 16 19 0.085782714 
937 115 8 11 0.084485196 
672 94 9 10 0.084394954 
984 124 12 14 0.08274204 
629 79 8 11 0.080094054 
866 94 8 11 0.07935192 
686 207 15 20 0.07908424 
704 88 8 9 0.07723817 
844 282 15 20 0.07643451 
712 278 10 13 0.07631456 
996 211 13 18 0.07505529 
1011 147 11 16 0.0737357 
971 202 14 19 0.07129234 
671 88 9 10 0.07114467 
821 162 14 18 0.07108809 
896 127 8 11 0.07105715 
798 405 15 18 0.071044095 
894 185 16 21 0.069970556 
649 83 9 13 0.06812778 
701 92 9 11 0.06628056 
887 110 8 11 0.06627273 
750 135 12 15 0.06626867 
784 222 24 36 0.066145614 
1013 180 10 16 0.0649972 
742 389 14 20 0.06374794 
447 205 19 22 0.06374526 
694 117 9 12 0.062812686 
833 340 23 33 0.0625569 
703 112 9 11 0.062461175 
910 208 20 26 0.060915824 
734 92 8 11 0.060571346 
855 326 24 28 0.06050697 
832 109 8 11 0.060334362 
918 370 43 57 0.05970495 
671 100 9 11 0.059268452 
796 269 13 19 0.059231725 
901 131 10 14 0.05921376 
898 191 16 21 0.059061464 
717 277 10 13 0.05875894 
728 301 13 16 0.058584567 
816 140 12 13 0.0581644 
690 95 8 10 0.05778937 
949 334 17 23 0.056211777 
605 107 11 15 0.055217173 
751 307 13 17 0.05501763 
732 313 16 20 0.054439448 
897 103 8 10 0.054214448 
723 167 18 22 0.054032553 
728 104 10 12 0.053814925 
667 118 11 14 0.05370646 
669 126 10 13 0.052914582 
854 181 13 17 0.05266604 
630 166 14 17 0.05252526 
751 78 9 11 0.05215919 
774 114 12 14 0.051557396 
896 131 10 13 0.05100961 
724 327 16 20 0.05092736 
754 139 13 16 0.05047624 
755 387 15 19 0.050350405 
679 127 11 13 0.049793687 
690 88 8 9 0.04978388 
995 203 15 18 0.04958549 
745 112 14 17 0.049012437 
344 54 9 11 0.048841428 
641 162 19 26 0.048752036 
895 118 9 10 0.048513345 
669 238 22 29 0.04842617 
867 172 13 16 0.048013043 
852 283 19 23 0.047841933 
830 313 25 35 0.047131512 
1007 131 11 13 0.04708081 
758 166 21 32 0.046995737 
678 95 8 10 0.045279633 
746 291 13 15 0.04505823 
854 140 9 12 0.044932503 
844 333 17 23 0.044108555 
835 176 22 29 0.04404927 
999 133 11 14 0.043972824 
911 155 9 11 0.0436143 
750 389 12 18 0.043605532 
984 158 11 15 0.04342786 
821 300 16 22 0.04296815 
667 87 7 10 0.042920046 
683 251 22 32 0.042776484 
620 159 19 24 0.04277002 
917 205 12 16 0.042634726 
932 139 11 14 0.042412564 
936 363 29 38 0.042307816 
248 63 9 11 0.042209104 
682 138 14 16 0.042127907 
470 138 15 21 0.041980434 
829 138 13 15 0.041804865 
847 139 9 11 0.041426014 
981 214 16 19 0.04137222 
879 133 8 11 0.041339397 
644 123 11 13 0.0410496 
1008 142 12 14 0.040460654 
712 84 9 12 0.040437583 
715 177 14 20 0.04022287 
696 111 9 11 0.04018003 
979 158 18 25 0.03979855 
583 156 12 15 0.039540935 
941 211 12 16 0.039342467 
860 179 13 18 0.03883922 
699 162 15 18 0.038679525 
886 144 10 14 0.03841905 
602 115 12 16 0.03817554 
981 112 10 12 0.03771163 
978 239 17 21 0.03768922 
681 118 9 12 0.03760068 
812 146 12 15 0.03719076 
657 257 243 249 0.0369236 
738 301 14 17 0.036722004 
873 134 9 12 0.03661896 
459 140 22 28 0.03624758 
752 177 21 31 0.03621493 
896 350 24 32 0.036093064 
934 190 11 14 0.036078837 
901 202 17 23 0.03593598 
375 186 27 33 0.03579373 
888 102 8 10 0.03561146 
626 167 22 28 0.035459187 
895 109 8 11 0.035017002 
666 166 22 27 0.03481174 
786 313 16 21 0.034592874 
880 128 7 10 0.034462593 
969 162 16 20 0.03437323 
674 143 15 18 0.034191124 
1004 210 14 17 0.03386956 
990 213 21 27 0.033748467 
772 263 23 32 0.033593204 
1007 120 18 24 0.033574402 
887 95 9 10 0.03350906 
906 174 14 17 0.033333007 
689 100 8 11 0.033158485 
276 78 10 12 0.03312522 
906 249 15 18 0.033065524 
853 173 13 18 0.03298991 
749 314 13 17 0.032920644 
728 277 11 13 0.032917313 
245 68 9 12 0.032836165 
954 170 14 18 0.032701116 
915 122 11 14 0.032523602 
880 146 19 25 0.032511316 
767 112 12 16 0.03239267 
881 110 8 11 0.032370415 
968 125 10 13 0.032256465 
839 158 13 16 0.031901095 
679 205 13 17 0.031886384 
855 133 9 11 0.031834155 
785 261 21 31 0.031527802 
871 110 9 10 0.031454347 
1004 228 14 18 0.031345773 
289 46 10 12 0.03131941 
854 150 11 13 0.031299785 
344 50 8 9 0.031266306 
957 123 11 13 0.03126615 
667 94 7 10 0.031121738 
999 139 12 15 0.030910622 
240 75 9 12 0.030801477 
672 131 11 14 0.030749992 
864 112 8 10 0.030744515 
1001 280 26 35 0.030741531 
780 25 16 20 0.030316098 
690 179 22 28 0.03029464 
637 121 12 16 0.03025251 
862 172 13 18 0.03016437 
727 296 11 14 0.030146996 
863 166 11 14 0.030077277 
807 148 12 14 0.029976381 
829 192 25 30 0.029910691 
652 145 13 16 0.029790599 
686 198 12 15 0.029617915 
881 143 9 12 0.029605811 
945 346 25 33 0.029588513 
829 117 9 10 0.029565074 
971 140 16 18 0.029493425 
256 55 9 11 0.029255215 
996 224 16 19 0.029169757 
718 84 9 12 0.029021243 
836 167 18 23 0.028939737 
577 79 11 14 0.028937059 
962 150 10 14 0.028875265 
653 165 22 28 0.02868404 
1002 196 13 15 0.028657887 
696 88 8 10 0.028593395 
903 118 10 12 0.02857849 
688 317 13 16 0.028452966 
653 178 12 17 0.02843796 
624 169 12 17 0.0283706 
679 101 8 10 0.028305719 
927 133 10 14 0.028240956 
881 93 9 10 0.02821309 
272 70 8 11 0.028173935 
825 161 19 26 0.028028494 
272 64 8 9 0.027994685 
652 169 12 17 0.027919391 
795 155 12 15 0.027650734 
938 166 20 26 0.027640773 
648 141 12 15 0.027568342 
924 205 13 17 0.027558018 
673 128 20 25 0.027525831 
838 110 8 10 0.02751465 
637 160 12 15 0.027398542 
840 293 23 30 0.027378235 
694 205 22 30 0.027371887 
994 124 12 14 0.027262196 
879 273 24 30 0.027160086 
784 237 26 39 0.027095849 
738 281 21 25 0.027050646 
705 124 10 13 0.026865128 
804 301 11 15 0.026656412 
705 183 21 29 0.026578454 
583 149 13 16 0.026565041 
755 312 15 19 0.026462672 
793 126 10 12 0.026447598 
733 104 10 15 0.026433518 
953 259 16 21 0.026392343 
677 292 13 17 0.026339415 
649 70 11 14 0.026287334 
711 102 9 12 0.026281977 
821 145 12 15 0.026277602 
998 235 16 21 0.026267605 
997 184 20 25 0.026210692 
683 194 24 30 0.026194539 
1003 217 15 19 0.02606908 
940 249 37 47 0.026067186 
989 328 24 32 0.026026903 
954 282 18 24 0.025856532 
692 250 15 23 0.025816375 
676 207 22 29 0.025808608 
986 285 38 53 0.025785638 
868 275 25 31 0.025624653 
897 256 22 28 0.025611844 
989 127 13 16 0.025610404 
825 109 9 11 0.025587989 
1010 119 10 14 0.025500389 
724 126 15 18 0.02541862 
849 298 24 29 0.025397219 
755 303 12 16 0.025393065 
893 209 23 30 0.025360435 
700 196 23 30 0.02533685 
798 149 12 15 0.025304517 
764 308 16 22 0.025277514 
959 150 21 26 0.025213292 
949 160 12 14 0.025106689 
956 179 12 16 0.025036914 
799 307 13 17 0.025027286 
752 83 9 12 0.024927415 
744 125 21 26 0.024742998 
661 171 13 17 0.02466385 
763 377 16 20 0.02463519 
917 238 16 20 0.024633106 
673 188 12 15 0.024616787 
894 142 11 14 0.024552483 
700 252 14 19 0.024472732 
828 297 23 30 0.024353677 
779 353 13 16 0.024288118 
830 178 15 19 0.024281925 
940 194 12 16 0.024238339 
977 223 24 29 0.024193056 
1010 235 14 21 0.024153402 
604 173 11 13 0.024086956 
733 292 13 16 0.024085475 
896 94 8 10 0.02404783 
748 192 16 21 0.024025124 
987 284 24 32 0.023999257 
995 118 10 13 0.023967646 
579 35 11 15 0.023960307 
653 110 18 23 0.023950847 
732 289 21 26 0.023909345 
951 122 11 13 0.023655757 
868 333 18 22 0.02363025 
883 159 15 18 0.023537613 
709 173 13 19 0.023489287 
680 163 43 54 0.023472393 
908 197 14 17 0.023420554 
839 198 23 34 0.023298033 
981 130 12 15 0.023297941 
712 70 9 10 0.023249693 
775 175 25 29 0.023247967 
1012 228 12 18 0.023194665 
709 110 9 12 0.02311963 
616 162 12 15 0.023115344 
991 157 20 26 0.023103971 
254 61 9 11 0.023024803 
279 55 8 10 0.022878004 
845 299 14 19 0.022872442 
932 238 24 31 0.02279751 
992 183 12 16 0.022738304 
889 127 8 11 0.022687418 
607 164 11 13 0.022647379 
743 113 22 26 0.02255645 
933 206 12 15 0.022546005 
703 118 20 25 0.022530118 
692 142 11 14 0.022283101 
733 383 24 33 0.02220599 
813 243 27 34 0.02216456 
904 110 8 11 0.022123788 
799 140 12 14 0.022052737 
980 113 19 23 0.022012958 
941 244 23 31 0.022011595 
702 209 23 33 0.022011563 
811 150 23 27 0.021951422 
716 134 14 18 0.021907905 
646 177 13 17 0.021849746 
911 204 38 49 0.0218468 
677 196 11 15 0.021730714 
749 169 15 21 0.0217301 
1004 144 21 25 0.021697631 
743 296 21 24 0.021695402 
843 405 16 19 0.021629065 
741 138 14 17 0.021514315 
815 155 14 16 0.02142037 
856 111 8 10 0.021419024 
623 133 10 13 0.021418823 
359 229 47 59 0.02139171 
351 195 51 67 0.021346318 
698 177 16 18 0.021288672 
672 223 23 33 0.021240948 
871 294 20 25 0.021225361 
845 217 25 35 0.02116834 
647 110 10 12 0.021126563 
656 104 8 11 0.02107895 
735 108 19 23 0.021042084 
670 81 9 10 0.02102629 
630 132 11 14 0.020975776 
692 217 22 30 0.02097306 
935 125 9 11 0.020864816 
246 78 9 11 0.020864442 
901 93 9 11 0.020849472 
861 175 21 26 0.02084756 
862 140 10 12 0.02080134 
829 350 17 26 0.02078993 
613 146 15 19 0.020766804 
640 110 9 11 0.020727172 
633 118 10 13 0.02068063 
750 389 24 28 0.020521022 
997 320 24 35 0.020415302 
692 123 10 12 0.020360332 
901 168 13 16 0.020351661 
970 106 20 24 0.020328829 
908 112 18 22 0.020290663 
719 331 14 17 0.02029023 
934 208 22 27 0.020275353 
657 118 20 25 0.02027413 
700 173 52 61 0.020253252 
901 102 8 11 0.020151151 
438 99 12 15 0.020146603 
862 157 12 14 0.020137446 
931 212 14 18 0.020074654 
990 338 16 18 0.020041058 
986 232 17 22 0.020035204 
