26_Soldier_Drilling_Soldiers_Drilling_26_85
57
59 352 31 40 0.9992472 
217 360 27 33 0.9980987 
599 397 29 34 0.9965994 
-1 600 30 51 0.986945 
386 381 9 12 0.60725904 
187 419 12 15 0.1834678 
765 331 22 31 0.10811426 
222 639 26 39 0.09027927 
246 396 12 16 0.088270366 
566 130 21 25 0.07047123 
425 1199 35 41 0.070099525 
463 1073 76 58 0.06833074 
488 416 9 11 0.06730075 
236 400 22 28 0.0646964 
326 390 8 10 0.06297908 
378 615 37 42 0.06131059 
260 731 33 37 0.06052877 
279 637 22 38 0.059320364 
227 402 15 20 0.056060787 
528 98 26 29 0.05214032 
252 402 14 18 0.05068744 
266 424 13 18 0.050035983 
72 460 20 21 0.046658926 
986 884 44 57 0.044033263 
183 427 13 18 0.043246258 
327 383 8 10 0.03849414 
492 414 8 12 0.03737429 
931 486 10 14 0.03476137 
390 386 9 13 0.03438235 
431 391 7 9 0.03325414 
239 396 14 17 0.03298096 
232 636 29 39 0.032274276 
395 716 110 150 0.02943155 
374 395 11 14 0.02880144 
471 407 8 9 0.027563814 
196 405 10 13 0.026936991 
755 943 152 135 0.026182953 
993 440 7 10 0.02596177 
382 375 18 23 0.025698584 
480 408 6 9 0.025089364 
235 644 16 26 0.02508875 
476 445 10 14 0.024942981 
760 320 21 32 0.024686718 
362 405 9 13 0.0244477 
802 880 226 231 0.02425031 
4 723 17 21 0.023807757 
470 1052 73 54 0.023453942 
449 429 7 9 0.02327332 
261 410 12 16 0.023077581 
408 404 9 13 0.022373937 
230 380 24 31 0.021963174 
762 322 14 19 0.021806963 
477 1078 37 33 0.021537876 
1015 462 8 11 0.020803625 
449 1229 47 55 0.020701945 
492 1072 36 30 0.02031247 
400 397 9 12 0.020229869 
