26_Soldier_Drilling_Soldiers_Drilling_26_750
25
25 230 100 185 0.9963329 
459 247 94 123 0.99573463 
762 161 83 154 0.9141697 
313 270 52 72 0.8973414 
794 168 105 154 0.4905449 
840 160 89 129 0.07659624 
166 315 13 17 0.058705557 
818 718 13 19 0.055362213 
651 588 15 21 0.050678447 
721 645 29 38 0.03969988 
609 390 355 500 0.036692508 
155 331 13 17 0.035642575 
623 458 12 16 0.034871385 
704 492 115 163 0.032935735 
731 648 18 24 0.03270338 
778 401 203 330 0.027717037 
289 240 86 115 0.026902203 
627 481 30 41 0.024184018 
156 324 15 18 0.024079964 
772 276 115 117 0.023632754 
182 319 401 528 0.021980783 
140 325 13 15 0.021783972 
266 103 25 28 0.021518523 
708 629 53 62 0.021252997 
574 302 12 14 0.020587124 
