26_Soldier_Drilling_Soldiers_Drilling_26_31
78
532 213 37 45 0.9981686 
663 198 38 42 0.99683714 
804 157 46 53 0.99376124 
380 176 40 46 0.99361044 
235 187 38 46 0.9874765 
313 385 16 20 0.23039918 
706 192 26 32 0.2041543 
652 576 18 19 0.16274579 
764 188 26 34 0.109235875 
556 218 27 37 0.107436515 
670 122 13 16 0.093075156 
863 177 23 32 0.06518188 
461 217 27 38 0.051764823 
522 215 32 36 0.049784616 
310 407 12 17 0.049520906 
509 214 26 33 0.04717851 
733 31 10 13 0.04524848 
253 65 28 36 0.0428808 
855 91 11 16 0.04271034 
675 156 25 30 0.041528914 
788 169 17 20 0.040376227 
249 288 17 20 0.040197633 
608 189 12 16 0.03641317 
895 161 23 30 0.034726378 
836 159 28 36 0.034535766 
211 178 30 39 0.03361867 
309 391 21 30 0.033189822 
868 2 15 15 0.03268947 
792 164 27 33 0.030927988 
411 149 14 18 0.030092875 
269 167 13 17 0.029962827 
393 112 24 34 0.029571233 
568 225 18 22 0.029405154 
695 196 28 35 0.02922775 
845 170 16 20 0.028425919 
724 168 14 16 0.028081233 
827 109 11 13 0.028017621 
328 412 23 31 0.027886366 
537 609 17 18 0.027726509 
599 31 8 9 0.027595954 
576 132 10 11 0.027409215 
566 16 8 10 0.027386833 
591 416 26 34 0.026426122 
618 351 26 30 0.02616252 
274 188 25 33 0.02590233 
942 199 11 15 0.02581991 
697 49 8 10 0.02559602 
615 419 17 19 0.02483152 
862 0 14 13 0.024818195 
869 124 12 16 0.024623796 
624 355 17 19 0.024386477 
989 207 10 12 0.024080107 
672 45 9 12 0.024040898 
729 35 9 11 0.023907801 
416 182 27 36 0.0233408 
897 0 10 11 0.02313377 
718 37 9 12 0.02311634 
238 53 48 61 0.02310325 
348 181 25 32 0.022881305 
593 23 8 10 0.022763446 
870 9 13 15 0.022685988 
823 112 12 15 0.022579363 
335 413 13 17 0.022457756 
384 121 28 37 0.021645071 
988 241 12 17 0.02135502 
396 160 30 43 0.021124436 
612 181 14 17 0.02110291 
813 92 9 12 0.021056568 
375 168 31 40 0.02103549 
774 174 25 32 0.02102767 
760 396 12 14 0.020901937 
878 100 9 11 0.02087018 
767 46 9 11 0.020786429 
667 144 43 50 0.02077404 
568 21 7 10 0.020686962 
386 185 24 30 0.020644967 
945 191 9 12 0.020115986 
777 188 17 22 0.02007057 
