26_Soldier_Drilling_Soldiers_Drilling_26_223
72
615 97 28 34 0.99909735 
719 103 35 39 0.99775404 
276 112 28 33 0.99773705 
513 76 36 41 0.99763596 
912 110 39 48 0.99181914 
383 112 25 30 0.9917984 
203 123 22 27 0.977818 
408 95 23 28 0.9641209 
88 129 23 27 0.9422561 
17 129 19 23 0.9346861 
161 141 19 23 0.92314535 
127 153 17 20 0.8988789 
395 103 26 32 0.52117896 
465 107 23 29 0.41563454 
66 137 13 18 0.3899277 
676 139 16 21 0.32879147 
223 238 13 18 0.24102773 
135 245 10 14 0.24023297 
316 249 13 16 0.17248368 
49 244 12 16 0.1469573 
200 185 15 19 0.13864285 
468 102 17 20 0.11678791 
667 142 17 24 0.10054522 
573 232 24 35 0.09553105 
624 183 18 21 0.083532244 
491 110 14 19 0.077873126 
673 144 22 29 0.07713889 
20 119 16 18 0.07320428 
85 185 12 15 0.06947593 
444 110 12 17 0.06297685 
716 120 31 36 0.059092507 
5 185 13 21 0.057022646 
364 128 14 19 0.04857157 
620 167 38 43 0.046998445 
479 105 20 26 0.04695281 
575 141 11 13 0.045513824 
20 174 10 14 0.039923657 
149 198 15 19 0.03861373 
110 141 12 16 0.03821883 
63 141 12 18 0.03668365 
682 136 13 15 0.03591945 
77 184 15 16 0.035079014 
702 132 13 16 0.03412246 
454 110 20 27 0.03395922 
156 195 13 18 0.032667976 
205 200 15 19 0.031477127 
419 159 28 33 0.031129504 
95 142 16 20 0.030746412 
310 246 23 29 0.030516818 
125 142 14 17 0.030208195 
120 211 10 13 0.027550947 
580 140 11 14 0.027336553 
73 187 12 15 0.026760593 
461 117 17 23 0.026093228 
169 134 16 20 0.024935368 
140 155 12 16 0.024871247 
183 197 12 16 0.02444292 
116 141 11 15 0.024243817 
889 242 19 19 0.024072232 
1 171 22 35 0.023170413 
364 120 22 30 0.022740977 
882 223 32 38 0.02260364 
78 134 20 24 0.022345101 
53 147 13 15 0.022091683 
121 148 12 16 0.021922383 
425 168 17 20 0.021922013 
670 136 13 17 0.02184797 
705 132 24 31 0.02151953 
195 171 22 31 0.021462122 
24 125 15 19 0.020712722 
70 179 23 28 0.020531379 
335 124 12 15 0.020244151 
