26_Soldier_Drilling_Soldiers_Drilling_26_764
25
692 126 21 28 0.994464 
87 134 9 13 0.9286876 
69 140 9 11 0.41962683 
740 167 10 15 0.16041356 
214 132 29 34 0.11859971 
181 167 60 68 0.09920468 
806 165 9 11 0.08845184 
190 141 53 62 0.07229303 
834 140 32 52 0.05974566 
200 125 29 36 0.054256495 
184 181 39 40 0.053396292 
802 164 8 12 0.047979333 
174 193 67 76 0.04408466 
81 128 17 21 0.040487263 
118 140 27 44 0.03950316 
147 194 102 124 0.03930133 
70 144 12 15 0.037163205 
828 344 15 17 0.029673941 
205 121 46 57 0.029251253 
169 136 24 36 0.026471308 
734 164 18 23 0.025073115 
191 164 86 120 0.023600228 
156 137 14 20 0.022693437 
581 116 491 511 0.020997271 
815 364 66 55 0.020018622 
