26_Soldier_Drilling_Soldiers_Drilling_26_832
40
785 221 65 78 0.99851424 
434 212 63 78 0.9941082 
554 268 44 55 0.934764 
835 425 131 152 0.857606 
789 349 207 253 0.3254519 
275 454 38 45 0.30394164 
42 306 14 17 0.19000623 
12 334 14 17 0.16111207 
302 314 13 15 0.10134901 
348 305 13 15 0.10043591 
669 508 41 37 0.07836146 
986 323 14 20 0.06631657 
655 343 37 51 0.063170135 
207 325 12 15 0.053324994 
173 316 13 18 0.053195387 
106 299 14 18 0.045896627 
665 480 50 54 0.04580113 
69 319 11 14 0.045615736 
299 336 16 18 0.04518935 
707 300 16 20 0.042961903 
216 311 10 12 0.04228924 
264 339 14 17 0.041283045 
362 354 14 18 0.040649958 
351 321 22 28 0.037240256 
160 358 11 15 0.035387788 
646 286 14 20 0.031637657 
64 323 13 16 0.029796459 
725 220 319 430 0.02728994 
317 475 17 22 0.024623835 
208 320 10 12 0.024005122 
306 310 13 17 0.023885915 
254 316 11 14 0.023672124 
77 388 21 33 0.023380738 
722 257 51 72 0.022951903 
262 317 12 16 0.02283474 
247 315 11 15 0.022402627 
747 230 75 94 0.02215226 
723 427 229 258 0.021973835 
232 325 13 15 0.021744015 
235 330 13 15 0.020723838 
