26_Soldier_Drilling_Soldiers_Drilling_26_689
29
332 143 88 141 0.9976432 
630 209 23 30 0.8841212 
244 114 66 90 0.695592 
373 162 76 115 0.35189274 
131 145 23 31 0.2524039 
165 160 22 30 0.2092024 
276 124 107 148 0.13779025 
636 247 28 35 0.089086555 
74 291 13 17 0.087488726 
419 1 23 29 0.06415195 
159 160 17 23 0.060655516 
90 285 13 18 0.054395687 
410 179 51 81 0.045815222 
133 158 28 31 0.045185443 
85 285 22 30 0.04043188 
594 322 19 21 0.0374972 
621 209 43 62 0.03694887 
298 103 17 20 0.03613152 
456 402 28 29 0.03606074 
138 173 32 35 0.034588 
735 276 9 12 0.030588532 
86 300 22 28 0.02937756 
152 166 30 35 0.02729044 
175 162 16 24 0.025809 
449 224 44 63 0.024763785 
225 121 52 84 0.024755195 
74 315 16 18 0.024297878 
416 277 44 69 0.023651574 
625 255 31 41 0.020079603 
