12_Group_Large_Group_12_Group_Large_Group_12_354
40
352 336 52 70 0.99927694 
215 357 71 93 0.99788743 
17 301 85 140 0.9962424 
444 368 36 49 0.98872405 
819 254 201 368 0.9808008 
655 369 49 87 0.80080956 
264 457 49 59 0.24911477 
291 347 49 66 0.10010975 
721 347 247 247 0.08560683 
631 391 14 21 0.084239 
618 498 31 45 0.07189957 
169 464 10 12 0.0540919 
599 237 414 440 0.051210288 
181 567 29 35 0.050298028 
651 401 61 88 0.046659444 
146 341 351 424 0.045038644 
529 421 23 32 0.041534334 
739 358 32 50 0.03743603 
202 478 11 15 0.03308575 
244 520 110 126 0.03242013 
201 615 57 74 0.031491116 
684 378 54 78 0.03133153 
547 423 18 25 0.030251909 
527 417 13 21 0.027923746 
636 399 13 18 0.027428977 
150 461 11 13 0.026576255 
62 33 58 57 0.026472447 
230 490 42 59 0.02640492 
552 414 24 38 0.025748152 
8 25 60 64 0.025400318 
199 606 31 34 0.025384957 
287 577 38 41 0.025250405 
527 406 22 32 0.0243805 
261 358 55 72 0.024351383 
212 503 9 12 0.02374052 
229 547 14 20 0.022699615 
765 375 44 66 0.022283869 
30 0 47 36 0.021983761 
586 516 24 31 0.02090077 
463 576 25 35 0.020299455 
