12_Group_Large_Group_12_Group_Large_Group_12_315
269
754 268 31 38 0.9992803 
646 303 31 39 0.99839634 
809 385 37 48 0.99826825 
600 302 25 33 0.99742365 
495 380 30 36 0.9969404 
181 409 25 30 0.99613285 
535 331 22 29 0.9943721 
258 409 23 31 0.9933774 
579 405 32 43 0.99250096 
683 275 24 30 0.9916289 
794 259 26 33 0.9908064 
116 423 27 35 0.9907516 
926 408 22 28 0.9901992 
898 351 17 22 0.9899478 
368 359 25 31 0.98986197 
479 330 21 28 0.98859125 
386 290 15 19 0.9882599 
396 258 13 16 0.987277 
693 411 33 40 0.9854731 
293 358 20 27 0.9827465 
504 314 21 27 0.98000103 
157 341 21 26 0.97610134 
370 320 18 23 0.9739897 
334 381 21 26 0.9739149 
554 235 14 20 0.97312295 
354 279 15 20 0.97294736 
948 450 22 27 0.9723743 
193 316 18 22 0.9722455 
453 283 13 16 0.9715247 
499 273 15 18 0.97117484 
405 296 16 20 0.9694222 
455 214 12 15 0.9662131 
322 350 18 22 0.96519697 
436 225 12 17 0.9617386 
287 315 16 21 0.9599103 
119 346 22 26 0.9562001 
447 330 19 23 0.95539933 
490 305 16 19 0.95227545 
476 262 14 19 0.9473109 
881 393 22 27 0.94729733 
390 316 14 18 0.94658697 
229 334 19 24 0.94488555 
430 316 17 21 0.9391132 
186 341 21 26 0.93837446 
953 383 19 24 0.93633014 
861 410 21 26 0.93211746 
445 259 12 16 0.9315465 
518 212 10 13 0.92904425 
347 308 18 21 0.9252113 
414 267 13 17 0.92226964 
420 241 12 16 0.9108599 
481 219 13 18 0.89627355 
507 229 11 15 0.89419585 
310 279 16 21 0.88344973 
536 253 14 18 0.86624265 
264 338 20 27 0.8583237 
429 348 19 25 0.8314321 
209 339 17 23 0.8147182 
382 268 14 17 0.7807289 
883 421 19 23 0.7627415 
567 200 10 12 0.7504685 
455 234 13 15 0.71388125 
534 211 11 14 0.6937933 
581 219 11 15 0.69274974 
498 213 11 14 0.6646787 
495 243 13 16 0.66145015 
318 320 18 24 0.6347393 
526 235 11 14 0.5942817 
476 243 12 14 0.51576686 
134 327 17 21 0.51033896 
552 212 11 15 0.5019582 
608 204 9 11 0.43834677 
797 136 9 12 0.42089328 
872 414 21 28 0.4204858 
520 597 27 36 0.36621997 
704 144 9 12 0.36117107 
612 165 10 13 0.33689028 
751 133 7 9 0.33452833 
570 238 13 17 0.32816517 
595 215 10 13 0.32503614 
542 287 22 25 0.32179612 
669 167 9 12 0.30885005 
680 149 8 11 0.3066068 
613 218 10 14 0.26585385 
595 188 10 13 0.2628117 
697 142 9 11 0.24506871 
517 245 12 15 0.22255307 
724 136 8 10 0.21560487 
969 428 23 29 0.21459898 
522 237 10 14 0.20432492 
904 397 21 26 0.1892835 
267 373 17 22 0.18786737 
572 280 13 17 0.18595666 
665 145 9 11 0.17818066 
658 183 10 13 0.1754023 
502 234 12 15 0.17218384 
812 128 10 13 0.17160273 
572 199 10 14 0.16736056 
467 306 15 18 0.16577871 
611 186 10 14 0.16006695 
496 307 21 26 0.13694988 
611 255 14 18 0.13350475 
591 218 11 15 0.12907767 
584 205 9 11 0.11936888 
552 380 24 35 0.1151242 
709 147 8 11 0.108601615 
655 164 9 11 0.105836906 
246 339 13 19 0.10305959 
251 341 14 19 0.10251194 
292 418 19 20 0.09815549 
128 332 19 26 0.09643039 
379 313 17 25 0.09506916 
263 359 23 30 0.09159497 
395 291 16 22 0.086599275 
341 343 17 24 0.08145898 
486 244 12 16 0.08077017 
735 167 9 11 0.08063788 
237 337 18 24 0.07929169 
679 164 9 11 0.078346126 
734 112 9 12 0.07501802 
839 61 11 13 0.073576055 
563 235 17 22 0.07233997 
680 158 9 12 0.06907494 
194 488 118 103 0.06773139 
510 225 10 13 0.06652141 
422 293 12 16 0.06626459 
957 432 27 32 0.065614924 
219 338 19 25 0.06503398 
389 324 15 22 0.06469935 
557 216 12 15 0.06260071 
590 209 9 10 0.06231911 
684 150 10 13 0.062005837 
255 342 20 25 0.06072892 
670 147 10 12 0.06022797 
774 138 8 10 0.059607096 
512 251 14 17 0.05904252 
561 307 16 20 0.058446784 
404 285 14 18 0.057987098 
461 251 12 15 0.055997513 
531 230 12 14 0.054731034 
473 239 11 15 0.053199384 
832 77 11 15 0.052959878 
458 242 13 15 0.052440062 
462 501 28 37 0.052081335 
497 249 14 17 0.05004801 
526 211 11 15 0.050025612 
710 238 13 15 0.048512023 
555 268 13 16 0.04825778 
251 332 14 18 0.047989137 
468 329 17 23 0.04752283 
694 196 10 12 0.047418937 
501 220 12 15 0.04733148 
769 141 9 11 0.04679593 
736 172 9 11 0.046086807 
601 266 16 18 0.046079386 
744 150 9 11 0.045132395 
574 228 12 16 0.044503864 
117 325 15 18 0.044290427 
729 150 9 11 0.042825203 
725 140 10 12 0.04281442 
558 207 10 14 0.042247053 
495 258 14 17 0.041956294 
695 168 8 12 0.041870598 
418 262 13 18 0.04157075 
695 147 10 13 0.040704742 
457 287 14 17 0.039510053 
777 158 9 11 0.039402615 
565 219 11 15 0.039039742 
744 143 8 11 0.038927965 
124 325 15 20 0.03850593 
889 417 23 31 0.03849231 
793 155 8 11 0.038159955 
539 207 13 15 0.038014762 
663 225 8 11 0.037186358 
901 408 24 31 0.037036758 
747 135 7 10 0.036669254 
606 172 10 13 0.036522448 
187 323 22 27 0.036331765 
363 510 76 67 0.0362489 
476 252 13 16 0.03614367 
836 91 12 17 0.0353949 
452 296 13 17 0.035388578 
609 160 10 13 0.03476847 
446 299 14 18 0.033986352 
695 137 9 11 0.0336875 
514 257 14 18 0.033315655 
591 226 12 15 0.03280233 
535 262 14 19 0.03227293 
886 403 23 27 0.031336106 
556 313 21 27 0.030620674 
734 150 8 11 0.030596219 
211 390 24 29 0.030482369 
750 150 9 11 0.030350411 
610 214 11 13 0.030330926 
542 303 17 20 0.030177757 
171 330 16 19 0.030118437 
563 213 12 15 0.029867264 
671 160 9 12 0.029727014 
908 388 18 24 0.029366115 
485 236 12 15 0.029289816 
453 250 13 16 0.029177845 
654 174 9 12 0.029157935 
179 500 16 20 0.029118894 
549 275 15 17 0.028731817 
533 324 17 20 0.028264312 
321 336 20 26 0.028252637 
421 285 13 17 0.027875463 
474 302 13 16 0.027544089 
735 158 9 12 0.027461458 
533 271 14 18 0.026963443 
736 180 9 11 0.02687309 
645 205 9 13 0.02674996 
695 158 9 11 0.0265676 
606 229 12 15 0.026363444 
453 308 14 17 0.026347194 
519 231 11 14 0.026339242 
441 254 13 16 0.026290495 
139 327 23 28 0.026054462 
686 166 9 12 0.025970586 
581 201 10 11 0.025664136 
759 150 10 11 0.025643995 
666 171 10 12 0.02539682 
710 168 9 11 0.025127172 
437 244 12 14 0.025075942 
831 141 10 12 0.024954027 
549 293 19 26 0.024922762 
438 324 21 25 0.0249014 
663 160 10 12 0.024760125 
834 81 14 20 0.02460044 
76 353 15 18 0.024306329 
188 482 73 68 0.024209004 
192 361 15 19 0.02414781 
462 260 12 16 0.023717072 
427 244 12 15 0.023506114 
742 167 10 12 0.02346085 
284 353 20 27 0.023358496 
778 257 33 45 0.023004638 
477 325 17 22 0.022819761 
223 333 14 20 0.022696942 
204 535 73 64 0.022677923 
823 148 10 12 0.022427088 
823 142 10 13 0.02232025 
750 141 9 12 0.022130806 
597 228 11 15 0.022085758 
835 64 15 20 0.021907348 
751 173 10 12 0.021847004 
599 207 10 11 0.021566717 
553 617 18 21 0.021522287 
506 270 14 17 0.021456074 
527 199 10 12 0.02141957 
825 124 9 13 0.021413758 
541 276 13 16 0.021385897 
794 139 9 12 0.021310585 
705 167 8 12 0.021264786 
564 199 8 11 0.021190275 
736 213 9 12 0.020974664 
702 156 9 11 0.020970374 
611 198 10 14 0.020944346 
729 174 8 10 0.020783408 
551 259 14 18 0.020655071 
566 259 13 17 0.0204773 
561 611 23 28 0.020447731 
535 179 11 14 0.020344922 
366 347 23 31 0.020192133 
560 215 21 27 0.020112187 
712 189 8 11 0.020062266 
741 172 10 12 0.020048935 
613 224 12 16 0.020006703 
460 312 16 19 0.020004166 
