12_Group_Team_Organized_Group_12_Group_Team_Organized_Group_12_996
21
350 338 328 451 0.9978157 
612 678 305 392 0.9970216 
499 533 362 474 0.61728364 
182 274 366 476 0.26400313 
43 487 183 301 0.10558312 
548 1185 228 201 0.10376161 
-1 290 352 510 0.09862294 
609 75 108 113 0.09580988 
2 179 169 271 0.07792176 
60 562 41 60 0.06761759 
-42 833 408 592 0.032913163 
478 1004 13 16 0.03159553 
756 157 354 499 0.02642323 
7 588 118 176 0.026394257 
515 1178 412 506 0.024653038 
74 575 40 50 0.023437893 
54 566 108 169 0.022555316 
566 24 185 217 0.022544784 
164 28 32 39 0.022134025 
460 248 335 467 0.022041345 
40 541 77 110 0.020018278 
