12_Group_Team_Organized_Group_12_Group_Team_Organized_Group_12_21
71
354 298 26 33 0.9978168 
264 322 38 45 0.9963554 
564 303 22 26 0.9665443 
469 274 21 26 0.9123833 
426 295 15 17 0.7601145 
518 321 20 22 0.69811165 
554 355 27 39 0.6366863 
433 339 24 33 0.4217333 
446 407 33 34 0.27508187 
614 349 13 17 0.21518114 
383 289 15 20 0.19811575 
501 292 17 20 0.18105318 
430 313 16 18 0.18085028 
459 327 24 31 0.12001162 
510 323 21 26 0.11187431 
483 376 14 19 0.11166249 
435 299 12 16 0.09896846 
437 356 17 24 0.097309306 
420 313 15 17 0.07796668 
370 285 24 32 0.07193985 
410 341 16 21 0.06956398 
388 295 15 19 0.06858098 
398 438 12 16 0.066843286 
540 405 24 33 0.06638708 
508 365 27 31 0.06498994 
507 394 26 33 0.05812021 
357 459 16 18 0.054967064 
501 327 16 21 0.046535213 
563 313 28 34 0.045389242 
573 327 15 18 0.045204494 
418 330 17 22 0.045098905 
569 350 31 42 0.04088048 
395 301 13 18 0.03978666 
579 321 15 19 0.03776893 
417 323 16 20 0.037535794 
624 386 19 22 0.037072476 
626 373 12 14 0.036789685 
607 345 22 27 0.03640143 
448 331 24 34 0.03640071 
556 292 38 48 0.035904672 
423 329 22 30 0.035818107 
413 314 14 17 0.03377476 
510 312 38 46 0.031711128 
535 409 17 23 0.030661598 
524 304 23 30 0.029793542 
403 438 13 16 0.029621266 
532 299 16 19 0.029399319 
499 307 15 20 0.029182991 
478 383 15 19 0.0287906 
508 346 28 38 0.025924992 
428 304 19 22 0.025135698 
86 182 22 28 0.024832733 
461 410 20 22 0.024385856 
475 298 15 17 0.024261046 
509 381 29 34 0.023865825 
243 337 31 40 0.023773313 
666 419 14 16 0.02296975 
427 -67 399 475 0.022834491 
574 334 27 34 0.022019444 
499 360 25 33 0.021751089 
626 380 15 17 0.02164804 
509 316 15 19 0.021633644 
310 316 26 32 0.021549594 
428 349 20 26 0.021387583 
552 325 41 49 0.021104435 
491 371 15 20 0.02101931 
413 385 23 28 0.020930214 
506 331 24 34 0.020658188 
431 413 28 32 0.020444395 
460 323 18 22 0.020299895 
521 373 24 32 0.0200124 
