12_Group_Large_Group_12_Group_Large_Group_12_228
76
338 410 16 21 0.9909277 
827 406 17 22 0.9872415 
202 409 17 21 0.9865609 
699 415 16 21 0.98626745 
483 397 17 22 0.9854015 
249 411 15 20 0.9830269 
525 408 16 21 0.9829009 
428 414 17 21 0.9790962 
654 418 16 22 0.9746625 
564 404 17 21 0.9736004 
155 413 16 22 0.9733698 
906 412 17 22 0.97089046 
781 411 17 21 0.97060126 
293 405 17 23 0.9642629 
868 421 18 20 0.9454867 
606 411 17 22 0.93616724 
742 407 18 22 0.92725533 
394 410 15 21 0.92045146 
111 410 16 21 0.8135056 
305 473 17 21 0.58588254 
463 500 14 17 0.5309047 
466 478 12 16 0.33166727 
197 463 23 26 0.33101505 
243 466 20 23 0.33012027 
340 472 18 21 0.2286096 
157 469 18 23 0.1937181 
516 499 11 14 0.15166834 
107 456 19 23 0.07763387 
381 449 25 34 0.075478114 
260 393 13 17 0.07057007 
180 435 17 22 0.058903 
862 379 15 19 0.05509521 
404 431 14 19 0.050477374 
467 489 14 19 0.049093287 
405 502 12 16 0.041642055 
547 409 15 18 0.03970744 
391 481 12 15 0.03771729 
669 371 13 15 0.037444048 
456 501 13 16 0.036028925 
180 374 12 13 0.035336055 
671 379 14 17 0.03398402 
692 387 14 17 0.03302622 
193 451 25 30 0.03165375 
673 385 15 19 0.03096541 
395 465 14 19 0.030633718 
117 398 14 16 0.02799452 
403 415 13 20 0.027219899 
121 267 17 21 0.0270841 
396 474 14 18 0.027067067 
384 466 22 29 0.026904257 
256 391 11 14 0.026669601 
293 466 15 19 0.02619506 
380 461 17 23 0.02603272 
781 434 13 19 0.025342137 
241 451 24 30 0.024945786 
726 512 11 14 0.024119852 
644 386 16 19 0.023949226 
103 400 22 27 0.023877101 
552 380 11 13 0.022710675 
5 195 11 14 0.022609076 
177 379 10 13 0.022431975 
314 479 14 19 0.022378037 
125 397 12 15 0.022323143 
243 476 17 21 0.02194191 
101 461 18 21 0.02175081 
475 484 12 16 0.0213357 
165 391 12 15 0.021258818 
250 448 16 21 0.02089521 
103 397 13 16 0.020810425 
444 410 14 19 0.020756336 
558 387 13 16 0.020725522 
335 469 16 18 0.020704916 
508 402 14 18 0.02046012 
55 404 12 15 0.020382687 
374 436 26 31 0.020250298 
157 462 16 20 0.020158196 
