12_Group_Team_Organized_Group_12_Group_Team_Organized_Group_12_442
76
760 183 22 28 0.9970687 
809 167 23 34 0.9880574 
524 182 22 32 0.9855854 
241 194 27 40 0.9832877 
455 211 19 26 0.981699 
26 214 24 36 0.97510874 
198 184 21 29 0.9364576 
662 204 32 36 0.86585194 
608 138 24 31 0.86380976 
380 209 16 27 0.717561 
969 221 27 27 0.6421017 
550 165 12 16 0.53124386 
126 187 14 22 0.2989727 
1013 244 10 18 0.24275596 
999 176 14 18 0.12918916 
803 261 31 48 0.120174766 
985 216 18 23 0.11480761 
881 269 16 21 0.10942801 
807 158 13 19 0.09496298 
628 165 16 22 0.094109036 
678 204 27 34 0.0916375 
165 245 15 20 0.08633536 
146 193 18 22 0.08118396 
127 194 20 29 0.06823377 
775 147 25 31 0.065309 
256 171 13 18 0.0650774 
810 171 39 45 0.06460118 
1005 173 14 21 0.06168939 
1011 176 12 21 0.061513707 
167 182 26 33 0.05909516 
869 211 12 14 0.057076406 
865 235 25 35 0.05554373 
532 177 23 32 0.050372437 
1013 236 11 18 0.048392087 
979 286 15 22 0.047160923 
875 251 22 32 0.0469822 
310 224 15 21 0.04509238 
705 84 14 15 0.04245598 
26 155 22 29 0.04187359 
374 205 13 20 0.041527435 
602 148 22 31 0.03933135 
518 173 13 17 0.037701823 
774 147 15 20 0.03638734 
384 205 17 23 0.036216676 
615 150 22 30 0.036177102 
16 204 35 68 0.035706054 
136 187 23 29 0.0356286 
628 154 15 22 0.0330197 
564 309 15 17 0.03265808 
130 180 15 19 0.032225538 
542 168 20 26 0.031400073 
877 157 15 18 0.031125002 
1014 284 9 14 0.03074625 
514 190 22 27 0.030052653 
32 190 9 13 0.029866047 
191 187 18 23 0.02934936 
150 184 26 33 0.02865518 
553 168 14 20 0.027417516 
823 188 33 35 0.027171023 
604 169 14 21 0.025454156 
153 199 18 23 0.0253277 
311 216 11 16 0.024429409 
436 243 15 19 0.023796305 
248 176 24 38 0.023396214 
1003 223 22 30 0.022936093 
118 219 13 17 0.022874152 
595 156 21 31 0.022496969 
978 214 18 20 0.022410622 
394 209 15 22 0.022372093 
261 168 10 15 0.022310365 
155 179 16 21 0.021309864 
125 207 17 23 0.021293778 
789 149 28 32 0.020893168 
162 184 19 26 0.020431207 
1012 230 11 16 0.020404834 
511 194 14 19 0.02018429 
