12_Group_Group_12_Group_Group_12_434
26
812 207 46 70 0.99699557 
165 178 46 61 0.9881937 
549 183 34 48 0.9835776 
408 180 42 48 0.9564008 
150 224 41 67 0.6542493 
734 237 41 52 0.25564376 
885 211 25 44 0.13619198 
577 221 28 36 0.10261557 
758 223 32 47 0.05074718 
132 132 392 495 0.04973731 
567 227 27 38 0.043637197 
561 198 32 45 0.036939718 
33 496 213 253 0.036562115 
704 198 36 43 0.034191605 
0 197 7 12 0.032176383 
715 247 43 56 0.031960454 
588 208 29 42 0.029836906 
130 232 49 68 0.028316293 
85 234 13 16 0.026990272 
823 195 35 53 0.025508352 
393 181 31 39 0.025072007 
0 191 7 12 0.024581328 
422 172 28 38 0.02361405 
871 224 28 44 0.02216071 
556 236 31 41 0.021652833 
700 256 32 53 0.021163095 
