12_Group_Team_Organized_Group_12_Group_Team_Organized_Group_12_503
43
627 51 31 38 0.99983585 
657 78 32 41 0.99980575 
429 188 36 46 0.99964213 
328 88 34 41 0.9995096 
952 206 35 42 0.99946576 
409 75 32 39 0.9993205 
297 55 30 36 0.9993144 
490 73 34 41 0.9991148 
756 202 39 44 0.9990951 
575 79 33 38 0.99908495 
865 199 38 45 0.9990381 
748 66 28 32 0.9989951 
268 104 32 39 0.99883384 
797 92 36 42 0.9987858 
435 41 25 32 0.99865496 
97 104 35 40 0.9983708 
488 25 31 33 0.9982497 
191 95 34 43 0.99804115 
882 114 35 41 0.9977677 
368 46 28 33 0.9977602 
159 50 28 33 0.9972555 
559 39 30 35 0.997136 
229 44 26 31 0.99699855 
645 206 35 42 0.9958627 
26 178 41 52 0.9949293 
542 180 41 52 0.99400616 
724 100 34 40 0.9936505 
137 173 38 45 0.99089855 
241 195 36 43 0.99083495 
830 64 27 34 0.9889994 
885 70 28 31 0.9849835 
690 65 29 34 0.9833983 
337 201 35 46 0.9829107 
808 82 38 45 0.03484507 
225 62 27 35 0.03334611 
157 91 30 38 0.027053772 
156 65 31 37 0.025947534 
163 79 27 35 0.022968689 
735 81 37 43 0.021393621 
817 70 31 40 0.020880902 
395 95 16 20 0.020827312 
775 98 23 31 0.020712646 
830 62 15 20 0.020264504 
