12_Group_Team_Organized_Group_12_Group_Team_Organized_Group_12_101
64
911 508 20 26 0.5480915 
740 513 21 27 0.20520243 
532 548 12 16 0.19631808 
792 526 19 22 0.18572693 
581 502 15 19 0.17450255 
700 487 18 20 0.09704117 
144 378 62 78 0.08884224 
691 509 23 30 0.08830215 
852 510 21 27 0.06283057 
882 432 28 32 0.0617393 
47 143 383 506 0.058391705 
640 486 17 22 0.05559404 
528 506 11 14 0.04920884 
552 1291 11 13 0.0427714 
778 546 15 20 0.041125264 
564 500 12 14 0.0380089 
607 515 23 31 0.034831353 
749 494 14 16 0.03482752 
604 542 15 20 0.034283597 
-14 1013 343 456 0.0334229 
719 527 21 28 0.032701306 
908 448 23 28 0.031423476 
604 490 18 20 0.030586079 
332 128 20 28 0.029337058 
756 499 12 16 0.028754514 
605 587 12 15 0.028321102 
331 66 21 30 0.028052973 
601 523 24 33 0.027881429 
892 439 27 32 0.02772756 
605 1328 8 11 0.027523287 
763 536 14 17 0.027510336 
682 576 16 20 0.027412077 
701 513 25 32 0.027410468 
766 383 11 14 0.02719589 
657 442 19 21 0.026757786 
1013 484 10 15 0.02582997 
248 398 60 81 0.025472362 
998 200 26 40 0.025254775 
780 397 25 30 0.024592515 
697 499 25 34 0.024291895 
746 503 23 28 0.024231331 
622 580 12 15 0.023950953 
921 490 23 32 0.023530794 
582 504 24 30 0.023249784 
723 1329 11 12 0.02303307 
740 223 14 16 0.023017097 
157 145 28 36 0.022429384 
869 471 16 21 0.022351597 
844 470 14 17 0.022272922 
725 503 43 52 0.022020442 
675 536 14 19 0.021934362 
902 1500 9 11 0.021933652 
480 1083 222 256 0.021749971 
670 497 21 29 0.021540243 
591 510 25 32 0.021517161 
676 507 22 29 0.021328539 
795 519 15 18 0.021303592 
565 507 12 15 0.021114063 
773 539 14 17 0.020932244 
598 499 26 33 0.020789247 
743 1521 13 15 0.020564506 
606 1332 9 12 0.020391049 
918 476 14 18 0.020113599 
249 318 40 46 0.020036118 
