12_Group_Large_Group_12_Group_Large_Group_12_1007
77
448 200 31 40 0.999602 
7 159 28 34 0.9976623 
345 168 31 37 0.99571735 
260 150 32 38 0.9899238 
634 212 39 47 0.98872465 
368 234 39 50 0.9876781 
112 143 26 33 0.9850552 
529 197 42 50 0.98131865 
976 197 22 26 0.94927573 
229 198 33 52 0.82563376 
158 154 17 20 0.6559714 
679 232 36 54 0.43992236 
497 223 24 28 0.3115237 
596 218 26 34 0.18335271 
688 241 50 58 0.13134296 
755 175 17 23 0.13024083 
604 184 12 14 0.11359822 
650 216 41 54 0.11306415 
666 166 26 30 0.102928296 
414 168 15 17 0.10020362 
510 173 9 13 0.0641146 
674 173 15 19 0.060614366 
699 145 13 16 0.05872806 
250 105 18 22 0.05665353 
735 166 9 12 0.050545692 
772 242 16 22 0.04579091 
736 150 10 12 0.04173533 
239 186 27 43 0.038787775 
123 170 15 19 0.037643634 
503 228 26 31 0.03722119 
608 223 16 22 0.037218202 
586 224 27 33 0.03594229 
809 186 15 17 0.03582097 
216 210 36 42 0.035797834 
539 141 12 18 0.035053056 
602 264 18 22 0.033720486 
718 163 9 12 0.033192284 
120 157 18 22 0.033178784 
385 181 30 34 0.033072025 
769 236 32 43 0.0325828 
860 218 34 48 0.031437512 
949 214 12 17 0.02994523 
152 140 26 33 0.029901294 
299 194 40 46 0.028463982 
881 583 106 122 0.027559947 
253 394 15 20 0.027343003 
102 186 25 30 0.026252512 
361 172 29 34 0.025781464 
734 170 13 17 0.025177151 
773 192 12 16 0.025157247 
741 165 11 13 0.024879292 
411 157 13 17 0.024564391 
721 113 7 10 0.024324708 
583 205 12 15 0.024243964 
401 166 22 25 0.024101257 
757 167 13 15 0.024005411 
741 171 22 28 0.023557732 
331 186 38 47 0.02336737 
507 221 16 21 0.02328171 
799 80 9 11 0.02324953 
730 166 10 12 0.023190718 
741 171 13 16 0.022983892 
614 218 25 34 0.022679137 
445 160 13 16 0.022187024 
406 163 16 18 0.021896485 
813 70 10 11 0.021689454 
125 196 44 45 0.02168821 
764 183 15 20 0.021613369 
734 155 11 14 0.021008683 
604 206 12 16 0.020854723 
394 174 26 29 0.020668099 
623 181 9 11 0.020551847 
997 179 12 16 0.020550773 
710 163 10 14 0.020545831 
489 213 25 31 0.020535 
784 70 7 10 0.020510726 
693 171 11 13 0.020502483 
