12_Group_Group_12_Group_Group_12_417
18
274 218 32 40 0.99989545 
370 240 33 42 0.9995204 
114 215 36 44 0.999383 
205 230 33 42 0.9993192 
509 225 30 38 0.99908185 
787 231 33 43 0.9989207 
445 215 31 39 0.9985096 
581 229 28 34 0.9983419 
861 209 36 45 0.9970613 
721 220 31 37 0.9954678 
641 238 30 36 0.9947313 
835 220 17 23 0.048269063 
409 263 22 32 0.040365938 
445 185 473 504 0.030449599 
292 32 12 13 0.02732704 
539 410 16 21 0.02554517 
20 138 431 551 0.024001462 
811 352 25 32 0.020224545 
