12_Group_Large_Group_12_Group_Large_Group_12_103
127
502 191 39 48 0.9963954 
308 187 46 57 0.9955664 
915 294 54 61 0.99372464 
821 165 23 33 0.9921657 
104 152 45 48 0.99078196 
738 131 22 29 0.98573375 
771 192 31 40 0.9850964 
638 143 26 30 0.97695583 
534 176 25 33 0.9765271 
510 127 17 25 0.94915617 
361 135 20 26 0.93688136 
403 201 31 48 0.9315308 
294 161 25 31 0.9097913 
645 222 32 58 0.8755501 
313 123 23 31 0.7665424 
920 183 26 35 0.7449511 
664 129 21 27 0.7353507 
696 186 28 35 0.6213084 
403 153 16 20 0.6113843 
98 322 28 39 0.40610552 
491 321 74 88 0.38130644 
446 147 12 20 0.374227 
159 170 31 39 0.35906082 
756 173 22 28 0.3391755 
518 175 32 39 0.31586128 
405 135 12 14 0.3134739 
579 188 26 34 0.22424099 
199 466 100 110 0.19723925 
411 148 17 22 0.17273371 
419 139 14 17 0.15169255 
738 193 17 23 0.13391608 
628 225 18 21 0.115358844 
396 152 16 20 0.10451491 
300 155 36 38 0.10292827 
629 219 27 36 0.09665678 
929 174 29 35 0.09618975 
381 163 17 20 0.091565974 
762 172 29 36 0.09129066 
64 186 34 44 0.0904927 
271 178 30 41 0.08971454 
284 166 26 34 0.0851389 
456 198 23 34 0.076433025 
-1 221 21 36 0.07614985 
928 190 30 36 0.073375 
465 194 22 30 0.0671488 
386 157 22 26 0.06271192 
658 233 34 41 0.06244177 
500 156 24 29 0.061455745 
439 151 16 20 0.058443166 
651 136 25 32 0.05726932 
439 141 12 16 0.056005407 
389 149 14 18 0.05555576 
746 183 22 30 0.05515439 
792 352 48 55 0.054988533 
761 165 19 22 0.054621037 
400 136 22 25 0.054290574 
414 135 11 14 0.05345014 
451 159 15 20 0.052764643 
250 417 87 150 0.05186387 
306 122 20 26 0.0499667 
328 156 27 32 0.049171105 
498 175 34 36 0.0491161 
713 188 26 34 0.045829024 
358 181 23 29 0.045625772 
251 208 12 16 0.045620095 
526 159 25 33 0.044429205 
401 139 13 15 0.042527474 
682 205 38 49 0.041653614 
614 239 40 53 0.041635647 
300 118 38 48 0.041570824 
232 265 51 50 0.04103519 
621 149 12 17 0.040624727 
693 195 39 47 0.04006966 
428 141 12 15 0.038833223 
575 168 25 32 0.037367 
777 175 28 39 0.03688104 
60 166 33 38 0.035690073 
238 218 47 54 0.035033423 
419 202 31 42 0.03385246 
406 128 13 16 0.033585317 
918 178 15 25 0.033351425 
237 246 38 45 0.03281808 
707 235 28 43 0.032365475 
152 562 29 43 0.031669084 
524 168 17 22 0.02931611 
441 69 10 11 0.028957078 
914 197 32 44 0.028906627 
526 147 14 19 0.028904563 
684 191 32 38 0.028771086 
203 288 32 37 0.0283238 
445 156 15 21 0.027838781 
349 140 22 28 0.027730266 
599 393 53 57 0.027362706 
424 143 20 25 0.02727182 
64 313 33 38 0.027098624 
204 201 27 33 0.026359772 
545 176 22 30 0.026145905 
709 209 30 46 0.025931237 
512 165 26 30 0.025929535 
704 178 28 36 0.025558202 
395 215 26 37 0.025469065 
364 181 14 17 0.025373988 
286 159 41 54 0.024928626 
202 401 150 228 0.024853764 
943 193 27 35 0.02435599 
674 228 31 42 0.024239518 
301 117 15 21 0.023886593 
435 139 21 27 0.023883939 
229 233 36 43 0.023613691 
305 327 18 21 0.02319054 
436 158 16 21 0.023035156 
233 291 41 33 0.022750525 
400 157 23 27 0.022615872 
12 250 25 37 0.021914685 
443 202 26 33 0.021741638 
357 126 14 19 0.021710897 
138 541 49 62 0.021651054 
438 169 24 29 0.02146371 
733 162 16 21 0.021350546 
882 287 29 36 0.021097872 
362 223 24 34 0.021055022 
364 128 16 19 0.020961784 
691 225 30 43 0.020701086 
360 131 95 111 0.02058977 
453 142 11 15 0.02055514 
656 527 50 68 0.020021757 
689 174 28 34 0.02001868 
