12_Group_Group_12_Group_Group_12_62
28
650 138 52 63 0.99964464 
803 124 52 66 0.9994955 
342 154 48 63 0.9989698 
190 147 47 60 0.99888736 
467 177 46 59 0.9986499 
258 135 42 54 0.99799687 
555 142 42 51 0.9972037 
742 95 48 58 0.99688005 
400 124 42 54 0.99352795 
980 206 9 12 0.10751785 
877 139 29 33 0.092354916 
873 112 46 61 0.06460425 
738 609 17 19 0.051182684 
492 671 11 12 0.05055913 
960 263 26 30 0.04636353 
420 593 17 21 0.043408033 
406 669 12 13 0.03390785 
602 616 16 21 0.029677209 
948 212 9 12 0.02860431 
536 619 14 16 0.026030919 
329 400 31 36 0.023823516 
436 595 16 21 0.022721231 
302 458 127 193 0.02261837 
793 107 31 36 0.022487484 
312 268 383 486 0.021543322 
1012 268 10 14 0.020803915 
924 124 11 15 0.020508988 
82 534 88 153 0.020125901 
