12_Group_Large_Group_12_Group_Large_Group_12_112
65
218 31 73 111 0.9743148 
492 528 85 117 0.48865962 
244 406 119 108 0.48170015 
404 271 33 34 0.18423237 
648 393 54 75 0.17742787 
868 296 24 33 0.15180571 
456 336 62 65 0.1335942 
389 554 60 96 0.12547441 
394 264 57 51 0.122626446 
409 272 18 20 0.105034426 
955 217 16 19 0.09442722 
456 489 107 130 0.0793481 
396 270 12 14 0.07896599 
905 280 33 40 0.07623065 
232 363 169 209 0.073480405 
400 284 37 39 0.06956139 
505 309 51 70 0.06924023 
971 310 48 67 0.06803694 
952 213 28 31 0.06545585 
947 248 32 37 0.052206315 
620 426 56 86 0.05001493 
452 562 103 121 0.04990826 
485 227 36 43 0.045621954 
405 459 108 101 0.044298265 
474 306 85 105 0.040263455 
396 470 62 72 0.040185403 
855 407 36 50 0.04010515 
438 261 14 16 0.037013207 
442 241 68 62 0.03285216 
387 563 107 140 0.032144785 
87 320 113 161 0.030124059 
417 272 18 20 0.028734574 
864 312 26 37 0.028691791 
295 424 66 75 0.02863838 
417 263 30 32 0.028285362 
563 355 66 57 0.02720089 
945 250 52 61 0.027043376 
1001 446 23 44 0.026651543 
899 389 11 16 0.026451638 
919 264 51 58 0.025867669 
436 259 25 29 0.025852315 
392 276 12 13 0.025651546 
877 329 163 228 0.025615903 
396 269 23 26 0.024374878 
444 307 66 71 0.024210352 
961 230 19 22 0.024190065 
956 399 59 85 0.024040645 
406 279 16 18 0.023660425 
-3 381 71 126 0.02363974 
184 334 182 164 0.023048416 
870 328 14 20 0.02301177 
886 296 27 34 0.022729479 
953 238 28 33 0.022647087 
909 477 14 21 0.022540683 
444 254 33 34 0.021975704 
912 357 45 60 0.021570565 
198 423 126 112 0.021551503 
412 261 15 18 0.021468995 
917 274 32 40 0.021058127 
521 320 29 47 0.021011839 
835 371 84 113 0.020640219 
877 290 25 34 0.020513967 
405 511 59 79 0.02046197 
928 249 28 36 0.020445207 
893 304 14 19 0.020064572 
