12_Group_Large_Group_12_Group_Large_Group_12_662
98
810 300 39 41 0.9847898 
236 231 14 20 0.4960116 
512 356 16 21 0.29917324 
393 216 32 34 0.29644015 
787 292 36 46 0.26451224 
564 296 14 20 0.19873783 
356 245 15 22 0.19152366 
325 182 9 12 0.1455481 
44 230 27 31 0.13923016 
318 228 15 19 0.13405688 
25 461 11 17 0.13325661 
440 272 25 28 0.13163194 
1010 206 13 21 0.1162573 
21 208 26 37 0.10553621 
53 222 25 32 0.09990896 
19 524 17 21 0.0896372 
491 355 15 19 0.08829678 
556 298 17 20 0.0704724 
384 231 42 48 0.06869614 
397 213 18 21 0.064574994 
548 298 16 20 0.06419914 
366 243 27 37 0.061381627 
82 252 13 16 0.057107333 
322 222 13 16 0.05628423 
494 350 21 29 0.055652786 
939 149 18 20 0.054090716 
376 247 37 39 0.052385166 
33 208 40 48 0.051624827 
224 235 14 17 0.04999587 
341 206 12 15 0.04968219 
330 265 13 19 0.049241666 
963 387 51 68 0.049161207 
475 439 17 19 0.0482082 
524 320 47 54 0.047716085 
399 463 67 53 0.047595497 
61 222 15 20 0.046346396 
631 299 9 11 0.04606027 
863 111 32 49 0.045248147 
66 228 15 22 0.045178328 
443 401 15 20 0.042903155 
258 244 15 20 0.0418476 
334 230 11 15 0.040855393 
999 608 24 46 0.038762268 
207 238 11 14 0.038745575 
311 222 23 31 0.038182896 
390 217 18 20 0.03611298 
560 299 21 28 0.033903524 
872 319 49 52 0.033882547 
368 258 28 38 0.033579614 
485 343 24 32 0.031063544 
563 323 30 39 0.030782092 
330 235 12 17 0.030710071 
214 237 12 15 0.030679686 
20 487 14 16 0.03060516 
472 428 25 34 0.030148288 
539 289 15 20 0.029702405 
403 225 27 37 0.02923829 
9 209 27 41 0.02923206 
159 278 10 12 0.028679105 
347 430 230 231 0.028485706 
79 215 10 13 0.028408825 
326 242 13 17 0.028351303 
341 229 12 14 0.028287038 
812 531 51 75 0.027413309 
824 283 34 48 0.026703887 
81 184 8 9 0.026642248 
197 236 12 15 0.02558595 
494 229 11 16 0.025522413 
538 337 47 58 0.025247075 
320 184 13 17 0.025138484 
355 225 42 49 0.025087796 
944 405 57 75 0.024703987 
535 283 12 16 0.0238525 
500 348 14 19 0.023783104 
268 226 15 18 0.023730537 
515 350 14 18 0.023717236 
327 250 11 16 0.02365153 
364 448 103 107 0.022974957 
104 258 14 17 0.02280236 
323 225 20 26 0.022721464 
509 332 46 53 0.022642113 
248 235 21 28 0.021944942 
918 212 56 56 0.02158699 
32 200 28 37 0.02152672 
535 277 22 29 0.021510994 
228 237 15 20 0.021369386 
429 273 25 33 0.02127174 
476 447 27 33 0.021022955 
86 57 444 507 0.021009052 
371 270 16 22 0.020851025 
243 237 15 20 0.02076907 
349 251 27 34 0.02075203 
557 310 29 37 0.020570785 
536 298 28 36 0.020471098 
20 456 19 27 0.020225674 
229 222 13 16 0.020131834 
337 258 24 30 0.020033829 
976 344 48 74 0.020014357 
