12_Group_Group_12_Group_Group_12_179
21
637 247 54 68 0.9997942 
492 204 57 72 0.9997012 
228 237 52 63 0.9996799 
787 254 50 65 0.9995882 
89 223 54 67 0.9995295 
356 233 48 62 0.99949265 
724 200 50 60 0.99931645 
894 248 53 66 0.9993043 
269 160 37 48 0.9991242 
447 141 47 60 0.99873906 
310 199 43 55 0.99607486 
147 202 43 52 0.9683543 
980 287 9 11 0.18288167 
981 246 10 13 0.12903766 
851 384 29 37 0.08297935 
998 325 12 15 0.05507977 
1002 245 11 14 0.051791355 
1000 286 9 13 0.04415372 
356 498 65 48 0.042343855 
290 170 29 38 0.028400458 
379 56 17 21 0.020718914 
