12_Group_Group_12_Group_Group_12_478
22
330 287 72 88 0.99748343 
163 244 60 76 0.994011 
562 236 55 65 0.9873226 
438 282 62 73 0.79056746 
792 251 67 85 0.723701 
762 92 169 218 0.6444467 
771 198 116 139 0.29692936 
451 318 36 41 0.10728222 
81 478 35 42 0.09741455 
657 387 16 21 0.057273615 
663 363 57 79 0.05334127 
540 204 41 43 0.044106092 
166 129 101 134 0.042829733 
23 672 14 19 0.036384296 
495 65 103 152 0.030273506 
142 64 30 38 0.029758358 
139 396 23 32 0.026625292 
235 421 38 42 0.025342664 
57 541 10 13 0.025108656 
208 335 60 67 0.023187688 
498 281 29 41 0.023168202 
64 502 13 16 0.020992832 
