12_Group_Team_Organized_Group_12_Group_Team_Organized_Group_12_707
323
721 298 35 48 0.9996669 
388 270 31 41 0.99958915 
490 282 33 42 0.99933356 
281 256 33 46 0.9993173 
601 272 38 49 0.9991424 
179 271 39 49 0.99896276 
299 160 33 44 0.9984334 
604 138 33 43 0.9972579 
501 136 34 45 0.9969138 
211 152 35 48 0.9962107 
684 148 36 47 0.98933053 
793 122 42 49 0.9870875 
389 162 35 44 0.96604127 
577 449 32 44 0.35620877 
49 109 9 12 0.3457772 
528 33 10 13 0.23801655 
36 141 10 12 0.18440357 
52 107 10 12 0.18415534 
411 56 6 9 0.180243 
465 30 7 9 0.17944163 
71 78 8 9 0.15283807 
511 24 9 10 0.13449618 
624 77 11 14 0.13314247 
119 121 8 10 0.12182776 
54 189 8 12 0.11716622 
549 133 12 16 0.10694968 
0 117 7 12 0.10459599 
119 162 9 11 0.10177627 
505 29 7 9 0.10107014 
656 87 10 13 0.10020769 
73 151 8 10 0.09966563 
23 109 7 9 0.09656234 
620 83 13 16 0.093420535 
380 448 19 21 0.08757269 
458 57 8 10 0.086706966 
920 71 10 14 0.08654057 
333 48 7 9 0.085914366 
88 158 7 9 0.08536684 
71 166 8 10 0.08529631 
511 80 8 10 0.08526128 
615 83 12 16 0.08510338 
505 80 8 9 0.0834481 
942 77 12 14 0.08066246 
463 86 8 9 0.07841432 
461 56 8 9 0.07746306 
15 143 8 12 0.07681426 
9 135 7 10 0.07444238 
24 104 7 9 0.07253364 
48 116 8 11 0.07243046 
541 86 9 12 0.07081269 
595 118 16 22 0.07055022 
255 104 8 11 0.07004996 
28 195 13 17 0.06912854 
200 126 9 10 0.06867262 
80 111 8 10 0.06821307 
105 85 7 10 0.065581106 
137 33 8 9 0.065534346 
78 151 8 11 0.06481392 
56 126 7 10 0.06420791 
42 118 7 10 0.06363731 
46 199 10 13 0.06295632 
506 24 8 9 0.061471123 
451 194 16 18 0.06037462 
629 104 16 24 0.059892513 
73 86 8 10 0.057345122 
175 124 8 10 0.055449583 
38 146 9 13 0.055261835 
43 112 8 10 0.055039123 
925 70 11 15 0.054556083 
141 31 8 11 0.054529246 
992 78 9 11 0.05439402 
399 65 8 9 0.054187194 
167 60 8 11 0.054051977 
456 61 8 10 0.05182959 
135 88 8 10 0.051360328 
566 40 9 12 0.051155478 
98 134 7 10 0.051089436 
18 109 7 9 0.05013654 
513 85 8 10 0.04998699 
88 109 8 10 0.049974993 
67 77 7 10 0.04924852 
600 119 26 35 0.04884672 
313 81 7 9 0.048463427 
142 112 9 11 0.048299562 
238 108 9 12 0.047981363 
401 24 7 8 0.047517285 
551 159 14 19 0.0474976 
64 152 7 10 0.047414113 
0 111 8 12 0.04680601 
71 157 8 10 0.04677662 
470 30 7 10 0.046577748 
282 88 6 8 0.046219584 
81 69 9 11 0.046152193 
549 76 10 12 0.045128543 
408 81 7 9 0.045004956 
450 62 7 10 0.044977214 
110 144 8 12 0.044963434 
521 53 8 11 0.04432067 
101 134 9 11 0.04431842 
142 437 31 42 0.043737967 
620 131 28 38 0.043322884 
190 157 11 15 0.043210097 
111 85 8 10 0.042732205 
24 141 8 11 0.042584218 
288 80 7 8 0.042508624 
398 69 7 9 0.042412564 
26 136 7 10 0.042284332 
455 104 8 11 0.040771283 
303 95 7 9 0.040581804 
0 169 11 15 0.04028218 
330 52 8 10 0.040196735 
32 137 8 10 0.039900344 
287 87 7 9 0.039557256 
290 119 8 10 0.039402977 
508 436 36 37 0.039080672 
414 132 10 11 0.039051242 
486 47 8 10 0.038906116 
72 144 7 10 0.038657025 
204 126 9 11 0.03854318 
64 94 7 9 0.0378937 
623 110 24 35 0.037740767 
542 129 15 18 0.037603624 
53 194 10 14 0.03754469 
525 52 9 12 0.037377156 
73 111 8 10 0.037268024 
9 141 10 13 0.036372956 
86 70 7 9 0.036079813 
605 107 14 20 0.03586056 
999 71 8 11 0.03583115 
416 127 8 11 0.035656825 
2 165 14 16 0.035497956 
384 29 7 9 0.035453305 
527 102 9 11 0.035371833 
304 87 7 9 0.035361215 
358 7 8 9 0.035290416 
445 47 8 10 0.034995943 
37 197 12 16 0.03493626 
997 77 10 14 0.034899224 
431 81 8 9 0.0343487 
102 130 8 9 0.033895098 
992 71 9 11 0.033789843 
669 127 11 15 0.033759333 
368 25 7 8 0.03368151 
566 28 9 11 0.033246357 
222 141 29 39 0.03317004 
189 131 9 11 0.033120535 
327 40 8 10 0.033084944 
104 141 9 11 0.0330004 
495 110 9 10 0.032914728 
560 23 9 11 0.032612678 
86 152 8 11 0.032411963 
65 157 7 10 0.032308064 
553 48 8 10 0.03219834 
322 101 7 10 0.032005172 
613 79 20 26 0.031756576 
185 128 7 9 0.031433214 
192 128 8 9 0.031210857 
78 78 8 9 0.031154078 
398 123 10 12 0.031133272 
25 96 8 10 0.030741267 
481 17 8 9 0.03072793 
151 72 7 9 0.030616643 
82 127 7 9 0.030482318 
58 152 8 11 0.030457554 
239 39 8 9 0.030444855 
235 104 8 11 0.030121686 
644 172 14 17 0.030086365 
964 136 12 15 0.029881576 
30 127 8 10 0.029791914 
360 132 9 10 0.029739516 
26 127 7 10 0.029737825 
456 40 6 9 0.029632466 
169 124 8 11 0.029435335 
73 94 8 10 0.02914024 
461 256 13 16 0.029023666 
321 24 7 9 0.029003285 
135 93 8 10 0.028962683 
104 166 8 10 0.028793333 
137 112 8 11 0.028740099 
464 93 8 10 0.028736502 
998 198 27 34 0.028671874 
423 63 7 10 0.028434364 
338 95 7 9 0.028154463 
119 112 7 8 0.027990768 
401 29 7 9 0.02798454 
9 87 8 10 0.027762398 
376 433 30 34 0.027755473 
984 71 9 11 0.027649412 
448 80 7 9 0.02764535 
96 159 8 9 0.027543755 
486 126 10 13 0.027510483 
5 118 8 11 0.027431889 
55 119 7 10 0.027428847 
64 121 8 10 0.02740605 
509 496 27 27 0.027195947 
425 54 8 9 0.027019441 
55 185 8 12 0.026944917 
560 438 54 75 0.026773466 
417 62 7 9 0.02675203 
270 87 8 10 0.026736494 
88 128 7 9 0.026332146 
357 486 10 12 0.026234584 
559 45 9 11 0.026037803 
208 48 7 9 0.026019713 
697 86 10 13 0.025889339 
304 80 7 9 0.02578175 
14 156 10 12 0.025774918 
407 30 7 9 0.02576604 
358 48 8 9 0.025727617 
607 105 26 32 0.02560508 
175 192 10 14 0.025528146 
480 22 7 9 0.025499169 
439 80 8 10 0.025445689 
3 158 12 14 0.025377821 
799 79 9 11 0.025266487 
359 54 6 8 0.025205612 
49 125 8 11 0.02515721 
311 48 7 9 0.025149364 
496 56 8 9 0.025128676 
471 25 8 9 0.025039185 
7 127 7 10 0.02501654 
544 78 10 13 0.024989605 
450 446 30 36 0.024976738 
209 76 9 12 0.024971407 
89 104 9 12 0.0248729 
635 137 14 19 0.024857396 
408 125 9 12 0.024810342 
784 39 8 10 0.024729183 
393 6 7 9 0.024717 
550 169 14 18 0.024669552 
319 81 8 9 0.024656054 
561 40 9 12 0.024643764 
114 118 8 10 0.024612293 
447 56 7 10 0.024487456 
333 53 7 10 0.024464441 
361 25 7 8 0.024406046 
554 144 21 28 0.024344526 
186 133 8 10 0.024227625 
959 133 12 14 0.024203634 
516 23 9 11 0.024196124 
326 102 7 10 0.024139378 
591 4 9 11 0.02397936 
7 148 11 13 0.023892676 
402 55 7 8 0.0238404 
442 55 7 9 0.02379064 
408 1 7 8 0.02377625 
352 54 8 9 0.023767374 
353 50 8 9 0.023703918 
191 94 7 10 0.02363666 
416 79 6 8 0.023490936 
321 31 8 10 0.023489282 
406 24 7 9 0.023408499 
495 104 9 11 0.02337564 
395 71 7 9 0.023367196 
934 72 22 26 0.023081569 
994 211 31 36 0.023057217 
102 159 8 9 0.023048878 
80 157 8 9 0.023043964 
298 97 7 9 0.022916693 
664 130 11 14 0.022811415 
113 55 8 9 0.022810128 
321 97 7 10 0.022736259 
601 5 10 12 0.022720965 
0 103 8 11 0.022513602 
399 6 8 9 0.022506528 
96 129 8 9 0.02249759 
89 86 8 10 0.022402642 
487 111 9 11 0.022371951 
599 482 34 43 0.022368196 
502 103 8 10 0.02229135 
52 203 10 14 0.022248475 
480 70 8 10 0.022114908 
392 48 8 9 0.022098208 
342 95 7 9 0.022023082 
374 447 16 21 0.02199455 
88 79 7 10 0.021981986 
486 54 8 10 0.021815965 
401 81 8 9 0.021778148 
384 14 7 8 0.021768538 
138 117 8 10 0.02164688 
368 30 7 8 0.021616342 
985 76 9 12 0.021557909 
186 190 15 17 0.021544857 
322 39 8 10 0.02151083 
151 77 8 10 0.021474468 
130 94 7 10 0.02145106 
541 133 21 26 0.021338506 
224 56 8 10 0.021338306 
417 72 7 9 0.02125684 
33 146 10 13 0.0211562 
336 135 8 10 0.021098798 
129 32 8 10 0.02108706 
623 91 22 30 0.02102291 
32 101 6 9 0.021003503 
144 93 8 10 0.020949781 
368 88 8 10 0.020948412 
190 86 7 10 0.020946201 
338 24 7 9 0.020935936 
312 13 8 10 0.020780763 
15 136 8 11 0.020766988 
352 32 8 9 0.020761456 
301 139 12 14 0.020700661 
300 132 11 13 0.020681486 
62 109 9 11 0.0206598 
208 85 7 10 0.020645592 
321 14 8 10 0.020599037 
559 256 11 13 0.02055061 
338 88 6 9 0.020504553 
247 77 8 10 0.020463623 
487 16 7 9 0.02045939 
606 5 10 13 0.020453801 
119 86 7 8 0.020448415 
990 82 11 14 0.020393379 
320 85 7 9 0.02029717 
464 81 9 11 0.020204889 
526 109 10 11 0.020171776 
129 37 7 9 0.02015321 
29 210 13 17 0.02012108 
140 443 54 76 0.02008806 
23 119 8 10 0.02004932 
239 115 9 11 0.020041877 
408 60 8 9 0.020034073 
655 62 8 11 0.02001614 
