12_Group_Large_Group_12_Group_Large_Group_12_550
24
232 522 37 46 0.998933 
755 67 35 45 0.99792504 
904 521 35 45 0.99746704 
579 526 42 53 0.995301 
224 57 40 50 0.9945834 
62 61 43 57 0.9931178 
592 60 38 56 0.9919409 
739 518 41 50 0.9878384 
415 518 41 52 0.9867453 
944 56 41 58 0.98662776 
74 526 37 50 0.97022647 
399 60 37 49 0.9400516 
744 560 32 39 0.06267493 
9 246 88 101 0.040906943 
396 621 66 58 0.032237418 
35 612 88 137 0.03179629 
593 516 33 46 0.030884337 
236 105 31 36 0.029729022 
877 144 36 52 0.029034823 
402 181 32 38 0.02692949 
25 284 57 67 0.023443822 
38 611 34 47 0.022721697 
21 192 88 119 0.020930914 
696 630 48 73 0.020235542 
