12_Group_Team_Organized_Group_12_Group_Team_Organized_Group_12_55
107
289 169 35 38 0.99637103 
184 134 38 37 0.99230474 
425 98 36 40 0.9326231 
80 81 29 41 0.47949043 
63 119 27 38 0.28548166 
221 255 14 18 0.24290532 
72 93 36 52 0.20654579 
503 173 28 37 0.13273484 
201 127 43 53 0.12166795 
326 268 26 33 0.10776821 
228 128 28 42 0.10605706 
349 189 15 18 0.09613162 
415 153 30 30 0.09391959 
457 188 17 18 0.09189885 
575 152 9 13 0.08260736 
549 164 14 17 0.077512436 
121 151 15 21 0.07306 
315 314 17 20 0.06616942 
218 230 15 18 0.065090224 
141 219 11 13 0.06502368 
517 166 11 15 0.06473984 
126 185 15 19 0.06449743 
517 173 12 17 0.0640972 
529 158 10 15 0.06384657 
133 130 15 17 0.05944124 
489 405 16 21 0.058932226 
325 239 29 34 0.058139756 
183 293 13 16 0.052751202 
227 331 13 17 0.05236609 
296 151 35 48 0.051858984 
111 145 24 35 0.05173632 
305 260 12 15 0.045855954 
218 243 23 28 0.041853223 
122 140 15 20 0.041620247 
412 95 34 38 0.04147143 
94 83 25 36 0.039993882 
150 218 12 16 0.03779459 
276 244 17 21 0.03703666 
453 180 28 28 0.036663286 
98 89 16 21 0.03661664 
134 216 12 14 0.036490474 
546 159 24 29 0.036249164 
160 188 10 13 0.036022622 
162 208 16 22 0.035090152 
568 156 12 16 0.034880664 
508 180 17 23 0.034511745 
174 146 11 17 0.034476843 
543 164 13 16 0.03414265 
275 231 27 33 0.03366354 
426 115 36 45 0.03305702 
317 299 23 27 0.032723732 
173 136 27 35 0.03229848 
331 242 17 20 0.031914324 
130 137 16 19 0.031625077 
152 209 22 28 0.030763106 
286 341 11 14 0.030212486 
83 114 32 41 0.029304877 
484 411 18 23 0.029025208 
354 321 15 18 0.028151385 
516 164 24 33 0.028041337 
233 133 40 54 0.027837584 
228 141 16 23 0.02774504 
342 188 15 19 0.027699184 
337 277 16 22 0.027621523 
322 285 26 32 0.027282132 
372 156 30 38 0.027229428 
449 105 15 23 0.026727883 
235 260 14 16 0.02646854 
119 298 15 19 0.026396675 
85 85 40 54 0.026047062 
224 289 29 33 0.025999067 
93 64 14 16 0.025879359 
446 154 30 37 0.025756175 
254 340 12 17 0.025128892 
441 82 30 45 0.025079774 
517 158 12 17 0.025025312 
74 122 16 24 0.024948096 
379 156 14 18 0.024701366 
383 240 11 13 0.024626875 
416 162 16 18 0.024541195 
533 162 12 17 0.024038251 
373 238 24 31 0.023660634 
180 226 14 19 0.023561835 
422 136 39 40 0.023169931 
125 171 13 18 0.023041036 
159 205 14 16 0.02302462 
486 182 48 46 0.022767132 
190 227 13 18 0.02263506 
61 433 12 15 0.022449011 
150 156 13 19 0.022365376 
559 151 22 31 0.022186514 
93 99 16 24 0.022095159 
454 163 31 36 0.021795763 
51 101 33 46 0.021742212 
128 166 23 33 0.0216784 
431 156 32 35 0.021672878 
758 553 132 140 0.021618871 
100 67 11 14 0.021455064 
83 508 16 22 0.02140595 
94 146 30 36 0.021198586 
267 273 13 19 0.021091964 
254 334 11 14 0.020917658 
70 84 26 42 0.020883774 
430 204 10 12 0.020831307 
254 169 25 34 0.020258296 
478 395 27 35 0.020141367 
431 197 11 13 0.020086909 
