12_Group_Large_Group_12_Group_Large_Group_12_253
182
161 264 31 39 0.99972147 
677 321 27 36 0.99963224 
88 242 28 35 0.99953663 
860 252 26 32 0.9992225 
546 334 30 39 0.99868816 
971 389 33 42 0.99866796 
159 210 28 35 0.99866533 
934 259 28 34 0.99838626 
244 398 32 43 0.9982754 
486 363 32 44 0.9982266 
637 226 23 31 0.9979851 
657 385 29 37 0.99757046 
298 229 24 30 0.9974464 
131 416 38 48 0.99731016 
871 385 31 37 0.9972899 
757 372 28 33 0.997156 
616 285 27 34 0.99708885 
354 226 29 39 0.99679416 
795 232 25 32 0.9964839 
23 437 30 39 0.9963277 
606 322 27 35 0.9962179 
39 263 36 43 0.99595463 
410 237 25 32 0.995514 
31 201 25 35 0.9950911 
460 234 25 31 0.9948453 
352 421 31 40 0.9945075 
262 220 22 27 0.9938206 
332 200 22 30 0.99309313 
120 201 21 29 0.9910697 
708 246 23 30 0.9908131 
894 239 24 33 0.988782 
207 196 24 31 0.9874326 
613 211 22 26 0.984543 
499 212 21 26 0.9811921 
591 425 25 30 0.9807811 
561 205 20 26 0.9793673 
682 237 22 28 0.977879 
394 200 23 28 0.97716105 
210 268 32 36 0.96806526 
731 233 21 27 0.9671205 
861 223 21 26 0.9589118 
0 243 21 31 0.95460343 
765 260 21 27 0.950335 
458 206 22 25 0.94458264 
768 202 19 23 0.9328976 
281 262 26 33 0.91196364 
387 429 44 52 0.86726296 
555 323 29 35 0.5940568 
556 406 24 28 0.5460384 
362 414 44 53 0.4455597 
643 195 13 16 0.23055147 
860 236 24 31 0.111057945 
628 221 23 30 0.11049406 
415 217 14 19 0.10152411 
405 204 20 28 0.0946489 
596 192 14 17 0.09006441 
205 157 13 16 0.08782959 
46 172 13 17 0.086349845 
832 360 24 31 0.084812246 
566 320 22 27 0.08460636 
14 179 12 16 0.081343025 
584 434 29 34 0.080176316 
293 388 25 33 0.077649206 
52 171 15 18 0.069677256 
494 204 13 16 0.06685084 
902 220 11 14 0.06526162 
937 220 9 11 0.064286485 
896 215 9 12 0.06372518 
694 237 24 34 0.059611462 
845 221 12 15 0.05686053 
779 230 14 16 0.05486366 
686 220 16 19 0.054615077 
941 221 9 11 0.05402001 
896 221 11 14 0.05196284 
302 401 29 38 0.050450537 
614 198 14 17 0.049112752 
899 229 14 18 0.04876983 
29 255 31 39 0.048215095 
448 209 12 16 0.046281207 
289 236 28 35 0.045067158 
459 198 17 19 0.045033135 
843 223 21 28 0.04423978 
632 532 30 30 0.041963108 
882 239 25 36 0.04020236 
110 157 13 15 0.03977657 
873 248 25 35 0.039701622 
59 161 16 18 0.039200094 
2 238 17 21 0.03849175 
6 179 14 17 0.03829014 
486 188 13 15 0.03808445 
684 227 18 24 0.03720978 
943 229 12 15 0.037144765 
109 204 24 32 0.03693392 
38 174 13 15 0.036875844 
4 154 14 17 0.03667739 
887 214 9 12 0.036248133 
203 168 14 19 0.03590394 
28 196 18 25 0.035274934 
0 196 10 16 0.0350087 
859 380 30 35 0.034880664 
363 217 24 35 0.034434136 
333 330 17 20 0.034159143 
199 155 13 16 0.03384424 
356 211 16 20 0.033773337 
776 231 21 26 0.033373408 
933 244 14 18 0.033371493 
0 152 11 17 0.03323292 
14 157 11 16 0.033196796 
87 141 11 16 0.03304943 
828 66 24 33 0.033042226 
524 203 13 17 0.033006843 
527 195 13 16 0.032825068 
908 220 10 14 0.03239373 
127 204 27 34 0.03211972 
906 239 23 30 0.031814747 
488 183 10 13 0.0315878 
833 374 27 32 0.031575963 
942 235 13 16 0.03097203 
340 205 25 34 0.030819869 
272 246 24 36 0.02958392 
603 194 14 17 0.029371973 
932 237 13 16 0.029108554 
258 213 19 23 0.028865492 
212 222 16 20 0.028438373 
186 335 29 40 0.028293014 
894 236 17 22 0.028289407 
845 380 27 35 0.02816557 
284 229 25 31 0.028023243 
199 162 15 19 0.027638646 
526 160 12 16 0.027081318 
254 196 12 18 0.026665805 
886 219 11 14 0.026109828 
931 247 24 31 0.025663104 
254 21 12 15 0.02496131 
300 417 16 20 0.024719214 
767 363 27 36 0.024280457 
228 60 12 15 0.024211418 
557 198 13 17 0.024026189 
6 239 27 33 0.023755498 
205 179 13 17 0.023606202 
855 214 10 13 0.023412896 
748 194 14 17 0.023301838 
166 464 18 23 0.023259025 
231 402 23 31 0.023131583 
486 157 8 10 0.023073351 
340 193 12 15 0.022890234 
0 179 11 16 0.022751788 
487 173 9 11 0.022593664 
876 194 11 14 0.022555893 
2 141 15 17 0.02254791 
266 227 25 33 0.02244763 
439 205 13 16 0.022273706 
741 373 22 29 0.022053782 
12 149 11 15 0.021917434 
776 245 24 32 0.021886269 
879 214 12 13 0.021869998 
385 413 35 45 0.021782117 
534 203 11 14 0.02174696 
254 57 13 17 0.02158907 
896 217 21 26 0.021551885 
885 207 11 13 0.021528065 
256 156 12 16 0.021339161 
22 250 27 34 0.021307569 
163 206 19 23 0.021303358 
115 160 13 16 0.021181455 
912 206 9 11 0.021116298 
172 150 10 12 0.020826126 
493 202 22 28 0.020684125 
256 115 12 15 0.02064254 
998 246 26 36 0.020633306 
68 217 15 19 0.020533761 
917 205 10 13 0.020483738 
221 136 11 14 0.020406472 
898 227 23 32 0.020266926 
334 191 13 16 0.020254055 
218 193 23 31 0.020170629 
234 208 15 19 0.020119052 
292 509 23 29 0.020101814 
5 197 11 16 0.02002462 
348 28 11 14 0.020008504 
175 157 10 11 0.02000583 
868 372 31 34 0.02000461 
