12_Group_Large_Group_12_Group_Large_Group_12_322
67
250 353 36 49 0.9982516 
517 374 38 49 0.99733007 
1001 380 24 41 0.9964786 
817 400 34 44 0.9957332 
320 366 28 35 0.99267864 
60 352 28 36 0.9882854 
968 51 23 28 0.17080574 
961 536 29 46 0.14106317 
757 356 31 44 0.13324966 
997 39 23 27 0.12903847 
10 121 15 17 0.1241298 
869 116 12 14 0.11969503 
349 336 28 35 0.094555974 
871 123 12 15 0.050365902 
941 73 26 33 0.05034245 
43 80 11 15 0.04991043 
855 124 9 13 0.049271356 
966 535 42 78 0.048499018 
88 54 14 16 0.045556806 
909 109 12 15 0.045526274 
923 76 14 16 0.044592373 
61 51 12 13 0.043493994 
1007 0 10 10 0.0418299 
646 347 12 16 0.035951387 
889 116 11 14 0.03584978 
139 89 13 17 0.034580436 
767 30 10 12 0.034120567 
884 327 28 34 0.032190524 
195 115 14 15 0.031840842 
929 76 25 31 0.030134162 
978 67 15 18 0.029170487 
270 15 11 13 0.028859613 
324 353 40 53 0.028772859 
85 52 23 26 0.028586894 
15 19 12 15 0.027972572 
973 70 24 30 0.027856223 
58 140 12 14 0.027843041 
117 523 413 463 0.02714123 
479 0 9 10 0.026464097 
498 -8 83 112 0.025950305 
755 330 17 21 0.025735429 
920 71 22 27 0.024715673 
901 103 27 35 0.023867091 
916 297 12 18 0.02372027 
377 309 18 19 0.023630837 
84 76 11 15 0.023485633 
860 139 11 14 0.02327064 
913 100 29 37 0.023268262 
886 108 13 16 0.023250945 
255 315 12 14 0.02313329 
132 78 24 30 0.023038054 
85 67 13 17 0.02289645 
745 30 11 13 0.022891222 
999 0 13 11 0.022827938 
29 29 14 16 0.022771206 
340 345 33 42 0.022725424 
919 333 12 16 0.021934507 
925 91 15 18 0.021537771 
946 69 16 19 0.021318192 
923 72 40 50 0.021180019 
1009 44 13 17 0.020843448 
415 1 10 10 0.020813972 
752 47 10 13 0.02031739 
136 99 10 14 0.020279536 
357 333 16 21 0.02013456 
857 131 10 14 0.02011096 
232 488 232 264 0.020039214 
