12_Group_Group_12_Group_Group_12_759
19
244 175 68 101 0.997428 
373 116 70 92 0.99655676 
830 135 68 102 0.9911061 
541 189 75 101 0.98799676 
54 96 75 132 0.9877417 
3 448 104 158 0.59045315 
792 277 10 14 0.13177578 
752 276 8 11 0.11236269 
68 269 45 51 0.08536018 
751 286 8 11 0.040887732 
879 503 35 44 0.031060789 
726 296 10 13 0.030852005 
719 286 9 11 0.027839413 
1013 580 11 17 0.027020413 
721 95 8 10 0.023235917 
761 127 7 9 0.022038477 
745 292 9 11 0.021158896 
866 451 92 118 0.020884018 
736 55 9 11 0.020388268 
