12_Group_Group_12_Group_Group_12_218
28
220 61 52 63 0.9995975 
78 35 58 77 0.9983506 
462 91 46 47 0.97429943 
709 63 45 63 0.93321115 
855 54 44 72 0.7858507 
841 111 69 109 0.71011376 
848 71 63 97 0.16158096 
332 203 23 32 0.062290084 
816 143 84 128 0.048720285 
673 178 107 138 0.045517843 
875 55 55 69 0.04189288 
95 234 60 51 0.040697787 
749 34 29 40 0.040033028 
164 417 32 37 0.0389788 
817 106 65 91 0.037517566 
56 203 59 67 0.034265645 
765 38 28 47 0.03351223 
978 111 45 72 0.033379246 
118 217 53 56 0.03324362 
137 238 32 44 0.03226497 
968 20 10 12 0.02518623 
88 206 62 61 0.020972298 
670 182 53 84 0.020968225 
706 180 71 80 0.020931618 
877 29 60 67 0.02079105 
896 429 66 66 0.020585911 
951 23 10 13 0.020393336 
899 69 38 46 0.020240469 
