12_Group_Team_Organized_Group_12_Group_Team_Organized_Group_12_602
19
414 251 133 184 0.9990676 
645 170 154 176 0.99859506 
257 151 139 214 0.99636984 
531 172 124 145 0.99605995 
309 190 147 206 0.83097196 
571 187 156 145 0.69573504 
11 294 36 39 0.25952408 
447 205 145 170 0.15813836 
140 332 44 58 0.1576448 
464 971 10 12 0.069728844 
960 934 56 77 0.05707549 
-19 1180 512 554 0.050330773 
785 261 233 344 0.0431191 
-2 299 50 73 0.02797991 
999 137 26 37 0.026405605 
842 156 37 42 0.022602078 
778 166 34 54 0.021718284 
364 7 45 54 0.021333296 
881 2 125 116 0.020793617 
