12_Group_Large_Group_12_Group_Large_Group_12_736
198
938 454 25 33 0.9884907 
571 400 32 40 0.97103375 
396 389 19 24 0.79826397 
301 381 32 31 0.71842283 
735 385 27 34 0.6065849 
424 391 17 24 0.603265 
631 357 20 26 0.58766854 
152 334 22 30 0.5282793 
70 312 11 12 0.44759125 
140 390 25 28 0.44214973 
11 356 21 32 0.3782008 
188 363 16 22 0.31545478 
893 285 12 14 0.30906782 
631 350 13 16 0.21776195 
227 396 19 25 0.212961 
893 486 14 17 0.20651796 
558 444 29 46 0.20458518 
954 435 14 17 0.20219024 
676 368 17 22 0.19761536 
739 381 18 22 0.18234988 
578 385 28 37 0.17530385 
413 411 15 20 0.1740285 
63 328 29 41 0.13253514 
587 377 16 23 0.12408347 
230 368 15 19 0.120324165 
571 371 14 17 0.11512633 
708 393 22 30 0.10795109 
975 508 24 31 0.104642354 
1 308 10 15 0.098980434 
205 383 16 21 0.089623116 
720 388 26 34 0.08664282 
448 387 13 19 0.0850776 
0 303 9 13 0.08461282 
13 315 14 17 0.080731645 
771 357 13 18 0.080591716 
747 386 26 36 0.07585177 
448 435 22 28 0.07544509 
613 356 14 21 0.07029784 
621 359 17 22 0.06878023 
415 401 20 27 0.06819994 
585 405 26 45 0.0679207 
452 393 13 18 0.06680055 
754 445 33 50 0.06140584 
97 378 15 20 0.057763424 
694 371 13 16 0.05614586 
315 357 25 31 0.055970952 
622 347 15 18 0.05411429 
190 371 22 29 0.0530597 
411 392 20 26 0.052803025 
229 391 13 17 0.049515806 
47 707 28 31 0.04784263 
234 371 20 27 0.047150917 
83 730 23 28 0.047042422 
570 369 24 28 0.046745878 
127 344 12 17 0.046202064 
407 416 16 19 0.044385023 
967 417 12 16 0.043655753 
427 384 12 15 0.04307415 
699 376 14 18 0.04211667 
356 702 9 11 0.040877577 
5 684 28 34 0.04037242 
947 440 22 28 0.039680973 
146 377 27 36 0.039589588 
94 347 11 14 0.038963106 
23 356 26 34 0.038304 
593 386 16 23 0.03720361 
579 373 15 18 0.037092287 
567 417 30 46 0.03598553 
640 353 16 22 0.035307035 
25 631 9 13 0.03519517 
405 376 11 13 0.03519364 
127 544 18 25 0.035128422 
126 382 40 47 0.03463902 
88 316 9 12 0.03445723 
565 395 27 33 0.034199774 
564 375 16 20 0.03419893 
148 447 16 19 0.033754077 
694 419 16 20 0.033368662 
140 338 19 26 0.03297272 
639 366 16 21 0.032926664 
0 335 11 20 0.032861535 
317 382 25 32 0.032022566 
112 339 10 14 0.03201087 
57 754 17 16 0.031678863 
97 638 17 19 0.031645615 
634 410 29 37 0.031595036 
387 430 17 22 0.031512234 
231 384 22 32 0.03148908 
106 747 15 18 0.031252515 
519 455 80 120 0.031228917 
75 310 11 14 0.031005856 
268 388 13 15 0.030787895 
314 370 18 23 0.030767 
161 333 15 21 0.030758215 
130 492 14 18 0.03034019 
444 400 16 20 0.030265084 
6 321 14 19 0.0300966 
375 363 11 14 0.03006785 
410 422 15 20 0.029437393 
35 617 13 18 0.028918179 
36 340 24 32 0.028777594 
262 723 12 15 0.028711146 
498 379 174 218 0.028535903 
151 389 28 37 0.028274454 
281 732 24 27 0.028118683 
438 372 12 14 0.027737908 
49 334 26 36 0.02764754 
357 394 14 17 0.027635865 
245 740 15 17 0.027486749 
402 382 14 17 0.027366055 
554 402 31 34 0.027359761 
43 326 12 14 0.027075406 
263 410 12 15 0.027032156 
101 342 10 13 0.0267787 
69 712 17 20 0.02672919 
396 746 16 16 0.026688306 
333 370 14 18 0.026400574 
889 285 21 24 0.025917115 
138 338 37 45 0.025815587 
433 397 15 22 0.025709927 
20 310 10 13 0.025578 
408 431 20 30 0.025573766 
427 404 16 21 0.025411515 
411 415 24 33 0.025345324 
39 309 10 13 0.025258375 
284 406 11 12 0.025070703 
240 339 13 15 0.024986533 
800 430 9 12 0.024883227 
231 726 10 12 0.024659667 
275 387 11 16 0.024625912 
213 371 12 16 0.024584947 
242 753 16 17 0.024524344 
523 407 16 21 0.024498452 
918 449 14 19 0.024339855 
662 437 12 15 0.024043113 
430 372 12 14 0.024021786 
671 363 17 20 0.023963805 
645 348 23 30 0.023816839 
959 493 39 47 0.023781756 
61 369 16 20 0.023710463 
229 618 29 40 0.023650011 
3 363 21 36 0.023554122 
165 450 13 17 0.023330562 
341 708 8 12 0.023286773 
652 317 11 14 0.02318715 
676 358 14 18 0.022928694 
341 701 9 11 0.022854958 
244 375 16 22 0.02278668 
406 702 8 11 0.022737913 
11 363 32 42 0.022699391 
86 325 9 12 0.022636963 
66 308 20 23 0.022610268 
197 361 10 14 0.022484366 
24 425 28 40 0.022410257 
6 329 24 33 0.02232372 
612 360 22 28 0.022251537 
987 506 16 22 0.02221876 
135 369 29 40 0.022184933 
606 355 13 19 0.02216509 
68 320 16 19 0.021964828 
227 404 24 34 0.021906639 
462 410 15 21 0.021866929 
567 368 13 15 0.021748774 
2 744 17 19 0.021701062 
677 621 35 41 0.021635301 
653 660 82 109 0.021587402 
634 338 22 31 0.021538245 
444 449 17 18 0.021459104 
77 324 12 15 0.021422962 
920 396 10 14 0.021381676 
237 727 10 13 0.021366471 
666 348 22 28 0.021270867 
198 384 16 19 0.021262309 
1 306 20 25 0.02116746 
956 436 22 29 0.021131996 
181 372 16 23 0.021103961 
446 371 11 15 0.021102998 
20 332 14 17 0.021100467 
403 379 23 29 0.02105112 
655 318 27 34 0.020965977 
624 386 46 51 0.020938292 
446 381 12 17 0.020899745 
708 369 13 17 0.020808216 
703 401 15 20 0.020779341 
536 398 27 36 0.020708283 
66 314 12 14 0.020670386 
562 384 16 21 0.020666199 
5 353 17 27 0.020474024 
152 440 21 27 0.020436969 
396 441 16 21 0.020400384 
331 377 16 22 0.020376176 
436 437 25 28 0.020360686 
596 372 13 20 0.020320995 
42 718 31 33 0.02021807 
903 484 21 30 0.020175569 
331 361 15 20 0.020126354 
600 365 22 30 0.020095842 
438 380 12 15 0.020089032 
