12_Group_Group_12_Group_Group_12_522
70
301 229 37 47 0.9993468 
371 300 38 48 0.9993082 
398 227 36 49 0.9986106 
265 293 37 47 0.998041 
504 390 43 54 0.998021 
686 230 36 46 0.9978249 
723 294 40 51 0.9965193 
599 264 38 45 0.99631125 
655 396 43 54 0.99449325 
491 245 41 53 0.9944366 
359 405 44 53 0.9938294 
887 290 43 53 0.99344337 
820 245 40 45 0.9925236 
792 283 42 52 0.9920208 
187 229 42 50 0.99027854 
113 228 41 48 0.97895426 
610 714 17 21 0.59962666 
583 747 25 22 0.35807022 
337 624 18 20 0.1813982 
828 727 19 22 0.15621778 
49 435 28 35 0.12438467 
416 691 25 34 0.119836375 
590 738 28 29 0.107612595 
388 691 14 19 0.07705058 
424 394 41 54 0.07436445 
700 291 31 42 0.06814579 
599 730 31 33 0.054333597 
494 631 54 53 0.05367443 
371 632 24 30 0.051943228 
444 578 16 20 0.05145683 
804 268 45 54 0.05049462 
30 207 28 36 0.046649568 
377 236 11 13 0.045967106 
597 732 16 20 0.0453251 
577 696 18 20 0.042685654 
749 171 10 13 0.042011913 
865 755 12 13 0.03904072 
606 710 15 20 0.037397284 
462 595 24 30 0.034806818 
594 697 15 18 0.033563495 
443 745 15 18 0.033220027 
744 210 11 15 0.032355167 
340 208 13 17 0.032191694 
28 235 23 35 0.032083396 
344 619 17 21 0.03006173 
516 595 14 18 0.029556163 
2 452 31 40 0.02906642 
279 686 24 30 0.027888639 
742 191 10 13 0.027497174 
47 440 41 51 0.027160838 
581 692 25 28 0.025937483 
868 747 25 22 0.025077635 
333 263 26 30 0.02479197 
818 658 17 20 0.024251904 
160 718 11 14 0.0241492 
387 635 17 20 0.023030736 
419 416 34 48 0.022477455 
709 202 12 14 0.022383321 
427 628 26 33 0.022255473 
844 725 13 17 0.02204323 
62 436 27 33 0.021919208 
607 721 29 33 0.021805711 
458 581 45 53 0.021591699 
374 186 10 13 0.021545766 
599 718 25 31 0.021380667 
226 227 25 36 0.021130005 
378 254 16 20 0.02105702 
573 726 27 32 0.020987654 
737 191 10 12 0.020497236 
731 242 17 20 0.020167725 
