12_Group_Group_12_Group_Group_12_268
63
246 349 35 45 0.99968183 
151 261 32 42 0.99965596 
627 219 32 44 0.9996165 
756 212 35 44 0.9994537 
807 224 30 37 0.9993451 
486 191 33 44 0.99914145 
855 229 32 41 0.9991386 
457 324 37 48 0.9989604 
218 211 35 40 0.9988979 
444 216 35 44 0.99888307 
570 223 35 43 0.9985746 
915 320 34 44 0.9985488 
586 362 36 48 0.9982667 
706 384 38 47 0.99825484 
367 207 36 44 0.9980654 
810 394 40 47 0.9973966 
703 192 31 40 0.9961014 
895 208 36 48 0.99606186 
104 245 36 42 0.99573225 
306 245 29 35 0.99542385 
338 355 45 56 0.99165803 
725 261 37 46 0.98056227 
156 347 39 52 0.9756512 
239 92 27 29 0.95113623 
603 199 31 39 0.6675622 
427 165 27 33 0.63716865 
156 219 14 18 0.4278779 
227 295 18 21 0.16157845 
280 319 32 39 0.14756334 
772 433 16 21 0.08673985 
861 364 15 19 0.058502924 
852 381 23 31 0.05467093 
561 393 18 21 0.047579695 
927 304 36 43 0.045135878 
871 215 38 47 0.041344736 
227 87 29 36 0.040943295 
738 196 26 32 0.03976489 
583 216 33 42 0.035595894 
657 144 7 10 0.035369877 
656 149 7 10 0.03499842 
148 225 25 32 0.033807725 
649 151 8 12 0.033523727 
148 245 28 35 0.033489738 
728 195 23 31 0.031758968 
858 405 22 32 0.030162029 
248 83 20 24 0.029759692 
279 341 32 39 0.028559547 
739 195 16 21 0.027500981 
838 380 25 33 0.025776833 
627 387 15 20 0.02494742 
605 542 10 13 0.023771685 
599 151 9 11 0.022928337 
471 201 38 48 0.022686088 
607 220 27 37 0.022635652 
965 221 13 18 0.022598583 
613 206 35 45 0.022141363 
778 430 14 19 0.022008473 
641 64 10 13 0.02180855 
725 248 32 39 0.02163236 
165 74 46 61 0.02157202 
649 157 9 10 0.02070501 
284 359 28 37 0.020400777 
565 161 14 19 0.020178558 
