12_Group_Large_Group_12_Group_Large_Group_12_15
54
518 259 32 43 0.9996125 
521 393 31 38 0.9996117 
614 195 37 48 0.9995696 
636 445 33 41 0.99925905 
634 329 34 40 0.9992519 
358 282 36 44 0.9991285 
139 323 39 49 0.9989838 
243 354 34 44 0.9989453 
735 343 31 39 0.99886155 
75 413 34 42 0.99854445 
407 238 36 45 0.9984339 
806 426 33 40 0.99827266 
858 436 33 40 0.9979796 
765 267 35 45 0.997875 
217 216 36 48 0.9978676 
566 307 30 36 0.9975478 
172 380 33 40 0.99540883 
855 203 38 52 0.9953275 
308 197 38 49 0.9915336 
408 369 43 55 0.99059206 
733 398 31 31 0.35640824 
803 532 12 14 0.21893078 
200 468 13 15 0.10478368 
293 437 28 42 0.05384914 
760 379 24 31 0.043142334 
825 538 14 16 0.043060154 
198 462 21 26 0.041710947 
803 537 13 16 0.041377626 
754 74 35 47 0.03602313 
815 541 12 15 0.03373953 
187 374 27 38 0.033556044 
143 473 16 24 0.033470403 
570 351 23 30 0.032916933 
203 382 13 20 0.031204678 
593 447 19 22 0.029120363 
808 491 33 39 0.02867212 
151 439 29 38 0.028575838 
554 378 26 32 0.027681364 
750 387 28 33 0.027212039 
677 464 16 22 0.026333913 
830 499 26 34 0.02629591 
902 496 22 32 0.025736857 
722 392 30 35 0.025713978 
556 267 24 32 0.024329875 
643 432 30 39 0.024261395 
843 507 17 22 0.024122268 
291 481 17 21 0.023485776 
767 574 10 13 0.022939526 
751 146 52 62 0.022170635 
559 366 27 35 0.02174775 
764 425 25 30 0.021711605 
564 438 11 14 0.021103287 
778 59 42 61 0.02042587 
591 444 14 18 0.020031217 
