12_Group_Group_12_Group_Group_12_59
55
591 122 26 33 0.9983569 
807 146 28 38 0.99667513 
521 89 24 33 0.9953556 
171 109 27 36 0.99057835 
117 89 21 30 0.9764738 
274 85 20 29 0.97262424 
417 84 18 25 0.949788 
744 174 25 33 0.86161184 
236 241 36 59 0.7671463 
314 532 61 78 0.7090776 
470 68 14 17 0.27102593 
774 180 27 33 0.22470061 
475 63 13 15 0.21124485 
389 119 14 21 0.19346999 
202 111 25 33 0.11617449 
394 119 24 31 0.10883046 
190 109 26 34 0.102688015 
3 283 41 58 0.09230317 
110 91 19 24 0.08820465 
384 121 13 19 0.07593697 
202 235 53 63 0.07193697 
769 172 24 32 0.071854636 
444 111 16 22 0.06960305 
481 102 16 20 0.052709833 
989 264 34 61 0.051563077 
184 247 48 64 0.04494466 
310 159 18 24 0.044008218 
488 132 12 16 0.041050408 
777 194 27 30 0.040483207 
232 274 110 175 0.040349256 
157 115 27 36 0.039648373 
22 292 31 43 0.036422223 
245 225 44 68 0.036400486 
317 108 11 14 0.03618409 
754 182 28 34 0.03452018 
786 184 18 23 0.03389744 
467 79 15 20 0.033640552 
469 69 22 30 0.0317965 
0 306 29 40 0.03171738 
215 217 55 63 0.030842213 
262 88 26 30 0.030511925 
272 88 39 52 0.029540926 
300 302 441 445 0.026744397 
384 150 12 16 0.025602395 
2 266 14 20 0.024744652 
86 162 348 376 0.024358636 
834 168 16 22 0.024258664 
253 88 23 31 0.023914756 
28 268 15 19 0.023729151 
408 126 17 22 0.023166945 
356 203 15 16 0.022911862 
626 305 519 388 0.022268495 
0 268 29 40 0.021641865 
769 190 20 24 0.021137724 
216 268 39 48 0.020959152 
