12_Group_Group_12_Group_Group_12_29
22
80 200 95 130 0.9997726 
510 197 64 81 0.9996427 
264 212 69 93 0.99921286 
802 202 80 101 0.99562424 
930 213 52 67 0.978242 
327 190 42 54 0.39652386 
481 191 23 29 0.2654339 
477 188 15 20 0.14145502 
718 491 89 114 0.12029492 
297 198 59 73 0.061387192 
747 479 105 154 0.059633024 
934 199 29 47 0.056914102 
494 182 10 14 0.05166852 
469 193 18 23 0.051050615 
223 62 8 10 0.029013315 
489 185 29 38 0.02794634 
331 203 51 66 0.02742455 
467 186 41 49 0.023833442 
547 630 37 47 0.022768978 
170 31 10 12 0.022486277 
958 206 44 67 0.021779934 
208 23 9 10 0.021383397 
