12_Group_Group_12_Group_Group_12_735
38
535 251 100 134 0.9997651 
213 299 95 114 0.9983057 
761 226 43 59 0.98642284 
812 360 87 135 0.9753616 
874 255 30 40 0.27770954 
766 381 99 114 0.12393863 
906 230 28 31 0.09256257 
175 235 66 101 0.08320432 
888 258 33 36 0.082992785 
905 245 33 40 0.07786588 
932 246 16 21 0.07053368 
958 333 57 84 0.065738596 
872 238 25 40 0.05671818 
916 236 24 33 0.056515325 
356 226 45 56 0.05487873 
754 400 64 72 0.051584434 
191 257 93 131 0.04268514 
912 254 37 45 0.03716356 
909 231 15 16 0.03631392 
446 357 11 12 0.03164997 
1014 62 9 17 0.030129265 
891 259 54 60 0.03006107 
876 235 15 23 0.028352473 
398 304 37 43 0.02602665 
888 225 30 34 0.025856512 
929 255 33 42 0.025642725 
456 192 9 11 0.025558077 
973 270 13 15 0.025228327 
852 264 30 43 0.02491289 
979 292 16 19 0.024836162 
808 107 13 15 0.024523523 
807 100 13 16 0.023053989 
437 385 16 18 0.021915395 
732 350 172 197 0.021555051 
380 398 30 31 0.021545686 
474 540 15 18 0.02050457 
429 383 16 19 0.020475524 
428 476 16 18 0.02003955 
