12_Group_Team_Organized_Group_12_Group_Team_Organized_Group_12_353
40
519 -45 391 518 0.9858182 
629 26 235 340 0.85552245 
413 -2 337 418 0.64412516 
786 1109 148 208 0.30142242 
879 948 99 144 0.2225567 
215 1076 221 293 0.20458394 
138 628 95 148 0.16925348 
21 1009 400 545 0.11637444 
458 30 177 188 0.111229844 
449 744 206 308 0.085452415 
533 710 35 42 0.075820744 
927 1336 89 108 0.06009858 
760 888 331 433 0.04927413 
259 1155 230 365 0.046380844 
872 1380 31 35 0.041271176 
799 1377 45 60 0.041229915 
490 1030 403 489 0.038477827 
102 591 179 267 0.035781696 
285 199 229 264 0.03478893 
126 633 61 98 0.031730812 
369 680 369 472 0.028825061 
214 662 101 150 0.028453624 
857 1402 28 33 0.027659047 
34 313 402 490 0.027240487 
815 868 184 286 0.027007585 
103 505 360 453 0.02690779 
80 1080 242 342 0.026272252 
165 73 423 473 0.026048366 
554 696 56 63 0.025891349 
789 1001 59 82 0.02516376 
585 669 40 57 0.024217637 
580 677 28 40 0.022643127 
169 636 112 170 0.021661032 
861 1387 35 38 0.021506138 
571 221 452 463 0.021136533 
274 703 56 80 0.020915294 
282 728 30 50 0.020845745 
524 807 200 266 0.02081826 
601 716 33 45 0.020552102 
570 689 30 40 0.020260999 
