12_Group_Group_12_Group_Group_12_794
28
560 37 64 70 0.97439 
368 156 42 49 0.7151752 
651 118 46 64 0.41673952 
464 149 29 40 0.33119085 
391 161 26 45 0.21265611 
452 172 29 40 0.13974336 
506 63 49 60 0.10179665 
505 83 30 35 0.0903197 
1 290 11 20 0.070530556 
579 61 63 73 0.041896004 
475 138 26 47 0.039777208 
461 162 33 52 0.03514216 
422 167 30 49 0.034101225 
475 155 16 26 0.03273998 
534 50 54 67 0.029171959 
599 89 40 42 0.028940296 
806 90 206 191 0.028495915 
638 123 37 54 0.02575375 
287 423 10 14 0.025383275 
0 275 26 42 0.025336597 
402 159 37 54 0.024206394 
321 141 30 37 0.02383178 
624 91 61 76 0.022623127 
558 56 36 52 0.021683805 
436 163 37 50 0.021525554 
481 111 35 50 0.021412587 
447 145 36 44 0.021163002 
441 612 56 66 0.020380007 
