12_Group_Group_12_Group_Group_12_912
25
408 139 35 45 0.9994616 
696 177 38 48 0.9975714 
534 140 37 45 0.9971692 
617 244 38 46 0.9957249 
220 83 39 53 0.99570245 
490 245 39 47 0.9956573 
286 192 39 51 0.9941414 
304 117 37 47 0.99413836 
648 105 34 41 0.9925363 
829 68 39 53 0.9886606 
380 243 41 53 0.9870914 
634 167 29 39 0.07688117 
753 286 35 49 0.044087175 
250 396 17 23 0.04404808 
392 383 31 36 0.043910965 
611 229 33 43 0.042725004 
671 148 23 32 0.03620208 
628 184 30 40 0.02707166 
691 326 40 52 0.026222553 
926 440 21 28 0.025075296 
680 261 31 37 0.024568219 
696 305 30 35 0.022352396 
335 178 38 50 0.021391477 
666 151 18 23 0.021056136 
604 224 27 36 0.020380924 
