12_Group_Group_12_Group_Group_12_38
29
570 63 50 65 0.9987997 
271 71 46 56 0.9964084 
790 61 45 54 0.9951799 
105 81 47 57 0.9913366 
489 84 44 52 0.9797894 
714 58 43 54 0.9735304 
201 78 43 50 0.9671104 
412 93 42 45 0.81619143 
632 67 14 17 0.16135854 
322 71 38 55 0.087181054 
327 201 48 70 0.08265482 
846 95 41 59 0.066615336 
678 119 41 52 0.064617254 
627 67 25 34 0.060983926 
836 108 28 37 0.060743902 
629 89 39 57 0.049105912 
303 69 41 58 0.04202756 
66 377 47 61 0.039969284 
470 447 33 43 0.038828693 
341 83 14 22 0.032278165 
709 127 46 56 0.031104634 
268 570 15 18 0.029864429 
206 125 377 465 0.029305605 
864 103 30 44 0.029096277 
303 579 18 20 0.024685742 
527 376 66 62 0.02426133 
322 234 15 19 0.023505017 
790 167 100 90 0.021060407 
271 259 28 32 0.0200376 
