12_Group_Group_12_Group_Group_12_28
47
170 38 32 42 0.9996613 
462 233 33 43 0.99941766 
515 59 34 42 0.99929094 
178 199 38 47 0.99875784 
108 70 35 46 0.99874544 
71 21 39 49 0.9984042 
303 132 35 47 0.9973695 
552 110 37 46 0.9973665 
519 253 40 49 0.9972626 
790 76 38 51 0.9969553 
209 103 35 50 0.9966168 
385 198 42 54 0.99601907 
245 256 41 49 0.99558467 
663 57 37 51 0.9944296 
127 125 44 56 0.9931439 
261 152 37 48 0.9929342 
903 107 46 58 0.9929142 
707 86 39 52 0.99091876 
233 77 36 49 0.9899866 
612 99 41 51 0.9844364 
618 52 35 43 0.9813095 
919 70 41 49 0.9388118 
798 139 46 49 0.7956105 
221 89 40 54 0.59364796 
913 90 43 50 0.06137148 
693 70 41 54 0.0603682 
340 269 29 34 0.05919866 
417 351 27 31 0.057238884 
364 363 26 31 0.046422493 
925 287 26 29 0.04424246 
50 176 27 33 0.041434843 
906 291 34 41 0.041119907 
477 395 17 19 0.036365125 
954 252 24 38 0.036362015 
516 430 12 14 0.034633886 
60 426 114 158 0.034202076 
235 253 419 485 0.03019693 
94 187 29 34 0.028455129 
155 516 28 34 0.027881125 
276 136 42 55 0.026523612 
614 66 42 51 0.023911752 
40 126 33 44 0.021729112 
160 528 18 20 0.020864246 
246 128 27 33 0.020640476 
50 153 29 38 0.02039353 
147 473 55 65 0.020209704 
937 293 18 21 0.020030653 
