12_Group_Large_Group_12_Group_Large_Group_12_107
70
545 296 34 43 0.99970526 
699 194 31 39 0.99957687 
466 202 30 35 0.9995765 
548 193 30 39 0.999542 
297 325 35 41 0.99952567 
589 206 34 41 0.9992737 
636 312 35 43 0.99921834 
233 176 34 42 0.99921477 
758 198 33 44 0.9991774 
410 206 30 35 0.9991067 
718 373 37 45 0.9990752 
469 379 34 41 0.99906486 
432 240 34 39 0.99901104 
302 203 33 39 0.99877363 
510 206 33 40 0.99865085 
160 204 35 44 0.99861634 
385 315 36 44 0.9983845 
838 192 36 47 0.9983309 
644 214 32 40 0.9977773 
345 217 29 34 0.9947437 
79 211 43 53 0.99451977 
616 182 28 32 0.9923449 
188 377 42 53 0.99184895 
915 203 14 16 0.18718572 
845 164 27 34 0.13308239 
886 159 11 14 0.122676946 
892 181 12 16 0.105475664 
386 170 27 34 0.092762835 
147 391 17 22 0.06983568 
908 185 16 21 0.062210336 
908 192 24 28 0.056701247 
395 154 16 20 0.054206703 
212 337 11 15 0.0524873 
693 171 14 18 0.043071717 
802 137 17 20 0.042268615 
222 350 26 30 0.039945077 
861 166 13 16 0.03984755 
605 187 34 41 0.03856672 
638 497 36 38 0.03846429 
212 11 39 47 0.037275128 
365 325 25 37 0.035658676 
912 177 22 28 0.03565595 
694 183 30 38 0.035474494 
923 177 15 21 0.035104413 
793 138 22 26 0.034479614 
785 146 21 27 0.03370312 
227 355 16 18 0.033000987 
633 164 25 29 0.031763192 
230 344 13 17 0.03116316 
881 158 9 12 0.030751893 
853 166 14 16 0.030423736 
898 182 22 27 0.030423708 
560 193 35 44 0.029987624 
688 169 24 28 0.0290209 
889 179 22 26 0.028096098 
422 220 32 38 0.028033856 
845 176 15 17 0.027431855 
901 180 14 17 0.027312057 
216 340 24 30 0.027049148 
231 391 24 36 0.026308006 
858 175 18 23 0.025552524 
63 395 37 36 0.02509049 
825 157 15 17 0.023967935 
849 180 29 38 0.023919044 
203 149 17 20 0.023731235 
776 212 334 433 0.02369224 
785 149 12 14 0.021982756 
903 194 14 19 0.021931104 
234 363 14 18 0.021587871 
712 539 13 17 0.020056479 
