12_Group_Team_Organized_Group_12_Group_Team_Organized_Group_12_270
24
451 16 56 73 0.9994842 
309 146 36 43 0.82351 
658 455 26 35 0.13611713 
737 437 47 60 0.10035741 
891 75 18 23 0.0903658 
884 213 24 27 0.074389465 
962 118 25 34 0.07372607 
913 219 19 22 0.07371928 
959 434 48 62 0.054025706 
1 237 17 25 0.05264739 
83 443 44 58 0.052411206 
415 332 91 111 0.048755217 
874 450 32 40 0.0480363 
816 194 24 29 0.037074685 
158 105 82 113 0.036291234 
943 183 24 32 0.03292883 
522 276 417 461 0.032547913 
177 224 30 35 0.030290179 
264 213 406 416 0.027572399 
22 248 17 22 0.025242291 
997 173 23 30 0.02351486 
821 178 26 32 0.022436138 
880 89 32 41 0.020896515 
106 71 106 140 0.02046736 
