12_Group_Team_Organized_Group_12_Group_Team_Organized_Group_12_458
34
278 225 35 44 0.9995764 
801 215 34 46 0.99947363 
545 203 29 36 0.99926203 
573 265 34 40 0.9992599 
456 213 32 41 0.9991866 
409 209 26 33 0.9989391 
627 210 31 37 0.99892575 
913 207 33 45 0.9985455 
697 349 35 44 0.9979067 
369 228 30 36 0.9968844 
731 213 34 37 0.99563843 
309 205 26 33 0.9925896 
474 184 27 31 0.9922579 
253 359 45 57 0.9920007 
135 217 38 51 0.99063677 
669 219 30 37 0.98804224 
296 207 30 38 0.13597244 
192 511 111 121 0.12761252 
467 193 29 36 0.08929115 
982 314 38 65 0.065050185 
712 547 47 71 0.0618686 
656 343 16 20 0.05694706 
153 466 181 208 0.051666852 
945 281 30 33 0.044087082 
722 538 31 54 0.042963993 
501 520 100 133 0.03154815 
562 331 58 61 0.029589154 
341 431 16 22 0.029489838 
860 432 24 32 0.02878805 
721 220 32 38 0.026193298 
549 472 106 154 0.0258043 
523 312 19 27 0.024657845 
697 526 82 103 0.022066731 
168 491 56 82 0.0212978 
