12_Group_Large_Group_12_Group_Large_Group_12_212
27
478 708 93 127 0.9997217 
685 373 79 108 0.99747425 
268 354 88 107 0.9952366 
974 745 14 19 0.65580595 
10 595 26 41 0.42437434 
602 377 25 29 0.12806047 
262 321 27 34 0.10105121 
935 775 15 18 0.09207076 
410 734 21 29 0.08341003 
420 741 15 22 0.08158629 
38 867 24 32 0.07866692 
36 701 43 50 0.05678729 
907 774 16 20 0.056106135 
402 736 17 24 0.04766593 
871 744 14 18 0.04306011 
157 799 19 26 0.035480406 
877 416 26 31 0.02628898 
252 316 44 55 0.025070354 
935 726 10 15 0.024258982 
605 373 19 19 0.024212498 
172 1188 15 16 0.023457758 
50 717 25 32 0.023445042 
917 734 23 28 0.023098515 
930 734 17 20 0.022516191 
32 860 40 50 0.022022065 
446 753 12 16 0.021218672 
0 602 25 38 0.020688796 
