12_Group_Large_Group_12_Group_Large_Group_12_143
356
464 227 36 42 0.9962043 
258 218 33 42 0.9946338 
302 165 35 45 0.99342346 
80 207 25 32 0.99178517 
178 203 26 33 0.9588731 
357 255 26 31 0.89288586 
391 234 27 35 0.8374866 
582 218 25 30 0.6468088 
58 208 14 19 0.30157903 
357 30 9 11 0.19576812 
222 220 16 20 0.18002747 
433 47 8 11 0.16280605 
183 155 11 13 0.15880324 
14 172 13 16 0.13236606 
578 234 22 27 0.124632396 
169 199 23 30 0.12242246 
89 212 25 32 0.11596946 
207 221 13 16 0.11576752 
565 239 22 27 0.11545875 
807 284 190 273 0.11179865 
53 189 14 17 0.108588 
330 54 10 13 0.10675037 
24 150 11 14 0.105483204 
60 185 13 18 0.097576536 
399 228 14 18 0.09668376 
108 223 14 19 0.09657177 
398 134 8 10 0.09432594 
328 80 9 10 0.094300106 
613 230 10 13 0.08833336 
416 65 7 10 0.085377224 
43 176 12 16 0.08267071 
239 196 12 15 0.076742865 
139 208 14 18 0.07586924 
370 38 7 9 0.07126242 
375 136 9 12 0.0703266 
225 196 12 15 0.069671705 
50 204 21 30 0.06871347 
51 191 21 28 0.068184786 
20 189 14 17 0.0678865 
622 230 454 496 0.06705186 
442 28 9 11 0.06697284 
313 95 9 11 0.066908 
639 14 8 10 0.066598974 
360 86 8 10 0.06639743 
65 204 24 30 0.06338706 
14 132 9 10 0.0632718 
200 144 8 11 0.0632447 
402 47 7 9 0.062374387 
134 202 13 18 0.062330257 
704 7 8 9 0.0618606 
431 51 8 10 0.06094055 
374 39 8 10 0.06086181 
108 199 15 19 0.060529936 
47 193 13 15 0.060482066 
343 78 8 10 0.0594302 
107 451 11 13 0.059096962 
362 244 17 21 0.05864568 
321 63 8 10 0.058042604 
614 220 11 13 0.057362933 
520 22 8 10 0.056475013 
368 95 8 9 0.056420706 
408 103 8 10 0.055893615 
585 29 9 10 0.055649966 
203 173 12 16 0.05530055 
358 188 12 14 0.05407795 
160 159 9 11 0.05399061 
0 96 8 13 0.05336046 
18 178 15 18 0.053256374 
653 23 9 11 0.05319576 
375 46 8 10 0.053175516 
614 215 11 12 0.05272215 
613 55 9 11 0.052458636 
213 225 13 17 0.052454986 
340 236 14 18 0.052433856 
157 192 14 20 0.052263096 
345 96 8 10 0.051648013 
221 224 22 29 0.051108677 
613 22 9 10 0.05097707 
316 45 9 11 0.050414458 
310 79 8 10 0.050293475 
398 221 13 16 0.050034508 
362 50 8 9 0.048908815 
4 156 11 13 0.04884059 
689 25 9 10 0.048667334 
555 240 18 23 0.04859745 
551 243 14 18 0.04782698 
373 71 8 10 0.047226902 
376 88 7 9 0.046990924 
357 111 9 11 0.046720203 
374 78 8 8 0.046657477 
367 47 8 9 0.046412215 
327 60 10 12 0.045996748 
425 65 8 10 0.045746394 
565 32 8 9 0.045369964 
18 224 22 31 0.045290623 
32 218 21 32 0.04482551 
41 210 22 31 0.044667136 
433 8 8 10 0.044592924 
801 40 8 10 0.04423164 
1 182 10 13 0.044067435 
566 39 7 9 0.044021863 
31 139 10 13 0.04255791 
264 158 9 11 0.04212581 
312 87 7 9 0.04168425 
159 194 22 30 0.04159825 
339 221 13 16 0.04077417 
391 216 11 13 0.040543687 
367 33 7 9 0.04023476 
436 249 14 19 0.040103547 
296 71 9 10 0.03999782 
126 182 12 14 0.039786424 
318 141 10 12 0.039710075 
422 22 8 9 0.039634775 
297 63 8 10 0.039280295 
364 197 10 12 0.03912369 
345 48 8 10 0.039121717 
384 48 8 10 0.039024755 
377 118 8 11 0.03888934 
350 96 7 10 0.03885496 
344 63 8 10 0.038819715 
610 24 8 10 0.038690466 
609 29 8 9 0.03867353 
321 69 8 10 0.038235344 
184 193 25 34 0.038041115 
383 110 8 10 0.037544902 
657 13 10 12 0.037500888 
114 220 14 18 0.03737153 
641 6 9 12 0.037146028 
385 32 10 11 0.036996048 
215 186 12 16 0.036658484 
403 232 23 31 0.036529813 
8 172 13 17 0.03633944 
336 23 8 9 0.03622178 
351 102 8 10 0.036150847 
332 58 10 13 0.03607681 
368 135 9 10 0.03589104 
322 31 8 10 0.035886295 
30 126 10 11 0.035716493 
22 163 14 17 0.035664763 
663 46 7 10 0.035497975 
367 160 8 12 0.035225168 
108 209 15 19 0.035134804 
639 23 8 9 0.034786038 
512 5 9 10 0.034382325 
193 143 8 10 0.03437488 
426 48 7 9 0.034222975 
335 38 8 9 0.03376341 
566 211 11 16 0.033618357 
325 32 9 10 0.03347676 
415 136 8 10 0.033086535 
367 88 8 10 0.032955706 
199 214 22 28 0.032937165 
417 5 8 11 0.032591593 
369 103 8 10 0.03249271 
354 24 10 12 0.032476533 
104 198 12 16 0.032263257 
347 238 23 27 0.032167844 
12 183 22 27 0.03191933 
680 39 8 9 0.031908423 
370 63 8 10 0.031731397 
911 177 24 29 0.031693388 
382 136 8 11 0.031562373 
430 63 8 10 0.0315214 
6 150 10 13 0.031511895 
6 164 12 15 0.03150483 
375 23 7 9 0.03121588 
417 30 8 10 0.031028552 
31 134 10 12 0.03082886 
391 101 7 10 0.030821538 
410 64 7 9 0.030810785 
386 80 7 9 0.030745238 
359 105 8 9 0.03067113 
687 6 9 10 0.030643448 
400 54 8 10 0.030517025 
156 233 13 19 0.030510811 
16 110 10 11 0.030422667 
223 244 26 36 0.030357985 
68 315 27 37 0.03035279 
366 119 9 11 0.030309055 
317 148 13 14 0.030300707 
648 28 9 11 0.030209659 
436 46 8 11 0.030153086 
342 120 8 10 0.030108657 
415 123 8 11 0.029961668 
584 25 9 9 0.029882189 
38 117 9 12 0.02979172 
417 23 8 10 0.029782364 
662 13 10 13 0.029744072 
345 101 8 10 0.029572785 
189 150 10 13 0.029375834 
367 55 8 9 0.029365238 
417 16 7 9 0.029242862 
375 93 7 9 0.029194789 
25 126 9 11 0.029177746 
665 40 7 9 0.029145004 
334 79 8 9 0.029089693 
70 157 13 16 0.028952999 
368 15 7 10 0.028808098 
1 148 9 13 0.028722845 
438 7 8 10 0.028623499 
657 45 8 10 0.028570535 
390 63 8 10 0.028519187 
127 159 10 12 0.028260937 
654 190 9 12 0.028255306 
253 119 9 11 0.028234342 
806 8 8 11 0.02821541 
312 6 11 11 0.028179193 
16 116 9 11 0.028022971 
148 236 15 20 0.027997788 
538 39 7 9 0.027953684 
613 3 10 12 0.027818892 
424 69 7 9 0.027802374 
357 79 10 11 0.02776573 
190 542 11 13 0.027758652 
447 55 8 9 0.027725894 
552 52 8 10 0.027707778 
361 135 8 9 0.027616099 
680 15 8 9 0.02755354 
0 60 8 13 0.027380846 
639 0 9 10 0.027378717 
98 197 22 29 0.027367745 
384 86 7 9 0.02732386 
681 23 7 10 0.027201546 
194 236 23 32 0.026978279 
400 61 7 10 0.02690239 
337 7 10 12 0.026898902 
370 249 31 35 0.026873557 
420 235 13 18 0.026861286 
600 5 8 10 0.026749674 
22 144 11 13 0.026704727 
806 38 8 10 0.026691493 
428 240 20 27 0.02668426 
406 45 7 10 0.026648883 
678 64 8 10 0.026608797 
200 166 11 14 0.02655153 
286 93 9 11 0.026267312 
0 53 9 14 0.02620449 
327 69 9 11 0.026009925 
366 6 8 9 0.025960853 
319 39 9 11 0.025720757 
126 203 13 16 0.025714431 
198 186 14 20 0.02564238 
415 102 8 10 0.02560768 
344 88 8 9 0.025525795 
80 323 17 23 0.025460899 
278 148 12 15 0.025441874 
592 6 8 9 0.025431197 
12 230 16 22 0.025156502 
704 14 7 9 0.025132198 
337 32 7 9 0.025012271 
257 182 8 11 0.02497279 
607 0 12 11 0.024924804 
327 37 8 9 0.024821684 
367 1 9 8 0.024785778 
306 78 8 10 0.024700286 
359 147 9 11 0.024666049 
536 33 8 9 0.024665918 
455 11 10 12 0.024658205 
317 155 15 19 0.024650756 
393 128 9 11 0.0245775 
431 12 8 11 0.024546146 
289 79 7 8 0.024499852 
15 291 54 78 0.024459349 
286 5 7 10 0.024422407 
0 144 8 12 0.024408882 
376 104 8 10 0.02437793 
304 36 8 10 0.024347555 
187 219 16 22 0.0241345 
360 7 9 10 0.024092652 
320 1 11 10 0.024087416 
282 94 9 12 0.024085997 
342 135 9 11 0.023854531 
386 63 8 11 0.023852887 
671 22 8 10 0.02384364 
39 171 20 26 0.02372193 
997 197 9 12 0.023700071 
639 39 8 10 0.023688147 
16 142 10 12 0.023605887 
314 63 7 10 0.023584163 
370 22 8 9 0.023555614 
356 71 9 10 0.023444364 
320 23 8 9 0.02331541 
520 17 7 10 0.023311265 
407 41 8 10 0.023256674 
321 87 7 9 0.023249136 
115 196 14 17 0.023066504 
415 55 7 9 0.023005381 
22 118 9 10 0.022942642 
366 127 8 9 0.022939283 
601 48 8 9 0.022891475 
637 46 8 10 0.022864344 
288 89 8 10 0.022784604 
344 72 8 11 0.022709783 
441 309 29 37 0.022646127 
647 1 9 10 0.022630198 
632 503 13 16 0.022617804 
416 46 7 9 0.022491777 
3 230 14 22 0.022417525 
360 126 9 10 0.022383759 
295 76 8 10 0.022248946 
377 125 7 10 0.022241324 
593 236 15 19 0.022181297 
433 41 7 10 0.022121135 
536 23 8 11 0.022108031 
9 132 10 11 0.022081861 
0 175 10 15 0.02205055 
788 30 8 10 0.02202417 
695 5 9 11 0.021949438 
392 71 7 9 0.021934183 
287 16 7 9 0.021906232 
142 198 20 30 0.021898456 
115 211 14 17 0.021895671 
123 198 22 27 0.021855703 
318 15 8 10 0.021821804 
582 213 16 21 0.021814188 
439 93 9 11 0.021811206 
369 77 8 10 0.021630857 
554 248 25 32 0.02156074 
513 21 9 11 0.021528045 
621 221 9 12 0.021502668 
337 135 8 11 0.021496823 
263 109 9 11 0.021495936 
671 16 8 10 0.021478662 
559 1 9 9 0.021427562 
343 30 8 10 0.021418829 
221 190 18 25 0.021312913 
392 97 7 9 0.021293757 
640 31 8 10 0.021277333 
352 116 10 11 0.021259775 
227 201 13 16 0.021258377 
383 118 8 10 0.021208381 
337 120 8 10 0.021118596 
422 30 8 10 0.021076545 
696 15 8 9 0.021068808 
397 519 11 12 0.021068605 
268 86 9 11 0.02106254 
390 1 9 9 0.020990074 
326 5 9 10 0.020984733 
408 136 8 10 0.020978143 
608 13 10 12 0.020922247 
27 230 17 24 0.0208825 
584 6 8 9 0.020749288 
597 70 8 11 0.020725943 
656 70 9 10 0.020699985 
377 110 9 11 0.020519061 
241 166 8 10 0.020508105 
416 112 7 10 0.02048248 
57 64 8 10 0.02039727 
124 210 14 17 0.020393733 
441 14 8 11 0.020295125 
206 241 24 31 0.020121574 
645 5 10 11 0.02009973 
73 128 8 10 0.020086464 
993 198 8 11 0.02007346 
622 5 9 10 0.020043353 
665 63 7 9 0.020012215 
