12_Group_Large_Group_12_Group_Large_Group_12_557
20
829 147 111 136 0.9998578 
641 174 111 144 0.9997563 
123 204 101 131 0.9997296 
283 209 114 141 0.99968326 
476 85 100 128 0.9996823 
54 554 124 123 0.085946105 
168 213 96 123 0.055721473 
103 43 27 33 0.049605317 
250 224 98 119 0.046917852 
30 81 165 225 0.038128998 
804 59 35 50 0.030852478 
126 58 14 17 0.028718088 
133 59 14 18 0.028090874 
860 44 12 16 0.02777753 
133 46 26 33 0.02476496 
90 80 32 38 0.02431548 
120 53 24 31 0.024226071 
69 67 117 142 0.024128666 
118 76 14 17 0.023064744 
94 65 57 65 0.020466568 
