12_Group_Group_12_Group_Group_12_519
219
822 204 31 39 0.9996306 
714 225 33 44 0.99947995 
903 207 30 38 0.9993518 
569 199 36 48 0.99798644 
449 205 39 53 0.99418455 
792 69 27 35 0.844203 
715 128 32 45 0.67013663 
360 81 19 21 0.4531867 
598 244 21 25 0.3884291 
683 185 23 32 0.38289717 
770 27 15 19 0.33562058 
796 169 30 38 0.31083667 
485 75 15 19 0.2898716 
861 75 28 33 0.23036312 
891 17 12 16 0.22717199 
820 52 25 31 0.2218487 
797 67 17 22 0.21134906 
744 44 19 22 0.19664589 
860 -1 16 18 0.17917792 
247 92 14 20 0.16065459 
524 186 21 29 0.15102352 
978 35 14 20 0.1424231 
1001 61 12 15 0.14079818 
823 92 13 18 0.1386309 
924 36 15 18 0.12844437 
853 39 17 21 0.119686775 
781 152 33 41 0.11594879 
930 17 14 18 0.11455472 
805 5 24 27 0.11324929 
719 76 15 18 0.10987071 
428 189 27 35 0.10706184 
964 54 13 17 0.1032127 
609 242 14 17 0.10082448 
340 5 17 17 0.09697771 
855 45 23 30 0.093606226 
762 108 22 32 0.09044532 
498 23 17 21 0.08943351 
657 99 51 67 0.08866597 
737 0 17 20 0.088176474 
844 241 20 29 0.08704138 
275 72 15 20 0.08543424 
916 70 14 19 0.085019484 
953 28 16 21 0.084984474 
807 55 26 34 0.07978978 
893 -1 14 13 0.07972757 
623 94 51 76 0.0786796 
726 27 14 19 0.07846888 
244 70 12 16 0.078111224 
777 52 15 19 0.07667135 
944 109 10 16 0.07372023 
433 59 17 20 0.071892984 
927 49 24 31 0.07165495 
758 71 13 16 0.06915222 
810 -1 17 15 0.06658368 
695 117 46 59 0.06587789 
859 60 26 32 0.063497365 
683 -1 18 17 0.061767325 
819 10 18 23 0.061291065 
477 252 29 33 0.059735328 
741 96 15 19 0.05863295 
286 61 42 57 0.054602996 
332 37 15 18 0.053772368 
773 107 22 32 0.0533655 
874 65 26 35 0.053332094 
971 6 16 20 0.052151226 
657 144 28 43 0.051571816 
364 97 15 20 0.05040013 
676 10 41 55 0.050119184 
787 111 17 22 0.048639435 
686 25 23 34 0.04808446 
458 18 19 22 0.047923967 
886 57 22 30 0.047423076 
671 189 25 36 0.047225185 
828 262 25 31 0.045476213 
780 7 23 27 0.045280028 
805 159 27 38 0.04510156 
838 26 14 20 0.045076463 
632 292 25 41 0.04481182 
429 14 14 18 0.044691883 
920 60 23 29 0.04445525 
675 107 30 40 0.042004183 
876 40 22 28 0.04120003 
743 137 28 41 0.040171593 
924 26 17 21 0.03972235 
728 135 32 41 0.039084505 
422 78 11 14 0.038186766 
768 156 41 55 0.037835397 
877 29 13 15 0.037780356 
803 78 25 31 0.037302904 
304 81 26 37 0.03727213 
293 31 22 28 0.037096057 
898 58 16 21 0.037016336 
996 100 15 19 0.03675817 
466 23 17 20 0.03664101 
808 173 30 37 0.036428303 
869 53 27 32 0.036186364 
595 115 53 68 0.035418406 
923 37 22 29 0.035204444 
307 9 13 17 0.035036996 
424 17 20 28 0.03471027 
1004 359 12 19 0.034672376 
832 53 17 21 0.03465257 
838 81 15 20 0.03456395 
635 83 28 37 0.034359615 
646 77 98 112 0.034308307 
405 277 29 46 0.03397398 
464 259 29 37 0.033958446 
541 1 26 28 0.033160616 
811 42 24 34 0.03313536 
996 15 24 35 0.03306071 
584 83 88 114 0.03283679 
263 47 12 14 0.0326809 
451 11 16 21 0.032569077 
588 95 10 15 0.03245516 
753 114 27 39 0.03232653 
294 64 23 33 0.032143723 
280 66 20 28 0.03213817 
465 185 17 18 0.031814262 
363 -1 18 15 0.031674456 
797 10 16 21 0.03145271 
243 83 16 21 0.031278536 
316 104 13 19 0.031239191 
816 1 19 21 0.031080047 
755 144 28 38 0.031026324 
758 80 17 22 0.030912576 
708 49 15 18 0.030797424 
468 91 13 16 0.030712944 
499 6 13 15 0.030304318 
239 70 21 28 0.030175254 
293 62 14 18 0.029672975 
403 221 26 31 0.029139807 
739 53 28 33 0.028920408 
796 121 15 21 0.028894702 
846 30 21 26 0.028806005 
773 10 17 19 0.028459044 
864 57 18 22 0.02838338 
427 181 15 19 0.028167523 
965 74 14 17 0.028061058 
682 143 360 481 0.027916463 
294 29 14 18 0.027902968 
667 118 52 70 0.027875146 
738 7 23 28 0.027786797 
933 1 15 19 0.027680287 
845 104 14 19 0.02767107 
581 155 31 41 0.027630406 
863 34 22 26 0.027599068 
890 22 16 20 0.027353786 
387 40 17 20 0.027109794 
958 28 22 27 0.026952717 
997 62 20 26 0.026946627 
499 12 14 18 0.026647087 
729 88 22 28 0.026444552 
369 89 14 18 0.02641144 
806 140 15 18 0.025869817 
876 35 16 21 0.025868136 
843 43 23 31 0.025861336 
706 68 22 27 0.02569444 
439 37 12 17 0.025229199 
803 61 15 20 0.025006426 
693 32 24 31 0.0249859 
889 -1 22 22 0.024920346 
753 94 24 32 0.02467827 
902 56 23 30 0.024497567 
744 90 21 28 0.024491694 
960 11 25 30 0.024400918 
270 46 90 107 0.024387067 
935 8 22 27 0.024383634 
747 64 24 30 0.024313463 
445 19 23 28 0.02426161 
821 37 13 18 0.024243668 
938 45 24 30 0.024201462 
451 60 13 15 0.024132933 
487 88 13 16 0.024087392 
885 25 14 18 0.024043942 
670 150 47 64 0.023798976 
770 105 15 21 0.02372677 
895 64 25 33 0.02358838 
446 6 14 18 0.023574624 
792 136 25 29 0.023529565 
647 87 33 50 0.02339929 
398 199 12 16 0.023250815 
973 85 15 19 0.023116099 
660 7 28 36 0.022860069 
747 77 24 31 0.022830607 
520 275 36 49 0.022828646 
661 198 25 37 0.022625638 
984 24 23 30 0.02239928 
743 18 24 30 0.02234681 
511 46 12 15 0.022291947 
443 58 15 18 0.022155553 
534 6 17 20 0.022141075 
961 38 23 29 0.022122294 
928 353 14 18 0.022103697 
643 114 50 76 0.02209656 
908 53 14 17 0.021873381 
489 256 17 20 0.021849215 
973 4 23 29 0.021639569 
955 3 17 20 0.021342928 
754 18 15 20 0.02126577 
856 83 22 31 0.021231318 
826 75 22 29 0.021209043 
756 240 14 18 0.020947913 
825 43 16 21 0.020920934 
825 15 22 29 0.020834118 
797 142 28 32 0.020781979 
719 83 24 28 0.020750074 
750 33 22 27 0.020749401 
882 72 26 36 0.020658718 
287 264 487 499 0.020652333 
694 10 44 55 0.020446997 
403 203 13 18 0.020428171 
259 49 44 57 0.020413864 
766 99 15 19 0.020292936 
958 58 21 27 0.020233043 
718 190 27 36 0.020135263 
787 148 19 21 0.020129161 
760 45 23 27 0.020128611 
854 39 44 53 0.02005317 
258 64 25 31 0.020043883 
