12_Group_Team_Organized_Group_12_Group_Team_Organized_Group_12_28
61
432 263 28 35 0.99926263 
214 1 57 49 0.9984609 
987 286 29 38 0.99813336 
928 242 24 31 0.9977794 
600 269 28 33 0.9970125 
520 257 40 49 0.9908716 
681 49 45 58 0.98358905 
876 275 23 29 0.9661641 
966 254 25 29 0.94492865 
13 217 26 31 0.92229027 
467 258 24 28 0.9109398 
825 275 21 30 0.9073034 
998 244 20 28 0.7517748 
142 268 23 30 0.4888913 
780 268 21 30 0.2571221 
963 267 25 30 0.1932083 
60 231 16 20 0.1331958 
834 282 27 33 0.122314714 
172 7 27 37 0.11909535 
106 18 42 54 0.1176381 
338 251 16 19 0.09977868 
964 279 19 23 0.09759401 
981 249 24 30 0.0948712 
335 259 21 25 0.09279334 
780 258 19 23 0.09036099 
887 277 19 26 0.08120463 
794 346 30 36 0.06628256 
332 266 15 19 0.06451262 
974 277 29 37 0.062458467 
84 209 27 36 0.06120483 
675 256 16 28 0.058463488 
844 286 26 34 0.050708666 
614 336 25 35 0.04865431 
174 16 16 23 0.04389715 
1003 362 14 21 0.04382908 
860 278 25 34 0.04162596 
155 243 15 19 0.041491106 
772 274 27 38 0.040389273 
87 227 26 30 0.036989834 
159 1 29 34 0.036891587 
193 0 41 38 0.031040384 
466 273 26 39 0.030592453 
156 0 51 54 0.030231481 
631 200 17 23 0.030126031 
435 296 46 65 0.029879296 
2 219 21 33 0.0290854 
456 262 29 37 0.027452862 
147 1 27 33 0.02710948 
147 255 23 34 0.027049806 
989 244 17 23 0.025909368 
1009 242 15 21 0.025703948 
871 275 17 23 0.025362851 
163 4 16 19 0.024537208 
158 153 23 36 0.024033755 
98 224 19 24 0.023692165 
369 317 17 21 0.023582324 
178 7 57 52 0.022556808 
999 239 14 19 0.022017783 
663 256 23 31 0.021428952 
232 404 10 14 0.020812104 
780 285 24 34 0.02034881 
