12_Group_Group_12_Group_Group_12_331
22
693 132 50 69 0.9987072 
330 521 47 60 0.9973701 
568 401 44 54 0.9972019 
768 435 54 67 0.9954145 
425 353 46 55 0.9889137 
211 387 48 57 0.9878227 
573 281 12 15 0.08154093 
765 403 27 31 0.054625727 
772 406 15 19 0.054374892 
-21 486 395 510 0.039741326 
764 405 14 18 0.030302022 
877 442 36 45 0.028853226 
86 851 10 12 0.028597826 
452 239 16 20 0.027554704 
760 406 11 16 0.025297713 
298 394 502 594 0.024893787 
129 437 380 445 0.024438929 
459 237 13 18 0.024086753 
257 482 46 63 0.023059867 
59 678 15 19 0.021416064 
818 347 186 262 0.021364361 
763 396 15 20 0.020333987 
