12_Group_Team_Organized_Group_12_Group_Team_Organized_Group_12_617
165
908 192 44 51 0.99332374 
197 193 44 59 0.99325037 
562 156 40 54 0.9929743 
845 129 23 31 0.9899052 
756 167 17 22 0.9843503 
653 155 18 23 0.9836232 
804 162 18 25 0.9584662 
358 229 21 27 0.94339406 
67 202 22 26 0.93555903 
276 179 15 18 0.9259434 
978 157 15 21 0.8543864 
252 206 24 29 0.7586664 
261 221 21 31 0.7046927 
351 173 11 15 0.6877382 
693 173 10 13 0.6870904 
713 153 15 23 0.5685334 
969 163 22 29 0.49285606 
399 194 12 16 0.48449007 
636 166 11 13 0.45232287 
297 168 15 18 0.4496859 
278 229 16 25 0.40693 
440 202 10 12 0.3898949 
386 159 13 15 0.36202508 
739 160 13 19 0.28843388 
14 248 21 31 0.27801138 
308 226 12 17 0.27681127 
784 197 12 15 0.26434374 
353 167 9 13 0.25693816 
345 192 16 19 0.2555517 
561 613 30 34 0.1805485 
962 174 25 36 0.1412057 
390 168 15 21 0.12933187 
47 286 14 18 0.12867382 
290 153 15 17 0.12836906 
815 191 15 21 0.11909462 
333 260 13 17 0.10661181 
138 193 31 47 0.09623232 
394 185 20 28 0.0948805 
715 165 15 21 0.0862434 
511 189 8 10 0.07915567 
628 169 12 16 0.07898213 
716 142 13 16 0.07691438 
500 198 9 11 0.075155266 
856 131 16 23 0.07452378 
0 191 10 16 0.072549775 
797 229 15 18 0.072216414 
10 259 24 35 0.071724296 
394 177 15 21 0.07141819 
344 178 14 16 0.06791828 
718 122 11 15 0.06652147 
310 159 10 12 0.06423263 
718 155 19 27 0.06315659 
781 236 12 16 0.062799715 
54 14 23 28 0.060080376 
307 162 13 16 0.05900772 
620 178 16 20 0.05830645 
286 224 20 25 0.053316306 
844 100 21 26 0.05054915 
820 160 14 20 0.04556069 
259 195 13 17 0.04442348 
810 157 19 28 0.044419337 
701 237 10 12 0.043799683 
423 238 9 13 0.04224251 
27 304 49 63 0.041986726 
106 208 22 27 0.041926943 
962 189 27 42 0.041775525 
716 131 13 16 0.04156347 
733 601 47 54 0.040742382 
776 188 12 16 0.04070213 
780 192 12 16 0.0394814 
114 205 15 18 0.03924282 
790 191 11 13 0.0387836 
300 230 15 19 0.03842061 
24 253 16 25 0.036693648 
439 191 8 11 0.03655847 
723 149 14 18 0.03644588 
255 223 19 24 0.036214482 
985 163 17 24 0.035793364 
792 220 12 15 0.03574558 
432 197 11 13 0.03532207 
357 222 16 20 0.035266917 
731 165 15 21 0.03512439 
504 191 9 11 0.0350358 
432 191 10 11 0.0348737 
251 188 21 28 0.0346738 
423 244 9 13 0.034170557 
899 154 25 34 0.03366744 
741 152 12 16 0.03359971 
5 273 25 34 0.033542942 
970 180 16 22 0.03336173 
729 578 35 53 0.032903094 
723 167 14 20 0.03245206 
807 152 12 15 0.03222325 
615 183 23 33 0.032218996 
100 217 24 31 0.03200118 
82 201 16 21 0.031856216 
301 157 13 16 0.03170063 
632 160 18 23 0.03095772 
432 205 11 14 0.030937588 
791 339 59 65 0.030916328 
791 228 13 15 0.030519536 
135 461 38 33 0.030448405 
394 163 14 18 0.03000367 
138 220 15 26 0.029550467 
382 196 10 13 0.029515063 
20 194 12 15 0.029440496 
767 151 10 14 0.029091796 
502 203 10 13 0.028969334 
373 188 10 13 0.028839158 
717 175 13 18 0.02869071 
272 183 14 18 0.028605146 
363 195 13 18 0.02854386 
357 195 13 17 0.02821694 
304 169 14 17 0.028058112 
707 186 13 16 0.0277915 
2 193 14 19 0.027669827 
715 543 37 46 0.027544249 
384 153 10 13 0.027524324 
169 188 43 62 0.027404513 
845 113 20 27 0.027316255 
699 171 13 17 0.0269307 
689 168 18 22 0.025861057 
282 170 19 23 0.02583371 
830 570 32 36 0.025603073 
800 156 14 20 0.025517646 
407 244 10 13 0.025285674 
975 153 12 17 0.025211755 
791 618 52 57 0.024870384 
118 203 23 30 0.02476589 
313 224 15 20 0.024752261 
47 187 12 15 0.024738383 
153 198 32 43 0.024698678 
741 215 10 13 0.024453944 
351 160 9 13 0.024450751 
0 198 10 18 0.024284378 
497 193 9 11 0.024109887 
806 195 13 18 0.023945551 
410 214 8 12 0.023929449 
274 221 16 22 0.023815637 
6 280 15 21 0.023795675 
288 134 9 12 0.023776194 
389 153 10 13 0.023364002 
705 155 12 17 0.023203544 
417 239 10 13 0.02319752 
765 157 12 16 0.023107674 
335 164 10 12 0.022770315 
93 203 13 16 0.022595977 
217 200 39 53 0.022414096 
280 232 25 29 0.022254733 
435 199 17 22 0.022246635 
852 150 15 19 0.022119002 
735 213 10 14 0.022015084 
778 226 22 26 0.02200795 
1 263 42 56 0.021966165 
687 212 9 13 0.021952402 
700 122 11 13 0.021835903 
759 151 11 14 0.021778947 
344 165 10 12 0.021657778 
758 158 13 19 0.021445695 
968 163 13 17 0.021436822 
5 268 89 105 0.020866998 
34 278 23 32 0.02073005 
13 194 14 17 0.020727219 
270 194 14 18 0.02019754 
789 210 13 19 0.020055411 
