12_Group_Large_Group_12_Group_Large_Group_12_849
78
212 221 14 16 0.922063 
779 340 18 24 0.9016508 
434 305 14 18 0.6588192 
397 325 15 20 0.5189034 
650 354 18 22 0.33624816 
208 227 12 16 0.16743927 
441 306 12 16 0.14101723 
781 344 25 34 0.13785104 
642 449 29 40 0.13231634 
389 325 16 19 0.10064682 
1 511 40 55 0.099464744 
794 342 39 57 0.09302223 
643 356 16 22 0.07640981 
422 339 15 20 0.076241314 
390 318 12 16 0.06415458 
394 320 14 18 0.06381573 
815 325 41 47 0.062808454 
256 238 11 13 0.05961083 
589 432 24 37 0.056332566 
376 322 50 53 0.054018136 
384 329 13 17 0.050147407 
173 242 12 15 0.04949739 
810 353 13 19 0.049252637 
388 336 16 18 0.048151042 
410 330 13 17 0.04775567 
404 303 11 13 0.04680684 
196 245 12 17 0.046581145 
401 322 21 27 0.044483997 
767 359 23 32 0.041357767 
137 228 14 15 0.039343312 
754 367 23 31 0.03785803 
814 318 28 34 0.037827987 
719 356 10 12 0.036846455 
656 349 18 20 0.035477713 
645 359 26 31 0.034830745 
152 165 12 14 0.03407315 
203 226 21 25 0.032960255 
407 332 23 28 0.03254717 
150 229 13 15 0.03253498 
195 243 24 30 0.032493427 
158 220 11 15 0.031610373 
767 364 13 19 0.03096866 
581 443 26 41 0.030795159 
198 237 11 15 0.030654065 
369 379 30 35 0.030601423 
821 125 179 216 0.03014323 
169 238 12 16 0.029600699 
631 444 28 37 0.029497122 
394 328 52 56 0.028422257 
798 337 26 37 0.02812524 
189 231 9 12 0.027980987 
652 377 25 33 0.027793799 
359 363 10 13 0.027330475 
270 346 31 45 0.027174111 
141 155 12 15 0.027004879 
139 148 13 16 0.025839852 
594 444 28 38 0.025375346 
188 207 10 13 0.025331924 
386 332 27 31 0.025312655 
184 210 11 14 0.02513375 
207 161 12 15 0.025111789 
190 237 11 13 0.024031594 
236 198 11 13 0.023722766 
420 342 25 32 0.02371486 
823 312 31 35 0.023637237 
253 219 10 12 0.023581827 
204 232 27 33 0.023275869 
624 407 10 12 0.02318826 
390 313 11 12 0.023083553 
731 194 27 32 0.022812674 
168 155 10 13 0.022380358 
192 251 13 16 0.021388214 
247 206 10 12 0.021191102 
326 324 11 14 0.021075936 
736 267 14 17 0.020887624 
627 428 25 33 0.020654138 
814 275 16 19 0.020630445 
246 326 54 67 0.020418668 
