12_Group_Team_Organized_Group_12_Group_Team_Organized_Group_12_461
110
401 285 28 34 0.99167097 
40 299 29 36 0.9913333 
909 424 21 25 0.98221153 
250 285 27 30 0.9819712 
284 301 14 17 0.9384289 
179 315 17 24 0.9271434 
633 296 27 36 0.8688987 
482 298 43 54 0.8049298 
343 412 25 37 0.64545727 
357 312 21 26 0.61771315 
156 309 12 16 0.58799154 
313 307 10 14 0.4880001 
331 327 16 20 0.4783792 
115 313 14 18 0.38835773 
999 290 10 12 0.2615141 
909 328 12 15 0.24935897 
950 441 25 27 0.22281428 
498 292 39 52 0.14732796 
985 125 10 13 0.11452307 
832 419 21 27 0.11055456 
2 268 15 21 0.10898802 
1008 292 7 12 0.10733381 
906 328 22 28 0.102175884 
133 301 15 17 0.099093944 
993 288 9 12 0.09340929 
841 417 21 27 0.091957696 
1014 326 8 12 0.07863405 
1014 293 7 11 0.07562288 
885 431 16 20 0.075476564 
49 286 22 29 0.06743787 
294 438 14 18 0.065497085 
632 284 44 62 0.062101685 
857 411 19 28 0.060391493 
1013 331 10 14 0.05686239 
42 369 16 18 0.056579635 
565 570 23 28 0.055438884 
963 445 19 24 0.055051435 
912 372 26 29 0.053654138 
460 290 44 62 0.053451814 
515 296 38 48 0.050094783 
941 443 20 26 0.04792056 
627 246 91 121 0.0468372 
244 287 19 24 0.046167545 
414 282 26 33 0.044814214 
865 404 20 28 0.043402538 
211 301 12 15 0.043050967 
852 391 11 13 0.043038826 
28 553 14 16 0.042783454 
315 328 14 20 0.04040292 
263 290 17 21 0.04006393 
361 326 16 22 0.038393367 
1014 318 8 12 0.0381389 
577 622 44 64 0.03778547 
946 436 19 23 0.03756343 
308 324 14 18 0.03755929 
523 483 29 38 0.036595315 
930 447 16 22 0.036253445 
76 337 14 16 0.03597932 
448 282 39 59 0.035652846 
295 435 22 28 0.035411622 
607 288 10 13 0.0347404 
829 474 28 38 0.03393804 
476 319 38 46 0.033309262 
39 372 24 28 0.032379977 
538 269 26 31 0.03168063 
238 286 16 21 0.031626046 
126 307 13 17 0.03137725 
77 535 10 13 0.031271618 
309 312 14 18 0.03092539 
620 299 25 33 0.030247364 
438 269 26 41 0.029537018 
317 339 14 18 0.029511211 
906 336 30 38 0.029395439 
349 506 31 35 0.028273186 
122 314 13 18 0.027743151 
324 336 13 17 0.027219746 
874 402 15 20 0.027082616 
396 275 14 19 0.027030092 
301 291 11 14 0.027006563 
823 415 20 33 0.02668727 
830 411 15 24 0.026353667 
357 303 16 18 0.025832225 
303 509 22 26 0.025117833 
168 312 18 24 0.024532855 
613 292 11 15 0.023823727 
993 357 9 11 0.023799088 
315 347 15 19 0.023465216 
357 337 16 20 0.023249984 
567 556 30 35 0.023163516 
916 433 22 30 0.022851424 
398 287 18 25 0.02261054 
186 313 21 27 0.022556463 
631 568 10 13 0.022506427 
932 401 14 17 0.022494046 
308 300 17 23 0.022423308 
109 317 17 20 0.022389296 
982 350 9 11 0.022228176 
193 334 26 36 0.022143811 
960 344 9 11 0.02208072 
999 299 11 14 0.022043414 
982 314 11 16 0.02199123 
186 559 27 36 0.021592103 
513 281 29 47 0.021505577 
446 411 33 35 0.02143723 
974 294 9 10 0.021360084 
442 288 28 43 0.021050595 
141 543 16 19 0.02093201 
181 540 252 227 0.020808343 
636 293 18 24 0.020692049 
305 307 12 16 0.020380592 
