12_Group_Large_Group_12_Group_Large_Group_12_495
23
348 207 65 88 0.9984322 
20 233 80 102 0.9863333 
628 167 53 67 0.9828264 
127 242 62 90 0.4731321 
342 361 60 66 0.12199168 
891 371 98 128 0.09071527 
547 337 46 52 0.08154357 
653 288 10 12 0.048157074 
154 258 58 78 0.04295222 
0 269 25 41 0.03914831 
994 614 9 11 0.037849043 
901 429 28 35 0.036061443 
184 266 30 44 0.035423525 
759 236 27 34 0.03394916 
320 272 35 44 0.03088386 
565 339 26 32 0.029222101 
958 430 29 37 0.0277867 
1009 20 8 12 0.026815884 
54 213 89 123 0.024264883 
608 173 36 44 0.023670342 
577 342 19 24 0.023634281 
844 214 38 55 0.02294034 
756 0 15 14 0.022281667 
