12_Group_Team_Organized_Group_12_Group_Team_Organized_Group_12_403
124
750 265 24 29 0.99660814 
357 405 28 33 0.9955794 
880 210 24 31 0.9924217 
435 331 24 30 0.98887724 
231 398 22 28 0.9880271 
182 290 24 28 0.9780051 
603 260 21 27 0.9536436 
317 334 22 26 0.8879181 
206 325 15 21 0.5734568 
338 362 18 23 0.55403364 
370 467 14 21 0.32338524 
191 422 12 17 0.27568585 
768 305 27 37 0.22889102 
333 384 23 30 0.21653062 
411 417 14 18 0.18851829 
409 463 16 20 0.17034239 
252 438 26 37 0.14106067 
342 468 14 17 0.108214855 
257 391 23 29 0.09211845 
290 458 14 17 0.08998346 
304 369 22 32 0.08730804 
180 365 11 14 0.07838214 
364 479 16 23 0.07760121 
207 366 12 14 0.07398125 
305 388 22 32 0.07139866 
198 378 13 17 0.06874457 
302 358 21 31 0.065339655 
216 348 11 15 0.064374425 
301 527 15 17 0.06413285 
514 469 12 14 0.060433365 
306 357 14 19 0.059056524 
406 413 13 18 0.05901919 
259 422 15 20 0.05662045 
453 417 14 17 0.05412591 
365 358 14 16 0.05210435 
229 450 13 18 0.051794276 
406 396 13 17 0.051698003 
409 424 12 17 0.048865665 
428 371 14 18 0.04651543 
359 482 14 18 0.044378076 
462 378 12 16 0.044365864 
275 356 11 13 0.044095103 
294 400 24 30 0.043293927 
192 396 13 18 0.043200135 
231 446 21 29 0.042593908 
248 395 21 28 0.04223753 
401 398 10 15 0.041418582 
470 412 14 16 0.041059073 
447 417 14 16 0.04039295 
462 460 12 15 0.03982063 
456 367 11 14 0.039780594 
589 302 14 18 0.03973867 
483 341 16 22 0.03921661 
875 274 23 28 0.038047448 
349 461 14 20 0.035988584 
563 310 13 16 0.03492339 
402 390 22 28 0.03439893 
703 485 13 15 0.033899743 
313 382 15 22 0.033800047 
453 377 13 17 0.03373868 
271 351 12 16 0.03330913 
576 277 12 16 0.033016067 
476 410 12 14 0.03282127 
425 442 16 20 0.03256424 
321 348 18 22 0.032338638 
467 419 14 15 0.03223922 
500 461 11 15 0.03217899 
619 300 16 19 0.030673424 
450 407 16 18 0.030187808 
366 461 15 21 0.03014919 
545 292 10 12 0.029771684 
476 1 13 12 0.02972153 
387 428 14 17 0.029622378 
334 357 17 21 0.029592853 
287 409 24 31 0.029545497 
562 268 12 16 0.0294514 
383 451 12 16 0.029270813 
270 334 11 15 0.029104471 
461 420 12 15 0.029074749 
225 387 11 14 0.028926857 
226 386 23 31 0.028887764 
229 380 14 17 0.028797869 
752 229 9 12 0.02843947 
468 459 10 13 0.027941782 
347 470 15 19 0.027753029 
218 427 14 18 0.02769759 
417 417 15 18 0.0275356 
323 365 24 32 0.027174093 
309 405 15 20 0.026408708 
357 443 14 18 0.026106836 
359 431 15 19 0.02597502 
162 356 13 17 0.025523601 
394 483 14 17 0.025476694 
230 485 14 17 0.025281066 
528 461 10 11 0.0252644 
285 367 12 15 0.025170172 
960 197 11 13 0.024881663 
315 490 12 16 0.024401672 
875 324 16 18 0.024350552 
613 298 25 31 0.02408793 
450 523 12 14 0.024062486 
502 467 11 15 0.02335661 
288 526 23 24 0.023353413 
544 287 10 12 0.023352133 
621 291 15 18 0.023249201 
414 453 19 26 0.023032742 
883 198 17 19 0.022938265 
435 374 13 17 0.022540517 
198 420 21 26 0.022092491 
757 159 8 11 0.021888169 
432 392 11 15 0.021849504 
373 475 23 30 0.021791259 
315 372 15 21 0.021381335 
339 457 21 29 0.021280821 
197 385 14 18 0.02119221 
243 448 28 35 0.021172456 
357 463 20 26 0.021133393 
344 394 27 32 0.021082157 
908 251 16 19 0.020748522 
228 436 14 18 0.02066038 
536 304 9 12 0.0202733 
173 344 13 15 0.020217951 
902 276 14 17 0.02020105 
560 275 12 15 0.020130692 
