12_Group_Team_Organized_Group_12_Group_Team_Organized_Group_12_313
83
645 123 39 58 0.8532017 
310 681 30 30 0.14736333 
79 125 7 9 0.10298934 
88 104 9 11 0.058771767 
976 203 33 34 0.05860665 
121 191 10 13 0.052831978 
383 566 12 16 0.050416876 
619 126 43 59 0.049996085 
360 526 22 29 0.049644236 
134 102 10 10 0.046213508 
479 80 97 105 0.045439307 
109 189 9 13 0.042351205 
37 93 8 11 0.039706156 
55 109 8 10 0.03815032 
94 103 10 12 0.03696076 
95 142 8 10 0.036924355 
10 172 197 243 0.03682957 
160 190 9 12 0.036152847 
48 108 8 10 0.03609192 
232 740 38 45 0.035680685 
120 119 9 12 0.035466474 
119 124 8 12 0.033681925 
128 143 9 11 0.033178594 
636 141 39 52 0.03234657 
595 124 37 60 0.031697147 
130 102 9 11 0.03148313 
370 523 16 18 0.0312502 
72 125 8 10 0.03079074 
189 94 10 13 0.030431828 
89 174 8 11 0.030319666 
310 156 166 190 0.030068802 
112 134 9 11 0.029919837 
71 151 9 10 0.029843349 
39 126 8 10 0.029746259 
112 86 9 11 0.029175086 
136 142 9 12 0.028856043 
95 182 10 11 0.028713254 
103 181 10 12 0.027859453 
427 687 29 29 0.027772555 
165 183 9 10 0.027592683 
95 149 9 11 0.02667372 
83 681 65 67 0.026446309 
135 109 8 11 0.026413927 
962 158 14 15 0.025888702 
142 143 9 11 0.025863823 
105 721 35 32 0.02574063 
81 165 8 12 0.024986366 
87 167 9 12 0.024983313 
153 190 8 11 0.02485202 
62 127 9 11 0.024656123 
190 593 107 147 0.02430616 
641 602 101 113 0.02419867 
31 151 9 10 0.023927797 
305 727 17 20 0.023863815 
953 187 55 54 0.023780217 
104 142 10 12 0.023755087 
96 125 9 11 0.023508873 
112 126 9 11 0.023422867 
459 13 108 147 0.023176182 
127 176 9 11 0.023046326 
736 149 40 59 0.022929827 
363 515 38 41 0.02282045 
109 140 10 13 0.022700964 
128 110 9 11 0.022505203 
89 142 9 11 0.022188693 
181 98 13 14 0.0221446 
829 471 191 237 0.022118878 
119 101 9 12 0.021964906 
94 174 10 12 0.021843234 
250 146 152 186 0.021701515 
73 120 8 10 0.021682478 
137 165 10 11 0.021574777 
411 -39 223 263 0.02084632 
142 135 11 12 0.020686803 
54 142 9 10 0.020532915 
377 210 17 19 0.02050967 
987 213 16 18 0.020439312 
136 174 8 10 0.020292167 
78 150 8 11 0.020185161 
203 134 12 13 0.020181539 
102 175 10 12 0.020136597 
921 195 53 58 0.020064622 
479 262 33 31 0.02001295 
