12_Group_Large_Group_12_Group_Large_Group_12_295
98
431 325 31 44 0.9738908 
613 293 14 17 0.94146633 
506 333 15 18 0.5056527 
505 301 15 18 0.4893772 
539 300 10 14 0.4190584 
583 291 9 12 0.38137168 
274 291 14 18 0.34075427 
666 278 13 16 0.24492647 
467 261 24 29 0.20135857 
497 286 11 14 0.18100888 
537 270 7 10 0.1537886 
587 314 11 15 0.13644138 
554 294 9 13 0.1333274 
482 268 13 16 0.13113752 
440 309 28 48 0.107370116 
577 277 8 11 0.09499161 
459 243 16 19 0.0932177 
609 318 10 13 0.09278836 
692 317 12 15 0.08180111 
620 354 29 48 0.08094306 
314 311 12 14 0.06960741 
439 269 13 17 0.06932171 
504 269 11 13 0.068977796 
565 277 11 14 0.06856505 
481 246 13 15 0.06767414 
510 269 9 13 0.066573784 
553 355 11 15 0.06391856 
471 245 27 31 0.0636575 
589 322 12 14 0.058292 
583 310 12 15 0.055931736 
544 283 9 12 0.055852946 
558 319 11 13 0.05297682 
551 284 9 12 0.05146326 
514 331 12 16 0.047844347 
463 243 24 26 0.0470966 
536 295 12 15 0.046722006 
501 276 11 14 0.04623629 
621 317 9 13 0.045760535 
614 317 11 13 0.04523571 
606 345 26 39 0.044408217 
582 298 12 15 0.04301956 
590 303 11 14 0.042305328 
488 290 10 14 0.041926097 
2 384 16 21 0.041730344 
445 277 21 28 0.041393526 
608 243 12 16 0.040898763 
405 281 15 20 0.039865613 
505 340 16 20 0.039740816 
587 291 11 14 0.038442574 
501 326 14 19 0.037791036 
394 320 37 49 0.037581068 
596 325 12 15 0.036229134 
499 290 21 24 0.035362344 
577 310 10 13 0.033685654 
453 273 22 30 0.03275322 
557 298 10 14 0.032699667 
606 336 23 30 0.032350883 
444 344 26 37 0.032039206 
716 400 41 37 0.031624943 
641 246 8 11 0.031599082 
558 284 10 12 0.03114391 
582 321 13 15 0.030297033 
565 319 10 12 0.029519135 
568 334 9 13 0.028985918 
461 271 17 21 0.028760249 
560 271 10 12 0.028389594 
446 277 12 16 0.027656285 
492 279 20 26 0.027398704 
508 311 13 17 0.027167445 
640 240 8 9 0.026867174 
534 77 11 14 0.026816932 
578 292 10 12 0.026540782 
605 333 16 17 0.026419744 
575 324 10 13 0.026145207 
431 275 13 15 0.025982209 
603 317 22 25 0.025703968 
597 331 13 16 0.02543359 
500 262 13 16 0.024969615 
584 305 19 26 0.024771962 
607 233 9 10 0.024771804 
89 239 22 28 0.024220623 
634 358 27 41 0.02389647 
593 318 22 27 0.023593262 
565 339 11 16 0.023325108 
480 290 9 13 0.023224812 
446 292 26 39 0.022428777 
304 377 36 44 0.021836525 
460 287 15 21 0.02153867 
606 368 33 45 0.021365562 
398 286 27 38 0.021192007 
500 244 11 15 0.020949263 
595 244 13 16 0.020725254 
590 330 13 15 0.020560652 
557 341 12 16 0.020556562 
494 322 15 19 0.020508196 
691 316 24 27 0.020483159 
710 406 70 60 0.020349951 
293 319 11 13 0.020304853 
