12_Group_Large_Group_12_Group_Large_Group_12_213
192
348 357 35 35 0.9787446 
292 284 16 19 0.9644314 
471 298 16 20 0.93722105 
669 278 12 16 0.8970269 
836 352 26 29 0.89569145 
850 266 19 23 0.87035024 
585 283 15 17 0.85316074 
697 309 16 19 0.8027777 
276 316 25 26 0.7849028 
403 291 13 15 0.7488803 
165 413 35 32 0.7425164 
246 301 18 23 0.6852211 
579 314 23 28 0.6244334 
763 304 14 18 0.60098916 
0 380 22 41 0.55947447 
730 302 24 29 0.5333033 
414 302 11 15 0.47553483 
424 318 14 17 0.43859357 
490 355 18 22 0.40703306 
885 280 14 17 0.3716302 
739 275 13 14 0.2847048 
713 378 27 30 0.26583144 
731 376 27 33 0.19726688 
748 372 27 38 0.16558559 
410 293 13 15 0.12284736 
673 282 12 15 0.11940996 
430 417 40 54 0.11191039 
406 296 13 17 0.11177296 
550 307 9 12 0.10939453 
299 350 15 16 0.10935389 
231 329 15 18 0.10907192 
517 339 14 18 0.10031312 
659 304 16 22 0.10022493 
869 417 23 29 0.09194589 
784 406 32 41 0.089317866 
436 349 12 16 0.07781091 
5 538 23 32 0.07415642 
726 381 21 25 0.0723335 
230 323 24 28 0.06910945 
272 320 15 19 0.0680803 
894 296 12 17 0.06798345 
465 348 15 18 0.0675016 
581 309 15 18 0.067479536 
381 345 19 27 0.065184765 
664 281 13 17 0.063526414 
544 309 11 12 0.059936717 
705 369 24 31 0.05938094 
430 310 12 16 0.058513496 
545 303 9 12 0.05844718 
821 347 13 19 0.058411766 
508 336 16 22 0.05737307 
671 273 10 14 0.056711834 
945 321 16 19 0.056115117 
496 341 21 31 0.055704646 
289 321 14 18 0.054023612 
46 438 41 53 0.053957786 
941 317 14 20 0.053201333 
758 291 11 15 0.053178757 
599 277 9 12 0.05311054 
547 327 15 20 0.05280279 
657 289 21 27 0.052551936 
484 300 11 15 0.05216584 
701 379 22 29 0.051611077 
749 291 13 18 0.051538922 
533 364 15 17 0.050061032 
652 295 15 20 0.049960222 
177 403 28 35 0.049733367 
502 333 15 18 0.049444336 
828 347 22 30 0.048257586 
220 315 40 45 0.047469966 
451 290 12 15 0.046951458 
369 352 24 32 0.046464115 
543 268 8 12 0.045276266 
580 299 15 18 0.04483045 
831 317 11 15 0.04376277 
740 306 24 27 0.043645717 
846 347 21 24 0.04351665 
646 291 13 17 0.043163516 
419 307 14 17 0.04299101 
448 334 11 14 0.04199505 
437 308 11 15 0.041707676 
160 416 51 51 0.041442227 
445 363 16 21 0.041320212 
705 308 13 17 0.04129784 
60 439 16 22 0.04107506 
884 286 17 22 0.040476914 
239 303 17 22 0.040220395 
300 320 13 17 0.039859015 
277 325 28 31 0.039491344 
682 391 18 22 0.03947615 
341 315 11 14 0.03940718 
435 315 12 16 0.039204385 
525 363 14 17 0.038969513 
336 360 28 29 0.038805094 
400 297 13 16 0.038642045 
771 302 13 15 0.038489997 
856 262 18 20 0.038324304 
972 341 41 51 0.037619427 
219 321 14 19 0.037356935 
652 338 13 19 0.03628459 
738 280 15 18 0.035748664 
340 307 11 16 0.03565036 
494 338 12 17 0.035440587 
758 311 14 18 0.035228763 
526 317 10 14 0.034326494 
643 323 15 18 0.03374689 
281 344 26 26 0.03347344 
31 449 52 71 0.03329602 
933 310 12 15 0.033041403 
62 517 25 40 0.032987256 
529 367 20 25 0.03297608 
254 423 16 18 0.03284403 
431 342 13 16 0.03225449 
668 287 15 20 0.032127347 
671 261 8 11 0.03209763 
335 292 11 15 0.03182659 
830 342 12 17 0.031469047 
638 323 13 17 0.03132698 
407 306 12 15 0.031286266 
450 355 16 20 0.031097515 
995 359 27 35 0.030940855 
739 292 15 19 0.030902172 
287 336 27 28 0.030186515 
836 317 25 29 0.029844472 
342 323 12 14 0.029704437 
655 276 10 13 0.029170094 
388 342 12 17 0.028896956 
783 296 9 11 0.02882287 
747 277 11 14 0.028759949 
717 269 10 12 0.027821945 
648 279 10 13 0.027678248 
579 284 12 16 0.027641432 
761 372 28 36 0.027262045 
366 309 10 13 0.027211858 
519 317 9 13 0.02718497 
274 353 16 17 0.027049957 
269 307 15 20 0.026882375 
605 275 11 14 0.026745666 
701 369 16 21 0.026563888 
289 316 24 29 0.02645046 
270 299 13 17 0.026182633 
595 399 12 14 0.025661394 
593 284 13 15 0.025648545 
836 340 23 29 0.025598854 
266 360 26 28 0.025415039 
845 325 31 36 0.025339626 
240 322 43 45 0.025290893 
510 317 12 14 0.025084985 
298 359 15 18 0.02499185 
543 292 11 15 0.024863843 
587 299 14 16 0.02480215 
525 345 13 17 0.02459775 
847 263 12 18 0.024451442 
864 314 16 17 0.024360344 
613 308 10 14 0.02435582 
608 253 9 11 0.024298556 
154 448 15 20 0.024048507 
547 315 15 20 0.024041234 
306 348 14 17 0.02397367 
689 385 15 21 0.023882799 
645 306 15 18 0.023643505 
600 272 10 12 0.023350284 
393 414 28 36 0.023337094 
724 297 18 25 0.02329526 
46 433 31 32 0.022945272 
423 417 30 40 0.02289274 
373 413 14 18 0.02247757 
486 296 10 13 0.022435589 
434 323 13 16 0.022232564 
677 290 13 17 0.022205247 
7 389 18 27 0.02215463 
540 337 15 19 0.022114804 
541 315 14 18 0.02181755 
576 254 10 12 0.021746203 
446 310 11 14 0.021421963 
523 331 14 19 0.021200307 
653 285 13 17 0.021066764 
535 317 12 16 0.020974344 
660 340 22 31 0.020973979 
508 325 13 16 0.020968499 
744 478 35 35 0.020874146 
479 351 22 27 0.020792507 
763 293 13 17 0.02072908 
415 321 14 18 0.020628674 
359 294 8 11 0.020506168 
538 269 9 11 0.020407181 
646 331 14 18 0.020377899 
732 337 13 16 0.020334583 
427 312 20 25 0.02027253 
596 357 15 17 0.020193068 
421 232 220 241 0.020182531 
615 276 10 14 0.020132838 
