12_Group_Team_Organized_Group_12_Group_Team_Organized_Group_12_855
59
805 279 32 35 0.99722135 
746 278 26 31 0.98912597 
887 239 32 37 0.9821383 
724 250 26 30 0.9729373 
676 285 26 29 0.89941525 
824 340 27 32 0.80219686 
220 265 23 29 0.5370921 
798 371 37 40 0.5303708 
537 445 11 13 0.19821839 
894 303 42 50 0.13810028 
934 488 16 20 0.117995895 
736 260 30 38 0.097909674 
498 464 14 18 0.09676341 
600 266 17 20 0.09530006 
610 385 13 14 0.063991554 
352 408 8 11 0.059557196 
814 265 25 32 0.057356294 
688 288 18 23 0.05692257 
630 291 12 16 0.054971837 
679 346 13 17 0.05389838 
661 338 17 19 0.05099734 
993 415 19 23 0.047113523 
737 251 18 22 0.04676397 
727 270 28 33 0.041266687 
547 411 12 14 0.036539014 
707 251 14 18 0.035738364 
1004 411 16 20 0.035516534 
652 338 14 18 0.035340294 
549 406 10 12 0.034366634 
914 313 21 22 0.033875573 
630 265 30 37 0.032238446 
991 411 16 17 0.03189165 
478 466 14 19 0.030654412 
973 423 24 28 0.029498635 
279 382 13 17 0.029077657 
718 360 15 18 0.027786555 
789 353 14 19 0.027055293 
176 472 10 12 0.026739273 
629 283 14 18 0.026718114 
903 246 19 24 0.026174275 
483 462 13 18 0.025183741 
977 492 16 18 0.02503866 
636 281 15 18 0.023929847 
319 392 15 16 0.023925554 
788 343 26 32 0.023345593 
287 284 10 12 0.023252828 
598 308 12 16 0.023199074 
670 337 21 27 0.023048133 
807 351 15 18 0.022933196 
682 277 18 21 0.02280676 
707 252 23 29 0.022791285 
135 317 177 291 0.022660661 
599 318 11 13 0.022642732 
635 298 11 15 0.022546098 
997 419 23 34 0.022383645 
0 357 9 14 0.02195661 
467 418 14 18 0.02108518 
626 279 25 32 0.020553766 
605 318 11 13 0.02039241 
