12_Group_Group_12_Group_Group_12_123
26
649 102 30 37 0.9994387 
231 70 48 64 0.9994336 
443 107 28 36 0.9985667 
820 37 69 96 0.9983582 
544 92 41 52 0.9918727 
39 165 10 14 0.1155097 
118 178 11 14 0.1048533 
944 348 27 36 0.086823 
943 223 35 45 0.07953883 
44 163 12 15 0.078849554 
108 257 30 37 0.067332014 
394 27 26 33 0.054717395 
638 303 54 58 0.041670315 
957 203 16 20 0.039456144 
94 194 13 18 0.037908137 
391 21 13 17 0.037320375 
352 22 48 43 0.0361816 
385 19 26 35 0.032594405 
93 184 24 31 0.03259083 
19 121 16 23 0.032381695 
64 188 11 15 0.028729383 
367 16 26 34 0.027141884 
115 188 15 20 0.026355408 
123 200 14 19 0.023039041 
377 32 26 29 0.020547794 
125 197 494 545 0.02044207 
