12_Group_Group_12_Group_Group_12_80
44
303 302 33 41 0.99970907 
872 282 33 40 0.9996517 
72 142 32 41 0.99949706 
931 132 31 40 0.9994831 
522 99 31 38 0.9993081 
595 114 31 39 0.9992446 
803 118 31 37 0.9991134 
282 116 33 40 0.99901295 
769 281 34 45 0.99888915 
469 123 34 39 0.9986143 
222 126 31 41 0.99857295 
406 102 32 41 0.99833506 
836 166 31 41 0.99804544 
348 126 33 40 0.99778533 
132 113 33 39 0.9974177 
705 122 29 36 0.997203 
640 117 31 37 0.99443805 
420 227 35 44 0.9937143 
182 291 41 51 0.99368286 
652 216 36 47 0.9909814 
540 225 36 41 0.9887905 
675 113 17 23 0.12860343 
882 428 28 32 0.06166712 
853 307 15 18 0.04351954 
992 174 11 14 0.036395337 
215 405 26 27 0.035892993 
365 276 11 15 0.029528877 
779 130 13 17 0.029053655 
854 302 23 28 0.02904504 
786 390 17 22 0.02869113 
687 151 16 19 0.025952276 
748 146 13 15 0.025157204 
821 68 10 12 0.023249893 
451 344 27 33 0.022516094 
612 111 36 44 0.02240704 
302 88 21 29 0.022355992 
583 84 12 14 0.02202228 
680 370 13 17 0.021902926 
92 282 26 23 0.021497432 
474 224 418 469 0.021315593 
839 156 24 31 0.02125793 
428 366 26 32 0.020568827 
671 119 15 21 0.02041427 
755 473 29 29 0.020076815 
