12_Group_Team_Organized_Group_12_Group_Team_Organized_Group_12_500
43
584 157 107 141 0.99987125 
225 162 101 125 0.99914944 
879 151 122 182 0.9979361 
394 110 148 201 0.99571145 
941 71 81 136 0.9762708 
92 243 25 32 0.74132234 
366 -1 27 25 0.1928428 
723 224 32 44 0.16441032 
103 161 26 32 0.14598085 
71 156 14 20 0.13169575 
345 81 57 94 0.11380162 
750 233 65 92 0.09173828 
918 107 108 185 0.0664183 
782 169 37 47 0.06510839 
416 0 24 19 0.05630523 
45 255 17 23 0.05288439 
67 158 23 32 0.048685834 
97 200 25 34 0.046226136 
733 218 50 68 0.03652001 
454 161 105 141 0.036243968 
96 225 30 39 0.03589156 
73 249 26 33 0.03428498 
59 151 22 29 0.031265322 
96 234 42 55 0.031093353 
123 251 31 49 0.030424297 
312 8 32 38 0.028588515 
503 248 38 52 0.028115245 
340 83 101 138 0.027743949 
703 218 45 66 0.026988031 
54 250 22 28 0.026446108 
139 160 14 21 0.025991827 
146 222 54 74 0.02474985 
142 382 266 226 0.024387293 
30 262 22 29 0.023347225 
351 0 31 37 0.02331444 
89 165 27 32 0.022920737 
729 112 17 24 0.021990612 
94 178 28 37 0.021544244 
404 0 52 46 0.02135039 
69 240 24 32 0.021304337 
108 194 83 117 0.021101428 
84 254 33 41 0.020513935 
745 177 88 123 0.020085206 
