12_Group_Group_12_Group_Group_12_112
86
786 122 33 41 0.99975795 
87 302 34 38 0.99933964 
700 205 33 41 0.99922276 
488 261 38 44 0.99913245 
720 452 34 39 0.99888307 
148 231 33 40 0.998752 
367 153 31 37 0.99845195 
924 317 34 41 0.9977912 
319 457 35 43 0.9976562 
578 142 35 41 0.99744034 
672 275 33 38 0.99733585 
187 481 34 39 0.9968918 
144 171 33 39 0.9963737 
454 479 39 42 0.99636924 
256 115 38 45 0.9961511 
860 151 34 44 0.9961068 
468 147 33 39 0.99607444 
638 482 37 42 0.9957231 
181 305 39 45 0.9953557 
258 315 35 42 0.99508804 
787 456 35 39 0.99431485 
264 238 34 40 0.9942987 
449 235 33 38 0.99341416 
541 479 38 43 0.9931184 
365 263 30 37 0.9926594 
851 244 38 43 0.9887931 
367 316 36 39 0.9886884 
741 315 38 44 0.98733807 
580 255 36 42 0.9857341 
728 250 33 40 0.9837812 
525 212 38 44 0.9819348 
792 198 36 39 0.9802514 
233 272 39 44 0.97497785 
613 240 28 34 0.9744323 
399 256 28 34 0.967068 
702 160 34 42 0.9165733 
582 213 28 33 0.3757072 
591 243 40 49 0.14869213 
378 260 31 37 0.13347086 
598 231 35 39 0.12756829 
718 155 16 20 0.11327065 
251 248 44 48 0.11129593 
736 238 28 35 0.097755104 
698 178 39 47 0.088169165 
626 560 34 48 0.08694092 
646 557 13 16 0.07533628 
614 261 26 35 0.07145674 
460 237 43 51 0.06936071 
743 228 24 32 0.0692772 
589 220 35 39 0.06845489 
975 484 13 20 0.06536844 
652 579 58 53 0.062211085 
713 154 25 33 0.06173228 
279 247 26 34 0.0504548 
227 604 14 18 0.04654942 
249 291 46 54 0.04345966 
621 278 23 31 0.042326156 
891 187 14 18 0.040483132 
368 261 20 23 0.0392551 
820 258 26 32 0.03613187 
363 292 41 50 0.033742707 
700 586 24 27 0.033687484 
357 276 37 45 0.033681925 
635 551 27 34 0.032330886 
391 244 30 35 0.031680234 
602 216 18 20 0.0314141 
513 235 42 50 0.030867094 
635 470 27 35 0.027725855 
499 189 25 29 0.027624285 
168 309 32 38 0.026725551 
691 166 32 41 0.025087863 
785 437 29 34 0.024810456 
687 181 29 38 0.02422051 
483 243 31 41 0.023927353 
724 272 31 38 0.023705263 
538 274 16 21 0.023687167 
147 188 34 39 0.02272231 
608 454 25 34 0.022719042 
514 222 31 37 0.022692243 
121 452 24 43 0.022571048 
632 467 14 19 0.022523375 
788 432 17 20 0.021824842 
539 269 27 35 0.021773273 
630 578 121 97 0.021175975 
647 212 13 16 0.020879839 
625 571 59 53 0.020365043 
