12_Group_Group_12_Group_Group_12_354
30
189 93 48 65 0.99885046 
57 44 43 57 0.99705493 
160 13 37 50 0.9965005 
281 41 42 53 0.996011 
954 71 28 35 0.99224937 
773 95 26 31 0.9798037 
466 22 21 28 0.9679745 
556 26 21 26 0.96040845 
668 29 20 26 0.9360001 
865 67 29 35 0.8911677 
428 64 22 28 0.8677279 
739 34 14 18 0.5824436 
589 43 16 20 0.552596 
474 54 24 28 0.1344822 
582 45 18 22 0.06420304 
464 59 25 29 0.06310823 
924 239 14 20 0.06005908 
445 62 26 32 0.04616075 
488 58 14 19 0.037673358 
721 30 23 28 0.033011332 
422 69 18 23 0.032956485 
880 73 18 22 0.025705962 
557 15 15 20 0.02362472 
462 40 28 36 0.023533968 
733 73 12 16 0.023530547 
855 80 26 34 0.023457443 
764 37 10 13 0.023210002 
909 255 12 14 0.022695018 
140 162 30 50 0.022033405 
831 39 13 18 0.021006742 
