12_Group_Team_Organized_Group_12_Group_Team_Organized_Group_12_83
178
724 373 171 239 0.9994648 
147 285 25 37 0.99870765 
302 240 33 47 0.99696094 
808 215 63 83 0.9964972 
403 245 30 39 0.98848253 
111 239 25 34 0.98669946 
28 323 22 25 0.9372305 
998 194 16 21 0.92243135 
38 259 21 25 0.8977563 
730 225 17 21 0.8826813 
91 282 22 31 0.8784352 
208 271 20 25 0.8730632 
904 243 22 27 0.86672086 
6 262 21 27 0.8651175 
962 192 15 21 0.8609754 
956 244 17 21 0.86065024 
1004 240 14 17 0.7457511 
185 265 18 23 0.58144903 
203 305 22 27 0.5284917 
918 207 13 15 0.5269722 
197 248 12 15 0.3745741 
752 246 36 60 0.29384893 
552 272 48 50 0.28494194 
-1 342 20 35 0.2008905 
190 267 22 27 0.1925707 
855 132 15 20 0.18358262 
587 270 20 23 0.1799758 
122 250 22 30 0.17313671 
995 248 14 17 0.16607003 
387 283 30 35 0.1623105 
682 261 50 57 0.13381751 
20 295 16 22 0.12829664 
142 258 15 20 0.11837723 
762 207 26 35 0.10748916 
917 218 13 16 0.104766436 
900 210 11 15 0.10342363 
778 121 28 38 0.10097676 
568 268 34 32 0.093100764 
720 215 44 54 0.0866151 
906 237 16 22 0.08395011 
61 262 14 17 0.08382923 
112 315 17 21 0.08281715 
222 234 11 14 0.08155246 
98 380 16 22 0.07974096 
969 276 15 20 0.07941443 
144 270 24 34 0.07829253 
15 264 16 22 0.07595123 
212 260 15 20 0.07420899 
203 246 13 16 0.07004977 
924 209 12 14 0.068113714 
393 257 35 42 0.067473285 
844 136 14 18 0.06610406 
179 269 26 32 0.064251386 
45 588 17 19 0.06076512 
216 236 10 14 0.05971392 
84 283 19 25 0.059476666 
839 138 12 16 0.058665678 
896 241 42 50 0.05718194 
742 214 26 32 0.05393 
220 259 14 17 0.052938413 
820 134 12 17 0.052295476 
61 324 20 28 0.051686917 
949 202 14 16 0.050441723 
191 251 16 20 0.048067056 
216 230 11 13 0.04785938 
11 284 23 29 0.047307014 
739 147 17 19 0.046783764 
748 205 44 59 0.04677987 
953 197 12 15 0.04661221 
181 115 55 65 0.045318592 
1002 459 18 20 0.044348843 
102 320 22 29 0.04411221 
595 260 23 33 0.04407107 
727 248 46 59 0.0437073 
546 269 34 41 0.042830423 
913 211 11 14 0.042417943 
198 298 15 21 0.04172598 
702 242 44 52 0.041057356 
703 191 10 12 0.04088149 
0 341 13 21 0.04006571 
13 299 21 27 0.040013067 
992 195 14 19 0.03960191 
945 212 10 13 0.03916784 
385 252 25 34 0.03900133 
696 198 8 11 0.03784836 
64 344 25 33 0.036940318 
965 256 16 19 0.036654443 
213 251 13 18 0.035698228 
770 206 17 21 0.035013773 
214 244 12 15 0.034919832 
925 219 12 16 0.03422172 
657 261 31 41 0.033904657 
893 215 16 20 0.03384086 
920 249 16 19 0.03375046 
759 211 15 20 0.03360223 
990 228 14 17 0.033381663 
406 59 11 15 0.033232637 
96 248 14 20 0.032830387 
926 224 14 18 0.03275306 
918 211 22 26 0.03253567 
1 265 15 21 0.032423735 
11 311 16 20 0.032327343 
741 141 28 31 0.032124273 
228 229 10 13 0.031979203 
6 601 30 33 0.031866107 
949 237 14 17 0.03156464 
524 278 15 22 0.03142339 
199 240 11 14 0.03140434 
254 546 18 23 0.031156698 
77 253 13 17 0.031100204 
631 -59 424 501 0.030698536 
787 111 27 40 0.030421661 
925 200 11 14 0.02895209 
933 205 11 14 0.028762506 
207 237 10 13 0.028611055 
136 293 24 30 0.028318122 
202 257 22 31 0.028030824 
756 125 47 55 0.028016964 
55 245 11 14 0.02759341 
227 237 11 14 0.027568173 
245 243 10 12 0.027188435 
838 224 54 70 0.027048716 
1010 197 13 17 0.026610686 
99 266 29 36 0.026558483 
125 299 16 19 0.026381021 
206 230 10 12 0.02631892 
752 138 33 34 0.026219497 
62 253 13 17 0.025987718 
675 262 29 42 0.025830846 
4 358 25 34 0.025560161 
735 137 46 54 0.025442561 
192 229 9 11 0.025374496 
780 88 15 17 0.025155503 
895 205 20 26 0.024552142 
89 333 22 29 0.024383038 
919 227 24 28 0.0243101 
738 221 69 105 0.024229819 
1013 249 12 17 0.02415687 
23 605 18 18 0.024045888 
942 205 13 15 0.023903433 
100 334 16 22 0.023890087 
97 241 22 29 0.023850111 
145 258 24 30 0.023738505 
931 233 15 19 0.02349264 
968 282 20 27 0.023355892 
412 136 10 12 0.023160517 
35 279 18 20 0.022794817 
821 142 13 18 0.022715162 
150 238 13 17 0.022700457 
701 195 10 13 0.022671608 
787 130 27 37 0.022595337 
970 190 13 17 0.022534687 
201 229 8 11 0.022250364 
729 142 25 29 0.022221494 
10 346 26 33 0.022162361 
119 301 24 29 0.02207417 
911 206 19 23 0.022036282 
212 231 20 26 0.021587316 
52 263 24 29 0.021576602 
735 220 19 23 0.021546165 
702 218 13 16 0.021537952 
880 224 45 59 0.021512162 
218 139 16 20 0.021183299 
708 212 14 18 0.021137254 
878 120 13 18 0.021072425 
208 239 20 26 0.020997096 
772 88 15 17 0.020908782 
17 309 36 47 0.020816835 
122 115 44 59 0.02079567 
725 147 13 17 0.020769306 
768 223 53 75 0.02069946 
108 258 28 36 0.020686354 
1 270 24 33 0.02063314 
895 242 15 22 0.020499984 
653 262 51 64 0.020290224 
909 250 26 26 0.020251006 
793 126 16 24 0.020167174 
867 200 89 111 0.020129973 
