9_Press_Conference_Press_Conference_9_346
27
80 635 54 68 0.9997844 
416 668 51 63 0.99971956 
266 659 51 64 0.9993199 
608 703 44 66 0.9385024 
378 987 66 47 0.7959361 
595 220 418 554 0.12792721 
478 972 551 622 0.08910148 
-29 928 546 604 0.07456363 
372 997 42 33 0.06889653 
667 859 25 33 0.048870843 
643 867 197 269 0.046611123 
241 224 150 242 0.043581974 
236 1062 13 16 0.041749038 
648 886 10 13 0.039217032 
333 963 106 92 0.03610103 
289 80 442 559 0.034177624 
675 866 15 20 0.03125241 
371 1088 15 15 0.030431416 
380 954 60 57 0.029907698 
363 982 38 37 0.028525766 
527 1120 14 14 0.028299805 
407 1002 39 35 0.027551122 
357 964 64 59 0.026929405 
62 851 58 49 0.024556741 
603 638 28 40 0.024251966 
764 1201 233 277 0.02342423 
664 987 60 80 0.022972777 
