9_Press_Conference_Press_Conference_9_165
19
473 54 71 90 0.9985977 
87 42 75 101 0.9934536 
839 41 80 115 0.9932058 
673 212 15 17 0.12115549 
309 231 51 55 0.07034455 
253 213 14 16 0.06890895 
769 140 44 57 0.06211296 
554 469 179 236 0.05954908 
671 268 27 38 0.04953317 
318 152 491 597 0.04873962 
679 236 12 16 0.044816658 
3 216 13 18 0.03573163 
526 100 48 68 0.030264746 
250 225 49 57 0.023207279 
619 52 57 68 0.022745036 
0 62 40 53 0.022428118 
165 234 443 526 0.021649648 
677 229 13 17 0.020390954 
548 -1 375 452 0.020166975 
