9_Press_Conference_Press_Conference_9_872
38
409 329 208 277 0.9998915 
492 949 72 94 0.8685383 
294 478 28 33 0.22998165 
816 399 192 255 0.14782922 
476 1051 201 257 0.14490493 
31 1013 12 18 0.124734506 
244 450 32 52 0.111012176 
975 849 15 21 0.10872319 
29 1020 14 22 0.06594935 
283 472 28 35 0.0650845 
860 1400 15 21 0.05795856 
936 820 14 18 0.054889034 
248 433 25 37 0.045195132 
580 878 34 42 0.044019632 
921 642 92 149 0.043850057 
354 934 360 414 0.03895875 
329 1194 58 62 0.036710493 
223 416 82 112 0.036375344 
955 596 26 37 0.03522826 
186 508 41 58 0.03339667 
237 463 27 38 0.029150885 
860 333 209 267 0.029023426 
454 954 31 51 0.02891183 
586 228 71 120 0.028652644 
441 901 43 73 0.028500037 
239 317 29 37 0.026576828 
574 742 23 34 0.025920069 
449 876 42 65 0.023705048 
27 902 16 22 0.023474278 
995 938 28 40 0.022622103 
100 987 12 14 0.022089675 
188 422 17 22 0.02158843 
349 1222 43 41 0.020931423 
-150 1212 430 495 0.020926507 
430 1137 183 182 0.020454017 
672 268 373 512 0.02033281 
103 319 433 495 0.020111777 
240 263 26 31 0.020042818 
