9_Press_Conference_Press_Conference_9_552
62
384 122 256 349 0.99916756 
298 443 233 359 0.5938724 
470 1136 26 35 0.15327151 
339 1270 16 19 0.09999371 
438 1265 27 32 0.09285435 
984 989 39 61 0.08736324 
440 1145 25 33 0.06786518 
355 1218 26 33 0.065485306 
435 1212 15 19 0.065415025 
448 1315 27 38 0.063912 
449 1433 17 22 0.06349949 
398 1223 23 27 0.061117403 
409 1325 34 35 0.05966873 
335 1288 27 43 0.059663493 
437 1257 16 22 0.058980674 
430 1244 24 32 0.05101755 
374 1368 27 36 0.048991702 
403 1302 46 53 0.040941175 
437 1209 22 29 0.040344268 
404 1392 14 20 0.038597222 
472 1203 12 14 0.03689954 
410 1148 14 17 0.03616495 
462 1213 13 17 0.03467718 
382 1203 13 18 0.034566514 
441 1253 29 33 0.03370041 
307 1033 189 252 0.033636823 
386 1275 22 31 0.032717213 
361 493 144 162 0.030787626 
365 1214 26 31 0.030090775 
986 1116 32 87 0.030040504 
398 1217 18 21 0.029260706 
364 1256 16 21 0.02898509 
340 1270 24 29 0.028764524 
400 1312 28 38 0.02821309 
938 343 27 35 0.02751983 
391 1198 13 17 0.027349968 
385 1199 21 29 0.027164228 
390 1283 45 51 0.027033133 
365 1243 25 34 0.026904656 
391 1432 12 16 0.02679938 
424 1287 46 54 0.026364593 
385 1218 25 30 0.026171267 
499 1210 17 21 0.025870325 
356 1266 16 20 0.025550464 
333 1135 184 225 0.024900327 
303 1217 29 38 0.024727445 
317 603 139 161 0.024084166 
427 1260 44 52 0.023886105 
799 932 117 182 0.023394102 
423 1192 29 31 0.023035752 
436 1221 16 21 0.022410182 
419 1339 28 38 0.022307485 
352 1197 25 32 0.021811312 
353 1254 24 30 0.021772321 
451 1210 15 21 0.021462083 
379 1327 15 20 0.021412928 
419 1210 26 29 0.02136017 
383 1318 24 32 0.021027219 
433 1371 25 36 0.020743996 
347 1276 41 51 0.020691851 
374 1279 26 35 0.020670086 
365 1260 25 31 0.020666275 
