9_Press_Conference_Press_Conference_9_930
19
241 102 405 521 0.99979836 
330 881 223 292 0.40744302 
610 852 400 550 0.30008498 
134 909 337 460 0.14730537 
293 990 223 313 0.13752449 
583 367 406 551 0.120002985 
354 946 351 475 0.09430199 
418 815 200 280 0.0809937 
162 706 343 450 0.055034366 
489 1151 470 413 0.046612285 
420 1064 211 304 0.0454569 
653 23 463 618 0.033224426 
516 1271 100 150 0.03301878 
669 498 230 359 0.03269319 
183 1179 368 498 0.030132443 
432 1105 136 183 0.025587805 
718 967 232 366 0.02394052 
186 463 427 525 0.022294167 
470 1256 101 130 0.020025255 
