9_Press_Conference_Press_Conference_9_343
43
493 114 127 178 0.99969995 
533 616 228 314 0.47724167 
163 287 144 202 0.29977 
173 163 109 147 0.16891825 
131 183 166 209 0.11272649 
199 793 46 57 0.08882234 
173 89 107 136 0.080778316 
240 469 394 505 0.056149554 
909 669 100 131 0.050556794 
910 750 97 118 0.0480552 
194 214 109 131 0.043976896 
53 95 98 112 0.039485235 
213 154 61 78 0.037616592 
122 81 171 216 0.036750052 
223 30 48 59 0.033530038 
199 131 105 135 0.030937891 
160 782 98 107 0.030686948 
181 845 111 120 0.030076554 
828 757 127 117 0.02912219 
203 97 65 81 0.028556824 
165 804 58 65 0.0278695 
321 543 199 300 0.027593201 
215 81 104 123 0.027578162 
201 256 116 153 0.027467167 
93 80 120 138 0.026198441 
860 622 130 149 0.026098887 
198 30 50 63 0.025367515 
196 41 98 125 0.025018426 
178 374 111 157 0.024731584 
250 29 46 59 0.023603018 
145 794 57 62 0.023473306 
224 837 62 79 0.023199027 
184 908 110 114 0.023027971 
825 692 133 122 0.022452584 
70 284 119 128 0.022116229 
103 249 123 132 0.021725241 
863 722 119 125 0.021439372 
89 186 117 127 0.021032495 
877 801 108 128 0.020922855 
184 7 84 101 0.020596145 
111 792 62 60 0.020454742 
42 236 58 66 0.020232324 
212 803 50 65 0.02006319 
