9_Press_Conference_Press_Conference_9_424
27
495 57 159 252 0.9970709 
64 330 91 150 0.9950702 
877 395 109 182 0.3826242 
505 874 173 152 0.20252037 
75 792 108 114 0.16685374 
525 211 182 276 0.09060177 
618 503 343 457 0.07753668 
792 534 28 41 0.070888214 
909 6 98 115 0.059491873 
445 88 332 435 0.050594006 
572 264 193 287 0.0501055 
533 309 115 167 0.042120405 
28 639 34 50 0.037710268 
117 821 70 76 0.035615083 
815 347 196 264 0.03518534 
138 843 38 42 0.034441374 
34 277 157 221 0.02888773 
432 714 354 402 0.027996898 
707 589 208 299 0.027080707 
595 650 102 126 0.027006343 
173 512 41 59 0.026294937 
876 62 35 42 0.026001126 
681 856 30 38 0.025465248 
823 615 30 44 0.023115648 
514 250 343 446 0.022703353 
883 11 66 65 0.020640668 
644 326 186 261 0.020012185 
