9_Press_Conference_Press_Conference_9_89
50
787 222 52 64 0.9968076 
404 165 83 124 0.9951623 
666 201 68 105 0.9937131 
128 136 75 119 0.9342611 
917 586 81 125 0.35994303 
104 181 97 128 0.18116094 
824 305 37 52 0.14391321 
605 220 40 68 0.105309926 
12 156 100 118 0.08580222 
375 279 452 475 0.079116605 
951 439 22 29 0.077378415 
866 333 29 41 0.06742762 
998 264 15 20 0.06702865 
63 162 94 122 0.0639736 
983 378 11 14 0.060233124 
521 380 38 48 0.05957772 
900 391 12 14 0.05603771 
46 194 121 152 0.05293428 
841 329 57 65 0.048579127 
5 172 66 82 0.047869105 
195 214 29 30 0.046940196 
794 281 31 37 0.04585722 
145 187 66 88 0.045146126 
506 347 17 21 0.045052804 
666 431 33 37 0.044952013 
82 188 162 212 0.043649662 
989 328 29 46 0.043290533 
983 390 11 14 0.04092513 
955 554 16 21 0.040711295 
512 351 22 28 0.0397523 
424 672 446 519 0.03918612 
740 258 45 69 0.03890222 
884 434 17 19 0.03707517 
875 329 19 25 0.035460055 
147 94 86 153 0.035341784 
5 248 545 574 0.030540135 
880 437 12 15 0.029186796 
320 207 83 121 0.027296428 
971 297 14 19 0.025269084 
775 253 54 67 0.024949135 
491 353 94 113 0.024947008 
372 7 394 480 0.02414644 
998 395 23 32 0.023895958 
802 287 35 48 0.023571566 
817 290 72 96 0.023486668 
524 217 50 67 0.022289759 
210 219 27 35 0.021862445 
961 442 14 20 0.021529773 
183 190 34 45 0.020925628 
626 214 48 75 0.020558223 
