9_Press_Conference_Press_Conference_9_12
194
106 221 33 41 0.9994961 
389 311 22 29 0.9919857 
932 207 34 49 0.97660655 
262 306 16 20 0.9746012 
805 430 30 60 0.96740115 
673 260 16 20 0.958742 
513 292 14 17 0.9518962 
317 318 21 26 0.94181716 
617 289 14 18 0.92347735 
568 287 14 16 0.9121052 
451 487 51 64 0.8124334 
204 336 20 32 0.80170316 
180 254 22 25 0.7638528 
324 235 17 21 0.6839659 
625 478 45 58 0.5214368 
725 367 24 35 0.4483691 
134 385 28 41 0.3659415 
318 238 15 18 0.3214023 
52 245 9 11 0.28354096 
834 305 17 19 0.24767646 
212 338 24 35 0.22163978 
46 260 12 15 0.21758866 
17 247 9 11 0.2064854 
592 360 23 41 0.20049606 
823 346 30 36 0.18432483 
202 311 16 20 0.17721951 
197 339 18 25 0.17285152 
592 347 21 35 0.17229499 
194 236 22 27 0.17070605 
487 319 10 12 0.17048481 
837 332 15 17 0.14225774 
646 350 24 32 0.14066093 
185 243 23 29 0.13846487 
839 327 11 13 0.13385634 
827 331 27 35 0.13298799 
703 291 12 14 0.12020796 
649 354 38 43 0.11882185 
687 350 25 38 0.09989726 
675 357 14 22 0.09972627 
113 375 42 57 0.09839116 
22 250 11 13 0.09499301 
560 341 23 34 0.0919667 
475 351 15 22 0.08975745 
676 350 23 34 0.087379 
3 282 13 16 0.08433957 
301 242 12 18 0.07706051 
250 330 17 23 0.06841936 
223 341 22 32 0.0677628 
310 237 19 26 0.06721465 
301 174 15 19 0.06380147 
479 333 11 15 0.059021533 
64 253 10 14 0.057760037 
153 446 49 54 0.057430826 
1 278 10 14 0.057334837 
693 308 13 18 0.05684396 
670 289 16 21 0.056586202 
748 303 16 21 0.05468995 
720 286 13 15 0.05417348 
356 347 16 21 0.053766146 
234 346 16 22 0.05114536 
703 372 34 30 0.050214067 
493 317 12 14 0.049087793 
196 316 23 28 0.048091456 
485 324 12 15 0.047411833 
662 351 23 28 0.047282748 
52 252 11 14 0.04529662 
411 462 55 69 0.0452666 
753 297 17 21 0.045050886 
546 425 16 17 0.044830423 
692 338 33 39 0.044772264 
311 239 12 15 0.044505022 
633 315 17 20 0.043670762 
149 448 30 39 0.04279689 
709 331 16 17 0.042715956 
475 338 25 33 0.042528883 
502 310 12 15 0.04250802 
63 260 11 14 0.0414801 
5 269 11 13 0.0402599 
188 237 14 18 0.040226564 
50 240 10 12 0.039937317 
243 343 16 21 0.039774418 
481 318 10 13 0.039693367 
830 309 14 19 0.039374046 
563 357 27 32 0.038966328 
571 306 12 16 0.038792398 
701 330 31 33 0.038543355 
694 360 28 35 0.038208716 
410 351 17 22 0.036351018 
717 282 21 25 0.036180954 
571 322 16 18 0.035803102 
69 252 10 14 0.035509598 
700 313 12 16 0.03548795 
444 341 14 18 0.035212565 
211 437 53 73 0.03519457 
284 432 34 52 0.035107695 
418 350 17 22 0.03476961 
611 450 46 63 0.03475788 
0 254 8 11 0.034685265 
570 293 14 20 0.0345786 
644 345 16 25 0.03456183 
675 265 23 29 0.033867337 
427 353 14 17 0.033715997 
65 247 9 13 0.032622147 
694 296 21 27 0.032354794 
201 330 17 27 0.032168668 
483 332 14 17 0.03187164 
68 260 10 13 0.03175848 
542 316 11 15 0.03165339 
578 321 15 18 0.030676952 
505 354 26 33 0.030523596 
463 347 20 27 0.030484358 
45 255 19 24 0.030124193 
28 252 10 13 0.030102974 
484 329 26 31 0.03002549 
482 315 24 29 0.029797213 
569 338 17 23 0.029795868 
444 351 13 18 0.029759265 
684 275 14 17 0.029592495 
472 339 10 14 0.02956486 
480 357 18 21 0.029332671 
14 268 11 14 0.029270263 
736 369 28 36 0.029094651 
569 326 23 28 0.028800333 
0 270 10 13 0.02850572 
97 335 17 21 0.028427102 
463 341 10 14 0.028169006 
336 235 13 17 0.02776599 
47 352 195 210 0.027753765 
1005 281 19 34 0.027087908 
636 486 59 71 0.026942039 
662 284 12 16 0.026739297 
56 249 19 25 0.02673836 
446 316 11 14 0.026588831 
104 541 62 85 0.026562285 
420 343 13 16 0.026555752 
400 455 44 61 0.026472216 
436 345 16 21 0.02626083 
498 312 22 27 0.025996134 
539 422 30 29 0.025961759 
453 342 11 14 0.025738046 
23 295 11 13 0.025543297 
655 358 20 22 0.025242662 
39 265 11 14 0.025195982 
19 300 13 16 0.025121719 
732 362 16 26 0.025049651 
238 329 23 31 0.024835609 
157 275 12 15 0.024829188 
31 293 9 12 0.024768947 
13 283 12 15 0.024682429 
98 369 74 94 0.02453481 
963 207 30 34 0.024506675 
692 275 13 16 0.024303215 
611 313 14 17 0.024183473 
7 302 10 13 0.024166219 
819 440 36 47 0.024156556 
0 261 9 12 0.024111021 
472 320 46 47 0.024041405 
246 326 15 18 0.023947982 
444 463 81 110 0.023927232 
147 388 30 44 0.023800528 
681 294 22 29 0.023411069 
63 577 122 130 0.023396302 
61 264 12 17 0.023246737 
130 406 30 42 0.023187343 
576 337 26 35 0.023009256 
699 289 22 24 0.022946086 
301 349 22 33 0.022866199 
317 246 16 20 0.022654265 
660 289 16 20 0.022507563 
504 433 17 22 0.022374861 
8 246 8 12 0.022062086 
20 259 12 16 0.021994056 
127 366 33 48 0.021840366 
823 360 18 20 0.021733481 
212 332 15 23 0.02173338 
493 348 27 32 0.021646144 
588 366 16 26 0.021552015 
186 354 27 32 0.02139492 
631 309 13 17 0.021356177 
654 299 13 18 0.021161633 
607 310 13 15 0.02114027 
228 396 27 42 0.021121886 
430 492 40 39 0.020944279 
534 315 12 16 0.020934528 
258 330 15 20 0.02075367 
971 201 17 20 0.020663556 
30 286 10 13 0.020512985 
145 417 52 66 0.020262992 
486 313 11 13 0.020227272 
295 182 14 19 0.020209594 
470 357 15 20 0.020206532 
309 396 37 39 0.020105848 
507 305 14 18 0.020099089 
190 314 15 18 0.02007416 
