9_Press_Conference_Press_Conference_9_258
19
276 363 482 599 0.9999677 
338 85 437 497 0.48281237 
249 624 536 591 0.3953284 
213 1457 469 473 0.36908737 
54 782 380 526 0.12423947 
-43 902 367 513 0.11601077 
221 146 395 533 0.088636816 
160 1052 395 538 0.078624845 
358 1333 29 38 0.077295564 
479 319 354 503 0.06879497 
542 1079 313 469 0.063029416 
361 1308 390 466 0.062763736 
504 867 372 503 0.05946425 
301 962 406 508 0.042201288 
330 1539 276 318 0.03903151 
519 1463 396 545 0.028248927 
164 1092 214 366 0.02297335 
128 1419 351 428 0.021742262 
671 1290 105 185 0.02128539 
