9_Press_Conference_Press_Conference_9_332
18
210 531 472 610 0.9944031 
402 497 479 574 0.963157 
238 781 561 565 0.9522681 
155 212 568 610 0.6779382 
566 192 419 570 0.37788296 
430 1008 442 514 0.22333032 
371 56 440 525 0.1214167 
194 22 442 524 0.12133246 
577 1260 229 341 0.10535327 
32 13 85 92 0.07283792 
716 1334 117 213 0.06425529 
115 433 384 517 0.046942953 
39 216 407 551 0.026941173 
548 1198 400 508 0.025083825 
178 671 112 126 0.024120022 
456 739 544 551 0.021372627 
203 675 67 71 0.020409448 
660 172 251 347 0.02027567 
