9_Press_Conference_Press_Conference_9_636
18
224 338 464 570 0.9998543 
758 1014 224 309 0.879177 
260 630 439 484 0.73360443 
542 1070 353 498 0.6663272 
723 934 384 474 0.21602127 
398 1104 325 472 0.21187125 
233 1200 242 260 0.20193703 
195 833 404 472 0.11863142 
340 1229 151 150 0.07591991 
388 790 373 417 0.060730573 
171 -85 483 555 0.04905168 
570 880 397 461 0.044170484 
510 595 406 503 0.039913815 
127 1123 390 428 0.03475064 
356 1209 230 297 0.031107435 
259 90 491 543 0.027647253 
657 1041 241 320 0.024856852 
109 958 345 407 0.024560804 
