15_Stock_Market_Stock_Market_15_286
71
622 219 54 70 0.9984427 
689 132 88 114 0.99718934 
488 249 36 42 0.9075539 
568 275 19 20 0.2893574 
534 417 22 33 0.27149078 
861 147 13 15 0.22651446 
119 379 28 37 0.2103616 
345 355 37 41 0.1970875 
920 247 47 65 0.116195865 
488 237 26 33 0.10568876 
378 85 17 22 0.10076223 
422 233 25 33 0.09513477 
378 3 16 19 0.093198955 
580 488 15 18 0.09158569 
467 449 15 20 0.07664669 
505 437 27 27 0.068907306 
542 412 23 34 0.060512 
91 390 16 20 0.056063365 
468 109 14 17 0.05564016 
374 8 14 18 0.05283928 
205 236 63 47 0.049992517 
439 195 13 15 0.048835948 
309 210 13 17 0.043491013 
693 197 32 44 0.03997626 
908 221 35 42 0.039005037 
382 110 12 15 0.038811833 
516 426 27 34 0.037680537 
565 519 30 37 0.03641338 
831 211 53 58 0.035738893 
554 403 23 34 0.03504103 
906 257 42 48 0.03374202 
843 166 14 18 0.03363027 
553 0 41 35 0.032582927 
430 157 11 16 0.031402033 
412 247 16 20 0.03132203 
606 257 15 19 0.030420013 
774 161 38 45 0.029883001 
405 238 11 15 0.029756047 
455 437 11 16 0.02965684 
793 548 132 118 0.0290459 
558 406 14 19 0.028915918 
380 247 13 16 0.02858237 
461 442 15 20 0.027137328 
514 255 18 23 0.026813388 
837 165 25 30 0.026739348 
901 584 38 41 0.026634453 
905 238 38 45 0.02592491 
858 143 23 25 0.02567208 
837 168 15 19 0.025332926 
459 267 13 16 0.024612276 
641 0 17 21 0.024223646 
868 206 51 60 0.023978954 
568 274 29 35 0.022683442 
387 367 16 20 0.022404747 
311 209 21 27 0.022387516 
365 -1 26 27 0.022320988 
804 184 43 66 0.022176348 
476 179 14 17 0.022113815 
381 109 20 28 0.022104388 
324 217 15 18 0.02183898 
396 266 27 32 0.02177294 
-11 480 72 116 0.021579916 
478 257 28 35 0.021491377 
557 497 48 61 0.021197565 
424 173 10 13 0.02108143 
295 215 54 57 0.021023313 
524 409 25 32 0.020642268 
867 153 14 17 0.020383155 
423 150 10 13 0.020304605 
503 436 45 54 0.020153133 
517 79 30 38 0.020081986 
