15_Stock_Market_Stock_Market_15_554
33
501 204 82 110 0.99569017 
223 82 161 207 0.9860823 
349 108 88 128 0.97607815 
-7 170 77 115 0.8785752 
688 222 27 38 0.58325607 
641 254 45 57 0.3029511 
736 257 25 33 0.1001332 
706 229 16 26 0.07911025 
749 253 13 18 0.0771444 
16 159 55 78 0.054184504 
791 214 13 15 0.051660676 
51 391 208 248 0.05088513 
-18 106 145 220 0.042719934 
114 176 18 20 0.041516356 
116 167 35 36 0.0414271 
797 29 118 151 0.03902461 
718 274 30 38 0.031570133 
191 109 35 54 0.030008154 
573 191 32 46 0.029894328 
571 16 49 62 0.029082397 
743 212 14 18 0.02753418 
744 263 15 20 0.027455553 
600 138 45 57 0.026429567 
646 380 35 46 0.024964804 
713 225 16 23 0.024786463 
583 173 43 55 0.024628168 
291 107 128 165 0.023010986 
682 209 27 35 0.022715611 
708 28 62 72 0.021494051 
624 237 76 93 0.020330003 
737 155 12 14 0.020279713 
658 262 33 39 0.020134259 
779 83 181 215 0.020057812 
