15_Stock_Market_Stock_Market_15_569
67
230 373 46 61 0.99868363 
322 438 31 38 0.99829847 
184 440 54 66 0.9960227 
65 350 89 110 0.9924759 
402 434 20 26 0.96853405 
466 463 17 23 0.968156 
392 471 20 27 0.9392254 
24 316 91 154 0.8313118 
362 456 21 25 0.824093 
-14 277 95 195 0.7922702 
107 369 64 83 0.6865145 
661 142 30 36 0.13495055 
565 557 32 45 0.083214775 
454 448 12 14 0.071888804 
627 390 12 15 0.0665631 
371 459 23 31 0.05430721 
209 315 29 40 0.04736295 
936 523 11 13 0.046621524 
481 445 12 15 0.04634894 
395 495 14 19 0.043380916 
460 452 12 15 0.04047764 
388 456 14 20 0.038362227 
163 654 23 35 0.03402012 
916 587 13 15 0.03375381 
993 613 28 35 0.033504426 
484 451 11 14 0.03346921 
132 386 41 54 0.03304262 
390 444 12 17 0.03218791 
448 485 13 16 0.031775583 
685 522 45 60 0.03169602 
703 396 11 14 0.030409561 
-3 419 45 78 0.02997196 
461 446 11 14 0.028434109 
1 349 58 123 0.028303934 
910 595 12 14 0.027847134 
645 399 15 19 0.02764192 
542 575 56 66 0.027576318 
701 525 27 35 0.027550627 
652 394 16 19 0.027372045 
709 251 12 15 0.027175268 
738 492 10 13 0.02693624 
643 456 15 19 0.026735462 
330 427 28 38 0.026463056 
470 456 13 17 0.026040953 
478 452 13 17 0.025867185 
939 515 11 15 0.025554638 
644 441 14 19 0.025205132 
733 377 13 16 0.024972774 
699 121 30 39 0.02473858 
390 458 24 31 0.024168301 
910 584 22 25 0.024004342 
720 380 13 16 0.023823837 
879 536 8 10 0.02373458 
645 409 13 16 0.023302997 
431 427 12 16 0.023219377 
646 389 27 31 0.023016823 
912 531 12 15 0.022863688 
523 496 27 29 0.022704285 
622 388 22 27 0.022526348 
535 385 16 18 0.021449547 
357 432 15 21 0.021403953 
447 437 10 13 0.021123165 
967 621 13 16 0.021089785 
911 602 10 14 0.02069174 
162 634 31 46 0.020333806 
589 464 15 17 0.020328768 
477 441 20 25 0.020156726 
