15_Stock_Market_Stock_Market_15_706
61
324 172 178 237 0.99883324 
159 299 25 36 0.8237222 
124 315 31 38 0.5264274 
702 158 50 50 0.3549589 
698 314 22 25 0.29658213 
681 340 29 39 0.25437444 
664 51 26 29 0.1558277 
801 288 16 22 0.14986777 
709 108 32 37 0.10338884 
74 366 18 23 0.10287095 
756 290 47 57 0.099794365 
962 172 57 100 0.07798625 
830 259 13 16 0.06863643 
96 314 30 34 0.06699408 
145 302 28 37 0.066046864 
690 318 31 38 0.06596964 
101 359 25 30 0.055759843 
761 41 12 15 0.053396568 
143 251 23 35 0.053182505 
653 315 23 31 0.05248742 
109 314 33 37 0.04823675 
780 34 17 21 0.04700289 
826 1 15 16 0.044989713 
635 112 16 21 0.040489785 
514 55 63 82 0.040336154 
9 32 49 74 0.036926597 
975 442 13 17 0.03676743 
637 88 32 41 0.036103483 
697 98 16 20 0.034332417 
852 282 26 37 0.0342402 
667 319 40 50 0.03348522 
1007 438 12 18 0.033140276 
825 273 14 17 0.031925652 
132 306 27 35 0.031157784 
737 564 32 57 0.030234503 
977 473 16 21 0.030178111 
773 -1 18 14 0.028793134 
691 332 34 42 0.027886854 
806 262 13 16 0.026656797 
104 303 28 35 0.026141588 
827 265 15 18 0.02571403 
208 174 8 12 0.025677444 
186 372 30 31 0.025304975 
156 279 30 42 0.025279453 
743 66 32 41 0.024822628 
683 309 30 33 0.024810836 
103 283 12 15 0.024649149 
728 -8 329 446 0.023883447 
162 289 41 51 0.023709897 
-17 13 171 245 0.02320335 
497 37 107 123 0.022969313 
802 2 13 14 0.021973368 
888 301 26 37 0.021881668 
762 31 23 28 0.02133503 
529 339 129 165 0.021117322 
686 139 83 81 0.020793473 
686 90 27 33 0.020727072 
96 336 27 34 0.020672657 
796 276 25 31 0.020142918 
777 159 27 33 0.020122673 
133 308 17 20 0.020007381 
