47_Matador_Bullfighter_matadorbullfighting_47_236
287
389 271 95 115 0.99799144 
388 189 23 29 0.91289574 
68 196 16 21 0.911506 
716 107 19 23 0.90531296 
34 191 17 23 0.8830844 
387 138 17 20 0.87252 
111 195 15 20 0.80449843 
350 195 22 27 0.80350554 
829 127 23 27 0.76392287 
126 180 14 17 0.69708616 
154 138 17 19 0.6648063 
266 206 18 21 0.6584075 
749 47 15 19 0.6227555 
600 186 25 28 0.6036614 
437 127 16 20 0.5339649 
160 178 14 17 0.47540817 
681 44 12 16 0.44855857 
418 125 14 17 0.4373969 
391 955 246 304 0.40668494 
94 185 12 15 0.40655524 
589 127 16 21 0.3971936 
363 179 21 25 0.38321915 
86 108 15 18 0.34137708 
703 180 13 15 0.3100237 
545 205 19 23 0.29613623 
793 118 16 20 0.27004775 
947 50 13 16 0.25189766 
279 120 17 20 0.25162697 
54 209 15 19 0.20819892 
728 181 12 15 0.19765502 
486 1038 228 335 0.18524897 
61 170 12 15 0.15518653 
384 144 16 20 0.1460861 
269 72 13 18 0.13798767 
233 206 16 19 0.13681096 
730 185 14 18 0.12932973 
158 186 14 16 0.12788247 
454 184 24 29 0.12128437 
713 211 12 15 0.11862332 
355 187 23 28 0.11381259 
102 211 12 16 0.106237754 
794 128 16 19 0.1057006 
856 158 11 15 0.09518905 
69 171 11 13 0.09278852 
121 174 13 16 0.08981528 
159 196 12 15 0.08931614 
223 258 10 13 0.086733885 
427 124 19 24 0.08595735 
97 157 9 12 0.0855659 
779 120 13 18 0.08477588 
637 170 11 16 0.08282351 
994 98 17 22 0.08230057 
682 74 12 17 0.08009157 
81 149 9 11 0.08004572 
841 129 15 19 0.077949785 
962 82 12 16 0.07637589 
645 169 14 16 0.07483339 
62 200 16 21 0.07408734 
436 152 16 20 0.07201706 
89 186 11 15 0.07173755 
629 168 15 21 0.07129678 
908 143 13 16 0.07049825 
386 205 17 22 0.06962384 
388 145 23 27 0.069496125 
777 99 16 18 0.06849702 
86 148 9 12 0.06694636 
515 118 24 30 0.06576058 
153 133 14 17 0.06498355 
637 184 13 20 0.06378068 
99 186 12 16 0.063432544 
418 189 13 17 0.063234165 
582 123 13 21 0.0626519 
613 174 26 33 0.061833017 
173 570 16 17 0.060582723 
277 75 12 17 0.057379343 
110 142 9 12 0.05718927 
103 148 9 12 0.05619597 
81 158 8 11 0.055487067 
384 132 16 20 0.055447575 
156 259 11 14 0.055395678 
741 87 23 26 0.05533951 
260 180 41 50 0.053530097 
118 165 9 12 0.053505532 
372 215 16 19 0.052895617 
164 203 13 17 0.05266643 
79 165 10 12 0.05236786 
702 172 22 26 0.052002437 
110 148 10 13 0.050880224 
122 195 14 18 0.04999053 
683 188 12 16 0.049909167 
64 150 9 11 0.049810085 
563 142 15 19 0.049675606 
602 129 15 20 0.049646486 
455 160 14 19 0.04952955 
57 168 10 13 0.049301818 
259 1173 24 28 0.04832252 
401 194 16 19 0.04827307 
198 180 9 12 0.0481809 
643 184 14 18 0.047551293 
465 188 17 22 0.04722802 
196 582 17 18 0.047220167 
476 184 24 33 0.046672877 
630 190 14 20 0.046502262 
162 146 12 14 0.046448354 
102 173 12 14 0.046042666 
191 157 11 13 0.04600832 
523 115 15 20 0.045587912 
780 112 21 26 0.04550365 
317 202 23 27 0.044946257 
43 179 14 17 0.043641634 
196 148 10 12 0.04338139 
87 165 9 12 0.043287236 
248 60 17 18 0.043091517 
269 402 99 114 0.043078866 
152 145 13 15 0.043050222 
78 182 10 12 0.0429168 
879 106 12 13 0.042606063 
560 987 193 262 0.042526152 
624 182 25 33 0.042389434 
185 238 9 11 0.042275142 
190 128 11 15 0.041686416 
190 548 14 16 0.041375846 
119 158 8 11 0.041014563 
174 130 11 15 0.040528193 
736 91 14 18 0.040295612 
543 106 12 17 0.04001088 
93 122 10 14 0.040006284 
215 181 10 13 0.03965685 
79 143 10 14 0.039031956 
343 200 16 20 0.038289614 
580 132 21 28 0.037918966 
929 85 11 15 0.03781371 
128 157 9 12 0.03759526 
488 285 11 14 0.03736009 
96 149 9 11 0.0372527 
571 877 350 450 0.037057556 
119 151 9 11 0.03672247 
381 211 15 19 0.036641423 
816 165 12 15 0.03653971 
87 157 8 11 0.036409892 
36 182 15 18 0.035741404 
71 147 9 12 0.035416316 
751 200 11 13 0.035353012 
190 106 11 15 0.035057638 
719 76 11 14 0.034926157 
152 119 9 10 0.03483823 
291 124 12 16 0.03468119 
105 142 10 12 0.034501705 
483 194 15 21 0.034187842 
404 159 19 22 0.033988267 
10 210 15 18 0.03396607 
152 188 11 13 0.03386348 
944 56 12 15 0.03384833 
393 133 14 18 0.033481773 
469 155 13 18 0.033303052 
52 179 12 16 0.033069514 
612 120 13 18 0.0329391 
826 131 13 17 0.032638513 
698 181 11 13 0.032559857 
718 181 11 14 0.032345243 
594 175 40 48 0.03211195 
859 162 12 15 0.031866122 
627 177 16 21 0.03178362 
716 129 16 19 0.031543415 
237 118 12 16 0.031525955 
103 132 10 13 0.03083527 
-1 186 7 17 0.030828347 
569 140 19 25 0.030439943 
221 165 24 28 0.030381924 
157 167 12 15 0.030368865 
781 271 12 18 0.02981574 
774 129 15 17 0.0297698 
215 172 11 14 0.029547019 
710 185 12 15 0.029530315 
428 154 25 30 0.029413009 
87 179 20 24 0.029344615 
103 126 10 13 0.029276242 
717 189 12 15 0.029251276 
406 188 21 25 0.029227994 
175 189 10 13 0.029184422 
684 62 11 13 0.029129958 
191 140 11 16 0.029000644 
152 126 10 13 0.028995132 
932 88 13 16 0.028793614 
357 172 14 18 0.02865673 
619 185 16 21 0.028596679 
221 211 11 14 0.028509688 
874 102 10 14 0.028404197 
1000 805 24 47 0.028244631 
144 134 10 13 0.028191548 
403 217 27 31 0.028180314 
155 128 13 15 0.027938021 
109 173 11 14 0.027899142 
94 163 10 13 0.027667206 
77 208 13 18 0.02762579 
1010 129 12 18 0.027504036 
106 200 22 25 0.02734165 
71 180 11 13 0.0272548 
580 148 15 19 0.027145354 
112 156 10 12 0.027126824 
330 808 419 494 0.027047241 
436 184 15 18 0.027013082 
459 182 16 19 0.026974093 
182 188 10 13 0.02692593 
326 199 22 27 0.026219077 
660 218 11 14 0.026135573 
599 246 13 17 0.026126582 
442 135 17 21 0.026095727 
53 166 18 24 0.0260824 
454 162 26 31 0.026058132 
731 175 12 15 0.026055483 
134 163 10 13 0.02605369 
753 90 16 17 0.025934521 
128 150 8 12 0.025799386 
393 196 28 32 0.025786601 
419 138 14 19 0.025725095 
40 188 16 20 0.025687754 
63 156 9 11 0.025620451 
611 179 18 21 0.025590932 
195 173 12 15 0.025411442 
326 169 12 16 0.025299711 
483 208 15 19 0.02521543 
273 176 31 34 0.025136985 
388 127 15 18 0.025090203 
716 183 22 26 0.024772258 
163 132 13 16 0.024710469 
604 122 15 20 0.024701709 
76 172 11 14 0.024669876 
442 160 15 19 0.024653267 
413 145 13 16 0.024590226 
684 183 10 13 0.024205508 
620 169 18 23 0.023972252 
358 177 16 21 0.023936886 
231 119 11 15 0.023778502 
48 156 9 11 0.023656325 
10 203 15 17 0.023612339 
445 187 15 19 0.023589123 
538 102 21 27 0.02328278 
20 204 12 16 0.023276264 
856 117 11 15 0.023104291 
531 116 14 19 0.02306903 
5 214 23 27 0.02304077 
125 186 19 25 0.023037188 
800 117 14 17 0.023027144 
155 191 21 26 0.022894576 
322 198 15 18 0.022803498 
188 581 17 18 0.022780256 
135 150 10 12 0.022729237 
483 161 13 16 0.022482442 
87 171 11 14 0.022422228 
590 180 14 18 0.022349017 
216 132 11 14 0.022341767 
216 188 10 12 0.022303125 
742 184 11 13 0.022265078 
443 147 15 19 0.022226984 
215 212 11 13 0.022224076 
751 182 10 12 0.02222226 
790 271 10 16 0.022182677 
412 157 25 30 0.021970017 
299 208 16 21 0.02186773 
891 166 22 26 0.021636115 
95 132 10 13 0.021564623 
415 184 21 27 0.021554409 
374 147 13 17 0.021461213 
956 52 12 17 0.021391671 
143 126 10 13 0.021353835 
334 181 13 17 0.021274678 
142 148 11 14 0.02117943 
216 563 17 18 0.021147804 
998 105 21 32 0.021112245 
437 120 12 15 0.021052152 
382 185 17 22 0.020807404 
802 131 13 17 0.0207987 
604 181 18 21 0.020750917 
131 174 12 15 0.020700738 
687 247 9 13 0.02059586 
755 53 14 18 0.020556312 
134 157 10 13 0.020545736 
853 154 22 25 0.0205404 
157 118 10 11 0.020504028 
255 203 24 30 0.020489786 
572 612 177 293 0.020483239 
446 122 22 27 0.020440886 
351 171 11 16 0.020389443 
55 157 8 10 0.020231038 
1012 116 12 18 0.020220766 
814 158 23 28 0.020070512 
