47_Matador_Bullfighter_Matador_Bullfighter_47_874
17
648 230 128 206 0.99720395 
281 232 131 210 0.98947537 
545 0 41 40 0.83133554 
21 498 227 373 0.7094513 
365 497 168 259 0.28811774 
4 402 408 542 0.12730365 
202 460 349 450 0.0981975 
498 129 76 126 0.055212244 
507 118 45 77 0.046990354 
299 191 113 153 0.03988263 
105 437 220 306 0.030334126 
487 443 367 481 0.028781228 
553 2 22 27 0.025082879 
524 120 39 51 0.025035454 
71 454 138 200 0.025006087 
577 70 48 58 0.021110184 
826 142 15 19 0.020760695 
