47_Matador_Bullfighter_Matador_Bullfighter_47_254
25
450 95 131 163 0.99925476 
335 199 60 76 0.14302282 
663 295 417 450 0.09744144 
742 572 25 35 0.07355478 
748 580 16 22 0.067797326 
342 413 12 15 0.045855768 
729 548 46 65 0.040981803 
671 587 101 121 0.038978044 
431 117 30 39 0.038491968 
649 449 202 285 0.03639613 
709 449 124 142 0.034037188 
11 296 428 417 0.031851836 
726 577 29 40 0.030125253 
338 236 69 82 0.027915975 
754 435 130 144 0.02720462 
322 407 16 18 0.026142335 
704 535 52 77 0.025457483 
320 218 35 53 0.024754385 
709 577 33 42 0.02447962 
812 454 113 123 0.024021538 
697 490 95 129 0.023631332 
729 345 242 248 0.022424731 
698 582 59 85 0.022014169 
692 561 33 52 0.021230387 
978 564 48 85 0.02115586 
