47_Matador_Bullfighter_matadorbullfighting_47_207
114
923 480 15 20 0.8754053 
380 418 21 26 0.8701316 
884 484 18 22 0.85045373 
745 425 17 22 0.85041505 
576 402 19 22 0.64381975 
916 540 11 13 0.48833445 
602 469 17 22 0.45213243 
398 493 22 30 0.27211133 
839 542 11 13 0.23362751 
872 521 10 12 0.2333659 
722 492 16 19 0.22567439 
60 340 17 20 0.2053022 
374 418 17 23 0.17115179 
474 429 15 21 0.16142114 
411 444 21 29 0.1541774 
820 483 15 20 0.11397351 
443 434 12 16 0.09224276 
412 432 14 17 0.09025416 
409 502 24 36 0.081595704 
782 470 12 16 0.075159244 
394 423 17 21 0.07429895 
454 436 15 17 0.06927745 
403 427 17 21 0.0691508 
460 432 16 20 0.065335736 
522 670 222 330 0.06416737 
249 416 17 23 0.061940677 
796 483 14 18 0.059721973 
730 491 13 17 0.058734525 
826 490 13 17 0.056488685 
412 516 26 36 0.056130424 
903 470 11 13 0.05277722 
236 423 16 23 0.051644426 
862 497 13 16 0.0470628 
790 484 13 18 0.046906345 
643 541 14 19 0.046878073 
723 476 15 16 0.04379796 
1003 475 17 22 0.043772146 
537 477 10 14 0.04373352 
242 421 18 23 0.041551016 
835 535 22 28 0.040873896 
771 450 12 17 0.039922096 
503 478 13 17 0.03975166 
79 358 12 16 0.03736756 
439 413 11 13 0.035579693 
774 469 13 17 0.035261128 
652 572 24 28 0.035255205 
576 372 11 12 0.03518599 
657 485 12 15 0.035118144 
253 520 11 13 0.035091516 
455 414 11 14 0.034962375 
622 476 10 16 0.03379614 
719 478 12 14 0.033287376 
340 456 40 51 0.032859206 
471 422 12 16 0.032070942 
495 549 11 14 0.031119272 
788 525 11 13 0.030830868 
534 459 11 15 0.030485835 
528 477 9 13 0.030061953 
404 444 17 21 0.029602392 
175 462 9 13 0.029467909 
632 529 40 51 0.029313872 
781 484 13 18 0.029303309 
765 473 13 16 0.02928113 
774 492 11 17 0.028847186 
597 780 16 21 0.028805984 
387 508 26 37 0.028724888 
556 417 13 16 0.028718928 
374 491 43 51 0.028467337 
461 420 13 17 0.02796838 
638 501 9 11 0.026879413 
589 469 25 30 0.026664399 
612 548 12 14 0.026556358 
230 426 13 20 0.02621162 
101 542 428 501 0.02594534 
767 443 14 20 0.02578012 
787 445 12 15 0.025760934 
890 479 13 17 0.025734866 
742 469 12 14 0.025587888 
719 474 23 29 0.025444703 
589 482 11 15 0.0251639 
422 496 26 39 0.025119139 
614 510 10 13 0.024704732 
508 476 13 16 0.024596196 
55 371 10 13 0.024001474 
768 492 12 17 0.023893954 
477 463 12 15 0.023818847 
787 469 12 15 0.023737285 
640 541 24 30 0.023701284 
909 492 11 15 0.023549229 
386 471 39 52 0.02305427 
604 437 11 14 0.023031943 
419 464 13 18 0.022723421 
593 367 10 11 0.022713175 
734 468 13 15 0.022643168 
717 485 15 19 0.022578202 
331 444 13 17 0.022496771 
550 418 13 14 0.022382148 
803 487 14 20 0.022160947 
400 455 27 37 0.02210725 
955 812 29 36 0.022026008 
912 532 19 23 0.022001104 
445 420 13 14 0.02164663 
472 468 12 15 0.021548098 
218 467 29 41 0.021143537 
754 430 15 20 0.021027716 
457 420 22 29 0.021003114 
632 502 10 11 0.020793473 
371 512 29 36 0.02057017 
878 552 9 11 0.020481102 
409 432 23 29 0.020122573 
895 470 22 27 0.020117005 
440 406 10 13 0.020110084 
151 585 231 264 0.020096876 
603 787 127 177 0.020066949 
