47_Matador_Bullfighter_Matador_Bullfighter_47_171
19
113 188 216 120 0.9792422 
368 511 160 151 0.75089645 
249 294 364 464 0.25461257 
336 423 216 211 0.25396836 
142 225 132 125 0.17120078 
133 89 231 270 0.12981501 
64 402 37 34 0.06953314 
331 315 514 527 0.06669824 
450 366 115 161 0.047267623 
575 256 444 519 0.046279926 
647 677 32 27 0.03493103 
201 510 28 30 0.027767858 
166 146 136 132 0.02707032 
899 78 17 20 0.026273642 
680 30 421 407 0.025509631 
437 370 68 96 0.025215982 
1012 151 10 14 0.024214877 
929 485 51 65 0.023579733 
123 437 29 30 0.02181937 
