47_Matador_Bullfighter_matadorbullfighting_47_19
19
564 44 58 67 0.9978109 
380 323 223 267 0.35121018 
612 100 84 103 0.32579172 
508 369 246 293 0.30461282 
335 220 383 481 0.28291422 
210 309 252 300 0.18794796 
617 426 142 131 0.13165393 
434 399 132 140 0.09379459 
630 81 97 93 0.0623068 
433 239 145 115 0.051207352 
214 348 118 132 0.037329867 
631 169 57 65 0.036309034 
634 205 32 33 0.034333788 
185 176 387 497 0.032964718 
665 91 46 50 0.032732785 
605 311 116 168 0.032411963 
474 447 71 70 0.032137726 
575 116 13 15 0.021310112 
640 420 94 86 0.021210749 
