47_Matador_Bullfighter_Matador_Bullfighter_47_631
33
734 84 37 61 0.93683 
620 452 98 120 0.4956927 
92 47 15 20 0.29810172 
556 53 21 27 0.2153036 
720 12 21 26 0.18252529 
255 301 48 63 0.1065518 
320 249 42 44 0.08115021 
765 2 24 27 0.07735217 
370 48 54 56 0.06125966 
984 69 17 22 0.049533553 
569 7 16 19 0.04701609 
250 -1 18 17 0.038817942 
154 -48 361 489 0.037532788 
151 54 14 20 0.03538839 
449 398 119 146 0.035126418 
342 26 96 96 0.034576856 
180 0 16 16 0.033017248 
802 189 12 17 0.031451337 
498 4 21 23 0.030879509 
641 123 351 484 0.03077183 
123 -2 16 15 0.03052417 
251 320 30 37 0.029381799 
198 53 23 29 0.029105859 
363 126 66 63 0.027940968 
926 62 12 14 0.027482178 
801 91 28 42 0.027215462 
248 283 84 103 0.02698002 
883 18 14 17 0.026313342 
571 339 189 231 0.025408551 
343 295 366 437 0.023887323 
779 100 42 58 0.02385895 
75 110 17 21 0.022274738 
778 463 24 30 0.020237628 
