47_Matador_Bullfighter_matadorbullfighting_47_42
62
220 95 46 59 0.9910063 
160 86 36 56 0.6718663 
269 100 31 36 0.29573146 
528 0 26 22 0.24425498 
99 -1 17 15 0.14717816 
793 31 19 23 0.12973224 
150 -1 29 22 0.12161245 
80 0 20 20 0.1142128 
247 147 26 33 0.06613653 
797 503 57 58 0.06144859 
713 -1 18 15 0.061366502 
531 14 16 19 0.058001023 
945 0 39 35 0.056285713 
805 -3 23 22 0.048559815 
813 14 15 18 0.04826716 
778 4 15 18 0.047672056 
425 3 52 53 0.045144442 
185 149 28 34 0.043004468 
125 0 15 13 0.0413945 
612 11 57 53 0.041169733 
323 7 17 18 0.041128814 
175 95 30 42 0.04102795 
373 46 13 16 0.040736757 
690 24 19 23 0.03551836 
85 -1 28 27 0.035164356 
775 10 15 19 0.035076723 
317 10 14 16 0.03398067 
659 9 16 20 0.03347138 
254 103 29 39 0.032906793 
350 19 12 13 0.032632433 
702 -1 17 13 0.03214169 
579 2 16 18 0.031663995 
166 -1 22 19 0.031349774 
606 26 30 41 0.0306141 
531 673 15 17 0.029854398 
499 411 70 83 0.02905217 
845 17 22 28 0.028772114 
594 0 96 89 0.02813161 
247 75 30 37 0.027528815 
139 1 24 23 0.027416933 
131 0 16 18 0.02664699 
971 525 31 41 0.026109833 
706 15 16 20 0.025826244 
153 6 18 19 0.025650708 
631 -2 29 23 0.025142306 
236 81 35 43 0.025133085 
527 8 17 18 0.024920229 
274 78 35 43 0.024681214 
172 76 30 44 0.023790969 
650 11 26 30 0.023632938 
809 3 26 30 0.023604501 
200 10 49 54 0.022025501 
789 36 16 21 0.022018036 
411 9 17 20 0.022003045 
208 4 27 32 0.02186088 
66 0 23 24 0.021815106 
619 15 32 37 0.021453762 
634 17 31 37 0.021452896 
217 0 47 46 0.0214106 
79 7 15 19 0.021075675 
828 381 95 115 0.020242913 
571 663 63 65 0.020156646 
