47_Matador_Bullfighter_matadorbullfighting_47_936
26
649 18 82 112 0.98872966 
787 305 15 20 0.10440828 
64 36 227 292 0.09370461 
818 217 33 41 0.070730925 
640 260 14 16 0.068832725 
-30 7 420 434 0.045890998 
764 338 12 14 0.044413105 
732 409 12 14 0.040893756 
854 346 14 20 0.034868784 
772 253 11 15 0.03428303 
186 212 219 207 0.033204786 
274 501 61 54 0.03318602 
618 277 10 12 0.032827076 
703 244 12 13 0.0272069 
750 341 9 11 0.026199427 
600 221 11 15 0.024967799 
108 223 12 11 0.024209086 
791 293 13 18 0.023864457 
673 278 9 12 0.023706364 
652 221 12 16 0.022721846 
751 335 10 12 0.021743665 
785 301 25 31 0.021690091 
700 293 10 12 0.02160553 
830 347 14 19 0.021549545 
722 384 8 10 0.02060015 
337 469 55 67 0.020381212 
