47_Matador_Bullfighter_matadorbullfighting_47_354
21
677 398 157 196 0.08267973 
646 336 23 33 0.05776441 
666 333 47 65 0.053269614 
741 390 111 133 0.04549177 
922 426 14 18 0.04021257 
629 600 24 29 0.04019477 
908 446 10 13 0.039133206 
616 385 96 134 0.03909945 
150 514 137 117 0.038438056 
672 344 54 89 0.036117774 
671 524 25 31 0.029386237 
959 464 15 20 0.028983852 
263 264 55 59 0.028631419 
661 338 29 44 0.026309874 
612 313 308 421 0.025421213 
908 452 11 13 0.025274007 
657 373 54 87 0.024512539 
685 249 43 52 0.022106217 
172 287 167 197 0.022090375 
636 391 55 83 0.020612407 
105 544 155 124 0.020415405 
