47_Matador_Bullfighter_matadorbullfighting_47_300
115
817 340 31 30 0.9948908 
227 545 33 32 0.9786168 
93 473 32 39 0.9748316 
840 99 25 30 0.9699767 
926 356 35 41 0.96220005 
12 157 24 31 0.92942345 
9 0 22 28 0.6378505 
991 298 31 39 0.2549664 
485 279 42 51 0.24016583 
170 -1 74 69 0.2194633 
134 549 29 26 0.20875128 
174 538 22 27 0.19766267 
638 45 93 110 0.1905738 
37 266 26 26 0.18382396 
437 123 136 125 0.16753276 
825 16 27 32 0.16693698 
911 23 56 63 0.14422487 
26 159 25 28 0.13852493 
547 400 14 16 0.13370581 
818 2 17 20 0.1024128 
75 249 15 20 0.101407245 
408 70 188 227 0.09830489 
45 313 16 24 0.09829409 
832 6 27 30 0.09794011 
122 302 24 27 0.09265936 
844 93 18 23 0.0848361 
61 347 16 20 0.084268734 
245 125 92 105 0.08250043 
898 436 14 19 0.076229624 
784 0 29 27 0.07103423 
2 95 16 26 0.066232115 
383 335 34 42 0.06399636 
806 0 27 28 0.06372226 
52 305 16 25 0.05831606 
0 92 11 20 0.05740843 
840 3 21 21 0.053413168 
10 106 14 17 0.05101607 
123 539 28 34 0.050792955 
243 -1 35 38 0.047348548 
859 559 18 17 0.047143612 
29 265 18 23 0.046457876 
597 3 29 37 0.046305787 
179 533 16 20 0.045370568 
44 375 15 18 0.044395648 
249 227 113 127 0.042851113 
10 204 27 40 0.042683836 
133 183 47 58 0.042323515 
376 324 51 72 0.041539986 
465 121 79 80 0.040822737 
536 346 42 50 0.040003628 
487 159 78 71 0.036066573 
40 167 16 20 0.035726063 
478 157 114 140 0.035530165 
45 365 25 30 0.03546851 
134 529 28 35 0.03502414 
883 73 25 33 0.034869947 
109 470 26 38 0.03484381 
145 536 28 35 0.033683322 
632 39 67 71 0.033407826 
5 144 23 35 0.033313066 
620 328 40 48 0.033141058 
848 18 45 48 0.032107025 
76 473 32 38 0.032015923 
519 380 46 58 0.03189366 
169 3 34 34 0.03137449 
813 96 12 16 0.031071397 
246 158 111 126 0.030981902 
896 12 38 41 0.030528294 
489 154 203 247 0.029699601 
56 467 25 35 0.029682115 
2 114 25 36 0.029586649 
47 352 26 33 0.029504629 
829 98 16 23 0.0291784 
822 1 28 30 0.029062402 
257 -1 40 34 0.028948309 
780 8 15 19 0.028924575 
157 3 110 125 0.028869823 
71 246 14 18 0.028379153 
157 28 12 16 0.028127192 
17 392 16 21 0.027922101 
160 134 25 31 0.02772867 
278 166 58 68 0.027357679 
28 307 17 22 0.027192129 
1001 304 19 23 0.026858253 
155 122 16 19 0.026535714 
540 396 24 26 0.026326705 
806 3 42 47 0.026110094 
345 305 83 112 0.025820531 
879 0 30 27 0.02510812 
526 391 30 35 0.024607114 
40 320 21 30 0.024539975 
19 451 46 59 0.024289131 
8 380 23 29 0.024229065 
527 336 35 43 0.023957403 
133 147 31 36 0.02392289 
497 34 206 219 0.023918247 
583 0 33 32 0.022714688 
58 264 14 20 0.02241965 
587 3 89 112 0.021722443 
615 347 29 41 0.02154882 
599 22 47 58 0.021535924 
548 443 21 28 0.02138346 
962 61 28 31 0.021341443 
801 2 18 21 0.02130039 
15 138 25 38 0.021132652 
54 252 22 28 0.020995518 
898 75 14 21 0.020989684 
172 533 16 18 0.020958818 
399 360 53 69 0.02095878 
135 524 15 19 0.020737588 
833 3 48 49 0.020416334 
793 14 35 43 0.020257061 
70 253 14 20 0.02012584 
178 346 37 43 0.020108456 
350 378 30 45 0.02000985 
