47_Matador_Bullfighter_Matador_Bullfighter_47_583
76
384 161 246 327 0.9998585 
226 790 16 18 0.25287876 
212 588 14 18 0.1733869 
119 607 16 19 0.15441471 
124 648 26 34 0.13667893 
325 502 25 34 0.1310007 
892 610 12 15 0.107769646 
720 626 10 14 0.099317364 
285 553 15 19 0.09683945 
206 561 11 15 0.09638267 
804 830 15 20 0.0902644 
901 605 13 15 0.08661667 
374 697 59 67 0.07893168 
278 553 15 18 0.078650296 
312 532 13 18 0.06929474 
291 557 13 16 0.06824268 
683 514 16 21 0.064522095 
328 509 32 41 0.0624581 
334 529 12 17 0.05638388 
238 542 12 15 0.054888934 
247 565 12 16 0.052224133 
733 570 10 13 0.05141352 
283 848 28 37 0.046075266 
324 508 16 23 0.04379458 
722 621 12 16 0.04314766 
385 869 34 45 0.04202951 
774 546 12 15 0.041912407 
221 540 12 15 0.03999399 
770 582 16 22 0.038054705 
660 508 29 36 0.035978395 
187 615 15 19 0.0338427 
654 508 13 20 0.033441983 
761 574 27 34 0.03339816 
261 563 15 18 0.03268614 
678 529 13 16 0.031921968 
290 549 14 18 0.031823944 
861 605 12 15 0.03083184 
705 554 11 16 0.030624518 
709 550 12 16 0.030425495 
157 743 112 107 0.029607171 
315 524 13 18 0.029012367 
253 579 13 16 0.028883573 
251 564 16 18 0.028787153 
795 827 16 21 0.028403722 
270 557 13 15 0.027935745 
672 516 24 31 0.027598577 
654 502 23 34 0.02749861 
233 876 14 17 0.027367515 
690 507 14 20 0.027337827 
199 562 12 15 0.026517149 
240 578 10 14 0.026438294 
751 875 13 17 0.025517996 
721 724 29 42 0.02485669 
397 683 17 21 0.024756033 
313 517 23 32 0.024390288 
645 1059 15 18 0.02418191 
261 579 13 16 0.024147704 
100 706 42 66 0.024044065 
243 544 14 17 0.023816213 
339 500 27 37 0.023645189 
710 534 11 14 0.023556525 
389 682 37 39 0.022852734 
769 547 11 13 0.022467293 
751 575 11 13 0.022394553 
642 1051 26 32 0.022180837 
269 578 12 16 0.022143655 
325 647 14 18 0.02192133 
275 832 30 39 0.021857204 
128 631 28 39 0.021572623 
300 556 12 15 0.02140917 
236 556 24 29 0.0210851 
741 559 9 12 0.020975284 
310 531 21 29 0.020839134 
148 621 23 35 0.02082462 
226 540 15 17 0.020213835 
774 752 73 63 0.020202043 
