47_Matador_Bullfighter_matadorbullfighting_47_837
28
240 145 220 314 0.9997749 
-29 968 475 477 0.8498441 
944 561 17 23 0.12390329 
592 19 434 463 0.11168788 
192 993 394 417 0.09897679 
606 1220 74 74 0.06898475 
271 80 469 527 0.06468427 
1002 609 19 36 0.051021464 
179 1164 273 261 0.05066904 
409 537 394 510 0.04722475 
570 1195 493 535 0.044591583 
14 138 363 457 0.043883104 
193 588 426 465 0.035918813 
568 929 28 36 0.034095462 
905 607 25 30 0.032534555 
604 768 322 454 0.02994014 
513 403 485 551 0.02974425 
231 381 208 281 0.028937643 
867 686 22 25 0.028058335 
1003 679 20 34 0.02543992 
993 651 16 21 0.02527208 
455 -117 448 524 0.024676433 
789 682 17 21 0.02437073 
377 136 238 349 0.024062285 
157 306 364 451 0.024018766 
288 1207 156 160 0.022315923 
628 1100 29 43 0.022100734 
968 1321 49 109 0.020507233 
