47_Matador_Bullfighter_matadorbullfighting_47_511
1641
412 263 15 21 0.6661467 
991 96 8 10 0.5437614 
320 60 8 11 0.43269423 
917 109 8 11 0.41486737 
289 45 8 10 0.40488005 
66 79 8 10 0.4026237 
895 129 9 12 0.4021203 
950 150 8 11 0.39624864 
19 593 12 18 0.37909073 
143 39 7 10 0.37148145 
874 76 8 10 0.36479154 
177 87 7 10 0.3545825 
599 53 10 13 0.3101404 
833 88 8 10 0.3095437 
122 71 7 10 0.30618513 
771 547 11 14 0.28711343 
845 56 8 11 0.28622127 
440 5 8 10 0.28252673 
79 69 7 10 0.27760187 
971 133 9 12 0.26835316 
934 93 10 11 0.2677306 
148 580 10 14 0.26714393 
182 609 14 20 0.26617858 
426 16 8 9 0.25492132 
554 65 7 10 0.2536618 
306 81 8 9 0.2504908 
239 576 11 13 0.24963516 
698 28 9 11 0.24509 
665 91 9 12 0.24358982 
566 121 8 12 0.24321982 
960 116 9 11 0.23872772 
320 21 8 10 0.2373359 
1001 86 8 10 0.23644027 
871 39 7 10 0.23564164 
68 109 8 10 0.2344375 
3 585 15 20 0.23246858 
788 507 15 18 0.22881836 
6 73 8 10 0.22780147 
764 273 10 11 0.22185473 
406 29 8 9 0.22184834 
366 103 9 11 0.22153652 
967 63 7 10 0.21973158 
961 95 9 10 0.2187979 
950 501 13 15 0.21840806 
31 54 7 9 0.21835154 
105 61 7 9 0.21755612 
755 94 7 10 0.21669231 
913 46 7 9 0.21350197 
535 33 7 9 0.21324196 
155 69 7 10 0.21083008 
294 45 8 10 0.20750558 
954 76 8 11 0.20562276 
572 96 9 12 0.20518684 
725 570 13 17 0.20430163 
871 118 9 11 0.2028534 
88 24 7 9 0.2028223 
888 33 7 8 0.20212445 
32 71 8 9 0.2002785 
426 54 8 9 0.19781154 
939 576 13 18 0.19524182 
13 54 7 10 0.19517426 
111 550 9 12 0.194794 
760 589 14 17 0.19367729 
913 145 7 9 0.19309835 
71 565 13 18 0.19009596 
863 524 12 17 0.18830039 
637 296 10 12 0.18789096 
797 108 9 12 0.18631049 
22 142 9 11 0.18331848 
904 83 7 10 0.18316494 
471 48 7 8 0.182798 
728 68 8 10 0.18203534 
958 71 7 10 0.18121958 
77 563 13 20 0.18112415 
1005 614 15 25 0.17992486 
456 36 8 10 0.17959143 
82 118 7 10 0.17915794 
159 72 7 10 0.17867461 
809 90 6 8 0.17652543 
864 45 8 9 0.17417479 
850 112 8 11 0.17348425 
390 38 8 9 0.17275122 
747 65 6 8 0.17198342 
913 41 8 9 0.17065957 
176 57 6 8 0.17039698 
479 13 7 9 0.17038406 
782 64 7 8 0.17035691 
430 56 7 9 0.16954839 
935 86 10 11 0.16803132 
0 115 8 11 0.16666898 
150 572 11 15 0.16548061 
792 88 7 8 0.1651217 
770 102 8 11 0.1647431 
33 125 10 12 0.16405177 
958 169 9 10 0.16349158 
126 70 7 10 0.16323945 
406 84 8 10 0.16294439 
456 77 8 10 0.16178906 
131 606 16 20 0.15973663 
917 496 12 16 0.15559353 
855 30 8 10 0.15400565 
807 64 8 10 0.15353332 
924 556 12 17 0.15337591 
278 587 11 14 0.15264757 
866 517 13 16 0.15220626 
431 589 10 12 0.1507704 
48 30 8 11 0.15070327 
976 21 8 10 0.15019655 
838 87 7 10 0.14803483 
166 23 7 9 0.14628458 
784 36 9 11 0.14517145 
801 32 6 8 0.14421214 
935 108 8 11 0.14396822 
338 15 7 9 0.1431117 
322 17 7 9 0.14307615 
160 77 7 9 0.14290161 
574 301 24 33 0.14192727 
942 55 8 10 0.14182241 
751 22 7 10 0.1417918 
723 33 8 10 0.14163147 
81 32 7 9 0.14028278 
983 78 7 10 0.14013931 
101 17 9 10 0.14003645 
967 39 7 9 0.13978764 
880 110 8 11 0.1391311 
8 118 7 10 0.13887846 
359 88 9 10 0.13806498 
277 580 12 15 0.13780622 
888 95 10 11 0.13685794 
127 28 8 10 0.13662672 
962 15 8 10 0.13597783 
271 36 8 10 0.13455263 
103 21 8 11 0.13426599 
697 73 7 8 0.1336575 
866 41 8 10 0.13285056 
521 39 7 9 0.13176633 
111 103 7 9 0.13171476 
265 69 8 11 0.13087133 
32 95 9 11 0.12953065 
30 14 8 10 0.12901318 
383 48 7 9 0.12899907 
248 7 7 9 0.12880912 
472 69 7 9 0.128241 
814 559 15 19 0.12821697 
244 562 10 14 0.12747572 
56 95 7 9 0.12735412 
265 8 7 9 0.12681694 
344 14 8 10 0.12661138 
498 62 8 10 0.12658085 
361 92 9 12 0.12637562 
70 104 8 11 0.12617327 
161 15 8 9 0.1261004 
118 46 8 10 0.124972224 
401 81 8 10 0.12481977 
58 50 7 9 0.12446044 
145 16 6 8 0.124280125 
97 21 8 10 0.122942716 
936 103 8 10 0.12283448 
412 255 9 11 0.12239556 
65 85 8 10 0.12205547 
857 100 8 11 0.121879324 
298 54 7 10 0.120357476 
719 572 12 15 0.120325044 
344 63 8 10 0.11982263 
449 48 6 9 0.119522884 
910 55 8 11 0.11882465 
910 60 10 12 0.11840774 
934 572 14 18 0.11836581 
593 76 10 12 0.11830967 
10 48 6 9 0.116989285 
1004 126 9 12 0.11643542 
89 54 7 9 0.116302334 
239 69 7 9 0.11613376 
766 175 243 204 0.11517705 
13 588 15 20 0.113911316 
458 16 7 9 0.1123272 
458 33 8 10 0.11195282 
798 24 7 9 0.111272514 
356 434 12 16 0.109254695 
103 86 8 9 0.10862751 
696 76 8 10 0.10834441 
208 93 8 10 0.10814583 
919 45 7 9 0.10811325 
558 602 12 14 0.10807026 
135 579 13 15 0.107793264 
270 6 7 9 0.10702969 
383 78 8 10 0.10681737 
177 46 8 9 0.10562723 
713 96 8 9 0.10560452 
950 132 8 11 0.10547978 
496 8 8 10 0.104951866 
997 476 9 12 0.104937546 
681 116 10 11 0.10399807 
861 100 8 11 0.10329287 
178 41 8 9 0.10289325 
936 80 8 10 0.10199263 
760 57 7 9 0.10184686 
603 55 10 12 0.10158762 
23 104 8 10 0.10132835 
610 593 14 18 0.101090625 
74 64 7 9 0.10094964 
122 77 7 9 0.100760736 
737 619 18 21 0.100166455 
969 167 7 10 0.09979698 
1002 535 10 14 0.099368855 
553 104 8 11 0.0985898 
919 40 7 9 0.09843909 
506 591 15 19 0.09837349 
807 32 7 9 0.098308064 
851 116 10 13 0.09827171 
39 103 8 10 0.09817273 
842 38 7 10 0.09785046 
295 582 11 14 0.09769564 
986 38 8 10 0.0976682 
609 22 8 10 0.09678572 
138 127 9 12 0.09672459 
952 96 8 10 0.09652629 
136 71 7 9 0.09561826 
928 144 7 9 0.095447734 
911 80 8 10 0.09530244 
955 167 8 10 0.09511236 
882 48 7 8 0.09490991 
1006 37 8 10 0.09487519 
920 94 9 10 0.09473236 
39 77 9 10 0.09441743 
657 56 8 11 0.094380215 
32 100 10 12 0.094216324 
182 87 7 10 0.094060756 
930 93 8 11 0.09388869 
97 86 8 10 0.09372657 
23 147 10 12 0.0934964 
343 120 9 12 0.093473755 
215 77 7 9 0.09321806 
233 25 6 8 0.09294107 
482 119 9 10 0.09268349 
354 88 7 10 0.092273094 
919 62 8 10 0.09218107 
324 61 9 11 0.09189211 
63 48 8 9 0.091838 
923 568 14 20 0.09179399 
919 144 7 9 0.09138871 
871 4 9 10 0.09134258 
46 62 8 10 0.091241926 
472 7 7 9 0.09092279 
932 493 12 16 0.0906296 
337 48 8 10 0.09032215 
478 31 8 9 0.089418374 
843 515 17 21 0.089374065 
416 13 8 10 0.08930272 
97 71 6 9 0.08914553 
362 32 7 10 0.088909976 
32 120 8 10 0.08882959 
248 164 8 10 0.08879834 
224 135 7 9 0.088788725 
97 151 9 11 0.088758945 
312 33 7 9 0.088638395 
232 30 7 9 0.08855324 
455 47 7 9 0.08841804 
197 568 13 16 0.088339835 
63 73 7 9 0.08824062 
963 64 7 9 0.08812272 
182 41 8 9 0.08807091 
415 8 8 9 0.08792392 
494 571 15 19 0.087454386 
488 55 7 9 0.08725278 
935 19 8 10 0.08694066 
105 549 9 12 0.08669513 
338 54 8 10 0.08663803 
848 80 8 10 0.086343996 
879 39 8 9 0.08620062 
761 2 8 8 0.086196184 
312 580 10 13 0.08617613 
295 589 12 14 0.08594806 
111 57 8 10 0.085694514 
112 6 7 9 0.08559301 
621 6 9 11 0.08557956 
62 563 14 18 0.085511185 
352 14 8 10 0.08546857 
666 13 8 11 0.08468043 
144 43 8 10 0.08430617 
17 110 8 10 0.084241025 
243 7 7 9 0.08407432 
125 78 7 8 0.08397156 
32 160 7 10 0.08365117 
104 80 7 9 0.08333488 
64 16 7 9 0.08320826 
279 55 8 10 0.082679585 
48 78 8 10 0.08254513 
935 142 8 9 0.08227569 
23 137 8 10 0.08222001 
474 30 7 10 0.08219029 
182 558 11 13 0.08213362 
913 70 8 9 0.08152425 
702 47 7 8 0.08143311 
32 64 7 8 0.08123868 
63 54 8 9 0.08094733 
938 38 7 9 0.08089951 
797 588 13 16 0.080896884 
78 566 20 26 0.080667354 
364 95 10 11 0.08060629 
48 25 8 10 0.08003485 
985 46 8 11 0.07990312 
928 119 8 11 0.079478815 
194 1 8 9 0.079235435 
498 37 7 10 0.07904947 
214 73 7 9 0.07900898 
215 1 9 9 0.07871542 
885 111 9 10 0.078653954 
846 37 8 9 0.078509465 
1007 144 8 12 0.07828833 
530 32 8 8 0.07792028 
610 31 8 10 0.07763579 
66 106 9 10 0.077582054 
668 89 9 11 0.07742632 
701 573 12 15 0.07719424 
342 56 8 10 0.07711841 
166 574 11 15 0.07709743 
919 105 7 10 0.077007934 
502 38 7 10 0.07611128 
215 6 8 10 0.07595229 
849 33 7 9 0.07592198 
32 165 8 11 0.07590232 
54 101 8 11 0.075817645 
395 593 15 18 0.0757855 
337 88 8 10 0.07566843 
825 39 6 8 0.07554425 
22 109 8 10 0.07533927 
774 128 7 9 0.07526168 
211 7 8 10 0.07512553 
224 89 7 9 0.07485457 
997 501 9 12 0.07471135 
48 109 8 10 0.07465461 
791 81 7 9 0.07455826 
966 618 16 19 0.07440218 
80 36 8 10 0.0743661 
873 21 7 10 0.07436402 
881 102 8 10 0.074062005 
807 7 7 9 0.07396811 
736 48 8 9 0.07363435 
879 508 9 12 0.07337203 
193 565 10 14 0.073032 
999 48 8 11 0.0728498 
565 32 8 10 0.07273393 
745 5 7 9 0.07260866 
558 104 9 10 0.07232515 
403 24 9 11 0.07228457 
712 580 12 14 0.07194348 
991 46 8 11 0.07192415 
1005 119 8 11 0.07192263 
873 112 8 11 0.07186272 
462 31 7 9 0.07172976 
968 172 9 11 0.071499385 
554 16 8 9 0.07122416 
999 53 8 11 0.07121184 
85 116 9 11 0.07115976 
316 579 10 12 0.07102476 
7 31 8 10 0.07091343 
461 588 11 15 0.07060939 
0 38 7 11 0.07054262 
453 370 35 33 0.07035525 
3 76 9 11 0.07028622 
816 103 7 10 0.07016565 
362 102 9 11 0.06994051 
14 62 8 10 0.06993334 
882 1 8 9 0.06991632 
762 62 7 9 0.06972024 
824 7 7 9 0.069604285 
831 48 8 9 0.069598675 
509 103 8 10 0.06920417 
678 6 8 10 0.068950444 
173 609 15 20 0.06875675 
308 85 8 11 0.068724394 
342 88 8 9 0.06832504 
379 48 7 9 0.06822973 
87 111 9 11 0.06818627 
727 2 8 8 0.06816207 
182 45 7 10 0.067981265 
198 5 7 9 0.06793753 
319 124 8 10 0.067890696 
311 4 9 11 0.06780501 
96 111 8 10 0.06773269 
97 79 7 9 0.06770321 
76 544 16 21 0.06734824 
751 71 7 9 0.06726487 
505 104 9 11 0.067221485 
741 587 12 14 0.06709083 
858 587 14 16 0.06704039 
687 40 7 8 0.066885084 
825 54 7 9 0.06650022 
919 149 8 10 0.066171475 
574 47 8 10 0.066099934 
366 30 7 10 0.066027716 
661 57 8 11 0.06592899 
255 6 8 10 0.065824084 
305 73 7 9 0.0657106 
498 32 7 10 0.06555652 
825 48 7 9 0.06524529 
896 79 8 10 0.06514343 
175 61 8 10 0.064796805 
280 61 7 10 0.06453286 
194 5 7 10 0.064337626 
487 124 8 11 0.064267434 
751 125 7 10 0.06422376 
57 143 8 10 0.064147554 
320 6 8 9 0.06407104 
145 22 7 9 0.06400556 
869 509 11 13 0.06399119 
425 49 7 9 0.063943624 
878 21 8 9 0.06371886 
23 38 7 9 0.063385755 
127 66 8 10 0.063245915 
777 56 7 9 0.06321047 
102 556 11 13 0.06311295 
125 407 10 13 0.062949404 
140 40 7 10 0.06262772 
961 88 8 10 0.062594965 
216 14 7 9 0.062539816 
399 619 10 14 0.06244576 
746 24 8 9 0.062377762 
521 46 7 9 0.062202185 
738 81 7 9 0.062185638 
176 565 10 13 0.062056836 
855 78 7 10 0.062044524 
14 48 7 9 0.061990887 
166 609 13 17 0.061734553 
62 143 8 10 0.061727133 
637 111 9 12 0.061645504 
105 103 8 9 0.06149696 
254 63 7 9 0.061305296 
110 2 8 8 0.061208744 
713 86 8 10 0.061196845 
881 4 8 11 0.061040007 
417 638 7 10 0.06094937 
535 79 6 9 0.0608951 
984 72 8 9 0.060879104 
240 133 8 9 0.06076393 
543 47 7 10 0.060641013 
577 77 8 10 0.060603734 
448 78 8 10 0.060443792 
109 61 8 10 0.06017423 
607 487 11 14 0.060034506 
943 498 12 16 0.05992153 
976 54 7 10 0.059819628 
913 32 7 9 0.059714053 
754 91 7 9 0.059561033 
888 37 7 9 0.05937538 
202 23 7 10 0.059374247 
430 20 7 9 0.059229515 
464 24 7 8 0.059111945 
898 87 7 9 0.0590972 
134 109 8 9 0.058837947 
801 8 7 8 0.058786962 
160 8 8 9 0.058708668 
951 156 8 10 0.058559008 
97 156 8 11 0.058491018 
631 46 8 10 0.05835207 
95 54 7 9 0.058254708 
831 54 7 9 0.058227904 
111 25 7 10 0.058141556 
734 136 8 11 0.05804626 
721 1 8 8 0.058011066 
265 14 8 9 0.057933256 
96 48 7 10 0.05790396 
935 117 10 13 0.05784972 
760 5 8 10 0.057601534 
600 104 9 10 0.05735267 
496 57 7 9 0.057337396 
887 5 8 10 0.05733324 
768 662 10 11 0.057319008 
942 32 8 10 0.057237945 
655 117 8 9 0.057216424 
989 31 8 10 0.05702923 
825 31 6 9 0.05698475 
942 37 7 9 0.056877952 
913 148 9 11 0.056865517 
633 108 9 12 0.056853045 
955 506 11 15 0.056736484 
728 47 7 9 0.056696247 
952 145 8 10 0.056408886 
357 556 12 15 0.056380857 
281 16 8 10 0.056340195 
447 290 12 17 0.056196176 
303 5 9 11 0.056036696 
889 78 8 10 0.0557684 
887 149 9 10 0.05570075 
426 21 8 9 0.05564323 
8 124 9 11 0.055590484 
867 528 14 16 0.055418335 
32 111 9 10 0.055313803 
809 104 7 9 0.055265225 
199 117 7 9 0.055228442 
167 29 7 9 0.0551146 
88 87 8 9 0.05503747 
81 539 15 18 0.054885965 
602 125 8 10 0.054721072 
296 5 8 9 0.054694638 
97 7 8 9 0.054656107 
609 36 8 11 0.054653376 
447 22 7 10 0.05463983 
802 38 7 9 0.05461268 
831 8 7 9 0.054542556 
349 63 8 10 0.054408282 
871 124 8 11 0.054093815 
447 53 7 9 0.054082707 
57 78 8 10 0.054041702 
890 128 9 12 0.053997304 
144 574 11 17 0.053905964 
94 556 12 15 0.05389558 
306 32 8 10 0.053879682 
625 40 8 10 0.053844627 
24 33 8 9 0.053844456 
759 89 7 9 0.05376208 
210 71 8 10 0.053725515 
12 596 17 22 0.05372534 
457 21 8 10 0.053590715 
856 189 8 10 0.05352101 
192 47 7 9 0.053485654 
713 39 7 9 0.053455006 
475 14 6 9 0.053404536 
69 84 8 10 0.05330638 
721 6 7 9 0.053260133 
70 557 13 18 0.053180203 
766 1 8 9 0.053134937 
112 109 7 10 0.052985314 
831 562 12 17 0.052909587 
824 24 8 9 0.052905478 
263 78 9 10 0.052808944 
986 95 9 11 0.052775223 
880 96 9 11 0.052774847 
184 14 7 9 0.052510448 
54 120 8 9 0.052491147 
75 69 7 10 0.052421123 
465 6 7 8 0.05236649 
415 61 7 10 0.052347988 
165 17 8 9 0.052309256 
807 57 7 8 0.052088235 
620 490 13 16 0.052075833 
887 56 8 9 0.052063286 
902 547 9 13 0.05193056 
574 52 8 11 0.05179149 
856 26 8 9 0.051604856 
860 183 8 10 0.051564634 
717 95 8 10 0.051553957 
770 96 7 10 0.051405955 
973 168 8 10 0.05137896 
584 77 8 11 0.051297408 
504 24 7 9 0.051262144 
793 32 6 9 0.05119256 
736 84 7 10 0.05105071 
877 525 11 16 0.050987255 
496 13 7 9 0.050953064 
42 31 8 10 0.050891485 
16 104 8 10 0.050856348 
792 92 8 10 0.050777268 
836 567 14 20 0.050766937 
612 489 13 16 0.050714154 
943 95 9 11 0.050664812 
935 189 8 11 0.05065089 
377 77 8 11 0.0505826 
737 103 7 9 0.050469156 
929 110 8 11 0.050403945 
103 95 8 10 0.050376374 
109 582 12 14 0.050331485 
926 63 8 9 0.050315764 
409 62 7 10 0.050261367 
224 93 7 10 0.05025001 
249 21 7 10 0.05005865 
377 586 11 14 0.049991608 
14 119 8 10 0.04993712 
256 87 7 9 0.04992922 
752 40 7 8 0.04991803 
791 15 8 9 0.04990184 
52 30 8 11 0.04987029 
144 33 8 9 0.04982781 
209 14 7 10 0.04977604 
905 60 9 11 0.049733773 
144 584 11 15 0.049710408 
970 611 16 20 0.049662113 
519 71 8 10 0.049641825 
286 16 8 10 0.049614716 
105 544 10 11 0.04960524 
171 88 7 9 0.04954662 
585 111 8 10 0.049498107 
878 73 8 11 0.04935215 
0 162 9 13 0.04917946 
945 134 8 11 0.049174014 
102 380 11 15 0.049166936 
271 63 8 10 0.049134687 
842 32 7 10 0.049134105 
250 62 7 10 0.048918653 
886 99 10 12 0.048866298 
157 64 7 10 0.048835233 
992 52 9 12 0.048781034 
963 38 7 10 0.04877464 
551 601 12 17 0.048466284 
64 40 8 9 0.048410647 
295 127 9 11 0.04828662 
216 96 8 9 0.048254173 
525 38 8 10 0.04805495 
281 129 6 8 0.048024442 
703 72 7 9 0.047948897 
560 7 9 10 0.04793614 
789 37 8 10 0.047868412 
803 64 7 9 0.04781024 
14 70 8 10 0.047713574 
672 6 10 11 0.047696028 
7 151 9 11 0.047690134 
465 1 7 9 0.047669586 
24 49 8 9 0.047649026 
341 47 8 10 0.047412947 
645 60 8 11 0.047289312 
687 45 8 9 0.04720346 
89 64 7 9 0.04719327 
943 61 9 10 0.04716716 
119 8 7 9 0.047150087 
497 564 14 17 0.047126114 
528 80 7 9 0.04710768 
360 36 8 10 0.04708645 
784 512 14 18 0.047059916 
656 112 9 11 0.046892717 
16 149 9 11 0.04681675 
121 66 9 10 0.046812978 
462 16 7 9 0.04677787 
896 523 11 15 0.046699747 
6 112 8 10 0.04666444 
869 572 14 16 0.046653032 
87 30 7 8 0.04660621 
379 606 11 15 0.04660089 
233 69 7 9 0.046567976 
168 73 7 10 0.046510257 
798 581 14 17 0.04649916 
247 37 7 10 0.04643837 
847 84 8 10 0.046395622 
97 64 7 9 0.046378225 
920 31 6 9 0.046252653 
138 7 7 9 0.046206716 
902 518 10 13 0.046123 
871 85 9 11 0.045937356 
247 33 7 9 0.045874 
814 95 7 9 0.04573636 
718 78 7 9 0.04573377 
59 556 14 17 0.045688212 
466 48 7 9 0.045593414 
349 630 13 16 0.045591168 
895 40 7 9 0.045501895 
862 55 8 10 0.045447394 
325 22 7 10 0.04543976 
480 124 9 10 0.04540667 
955 111 7 11 0.04539427 
930 88 9 11 0.04535929 
624 115 448 384 0.04535295 
32 89 8 9 0.045337025 
50 119 7 9 0.045277413 
842 60 9 11 0.04524129 
751 5 8 10 0.045133505 
785 87 8 9 0.045133036 
831 62 7 9 0.045125414 
294 2 8 9 0.045059092 
156 570 11 16 0.04503101 
993 494 10 14 0.045022666 
1005 131 10 13 0.045011666 
569 13 7 10 0.044893883 
928 149 6 9 0.044762485 
966 17 8 9 0.044746738 
881 33 7 9 0.044736013 
336 562 11 15 0.0447295 
807 110 8 11 0.04468083 
730 137 8 10 0.04465092 
179 31 7 9 0.044626772 
498 24 7 9 0.044492044 
38 96 9 11 0.04446216 
592 31 8 10 0.04444275 
103 72 7 9 0.04439703 
752 18 7 8 0.044310443 
558 14 8 10 0.04427635 
913 531 10 15 0.044193722 
490 49 6 9 0.044123292 
893 93 8 11 0.044117358 
14 125 9 11 0.043959897 
928 1 8 9 0.043955386 
954 116 8 11 0.043912426 
963 204 12 15 0.04388762 
82 113 8 11 0.043720137 
943 101 8 10 0.043619134 
176 82 7 9 0.043603588 
726 37 7 10 0.043559738 
433 38 7 9 0.043463945 
745 69 7 9 0.0434501 
920 71 7 9 0.04342881 
800 88 7 9 0.04340672 
87 94 7 9 0.04327711 
703 118 7 9 0.04323588 
674 61 7 10 0.043234125 
1007 102 9 12 0.043166954 
288 21 7 9 0.0431312 
345 69 8 10 0.042953316 
27 53 8 10 0.042943683 
852 521 14 20 0.042932212 
793 501 15 18 0.04291666 
49 95 7 10 0.04291474 
984 52 9 11 0.042907495 
998 93 8 10 0.042898346 
442 79 7 10 0.042854592 
783 57 7 8 0.04279359 
416 46 8 10 0.042740133 
743 47 7 9 0.042731542 
249 14 7 9 0.042722844 
5 85 9 11 0.04269935 
960 99 9 11 0.04268037 
767 108 9 10 0.04246682 
520 77 8 10 0.042274628 
746 141 8 11 0.042191967 
55 22 8 10 0.042189475 
48 103 9 11 0.042142533 
975 518 9 12 0.042063687 
294 104 7 10 0.042056173 
494 575 22 26 0.042036407 
382 52 8 10 0.042017367 
85 557 12 16 0.04201673 
201 16 7 9 0.0419861 
715 80 7 10 0.04190625 
629 585 12 14 0.041878104 
734 70 7 9 0.041819073 
431 61 8 9 0.04173885 
967 138 11 14 0.04170948 
0 45 7 10 0.041608572 
441 56 7 8 0.041595362 
425 60 7 10 0.04156942 
119 168 8 10 0.041551523 
102 157 8 10 0.04155147 
537 35 7 10 0.0414745 
150 23 7 9 0.04143187 
338 62 8 10 0.041378923 
536 70 7 9 0.0413044 
280 38 8 10 0.041275382 
289 0 8 10 0.041223414 
869 561 15 19 0.041215967 
448 102 9 10 0.041149843 
895 6 8 9 0.041141056 
386 33 7 9 0.041093323 
787 81 7 8 0.041050673 
311 612 17 17 0.04097011 
383 20 8 10 0.040969457 
167 78 7 9 0.040950987 
337 101 8 11 0.040885977 
89 70 6 9 0.040881645 
81 48 7 10 0.040879186 
959 143 8 12 0.04085461 
638 5 8 10 0.04080361 
245 580 11 14 0.040771324 
855 73 7 9 0.040733088 
688 88 7 9 0.040704727 
568 8 8 10 0.040676527 
103 110 7 10 0.040642045 
1002 148 10 12 0.040571917 
608 17 8 10 0.040435746 
502 32 7 9 0.040402047 
265 22 8 9 0.040339217 
784 70 7 9 0.040320728 
870 46 7 9 0.040298995 
186 611 16 21 0.040276017 
48 88 7 9 0.04025874 
143 9 8 9 0.040198296 
754 102 8 9 0.040121373 
888 61 7 10 0.040093392 
479 64 7 9 0.040013872 
825 15 8 9 0.039919008 
702 112 8 10 0.039899103 
15 31 8 11 0.039874863 
973 172 9 12 0.039850138 
41 62 7 9 0.039824624 
841 23 7 10 0.03973726 
431 1 8 9 0.03972019 
655 85 8 11 0.03968278 
352 572 12 15 0.039655328 
736 54 7 9 0.03958723 
392 589 13 16 0.039561767 
826 62 7 10 0.039535884 
96 117 8 9 0.039515834 
27 65 7 9 0.039514974 
896 22 7 9 0.03950383 
929 185 8 11 0.03948554 
319 31 8 10 0.039359484 
442 47 7 9 0.039354417 
176 124 8 10 0.03924149 
775 5 8 10 0.03923775 
472 24 7 9 0.039203193 
6 37 8 11 0.039199013 
742 80 7 10 0.0391881 
935 185 8 10 0.039152794 
422 284 14 18 0.03906165 
451 39 7 9 0.039044466 
171 56 7 9 0.038964964 
762 72 7 9 0.038904436 
350 125 9 11 0.038810235 
337 23 7 9 0.038808543 
240 129 8 9 0.03875701 
95 2 8 8 0.038725484 
1006 81 8 11 0.038658056 
526 47 7 9 0.038519986 
958 210 14 17 0.03849045 
768 55 7 10 0.038473304 
344 23 7 9 0.0384648 
295 576 10 12 0.0384546 
929 15 8 10 0.03843192 
176 93 7 9 0.03838496 
540 600 13 17 0.03836271 
911 136 8 10 0.038342997 
708 597 13 17 0.03824985 
703 78 7 9 0.03822048 
537 119 8 10 0.038203426 
583 16 8 10 0.038176496 
47 158 9 12 0.038141906 
88 17 7 10 0.038118597 
673 1 10 10 0.038090244 
457 113 7 10 0.038012877 
557 107 9 12 0.03798328 
48 72 7 10 0.03797392 
895 16 8 10 0.037837148 
877 630 12 15 0.037833575 
481 80 6 8 0.03767979 
160 97 6 8 0.037582006 
886 48 7 9 0.037525322 
769 132 7 10 0.03747567 
198 557 11 13 0.037458763 
89 81 7 9 0.03741535 
877 116 9 11 0.037403997 
623 71 8 9 0.03733765 
606 103 8 10 0.037295546 
274 54 8 10 0.03727798 
38 55 8 10 0.03721427 
786 16 7 8 0.037187546 
737 110 7 10 0.037181713 
584 104 8 11 0.03713726 
191 550 9 11 0.03711512 
778 32 7 9 0.036988623 
129 15 7 9 0.036830213 
198 539 12 14 0.036766257 
269 70 8 10 0.036757782 
118 555 10 13 0.036715463 
336 31 7 10 0.036658525 
81 96 7 9 0.036656514 
985 126 7 10 0.036600713 
385 72 8 11 0.036551964 
113 29 7 9 0.036462676 
576 15 8 10 0.036408417 
159 101 8 10 0.03638473 
606 59 10 12 0.036345825 
793 105 9 11 0.036306653 
839 47 8 10 0.03630618 
224 39 7 8 0.03629934 
920 24 7 9 0.03627756 
98 144 8 10 0.03625984 
150 46 7 10 0.036244933 
433 34 6 8 0.0362341 
907 48 7 9 0.03617426 
936 137 8 10 0.03616814 
711 7 7 10 0.03615484 
225 32 7 9 0.036108837 
221 5 8 10 0.036048897 
315 625 16 19 0.035883687 
744 86 7 10 0.03586627 
969 57 7 9 0.035776574 
562 36 9 11 0.035767738 
464 110 8 11 0.035760082 
234 65 6 9 0.03572744 
256 575 11 14 0.0357188 
734 577 13 17 0.035713505 
83 24 7 9 0.03570036 
69 16 8 10 0.035676666 
423 8 8 9 0.035615936 
65 63 7 9 0.035598584 
920 560 14 20 0.03552743 
713 101 7 9 0.03552492 
39 108 8 10 0.035523012 
1007 93 8 11 0.03550969 
40 159 8 11 0.035506412 
836 93 9 10 0.035489447 
999 574 9 12 0.03545956 
6 155 10 13 0.03544891 
120 29 8 9 0.035414934 
907 473 11 14 0.035396464 
709 574 13 15 0.035347153 
752 29 7 9 0.035329983 
337 92 8 11 0.035313107 
175 70 8 9 0.035301533 
941 118 8 11 0.03527552 
553 21 7 9 0.035122283 
143 72 7 9 0.035087407 
127 47 8 9 0.035049472 
807 24 8 10 0.034945026 
64 20 8 10 0.03494086 
131 111 7 9 0.03493911 
600 31 7 9 0.034888677 
889 15 8 10 0.03481155 
1 523 17 19 0.034808256 
652 583 15 18 0.03478769 
384 101 8 11 0.0347726 
967 484 12 16 0.03475529 
721 55 7 9 0.03472123 
41 38 7 10 0.034706004 
326 16 8 10 0.034632023 
177 14 6 9 0.034630746 
928 71 7 9 0.034567393 
863 25 7 9 0.034556217 
520 105 7 9 0.03452917 
30 32 7 9 0.034516413 
441 14 8 10 0.034482293 
955 493 12 17 0.034470588 
189 557 10 13 0.034407794 
729 94 7 9 0.034383412 
735 1 8 9 0.034330413 
914 104 8 10 0.03426967 
482 55 7 9 0.034262158 
282 48 8 10 0.034254435 
255 22 7 10 0.03424699 
287 52 8 10 0.03424629 
9 103 7 10 0.034227464 
613 23 8 10 0.034187634 
270 22 7 9 0.034153424 
941 610 16 21 0.034136206 
74 602 14 18 0.034115084 
773 93 9 11 0.03407556 
471 376 19 23 0.034073632 
806 37 8 9 0.033993866 
559 54 7 10 0.033975344 
641 63 9 10 0.03395337 
391 5 8 10 0.033946484 
625 45 8 10 0.033917516 
294 133 8 11 0.03390433 
526 579 11 15 0.03390396 
423 631 8 10 0.033877768 
943 49 8 10 0.033868235 
58 73 7 9 0.03386427 
271 48 7 9 0.033800185 
1007 5 9 11 0.033786528 
626 490 14 16 0.03378113 
58 88 7 9 0.033762794 
36 559 13 18 0.033745956 
364 87 9 10 0.033692203 
863 61 8 10 0.033670615 
85 141 8 10 0.033601552 
184 93 8 9 0.03359998 
86 135 8 10 0.033542838 
514 46 7 10 0.033541445 
217 32 7 9 0.033521883 
301 48 8 10 0.033493973 
229 642 17 20 0.03347595 
863 85 8 11 0.033386372 
62 6 8 10 0.033341616 
998 183 9 11 0.03333405 
763 582 14 17 0.03333235 
392 78 7 10 0.033318624 
630 40 8 10 0.03329734 
239 560 11 14 0.033281513 
992 24 8 10 0.033278342 
593 16 7 9 0.03324757 
162 31 7 9 0.03314086 
465 103 8 9 0.033084694 
638 70 11 13 0.033077586 
817 48 7 10 0.033060513 
281 20 7 10 0.03301731 
253 580 12 15 0.032985788 
606 47 8 10 0.03297287 
10 61 8 10 0.032944206 
592 111 8 9 0.03284448 
223 437 11 14 0.032818247 
961 20 9 10 0.032750294 
808 14 7 9 0.032749068 
889 22 7 10 0.03270152 
92 563 12 16 0.03267853 
735 96 7 8 0.032656636 
936 74 7 8 0.03258803 
687 135 8 9 0.032565817 
993 227 13 17 0.032518405 
304 14 7 10 0.032447156 
17 38 7 9 0.032444205 
543 38 7 9 0.032368578 
351 7 9 11 0.03230021 
290 94 7 9 0.032286312 
563 597 13 17 0.032201037 
80 79 7 9 0.03218574 
510 22 8 9 0.032185536 
777 48 6 9 0.032180198 
994 88 8 10 0.032106094 
979 79 8 10 0.032099653 
247 128 7 9 0.03208362 
856 84 8 10 0.032082535 
649 85 8 10 0.032035895 
925 495 13 17 0.03194197 
920 87 8 11 0.03192321 
32 38 8 9 0.031918947 
728 87 8 10 0.03191444 
777 89 7 9 0.031887606 
784 127 7 10 0.031852383 
832 80 8 9 0.03184399 
793 128 7 9 0.031834465 
768 539 19 24 0.031825714 
169 48 7 9 0.03171688 
377 72 7 11 0.03168035 
858 47 6 9 0.031658694 
808 79 7 9 0.031626437 
674 621 15 18 0.031572998 
440 38 7 10 0.03152572 
889 89 8 9 0.031524595 
518 579 13 17 0.03148803 
927 5 8 10 0.031472888 
654 80 9 11 0.031468894 
857 55 7 11 0.031419914 
825 71 8 10 0.03140145 
849 103 9 11 0.031379286 
109 570 13 16 0.03137639 
876 171 12 14 0.031354863 
521 34 7 9 0.031325787 
846 587 10 13 0.031318918 
539 48 7 9 0.031296026 
128 40 8 9 0.031274103 
367 6 8 10 0.031212384 
655 47 7 10 0.031189313 
304 36 8 11 0.031110983 
352 1 8 9 0.031103512 
776 0 8 9 0.031032445 
751 142 8 11 0.03103174 
439 84 8 10 0.03100192 
728 55 7 9 0.030993413 
920 0 8 9 0.030956062 
461 117 8 11 0.030949479 
64 127 8 10 0.030936453 
827 87 7 10 0.030928394 
93 550 12 14 0.030920416 
119 13 7 10 0.030883843 
301 582 11 14 0.030871201 
542 32 7 10 0.030853651 
598 108 9 10 0.03082943 
495 68 9 11 0.03078296 
297 61 8 10 0.030770501 
976 95 8 11 0.030723594 
746 29 7 9 0.030704027 
29 647 14 19 0.03066861 
843 646 11 15 0.030663112 
61 94 8 10 0.030656822 
336 126 9 11 0.030649595 
432 140 11 14 0.030647766 
902 110 8 10 0.030621221 
290 578 21 25 0.030598395 
441 657 8 9 0.030570803 
508 108 10 12 0.030551404 
807 605 12 16 0.030489055 
874 17 8 9 0.030451348 
120 42 7 9 0.03044842 
831 14 7 9 0.030445207 
864 142 8 9 0.030436367 
521 119 8 11 0.030318951 
651 117 8 11 0.030294677 
26 69 7 10 0.030285414 
30 21 8 9 0.030277714 
342 103 8 10 0.03025278 
927 46 7 10 0.030247029 
254 15 8 9 0.030245783 
17 134 8 10 0.03022197 
48 37 7 9 0.030217605 
278 89 8 10 0.030160146 
54 110 7 9 0.030157479 
586 22 8 10 0.030134488 
288 128 7 10 0.030132817 
682 88 7 9 0.030111447 
98 94 8 10 0.03007118 
114 167 8 11 0.030037403 
886 2 8 8 0.030023394 
766 553 14 16 0.030006688 
695 95 7 9 0.029948456 
33 76 9 11 0.029933712 
910 84 8 10 0.029900828 
817 0 8 9 0.029885076 
793 145 9 11 0.029860776 
234 569 19 24 0.029857935 
478 38 8 9 0.029853392 
193 110 8 11 0.02982922 
28 150 9 12 0.02980972 
288 134 8 11 0.029803319 
736 24 8 10 0.029800903 
191 599 21 27 0.029791595 
134 23 8 10 0.029782228 
208 48 6 9 0.029776234 
848 25 8 10 0.029766021 
449 72 8 10 0.029765286 
801 94 7 9 0.029702095 
105 2 8 9 0.029637335 
481 87 8 9 0.029607933 
696 16 7 8 0.029588293 
456 54 8 9 0.029585773 
913 0 8 9 0.02958205 
553 7 9 9 0.02956156 
766 63 6 9 0.02953239 
11 581 15 20 0.02952979 
974 129 9 11 0.029505104 
129 133 8 10 0.029490672 
88 569 15 18 0.029469961 
927 562 21 27 0.02940127 
0 63 7 11 0.029348452 
919 79 8 10 0.029346416 
689 70 7 10 0.02934393 
845 580 12 15 0.02925676 
529 25 7 9 0.02923415 
904 14 8 10 0.02922681 
730 566 14 17 0.029182998 
416 56 7 9 0.02913545 
742 104 8 9 0.02913038 
938 564 17 21 0.029120078 
305 103 9 11 0.029111816 
478 70 8 10 0.029108444 
817 32 7 9 0.029098477 
937 47 8 10 0.029091673 
872 103 9 10 0.02906105 
984 119 8 10 0.029020207 
0 103 7 10 0.029007332 
203 570 12 14 0.028983062 
109 645 12 16 0.028970433 
982 85 8 10 0.028957486 
688 32 8 9 0.028953565 
103 5 8 10 0.028952423 
82 53 7 9 0.028920956 
31 130 10 12 0.028898472 
698 38 7 9 0.028860766 
959 191 8 11 0.02883488 
79 102 8 10 0.028764691 
966 147 10 13 0.028764373 
336 40 8 9 0.02876111 
456 97 7 10 0.028741939 
881 53 8 10 0.02873916 
0 0 6 9 0.028708886 
904 104 7 10 0.028702533 
943 80 8 9 0.028678203 
713 22 7 10 0.028671958 
511 15 8 10 0.028649392 
444 5 8 10 0.028619125 
25 118 8 10 0.028615646 
695 86 8 10 0.028613469 
897 120 8 10 0.028580014 
489 31 7 9 0.028577095 
624 88 7 10 0.028575644 
830 32 7 9 0.028569115 
968 128 9 12 0.028565595 
899 127 9 13 0.02848751 
673 71 9 10 0.02842992 
232 579 11 12 0.028369067 
240 32 8 9 0.028362038 
440 662 9 11 0.028321842 
515 592 15 19 0.028286709 
897 46 7 9 0.028282696 
223 15 8 10 0.028273175 
598 574 12 14 0.02826597 
622 12 9 11 0.028259832 
997 188 9 11 0.028236462 
668 577 12 14 0.028213572 
191 95 7 8 0.0282116 
87 38 7 10 0.02820505 
81 15 7 9 0.028135315 
872 150 7 9 0.028121393 
240 14 7 10 0.028115226 
392 95 9 11 0.02809766 
722 48 7 8 0.028085964 
919 116 8 11 0.02808503 
320 68 8 10 0.02805047 
841 80 8 10 0.02802364 
590 23 8 9 0.0280201 
273 87 7 10 0.02801578 
270 574 20 25 0.02801157 
422 296 14 20 0.028010856 
80 553 20 27 0.027998293 
734 65 7 9 0.027964884 
664 117 7 9 0.027961954 
343 80 8 10 0.027939023 
472 53 7 9 0.027923437 
849 71 7 9 0.027905723 
513 39 7 10 0.027860703 
896 62 8 10 0.027842442 
576 23 7 9 0.027839776 
746 41 7 9 0.027828667 
648 44 10 12 0.027812805 
420 270 14 19 0.027785394 
178 26 6 8 0.027763028 
760 39 7 9 0.02774791 
266 38 7 9 0.027730804 
285 581 10 13 0.027723344 
120 409 12 16 0.027716123 
864 137 7 10 0.027700352 
197 578 14 17 0.027687632 
409 45 8 10 0.027662003 
966 199 11 15 0.027652437 
247 134 8 9 0.027647702 
944 570 16 20 0.02764086 
80 7 8 9 0.027608912 
349 120 8 11 0.027580218 
783 145 8 11 0.02757564 
750 135 8 10 0.027571445 
850 510 13 16 0.027556697 
38 131 9 11 0.02753018 
703 39 7 9 0.027482439 
84 515 227 232 0.027469989 
409 41 7 9 0.02743692 
872 94 8 11 0.027421433 
527 86 8 9 0.027413908 
543 563 10 13 0.027331097 
960 9 8 9 0.027330916 
57 1 8 8 0.02733069 
798 540 10 15 0.027293961 
886 116 9 11 0.027282873 
89 157 9 11 0.027280109 
587 30 7 9 0.027265193 
210 1 9 9 0.02726147 
961 32 8 10 0.02722423 
192 105 8 9 0.027218783 
465 71 7 9 0.027184082 
70 55 7 9 0.027152173 
20 579 13 19 0.027150838 
954 172 10 11 0.02714968 
38 164 8 11 0.027147349 
754 56 6 9 0.027147261 
315 63 8 10 0.027145043 
802 69 7 10 0.02711762 
239 23 7 9 0.027117051 
102 562 11 15 0.027092144 
552 54 8 10 0.027089654 
674 57 7 10 0.027078185 
383 85 7 9 0.026949141 
416 23 7 10 0.02691558 
746 136 8 10 0.026904121 
473 127 9 12 0.026890181 
548 286 47 47 0.026859103 
655 133 10 13 0.026827656 
151 16 8 9 0.026799524 
760 15 8 9 0.026796762 
391 72 7 10 0.026734833 
782 0 8 8 0.026733259 
47 150 8 11 0.026727015 
224 574 9 13 0.026691947 
977 48 8 10 0.026650384 
222 1 8 9 0.02662033 
24 125 9 11 0.026603391 
839 136 8 9 0.026564293 
965 100 9 12 0.026559 
24 157 10 11 0.0265525 
442 23 7 9 0.026544625 
542 119 8 10 0.026384465 
941 190 8 10 0.026383977 
792 8 8 9 0.026367778 
416 605 9 11 0.026338847 
598 486 11 14 0.026292853 
647 55 9 11 0.02627864 
75 32 7 10 0.026263276 
281 71 7 9 0.026258923 
945 158 8 10 0.02624883 
545 70 8 10 0.026246075 
464 55 7 9 0.026245521 
303 1 10 10 0.026227867 
461 79 8 9 0.026181089 
407 269 16 20 0.026153058 
100 642 15 19 0.02611991 
368 25 8 10 0.026115034 
202 603 15 19 0.026104208 
761 149 8 12 0.026103644 
173 571 11 15 0.026087446 
-45 512 219 243 0.026085552 
132 600 14 17 0.02604526 
225 24 7 8 0.026038067 
830 638 12 16 0.026035491 
377 16 8 10 0.025999092 
550 611 12 16 0.02599559 
543 52 8 11 0.025992453 
24 593 14 19 0.025980167 
861 30 8 10 0.025937364 
529 54 7 9 0.025929594 
333 581 13 16 0.025909983 
336 8 8 10 0.025889717 
216 102 7 10 0.025873603 
873 33 8 10 0.02586894 
781 604 11 14 0.02585324 
871 503 10 13 0.025851004 
696 7 8 10 0.025849553 
104 168 7 10 0.025813257 
592 4 9 11 0.025780145 
973 198 10 12 0.02574186 
591 62 9 11 0.025737498 
681 95 8 9 0.02573556 
12 554 14 17 0.025707377 
841 111 7 10 0.025699586 
451 379 17 18 0.025698707 
595 55 9 11 0.025681145 
450 32 7 10 0.025679331 
116 627 16 20 0.025676403 
576 124 8 11 0.025673928 
42 24 7 9 0.02565271 
963 482 20 26 0.025636725 
12 532 16 20 0.025620952 
973 63 8 10 0.025585162 
565 85 9 11 0.025568962 
149 39 8 10 0.025554692 
682 31 7 9 0.025451113 
375 103 8 10 0.025432456 
657 93 8 10 0.025383102 
864 79 7 11 0.025375912 
41 143 8 10 0.025338486 
421 636 8 11 0.025335161 
971 488 13 17 0.025319358 
814 88 7 10 0.025281759 
233 17 7 9 0.025275182 
192 542 10 12 0.025269441 
536 65 7 9 0.025234485 
711 118 8 10 0.025196293 
934 124 9 11 0.025191203 
135 0 7 8 0.025167689 
82 87 8 9 0.025163583 
634 299 10 13 0.025155317 
741 548 11 14 0.025130758 
616 13 8 11 0.025129816 
778 38 7 10 0.025129335 
311 71 7 9 0.025127321 
542 620 10 13 0.025127092 
941 500 21 24 0.025099713 
991 157 9 12 0.025064485 
498 103 7 10 0.025039533 
197 586 13 17 0.025036357 
556 68 9 11 0.025025567 
70 21 8 10 0.025016459 
466 64 7 9 0.025010059 
793 513 15 18 0.025000298 
896 151 8 11 0.024991995 
505 117 9 11 0.024981208 
927 39 8 10 0.024979385 
279 1 8 9 0.024978276 
137 15 7 8 0.024973653 
589 0 10 11 0.024966208 
73 593 16 21 0.024940286 
662 112 8 9 0.024927605 
488 14 8 10 0.024896855 
329 136 9 11 0.024883335 
881 144 9 12 0.024823068 
536 54 7 9 0.024803108 
137 148 8 11 0.024775354 
480 24 7 9 0.024771469 
392 602 12 15 0.024757504 
918 547 21 29 0.024740973 
997 507 10 13 0.024733521 
434 86 7 9 0.024716914 
419 283 22 29 0.024687123 
206 24 8 9 0.024682987 
823 118 8 10 0.024668982 
835 537 14 19 0.024635937 
904 8 7 9 0.024580633 
527 120 8 10 0.024580406 
235 596 14 17 0.024564981 
103 40 8 9 0.024549287 
897 111 7 9 0.024533687 
72 128 8 9 0.024528183 
351 595 11 15 0.024527805 
695 0 9 9 0.024513632 
781 521 16 19 0.024483219 
519 15 8 9 0.024478685 
759 126 7 9 0.024451897 
14 94 8 9 0.024428694 
58 7 8 9 0.02442257 
248 56 8 10 0.024396077 
147 567 19 24 0.024364991 
328 102 8 11 0.024363615 
711 14 8 10 0.024327528 
486 590 11 14 0.024327049 
208 39 7 9 0.02432359 
919 183 10 12 0.024265133 
967 33 8 10 0.024265105 
584 71 9 11 0.024249531 
743 110 8 10 0.024240224 
847 7 8 10 0.024221422 
855 529 13 18 0.024184445 
893 31 8 9 0.024182336 
943 22 8 10 0.024170361 
831 39 7 9 0.024168491 
511 96 7 10 0.024166476 
671 21 8 11 0.024147091 
167 7 7 9 0.024143388 
576 4 9 12 0.024142964 
183 55 7 9 0.02412558 
839 7 8 10 0.024119463 
415 599 9 12 0.024027476 
58 15 7 9 0.024001691 
170 120 7 10 0.024000356 
351 22 7 9 0.02396398 
519 7 8 10 0.023951788 
288 108 8 10 0.023941793 
678 56 7 10 0.023884803 
596 6 9 11 0.023875913 
941 86 8 10 0.023840422 
89 1 8 8 0.02383367 
415 31 7 9 0.023812061 
824 112 7 9 0.023795022 
432 647 8 11 0.023771849 
426 589 9 11 0.023754058 
830 645 14 18 0.023753699 
872 614 11 14 0.023753157 
712 46 8 9 0.023744412 
960 56 8 9 0.023727903 
367 144 10 11 0.023725396 
689 7 7 9 0.023689307 
40 1 9 10 0.023584845 
560 80 9 12 0.023583638 
624 77 7 10 0.023522487 
103 47 8 9 0.023522323 
57 62 7 10 0.023491211 
130 128 8 11 0.0234881 
393 621 10 13 0.023486169 
189 598 13 18 0.02346322 
893 453 10 14 0.02344167 
7 24 8 11 0.023441624 
953 48 7 9 0.02342194 
30 560 13 18 0.023395741 
416 643 8 11 0.023388328 
248 87 7 9 0.023373496 
952 63 8 10 0.02336718 
247 575 21 26 0.023360468 
682 133 8 11 0.023306627 
337 81 8 10 0.023264544 
361 118 8 11 0.023250444 
78 534 14 18 0.023242021 
326 119 8 11 0.02321544 
698 117 8 10 0.023213904 
416 70 8 10 0.023205841 
255 2 8 8 0.023170274 
864 510 12 15 0.023148488 
520 109 7 11 0.02309645 
562 124 9 12 0.023044083 
504 43 8 11 0.023039341 
967 68 8 10 0.023032598 
113 41 8 9 0.023005873 
234 129 7 8 0.02297836 
103 29 9 10 0.022976605 
942 111 8 10 0.022967631 
378 53 8 10 0.022965876 
719 15 8 9 0.022945672 
489 70 9 11 0.022931546 
832 111 8 10 0.022921113 
727 24 7 9 0.0229197 
832 141 8 10 0.02291213 
328 7 7 10 0.022868391 
441 33 7 9 0.022776455 
97 40 8 10 0.022753982 
308 108 10 12 0.022741294 
721 23 7 9 0.02273153 
680 23 8 10 0.022724472 
576 40 7 10 0.022716435 
968 21 8 10 0.0226899 
248 2 8 9 0.022644635 
352 104 9 10 0.022632629 
856 37 7 9 0.022606105 
479 49 7 8 0.02259696 
679 78 8 9 0.022591986 
293 108 8 11 0.02253325 
841 119 8 10 0.022516405 
136 31 8 10 0.022495318 
533 611 12 16 0.022489123 
592 125 7 9 0.022481773 
170 62 8 9 0.022481762 
135 65 8 10 0.022480559 
766 72 7 9 0.022428611 
578 262 24 35 0.02240704 
952 54 7 10 0.022400256 
406 101 10 11 0.022392355 
320 48 8 11 0.022385063 
911 13 7 10 0.022379592 
82 138 8 9 0.022327738 
182 570 10 14 0.02229415 
87 6 8 10 0.022288866 
279 5 7 10 0.02228273 
760 32 7 8 0.022277856 
407 252 21 27 0.022264713 
723 64 7 9 0.02225347 
360 5 7 10 0.022213671 
947 617 14 18 0.02217391 
417 96 7 10 0.022135846 
801 567 20 25 0.022120198 
648 556 11 15 0.022111682 
72 118 8 9 0.022086898 
360 1 7 8 0.022074789 
445 594 11 14 0.022061598 
600 16 7 10 0.022049189 
85 650 14 20 0.022047516 
600 597 9 12 0.022038734 
114 14 7 9 0.022030538 
103 118 8 10 0.022029944 
53 190 11 13 0.022016972 
695 642 11 15 0.022008598 
441 72 7 10 0.021986235 
274 150 8 10 0.021980328 
801 56 7 8 0.021963641 
919 136 8 9 0.021950021 
359 82 8 9 0.021945076 
151 32 7 9 0.021921441 
866 6 10 11 0.021901146 
327 125 8 11 0.021900998 
992 72 7 9 0.021900963 
559 22 7 9 0.021897046 
785 109 8 10 0.021885687 
270 78 8 10 0.021882953 
974 39 8 10 0.021865092 
567 79 8 11 0.021857355 
183 551 11 13 0.021852445 
223 422 10 12 0.021829667 
269 15 8 10 0.021809937 
894 508 11 13 0.02180599 
944 184 8 10 0.021800844 
817 54 7 8 0.021789255 
944 71 8 9 0.021780422 
328 31 8 9 0.021764878 
417 620 8 11 0.021745732 
958 485 11 14 0.021727616 
744 120 8 10 0.021726511 
208 53 7 9 0.021709174 
519 66 8 9 0.021701539 
326 110 8 11 0.021697462 
409 248 10 13 0.021687606 
1007 108 9 12 0.021620633 
953 607 21 28 0.021613255 
1000 164 9 12 0.021612808 
664 37 8 11 0.021609766 
689 23 7 10 0.021609172 
263 85 9 10 0.021605467 
552 1 8 9 0.021597754 
334 142 9 12 0.021590585 
279 34 8 9 0.021580117 
135 669 23 22 0.021532929 
0 32 8 12 0.021521823 
401 61 7 10 0.021488864 
760 47 7 9 0.02148842 
416 42 7 8 0.021468818 
63 1 8 9 0.02145195 
703 126 7 9 0.021444935 
643 301 10 12 0.021439288 
769 49 7 9 0.021432146 
258 79 8 11 0.021425832 
535 25 8 9 0.021415021 
494 46 7 9 0.021403609 
663 46 9 10 0.021367842 
341 92 9 11 0.02135268 
712 72 7 9 0.021347905 
338 557 14 17 0.021344421 
773 586 12 17 0.021330193 
758 533 11 13 0.021323139 
638 22 10 11 0.021304617 
902 132 9 12 0.021303412 
350 69 7 10 0.021298526 
992 119 8 10 0.021298064 
621 584 13 17 0.02127251 
470 2 8 8 0.021256173 
416 2 7 8 0.021216385 
727 627 13 17 0.021212198 
758 101 8 10 0.021167494 
415 86 7 10 0.021164577 
266 33 7 9 0.021142395 
745 95 7 8 0.021133674 
551 49 8 10 0.02113365 
111 118 8 10 0.021133456 
271 576 12 14 0.021097817 
896 1 8 9 0.021081083 
129 0 8 8 0.021079967 
55 38 8 10 0.021078318 
265 48 7 9 0.021069225 
566 134 9 12 0.021057924 
590 37 8 11 0.021052519 
351 562 14 17 0.02103775 
436 587 12 15 0.02101982 
334 134 9 11 0.02101904 
591 82 10 12 0.021012643 
927 32 7 10 0.020986151 
555 597 19 25 0.02094895 
991 133 8 12 0.020943156 
261 580 11 15 0.020939924 
817 7 8 9 0.020937892 
166 566 11 13 0.020934343 
352 47 7 9 0.020924095 
968 45 8 10 0.020917151 
985 159 8 10 0.020911092 
205 540 12 15 0.020868713 
48 48 8 9 0.020857977 
403 595 12 15 0.020831227 
175 0 7 8 0.020828327 
98 551 19 24 0.02082789 
474 41 7 9 0.020749617 
256 127 8 11 0.020683607 
548 562 11 14 0.020678772 
176 102 8 10 0.020678468 
123 612 21 26 0.02065832 
984 64 9 10 0.020639805 
279 144 9 11 0.020634914 
198 597 12 17 0.020630646 
547 604 20 26 0.020605294 
735 41 7 9 0.020599438 
194 564 22 26 0.020582639 
921 14 7 10 0.020581529 
784 25 7 8 0.020580241 
528 16 7 9 0.02057493 
399 120 8 10 0.020564694 
648 110 10 12 0.020563167 
729 111 7 10 0.020558717 
610 95 7 10 0.020550985 
735 15 8 9 0.020525 
391 15 7 10 0.020516282 
361 23 7 9 0.020495739 
857 61 8 10 0.0204903 
746 125 8 10 0.02047964 
735 29 8 10 0.020462077 
527 70 7 10 0.020438345 
800 15 7 9 0.02043052 
15 23 8 9 0.020424118 
688 94 8 9 0.02041059 
792 64 6 8 0.020399852 
705 6 9 11 0.020399746 
208 32 7 9 0.02037064 
857 136 8 9 0.020313673 
392 613 11 14 0.02031284 
866 126 8 10 0.02027923 
957 620 14 19 0.020279141 
655 70 8 10 0.020263355 
46 1 9 9 0.02025696 
407 119 9 12 0.020255467 
749 589 13 16 0.020246753 
486 88 7 10 0.020212507 
152 128 7 9 0.020200975 
263 150 8 10 0.020188432 
88 151 9 12 0.020163191 
472 108 8 11 0.02013948 
312 48 8 10 0.020128543 
135 55 7 10 0.020095097 
524 586 11 16 0.020091783 
68 572 16 22 0.02007828 
237 560 19 24 0.020078054 
887 508 9 12 0.020073218 
1015 117 9 12 0.020063996 
759 23 7 9 0.02004213 
461 38 7 9 0.020031208 
488 24 8 9 0.02001453 
298 71 7 10 0.020013966 
445 2 8 9 0.020007648 
