47_Matador_Bullfighter_matadorbullfighting_47_572
19
235 28 23 28 0.9847991 
200 191 36 45 0.9690449 
892 98 20 29 0.90418804 
76 2 32 36 0.7952574 
652 105 19 28 0.32080784 
326 535 69 53 0.063903585 
96 65 37 51 0.057845097 
176 199 36 42 0.045692895 
182 200 53 54 0.0401205 
210 247 206 270 0.0323727 
60 39 27 36 0.03170274 
312 501 146 105 0.024706623 
368 -34 346 411 0.024473086 
151 110 32 33 0.023542544 
58 41 18 24 0.023104971 
314 580 124 122 0.021545937 
345 571 38 49 0.02151969 
80 48 19 23 0.02069124 
637 98 37 54 0.020432277 
