47_Matador_Bullfighter_Matador_Bullfighter_47_912
668
843 56 28 40 0.9979426 
776 126 28 33 0.99663806 
776 4 28 35 0.9965237 
732 64 22 30 0.99140865 
633 113 19 28 0.9801236 
848 118 31 41 0.9791763 
817 -1 24 25 0.97184235 
913 1 37 39 0.96589226 
235 20 17 21 0.96583974 
434 26 18 23 0.95420665 
629 18 17 23 0.95185614 
566 2 17 22 0.9450287 
514 17 18 21 0.9347382 
602 100 22 27 0.91782874 
738 10 21 27 0.90087265 
379 37 18 20 0.8800474 
684 58 21 25 0.87951064 
717 119 25 35 0.87537426 
88 306 39 61 0.8703492 
326 95 20 25 0.8513002 
181 43 19 22 0.8401969 
119 18 16 18 0.8342823 
346 50 14 18 0.73547226 
35 19 14 17 0.7044672 
690 26 16 19 0.68324775 
441 59 19 21 0.67405546 
469 131 23 28 0.664368 
593 164 24 32 0.62621725 
481 18 17 20 0.6062857 
729 304 38 58 0.5643663 
321 497 109 115 0.5589342 
246 173 24 37 0.54214823 
443 5 14 16 0.5227903 
597 48 18 22 0.5113014 
92 35 15 17 0.51073885 
533 36 18 23 0.5031439 
656 6 17 20 0.48606828 
938 292 67 81 0.472685 
60 15 15 18 0.43189576 
363 1 15 15 0.41231114 
874 118 31 40 0.39550996 
340 1 15 17 0.37123817 
186 36 17 21 0.3225234 
696 56 20 26 0.30893245 
677 8 14 18 0.2879108 
384 159 25 31 0.2688795 
489 82 15 19 0.26583308 
39 76 13 17 0.2646466 
548 58 15 19 0.26413554 
173 18 14 19 0.2602077 
859 22 21 22 0.25397223 
207 10 13 17 0.24391393 
707 55 18 25 0.2359166 
749 126 23 31 0.23295225 
308 15 15 21 0.20497778 
823 56 29 37 0.19524343 
0 91 11 17 0.19490719 
509 23 17 19 0.19085847 
693 121 23 30 0.18941234 
45 26 12 16 0.18794848 
36 3 13 14 0.18743815 
211 18 13 16 0.18724336 
405 23 11 14 0.18603604 
387 13 14 17 0.18364362 
93 -1 12 12 0.1798215 
17 37 15 19 0.17608102 
987 259 42 72 0.1715234 
67 17 14 18 0.16236366 
767 74 26 30 0.16221151 
131 65 16 23 0.15781039 
254 4 13 16 0.15731132 
205 6 12 15 0.15640995 
764 53 16 21 0.15354681 
422 4 12 15 0.15250678 
373 323 60 58 0.15191361 
333 90 21 28 0.15112641 
155 20 15 19 0.14400145 
369 189 28 42 0.14395727 
356 25 16 22 0.14317715 
370 98 19 22 0.14109801 
80 46 12 15 0.14098436 
220 44 15 19 0.13802506 
499 105 19 24 0.13608178 
718 5 14 17 0.1356414 
133 -1 14 13 0.13052306 
476 39 18 23 0.12941605 
691 6 14 17 0.12802024 
541 58 13 17 0.12658252 
946 424 45 74 0.124721706 
117 0 11 11 0.12336142 
755 118 16 24 0.122611545 
334 2 15 19 0.121447556 
623 414 58 69 0.119223766 
392 112 25 31 0.1191274 
960 49 49 66 0.11815262 
293 0 13 15 0.11790375 
149 19 15 18 0.11539136 
679 58 15 19 0.11483019 
733 122 26 33 0.113549136 
181 3 13 14 0.113361746 
156 80 16 20 0.11145727 
287 20 11 14 0.109742716 
761 123 25 33 0.10620128 
189 30 15 19 0.102326214 
552 109 23 25 0.098877445 
423 20 12 16 0.09871237 
240 53 24 29 0.098298974 
361 98 21 27 0.09675738 
239 111 20 27 0.09637628 
427 1 14 17 0.09449038 
682 4 19 24 0.09428488 
159 -1 12 11 0.09406461 
404 10 12 16 0.093953304 
311 99 15 20 0.09386183 
413 3 13 17 0.093606204 
325 1 15 18 0.09256598 
748 229 31 32 0.09241445 
352 101 21 27 0.09235156 
848 458 43 64 0.08932734 
99 38 14 18 0.08927003 
291 41 17 22 0.089035384 
647 214 39 47 0.08839083 
677 91 15 20 0.087901175 
643 80 16 20 0.087730624 
259 2 13 16 0.08707631 
664 3 20 24 0.0868371 
251 27 13 17 0.08603631 
0 547 54 68 0.08539272 
22 21 11 14 0.08495767 
796 99 16 18 0.08411483 
538 5 15 21 0.08303871 
276 1 13 15 0.08084267 
211 50 16 19 0.079796605 
247 4 13 15 0.07972429 
398 12 12 15 0.07942565 
564 27 12 16 0.078748055 
371 0 13 13 0.07844287 
566 144 21 28 0.07812913 
51 27 13 16 0.07794544 
188 2 12 14 0.07778165 
805 -3 26 29 0.07771212 
11 29 14 16 0.07767674 
907 58 29 37 0.07562285 
493 200 17 22 0.07519822 
0 22 9 15 0.07489115 
597 20 11 14 0.07479781 
556 450 48 76 0.07471033 
252 20 13 16 0.074149914 
206 0 11 11 0.07214622 
429 22 15 20 0.0718616 
342 95 21 27 0.07148638 
365 377 43 58 0.07121159 
686 20 16 20 0.071063936 
601 437 64 89 0.071011834 
389 74 15 19 0.070574045 
28 42 13 18 0.07055331 
85 18 12 15 0.07049442 
212 27 12 15 0.06957415 
855 55 29 37 0.06943425 
30 23 14 17 0.06915697 
464 20 20 27 0.06910686 
604 46 19 27 0.06852955 
451 28 15 20 0.068337075 
480 112 16 20 0.06818504 
7 27 11 15 0.06756059 
347 109 17 24 0.06755925 
200 70 18 24 0.067548975 
167 4 12 15 0.06746861 
125 -1 14 13 0.06739081 
197 149 25 33 0.066620864 
220 38 13 16 0.066156335 
362 29 16 22 0.065863475 
58 6 15 17 0.065823145 
29 75 17 21 0.06504824 
382 478 85 121 0.06500608 
754 333 34 43 0.064546265 
108 57 17 23 0.064180605 
569 469 32 42 0.0640484 
269 25 14 19 0.0637465 
854 9 28 28 0.06317875 
390 0 13 12 0.06288822 
967 456 30 48 0.06242126 
555 52 15 20 0.062054534 
399 19 13 17 0.061555766 
684 128 24 30 0.060923148 
578 41 15 22 0.06058177 
453 5 13 15 0.060518354 
510 0 11 10 0.06051115 
746 5 16 20 0.060048543 
61 52 14 16 0.060013525 
68 25 13 16 0.05960333 
704 114 26 34 0.059426952 
782 101 29 36 0.059293736 
413 56 16 20 0.0590019 
763 114 16 24 0.058795918 
670 102 19 27 0.05858753 
586 81 17 22 0.058357067 
165 19 15 20 0.058330674 
206 56 15 20 0.058192153 
424 27 14 18 0.05794615 
96 333 38 54 0.057906765 
141 19 14 19 0.057825297 
490 57 15 21 0.057624146 
697 28 16 18 0.057495374 
252 51 16 22 0.057439297 
747 7 22 30 0.057384606 
110 19 15 18 0.056048576 
19 67 13 16 0.055736274 
69 2 13 16 0.055525463 
11 21 13 16 0.055434003 
100 -1 13 13 0.05518081 
282 74 21 26 0.05413167 
150 2 13 16 0.05280761 
457 26 20 28 0.051516104 
333 25 11 16 0.051499058 
2 97 14 17 0.051298708 
276 27 14 17 0.051172704 
352 49 16 19 0.05071324 
20 29 13 16 0.0506022 
635 84 20 25 0.050406095 
342 54 14 19 0.050045446 
492 105 17 22 0.050032917 
474 124 18 23 0.049852535 
30 50 15 19 0.049506657 
697 495 63 68 0.049492937 
397 59 13 17 0.049441412 
298 46 15 20 0.04937809 
390 5 14 15 0.049373727 
420 10 13 17 0.049091306 
404 48 15 19 0.048715007 
163 64 16 19 0.048422564 
324 25 14 18 0.048012868 
385 27 16 21 0.047948305 
139 34 15 18 0.047640372 
537 44 18 23 0.047314707 
418 61 22 27 0.04712621 
893 290 97 105 0.046767477 
590 47 17 22 0.046748903 
237 49 17 22 0.046478134 
490 202 26 34 0.04628506 
425 145 24 29 0.04585188 
814 63 24 30 0.045812517 
588 25 16 19 0.04574964 
722 8 16 21 0.04564215 
761 60 24 29 0.045609456 
2 119 17 20 0.04554963 
31 0 12 13 0.04516763 
557 141 22 27 0.045046978 
397 0 12 11 0.044905845 
113 51 17 20 0.04489544 
356 71 16 23 0.04476503 
664 480 54 56 0.04469406 
611 17 15 20 0.04467096 
562 107 18 20 0.0446402 
74 1 15 17 0.04453632 
620 165 25 37 0.04451281 
374 47 14 19 0.04446501 
270 0 13 14 0.044367358 
231 -1 11 11 0.044308893 
605 12 14 19 0.044086765 
83 51 13 16 0.04407078 
44 14 11 15 0.04400362 
837 -1 24 24 0.043978095 
862 0 13 12 0.043972023 
540 29 14 17 0.043933813 
492 11 15 20 0.04380449 
277 73 16 22 0.043797214 
541 88 15 19 0.043617703 
77 19 12 16 0.04354923 
248 113 23 30 0.04318349 
100 59 15 21 0.04317186 
564 416 52 72 0.04299988 
502 18 15 18 0.04271725 
342 46 14 18 0.042704575 
565 432 75 102 0.042651758 
464 142 29 33 0.042640444 
483 47 14 20 0.042171974 
62 0 11 13 0.042094573 
332 85 16 22 0.04172867 
718 0 12 13 0.04145864 
494 168 25 31 0.040869113 
734 6 14 19 0.040802415 
213 35 14 16 0.040735167 
346 12 14 15 0.040715296 
743 234 45 51 0.040644154 
407 0 12 11 0.040635735 
889 51 38 46 0.040412005 
733 274 51 67 0.040158022 
43 5 12 14 0.040134322 
764 6 23 29 0.04006353 
852 25 19 21 0.039883625 
726 0 12 11 0.039876487 
122 58 17 25 0.039860584 
85 1 13 15 0.03975929 
262 19 13 16 0.03972748 
316 93 16 21 0.039710864 
256 171 28 40 0.03944344 
387 47 14 19 0.03941831 
62 23 14 17 0.039330702 
349 30 15 20 0.03913215 
710 -1 11 12 0.03911171 
428 58 15 22 0.03889596 
238 0 10 10 0.038731746 
161 73 19 23 0.038418233 
386 215 54 56 0.038402952 
849 0 26 24 0.03833041 
374 52 22 28 0.037973814 
898 6 31 34 0.037963625 
404 31 15 20 0.037917536 
91 59 15 20 0.03790244 
397 4 13 16 0.037686013 
172 5 14 16 0.03755522 
345 92 14 18 0.037521083 
178 11 15 17 0.037197568 
584 172 25 31 0.03713283 
92 18 13 16 0.03693644 
291 25 14 18 0.036892273 
195 50 14 18 0.036809716 
715 43 13 16 0.036734577 
604 167 28 38 0.03669624 
363 20 15 19 0.036679935 
222 4 12 14 0.036620654 
368 60 22 26 0.036502067 
639 78 14 17 0.036373157 
635 411 37 44 0.036102753 
150 51 15 20 0.035889205 
630 98 25 29 0.03588249 
731 410 24 40 0.035492666 
35 46 13 17 0.035430174 
823 2 31 35 0.035327036 
174 0 13 12 0.035157233 
566 179 14 18 0.03504668 
296 203 32 41 0.03503798 
765 94 27 34 0.034801133 
491 91 21 28 0.03479828 
642 114 22 27 0.034596857 
76 60 14 18 0.034519598 
756 12 14 19 0.034474336 
438 1 12 12 0.03442542 
860 442 50 70 0.034300376 
651 42 15 20 0.034143973 
564 41 14 21 0.03413192 
679 28 13 17 0.034107085 
726 416 43 59 0.033993207 
710 2 15 18 0.03393396 
252 32 15 20 0.033887047 
946 257 52 83 0.033841033 
101 20 14 18 0.033823565 
162 86 17 19 0.033771493 
436 179 16 20 0.033711582 
774 32 15 19 0.033676956 
573 275 40 54 0.03359401 
576 3 15 17 0.033577494 
404 309 60 63 0.03355015 
402 193 51 57 0.03327837 
398 50 13 18 0.033217847 
361 400 34 50 0.03306539 
683 83 15 19 0.032935936 
421 190 29 32 0.032908782 
47 21 21 25 0.032743607 
316 23 14 19 0.03261875 
20 46 16 22 0.03259687 
326 67 13 17 0.032476325 
403 80 15 21 0.032284018 
140 1 14 16 0.03227593 
292 104 13 19 0.03224717 
193 75 22 28 0.03219579 
22 5 11 13 0.032002244 
535 56 14 19 0.031925812 
382 190 48 55 0.03191743 
109 43 13 17 0.031912994 
348 17 14 19 0.031892136 
684 444 52 65 0.031887285 
355 192 27 38 0.031867005 
372 28 16 20 0.031710837 
316 58 16 18 0.031632822 
260 115 24 31 0.031597327 
419 50 16 21 0.031589262 
495 207 34 42 0.031510383 
832 109 27 41 0.03149553 
493 183 25 32 0.03143895 
372 355 52 66 0.031352803 
284 196 29 42 0.031287078 
655 15 14 18 0.031275664 
431 62 26 28 0.03125208 
469 3 14 18 0.031212207 
286 1 14 16 0.03120797 
970 9 53 75 0.031199249 
713 51 15 20 0.031158697 
395 65 15 21 0.031075396 
277 20 13 15 0.031022374 
20 16 19 24 0.030973738 
566 17 14 18 0.030949699 
360 64 22 28 0.03090259 
702 -1 12 13 0.03081785 
598 0 14 18 0.03078813 
228 5 14 15 0.030632641 
395 78 17 21 0.030469548 
242 45 16 20 0.03031664 
87 28 15 18 0.030198986 
861 -1 24 24 0.03014542 
564 72 15 19 0.030067738 
129 17 15 20 0.030066518 
636 5 14 17 0.030063376 
99 27 15 20 0.030063255 
8 35 12 14 0.030030351 
334 61 13 16 0.02996401 
149 89 13 17 0.029897373 
299 0 13 13 0.029890247 
872 121 52 66 0.029736973 
379 69 21 26 0.029688047 
230 13 14 17 0.029589675 
179 25 15 19 0.029408548 
225 51 24 29 0.029384831 
958 83 36 46 0.029337464 
508 2 15 17 0.029330058 
47 32 13 17 0.029217293 
765 40 24 29 0.02910343 
114 87 16 22 0.029027464 
533 107 13 18 0.029002644 
509 410 49 62 0.028979598 
355 145 17 22 0.028945573 
517 6 15 18 0.028939454 
237 5 13 15 0.028832635 
995 3 26 36 0.02882491 
395 180 26 34 0.028709231 
683 111 21 28 0.028642023 
453 145 15 19 0.02859115 
877 52 27 39 0.028573086 
43 70 13 17 0.028540252 
115 71 22 27 0.028521707 
415 209 54 62 0.028494596 
364 10 15 17 0.028385896 
346 150 18 21 0.028302507 
51 49 17 22 0.028286071 
212 6 13 15 0.028275276 
559 32 14 17 0.028162979 
0 74 8 14 0.028071966 
460 4 14 17 0.027991207 
596 128 16 21 0.027890388 
402 61 21 28 0.027878702 
821 116 26 36 0.027864628 
494 4 13 18 0.027851056 
335 113 23 31 0.027842823 
412 36 14 17 0.027694738 
553 125 24 30 0.027670907 
465 162 26 31 0.027636344 
668 85 14 16 0.027613169 
35 57 15 20 0.02759008 
790 412 61 63 0.027582696 
848 340 37 53 0.027538761 
186 55 15 19 0.027521832 
238 25 20 26 0.027515717 
14 5 12 13 0.027464213 
84 39 19 22 0.027400667 
630 167 40 55 0.027392015 
390 165 29 35 0.027313475 
301 24 14 19 0.02729693 
828 41 27 34 0.027276646 
61 319 49 53 0.027211176 
377 168 29 36 0.027185684 
29 67 15 18 0.027155414 
618 394 31 47 0.027153073 
157 56 17 21 0.027135754 
484 62 20 28 0.027075678 
422 34 13 17 0.02706398 
329 348 103 85 0.026974045 
326 72 22 28 0.026954044 
623 22 15 21 0.02695317 
814 234 31 38 0.026951343 
34 68 21 27 0.026894994 
14 16 11 14 0.026843706 
691 426 53 59 0.026770575 
624 365 34 40 0.026677793 
629 5 15 18 0.026625542 
320 14 20 26 0.026621964 
373 81 24 30 0.02661103 
716 321 31 44 0.02659095 
504 26 15 18 0.026584908 
564 426 33 44 0.026535477 
55 0 11 12 0.026468603 
221 72 15 21 0.026439417 
514 130 25 32 0.026351579 
793 371 88 91 0.026282929 
424 523 68 83 0.026245954 
837 226 29 33 0.026237449 
395 108 16 21 0.026230443 
226 47 16 21 0.026152488 
-16 331 96 111 0.02614537 
21 14 11 14 0.026058374 
338 71 21 28 0.02604919 
748 115 17 23 0.025991311 
386 104 23 30 0.025925286 
377 306 44 41 0.025913527 
363 111 16 23 0.025887908 
233 351 123 100 0.02580978 
199 0 12 12 0.025757749 
585 438 31 41 0.025727198 
681 243 32 36 0.025701275 
848 31 31 38 0.025691802 
690 156 15 18 0.02563303 
573 35 15 22 0.02561496 
784 83 26 33 0.025606163 
836 464 38 50 0.025518974 
646 47 15 20 0.025473395 
348 72 15 20 0.025472067 
115 44 14 17 0.025359057 
727 114 21 26 0.025358524 
539 0 13 13 0.025342323 
838 10 31 34 0.025325315 
14 93 12 13 0.025320802 
684 35 24 31 0.025297385 
214 0 10 10 0.025220858 
411 43 15 19 0.025216814 
74 82 15 17 0.02515438 
202 167 17 24 0.025152754 
631 230 30 34 0.025143089 
896 442 58 71 0.025119256 
543 103 23 27 0.025054684 
259 12 13 16 0.025030652 
691 114 17 20 0.024945457 
397 225 30 34 0.024928754 
208 62 19 24 0.024906566 
253 42 16 21 0.02482073 
136 59 19 26 0.024815751 
402 3 20 25 0.02481132 
310 52 13 16 0.024770252 
660 442 54 66 0.024732396 
546 3 16 19 0.024722982 
-10 519 47 68 0.024682352 
596 37 15 19 0.024611058 
677 144 16 21 0.024543857 
-1 313 63 79 0.024523202 
693 81 14 19 0.024452506 
308 34 13 16 0.024413165 
124 68 18 23 0.024403762 
110 82 14 18 0.024376774 
281 22 20 26 0.024356738 
580 412 30 37 0.024319746 
60 55 21 27 0.02426099 
967 274 55 81 0.024166927 
765 6 14 19 0.024106743 
828 71 29 38 0.024083985 
507 107 23 28 0.024024796 
710 430 53 70 0.023952331 
484 210 31 48 0.023886913 
599 13 13 17 0.023885382 
7 40 23 31 0.02376571 
532 16 15 19 0.02371832 
564 329 29 39 0.023619486 
555 402 46 60 0.023589233 
662 226 48 61 0.023536352 
660 105 18 23 0.023443472 
533 66 15 18 0.023378303 
270 15 12 15 0.023376435 
620 3 15 18 0.023320042 
749 66 27 32 0.023318125 
335 43 13 17 0.023294419 
524 -1 13 13 0.023151161 
317 33 14 16 0.023134604 
473 515 67 72 0.023117244 
217 53 18 22 0.023089442 
727 10 22 28 0.023044033 
284 36 17 21 0.023010321 
390 38 21 28 0.02298001 
523 13 20 28 0.02295095 
45 57 14 18 0.022933252 
699 3 14 17 0.022895487 
594 87 20 30 0.022838987 
410 27 14 17 0.022815598 
389 147 26 31 0.022812946 
388 189 28 37 0.022668406 
114 61 18 23 0.022585003 
383 54 21 28 0.022572478 
70 64 16 20 0.022520134 
446 6 20 25 0.02249814 
611 53 16 23 0.022489343 
548 136 21 27 0.022469394 
259 35 15 19 0.022467952 
6 5 11 14 0.022439517 
355 115 18 24 0.022363707 
67 51 14 17 0.022338571 
253 398 60 57 0.02233383 
493 46 23 29 0.022322934 
6 15 11 14 0.022311136 
237 65 25 28 0.022286726 
637 152 24 32 0.022281988 
742 422 53 64 0.022191092 
358 178 29 38 0.02217858 
21 59 14 19 0.022174362 
504 -1 12 13 0.022173453 
541 112 16 21 0.022118002 
305 125 23 32 0.022104783 
669 66 15 18 0.022104003 
15 0 10 11 0.022093572 
652 63 16 19 0.022093112 
642 8 21 25 0.022068413 
732 210 40 51 0.022063335 
678 102 21 29 0.022029923 
341 3 23 26 0.022021106 
644 84 22 26 0.021958021 
626 187 31 46 0.021938609 
189 72 16 21 0.021889072 
862 327 101 115 0.021878626 
36 33 13 16 0.021871101 
22 0 11 11 0.02181378 
559 0 13 14 0.021777697 
412 19 12 16 0.02175877 
120 1 21 24 0.021701604 
290 77 22 28 0.021633595 
109 0 15 15 0.021625435 
443 95 17 21 0.021620754 
470 13 20 26 0.021599114 
22 32 19 24 0.021578074 
430 181 24 30 0.021527965 
39 1 21 24 0.021448579 
628 54 17 21 0.021377783 
258 55 16 21 0.021341328 
9 119 26 34 0.021271551 
585 151 25 35 0.02124294 
770 107 17 23 0.021211613 
948 12 54 64 0.021195246 
610 376 35 51 0.02118703 
324 59 14 18 0.021182884 
630 87 15 20 0.021173956 
201 10 13 16 0.021163745 
517 -1 12 12 0.021062417 
397 34 12 17 0.020979552 
409 147 26 29 0.020899275 
439 9 16 18 0.020864643 
381 0 13 12 0.020846562 
585 31 21 27 0.0208337 
334 51 14 17 0.020804917 
795 86 25 31 0.020738045 
361 317 44 46 0.020727243 
526 432 58 80 0.020697141 
169 82 16 22 0.020689975 
695 107 23 30 0.020656262 
645 -1 12 11 0.020636525 
533 27 15 21 0.020628829 
788 128 29 34 0.020627573 
688 260 74 108 0.020587662 
658 86 23 27 0.020574888 
298 120 17 25 0.020574637 
187 61 22 26 0.020570416 
497 1 22 26 0.020567903 
479 433 51 61 0.020566596 
663 448 87 98 0.02051495 
653 114 23 28 0.020506743 
306 458 172 186 0.020487402 
908 397 67 87 0.020475162 
590 102 23 29 0.0204544 
611 42 15 23 0.020448558 
269 72 15 20 0.020440297 
140 51 15 21 0.020416748 
638 0 12 11 0.020378275 
706 131 28 37 0.020364584 
946 444 28 45 0.02035233 
499 11 14 18 0.020319857 
297 227 45 49 0.020309808 
543 11 21 31 0.020294713 
817 192 43 51 0.020225434 
326 119 24 34 0.02021389 
161 0 21 24 0.02020257 
812 6 30 37 0.02016983 
86 59 13 18 0.020128371 
748 0 14 13 0.020123992 
222 10 13 16 0.020050516 
