14_Traffic_Traffic_14_55
33
789 162 107 136 0.17321198 
881 4 10 12 0.10371367 
260 188 9 11 0.06665858 
609 148 10 14 0.062391203 
837 389 10 13 0.055988766 
211 463 17 18 0.048798308 
295 158 9 11 0.04452228 
977 541 14 16 0.04153205 
-7 333 159 245 0.036331285 
885 80 11 13 0.035346776 
201 6 57 60 0.034217928 
781 172 74 86 0.032663733 
775 102 14 19 0.03158373 
398 61 13 14 0.028246395 
87 165 8 11 0.027923487 
326 70 10 13 0.026244203 
0 85 8 13 0.025711684 
270 450 13 15 0.025405673 
272 151 9 11 0.025319332 
884 85 14 15 0.024751995 
247 138 349 440 0.02433369 
295 154 8 11 0.024290796 
270 20 15 19 0.02418595 
253 20 15 18 0.02367316 
202 46 13 18 0.022886822 
265 207 10 13 0.022814708 
880 9 11 15 0.022803044 
533 45 13 16 0.022272632 
528 176 435 529 0.021928888 
734 108 10 12 0.02143352 
728 109 10 11 0.021307731 
745 46 10 12 0.020993995 
88 161 8 10 0.020391297 
