14_Traffic_Traffic_14_504
40
785 248 31 37 0.99724436 
341 107 52 73 0.98209584 
982 317 10 14 0.29936168 
221 270 117 157 0.27738783 
317 94 53 84 0.11561923 
29 101 49 61 0.10355228 
989 307 12 15 0.09255229 
41 178 102 129 0.08068431 
123 520 13 16 0.07806221 
914 148 57 65 0.06292187 
991 296 10 12 0.05644032 
977 317 10 14 0.051999286 
32 98 28 38 0.05168883 
957 317 10 13 0.051185824 
991 301 10 14 0.05083677 
12 116 58 68 0.050238203 
987 315 13 16 0.049528707 
61 116 317 408 0.04780068 
966 319 9 12 0.04731409 
949 316 11 14 0.04593523 
31 94 12 16 0.042911936 
350 140 51 83 0.042038634 
990 324 11 13 0.03743007 
289 292 89 134 0.036484957 
326 319 62 84 0.034796167 
3 115 88 122 0.034785144 
997 318 13 15 0.034019984 
301 79 47 81 0.033706862 
-3 148 174 242 0.032925706 
135 230 182 244 0.029510543 
983 304 20 26 0.028041834 
995 307 12 15 0.02753465 
34 484 13 14 0.02709936 
966 324 11 14 0.026766146 
979 312 20 25 0.025252799 
1004 318 11 13 0.024914356 
700 63 13 14 0.024778103 
989 332 12 14 0.023757858 
966 334 11 13 0.022773921 
2 128 31 39 0.022283245 
