14_Traffic_Traffic_14_361
238
848 290 18 22 0.22609727 
914 292 14 16 0.21158843 
673 320 9 12 0.20427217 
726 316 10 12 0.16863164 
519 301 10 13 0.1658344 
720 317 9 12 0.1593865 
414 350 9 11 0.1224125 
335 277 12 15 0.115596436 
719 310 9 11 0.10719514 
421 332 10 12 0.088689364 
657 319 8 10 0.0838035 
561 272 8 9 0.08273946 
733 316 10 13 0.082059294 
359 344 9 12 0.07940133 
375 271 9 12 0.07674887 
2 238 12 16 0.07670369 
429 263 9 11 0.074977726 
375 342 11 13 0.07407104 
623 373 11 14 0.064966194 
415 355 10 13 0.064195044 
835 288 16 23 0.06354377 
356 173 11 14 0.05965899 
608 311 9 12 0.059271026 
512 285 9 11 0.057775 
432 309 8 11 0.057381295 
457 318 9 12 0.056872893 
384 215 7 9 0.05667182 
631 327 7 9 0.055786647 
461 317 11 12 0.05541055 
366 341 10 13 0.05298973 
496 287 9 10 0.052543525 
406 333 9 11 0.052345596 
408 246 8 9 0.051917147 
359 324 10 12 0.05123298 
400 247 8 9 0.050569512 
486 307 10 13 0.050551943 
560 277 8 9 0.049408715 
645 335 11 12 0.049000617 
351 323 10 13 0.04834603 
631 206 7 9 0.047710344 
529 275 10 13 0.047108762 
398 270 9 11 0.047089238 
504 337 10 13 0.046156913 
366 389 11 13 0.045885142 
442 270 8 11 0.0457999 
619 387 13 16 0.045720104 
677 323 9 11 0.04567529 
431 303 8 11 0.045559317 
911 286 13 16 0.044640824 
429 348 10 13 0.043664932 
455 286 9 11 0.043127708 
592 231 9 10 0.042134576 
358 382 11 14 0.041716635 
480 229 8 10 0.041597165 
623 379 13 15 0.041578405 
417 332 9 12 0.04138035 
502 308 9 12 0.041297067 
671 312 8 10 0.040947463 
649 158 9 12 0.04030617 
665 310 8 10 0.04018679 
513 278 8 10 0.040104885 
656 200 8 10 0.040012434 
470 316 11 13 0.03994084 
452 338 12 15 0.039770413 
662 319 9 12 0.039698876 
838 292 21 29 0.03886196 
343 299 11 14 0.03882144 
565 270 8 9 0.03861005 
614 311 8 11 0.03856598 
400 335 9 12 0.038203113 
517 277 8 11 0.03759787 
367 397 12 15 0.037329208 
25 31 8 10 0.037273962 
857 289 15 19 0.036963522 
390 214 7 10 0.036905684 
424 260 11 13 0.036895476 
551 278 8 10 0.036705125 
630 374 11 14 0.03669566 
434 223 8 10 0.03599432 
481 224 9 10 0.03552871 
606 270 8 11 0.03529407 
480 309 11 12 0.035250414 
726 321 12 15 0.035216216 
886 287 15 21 0.034708075 
637 233 9 11 0.034243274 
414 205 8 10 0.033567145 
414 308 10 11 0.03341398 
410 349 9 12 0.033285048 
679 348 9 11 0.033223443 
583 248 7 9 0.03308105 
693 291 10 14 0.03305443 
383 220 8 10 0.03297053 
454 324 12 13 0.03272257 
456 224 9 11 0.032533396 
699 382 13 16 0.032201134 
374 264 9 10 0.031867854 
399 340 9 11 0.031741265 
569 230 8 10 0.031386252 
423 349 11 13 0.031208616 
625 327 7 9 0.031069327 
384 208 8 10 0.030708391 
366 319 9 11 0.030644694 
852 324 13 18 0.030380948 
545 278 8 10 0.030319877 
416 200 8 10 0.030301042 
567 326 9 13 0.030172203 
601 174 10 13 0.030107269 
639 243 10 12 0.029987063 
615 302 8 10 0.029917762 
786 225 31 40 0.029605286 
432 207 8 10 0.029329563 
607 295 8 10 0.029216789 
416 346 9 10 0.029130569 
455 292 9 12 0.029109517 
422 355 11 14 0.029053194 
363 347 10 13 0.028958846 
496 294 10 11 0.028797492 
484 333 11 14 0.028749641 
903 291 12 17 0.0285741 
447 318 10 12 0.028544443 
925 292 12 16 0.02828619 
413 246 8 9 0.028115336 
415 271 10 12 0.027937187 
448 214 9 9 0.027889535 
607 215 8 9 0.027844321 
239 139 384 511 0.027718272 
607 222 8 10 0.027666647 
479 280 10 11 0.027574131 
382 271 9 11 0.027478201 
577 280 8 10 0.027471872 
488 223 8 10 0.027414586 
383 365 9 11 0.02739761 
597 255 9 11 0.027181473 
424 207 7 10 0.027163662 
364 382 11 14 0.027129926 
409 208 9 10 0.027119104 
662 200 8 10 0.02703787 
496 331 12 15 0.027020488 
925 286 10 14 0.026630646 
447 294 10 12 0.02634519 
407 262 9 12 0.026283136 
583 280 9 10 0.0262497 
382 252 9 11 0.026241882 
368 263 10 11 0.02617294 
902 285 11 15 0.026082054 
393 270 9 12 0.02606822 
391 334 10 12 0.025914744 
843 286 17 21 0.025806362 
552 273 9 10 0.02579325 
360 332 9 13 0.02573404 
624 342 8 11 0.02565151 
415 255 9 12 0.025621222 
344 318 11 13 0.025278494 
383 286 10 12 0.025261477 
616 333 10 12 0.025211625 
831 280 12 16 0.025175998 
590 279 9 10 0.025070993 
846 318 25 29 0.024780113 
794 338 14 16 0.024754686 
648 163 9 12 0.024643537 
422 268 12 13 0.024623848 
494 323 11 13 0.02459018 
602 318 8 11 0.024555756 
853 327 27 28 0.024520978 
487 279 8 10 0.024427926 
524 374 9 11 0.02435471 
591 271 7 9 0.024314834 
376 223 8 9 0.024275646 
584 206 7 9 0.0242588 
500 295 10 12 0.024208412 
495 309 9 11 0.024061361 
502 301 10 13 0.023993159 
488 228 8 11 0.023971027 
377 246 10 13 0.02389742 
854 278 13 15 0.02388107 
380 342 11 14 0.023750093 
391 208 8 9 0.02372312 
631 202 8 9 0.023682756 
95 67 13 14 0.023597559 
633 175 8 9 0.02359462 
553 214 7 10 0.023577461 
583 285 9 11 0.023533257 
597 231 8 10 0.023525724 
608 302 9 10 0.0235197 
838 305 26 30 0.0234995 
400 241 8 10 0.02346594 
423 200 7 10 0.02326093 
520 272 9 10 0.023246983 
671 235 28 37 0.023151744 
703 357 9 11 0.023121774 
414 222 8 10 0.023066735 
649 317 8 10 0.023000585 
478 284 10 12 0.022794971 
449 334 11 14 0.022781385 
911 211 27 32 0.022764523 
512 307 10 13 0.022760084 
487 216 9 10 0.022379806 
406 328 10 12 0.022319706 
593 238 7 9 0.022285983 
632 235 11 13 0.02222091 
400 262 10 12 0.022148473 
631 365 10 13 0.021987837 
383 347 9 12 0.021825783 
569 224 8 10 0.0218179 
916 280 11 13 0.02177915 
622 223 9 10 0.02177656 
616 209 8 10 0.021705555 
414 276 11 14 0.021650918 
407 254 9 12 0.021510566 
608 264 8 10 0.02150796 
361 233 7 10 0.021447927 
599 260 8 11 0.02136275 
449 192 7 10 0.021354023 
615 341 10 12 0.0211837 
639 220 8 10 0.021127282 
472 223 8 9 0.020971103 
384 262 8 11 0.020902975 
30 31 9 12 0.020901065 
984 300 10 12 0.020837009 
846 321 14 17 0.020783886 
600 209 8 9 0.020692633 
573 231 8 9 0.020689372 
489 285 8 11 0.020668788 
869 285 12 17 0.020666942 
657 349 9 12 0.02064332 
600 213 8 10 0.020536983 
323 276 14 17 0.02049939 
916 303 13 17 0.020435855 
438 343 9 13 0.020340908 
392 246 9 11 0.020324957 
648 312 8 10 0.020256784 
718 321 11 15 0.02021733 
576 284 9 11 0.020206332 
462 206 8 10 0.020194303 
366 332 10 13 0.020188464 
623 190 8 10 0.020112323 
696 335 8 10 0.020041974 
716 316 20 24 0.020027192 
