14_Traffic_Traffic_14_267
122
168 458 17 23 0.9599612 
74 446 17 19 0.9475488 
154 436 17 22 0.91087496 
231 476 18 23 0.8957287 
386 310 31 36 0.20708945 
510 308 9 11 0.15540738 
738 234 15 19 0.1512499 
693 299 10 16 0.11629089 
83 467 12 16 0.11470163 
750 303 9 12 0.10626465 
526 364 14 17 0.10251032 
511 291 9 11 0.1012793 
539 436 10 14 0.094676234 
115 485 13 17 0.09055413 
492 262 13 14 0.08820339 
321 415 10 13 0.080549166 
631 437 10 13 0.077296406 
287 435 10 13 0.07204583 
64 488 14 19 0.071326226 
50 376 16 22 0.0694311 
485 265 13 15 0.06434321 
468 261 9 12 0.061365318 
743 340 11 15 0.061208263 
506 308 9 12 0.059469867 
76 391 9 11 0.057179883 
692 236 10 14 0.05219303 
712 233 13 16 0.05147742 
469 256 9 11 0.05097188 
647 188 8 11 0.048958622 
190 232 8 10 0.0489284 
715 535 15 19 0.0447143 
45 428 13 17 0.044350524 
526 359 12 14 0.04333835 
287 464 9 11 0.04081856 
701 599 13 15 0.04019581 
800 240 9 11 0.039656166 
713 366 7 10 0.03947474 
578 237 12 14 0.038323205 
806 316 9 12 0.036607377 
569 300 9 13 0.03567497 
573 298 12 15 0.0348521 
127 475 13 18 0.034693446 
630 382 9 12 0.03432669 
77 456 15 18 0.03398011 
756 307 10 14 0.033453736 
753 306 9 13 0.033338316 
998 632 27 38 0.033274032 
481 268 10 13 0.032990817 
628 307 11 13 0.032437433 
749 230 12 16 0.03196703 
478 299 13 17 0.03161849 
688 407 10 12 0.031586386 
264 398 8 10 0.031146161 
185 231 9 11 0.031067379 
478 403 11 14 0.03101694 
623 331 13 16 0.030583614 
485 273 12 14 0.03025058 
731 356 13 16 0.030146245 
321 437 9 12 0.029838558 
256 397 8 10 0.029435094 
280 462 9 12 0.029205292 
72 394 11 14 0.028416192 
583 333 10 14 0.028400553 
826 325 12 14 0.02781637 
126 482 11 16 0.02778316 
492 318 10 13 0.027553424 
468 268 10 12 0.027380643 
605 306 14 18 0.027229574 
213 264 9 11 0.026644023 
505 286 10 14 0.026587542 
517 287 12 14 0.026582291 
411 321 15 19 0.026502091 
157 439 22 28 0.026318416 
274 232 7 9 0.026303887 
225 223 7 9 0.025656734 
216 233 8 10 0.025399128 
734 236 23 29 0.025208592 
484 259 22 23 0.025033878 
38 428 14 16 0.024444481 
185 237 8 11 0.024435721 
840 237 8 11 0.024257334 
792 241 9 11 0.02424896 
569 292 12 14 0.02416804 
239 474 16 21 0.023990722 
495 360 10 11 0.023952771 
499 263 10 12 0.023785392 
807 239 8 12 0.023771022 
103 153 14 18 0.023610482 
600 307 12 15 0.023491202 
573 309 11 15 0.023474079 
727 350 11 14 0.023407795 
321 409 8 11 0.023335049 
216 395 11 13 0.023033047 
475 294 24 31 0.022963928 
730 343 22 29 0.02286972 
132 468 13 17 0.022855192 
606 274 12 15 0.022705914 
224 230 8 10 0.022630077 
192 224 7 9 0.022244036 
840 223 7 9 0.022161111 
83 152 14 19 0.022147262 
644 269 11 13 0.021988006 
471 307 12 16 0.021986023 
576 261 9 12 0.021763694 
774 267 12 15 0.021692442 
515 308 11 13 0.021582963 
280 398 8 10 0.02157363 
518 317 10 12 0.02150638 
71 437 15 17 0.021338848 
712 359 8 13 0.021147424 
484 365 11 12 0.021047786 
734 350 11 15 0.020999508 
468 316 12 13 0.02082657 
687 294 19 27 0.020793248 
536 333 10 14 0.020767108 
317 84 12 19 0.020592777 
631 388 9 12 0.020579558 
270 470 10 12 0.02046732 
644 221 11 13 0.020440277 
484 301 12 15 0.020308763 
688 260 10 11 0.020214293 
510 315 10 13 0.020058034 
