14_Traffic_Traffic_14_840
696
93 255 26 31 0.9990074 
924 271 30 35 0.9985538 
144 279 32 35 0.9979796 
608 287 28 34 0.9975535 
704 277 29 33 0.9975314 
808 282 27 32 0.997285 
577 260 27 30 0.9966247 
491 270 36 41 0.99455196 
315 253 24 29 0.9940995 
54 255 29 32 0.9930918 
185 255 37 43 0.99252594 
18 284 36 38 0.9922586 
960 255 28 35 0.9905945 
278 277 31 35 0.9890848 
381 294 30 35 0.9827124 
773 266 25 29 0.98059237 
52 199 15 19 0.97901505 
862 264 25 28 0.9675162 
516 210 16 19 0.9673063 
259 237 29 30 0.9657984 
630 242 21 26 0.9477065 
668 263 28 32 0.941171 
574 206 15 18 0.92871755 
413 227 23 28 0.92412156 
755 147 12 15 0.9169339 
741 223 21 24 0.885626 
934 167 14 17 0.87540686 
627 210 14 16 0.8683709 
133 239 26 30 0.86264706 
708 213 13 17 0.8486946 
26 210 15 17 0.8435121 
610 238 19 22 0.83730125 
707 237 27 30 0.81937957 
863 195 12 16 0.81932896 
792 216 16 19 0.77447295 
633 190 12 15 0.7263938 
264 196 17 19 0.705048 
599 224 17 21 0.70162475 
201 252 34 36 0.66589093 
0 196 13 19 0.6476892 
323 201 12 16 0.62771684 
836 193 13 17 0.6140091 
890 172 13 18 0.6026834 
978 188 8 12 0.5963867 
101 168 14 16 0.57156396 
495 185 11 15 0.57110786 
343 232 24 30 0.5494548 
530 227 15 19 0.5465252 
663 185 13 15 0.5354488 
1011 222 13 20 0.48446986 
749 259 23 26 0.45435014 
470 245 23 29 0.44083053 
760 260 27 31 0.43065584 
661 242 17 20 0.4269406 
611 157 8 11 0.4227059 
53 156 10 13 0.40962252 
695 195 11 13 0.39260802 
596 152 8 11 0.36649862 
280 502 18 21 0.34432676 
223 497 27 40 0.3405694 
308 201 13 16 0.31848165 
400 233 26 29 0.31034938 
799 186 13 15 0.30747265 
559 239 23 28 0.30538383 
170 454 26 34 0.30152434 
288 211 13 16 0.30099392 
837 208 14 17 0.2933408 
830 188 15 18 0.29150632 
604 226 21 27 0.28748026 
903 174 11 15 0.28491306 
771 186 13 17 0.28434038 
877 198 12 15 0.2821842 
524 155 11 13 0.2767963 
585 188 13 17 0.27241296 
613 198 13 15 0.2709117 
354 280 26 35 0.2587893 
218 466 17 22 0.25235838 
702 216 16 19 0.24689907 
31 189 12 15 0.24640895 
535 173 12 15 0.24369244 
536 151 9 11 0.24234128 
228 205 13 17 0.23225081 
652 219 14 18 0.22702345 
193 182 9 14 0.2167521 
981 219 14 17 0.21674497 
563 181 11 15 0.21378735 
727 489 15 20 0.21363889 
431 158 11 15 0.20962526 
508 343 30 47 0.20611751 
837 257 24 31 0.20427462 
407 186 11 15 0.20325024 
628 150 9 12 0.19658516 
494 223 17 20 0.1958624 
734 177 13 16 0.19465934 
389 170 14 21 0.19218805 
475 250 28 31 0.19031715 
568 150 8 10 0.18952106 
345 150 9 12 0.18427734 
328 175 10 13 0.18303221 
282 459 18 19 0.18038346 
599 170 11 14 0.18027523 
745 207 22 27 0.17713283 
726 204 13 16 0.17291437 
936 444 36 45 0.16557048 
986 280 26 31 0.16454157 
666 236 17 21 0.16389535 
861 232 15 18 0.15940666 
693 505 24 30 0.1567179 
882 236 22 27 0.15321706 
394 267 28 31 0.14799246 
993 197 11 14 0.14717002 
480 257 32 37 0.14685641 
416 148 9 11 0.14609379 
202 223 27 31 0.14607759 
444 241 22 26 0.14508021 
137 202 22 28 0.14489989 
720 198 12 14 0.14382575 
502 151 10 13 0.14183392 
568 246 26 33 0.13856597 
650 516 15 21 0.1384393 
542 186 12 16 0.13727069 
246 521 14 20 0.13385218 
619 243 22 25 0.13232768 
497 151 9 11 0.12938671 
148 242 26 32 0.12899698 
96 166 13 16 0.12729496 
521 270 23 32 0.12268351 
354 238 22 28 0.12246132 
365 209 12 16 0.12088893 
696 219 11 15 0.12085893 
837 479 14 20 0.12070753 
312 241 24 29 0.118695475 
978 387 15 20 0.11820667 
466 217 16 19 0.11730538 
534 184 14 17 0.11564187 
134 195 14 19 0.11313812 
63 379 26 30 0.112949245 
389 277 29 34 0.11289119 
724 356 23 33 0.11274212 
390 239 27 30 0.11206117 
772 234 23 29 0.11201446 
992 476 27 37 0.11180474 
754 206 15 20 0.111511 
216 204 22 26 0.10993921 
93 303 28 35 0.10799948 
606 172 11 14 0.106271125 
458 245 23 29 0.10531437 
614 178 11 15 0.10486091 
24 190 10 13 0.104381084 
828 262 25 30 0.103798866 
804 183 13 15 0.1037112 
196 233 36 41 0.10341783 
983 232 16 20 0.103294015 
123 218 16 20 0.10191724 
542 152 9 11 0.10183721 
463 204 14 17 0.09984929 
410 221 20 22 0.097140364 
797 206 14 17 0.09563919 
573 162 12 15 0.09513794 
364 245 17 21 0.09376611 
409 149 9 11 0.09191558 
34 194 13 16 0.09161347 
164 246 25 31 0.09116762 
865 227 14 18 0.091158874 
625 497 14 17 0.08964725 
547 189 12 15 0.08832887 
125 230 23 29 0.08625178 
803 193 16 18 0.08590263 
573 151 9 10 0.084102966 
831 184 11 14 0.083854154 
368 287 30 38 0.08337151 
312 183 11 13 0.08324264 
1007 204 12 15 0.08275198 
849 258 26 32 0.08248349 
519 227 26 30 0.08246457 
438 331 28 38 0.081385575 
359 206 12 16 0.08026265 
371 209 14 17 0.07996056 
688 197 12 14 0.07976266 
561 142 9 10 0.079720244 
145 514 13 16 0.0778445 
869 198 15 18 0.07745271 
522 150 9 11 0.07739694 
422 148 9 12 0.077247806 
662 148 8 11 0.07705819 
653 241 16 21 0.07500704 
731 462 12 14 0.074878216 
1007 210 13 18 0.07435768 
454 189 11 14 0.074193306 
707 223 22 25 0.074072726 
266 245 30 35 0.07348312 
310 232 17 22 0.073446274 
872 246 26 32 0.07173969 
700 518 14 19 0.071643345 
273 261 32 39 0.071339585 
567 145 8 10 0.07097073 
291 206 13 16 0.07002722 
181 96 12 14 0.06922786 
619 181 12 15 0.0692103 
553 472 50 61 0.06918535 
1012 214 12 17 0.06859816 
284 214 22 24 0.06858149 
726 335 30 42 0.06821568 
889 168 10 14 0.06802607 
269 227 27 32 0.067754544 
497 229 18 22 0.067371406 
897 212 11 14 0.06717091 
1 309 11 16 0.067060046 
77 467 21 31 0.06675117 
340 466 13 16 0.066411436 
641 241 18 23 0.06634489 
550 151 9 11 0.06619371 
669 203 12 15 0.06610512 
656 223 21 27 0.065967806 
644 223 17 20 0.06543865 
991 228 23 30 0.06465826 
667 250 25 31 0.06453185 
939 464 30 36 0.06352093 
812 185 13 15 0.06322338 
910 167 10 13 0.06319678 
478 231 26 32 0.06319297 
119 413 28 32 0.06292144 
422 144 9 10 0.062831126 
3 191 12 15 0.06251256 
78 216 17 21 0.06250352 
879 211 12 14 0.06167201 
421 204 13 16 0.06130103 
392 172 20 28 0.061073158 
937 269 26 33 0.06093367 
539 306 32 44 0.060671415 
675 218 16 19 0.060365133 
996 201 12 16 0.060152177 
659 493 15 18 0.059923902 
461 197 13 15 0.0595177 
318 206 15 18 0.059457395 
597 352 30 43 0.059341043 
607 164 10 13 0.059302676 
191 147 22 27 0.05923064 
420 218 21 28 0.05858482 
374 202 13 16 0.058483586 
462 165 10 13 0.058418386 
519 218 22 26 0.05839886 
975 193 11 15 0.058177143 
461 300 42 50 0.057835482 
651 203 15 16 0.057658754 
1007 227 17 29 0.05742954 
331 170 13 18 0.05733169 
751 197 14 17 0.056953136 
977 213 13 16 0.05667134 
628 154 12 15 0.05627316 
738 185 15 18 0.05542062 
445 212 12 16 0.055357214 
916 203 15 18 0.054709528 
678 203 13 17 0.05469732 
711 245 29 34 0.05450756 
45 205 16 19 0.054300435 
1011 240 12 21 0.054193728 
662 192 15 17 0.05394399 
133 469 17 22 0.053671964 
614 163 10 13 0.05352384 
255 240 18 23 0.053450983 
389 185 12 17 0.05308857 
684 218 14 18 0.05282998 
498 155 9 12 0.052296717 
536 225 15 19 0.052259885 
431 152 8 11 0.051548902 
130 208 21 27 0.05148422 
968 247 28 34 0.051389426 
613 187 13 16 0.05137994 
386 253 27 32 0.050981432 
521 205 16 20 0.050883073 
329 236 26 32 0.050567236 
470 152 8 10 0.050508592 
772 320 23 34 0.050321776 
995 278 15 18 0.050321084 
440 186 11 16 0.05027058 
164 245 14 19 0.050159212 
277 166 11 17 0.04990896 
668 469 15 21 0.04987212 
695 463 10 13 0.04962693 
445 186 11 16 0.04944499 
381 200 12 17 0.049423207 
197 226 18 20 0.04923171 
894 194 13 17 0.049005967 
588 183 12 15 0.04884933 
4 286 24 35 0.048641663 
234 203 13 17 0.048525758 
263 471 12 14 0.048517745 
526 173 12 14 0.04844977 
526 163 11 14 0.04825945 
973 200 13 17 0.04814899 
511 205 16 21 0.04813787 
544 195 12 14 0.047821574 
882 196 13 16 0.047630228 
903 259 13 18 0.047580656 
803 202 14 16 0.047567952 
806 338 31 41 0.047212034 
759 246 27 30 0.047039375 
1002 282 15 19 0.04692172 
141 263 32 39 0.046869036 
544 156 9 12 0.046514038 
670 464 12 15 0.04641901 
998 219 12 15 0.046090737 
506 148 12 15 0.045800813 
752 224 16 20 0.045621783 
222 197 15 19 0.045288995 
423 156 12 15 0.04522965 
906 265 24 32 0.045227442 
739 304 26 34 0.04516849 
628 463 12 15 0.045121588 
502 162 10 14 0.044896703 
455 164 12 15 0.044649005 
15 198 11 14 0.044536117 
752 152 12 15 0.044217538 
435 248 24 32 0.043954946 
437 212 13 17 0.043632466 
521 174 10 13 0.043524325 
91 384 23 29 0.04348808 
567 208 16 18 0.04348032 
401 180 19 25 0.043012872 
486 159 8 10 0.04283963 
742 204 16 19 0.04265826 
718 241 18 20 0.04251724 
953 265 29 36 0.042486195 
484 218 22 26 0.04237484 
466 197 14 16 0.042201035 
330 201 13 18 0.04186433 
515 323 42 54 0.04150237 
1003 479 15 23 0.04145867 
564 194 14 18 0.041411653 
662 203 12 15 0.041311383 
653 497 15 18 0.04126625 
492 343 34 45 0.04083662 
843 205 14 18 0.040543374 
690 445 12 15 0.040533934 
548 246 23 30 0.04035874 
355 206 20 24 0.040192638 
793 182 12 15 0.04019033 
683 407 16 21 0.04016292 
146 197 16 19 0.040147144 
639 219 13 17 0.03992589 
17 261 27 33 0.03991507 
409 144 9 11 0.039835326 
510 189 12 14 0.039808597 
274 197 13 17 0.03979671 
795 209 20 24 0.039774057 
640 518 10 15 0.03962051 
503 228 24 27 0.039442092 
622 187 12 16 0.039229233 
998 211 12 16 0.039130855 
726 219 14 18 0.039123047 
471 222 24 27 0.038884897 
348 205 16 18 0.03879574 
362 432 14 18 0.038683917 
137 460 26 35 0.038540617 
851 208 13 17 0.03850789 
383 189 12 16 0.038443703 
758 171 12 16 0.038438037 
735 220 15 19 0.038369786 
615 143 10 12 0.038148355 
619 197 14 16 0.038041707 
609 153 8 11 0.038025603 
823 187 11 15 0.037971072 
379 374 23 33 0.03792784 
947 437 49 60 0.037924338 
317 181 11 13 0.037817456 
216 253 21 25 0.03780073 
430 211 14 19 0.037633754 
204 208 28 33 0.03756148 
732 205 12 15 0.037494894 
26 191 21 26 0.037335824 
508 263 28 38 0.037310638 
895 204 12 15 0.037020653 
576 488 33 40 0.03687817 
918 166 10 14 0.03681061 
418 209 17 20 0.03672434 
668 226 16 21 0.036641315 
1005 192 9 11 0.036511913 
979 205 13 15 0.036211953 
656 189 14 14 0.03606084 
655 132 9 12 0.03605907 
427 334 28 38 0.035963763 
597 177 13 16 0.035911646 
1006 198 11 14 0.03578293 
850 239 22 28 0.03577208 
670 210 14 20 0.035727598 
564 173 12 16 0.035639018 
388 467 10 14 0.03556073 
751 164 10 13 0.03546031 
583 184 11 14 0.035166923 
475 237 18 21 0.035130396 
348 152 12 17 0.035062823 
423 284 26 36 0.03502194 
430 206 11 14 0.034991413 
434 161 13 18 0.034978665 
784 268 26 35 0.034934476 
797 218 22 28 0.034773868 
486 210 12 16 0.034747403 
19 244 18 18 0.03474172 
180 506 14 18 0.034724526 
713 216 16 20 0.034593813 
661 490 24 27 0.034465842 
893 186 14 17 0.034398314 
608 179 11 14 0.034168202 
635 226 23 27 0.03410023 
552 144 8 9 0.03407551 
758 497 13 17 0.03405174 
412 212 16 18 0.03371497 
497 164 10 13 0.033600863 
563 217 16 18 0.033563696 
478 262 17 22 0.03353052 
531 214 15 19 0.033463694 
592 227 15 18 0.03338311 
338 149 20 26 0.033323307 
23 216 22 28 0.03329971 
474 320 49 58 0.03317654 
282 231 17 21 0.033157498 
691 191 19 22 0.033134047 
943 480 20 23 0.032986756 
343 220 25 29 0.03285775 
651 195 14 16 0.032755367 
558 225 25 30 0.032708682 
902 168 10 13 0.03255475 
540 164 12 15 0.03253061 
922 391 16 19 0.03250245 
999 192 10 12 0.03240559 
183 463 22 31 0.03231232 
389 379 14 23 0.03218362 
570 157 9 12 0.032084793 
719 224 22 26 0.031947143 
531 194 15 17 0.03181835 
510 196 14 16 0.03179632 
935 204 10 14 0.03178146 
223 159 9 12 0.03175857 
870 212 13 15 0.031710133 
591 145 9 9 0.03170974 
295 335 28 39 0.03155227 
397 209 11 16 0.03154461 
376 278 31 38 0.03149458 
493 214 12 16 0.031443525 
388 195 11 15 0.03131296 
362 203 21 25 0.031291183 
613 151 10 12 0.031120207 
883 316 15 21 0.031015616 
651 293 23 29 0.031007806 
583 149 8 10 0.030890802 
650 504 17 21 0.030869655 
574 182 11 14 0.03086637 
991 192 10 12 0.030807916 
774 174 11 16 0.030764045 
482 157 8 10 0.030641083 
909 234 15 21 0.030628705 
561 150 9 11 0.03048392 
403 169 16 21 0.030465074 
126 193 14 19 0.030417675 
447 149 9 12 0.030284414 
979 235 23 29 0.030276405 
880 312 23 35 0.030242069 
720 206 20 26 0.030132554 
386 270 21 24 0.029928379 
409 180 14 17 0.029927872 
698 192 12 13 0.0298396 
922 188 14 16 0.029800635 
645 212 16 19 0.029779403 
614 211 13 17 0.029717112 
385 177 20 28 0.029564409 
400 245 29 34 0.02953488 
907 203 23 28 0.029532757 
731 413 14 17 0.029520787 
854 236 14 18 0.029396031 
321 174 11 14 0.029302089 
175 248 32 38 0.029273804 
216 158 10 13 0.029271355 
6 234 14 18 0.029136745 
623 145 10 11 0.029032672 
317 188 12 14 0.028935956 
439 244 15 20 0.028903881 
792 276 29 35 0.028903611 
555 257 25 30 0.028884968 
60 156 11 15 0.02886312 
593 164 9 13 0.028765904 
791 178 21 25 0.02869939 
956 417 12 18 0.028622096 
864 236 25 28 0.0286103 
188 181 19 25 0.028582204 
645 148 10 13 0.028530117 
471 172 10 13 0.02846538 
916 421 53 59 0.028277347 
507 156 10 13 0.028275248 
581 164 11 15 0.028271966 
260 301 19 22 0.028192388 
161 275 26 36 0.02815291 
404 226 19 23 0.028140089 
475 217 15 19 0.028115725 
136 253 30 35 0.02808438 
210 468 24 32 0.02791347 
739 191 22 26 0.027910348 
449 226 23 29 0.02789723 
375 190 13 15 0.027804978 
815 227 24 29 0.027800186 
806 183 21 24 0.027794126 
533 259 25 32 0.027692642 
674 234 15 19 0.02767471 
557 177 19 25 0.027434617 
885 230 15 18 0.027369944 
741 309 15 19 0.027340671 
460 191 11 14 0.027141318 
759 506 13 16 0.027120287 
605 215 15 18 0.027093822 
766 164 11 14 0.027062573 
574 188 12 14 0.027048716 
673 495 15 18 0.027008876 
890 246 16 21 0.026961518 
923 196 13 16 0.026929993 
815 268 28 34 0.026840009 
437 170 13 19 0.026827918 
567 158 20 24 0.026804548 
834 276 17 23 0.026792211 
16 250 25 26 0.026775358 
660 212 13 17 0.0267324 
842 251 17 21 0.026725173 
334 148 12 15 0.026588334 
410 193 14 17 0.02650048 
754 499 11 15 0.026495716 
951 298 16 21 0.026231077 
575 145 8 9 0.026085982 
454 208 20 25 0.026016694 
21 194 12 15 0.025953066 
382 239 21 27 0.025820138 
191 490 12 17 0.025783284 
821 182 21 25 0.025702355 
668 483 14 17 0.025695127 
990 213 12 15 0.025668519 
877 234 17 20 0.025576323 
455 296 27 35 0.025536092 
441 230 443 504 0.025469307 
592 171 12 16 0.02544277 
762 149 10 14 0.025353633 
89 166 10 13 0.025252916 
733 445 11 14 0.0252352 
740 257 19 25 0.025194867 
657 284 27 34 0.025105925 
997 323 13 19 0.025076326 
453 218 13 18 0.025065975 
656 142 9 12 0.025030874 
10 240 19 20 0.024962936 
584 144 9 10 0.024957035 
453 212 12 16 0.024954766 
685 438 11 15 0.02494664 
365 271 26 32 0.024819965 
21 186 20 24 0.024787497 
645 190 11 14 0.024784742 
544 178 21 25 0.024620418 
342 204 14 18 0.024603942 
833 201 15 20 0.024541505 
518 178 11 14 0.024491632 
619 174 11 14 0.024419188 
838 271 25 32 0.024377221 
104 414 26 35 0.024347447 
420 153 20 25 0.02434433 
395 166 15 18 0.02432311 
612 272 29 36 0.02419953 
640 148 10 13 0.02413261 
183 493 21 30 0.024118792 
735 194 13 17 0.024068467 
356 276 15 21 0.02399881 
968 198 10 13 0.023939276 
699 501 18 21 0.02392901 
88 172 11 14 0.023884349 
626 222 24 27 0.02388093 
940 204 11 14 0.02385474 
10 274 30 38 0.02384875 
416 395 25 32 0.023846485 
901 205 13 15 0.02373378 
758 490 24 28 0.023655105 
640 141 10 13 0.023595791 
913 417 17 20 0.023460222 
441 309 37 48 0.023426047 
871 214 22 26 0.023416743 
93 496 31 40 0.02339191 
466 150 9 11 0.023293134 
44 226 14 18 0.02328434 
356 217 16 20 0.023244297 
732 200 21 25 0.023240214 
995 205 22 26 0.023228316 
234 499 15 22 0.023137584 
717 193 19 24 0.023089588 
253 227 26 31 0.023084825 
320 186 21 26 0.022978285 
516 198 13 16 0.02295389 
256 214 24 30 0.022945235 
191 226 15 20 0.022911843 
579 213 16 20 0.022861052 
602 213 23 29 0.02284457 
276 205 22 26 0.022820376 
259 202 22 25 0.02280888 
194 472 14 19 0.022806503 
765 158 11 13 0.02277829 
334 225 23 27 0.022726532 
217 486 27 37 0.022604188 
894 238 22 29 0.022603745 
299 229 23 27 0.022518776 
438 192 12 16 0.022511713 
1013 275 11 18 0.022496969 
350 145 10 13 0.02248873 
532 205 14 16 0.022477405 
764 497 13 17 0.022448521 
591 247 25 32 0.022432635 
985 209 20 24 0.022430103 
971 235 15 18 0.022429999 
423 240 27 33 0.022407418 
773 477 13 16 0.022401301 
528 188 13 15 0.022365715 
0 427 19 32 0.022341695 
407 161 22 28 0.0223074 
314 530 15 18 0.022240557 
433 281 27 37 0.022240307 
430 168 14 19 0.022219574 
678 436 24 30 0.022207411 
461 221 16 21 0.02217899 
692 219 21 26 0.022176214 
918 158 10 13 0.022163548 
389 202 12 17 0.022093268 
14 191 11 15 0.022075078 
867 193 12 14 0.022054868 
628 199 19 23 0.022050798 
405 210 15 18 0.022028353 
655 196 21 27 0.022014568 
454 149 9 11 0.021920172 
470 190 12 13 0.021910565 
748 253 17 21 0.021908093 
496 144 8 13 0.021904191 
548 202 13 15 0.021851426 
389 391 13 20 0.021759512 
645 126 11 14 0.021755656 
490 152 8 11 0.021663008 
128 410 20 23 0.021548811 
438 149 10 13 0.021502037 
764 190 15 20 0.021456365 
767 485 12 15 0.02134075 
609 142 8 11 0.021335233 
954 410 22 27 0.021326598 
0 298 12 18 0.02125002 
188 96 12 15 0.02123081 
709 179 11 14 0.021200532 
775 325 14 20 0.02115912 
902 180 25 27 0.021131957 
727 189 11 15 0.021090044 
92 177 15 17 0.021079516 
300 207 15 18 0.021066759 
679 134 9 12 0.021055635 
83 308 26 33 0.02101637 
521 151 20 24 0.020985901 
36 425 20 29 0.020942898 
917 274 17 23 0.020916026 
762 512 14 18 0.020890355 
440 208 20 27 0.02087981 
918 182 12 14 0.020852225 
487 165 9 12 0.020802895 
214 315 25 33 0.020782525 
0 304 21 29 0.02077016 
13 227 25 29 0.020760322 
325 190 12 16 0.020748029 
891 199 22 26 0.020735575 
226 212 17 22 0.02071801 
527 461 49 59 0.020715252 
756 138 21 24 0.020676412 
530 321 28 36 0.020671554 
743 140 12 15 0.020665022 
88 468 26 33 0.020634336 
973 379 17 23 0.020613099 
307 261 23 32 0.020611063 
662 126 11 13 0.020607645 
588 204 11 15 0.02058818 
493 173 12 15 0.020561663 
428 170 21 29 0.02052712 
427 230 23 30 0.020477949 
597 213 13 17 0.020477569 
234 162 431 510 0.020441616 
196 387 26 31 0.020439625 
478 205 12 16 0.020414593 
607 200 15 16 0.02034211 
228 194 21 28 0.020304067 
843 190 13 16 0.020259282 
255 197 13 17 0.020251304 
980 483 29 35 0.020222628 
-66 343 204 237 0.020177752 
851 270 29 33 0.020125572 
776 457 10 13 0.020099483 
750 136 11 14 0.020097315 
594 166 20 24 0.020081727 
692 484 14 15 0.02007443 
5 183 12 14 0.020064212 
540 295 27 35 0.020041227 
836 206 23 27 0.020025948 
108 290 17 20 0.020010782 
