14_Traffic_Traffic_14_443
171
658 154 14 18 0.91941005 
512 131 11 15 0.65036607 
685 127 9 12 0.18738496 
55 309 8 10 0.13192819 
421 150 8 12 0.10818306 
447 174 10 14 0.09649105 
427 221 18 21 0.09051024 
692 148 12 15 0.09046385 
496 142 10 12 0.08384078 
593 8 44 56 0.0807406 
297 209 15 18 0.08044115 
689 155 10 14 0.07662698 
0 178 15 21 0.07032433 
460 159 11 13 0.06980239 
495 134 10 13 0.06922738 
71 376 7 10 0.06884399 
388 137 13 18 0.06877373 
637 243 11 15 0.06861872 
72 382 8 11 0.06767771 
504 132 11 15 0.06622141 
479 149 9 12 0.06595384 
21 333 8 12 0.06328478 
383 134 12 15 0.06305555 
527 141 12 16 0.062400244 
820 229 14 19 0.06171624 
644 170 12 15 0.06153189 
972 557 16 18 0.06139271 
668 253 10 12 0.061279412 
1012 370 10 16 0.05866475 
504 131 22 26 0.05810688 
71 327 7 9 0.055572897 
704 179 9 13 0.055455744 
804 147 10 14 0.054829497 
696 142 10 13 0.054758452 
509 157 13 17 0.053438786 
456 162 12 15 0.053146232 
277 259 12 15 0.051785212 
479 143 9 12 0.05029746 
496 147 12 15 0.04939743 
734 194 14 18 0.046722155 
603 124 11 15 0.04612214 
927 562 16 15 0.045566596 
473 171 12 15 0.045200773 
500 140 12 15 0.044907097 
669 196 11 14 0.04483116 
495 129 9 11 0.044013757 
40 310 7 11 0.043982483 
575 317 8 9 0.04272341 
65 367 8 10 0.041826993 
4 341 10 13 0.041500524 
77 383 8 11 0.04135919 
639 228 10 13 0.041244723 
287 211 12 17 0.04115959 
23 328 8 10 0.041077085 
768 138 160 232 0.04047347 
62 312 8 9 0.03779895 
386 147 15 20 0.03694327 
937 553 30 25 0.036456108 
136 384 8 9 0.036046166 
525 289 10 13 0.03548906 
22 310 8 10 0.035369977 
632 244 11 15 0.0351608 
871 213 26 33 0.03506732 
22 383 8 10 0.035040032 
96 351 7 9 0.033704545 
23 389 8 10 0.033492506 
662 223 11 13 0.032867283 
38 334 8 10 0.03223418 
65 374 8 9 0.03220773 
451 172 11 15 0.03178663 
1006 267 13 21 0.03163715 
55 326 8 12 0.03144365 
127 398 8 11 0.030881213 
64 392 8 11 0.030410687 
89 140 11 15 0.029751992 
70 368 8 9 0.029640023 
104 383 7 9 0.029429123 
440 174 11 13 0.028995555 
519 141 21 28 0.028937051 
88 350 8 11 0.028546108 
447 157 10 13 0.028469352 
614 140 11 13 0.028417004 
34 374 7 10 0.028410763 
557 162 14 20 0.028146546 
749 188 11 15 0.028133458 
70 388 9 12 0.028104931 
72 311 7 9 0.028104626 
151 255 8 12 0.027552083 
2 332 8 12 0.027528705 
526 280 10 12 0.027508285 
664 246 9 12 0.027320007 
7 389 9 12 0.027302781 
144 358 7 9 0.027262446 
64 342 7 9 0.026970059 
476 176 12 16 0.0267132 
17 310 8 11 0.026664825 
24 318 8 9 0.026460856 
508 143 15 19 0.026417295 
200 211 12 14 0.026298465 
136 390 7 9 0.026172427 
566 163 13 18 0.025817424 
501 153 14 17 0.025738668 
37 399 8 11 0.025656661 
112 377 7 9 0.02557347 
503 148 23 30 0.025573162 
1006 257 13 19 0.02544014 
395 210 16 19 0.025362197 
625 286 8 10 0.025332255 
380 152 17 21 0.025204167 
273 261 10 13 0.025128128 
453 157 21 26 0.024974717 
64 318 7 9 0.024935508 
72 320 7 9 0.024843682 
88 357 9 10 0.024818292 
495 141 23 27 0.024547271 
79 336 6 9 0.024349237 
0 166 9 15 0.024341287 
999 260 23 36 0.02404141 
79 388 8 11 0.023797143 
88 376 8 10 0.023484254 
72 334 8 10 0.02338281 
662 110 9 13 0.023381859 
16 350 7 9 0.023350945 
80 359 7 9 0.023255663 
687 139 10 13 0.023201918 
583 193 14 18 0.023156064 
643 162 21 26 0.023134632 
422 144 8 11 0.023059461 
453 179 11 15 0.02282934 
946 560 16 16 0.022805685 
737 190 22 30 0.022585936 
429 157 10 14 0.022528457 
647 150 10 14 0.02250884 
844 210 16 24 0.02244103 
572 168 14 19 0.022410775 
566 155 12 16 0.022364575 
47 409 8 10 0.022226483 
640 167 11 14 0.02218316 
708 180 9 12 0.022047978 
429 188 12 14 0.022000698 
12 158 10 13 0.021954428 
445 162 21 27 0.021950025 
632 190 10 13 0.02186347 
185 382 8 10 0.021849174 
55 350 8 10 0.021761922 
64 334 7 10 0.021704925 
417 143 10 12 0.021632457 
192 383 9 12 0.021617904 
573 153 23 29 0.02161208 
680 158 9 12 0.021602666 
96 335 7 9 0.0214431 
418 155 11 14 0.021428721 
17 374 8 10 0.021390293 
695 175 11 13 0.021171976 
104 319 7 8 0.021084389 
625 254 9 11 0.020874351 
700 142 9 12 0.020856213 
741 229 14 17 0.020853193 
30 391 7 10 0.020851754 
634 207 9 11 0.020834317 
476 166 11 14 0.020759631 
54 376 8 10 0.020645477 
990 240 11 14 0.020620504 
71 343 8 9 0.020590633 
55 140 10 13 0.020409878 
129 359 7 9 0.020380655 
261 362 10 13 0.020322056 
6 164 12 17 0.020276021 
530 147 13 18 0.020198323 
0 308 8 13 0.020179138 
966 274 12 15 0.020091401 
