14_Traffic_Traffic_14_728
21
304 76 42 59 0.9975096 
893 71 28 53 0.9932956 
868 135 22 28 0.87453145 
5 97 33 54 0.8633002 
724 91 15 26 0.2779885 
690 90 40 53 0.14504325 
12 98 50 63 0.09253513 
711 89 28 41 0.061848678 
0 645 13 23 0.05331362 
991 94 33 51 0.043400273 
130 144 8 10 0.032317597 
429 343 241 295 0.032238103 
912 353 110 134 0.028286336 
67 643 27 31 0.026586795 
934 76 30 42 0.024875943 
278 338 89 119 0.024299843 
144 453 26 33 0.023701498 
872 136 30 38 0.022534037 
228 256 141 216 0.021971421 
1005 110 22 44 0.021586059 
725 87 26 36 0.020220146 
