14_Traffic_Traffic_14_654
28
452 348 97 118 0.99857795 
75 386 117 174 0.14465763 
637 775 376 479 0.12409725 
274 228 29 33 0.07569287 
623 454 177 252 0.06352371 
-14 679 358 451 0.058795184 
182 511 39 51 0.054230247 
569 631 364 459 0.053100806 
87 345 172 268 0.0528 
199 116 67 72 0.051297177 
15 186 23 43 0.048452333 
69 230 55 67 0.040062647 
976 175 43 81 0.039260637 
658 770 216 298 0.03357376 
0 407 10 21 0.031072432 
868 153 13 19 0.03015833 
883 132 49 60 0.030143272 
396 9 38 39 0.029841648 
328 108 28 36 0.029253861 
708 670 209 303 0.028832162 
-4 1214 243 209 0.025833404 
934 157 91 123 0.02457863 
268 244 98 110 0.02414152 
320 224 51 63 0.023476228 
180 234 13 18 0.023227846 
182 1148 125 185 0.02286958 
595 33 210 266 0.022683831 
329 242 29 36 0.021065703 
