14_Traffic_Traffic_14_380
170
650 197 32 38 0.98787016 
300 239 85 79 0.9831609 
43 164 29 31 0.9674991 
539 188 35 44 0.9372184 
718 229 44 46 0.9047954 
914 267 89 117 0.83625525 
769 119 16 22 0.82454705 
0 153 17 21 0.69872946 
451 153 21 28 0.62343407 
192 162 20 24 0.5231263 
221 162 25 31 0.51831216 
996 148 17 19 0.41713268 
498 191 17 23 0.2303729 
984 119 10 13 0.17423841 
535 178 28 40 0.15859331 
395 172 22 33 0.14422077 
453 176 23 29 0.13602063 
404 179 21 31 0.1260879 
259 161 13 17 0.11145816 
0 178 12 18 0.1095225 
693 158 22 29 0.107344665 
416 180 23 29 0.09974287 
555 155 14 18 0.09928687 
37 351 11 13 0.09472408 
658 151 16 20 0.094073996 
795 215 50 71 0.09017953 
699 155 15 20 0.08818666 
445 155 16 24 0.08641197 
982 231 41 53 0.08499333 
470 212 14 21 0.0842931 
494 177 22 31 0.0751922 
175 182 13 16 0.07453522 
607 446 32 34 0.07438948 
112 159 23 34 0.0704289 
931 133 14 18 0.065567486 
484 160 13 18 0.061904103 
385 165 23 34 0.060741886 
990 151 16 20 0.059468567 
791 172 26 29 0.055697452 
256 141 9 11 0.054706458 
464 183 16 21 0.054071203 
429 180 25 30 0.05404336 
645 166 13 16 0.053911462 
621 470 30 37 0.04922584 
405 188 42 49 0.04812292 
277 158 11 14 0.04803914 
0 224 16 21 0.047979247 
124 140 13 16 0.046686627 
-2 160 21 29 0.046217386 
422 147 12 15 0.04580211 
960 130 27 35 0.045757968 
652 389 38 38 0.045678142 
987 121 12 14 0.045571443 
728 217 56 69 0.04548887 
551 156 24 29 0.045329113 
532 168 22 31 0.044850137 
162 182 81 109 0.04482589 
391 145 12 15 0.044768494 
814 205 59 79 0.044082895 
601 528 246 233 0.04340558 
116 139 14 18 0.042987972 
110 142 20 29 0.042458616 
396 142 13 15 0.041257165 
460 210 24 33 0.03995192 
641 170 12 15 0.03992388 
110 141 12 18 0.039276756 
924 129 24 28 0.037560802 
723 117 10 13 0.03603956 
423 201 44 56 0.035820164 
734 141 11 14 0.035780888 
829 144 11 12 0.03557817 
763 146 13 18 0.035551466 
202 157 15 18 0.03529174 
1003 143 14 19 0.035117157 
391 193 31 44 0.034527034 
741 124 10 12 0.034278918 
764 111 15 19 0.03417862 
345 235 47 46 0.032682918 
443 148 17 21 0.032181088 
655 149 27 32 0.031981584 
610 454 18 22 0.031632416 
613 455 52 53 0.031565413 
260 125 9 11 0.031278424 
561 154 17 21 0.031173525 
872 243 92 121 0.03117194 
469 205 14 18 0.031129546 
533 165 14 18 0.031083573 
420 139 13 16 0.031049699 
823 143 11 13 0.03094798 
792 241 31 47 0.030455245 
541 168 28 36 0.030034823 
540 196 21 29 0.030033797 
244 168 14 18 0.030021144 
376 163 13 16 0.02974099 
863 231 57 83 0.029719463 
990 143 14 19 0.029698554 
531 202 35 44 0.02956378 
387 163 14 19 0.029499864 
874 230 162 203 0.028963903 
430 148 11 15 0.028906122 
776 118 15 21 0.028899878 
387 155 14 18 0.02867381 
727 148 9 11 0.028673466 
208 159 23 30 0.028565608 
770 211 54 71 0.028397748 
491 185 39 50 0.028287575 
485 254 14 17 0.028196285 
454 164 21 28 0.027949074 
259 119 8 10 0.027895557 
938 246 67 90 0.027893668 
737 127 10 11 0.02787518 
725 124 9 13 0.027809259 
438 148 14 17 0.027509598 
978 113 20 26 0.027435668 
557 401 404 419 0.02710252 
647 159 23 30 0.026903559 
975 118 12 14 0.026836352 
478 195 195 238 0.026717145 
652 163 12 17 0.026706483 
424 170 24 31 0.026367433 
503 179 26 36 0.026339954 
897 291 65 85 0.026224 
627 348 17 22 0.02601582 
809 206 30 41 0.025845317 
978 141 22 30 0.02579174 
257 135 9 12 0.025685327 
707 155 14 18 0.025435962 
472 154 22 29 0.025413536 
702 609 79 63 0.025309777 
34 355 12 14 0.025246872 
775 575 49 62 0.025171049 
435 163 22 33 0.025118297 
447 223 29 41 0.024980146 
440 180 24 29 0.024729067 
759 119 23 30 0.024723299 
967 121 26 32 0.024675764 
938 132 14 17 0.024659915 
168 181 12 15 0.024413435 
962 234 56 78 0.024270223 
26 208 17 21 0.024225086 
571 128 14 17 0.02387681 
973 123 12 15 0.023797702 
637 163 23 28 0.023550594 
223 183 43 58 0.023474494 
374 163 24 30 0.023424415 
686 555 36 48 0.023027066 
271 156 12 15 0.02293998 
839 225 57 81 0.022923915 
804 253 27 43 0.022687564 
728 142 10 12 0.02268185 
110 348 14 15 0.022578377 
499 204 17 21 0.022249663 
777 168 42 51 0.022212107 
971 147 14 19 0.022058021 
447 148 37 45 0.021954725 
2 182 15 19 0.021932362 
493 173 15 20 0.021767654 
549 159 16 20 0.021758111 
946 135 30 36 0.02156208 
295 -1 12 13 0.021242771 
175 176 20 26 0.02093949 
466 160 17 22 0.020925568 
438 417 55 50 0.020852374 
178 217 48 65 0.020845389 
950 152 15 19 0.020742325 
764 152 14 21 0.020396711 
37 154 26 34 0.020217154 
278 150 10 13 0.020154927 
391 141 24 25 0.020040013 
294 141 8 11 0.020035204 
