14_Traffic_Traffic_14_722
32
250 79 16 20 0.17368615 
208 75 11 14 0.15378112 
536 45 12 15 0.13061512 
543 91 11 14 0.09685105 
551 54 10 14 0.05646551 
517 46 11 13 0.052246843 
426 151 32 33 0.047522116 
248 444 63 67 0.03938659 
436 148 15 17 0.038430367 
192 116 16 19 0.037394654 
540 48 13 17 0.037319195 
540 40 11 14 0.03278551 
764 34 30 37 0.032095805 
534 41 22 28 0.03160179 
519 40 11 13 0.031011796 
165 3 10 12 0.029079204 
405 150 62 55 0.027618013 
240 75 21 27 0.026137361 
239 78 13 17 0.026078876 
547 87 12 16 0.024423841 
551 46 10 14 0.02441393 
591 44 14 18 0.024026899 
590 43 22 31 0.02329045 
274 329 28 40 0.023259828 
541 52 23 27 0.022034947 
406 97 10 15 0.021923833 
161 5 10 12 0.021718847 
582 94 11 15 0.021586938 
540 110 11 15 0.021560501 
549 27 112 117 0.021152902 
989 182 15 21 0.020695748 
555 59 12 15 0.020470189 
