38_Tennis_Tennis_38_692
31
476 224 53 72 0.9986499 
220 337 52 66 0.97247285 
773 492 23 29 0.81519157 
611 52 354 415 0.79568624 
331 147 83 124 0.52734363 
368 161 55 83 0.29872614 
342 220 48 82 0.21267423 
745 140 207 267 0.17490456 
635 186 153 173 0.13238885 
411 163 48 73 0.07706048 
808 197 129 159 0.07340886 
391 169 49 82 0.055659052 
275 105 154 167 0.053683974 
420 188 15 22 0.04522608 
352 258 30 47 0.039589334 
55 69 397 442 0.038553316 
454 163 13 16 0.037481662 
770 500 50 56 0.036110856 
313 230 81 115 0.034936924 
371 128 89 129 0.034802586 
386 301 52 72 0.032419503 
252 141 184 251 0.031048167 
418 176 31 42 0.030446894 
197 314 84 112 0.027202222 
359 242 50 66 0.026327591 
779 525 52 55 0.025861835 
771 453 221 252 0.024473017 
742 503 14 18 0.023299336 
371 286 42 59 0.021975119 
809 588 26 36 0.020356873 
440 160 38 40 0.020021144 
