38_Tennis_Tennis_38_232
224
806 329 14 20 0.9630434 
732 251 10 14 0.7623225 
943 14 10 12 0.44157755 
165 223 9 11 0.42528665 
705 20 9 11 0.41894123 
686 63 8 11 0.35967392 
965 21 9 11 0.33528247 
648 70 7 10 0.32260415 
1008 6 10 13 0.3051323 
909 15 9 12 0.29770693 
637 19 8 11 0.27987513 
728 36 10 12 0.26188478 
983 7 12 14 0.2508054 
1008 61 7 10 0.2339862 
613 63 8 11 0.20859988 
960 15 10 13 0.20230697 
726 32 9 12 0.18825164 
989 56 11 14 0.1796968 
987 4 13 15 0.17280783 
732 39 9 11 0.16707991 
942 39 10 12 0.1656061 
633 38 8 11 0.15509163 
708 83 12 15 0.15138912 
901 38 8 11 0.15007052 
966 29 10 13 0.14683397 
742 12 11 13 0.14608583 
872 12 8 11 0.14209987 
693 37 9 11 0.14055228 
725 70 8 10 0.1351308 
948 15 10 12 0.13212758 
62 0 17 14 0.12585495 
1008 18 10 14 0.12135935 
998 35 11 15 0.1090665 
893 62 9 12 0.10234382 
671 69 8 11 0.10084736 
1014 258 8 14 0.099780865 
966 35 11 15 0.0978032 
967 75 10 13 0.0954474 
672 20 8 10 0.09454479 
976 6 11 12 0.09432738 
670 95 10 13 0.09325407 
657 45 8 11 0.09276957 
958 3 10 13 0.0920435 
17 268 8 12 0.089460164 
964 70 11 13 0.08924187 
702 6 10 10 0.08667432 
106 0 15 16 0.082443014 
905 18 10 13 0.08132968 
984 59 10 14 0.08073755 
981 39 9 12 0.08037857 
1001 21 9 12 0.08014536 
918 35 10 14 0.07872271 
869 37 8 11 0.07784413 
751 54 11 14 0.07547701 
905 71 42 55 0.07460422 
1013 21 9 12 0.074390985 
12 0 14 14 0.07355619 
662 39 8 11 0.072904654 
937 44 11 14 0.07153155 
980 44 9 12 0.07026931 
938 12 10 13 0.070258796 
709 29 8 10 0.070194 
44 415 9 11 0.07015887 
938 37 10 13 0.06814584 
648 74 9 12 0.06662895 
934 6 11 13 0.0646575 
111 438 13 19 0.06137334 
773 15 10 12 0.05898014 
680 67 10 12 0.058652997 
853 63 9 12 0.058518242 
962 43 9 13 0.05764667 
966 42 10 13 0.057109926 
974 38 10 12 0.056969713 
671 63 9 12 0.05641483 
775 19 10 13 0.056291267 
952 0 9 10 0.05566478 
720 62 9 11 0.055266265 
704 38 8 10 0.053953066 
1009 2 9 11 0.053854242 
896 15 9 12 0.053486697 
935 30 9 12 0.05347289 
964 63 11 13 0.053114023 
697 20 9 11 0.05227558 
976 11 11 14 0.051717933 
998 5 10 13 0.051465165 
591 0 13 12 0.050727725 
877 12 9 11 0.050057046 
928 5 10 13 0.04964553 
1011 12 10 14 0.049326837 
0 301 7 14 0.048674002 
888 39 8 10 0.046792395 
823 433 30 39 0.046228584 
925 31 10 13 0.04592368 
710 38 8 11 0.04588799 
15 319 9 11 0.045124054 
948 38 10 13 0.04492888 
665 68 9 12 0.044863652 
1001 13 10 13 0.04443281 
703 93 12 15 0.044389147 
742 18 11 13 0.043250374 
998 61 9 11 0.043227687 
722 36 9 11 0.04310188 
719 0 9 9 0.04186354 
666 94 9 12 0.041412532 
736 6 11 13 0.04130265 
983 2 10 10 0.04103611 
657 53 9 11 0.040151957 
0 327 9 13 0.040017124 
982 19 11 12 0.039734744 
737 20 9 11 0.039639674 
797 378 24 37 0.03944675 
743 278 10 13 0.038364716 
689 32 9 12 0.037976477 
656 22 10 11 0.037787586 
941 7 12 14 0.037161212 
982 67 10 12 0.037066463 
769 6 9 11 0.03658365 
0 277 9 11 0.036359813 
912 0 9 10 0.035665393 
911 6 10 13 0.035551984 
736 91 13 18 0.03549756 
652 69 9 11 0.035244 
677 53 9 11 0.03511921 
1015 28 8 13 0.035073724 
943 0 9 10 0.0347173 
767 39 7 10 0.034685995 
694 44 10 12 0.03430792 
967 4 10 12 0.033431023 
671 53 10 12 0.032851223 
653 78 9 11 0.032666128 
942 32 10 11 0.032548975 
751 303 8 12 0.03223869 
677 37 10 12 0.032159843 
770 14 9 11 0.03211557 
84 418 15 19 0.03207942 
661 54 10 11 0.03201127 
864 31 10 14 0.0316753 
982 97 12 14 0.031225942 
23 478 11 13 0.03066505 
729 5 9 11 0.030148571 
1015 38 8 12 0.02976024 
40 275 10 13 0.02966157 
848 63 10 13 0.029018253 
895 8 9 11 0.028817156 
720 14 9 12 0.028548514 
927 1 10 10 0.02850353 
975 1 10 10 0.028433798 
742 29 10 11 0.028131668 
949 31 9 11 0.028106084 
831 371 11 16 0.028073853 
727 1 10 9 0.028039964 
623 59 10 13 0.027987733 
1001 92 9 12 0.027813628 
1006 29 10 12 0.027537143 
935 0 11 11 0.027463717 
672 30 9 12 0.027422119 
637 37 8 12 0.027416551 
1015 79 8 12 0.027387029 
1010 303 8 12 0.027342979 
52 0 15 15 0.02723837 
1004 1 18 24 0.026900655 
903 7 10 13 0.02648142 
614 67 8 11 0.026213907 
656 61 10 12 0.026066024 
736 1 9 9 0.026031679 
1012 60 9 12 0.026026227 
633 32 9 12 0.02602193 
839 378 12 16 0.025991462 
950 4 11 13 0.025945375 
631 43 9 11 0.025919504 
725 75 9 12 0.025913931 
663 62 10 13 0.02568563 
933 48 13 16 0.025624236 
752 307 9 13 0.025453588 
941 48 13 18 0.02519787 
871 17 9 13 0.024935476 
1004 43 10 13 0.024365606 
1004 38 10 12 0.024137639 
918 13 10 13 0.024126578 
919 0 9 10 0.024011258 
693 62 9 12 0.02397068 
625 44 9 12 0.023889868 
717 56 9 11 0.023802636 
629 93 11 15 0.02374494 
656 84 9 12 0.023630008 
994 30 10 14 0.023578253 
751 47 9 11 0.023512278 
709 16 9 11 0.023504121 
743 1 9 9 0.023430755 
1015 43 9 12 0.023288421 
1012 86 10 14 0.023221416 
687 55 10 12 0.023041612 
13 323 11 14 0.023010274 
1001 86 8 11 0.022992142 
938 22 9 11 0.02297963 
888 44 9 11 0.022871248 
814 346 12 15 0.022868274 
654 28 9 11 0.0227525 
702 1 11 10 0.02271622 
973 20 11 12 0.022633186 
973 78 10 13 0.02257354 
768 0 9 10 0.022431092 
990 67 11 12 0.022334961 
959 23 21 25 0.021645036 
7 318 11 14 0.021606904 
20 334 12 16 0.021422278 
973 1 22 25 0.021402344 
976 61 10 14 0.021290816 
904 0 9 9 0.021263134 
929 0 20 24 0.02124514 
4 324 12 15 0.02120609 
21 264 11 13 0.020933071 
726 22 10 11 0.020930871 
720 5 8 9 0.020827658 
640 86 8 11 0.020714197 
681 0 9 9 0.020509157 
848 335 9 12 0.020431679 
48 356 9 13 0.02040211 
999 78 8 11 0.020392833 
609 67 8 11 0.020345338 
987 93 11 14 0.020160254 
735 32 9 12 0.020078186 
775 0 11 11 0.020053465 
23 483 12 15 0.020043122 
