38_Tennis_Tennis_38_535
216
431 446 24 32 0.9908755 
505 471 23 30 0.9896243 
579 304 22 28 0.9842036 
514 423 22 28 0.9829898 
863 324 21 27 0.98186755 
134 455 22 28 0.9811458 
460 422 24 30 0.98111504 
243 287 18 23 0.9747133 
203 431 24 28 0.9728156 
761 425 25 28 0.96599 
466 264 20 25 0.95585835 
479 316 20 26 0.95209455 
656 463 21 27 0.9452708 
396 319 22 25 0.9441763 
714 318 19 25 0.94245964 
597 424 20 25 0.93837625 
173 278 18 22 0.93066186 
322 383 22 27 0.9297799 
146 305 21 27 0.9161491 
356 310 22 28 0.9126808 
232 318 20 26 0.9067014 
640 311 21 26 0.9038451 
777 307 23 28 0.89773786 
369 407 22 27 0.88550156 
45 443 26 35 0.8689106 
191 339 22 27 0.8648815 
648 424 18 22 0.85485476 
707 417 18 23 0.8440615 
418 316 20 27 0.827828 
408 317 20 28 0.7873097 
288 290 18 22 0.7816076 
139 411 23 29 0.7331566 
507 310 22 26 0.7267592 
550 467 21 26 0.7177271 
289 452 23 30 0.66864973 
614 394 14 18 0.65563124 
374 448 23 29 0.6444967 
899 487 21 28 0.62159544 
435 414 21 27 0.44830027 
676 409 13 17 0.411788 
791 252 13 15 0.3484091 
550 241 11 14 0.34278345 
164 252 12 14 0.30814505 
813 470 26 30 0.297484 
362 292 13 15 0.28229824 
639 257 14 17 0.27742118 
837 263 13 17 0.2726619 
107 220 13 17 0.25663197 
665 260 11 14 0.23905846 
73 216 16 21 0.23318845 
304 303 14 19 0.23013586 
196 278 12 17 0.18041651 
897 474 25 30 0.17102674 
171 455 15 19 0.15853843 
629 247 12 15 0.146479 
331 449 17 24 0.14613764 
361 503 17 23 0.14481851 
335 355 13 17 0.12940161 
532 394 15 19 0.12931675 
295 294 19 24 0.12377307 
680 364 14 18 0.12260698 
572 415 15 18 0.12200028 
230 275 12 15 0.11813966 
330 249 13 18 0.11697697 
651 388 12 16 0.11370192 
686 468 14 20 0.111833744 
300 408 14 18 0.11116859 
274 242 12 16 0.105117165 
766 248 12 16 0.10451743 
905 269 11 17 0.10113421 
740 264 15 22 0.10037243 
262 389 15 19 0.091769904 
452 416 23 31 0.088648945 
459 414 14 18 0.08758396 
704 524 24 28 0.085509814 
708 407 15 20 0.084617436 
593 411 22 29 0.08388324 
548 367 14 19 0.083080314 
294 275 14 18 0.08284004 
649 413 15 19 0.08015916 
372 501 14 18 0.07975096 
132 269 11 15 0.07951311 
184 309 12 16 0.07770899 
342 429 13 18 0.076491445 
195 325 16 20 0.0756524 
793 256 14 18 0.07370999 
764 411 28 35 0.07343805 
160 248 11 15 0.072851144 
258 317 16 21 0.071391724 
672 463 22 29 0.06940039 
52 126 12 14 0.06896337 
676 445 15 18 0.06631494 
449 283 13 16 0.06604804 
527 400 16 19 0.065155014 
116 414 11 15 0.0637279 
357 299 13 18 0.058905732 
379 290 12 15 0.057664324 
443 301 14 18 0.05736564 
245 411 23 33 0.055946518 
278 323 14 19 0.05338877 
183 410 15 18 0.053202104 
182 275 18 26 0.053102005 
499 417 16 22 0.05248344 
244 280 15 18 0.05130354 
234 312 16 19 0.05094773 
714 311 17 20 0.05077346 
237 278 14 16 0.050764054 
600 285 13 16 0.05073797 
351 306 15 22 0.050662275 
715 529 16 19 0.049680594 
168 281 15 18 0.04894986 
681 279 16 21 0.047292188 
365 510 22 29 0.044567626 
271 387 23 30 0.04455273 
479 363 15 19 0.043635808 
131 273 16 21 0.043534636 
184 416 16 21 0.04221965 
812 452 31 36 0.042214837 
913 491 13 17 0.04185696 
853 316 23 31 0.04089667 
316 247 10 13 0.04040881 
838 268 15 21 0.039821226 
134 412 17 22 0.03976033 
773 291 36 49 0.039385956 
390 321 17 21 0.038903583 
82 218 14 19 0.038779866 
432 430 23 33 0.03874621 
197 288 13 18 0.03832758 
788 491 12 15 0.037933983 
376 315 24 30 0.03713734 
546 238 19 23 0.03658778 
419 309 18 21 0.03654158 
663 268 21 28 0.035826407 
659 454 15 19 0.03466088 
352 302 12 16 0.034265157 
469 255 13 16 0.03422209 
76 209 13 15 0.033560686 
48 131 12 14 0.03254857 
2 241 15 23 0.032457117 
247 315 19 27 0.03235068 
111 241 12 18 0.032007955 
67 220 15 21 0.031801194 
281 346 15 20 0.03165035 
319 433 13 18 0.030690832 
794 263 16 20 0.030610316 
61 155 11 13 0.030179132 
901 267 19 27 0.029995497 
383 328 15 19 0.029654466 
625 243 19 28 0.02962574 
574 411 22 27 0.02902373 
623 251 13 18 0.028572526 
564 416 20 26 0.028436834 
336 356 21 28 0.028431633 
1 125 9 14 0.028286865 
660 256 19 26 0.02826177 
668 424 14 18 0.028182147 
657 424 15 21 0.027920272 
412 377 15 20 0.02776125 
605 399 20 25 0.02758254 
467 378 15 20 0.027520493 
521 408 21 28 0.027437592 
397 311 16 19 0.027163947 
44 437 18 23 0.02679165 
764 412 17 22 0.02676255 
330 433 22 29 0.026470535 
78 395 12 16 0.026205542 
509 305 15 18 0.02590488 
683 441 15 19 0.025812717 
370 316 16 21 0.025768723 
595 288 19 25 0.025749682 
787 245 20 25 0.025694976 
531 404 16 22 0.025095183 
589 295 21 27 0.025014983 
635 245 14 18 0.025001997 
568 244 14 17 0.024877314 
215 387 14 18 0.024645587 
515 415 16 20 0.02460757 
393 306 34 43 0.024587192 
325 440 16 21 0.02451964 
655 409 23 30 0.02443033 
454 244 12 14 0.024090512 
557 423 14 19 0.023922205 
718 373 12 16 0.023858938 
79 428 24 29 0.023784937 
862 510 12 15 0.023615615 
415 199 11 14 0.023247236 
369 289 20 24 0.023037458 
262 548 13 15 0.022984726 
581 431 14 20 0.02266308 
588 429 17 22 0.022572773 
698 308 24 29 0.022541333 
32 141 12 16 0.022407975 
45 119 20 26 0.022350624 
378 503 18 23 0.02230505 
288 397 21 28 0.022118282 
686 279 28 35 0.022018077 
893 253 12 15 0.02201052 
240 315 16 22 0.02199383 
603 411 16 20 0.021753032 
641 302 20 23 0.02138364 
205 293 12 16 0.021162054 
434 405 18 20 0.02115819 
311 249 13 18 0.021109456 
566 240 26 32 0.020998973 
268 321 14 19 0.020962954 
282 391 18 22 0.020959973 
286 508 24 27 0.020870736 
840 572 29 28 0.020681953 
0 131 10 16 0.020623295 
192 417 27 32 0.02029074 
7 119 9 12 0.020223176 
691 293 27 32 0.020196686 
595 408 15 19 0.020169165 
108 302 23 32 0.02010701 
483 309 17 22 0.02005275 
547 375 15 22 0.020023478 
