38_Tennis_Tennis_38_371
66
763 282 31 39 0.9995715 
172 192 26 31 0.9993375 
413 205 24 31 0.9992587 
568 289 29 36 0.9988225 
278 202 25 31 0.99865365 
325 206 22 29 0.99863017 
379 210 28 35 0.9985833 
786 197 26 33 0.99852777 
550 372 30 41 0.99796236 
475 369 33 40 0.9979564 
443 213 27 34 0.997649 
344 297 28 35 0.9974516 
665 278 28 36 0.99680495 
491 201 24 31 0.99637324 
528 213 22 30 0.9957274 
233 200 23 30 0.99566334 
567 196 23 29 0.9948102 
655 198 22 28 0.9946643 
440 303 26 32 0.99453956 
130 200 24 32 0.99366623 
697 194 25 29 0.9919451 
730 188 22 28 0.9904226 
817 191 21 26 0.9868198 
611 220 24 28 0.98366815 
878 187 25 32 0.9295285 
701 289 26 31 0.50723016 
401 312 17 22 0.35728353 
689 257 30 37 0.22516902 
614 311 22 25 0.18118098 
709 294 28 34 0.13358752 
439 373 14 16 0.09577435 
426 362 11 14 0.0953542 
692 273 31 38 0.08748105 
723 299 25 35 0.080686845 
679 268 26 36 0.06185628 
460 273 26 30 0.06103798 
428 205 26 36 0.055309117 
414 298 13 18 0.052139908 
152 197 23 30 0.04531474 
798 192 23 31 0.044582263 
473 314 23 32 0.04411591 
731 290 23 32 0.0410086 
364 263 31 34 0.037691515 
775 380 14 15 0.035602365 
570 242 27 31 0.034308556 
201 485 12 14 0.034279056 
790 255 30 36 0.032807317 
410 304 17 22 0.032115143 
667 470 20 24 0.03153527 
470 315 16 21 0.030933265 
408 313 17 23 0.030334322 
460 354 23 30 0.03030635 
818 214 17 22 0.028171299 
798 296 24 30 0.028121432 
532 203 23 31 0.025951084 
772 271 27 37 0.025275717 
432 375 22 30 0.024694445 
797 438 31 45 0.023823028 
143 193 23 30 0.023706859 
370 361 12 15 0.022735897 
773 444 11 15 0.022578994 
522 278 27 31 0.021496594 
560 366 29 38 0.020632405 
846 195 21 29 0.020259209 
764 465 14 18 0.020145215 
583 374 14 21 0.020111972 
