38_Tennis_Tennis_38_501
40
564 92 116 141 0.9998952 
221 412 58 77 0.9960594 
157 586 73 97 0.99118537 
895 461 70 99 0.989047 
1 410 30 46 0.373005 
298 791 15 18 0.10501081 
197 781 25 30 0.10368152 
223 393 14 17 0.09262508 
283 762 30 37 0.07261368 
31 112 438 561 0.057796758 
167 556 34 35 0.04854067 
282 772 19 23 0.046570875 
6 521 48 57 0.042724855 
251 397 36 46 0.040523916 
390 632 93 118 0.037492055 
141 383 59 77 0.03641074 
290 777 25 30 0.035919745 
84 406 27 32 0.03439308 
147 445 34 42 0.03384818 
164 542 59 67 0.031110093 
12 338 34 43 0.031033915 
119 361 99 132 0.030673446 
373 441 12 15 0.03050111 
374 736 34 54 0.02745984 
3 401 44 74 0.026891084 
98 282 14 16 0.02406897 
222 386 24 29 0.023107857 
353 276 118 157 0.022189474 
948 678 50 71 0.022053296 
107 505 61 85 0.021814868 
342 413 15 16 0.02173275 
26 531 29 37 0.021670122 
209 776 16 21 0.02155999 
946 465 16 21 0.021551471 
3 451 35 43 0.021142095 
199 391 54 82 0.021027146 
90 413 110 150 0.020575395 
521 228 407 446 0.020209746 
960 710 19 21 0.020187315 
402 620 68 77 0.020044407 
