0_Parade_marchingband_1_556
66
639 256 31 36 0.99899715 
348 256 27 33 0.9983991 
969 255 30 37 0.9983387 
496 283 29 34 0.99433976 
566 305 40 51 0.9919848 
451 278 20 27 0.97595304 
80 259 32 40 0.9738753 
148 284 35 49 0.96808285 
282 264 22 27 0.95186776 
744 240 30 31 0.95092 
558 254 22 26 0.9104636 
721 235 22 27 0.9033481 
588 409 36 41 0.4577655 
207 294 12 15 0.28374028 
82 244 50 60 0.23927379 
428 290 15 20 0.18678497 
204 295 21 26 0.11755824 
284 252 18 22 0.107314624 
753 248 26 32 0.10348001 
597 414 43 52 0.08280276 
771 263 14 19 0.05905141 
714 279 28 37 0.057442088 
608 427 51 56 0.055737685 
200 293 14 18 0.055584636 
340 315 16 22 0.05358963 
742 260 26 32 0.05336017 
731 265 17 25 0.051577862 
555 251 36 45 0.047548212 
764 257 18 23 0.047222115 
52 390 12 17 0.04621018 
121 254 55 67 0.042280354 
373 285 14 20 0.041113965 
653 352 19 19 0.04050357 
723 274 29 35 0.039571896 
740 270 16 23 0.037542943 
476 311 15 20 0.037384484 
433 279 20 27 0.036016054 
84 214 51 66 0.034471653 
635 395 41 55 0.03337826 
648 381 38 52 0.032991473 
624 410 44 59 0.031405773 
198 303 15 20 0.030934406 
532 332 21 28 0.029227665 
164 296 31 35 0.027868235 
1 570 11 17 0.027529977 
475 383 40 45 0.027265226 
582 289 29 39 0.027135743 
2 448 16 21 0.026298426 
430 238 400 422 0.02591866 
338 297 14 19 0.025526982 
1003 322 22 38 0.025264388 
167 315 27 36 0.0238844 
984 441 10 12 0.023557758 
793 278 11 14 0.023217447 
471 313 13 18 0.022736382 
220 291 12 17 0.022545138 
693 277 11 15 0.02225099 
338 306 16 22 0.022221947 
642 383 26 31 0.022030538 
212 288 12 16 0.021869982 
230 284 23 29 0.021726571 
53 430 14 18 0.021609563 
290 247 14 17 0.021510776 
448 470 60 58 0.021369882 
483 333 27 30 0.020719267 
569 253 17 21 0.020446992 
