0_Parade_Parade_0_490
503
473 328 52 70 0.9990728 
770 553 110 145 0.99876714 
501 151 34 44 0.9985139 
385 348 58 78 0.9984988 
348 125 30 36 0.9983511 
524 221 38 46 0.99825805 
768 317 61 82 0.9982431 
759 85 32 39 0.9981535 
243 321 53 67 0.9977841 
910 84 27 33 0.997614 
172 199 52 64 0.9975924 
717 88 30 37 0.99750406 
596 281 47 64 0.9973189 
968 53 25 34 0.9972582 
746 153 34 45 0.9968759 
103 184 43 57 0.99684674 
898 366 73 99 0.99612397 
876 51 22 30 0.99533373 
635 78 24 29 0.99476117 
175 135 30 35 0.99468803 
434 112 24 30 0.9929911 
18 295 42 48 0.9927785 
73 160 30 34 0.99207145 
279 178 39 47 0.9912048 
122 438 81 97 0.9901288 
732 240 39 49 0.9886812 
571 59 22 28 0.98727256 
11 489 63 76 0.98702735 
593 170 41 52 0.9865497 
242 162 27 34 0.98409295 
828 156 40 42 0.9812748 
595 110 25 34 0.9809771 
371 242 32 47 0.9798553 
930 6 19 26 0.97382957 
659 640 46 64 0.9667017 
58 110 17 22 0.966649 
449 69 20 27 0.96514267 
934 190 48 56 0.96411484 
545 116 27 34 0.9614579 
670 133 41 54 0.9428185 
700 23 17 22 0.94203526 
275 81 21 26 0.938556 
386 98 22 26 0.92963946 
30 169 24 30 0.9264281 
135 75 16 21 0.9225965 
382 186 39 46 0.9157403 
437 217 37 43 0.9070092 
949 24 24 31 0.90400046 
536 75 21 28 0.9001633 
441 39 17 22 0.8937682 
675 10 13 17 0.8936212 
644 22 13 17 0.8911283 
491 673 52 72 0.8886341 
852 32 18 22 0.8875118 
722 42 22 28 0.8638676 
674 80 24 29 0.86209506 
238 453 44 54 0.8602475 
355 58 19 22 0.8559077 
232 92 20 24 0.8487957 
536 20 17 22 0.8325264 
398 284 40 50 0.8101824 
85 62 17 22 0.8046299 
7 91 15 18 0.7481024 
820 32 16 21 0.73075134 
320 345 49 65 0.7304068 
-1 221 21 39 0.71811455 
901 16 17 22 0.6998671 
993 28 17 21 0.6473439 
10 142 18 22 0.6144614 
246 56 13 17 0.6126273 
615 4 16 19 0.54095775 
473 64 18 24 0.5378053 
800 60 23 28 0.45929256 
115 147 17 21 0.45550156 
807 3 15 17 0.41976467 
501 94 16 23 0.39617682 
866 219 35 47 0.37400168 
780 13 16 20 0.36831826 
920 290 52 62 0.32566845 
605 31 12 16 0.3151286 
713 147 25 35 0.30826965 
516 23 15 21 0.30677703 
884 0 15 17 0.2960175 
34 382 27 40 0.29393542 
478 58 21 27 0.27402574 
398 239 31 40 0.27167988 
655 80 23 31 0.24787334 
914 288 32 49 0.2475303 
813 28 16 20 0.22251897 
338 114 18 21 0.22096369 
769 246 30 48 0.22033015 
509 27 15 18 0.21912144 
786 49 15 21 0.20783897 
772 5 17 19 0.20038714 
862 234 47 67 0.18572925 
524 683 62 68 0.17982022 
906 1 16 19 0.17776121 
386 146 16 22 0.17483269 
1001 174 22 34 0.16899471 
733 0 16 18 0.16178146 
132 32 14 18 0.15108392 
755 50 16 21 0.14869416 
243 123 16 20 0.14555244 
378 287 43 58 0.13836868 
764 24 16 19 0.12831149 
349 64 17 21 0.12526168 
621 149 27 36 0.12508583 
18 177 23 30 0.12311999 
13 383 31 45 0.12097198 
917 63 22 26 0.120540574 
758 43 14 18 0.11794075 
284 11 12 15 0.117572285 
365 1 19 19 0.116513915 
534 69 15 22 0.11621228 
464 119 26 31 0.113483034 
666 43 17 19 0.112780556 
449 804 29 31 0.11012208 
320 158 25 32 0.10761773 
560 110 27 34 0.104840904 
462 750 43 60 0.09634301 
270 60 13 16 0.09569844 
907 16 21 25 0.09548205 
60 425 47 62 0.09159751 
240 129 22 27 0.09053087 
762 34 17 21 0.08963024 
205 18 12 15 0.08889083 
340 117 24 29 0.0886602 
503 28 13 17 0.08736727 
959 57 23 31 0.086169966 
524 22 18 23 0.08603909 
381 176 30 37 0.08602949 
776 49 22 27 0.08449622 
381 124 17 23 0.083806135 
545 22 15 20 0.08074449 
-1 115 11 19 0.078951016 
955 282 44 62 0.078434154 
191 107 12 15 0.07842892 
843 0 13 13 0.07758308 
19 99 12 16 0.07691141 
319 283 27 38 0.07689061 
870 3 13 16 0.07657272 
612 29 12 16 0.07390926 
380 35 12 18 0.073648915 
723 11 14 16 0.07305813 
475 674 81 113 0.07260806 
603 58 14 19 0.07255385 
608 3 12 15 0.071908735 
771 15 17 20 0.071346186 
497 0 18 18 0.07115862 
405 127 22 28 0.07030092 
689 48 16 20 0.07003019 
349 0 15 13 0.06771913 
169 154 33 42 0.06717463 
852 22 19 23 0.06636064 
162 57 14 17 0.06563562 
40 415 50 61 0.065226644 
792 50 22 26 0.06516549 
971 129 28 35 0.06505359 
755 77 25 32 0.06502397 
471 287 48 60 0.06405934 
79 778 43 49 0.06398548 
59 99 18 22 0.06278902 
960 19 17 22 0.06210399 
120 27 11 14 0.061904058 
759 55 22 26 0.061420344 
359 353 57 70 0.060925405 
616 584 24 35 0.06089728 
306 57 17 19 0.06076205 
299 72 15 20 0.060490217 
861 257 29 42 0.059966024 
576 109 23 32 0.059393134 
393 307 56 69 0.059096735 
360 53 18 21 0.05842792 
360 772 111 115 0.058112618 
787 2 16 18 0.05811036 
541 -1 12 12 0.05770421 
619 0 14 15 0.057646748 
290 121 16 20 0.05714286 
457 784 31 44 0.056614976 
424 229 41 51 0.05626963 
221 42 16 21 0.056239918 
415 603 13 17 0.055899628 
450 62 17 21 0.055586286 
483 53 17 19 0.055354744 
483 773 27 36 0.05485916 
279 3 14 17 0.054625977 
760 47 18 21 0.054514002 
384 255 44 53 0.054155797 
573 -1 11 11 0.0540321 
263 447 40 61 0.053964067 
748 63 16 21 0.053936176 
667 619 52 62 0.053791396 
362 273 44 64 0.052638542 
701 0 13 13 0.052256286 
366 298 27 40 0.052213956 
379 228 39 51 0.0521648 
538 131 27 35 0.051350478 
3 395 30 47 0.051179767 
374 27 13 15 0.050407153 
725 4 14 18 0.05023001 
802 47 25 30 0.050201423 
965 144 28 37 0.049537357 
811 36 18 23 0.049424257 
288 422 49 68 0.049045376 
97 176 35 41 0.04902681 
913 0 16 19 0.04870647 
499 42 16 19 0.048458524 
708 3 14 16 0.04767505 
753 110 30 36 0.04740339 
780 45 15 20 0.047063686 
0 407 42 57 0.046852145 
826 94 26 30 0.046159398 
417 616 16 23 0.046134308 
333 320 49 69 0.04605273 
381 154 27 36 0.046008736 
187 124 17 22 0.045839824 
728 36 18 21 0.045613606 
301 53 15 20 0.044899486 
717 4 15 18 0.04469288 
956 31 24 32 0.044509754 
677 120 31 37 0.044195447 
301 64 20 23 0.043219868 
877 249 48 74 0.043157835 
883 288 50 71 0.042732045 
338 748 192 217 0.04215759 
920 199 49 67 0.041889146 
835 32 15 20 0.040898763 
14 417 49 58 0.040416766 
8 658 49 82 0.040349353 
880 35 19 21 0.0402945 
125 28 15 16 0.04014575 
475 717 54 85 0.04004287 
193 2 16 18 0.039983198 
91 70 14 20 0.03992684 
495 620 13 21 0.038998723 
600 100 19 21 0.038983323 
384 797 66 67 0.03894489 
797 3 16 18 0.038928676 
964 -1 13 13 0.038847215 
807 72 25 30 0.038668513 
955 13 16 19 0.038471565 
493 94 17 24 0.03826083 
897 19 14 19 0.03809462 
747 74 22 30 0.03804776 
490 778 16 20 0.038001053 
254 154 25 34 0.037749846 
344 211 38 51 0.037688226 
678 67 22 30 0.03744595 
414 280 52 64 0.037436686 
291 33 14 17 0.03743183 
828 -1 13 12 0.037431512 
300 184 32 42 0.037396654 
377 135 23 30 0.03739416 
184 45 12 15 0.037359323 
953 181 36 49 0.037195567 
197 17 14 17 0.036538757 
1007 68 14 19 0.036512244 
16 91 14 19 0.03648185 
915 159 45 62 0.036440182 
5 370 30 45 0.036317494 
995 79 18 22 0.03621501 
749 87 27 34 0.03584263 
767 9 16 20 0.035724 
548 72 21 28 0.03570063 
670 29 13 17 0.035649844 
558 609 31 36 0.03538248 
324 21 16 19 0.035368245 
1 108 18 27 0.035172313 
940 29 23 30 0.035039056 
88 164 30 37 0.034988664 
985 169 29 42 0.034696385 
276 67 15 19 0.034491196 
445 43 20 26 0.034445293 
399 14 13 15 0.034368016 
746 245 40 53 0.03419469 
293 6 12 16 0.034192186 
394 125 23 28 0.03415879 
614 592 15 22 0.033989403 
310 321 51 71 0.033969402 
612 80 16 21 0.03394154 
876 43 18 23 0.03385639 
494 20 11 16 0.033683725 
786 20 15 20 0.03366579 
226 166 29 38 0.033607837 
838 252 47 68 0.03356629 
638 60 16 20 0.033449326 
309 166 33 43 0.03327172 
462 70 24 30 0.033195987 
817 81 25 30 0.033093903 
969 174 32 48 0.033019368 
221 -1 15 13 0.032960553 
7 191 27 35 0.03291357 
53 77 15 17 0.032825615 
621 33 13 16 0.03280272 
435 195 30 38 0.032780632 
599 2 12 14 0.032628704 
268 151 24 31 0.032582622 
651 653 32 47 0.03241215 
931 40 16 21 0.032244977 
706 21 22 28 0.032233074 
269 5 14 17 0.03223223 
69 455 83 105 0.031932168 
30 386 42 63 0.031886265 
119 342 33 44 0.031391174 
694 612 37 43 0.031369805 
404 16 15 19 0.031330474 
15 187 15 18 0.031000465 
980 -1 13 12 0.030836254 
48 -4 34 34 0.03064687 
976 61 25 33 0.03056217 
322 289 43 56 0.030558404 
63 446 52 75 0.030494615 
708 13 15 19 0.030487245 
725 150 31 38 0.030412853 
864 272 47 73 0.030375991 
603 37 15 20 0.030365571 
1001 31 15 20 0.030301714 
411 228 31 44 0.030263038 
629 0 12 11 0.030053934 
357 243 32 45 0.029942565 
430 256 46 55 0.029813888 
294 57 14 19 0.029664429 
203 30 16 21 0.029650513 
425 330 51 70 0.029378785 
189 112 16 20 0.02931658 
681 87 26 30 0.029309545 
610 593 28 42 0.029101087 
442 30 16 18 0.02899127 
972 110 23 31 0.0289121 
771 260 44 58 0.028870218 
775 91 25 31 0.02885788 
341 65 15 21 0.028755123 
164 171 31 42 0.028737077 
334 119 16 20 0.02871603 
400 199 43 53 0.028714929 
613 16 14 18 0.028634164 
740 47 14 20 0.02860531 
660 49 18 20 0.028603712 
987 63 25 30 0.028582131 
456 305 52 68 0.028566837 
397 4 12 13 0.028561108 
768 39 22 27 0.028549893 
1 204 29 42 0.028539961 
274 158 28 37 0.028440332 
262 50 14 20 0.028395854 
769 34 17 21 0.028235873 
572 43 16 19 0.028165072 
701 137 28 40 0.028109757 
5 99 18 25 0.028052147 
348 11 13 16 0.028030226 
897 300 56 76 0.027964488 
195 13 23 28 0.02788802 
528 139 28 36 0.027872123 
190 0 13 12 0.027870497 
701 14 16 20 0.027856795 
12 103 15 20 0.027765203 
11 477 43 57 0.027643887 
754 63 18 23 0.027638147 
310 67 23 27 0.02760998 
406 759 96 116 0.027504433 
269 88 23 30 0.027346756 
154 11 15 19 0.02711131 
517 15 14 18 0.02709927 
640 570 33 44 0.026976438 
363 207 38 53 0.026947828 
686 523 33 39 0.026830684 
880 225 41 44 0.026829407 
837 0 21 22 0.026717516 
620 572 41 53 0.02667102 
353 308 46 67 0.026573306 
92 56 12 16 0.026290575 
285 34 15 19 0.026222838 
952 146 28 33 0.02611792 
211 25 15 20 0.025951305 
322 65 16 21 0.02584503 
344 4 14 14 0.02582753 
420 647 17 23 0.025771638 
702 662 55 79 0.025748432 
649 78 18 27 0.025734363 
817 112 40 46 0.025714345 
428 801 34 37 0.02560255 
579 42 17 20 0.025601491 
40 171 23 30 0.02552714 
899 140 42 57 0.025461148 
473 76 19 23 0.02544107 
397 135 28 31 0.02541953 
108 139 18 22 0.025355503 
843 222 49 68 0.025268737 
64 93 16 19 0.025208857 
661 36 17 19 0.025195133 
519 280 43 55 0.024963224 
373 312 50 73 0.024886841 
862 -1 12 12 0.024878772 
906 131 31 40 0.02484873 
489 196 28 40 0.024840655 
453 111 25 32 0.024781583 
684 54 17 22 0.024772976 
745 43 20 27 0.024640635 
438 762 49 63 0.024639523 
62 199 27 39 0.024637565 
686 108 27 32 0.02456719 
442 218 22 25 0.024465954 
533 -2 13 13 0.024326421 
496 283 42 55 0.024293799 
0 412 23 38 0.024193957 
11 113 14 19 0.024180029 
161 44 14 17 0.024141097 
999 70 22 30 0.0241246 
717 26 22 27 0.024074698 
831 36 22 28 0.024053078 
782 0 13 12 0.024021717 
32 467 80 109 0.024003344 
181 332 44 53 0.023983413 
683 762 60 73 0.023767574 
267 109 16 21 0.02370463 
438 795 53 60 0.023678688 
858 13 17 19 0.023604529 
284 105 15 20 0.023573741 
677 29 13 17 0.023550019 
716 17 15 20 0.02349123 
818 2 14 16 0.023434771 
518 154 28 37 0.023416575 
734 79 24 34 0.023406846 
422 187 27 40 0.023401504 
588 128 28 38 0.023377102 
70 180 29 39 0.02334598 
476 25 14 17 0.023311974 
188 69 22 27 0.023267278 
695 -1 13 13 0.023249099 
642 66 18 23 0.023175038 
461 52 14 18 0.023129255 
736 0 23 26 0.02311068 
39 165 18 22 0.02310107 
438 792 35 35 0.023062471 
46 365 36 53 0.023055352 
627 2 14 17 0.023030933 
209 15 14 17 0.023023456 
470 779 38 47 0.022883518 
215 172 29 40 0.02285994 
541 39 14 19 0.022829693 
602 73 21 26 0.02281399 
895 261 47 74 0.022786269 
309 9 13 17 0.022727026 
239 52 16 21 0.022706386 
618 79 21 28 0.02266217 
315 416 44 62 0.022654055 
576 52 19 23 0.02264511 
821 -1 14 11 0.022527363 
773 0 13 14 0.022515366 
607 110 24 31 0.022478465 
342 19 13 17 0.022439074 
236 106 23 27 0.02230578 
590 153 31 39 0.022219453 
1012 32 13 19 0.022196215 
180 141 40 46 0.0221685 
582 62 18 25 0.022084408 
412 14 13 17 0.022082081 
972 127 19 23 0.021992898 
449 726 88 115 0.021959767 
397 0 11 10 0.02194543 
146 75 13 18 0.021887992 
177 181 35 41 0.021866424 
671 16 13 16 0.021865048 
852 -1 13 12 0.021803435 
809 4 24 26 0.021792443 
711 44 22 29 0.021792335 
282 450 31 53 0.021723649 
210 428 76 96 0.021721423 
427 205 32 44 0.021712538 
709 50 14 18 0.021690933 
0 334 22 40 0.021656184 
266 62 20 24 0.021611623 
846 27 17 22 0.021591552 
603 90 18 23 0.021587634 
93 81 13 16 0.021551432 
647 829 45 70 0.021463014 
795 95 16 21 0.021411518 
281 123 21 25 0.02136972 
225 462 40 42 0.021292156 
250 114 15 19 0.021250514 
763 263 29 41 0.021250287 
87 10 14 16 0.021248223 
349 21 13 17 0.02115039 
906 220 37 52 0.021034341 
407 247 37 46 0.020915454 
665 53 22 26 0.020847002 
606 21 13 17 0.020845745 
570 105 20 25 0.020793488 
973 -1 13 12 0.020752162 
956 1 17 19 0.020747304 
500 610 27 38 0.0206717 
674 47 20 26 0.020625599 
688 82 16 20 0.02056843 
345 4 25 28 0.020554522 
996 83 24 31 0.020526417 
484 703 104 122 0.020516383 
799 80 22 31 0.02041002 
275 122 18 21 0.020400498 
768 63 19 23 0.020328008 
510 86 20 27 0.02030955 
730 6 16 19 0.02020301 
850 293 39 55 0.020150967 
638 14 14 19 0.020007925 
