0_Parade_marchingband_1_759
70
9 35 34 45 0.99957484 
631 120 56 74 0.9991522 
494 137 48 66 0.9990441 
139 146 50 63 0.9989015 
370 23 47 60 0.9988539 
86 16 40 52 0.99835867 
572 140 52 63 0.9982633 
53 42 35 43 0.99816656 
136 47 49 59 0.99718046 
341 126 46 55 0.9971534 
174 6 43 54 0.99642724 
307 20 42 57 0.9926831 
228 15 28 47 0.98345 
411 133 38 50 0.8328671 
74 28 38 49 0.35762024 
29 15 27 34 0.31411546 
200 89 45 56 0.29257643 
68 -1 15 14 0.19279131 
0 17 12 20 0.16334085 
280 106 39 54 0.14687647 
57 179 31 47 0.14029598 
286 37 29 38 0.1148793 
184 98 48 58 0.08937133 
2 25 29 41 0.08614224 
219 29 41 58 0.07773463 
106 1 27 28 0.07629378 
57 279 407 503 0.06651987 
230 5 40 42 0.06624276 
458 114 42 55 0.05849976 
-1 19 20 31 0.057965036 
40 18 28 33 0.05680081 
127 380 23 28 0.054925133 
100 8 33 41 0.053517018 
254 138 28 39 0.05151204 
2 13 16 19 0.05048052 
221 93 34 42 0.048972856 
594 130 34 46 0.048051994 
416 249 37 41 0.04783581 
271 116 33 51 0.046624027 
390 136 30 38 0.04310413 
749 172 115 128 0.041798837 
19 11 27 31 0.04112031 
209 66 44 58 0.037012354 
32 12 20 21 0.036755178 
472 122 47 61 0.035668448 
246 28 31 42 0.033561517 
122 42 34 43 0.0329023 
296 31 34 44 0.03164982 
67 -2 22 23 0.031329177 
368 130 47 59 0.028044559 
423 117 48 65 0.027901338 
176 118 49 65 0.026471341 
193 18 44 56 0.026425015 
395 256 33 49 0.025953745 
1 6 28 32 0.02500239 
0 211 18 34 0.02485304 
114 32 32 41 0.024758207 
555 118 33 45 0.024420876 
67 171 35 51 0.024000213 
28 3 16 18 0.02368743 
168 103 40 49 0.02343638 
399 141 35 46 0.023279542 
59 204 18 23 0.022899274 
262 254 31 35 0.022772308 
272 30 33 42 0.0221954 
76 -2 26 29 0.022080949 
401 107 47 60 0.021535702 
44 29 31 37 0.021118194 
411 212 42 50 0.0209088 
10 10 15 20 0.020113587 
