0_Parade_Parade_0_102
541
84 539 15 19 0.9824682 
525 539 21 26 0.9815228 
931 438 28 31 0.97133285 
183 534 21 26 0.94157356 
269 530 17 22 0.9396621 
426 541 16 20 0.8858719 
661 527 22 23 0.8827718 
741 539 18 19 0.87122935 
516 524 15 19 0.8704498 
333 547 12 17 0.8637917 
595 523 21 25 0.8549678 
59 541 14 18 0.73193294 
222 526 12 16 0.6680077 
327 531 13 15 0.65812725 
10 530 10 14 0.6015141 
805 443 26 30 0.5912305 
549 541 16 22 0.5776055 
48 528 10 12 0.57492256 
380 544 12 14 0.47655106 
136 528 10 12 0.4765069 
496 523 16 19 0.46652195 
375 492 9 11 0.45729443 
292 499 15 17 0.45001993 
779 394 14 17 0.43072906 
294 526 12 15 0.3654481 
352 495 8 10 0.33684614 
405 507 10 12 0.29945 
400 507 10 13 0.2917593 
536 536 19 27 0.28904152 
638 541 11 14 0.28457132 
389 471 8 11 0.28057912 
440 446 8 11 0.26796374 
259 477 12 15 0.26629287 
869 540 15 18 0.26481774 
113 551 9 12 0.25337943 
365 539 10 13 0.2456196 
832 496 26 31 0.23335889 
960 498 23 29 0.2263685 
65 519 8 10 0.22085176 
717 529 10 14 0.21055892 
294 538 13 16 0.19763581 
499 515 15 18 0.1948903 
375 524 9 12 0.18360542 
69 525 8 11 0.17687134 
141 549 10 13 0.17252262 
328 502 9 11 0.17108904 
631 478 12 15 0.158031 
612 527 13 18 0.15735961 
329 471 8 11 0.15646368 
29 526 9 11 0.15141 
360 486 8 10 0.14404881 
749 500 14 16 0.14128096 
360 470 9 10 0.13382207 
66 542 12 15 0.12651491 
638 534 11 14 0.12623988 
246 467 10 12 0.12338355 
860 534 23 28 0.12055388 
334 477 9 12 0.118082054 
333 471 9 11 0.116655245 
94 525 10 12 0.11621135 
367 470 8 10 0.114026256 
0 510 8 12 0.11301087 
329 476 9 12 0.11300273 
674 532 11 15 0.111052044 
328 537 14 18 0.110911965 
120 556 9 12 0.10975916 
583 530 11 15 0.10935573 
362 534 9 13 0.108761415 
299 533 13 16 0.108413495 
743 505 14 16 0.108276285 
495 511 14 17 0.10390378 
0 559 9 14 0.10306366 
510 470 8 11 0.10222712 
416 423 8 10 0.101135105 
743 597 10 14 0.098348215 
185 500 9 11 0.09609917 
220 519 13 18 0.09528621 
392 493 8 10 0.09456597 
30 583 9 11 0.09314468 
446 591 10 13 0.0927094 
153 396 11 14 0.091046594 
238 509 9 12 0.09078641 
970 490 14 18 0.090612315 
292 486 12 16 0.08898389 
216 529 13 16 0.08869623 
0 515 8 14 0.08703384 
521 499 10 13 0.08567345 
767 499 25 35 0.08487513 
37 519 10 12 0.08471979 
269 493 11 15 0.08429463 
511 477 8 10 0.084025264 
559 533 13 17 0.082397275 
328 508 9 11 0.08032047 
564 525 10 12 0.079420954 
168 518 9 13 0.07915709 
645 539 11 15 0.07894214 
529 477 11 13 0.07854739 
343 532 11 15 0.077266745 
95 484 8 11 0.07696165 
129 531 11 14 0.076484345 
252 499 10 13 0.07629992 
382 492 9 12 0.07552374 
416 523 10 14 0.07407382 
469 488 14 18 0.073694065 
566 654 10 12 0.07262648 
383 510 9 12 0.072623864 
415 503 8 12 0.07183144 
400 563 11 15 0.07166529 
31 533 9 11 0.0715777 
684 542 11 14 0.07106741 
128 527 9 12 0.07088178 
105 555 11 14 0.07060078 
317 469 10 12 0.07017091 
701 546 13 15 0.07001286 
352 499 9 11 0.06929532 
126 558 9 13 0.06886332 
192 493 9 12 0.06861552 
472 532 10 12 0.06774376 
825 501 43 48 0.06762782 
353 470 8 11 0.067507155 
288 493 13 15 0.06725856 
238 479 10 13 0.06719424 
151 518 9 12 0.06617959 
561 398 9 11 0.06606647 
688 564 12 15 0.06546263 
742 525 26 28 0.06498899 
513 558 12 16 0.06475709 
351 526 10 13 0.06405348 
621 410 11 14 0.06379681 
52 532 10 12 0.062055673 
416 429 7 9 0.06163569 
522 532 18 23 0.06054536 
506 471 8 10 0.060112342 
445 447 8 10 0.059728768 
55 512 8 11 0.059667606 
552 471 9 10 0.059173312 
445 462 9 12 0.059057917 
852 523 24 31 0.05815426 
348 531 11 14 0.057967335 
511 527 15 19 0.057910204 
510 464 7 9 0.057767045 
80 518 8 10 0.05726737 
32 574 8 11 0.056537386 
862 525 12 16 0.056015335 
573 454 9 11 0.055773553 
615 436 9 10 0.055532582 
384 563 11 14 0.05542671 
293 471 11 13 0.055139646 
245 539 12 15 0.055062246 
678 538 11 15 0.054813538 
488 530 11 14 0.05466129 
387 542 12 16 0.054408047 
549 534 15 19 0.054401785 
40 525 10 12 0.054324552 
14 519 9 12 0.05432044 
657 439 8 9 0.054102935 
91 535 12 15 0.05388892 
392 508 9 13 0.05379423 
756 495 13 16 0.053303942 
479 448 7 10 0.05326262 
422 446 9 11 0.053181924 
423 423 7 9 0.05294542 
864 112 7 9 0.05289425 
391 532 9 12 0.05283041 
383 553 11 16 0.052720156 
440 517 10 12 0.05251472 
319 527 10 13 0.052300107 
402 473 7 9 0.05215874 
32 520 10 12 0.051778987 
308 532 11 14 0.051618736 
472 479 9 11 0.051599383 
685 533 12 14 0.051093232 
406 472 7 9 0.05104799 
248 525 9 13 0.050939493 
504 476 8 10 0.050430533 
287 529 13 17 0.050296023 
462 471 8 11 0.050271586 
385 476 7 10 0.04957762 
591 518 14 19 0.049501475 
415 544 13 17 0.048730496 
367 487 8 11 0.04862196 
399 397 8 12 0.048373412 
592 468 12 15 0.048351526 
380 517 10 12 0.048081785 
755 572 11 15 0.0478121 
300 492 12 16 0.04778326 
144 517 10 12 0.047675326 
49 590 10 12 0.04736643 
311 526 10 13 0.047203474 
455 438 7 9 0.047110245 
741 507 25 28 0.04710893 
7 520 10 13 0.046934016 
454 485 9 12 0.046286825 
429 604 9 13 0.04623248 
24 521 8 11 0.046018913 
71 511 9 10 0.046009418 
557 472 9 11 0.045944195 
694 526 11 13 0.04579419 
710 652 12 15 0.04552418 
896 88 9 11 0.04547481 
470 453 9 11 0.04519254 
302 477 10 15 0.045184724 
236 547 14 17 0.045084693 
441 462 9 11 0.04470267 
532 485 10 12 0.04469044 
481 462 9 11 0.044513524 
79 511 8 10 0.04447399 
507 510 11 15 0.0442394 
133 539 13 16 0.043830935 
39 534 10 11 0.043775506 
445 510 10 13 0.04362518 
572 462 11 13 0.04338796 
447 485 10 13 0.04329072 
175 383 9 12 0.042797536 
206 525 11 15 0.042668212 
256 481 12 14 0.04221616 
198 526 12 15 0.04197464 
495 478 8 10 0.041933443 
292 517 14 18 0.041802768 
302 651 11 13 0.04177866 
381 535 11 14 0.04147798 
110 396 9 12 0.041395694 
446 454 8 11 0.041394606 
322 531 10 14 0.04137806 
438 441 9 12 0.041043367 
973 543 16 18 0.04079521 
375 470 7 9 0.040631935 
95 520 9 11 0.04060054 
197 494 9 11 0.040551662 
29 647 9 12 0.040468946 
687 558 11 14 0.04020827 
421 520 11 13 0.040168375 
978 469 18 24 0.0400458 
326 496 9 12 0.039945908 
88 509 9 11 0.039914943 
275 527 14 19 0.03982776 
417 537 20 25 0.039665423 
369 477 7 10 0.039488785 
343 469 8 10 0.039453495 
311 475 12 14 0.039188936 
409 547 10 13 0.039084204 
551 476 10 12 0.0390444 
59 550 14 18 0.038989276 
211 538 15 17 0.03896366 
360 479 8 10 0.038914077 
982 428 14 18 0.038699128 
845 565 13 15 0.038594835 
478 525 10 13 0.038370464 
407 574 12 14 0.038340062 
456 478 9 12 0.0383265 
375 479 7 10 0.03814397 
756 505 13 18 0.038089212 
573 468 11 15 0.03798481 
480 469 7 11 0.037610706 
478 531 10 13 0.0375998 
370 493 9 11 0.037423193 
347 539 11 16 0.037414294 
286 476 12 15 0.037402097 
465 454 9 11 0.03734723 
757 533 12 14 0.03724876 
742 512 14 17 0.03713252 
338 549 14 19 0.03711067 
638 527 10 13 0.037017766 
187 509 11 13 0.036890578 
0 523 10 16 0.03678794 
439 523 11 13 0.036758848 
724 523 12 16 0.036567308 
727 541 12 15 0.036444068 
134 554 11 14 0.036099967 
392 503 9 11 0.03609004 
71 533 9 13 0.036055163 
53 583 9 11 0.035961874 
143 508 12 13 0.035927184 
381 524 11 13 0.03588121 
683 585 14 17 0.035722535 
462 648 8 11 0.035639524 
406 477 8 10 0.03563551 
407 486 7 11 0.035623387 
439 510 11 13 0.035575848 
26 534 7 10 0.035472725 
399 494 8 10 0.03511606 
348 550 11 15 0.03470909 
208 479 10 12 0.03465747 
876 469 13 15 0.034653597 
981 457 24 32 0.03449837 
207 518 11 14 0.034464367 
449 431 8 11 0.034274843 
340 540 13 17 0.03422405 
317 476 11 13 0.034139805 
600 438 11 12 0.034090824 
127 537 12 16 0.033891555 
654 537 12 16 0.033856995 
642 547 13 15 0.033801418 
455 432 8 10 0.033721104 
394 637 11 14 0.03359161 
473 527 10 12 0.033568338 
605 315 9 12 0.033474714 
752 507 26 31 0.03347421 
478 477 8 10 0.033448827 
560 539 14 18 0.03340218 
686 526 11 15 0.03334082 
966 459 11 16 0.033054203 
669 521 13 16 0.03297681 
117 429 8 10 0.03281478 
64 514 8 10 0.032617517 
445 579 11 14 0.032554377 
407 493 8 11 0.032221373 
736 595 12 16 0.032168824 
389 555 11 15 0.032059703 
265 500 10 13 0.031911775 
535 396 9 10 0.03187076 
567 520 9 12 0.031754654 
662 439 7 9 0.03158029 
479 453 8 10 0.03156364 
149 547 11 15 0.03143934 
357 524 10 13 0.03143098 
126 509 8 11 0.03141606 
838 517 29 43 0.031390406 
486 462 8 11 0.03137141 
355 613 13 14 0.031364415 
816 402 12 15 0.031306032 
433 445 9 12 0.03117037 
589 493 10 12 0.031017367 
632 471 10 12 0.030847808 
347 494 8 11 0.03077205 
259 523 18 22 0.03073211 
160 517 10 14 0.030717742 
521 455 7 10 0.030655546 
577 532 12 15 0.030545574 
630 519 9 12 0.030430572 
576 525 11 14 0.030420719 
462 476 10 12 0.030391598 
102 395 11 13 0.030376691 
415 463 8 10 0.030357154 
598 444 11 13 0.030123077 
125 379 12 15 0.030117061 
193 488 10 12 0.030045636 
409 464 7 9 0.029984536 
326 516 11 13 0.029927831 
732 514 14 18 0.029755687 
267 477 13 16 0.029714787 
399 391 9 12 0.029537443 
935 505 22 32 0.029420706 
321 501 10 13 0.029417302 
408 590 11 15 0.02930088 
902 94 8 10 0.029237699 
367 465 9 11 0.029191291 
526 494 10 13 0.029161023 
328 484 9 11 0.029142091 
354 489 8 11 0.028787712 
668 544 11 15 0.028750937 
64 614 8 10 0.02843337 
805 505 24 32 0.028232211 
215 516 12 16 0.028106425 
242 470 9 12 0.028076483 
409 423 8 11 0.028015988 
356 492 9 12 0.027811194 
215 512 10 12 0.027641838 
96 494 8 10 0.027612304 
32 541 10 12 0.027609725 
495 653 9 11 0.027589083 
229 553 14 18 0.02752265 
422 502 10 12 0.027522312 
568 430 9 10 0.02749543 
488 439 8 11 0.027476003 
24 581 10 14 0.02730511 
734 533 16 20 0.027257329 
740 524 17 19 0.027155248 
616 406 11 13 0.027107796 
42 521 19 23 0.02697192 
607 468 10 12 0.026948888 
336 483 8 11 0.026910014 
735 506 13 18 0.026870964 
239 630 10 14 0.02679096 
95 642 10 13 0.026775643 
583 500 10 13 0.026773605 
598 465 10 12 0.026637767 
441 452 8 11 0.026521634 
678 516 12 14 0.02650932 
473 448 9 11 0.026503516 
168 380 11 15 0.02645607 
104 518 8 11 0.02635021 
696 502 8 11 0.02629715 
887 382 9 12 0.026295653 
447 492 9 12 0.026192078 
368 526 11 13 0.026168412 
173 515 10 14 0.026167013 
676 528 21 25 0.026159352 
156 548 12 14 0.026122699 
269 470 11 13 0.026094342 
344 464 8 10 0.026052214 
584 519 10 16 0.026010236 
358 519 9 11 0.025967287 
656 531 14 17 0.025966661 
286 537 14 18 0.02592919 
88 519 8 10 0.025918756 
702 519 10 11 0.025915869 
113 422 10 13 0.025849268 
47 520 10 13 0.025790926 
509 431 9 11 0.025747374 
422 452 10 12 0.025498493 
177 493 10 12 0.02547619 
874 535 13 16 0.025456656 
438 485 12 14 0.025442155 
869 519 10 13 0.025365474 
221 512 9 12 0.025322067 
432 439 9 11 0.025291376 
881 411 13 16 0.025283692 
55 501 9 11 0.025282113 
489 478 9 10 0.025140565 
443 538 14 18 0.025126576 
971 479 20 27 0.025063267 
336 522 20 27 0.025041897 
155 391 13 16 0.02502525 
238 539 14 17 0.025009006 
64 606 8 11 0.024999643 
684 508 11 14 0.024950448 
178 487 10 12 0.024870086 
376 531 10 13 0.024843358 
765 511 15 20 0.024820402 
277 490 13 18 0.024770224 
765 531 13 16 0.02474992 
0 579 7 14 0.024736641 
630 12 14 19 0.024730988 
759 376 9 10 0.024688918 
837 119 8 11 0.024645677 
38 540 10 12 0.02463315 
79 572 11 14 0.024582062 
896 93 8 11 0.024527436 
149 508 12 14 0.024324806 
131 522 19 22 0.024308784 
707 541 12 15 0.02417728 
584 494 10 13 0.024063108 
243 545 13 16 0.02405108 
567 448 8 10 0.02397318 
122 511 8 10 0.023960073 
182 514 12 15 0.02390349 
455 508 9 13 0.023737205 
175 510 10 14 0.02369796 
120 562 11 13 0.023660991 
814 453 20 23 0.023622172 
585 438 8 11 0.023599206 
296 482 20 25 0.02358597 
158 503 10 12 0.023557018 
366 509 9 11 0.023462668 
294 636 8 12 0.023459205 
607 436 10 11 0.023432562 
37 572 10 12 0.023420308 
828 529 28 40 0.023359677 
163 638 10 12 0.023355715 
134 543 18 24 0.02328679 
722 524 21 27 0.023275979 
385 503 8 11 0.023252828 
505 447 7 9 0.023249516 
631 421 8 12 0.023221165 
80 582 11 13 0.023219861 
0 551 9 13 0.023165446 
13 580 11 14 0.023142898 
87 501 9 12 0.023086537 
110 478 9 10 0.023081863 
811 438 18 20 0.023078382 
814 411 11 14 0.022967847 
632 648 10 12 0.02291734 
63 599 9 12 0.02280117 
396 641 11 15 0.022798004 
431 469 8 10 0.022761123 
759 413 9 11 0.022753222 
472 472 8 10 0.02269124 
332 501 9 12 0.022687469 
631 523 10 14 0.022677595 
757 554 13 17 0.022665229 
260 517 13 17 0.022647457 
265 486 20 28 0.02260563 
770 401 25 31 0.0225915 
2 561 13 18 0.022549802 
637 648 9 12 0.022535391 
496 472 7 10 0.022521373 
188 527 16 18 0.022491677 
488 470 7 10 0.022449354 
994 450 16 19 0.022365788 
418 446 8 11 0.022146454 
0 572 8 15 0.022047456 
448 479 10 12 0.02203888 
121 526 9 12 0.02186553 
763 499 15 21 0.021864394 
731 509 24 31 0.021856513 
68 279 11 15 0.021831587 
685 517 10 14 0.021730186 
112 546 18 24 0.0217248 
864 46 10 12 0.021687677 
960 511 26 33 0.021672957 
184 375 10 11 0.021666152 
700 525 10 13 0.021623863 
166 397 10 13 0.021611977 
471 430 8 9 0.02155357 
511 447 7 10 0.02149702 
181 476 10 12 0.021495959 
692 557 12 14 0.02148993 
632 452 9 11 0.021420326 
449 437 8 11 0.02134668 
477 488 10 14 0.021310546 
147 388 22 28 0.02130209 
904 351 7 10 0.021253666 
112 405 10 13 0.021251343 
437 534 11 16 0.021245642 
47 548 11 14 0.021228207 
208 511 9 12 0.021209016 
445 572 11 15 0.021178871 
905 332 8 11 0.021138892 
779 511 17 23 0.021050539 
14 537 10 13 0.021042725 
46 540 11 14 0.020978326 
465 431 7 9 0.020926483 
520 478 9 11 0.020886177 
680 546 12 15 0.020808822 
279 477 12 16 0.020804001 
244 476 11 14 0.020778716 
87 496 9 11 0.0206965 
375 499 9 11 0.020603647 
583 388 9 12 0.020527612 
341 479 9 12 0.020513061 
118 477 8 11 0.020454295 
214 484 10 12 0.02045194 
5 571 13 18 0.020451598 
526 456 8 9 0.020449538 
535 431 9 10 0.020376014 
79 588 11 14 0.020359715 
126 548 12 16 0.020331936 
972 458 15 20 0.020315034 
510 487 8 10 0.020266881 
440 492 11 13 0.020254133 
619 524 11 16 0.020251842 
399 515 9 12 0.02024229 
712 519 8 12 0.020202575 
687 366 9 10 0.020192899 
100 525 11 13 0.02019288 
127 502 10 13 0.020159172 
127 520 8 10 0.020149892 
462 534 11 13 0.020133495 
488 432 8 9 0.020132845 
591 438 8 11 0.020096386 
