0_Parade_marchingband_1_156
233
168 249 61 70 0.99899274 
566 249 62 70 0.99877447 
870 186 83 96 0.98120385 
888 0 17 18 0.61263967 
69 201 15 19 0.53670174 
659 91 13 17 0.48899764 
153 133 52 55 0.45633554 
41 15 23 30 0.40068084 
40 579 27 39 0.33795804 
749 156 14 18 0.33280545 
405 190 13 17 0.33030543 
10 603 27 38 0.3064498 
669 113 13 17 0.302432 
325 10 19 24 0.25576568 
286 252 25 35 0.21452253 
517 490 137 157 0.21218275 
267 -1 17 14 0.17898102 
445 289 15 17 0.1752382 
212 82 15 20 0.16848676 
384 174 11 14 0.16273141 
438 190 15 20 0.15490064 
269 218 17 22 0.15226163 
349 199 13 17 0.1405027 
17 199 15 18 0.13832173 
740 545 32 39 0.13004968 
1009 209 13 21 0.1238196 
704 93 12 14 0.12347933 
716 154 18 21 0.122509025 
21 9 17 21 0.12235764 
233 152 46 62 0.122154444 
346 139 14 18 0.12036389 
99 221 24 34 0.119678944 
87 55 15 20 0.11515517 
43 313 13 16 0.1141045 
708 352 13 17 0.10635286 
20 593 26 41 0.10510061 
4 328 17 23 0.09358084 
78 503 43 56 0.0898169 
316 196 13 17 0.0897976 
770 128 14 18 0.08941794 
377 20 14 18 0.086046815 
823 20 14 17 0.08440905 
766 0 13 12 0.083268 
773 -1 16 13 0.082712576 
625 112 15 20 0.08203595 
739 9 13 16 0.080462314 
452 216 16 20 0.07717444 
297 26 15 19 0.074990965 
298 187 12 16 0.074579604 
386 209 14 18 0.07351457 
132 22 15 18 0.07050248 
441 257 16 21 0.06769427 
296 183 11 14 0.06671026 
292 266 16 25 0.06583446 
32 246 17 23 0.06450226 
421 170 14 18 0.06427493 
460 -1 13 12 0.063860685 
60 0 14 14 0.06272195 
650 363 15 18 0.060888812 
189 25 13 17 0.06009915 
284 171 12 15 0.059032205 
5 239 14 19 0.056972507 
396 148 14 17 0.05459485 
132 0 13 12 0.05418209 
574 173 30 38 0.053031392 
806 0 15 18 0.05150392 
737 337 18 26 0.049987115 
263 33 14 18 0.049079224 
387 178 11 14 0.04886241 
226 127 79 108 0.048343908 
1003 288 15 23 0.048192434 
302 91 15 17 0.04756566 
154 160 51 56 0.047342863 
747 102 14 16 0.04565739 
89 215 16 20 0.04565192 
221 140 35 42 0.04562868 
854 -1 12 11 0.04537994 
724 183 15 18 0.045355037 
618 174 21 34 0.04480816 
692 192 14 17 0.0447096 
687 278 12 15 0.044671647 
461 370 32 45 0.044594325 
117 242 15 22 0.044242036 
143 301 10 15 0.04423202 
404 268 15 19 0.044211846 
187 134 53 58 0.044203743 
430 142 13 15 0.043114398 
173 126 33 41 0.043097455 
775 104 14 17 0.042927045 
138 114 82 88 0.041143678 
942 120 15 21 0.040634118 
644 203 17 24 0.0402042 
461 195 13 15 0.040152714 
366 271 14 16 0.039601013 
563 184 34 44 0.038961876 
355 337 18 22 0.038688336 
366 192 13 17 0.038660645 
735 231 15 19 0.038655378 
397 267 14 18 0.038433347 
362 332 14 17 0.038097046 
757 118 12 16 0.03806612 
775 219 13 16 0.03762443 
357 274 22 27 0.03711788 
726 100 12 15 0.036890086 
516 79 14 17 0.03665891 
570 182 16 22 0.03650485 
443 342 27 33 0.03591202 
532 0 12 12 0.03575932 
942 -1 16 15 0.035667576 
636 146 15 19 0.035579417 
299 0 17 20 0.035533596 
158 62 15 19 0.035470076 
686 10 13 16 0.0342474 
457 213 15 18 0.034232304 
716 121 14 17 0.03395533 
136 147 55 58 0.033923097 
355 90 12 16 0.03391433 
325 242 14 19 0.03371814 
422 198 13 15 0.033531707 
754 127 16 20 0.033423975 
521 504 211 228 0.033388082 
344 266 15 19 0.033216298 
115 241 24 40 0.03290976 
91 212 41 56 0.032841425 
415 342 14 18 0.032389674 
922 83 24 35 0.032248966 
790 137 13 18 0.03201947 
729 155 13 17 0.031664148 
97 268 16 20 0.030660832 
20 12 29 34 0.030440297 
86 16 21 29 0.030317606 
481 66 14 16 0.03023339 
970 89 16 20 0.030211609 
594 9 15 17 0.030167133 
463 391 60 70 0.029889362 
811 210 11 13 0.029727234 
724 117 14 17 0.029149307 
390 142 13 15 0.029092718 
710 124 13 17 0.029009728 
630 167 25 36 0.028811593 
84 215 28 34 0.028597329 
376 148 11 15 0.02850858 
585 170 35 39 0.028236259 
721 50 14 16 0.02815467 
23 11 50 57 0.028105685 
148 143 33 39 0.0280809 
383 196 14 18 0.027870199 
470 97 14 20 0.027777763 
199 47 15 20 0.027550153 
327 181 13 17 0.027029527 
83 160 17 23 0.026818682 
315 344 17 22 0.02666936 
2 311 27 36 0.02660874 
736 210 13 16 0.026555894 
564 77 12 15 0.026512459 
49 0 26 28 0.026483363 
607 170 25 35 0.026402345 
94 513 39 52 0.026269216 
195 127 30 42 0.02601489 
852 19 16 22 0.026008999 
331 186 14 17 0.025715109 
674 173 14 17 0.025551373 
169 182 39 47 0.025474332 
761 123 21 26 0.025387103 
633 195 25 34 0.024960693 
691 280 12 17 0.02486813 
231 225 27 32 0.02473781 
795 25 15 17 0.024717854 
600 174 40 50 0.024534531 
652 121 14 18 0.024392575 
153 128 33 40 0.024221143 
503 -1 15 14 0.024065807 
309 170 12 15 0.024030069 
339 16 15 20 0.023843717 
749 114 14 17 0.02378821 
359 109 10 13 0.02378006 
457 155 13 16 0.023751419 
64 603 23 33 0.02367624 
449 339 17 21 0.02366195 
274 213 15 20 0.023449084 
769 168 17 20 0.02336245 
716 257 12 17 0.023116423 
293 247 15 17 0.02289674 
101 1 15 17 0.02289261 
716 491 37 39 0.022879146 
343 323 45 53 0.022830538 
324 158 12 13 0.022753412 
194 22 12 16 0.02272741 
237 0 15 14 0.02270985 
396 53 15 18 0.022606494 
946 117 22 31 0.022540698 
978 20 14 18 0.022513365 
661 252 21 27 0.022499353 
578 181 45 51 0.022471704 
2 597 25 38 0.022129815 
217 176 48 64 0.021998938 
284 301 17 22 0.021866918 
160 454 160 230 0.021770833 
760 0 13 12 0.021730151 
262 170 11 16 0.021681823 
670 281 14 16 0.021655735 
76 53 24 27 0.02155488 
282 245 41 53 0.021507079 
239 148 27 41 0.021476958 
279 164 22 27 0.021448301 
437 182 14 17 0.021443352 
172 156 31 41 0.02143595 
242 2 14 16 0.02127859 
718 303 14 19 0.021245135 
389 386 12 17 0.021180531 
665 90 13 17 0.021095686 
798 269 13 16 0.021017028 
360 342 18 22 0.020936882 
45 360 18 24 0.020886825 
53 587 28 39 0.020886412 
484 172 16 20 0.02087233 
520 193 17 19 0.02081337 
910 86 27 35 0.020769127 
145 247 50 70 0.020729193 
389 133 11 14 0.020678775 
816 107 27 33 0.020581182 
149 65 20 24 0.020495996 
337 20 24 29 0.020396587 
703 293 11 15 0.020368591 
301 146 12 14 0.020326303 
286 122 14 15 0.020292394 
389 52 14 18 0.020282974 
346 39 14 18 0.020200027 
481 180 23 33 0.020180505 
291 4 24 27 0.020125184 
250 191 29 39 0.020105882 
678 278 12 16 0.020060495 
9 619 33 43 0.02005434 
