0_Parade_marchingband_1_311
293
477 298 17 23 0.88852775 
264 300 12 16 0.8213012 
832 328 10 12 0.6193336 
391 342 11 14 0.5498921 
542 337 12 15 0.5353262 
203 294 11 14 0.46472195 
718 345 12 15 0.44243458 
574 341 12 15 0.32207555 
375 335 9 12 0.24310225 
585 318 8 11 0.23168774 
335 325 11 14 0.22932713 
729 319 8 11 0.22850132 
614 343 10 12 0.18957138 
730 323 13 16 0.17788659 
217 294 11 14 0.17465617 
622 343 11 14 0.17145473 
129 311 8 10 0.16588655 
609 343 8 11 0.1558163 
413 338 12 14 0.14584632 
222 311 11 13 0.14552493 
619 358 13 15 0.14515255 
335 362 21 27 0.1243271 
552 316 8 11 0.12369711 
557 327 10 12 0.11883192 
320 334 10 14 0.09698269 
151 318 9 12 0.09274514 
390 319 11 12 0.09199059 
414 317 12 14 0.091247424 
585 323 11 14 0.091193564 
661 340 10 13 0.090542465 
104 317 7 10 0.09025797 
183 348 10 13 0.08543749 
97 311 8 11 0.08522273 
516 299 16 22 0.08352464 
772 340 12 16 0.08206945 
591 330 11 14 0.078838676 
385 320 9 11 0.07762525 
198 349 13 17 0.07707195 
600 342 9 12 0.075318515 
662 350 10 14 0.07081435 
539 344 14 18 0.07069396 
126 294 8 10 0.0701511 
188 348 11 16 0.06815889 
838 341 10 13 0.067773804 
597 174 26 29 0.06764668 
396 334 12 14 0.067430735 
768 336 10 13 0.067095704 
217 308 11 15 0.06657968 
79 319 7 9 0.065205015 
398 324 11 13 0.06421008 
145 312 8 10 0.06315436 
538 334 11 13 0.0629409 
325 332 12 16 0.06263 
477 332 13 17 0.062430076 
422 311 9 10 0.062197525 
401 310 9 11 0.062000453 
88 311 8 10 0.06097279 
711 346 12 16 0.060554076 
311 332 10 13 0.059442915 
830 340 12 14 0.05934113 
146 317 8 10 0.05914219 
395 344 14 17 0.058916945 
483 310 17 23 0.058622863 
416 313 10 11 0.05843824 
846 342 10 13 0.057059214 
835 332 10 13 0.056845568 
627 343 10 13 0.05681349 
598 333 10 13 0.056540806 
717 334 11 15 0.055770062 
710 321 9 10 0.055229582 
117 342 9 12 0.054894794 
150 313 9 11 0.053857405 
407 339 12 15 0.05363269 
436 334 9 12 0.05354459 
34 303 9 11 0.05332841 
142 300 9 11 0.053261746 
240 316 9 12 0.052706644 
151 324 10 11 0.05239346 
54 310 7 9 0.052046698 
116 350 10 12 0.0493337 
557 317 10 13 0.04931389 
214 289 18 24 0.048898913 
228 317 12 14 0.048839603 
303 324 11 14 0.0477039 
309 327 10 13 0.047195416 
670 334 9 12 0.046963863 
258 300 10 14 0.046870857 
327 319 9 10 0.0453508 
432 333 9 13 0.043954846 
391 323 12 14 0.043362755 
780 340 11 14 0.04330681 
129 316 9 10 0.042418294 
537 340 12 15 0.04231522 
301 319 10 13 0.041443985 
609 348 8 11 0.04142863 
549 333 10 13 0.04129438 
197 293 19 22 0.040562067 
89 333 7 10 0.040532414 
217 315 13 16 0.040378936 
200 287 10 13 0.040270496 
175 328 8 10 0.040158726 
461 316 11 13 0.040152144 
246 311 10 13 0.04010336 
584 331 10 13 0.03991451 
470 339 12 18 0.039718278 
137 296 8 10 0.03904449 
176 296 8 10 0.038235083 
109 318 8 9 0.038183957 
833 355 12 16 0.038138792 
254 294 11 15 0.038120046 
599 359 10 13 0.037373863 
182 354 11 13 0.03730192 
712 323 10 12 0.037030574 
111 312 8 10 0.03701501 
826 327 10 12 0.0366985 
706 319 8 10 0.03658835 
183 296 9 11 0.036417704 
829 349 13 16 0.036403894 
436 340 10 13 0.03627091 
661 309 9 11 0.036213655 
455 317 10 11 0.036137637 
74 320 8 10 0.036103368 
204 288 12 15 0.03592831 
134 311 8 11 0.035629842 
388 331 21 26 0.035440236 
613 335 10 12 0.035297032 
182 334 9 11 0.035254493 
169 326 8 11 0.035114493 
309 365 11 15 0.034903266 
191 300 9 12 0.03488748 
385 340 11 15 0.03484893 
606 358 9 12 0.034807794 
608 336 9 12 0.03450222 
329 325 21 25 0.034333497 
231 284 11 12 0.034119137 
297 317 10 14 0.0340178 
720 319 9 11 0.03389078 
576 317 10 12 0.033851482 
125 289 9 10 0.033658653 
407 330 21 27 0.033559997 
159 296 9 10 0.03347595 
767 345 13 20 0.03346924 
158 318 9 11 0.032972094 
660 368 13 16 0.032954894 
854 341 11 14 0.03292788 
174 367 10 11 0.032749515 
420 316 10 13 0.032316335 
959 241 25 33 0.032307826 
376 328 9 11 0.032270852 
406 317 13 16 0.032209206 
177 332 8 11 0.031956486 
167 342 7 10 0.031898122 
73 325 8 11 0.031741053 
312 320 9 11 0.031688396 
687 206 9 11 0.031597953 
835 347 12 15 0.031559795 
327 326 11 14 0.030666953 
557 310 9 12 0.0304409 
17 333 7 10 0.030281486 
120 311 9 10 0.030280255 
656 355 10 12 0.030165311 
191 308 9 13 0.03015988 
657 367 10 14 0.030148624 
54 304 8 10 0.029944176 
159 312 8 10 0.029835977 
831 323 10 12 0.029741334 
112 356 11 13 0.029706238 
389 320 21 26 0.029630853 
712 346 20 25 0.029450893 
706 354 15 18 0.02925377 
813 327 11 13 0.029053016 
825 333 11 13 0.029003736 
617 338 18 23 0.02900118 
524 305 11 16 0.028903468 
78 325 8 11 0.028696565 
311 340 10 13 0.028682247 
104 303 8 9 0.028575812 
206 302 12 18 0.028313877 
687 288 9 10 0.028139304 
726 328 12 16 0.027936919 
182 318 8 11 0.027923973 
183 310 8 11 0.0279203 
214 310 21 27 0.027912099 
593 340 11 13 0.027906537 
182 326 9 11 0.027813764 
472 299 14 20 0.027384255 
448 318 9 11 0.027308872 
319 319 9 11 0.027292892 
463 310 11 13 0.027206056 
105 326 8 10 0.02711753 
55 318 7 8 0.02702398 
348 357 12 16 0.026924595 
788 381 13 15 0.026827646 
783 315 10 13 0.026735451 
110 327 8 10 0.0266984 
152 296 8 10 0.026683226 
409 312 19 25 0.026674943 
544 317 9 12 0.026575698 
570 338 19 24 0.02647917 
343 127 26 31 0.026460702 
599 348 9 11 0.026444443 
535 352 12 17 0.026420018 
405 309 10 13 0.026341371 
567 333 11 14 0.02632475 
340 319 10 12 0.026159773 
87 317 7 9 0.025946496 
127 302 8 9 0.025816314 
350 339 12 15 0.025714615 
215 333 9 13 0.025429092 
221 287 12 15 0.025219133 
419 338 12 17 0.02519915 
397 340 23 29 0.024847426 
167 294 10 11 0.024808323 
805 327 13 15 0.024726354 
82 312 8 10 0.024671286 
335 344 25 31 0.02458768 
196 305 13 17 0.024575442 
717 326 11 14 0.024451187 
391 310 11 12 0.024282796 
105 296 7 9 0.024261633 
716 337 20 25 0.024257153 
568 318 10 13 0.02405437 
94 333 8 10 0.02396919 
827 323 19 22 0.023923932 
623 334 10 12 0.023872703 
135 331 11 13 0.023734417 
98 316 8 10 0.02362762 
103 332 8 10 0.023590693 
168 333 8 12 0.023527805 
247 293 11 14 0.023403268 
178 311 7 10 0.023391247 
423 324 10 15 0.023312723 
816 350 8 11 0.023233712 
461 333 11 14 0.023230935 
215 321 11 15 0.02317811 
400 319 20 26 0.023041826 
589 311 11 13 0.02301091 
227 308 11 14 0.022860099 
381 333 11 14 0.022847641 
656 335 11 15 0.022735694 
654 335 20 25 0.022650484 
448 325 10 13 0.022423692 
317 329 19 25 0.022420263 
55 294 7 9 0.022416953 
516 313 15 19 0.022304934 
390 354 12 17 0.022263158 
331 357 17 20 0.022178274 
87 328 8 11 0.022174083 
655 317 9 11 0.022073127 
138 301 8 11 0.022068419 
221 320 11 14 0.022040583 
327 276 8 10 0.022025157 
806 339 12 14 0.021851523 
703 254 246 263 0.021847136 
24 294 7 10 0.021755492 
702 268 10 12 0.021657052 
476 322 24 28 0.021644616 
941 135 27 34 0.021640882 
830 344 20 25 0.02159317 
231 353 14 17 0.021502923 
49 303 8 11 0.021475304 
32 319 6 9 0.021471443 
667 352 13 17 0.02146635 
134 317 8 10 0.021414844 
890 362 13 15 0.021303153 
590 366 10 14 0.021297887 
617 327 8 11 0.021260548 
411 344 16 19 0.021237962 
782 308 12 13 0.02122663 
663 316 8 11 0.021152975 
728 323 21 25 0.021120595 
33 309 8 10 0.021033803 
177 300 8 11 0.021000266 
818 366 9 13 0.020969361 
263 361 13 18 0.020940118 
258 305 22 26 0.020905238 
256 356 10 13 0.020904297 
639 358 9 13 0.020847201 
705 349 11 16 0.020784842 
638 365 10 12 0.020778269 
219 302 21 27 0.020769259 
534 381 10 13 0.020714903 
380 328 20 26 0.020683538 
253 286 11 13 0.02061756 
791 317 10 12 0.020612344 
261 351 11 15 0.020599948 
759 250 12 15 0.0205501 
590 295 9 12 0.02048266 
339 336 16 18 0.02042116 
255 290 19 25 0.020415453 
821 363 12 16 0.020414053 
582 319 18 22 0.020343088 
825 340 11 14 0.020272572 
