0_Parade_Parade_0_377
538
259 505 65 89 0.99756 
574 306 28 31 0.96951395 
853 359 70 80 0.96645755 
977 339 20 26 0.96052676 
11 265 48 72 0.930277 
88 364 54 64 0.86802346 
731 308 22 25 0.8563168 
338 335 24 33 0.7700802 
425 306 20 27 0.75602275 
547 296 20 26 0.73499435 
945 320 17 22 0.69817746 
327 335 24 31 0.68924963 
154 314 37 47 0.6490047 
398 273 15 20 0.61463886 
245 342 30 32 0.54331493 
810 309 13 16 0.531604 
453 275 20 25 0.5074713 
898 309 14 18 0.46796447 
247 404 27 34 0.41344473 
588 276 15 19 0.4018396 
467 314 15 21 0.35552403 
313 384 25 31 0.34852538 
847 311 11 13 0.3244439 
488 295 11 14 0.30409423 
613 301 16 20 0.29908025 
764 315 17 19 0.29063267 
114 457 31 38 0.2716338 
921 308 28 34 0.27152118 
771 320 15 17 0.24148126 
614 314 16 21 0.23927982 
636 311 9 14 0.23754756 
259 432 32 39 0.22611378 
186 462 35 47 0.2178722 
792 306 14 18 0.21493784 
186 284 18 24 0.21003397 
574 259 11 15 0.20693456 
365 376 29 34 0.20421192 
264 251 13 16 0.20374827 
542 255 11 15 0.20062368 
832 317 10 12 0.19862793 
27 361 30 38 0.19318195 
17 481 47 57 0.18484291 
648 314 15 18 0.1686981 
388 294 14 18 0.16302396 
581 277 16 19 0.15975554 
191 223 10 12 0.14497362 
207 244 12 16 0.1411734 
531 297 12 17 0.13773195 
816 358 11 14 0.13574451 
535 253 12 15 0.13316807 
353 269 25 32 0.1325403 
662 277 10 12 0.13232207 
176 223 10 12 0.12893946 
791 313 12 16 0.12779714 
690 315 15 16 0.12702082 
824 494 33 46 0.12661175 
520 233 12 15 0.12587935 
606 345 17 22 0.12236488 
243 408 43 51 0.122141086 
358 386 29 37 0.12025065 
73 390 33 41 0.12004539 
271 235 12 15 0.11834977 
719 286 11 14 0.11730664 
77 276 28 35 0.11722374 
551 305 21 27 0.116625264 
284 330 34 45 0.1117147 
996 297 13 17 0.11141269 
518 315 13 19 0.111153156 
479 340 21 26 0.11078678 
38 238 13 16 0.1096208 
491 314 17 23 0.10463281 
347 338 27 35 0.1045454 
679 285 10 12 0.10427197 
268 288 15 20 0.104092516 
320 253 13 14 0.10395892 
135 289 54 67 0.10334862 
1013 308 9 15 0.10200687 
853 324 11 14 0.10133085 
343 269 22 33 0.09738868 
585 312 24 32 0.09680585 
78 376 39 45 0.09596483 
195 285 14 18 0.09414323 
330 322 24 31 0.09374681 
348 385 14 20 0.09284521 
361 378 19 25 0.0901915 
47 415 27 31 0.089952104 
562 309 25 30 0.08980182 
489 343 15 20 0.08936333 
604 311 20 28 0.088272765 
948 239 32 37 0.08737533 
554 291 16 22 0.0857187 
558 317 15 21 0.08472915 
39 211 11 13 0.08138982 
697 293 11 14 0.08002567 
261 346 41 46 0.07938554 
379 235 11 14 0.07835369 
1012 491 10 18 0.07812102 
410 418 13 15 0.07764935 
967 318 13 15 0.07634317 
156 220 11 13 0.07574033 
301 296 13 17 0.07559365 
100 244 28 35 0.07538011 
50 475 39 48 0.074969426 
525 292 21 28 0.07489916 
265 257 16 19 0.07484044 
656 334 8 12 0.0747806 
420 257 15 18 0.073719226 
480 243 10 14 0.0725394 
254 396 32 36 0.0714879 
806 324 11 15 0.07131236 
465 297 23 30 0.07112935 
982 318 13 15 0.07055722 
300 435 25 34 0.07047096 
231 222 10 12 0.070394546 
519 430 16 22 0.069424346 
211 300 28 38 0.069160886 
166 441 48 60 0.068666 
105 239 19 21 0.06782261 
3 234 32 42 0.0675127 
69 272 46 58 0.06748872 
124 215 10 12 0.06675813 
563 290 13 17 0.066481225 
685 330 12 15 0.066131905 
629 293 9 12 0.06533141 
206 238 11 14 0.06472261 
129 457 28 35 0.06431225 
480 293 20 25 0.06418608 
710 315 13 16 0.064145334 
684 292 11 13 0.06402886 
852 317 12 15 0.063483864 
23 234 28 37 0.06296987 
778 322 12 15 0.062319223 
267 448 20 23 0.06180005 
244 273 23 28 0.060235612 
273 281 17 22 0.060074534 
448 276 14 18 0.059759744 
229 443 26 37 0.059756324 
236 273 19 27 0.059230823 
175 214 10 12 0.059211276 
187 411 28 37 0.05920868 
433 300 16 19 0.059141543 
578 325 17 21 0.058988255 
257 275 23 30 0.05836562 
451 237 12 16 0.057587646 
55 350 45 54 0.057260353 
630 323 12 16 0.057101086 
445 241 15 19 0.056807414 
265 271 23 27 0.05654119 
654 322 12 14 0.05646028 
38 354 35 49 0.05619941 
272 439 28 37 0.05581761 
954 323 13 18 0.054975588 
286 267 15 19 0.05456313 
597 328 15 22 0.05445952 
766 286 10 12 0.05439852 
531 330 13 19 0.054012485 
546 257 13 16 0.053596184 
460 317 16 20 0.053099316 
182 224 11 13 0.05299701 
613 295 13 17 0.052956633 
199 221 10 12 0.052584983 
464 254 12 15 0.051828925 
520 306 20 27 0.05180161 
168 277 28 35 0.05156705 
228 274 15 21 0.05125234 
663 284 8 11 0.05117831 
83 260 33 43 0.051027685 
492 281 14 18 0.05053344 
380 308 21 27 0.05044759 
837 316 11 14 0.050438456 
147 245 12 17 0.04969462 
313 278 26 35 0.049658667 
486 285 14 17 0.04917599 
94 389 52 64 0.049086355 
630 271 10 12 0.048996877 
421 328 15 20 0.048966605 
726 289 11 14 0.04894835 
173 294 32 42 0.048940577 
146 272 47 58 0.048710037 
590 244 10 14 0.04858442 
268 242 13 16 0.048489787 
473 298 17 18 0.048438236 
487 275 12 16 0.04840675 
671 317 12 14 0.047981516 
700 298 12 14 0.047269426 
211 247 13 16 0.047238953 
800 324 11 14 0.04710961 
626 270 9 13 0.046532314 
306 294 17 20 0.046392 
44 213 13 14 0.046379343 
278 270 20 26 0.045857396 
60 231 10 13 0.045806285 
239 228 11 15 0.045624238 
362 398 17 23 0.04534959 
525 246 12 14 0.04519151 
830 348 12 14 0.04495078 
499 322 15 21 0.0441887 
684 300 11 14 0.044156343 
78 198 9 12 0.044059344 
247 349 35 43 0.04399171 
575 276 13 17 0.043974858 
54 411 39 46 0.043925796 
749 308 13 18 0.043921836 
677 317 11 13 0.043640114 
656 285 9 10 0.043559875 
222 272 15 19 0.04339842 
732 301 17 21 0.043287423 
338 370 24 33 0.04310196 
180 420 28 41 0.042966608 
479 306 22 28 0.042557288 
172 320 32 38 0.04253534 
930 307 17 21 0.042359646 
483 324 22 30 0.0417498 
363 267 17 22 0.04164096 
397 347 28 35 0.041466035 
554 241 15 19 0.041343164 
438 231 13 16 0.041142326 
972 320 13 16 0.0411134 
436 293 14 17 0.04110736 
649 300 11 14 0.04071783 
363 273 25 31 0.040340953 
514 285 27 38 0.04025512 
444 323 15 21 0.04024158 
295 345 27 38 0.040171593 
325 366 29 39 0.039878044 
606 320 23 30 0.039743256 
202 283 14 18 0.03970204 
625 306 19 24 0.039674394 
383 342 26 34 0.039586574 
361 646 48 68 0.039568707 
533 284 11 16 0.039280176 
508 310 20 28 0.039174926 
55 207 11 13 0.039142482 
254 259 12 15 0.039103907 
583 250 13 17 0.03902779 
204 295 25 33 0.038850546 
277 228 13 17 0.03870836 
658 278 10 13 0.038457703 
258 261 22 24 0.038436916 
773 286 10 13 0.037892617 
454 306 14 19 0.03784693 
842 307 20 25 0.037798855 
262 396 15 18 0.03767293 
199 228 10 14 0.037556387 
673 285 8 10 0.03736287 
987 322 16 18 0.037237994 
378 358 28 40 0.03714295 
168 432 35 43 0.036803868 
320 353 31 38 0.036762435 
271 333 31 41 0.036743723 
325 312 23 32 0.036731064 
942 351 24 30 0.036687702 
237 433 47 62 0.036609195 
453 314 16 22 0.03660341 
402 413 22 23 0.036558174 
468 257 13 17 0.036297835 
580 278 25 32 0.03626956 
144 449 52 60 0.035982396 
393 224 10 12 0.035946436 
541 302 16 22 0.03587062 
500 281 13 17 0.035869647 
616 247 8 9 0.03586105 
390 429 11 12 0.03566477 
759 284 11 14 0.035644475 
671 279 8 11 0.035139892 
19 325 43 63 0.035139 
285 439 25 34 0.035061654 
468 264 14 18 0.035053663 
335 421 13 17 0.03503381 
218 310 27 38 0.035028484 
235 457 15 21 0.034931358 
1006 262 10 13 0.034817103 
200 412 18 22 0.034479246 
494 331 21 26 0.03441094 
327 430 42 48 0.03439454 
1014 312 11 16 0.03439025 
34 206 10 13 0.0342416 
234 453 30 37 0.034195542 
48 268 45 64 0.03416 
347 389 26 33 0.034052044 
532 305 15 21 0.033946734 
463 318 24 27 0.033932213 
932 300 14 18 0.03392182 
391 309 23 29 0.033779435 
676 387 11 14 0.033746053 
421 330 25 31 0.033707853 
756 307 13 19 0.033682022 
792 295 11 12 0.03341927 
665 264 368 467 0.03341736 
121 440 49 60 0.033393033 
568 253 19 27 0.033385478 
543 265 12 16 0.033354018 
311 364 31 35 0.033223365 
997 339 14 19 0.033164326 
681 333 11 13 0.03313511 
469 350 18 22 0.03290417 
67 428 27 34 0.032829717 
497 289 22 32 0.03270502 
190 276 24 31 0.03269495 
52 219 12 15 0.032434866 
830 354 13 16 0.032318406 
871 523 15 18 0.03206158 
806 331 13 16 0.032003436 
168 211 10 13 0.031935908 
941 326 24 32 0.031763647 
61 493 35 40 0.031705502 
425 357 49 46 0.031704027 
275 296 15 19 0.031641945 
507 276 14 18 0.031355627 
682 320 24 26 0.031331923 
450 373 28 32 0.031248052 
294 299 13 16 0.031125301 
205 399 46 51 0.031050544 
458 305 17 25 0.03079857 
390 237 12 14 0.030741204 
336 317 17 21 0.03073085 
366 338 27 33 0.030683385 
682 271 8 10 0.030651387 
807 337 13 17 0.03061785 
298 379 44 46 0.03045199 
789 321 12 15 0.03023451 
373 279 25 30 0.030227808 
371 392 29 34 0.030184675 
266 230 19 26 0.03010883 
109 471 29 37 0.030076146 
374 313 16 21 0.030030152 
173 275 16 20 0.030015483 
60 211 10 14 0.029756334 
217 424 47 62 0.02975249 
966 287 9 11 0.029686136 
505 373 16 21 0.029659456 
125 396 36 48 0.02965293 
821 304 10 12 0.029603472 
650 332 11 14 0.029571537 
141 459 28 36 0.02951435 
967 335 22 29 0.029483134 
79 287 17 21 0.029482536 
233 235 10 14 0.02929491 
354 305 15 19 0.029100794 
388 278 21 26 0.029034408 
838 252 9 13 0.028795775 
700 287 11 13 0.028743258 
389 409 13 18 0.02860928 
305 306 17 21 0.028602783 
578 302 20 22 0.028579762 
781 259 11 15 0.028403528 
418 242 25 34 0.02821637 
1007 300 11 16 0.028205449 
195 294 15 20 0.028180482 
903 309 24 27 0.028152388 
340 348 28 39 0.02807871 
247 260 13 15 0.028071119 
456 428 11 15 0.027962971 
622 293 12 15 0.027962005 
196 312 42 56 0.0279432 
311 345 30 34 0.027874675 
235 443 15 20 0.027775656 
330 270 26 33 0.027764624 
815 342 22 26 0.027705168 
205 221 9 11 0.027703807 
364 233 14 17 0.027513247 
256 376 31 39 0.02748875 
507 281 24 31 0.027470138 
31 262 32 50 0.0274459 
591 240 10 12 0.02741491 
662 318 13 15 0.02740145 
273 455 35 40 0.027374953 
385 346 48 52 0.027299576 
247 253 12 14 0.027240098 
640 262 9 11 0.027152466 
624 288 9 11 0.027136182 
270 264 23 26 0.027098957 
356 382 16 23 0.027069595 
391 244 11 15 0.026896676 
556 528 30 32 0.026817128 
229 353 12 17 0.026671842 
460 296 16 21 0.026571775 
538 310 15 20 0.02653597 
96 198 8 11 0.026523829 
151 424 77 101 0.026515158 
861 318 13 16 0.02646268 
428 245 13 19 0.026379667 
29 487 59 69 0.026328327 
716 310 20 25 0.026151817 
664 324 10 13 0.026145175 
347 331 17 23 0.026106875 
505 325 21 27 0.026097082 
522 318 19 27 0.026094925 
45 229 13 17 0.026080202 
48 315 48 65 0.025979225 
237 221 11 14 0.025942389 
10 363 27 39 0.025932536 
191 293 28 36 0.025917832 
691 294 21 25 0.025855163 
738 330 12 16 0.025828492 
628 300 12 16 0.025749559 
649 285 10 11 0.0257277 
685 310 14 18 0.025700407 
657 271 10 12 0.025685688 
263 235 14 17 0.02566803 
357 325 24 33 0.02562946 
812 348 16 19 0.025606547 
27 246 31 45 0.025604215 
516 326 21 27 0.025554525 
436 326 15 21 0.02549566 
552 236 12 14 0.025425997 
314 312 23 30 0.025264569 
830 312 10 13 0.02526157 
327 306 15 21 0.025206015 
389 354 25 35 0.025201758 
141 240 22 29 0.02518123 
268 420 30 37 0.02510037 
203 241 21 26 0.025085077 
-3 290 40 63 0.025047928 
656 387 9 13 0.025042584 
20 240 16 20 0.025039682 
438 309 23 30 0.02502956 
68 342 38 44 0.024994476 
533 248 11 15 0.024989415 
637 395 11 15 0.024984868 
86 283 28 36 0.024968123 
459 264 22 28 0.02495739 
413 339 28 37 0.02488189 
206 207 9 11 0.024821833 
262 290 28 32 0.024789687 
288 417 45 53 0.024732102 
72 484 32 36 0.024693968 
670 334 10 12 0.024673896 
105 258 18 23 0.024620382 
717 331 12 14 0.024617977 
801 229 11 15 0.024406064 
802 317 21 25 0.024398206 
997 317 13 16 0.02435106 
508 421 27 36 0.024306668 
350 318 23 32 0.024245283 
290 452 29 37 0.024223061 
990 326 21 27 0.024222482 
88 247 29 36 0.024222111 
549 287 13 17 0.02417297 
301 325 27 37 0.024142435 
375 230 11 13 0.023921313 
325 347 19 23 0.023771917 
319 246 12 14 0.023771131 
222 325 25 38 0.023755511 
399 281 24 27 0.023733743 
936 402 25 33 0.02368022 
379 337 15 19 0.023673201 
394 298 14 18 0.023632104 
0 329 28 45 0.023498423 
226 468 50 69 0.023485497 
103 189 10 11 0.023458399 
328 416 27 34 0.023453707 
416 301 23 28 0.023438863 
783 302 20 27 0.023417082 
245 270 14 18 0.023364639 
1004 338 15 20 0.023146164 
639 287 9 12 0.02310699 
434 232 21 26 0.02306815 
959 319 20 25 0.023047125 
396 332 30 35 0.02299437 
615 252 9 12 0.022911526 
96 458 30 35 0.022884458 
371 327 48 59 0.022703962 
805 303 14 17 0.022676015 
182 309 37 47 0.022651322 
649 295 11 12 0.022484796 
342 389 16 22 0.022481792 
316 256 15 18 0.022460474 
957 311 10 13 0.022450417 
235 333 28 38 0.022334734 
388 345 16 22 0.022300066 
959 287 10 12 0.022220561 
255 249 21 25 0.022129968 
653 292 11 12 0.022081295 
980 311 13 17 0.022069652 
279 298 26 30 0.022012547 
149 269 31 37 0.021941192 
493 302 23 34 0.021926692 
939 307 14 19 0.02185936 
415 303 44 51 0.021836236 
396 410 12 16 0.021746684 
613 434 14 17 0.021722797 
711 318 23 27 0.021722551 
996 288 13 16 0.021662436 
106 402 32 38 0.021608891 
4 310 41 68 0.021578616 
234 222 19 26 0.02143004 
374 328 25 31 0.021404477 
359 354 30 40 0.021399073 
927 376 27 33 0.021390377 
326 370 15 18 0.021358749 
588 335 15 20 0.021343155 
258 401 18 23 0.021294218 
99 459 51 58 0.021267401 
674 308 21 27 0.021231141 
37 233 21 28 0.021199897 
715 284 20 25 0.021176606 
54 393 34 43 0.02117169 
1011 343 14 21 0.021054838 
414 263 14 17 0.021042567 
590 432 26 31 0.020980319 
686 270 8 10 0.020932183 
465 282 13 18 0.020931602 
523 281 16 21 0.020923292 
934 255 27 33 0.020894842 
238 392 29 38 0.020854855 
353 421 48 49 0.020840064 
84 482 130 130 0.02080881 
36 277 37 49 0.020781063 
252 479 57 72 0.020737994 
543 292 14 18 0.020711374 
460 378 17 19 0.020692745 
826 312 21 24 0.020672284 
443 349 15 19 0.020636976 
950 310 12 17 0.020628951 
506 294 24 36 0.020580346 
38 216 13 16 0.020577764 
206 278 13 16 0.020546492 
282 289 16 20 0.020539327 
383 324 26 32 0.020478064 
824 348 22 27 0.020437673 
440 349 28 36 0.020412758 
321 434 29 36 0.020370252 
382 401 22 31 0.020364657 
620 437 12 15 0.020340253 
196 394 79 96 0.020281542 
849 319 23 26 0.020272568 
214 214 8 10 0.020234086 
665 420 10 13 0.020224402 
297 308 23 31 0.020189855 
664 503 28 30 0.020181598 
382 434 27 35 0.020173717 
1005 314 12 15 0.020155376 
261 294 18 21 0.020109512 
452 338 45 48 0.020081619 
299 242 13 14 0.02008048 
341 400 30 37 0.020050341 
919 314 17 21 0.020015368 
