0_Parade_marchingband_1_765
1018
316 304 17 21 0.9946715 
501 314 16 21 0.9938775 
805 322 16 20 0.9930225 
451 342 17 22 0.9917977 
405 309 15 20 0.99027747 
252 267 14 19 0.9901668 
605 243 13 16 0.9901316 
539 347 16 20 0.98920923 
196 373 17 21 0.98679745 
340 266 12 16 0.9859644 
493 367 17 23 0.9834488 
397 244 13 16 0.98088384 
308 371 18 23 0.98007464 
650 316 15 19 0.97949094 
457 291 15 17 0.9790446 
250 371 16 20 0.977782 
227 319 14 18 0.9774097 
622 347 16 20 0.97623074 
420 269 13 17 0.9752078 
611 380 18 24 0.97373563 
554 377 17 23 0.97013915 
503 233 12 16 0.9662167 
312 249 13 17 0.9655682 
429 372 17 24 0.9645485 
893 268 13 18 0.9630065 
140 277 14 18 0.96157455 
649 267 14 18 0.95818937 
286 290 14 17 0.9579394 
845 372 17 22 0.9543599 
690 350 17 21 0.954064 
857 354 14 19 0.9520458 
368 369 18 22 0.94982743 
368 290 14 19 0.94903 
584 314 14 18 0.9476127 
663 210 14 17 0.94496787 
362 229 13 18 0.9423201 
537 253 13 16 0.94080746 
113 300 16 20 0.9384592 
726 381 18 23 0.9384489 
88 323 19 24 0.9365505 
350 183 12 14 0.93350327 
500 263 13 19 0.9276292 
663 378 17 20 0.9245438 
704 229 13 17 0.9190894 
833 298 15 18 0.91892195 
783 382 17 21 0.9185679 
769 293 15 18 0.91728437 
441 234 13 16 0.909441 
510 169 13 15 0.90877455 
412 213 13 15 0.9081234 
152 380 17 20 0.89593375 
397 171 12 15 0.8948872 
801 252 13 17 0.89284724 
689 297 15 17 0.8875752 
202 221 13 17 0.887323 
504 203 13 15 0.88709265 
350 341 17 22 0.8867228 
332 217 10 14 0.8860814 
906 382 17 22 0.8815216 
614 294 14 17 0.8797105 
448 201 12 15 0.8629697 
767 352 13 18 0.8623649 
486 159 14 17 0.8611096 
383 204 12 15 0.86059904 
464 249 13 17 0.8544613 
567 201 12 15 0.8533646 
285 233 12 15 0.8522608 
310 203 11 14 0.8513444 
913 290 14 19 0.8447462 
257 344 17 20 0.84436214 
746 251 12 16 0.8420728 
786 273 14 17 0.8307427 
716 272 11 16 0.8261063 
630 200 11 14 0.82500273 
329 172 10 13 0.821441 
487 188 12 15 0.82066864 
577 269 12 17 0.81272167 
763 230 11 14 0.80566907 
873 247 11 15 0.80486965 
640 234 13 15 0.8031745 
542 209 11 14 0.7730987 
245 185 12 16 0.7712072 
521 116 23 26 0.76778877 
780 221 10 14 0.7674355 
549 165 10 12 0.76452154 
456 172 11 15 0.75258625 
598 165 9 11 0.73654807 
569 233 12 15 0.7301409 
543 297 13 16 0.7203897 
420 190 11 13 0.71999073 
758 189 9 12 0.7141522 
270 159 13 15 0.7072319 
462 115 15 16 0.7066206 
601 189 11 14 0.696978 
654 189 10 13 0.6841103 
728 312 13 17 0.6835122 
745 203 11 13 0.6828893 
309 131 10 13 0.67791706 
673 247 13 16 0.6607832 
575 128 20 23 0.64878947 
344 151 10 12 0.63004583 
568 172 11 13 0.623786 
681 126 17 19 0.6163304 
232 200 13 17 0.61447287 
692 200 12 14 0.6002334 
621 127 17 20 0.5960077 
475 214 12 14 0.5932795 
705 166 9 12 0.5931936 
465 147 10 13 0.5875873 
435 161 13 16 0.5817164 
173 258 13 16 0.55858755 
733 182 10 12 0.55015576 
850 227 10 13 0.5463212 
541 185 12 15 0.53310037 
724 214 12 15 0.5295556 
846 260 13 16 0.5114136 
835 205 11 14 0.47920015 
606 209 12 15 0.4758339 
284 148 10 15 0.47194347 
368 160 11 14 0.466487 
414 123 14 16 0.46391445 
629 177 11 14 0.46221945 
491 214 13 16 0.45289096 
716 153 10 14 0.45151314 
825 182 9 13 0.41888887 
317 150 10 13 0.41291288 
429 133 11 14 0.37201893 
419 213 13 15 0.3508032 
747 315 14 17 0.34669444 
783 316 12 16 0.33405423 
470 174 12 16 0.33203563 
681 182 10 12 0.3286864 
298 141 10 13 0.32177973 
446 269 13 16 0.31811842 
738 160 11 14 0.3062795 
589 294 11 14 0.3021714 
344 110 14 15 0.3004964 
712 191 11 13 0.28803414 
260 173 11 14 0.27956226 
203 272 13 17 0.2778909 
439 188 11 14 0.27734876 
462 198 12 16 0.2714169 
388 292 13 16 0.27088737 
659 165 9 12 0.2708804 
469 149 11 13 0.27083647 
765 272 14 17 0.25335523 
535 205 14 17 0.24457712 
732 268 13 16 0.2441775 
638 166 11 13 0.23944262 
358 166 12 14 0.23369808 
588 127 15 20 0.2304253 
574 150 10 13 0.23014307 
479 188 12 16 0.22718664 
780 139 10 13 0.22371969 
409 151 10 12 0.22263868 
236 270 11 15 0.2220964 
173 283 11 14 0.2188849 
135 309 14 18 0.21824004 
863 228 11 14 0.21807773 
167 324 11 15 0.21493058 
805 157 11 14 0.21261315 
476 125 13 16 0.20969005 
188 241 12 17 0.20534468 
349 294 12 16 0.20100369 
478 150 12 13 0.19927353 
527 292 13 17 0.19751957 
255 219 13 17 0.19339126 
836 349 15 20 0.19095957 
345 182 11 15 0.18817604 
352 125 11 13 0.18773212 
486 249 13 15 0.1847501 
209 346 18 22 0.18442874 
740 340 13 17 0.1839469 
524 147 12 14 0.18280685 
627 149 13 16 0.18084468 
380 260 16 18 0.17657587 
389 186 11 14 0.17277081 
616 191 12 14 0.16966036 
406 203 12 15 0.16943781 
454 167 11 15 0.16629627 
749 290 13 16 0.16483638 
461 228 12 15 0.16376086 
595 127 12 16 0.16085151 
358 133 13 16 0.1565132 
433 39 53 60 0.155395 
348 115 12 13 0.15408643 
285 276 13 15 0.15230788 
932 350 11 15 0.15088242 
172 326 12 15 0.15065625 
700 283 12 16 0.14919937 
524 203 12 16 0.1466297 
233 275 11 14 0.14602804 
821 258 12 14 0.14502895 
427 214 13 15 0.14425856 
742 291 13 16 0.14392583 
465 109 17 18 0.13986792 
679 153 10 14 0.13983175 
535 172 13 16 0.13927898 
700 204 11 12 0.13841678 
278 189 9 12 0.13822255 
637 130 13 18 0.13819425 
533 296 14 17 0.1367066 
364 133 12 17 0.13646558 
439 270 10 15 0.13624716 
149 333 12 15 0.13594589 
716 193 12 14 0.1357707 
367 189 11 14 0.1337597 
472 155 11 14 0.13315748 
670 341 14 18 0.13167012 
691 131 15 18 0.13065991 
678 186 11 15 0.13020661 
421 173 12 14 0.12985606 
533 129 14 17 0.12951511 
693 277 12 15 0.12728134 
470 198 12 14 0.12649618 
468 291 14 17 0.12612398 
281 231 11 14 0.12592633 
475 178 13 16 0.1256935 
623 324 12 16 0.124913014 
275 154 12 18 0.12472459 
278 272 13 16 0.12426422 
778 207 8 11 0.12422616 
829 252 11 15 0.12400321 
813 310 13 16 0.12299052 
205 254 10 15 0.12216313 
790 150 9 12 0.11960276 
302 458 14 17 0.11915637 
374 190 12 14 0.118727975 
465 121 16 19 0.11811336 
581 171 11 15 0.11685681 
732 290 15 18 0.11484185 
731 216 11 12 0.113829695 
588 226 12 16 0.11327654 
459 126 17 19 0.112830125 
706 335 22 27 0.111679144 
419 119 11 14 0.109617546 
655 348 13 18 0.10909755 
931 310 22 31 0.10871943 
623 197 12 15 0.10638984 
525 225 13 15 0.10637073 
475 194 14 16 0.10567826 
415 154 13 15 0.10561658 
293 174 9 12 0.104944706 
749 298 13 16 0.10447318 
476 290 12 15 0.10421017 
411 207 12 15 0.10415395 
484 123 14 17 0.10364708 
677 213 12 13 0.10189906 
574 167 12 15 0.101738036 
830 232 10 14 0.09984895 
399 203 11 14 0.09979854 
216 302 10 13 0.09785128 
341 211 12 15 0.09704463 
399 158 9 11 0.09639924 
391 238 12 16 0.095855966 
700 321 13 17 0.09572098 
374 268 14 18 0.09492334 
686 234 13 15 0.09482487 
888 263 13 17 0.09464749 
294 219 11 14 0.094350174 
791 156 9 12 0.09404581 
477 155 14 17 0.09384339 
606 292 14 19 0.09374258 
748 198 11 14 0.09278611 
658 189 12 14 0.091170266 
627 136 16 19 0.09060616 
701 336 15 19 0.090600595 
423 132 12 15 0.0901723 
287 187 9 12 0.09006536 
327 251 13 17 0.08861558 
736 186 9 12 0.08793392 
328 198 12 15 0.08780657 
264 153 21 24 0.087781966 
223 267 9 13 0.08697475 
839 251 13 18 0.08678314 
764 190 10 13 0.08658454 
536 180 13 15 0.08646307 
304 164 9 12 0.08442509 
769 158 10 14 0.08405096 
301 187 10 14 0.08383142 
190 249 13 18 0.083792716 
317 187 11 12 0.08305815 
445 162 12 16 0.08170849 
382 187 12 14 0.08146903 
588 201 12 16 0.08112259 
753 284 15 17 0.07996656 
333 196 11 15 0.079511434 
634 201 13 15 0.079451434 
415 172 12 14 0.07904591 
358 158 12 15 0.07855071 
222 246 9 12 0.078441896 
197 258 12 14 0.07778495 
392 166 11 13 0.07763001 
471 164 11 15 0.07608153 
429 189 12 15 0.07568056 
319 229 11 15 0.073864736 
498 186 13 15 0.0729016 
264 163 12 15 0.0725095 
520 144 12 14 0.07199571 
262 239 10 13 0.07161256 
349 153 12 14 0.070753776 
482 150 15 17 0.07046398 
382 291 13 16 0.069930024 
343 167 9 12 0.06952379 
557 187 12 15 0.06932762 
428 458 11 16 0.06926497 
734 346 12 17 0.06924875 
373 211 13 16 0.06916664 
796 300 15 18 0.068973005 
271 275 10 14 0.06890736 
397 229 13 15 0.068731695 
476 205 12 14 0.06867039 
717 180 11 13 0.06735057 
869 289 14 19 0.0656825 
643 126 12 16 0.06542649 
726 208 10 13 0.06529445 
808 183 8 11 0.065227024 
566 331 15 18 0.06467268 
485 226 14 16 0.06446536 
772 126 10 12 0.06428786 
676 195 12 15 0.06407255 
333 178 12 14 0.06394225 
381 252 16 18 0.06376382 
323 149 12 16 0.063747704 
756 272 17 19 0.063617595 
460 167 11 15 0.06314181 
597 292 15 17 0.06305087 
443 107 13 16 0.06303566 
862 324 12 18 0.062937014 
349 245 13 16 0.062727556 
420 150 12 14 0.06243864 
413 260 15 19 0.061953586 
717 236 13 16 0.06189481 
483 285 12 16 0.061689693 
685 120 14 15 0.061648745 
819 351 15 20 0.06149861 
792 237 11 14 0.061406124 
358 212 13 15 0.061386224 
712 252 13 15 0.060951572 
301 289 13 18 0.06080594 
365 180 11 14 0.060684275 
437 220 12 14 0.060654234 
270 251 12 15 0.06062936 
310 229 11 15 0.060520537 
363 170 13 16 0.060449075 
524 240 13 16 0.060182836 
791 301 12 15 0.060105667 
589 179 11 13 0.059794992 
644 212 13 15 0.059655126 
678 133 17 20 0.059542693 
373 323 13 18 0.0590986 
240 237 9 11 0.059049256 
527 155 14 15 0.05897062 
256 244 9 13 0.058950484 
581 120 13 17 0.058879703 
519 267 13 17 0.058875795 
716 261 13 16 0.058464188 
256 309 10 14 0.058423568 
885 297 12 15 0.058418494 
830 378 15 19 0.05825343 
261 215 12 15 0.057924014 
789 220 10 13 0.057812832 
637 171 11 14 0.057706457 
367 195 13 14 0.057623774 
237 342 13 16 0.057372082 
453 228 14 17 0.057358675 
744 237 11 13 0.057351872 
712 212 11 14 0.057323933 
415 165 13 14 0.057194483 
324 227 12 15 0.057054415 
838 236 9 12 0.056926616 
474 105 16 18 0.05674462 
614 165 12 14 0.056722593 
693 245 12 15 0.05663709 
287 213 9 13 0.056613423 
245 237 9 13 0.05660876 
626 249 14 16 0.05649995 
388 331 17 18 0.05638595 
408 357 13 17 0.05637405 
878 270 11 14 0.056318488 
604 183 13 15 0.05626067 
408 116 11 13 0.056248266 
364 457 13 16 0.05616473 
286 205 9 12 0.05611339 
772 270 12 15 0.055712488 
364 212 14 16 0.055553082 
461 175 13 16 0.0554766 
649 182 11 14 0.05540708 
775 260 12 15 0.05513243 
279 198 8 11 0.05493177 
824 235 12 16 0.05483457 
829 277 11 15 0.05458316 
661 182 11 14 0.054437373 
777 213 11 15 0.054406065 
803 299 14 16 0.053873654 
566 155 11 14 0.053706497 
390 230 12 14 0.053628456 
414 194 12 15 0.053582713 
292 181 12 15 0.05343812 
262 198 11 14 0.05332914 
908 376 14 18 0.05323898 
710 306 13 16 0.05306773 
190 220 14 18 0.05303125 
437 308 15 20 0.05301777 
808 230 10 13 0.05264008 
525 179 14 16 0.05256797 
381 229 12 15 0.05233936 
120 376 13 19 0.052027076 
775 133 10 13 0.05181414 
165 349 13 16 0.051498134 
557 165 11 14 0.050939117 
532 164 12 15 0.050669227 
450 263 15 18 0.050232876 
341 172 10 13 0.05004129 
814 254 11 15 0.049897436 
478 250 13 16 0.049720734 
459 523 13 16 0.0496167 
526 170 13 17 0.049450837 
214 387 14 20 0.049442623 
719 208 11 14 0.04943811 
348 307 14 19 0.048626207 
516 251 13 16 0.04824474 
868 278 11 13 0.04823764 
323 233 13 17 0.048141185 
233 317 14 16 0.047917623 
868 283 12 17 0.047907207 
230 247 9 12 0.04785453 
716 173 13 15 0.047837526 
687 173 11 13 0.047828045 
557 290 15 20 0.04772183 
829 244 12 15 0.047566593 
600 210 12 15 0.047479916 
316 295 15 19 0.047441505 
813 353 14 19 0.047413185 
518 209 12 15 0.047328137 
703 260 11 14 0.047268603 
427 170 13 16 0.04726295 
773 156 10 13 0.04707094 
736 175 10 13 0.047061943 
370 228 13 16 0.046799086 
454 141 12 15 0.046744924 
726 269 12 16 0.046384104 
490 123 15 17 0.046207044 
135 300 12 17 0.046176694 
727 252 10 14 0.046158932 
540 194 14 17 0.04615053 
555 249 13 18 0.045833148 
615 324 13 17 0.045829646 
280 205 9 11 0.045787532 
415 180 12 14 0.045638148 
270 220 10 14 0.045616303 
326 156 10 12 0.045591526 
865 354 13 17 0.04538457 
822 229 11 16 0.045336373 
802 162 9 12 0.04533381 
344 299 12 17 0.04490266 
672 191 11 13 0.044842932 
313 157 10 13 0.044701796 
365 273 14 17 0.044544216 
565 295 15 19 0.044489007 
484 338 15 19 0.044443026 
166 318 12 15 0.044410136 
804 361 17 21 0.044288132 
341 306 12 17 0.04424702 
527 188 11 13 0.04407042 
764 342 14 19 0.043943547 
364 203 13 17 0.043895554 
350 212 11 15 0.043785315 
244 341 15 19 0.043672655 
444 183 13 15 0.04363702 
676 229 13 16 0.04353281 
362 475 16 18 0.04343624 
429 228 13 16 0.04332163 
302 214 10 13 0.04313246 
756 250 13 17 0.04305699 
595 353 14 19 0.04302872 
710 206 10 13 0.04301236 
824 243 12 14 0.04293323 
306 126 11 14 0.042718675 
827 257 12 16 0.042708278 
477 243 13 17 0.04268666 
602 163 12 14 0.042673152 
862 277 13 16 0.042672906 
714 323 14 16 0.042503852 
477 259 13 15 0.042311877 
867 330 13 18 0.042297848 
143 333 13 17 0.042256717 
377 204 13 15 0.04219043 
530 149 14 16 0.04212761 
710 169 12 15 0.04210959 
381 243 14 18 0.041952416 
308 165 10 12 0.041846395 
740 188 10 12 0.04183838 
833 201 10 12 0.041821674 
431 195 13 14 0.041712727 
235 281 14 16 0.04170229 
662 194 11 14 0.041697856 
391 157 11 14 0.041535527 
473 114 16 21 0.04148461 
750 230 12 16 0.041374736 
635 338 14 16 0.041318174 
173 317 12 14 0.041288372 
403 228 12 14 0.04117818 
632 230 12 16 0.041116964 
509 300 14 16 0.041090034 
686 251 12 14 0.041045677 
617 125 13 18 0.041012317 
814 207 9 11 0.04098623 
388 248 15 16 0.04090494 
190 267 12 16 0.040756445 
407 259 14 17 0.040670436 
797 221 9 12 0.040583916 
334 245 13 17 0.040421497 
815 212 10 12 0.040248316 
165 298 12 16 0.040113058 
455 101 13 16 0.040077996 
172 291 13 16 0.03999553 
711 243 12 16 0.039946657 
257 271 14 19 0.03992375 
175 355 12 16 0.039846294 
550 331 13 17 0.039842077 
318 355 14 17 0.039670292 
609 237 16 20 0.039420087 
548 187 12 16 0.03926773 
294 187 12 14 0.039213687 
667 293 13 15 0.039093416 
453 130 14 17 0.038827557 
327 350 12 15 0.038798194 
508 208 13 16 0.038715445 
629 120 12 14 0.038691018 
618 266 15 17 0.038678497 
483 256 14 17 0.038665272 
724 228 11 13 0.038661998 
280 284 15 18 0.038622517 
693 172 11 14 0.03856492 
829 347 15 22 0.03848844 
853 319 14 19 0.038346555 
798 369 15 19 0.038313653 
620 214 11 14 0.03830523 
583 178 11 13 0.038220722 
211 275 12 15 0.03820317 
429 301 12 14 0.03819155 
582 199 12 16 0.038166065 
453 222 13 15 0.038152456 
937 310 14 18 0.038009487 
821 268 12 16 0.037957426 
909 356 13 15 0.037891906 
758 341 14 18 0.03788467 
291 227 13 17 0.03778891 
734 460 14 15 0.037756078 
868 237 13 15 0.03772935 
557 276 14 15 0.037618678 
701 268 13 15 0.037613157 
776 227 11 14 0.037608385 
197 294 11 12 0.037390765 
334 167 10 13 0.037367873 
824 195 9 11 0.0372323 
284 332 12 17 0.03722367 
181 251 13 17 0.03708633 
223 252 10 13 0.037084695 
414 251 14 17 0.03707547 
325 134 13 15 0.03699493 
331 354 15 19 0.03695359 
696 346 16 21 0.036931995 
132 332 14 17 0.036783084 
815 268 11 15 0.036756158 
746 337 15 19 0.03669505 
613 341 15 18 0.036612116 
725 236 12 15 0.036562122 
394 292 14 16 0.036541525 
333 362 14 19 0.036478963 
614 275 15 16 0.03647653 
816 222 11 12 0.03645447 
359 118 9 11 0.03623449 
612 227 15 18 0.03604015 
173 349 11 16 0.03579354 
520 200 11 14 0.03565997 
411 139 14 17 0.03564192 
262 188 10 15 0.035589278 
154 331 12 15 0.035577923 
254 167 21 25 0.035510592 
276 221 10 13 0.03538156 
717 300 13 16 0.035369508 
260 224 12 15 0.035299484 
429 245 14 16 0.035220526 
686 275 14 17 0.035126854 
775 215 18 22 0.03505584 
206 282 12 14 0.03499783 
255 253 10 13 0.034944013 
532 197 13 16 0.034928612 
839 219 10 13 0.034796264 
793 274 14 17 0.0347579 
287 199 9 11 0.034745548 
531 227 12 15 0.03473801 
790 457 15 16 0.034713626 
779 297 14 18 0.034583747 
775 150 9 12 0.034573857 
544 160 18 22 0.034550186 
215 287 9 11 0.034444652 
280 144 12 15 0.034422025 
727 244 12 15 0.034221034 
473 145 21 24 0.034199543 
349 219 13 16 0.034141608 
370 138 12 16 0.0341136 
694 322 14 18 0.03411035 
428 180 12 15 0.03409134 
133 323 15 18 0.034066256 
299 219 12 16 0.034015402 
172 341 12 14 0.03395755 
254 315 12 17 0.033901744 
246 318 12 15 0.033866353 
314 198 13 17 0.033810917 
636 298 14 18 0.033671334 
336 149 10 14 0.033608455 
308 290 14 17 0.033597793 
419 352 15 20 0.033578616 
457 115 13 16 0.033485424 
309 181 11 14 0.03345968 
508 476 13 18 0.03344642 
412 280 14 18 0.03342755 
215 293 9 12 0.033314154 
415 184 19 22 0.03329161 
299 265 15 19 0.03323166 
181 300 10 12 0.03316794 
185 233 21 26 0.033102565 
884 316 12 17 0.033084042 
387 208 14 16 0.03299084 
482 234 15 17 0.032946613 
351 174 13 16 0.032894984 
397 474 11 16 0.03285934 
363 329 16 19 0.032810524 
775 331 12 15 0.032767687 
655 171 11 13 0.03267403 
731 298 16 20 0.032665715 
381 172 12 13 0.03262395 
356 111 11 13 0.03260457 
157 353 14 18 0.03254734 
596 226 13 17 0.03252264 
232 209 12 15 0.032345854 
446 207 13 16 0.032326695 
493 227 12 17 0.032309815 
661 170 12 14 0.03225908 
215 348 19 25 0.032248482 
645 205 12 14 0.032198578 
149 353 14 18 0.032198362 
878 320 13 18 0.032054763 
413 432 17 20 0.032042008 
792 181 8 11 0.031989202 
606 193 13 16 0.0319295 
766 195 11 12 0.031924415 
397 299 14 19 0.03192195 
651 253 14 15 0.031828996 
352 140 11 15 0.031821463 
814 228 12 15 0.0317832 
660 159 12 15 0.03176839 
162 465 15 17 0.031715162 
294 206 10 11 0.03157616 
893 293 12 15 0.03155998 
400 152 9 12 0.03146687 
775 191 9 12 0.031454694 
750 276 14 18 0.0313908 
774 236 11 13 0.0313587 
563 336 16 22 0.031285476 
670 165 12 16 0.0312277 
180 324 11 15 0.031218302 
726 187 10 13 0.031193666 
421 206 13 15 0.031124435 
797 212 10 13 0.031061666 
465 144 19 22 0.0310502 
272 189 11 13 0.031006787 
301 158 11 14 0.030848306 
443 279 14 19 0.030783772 
711 181 12 14 0.03075004 
341 196 11 14 0.030707058 
768 150 9 12 0.030611953 
269 245 12 14 0.030591594 
159 325 12 15 0.030551685 
780 374 16 20 0.030540643 
747 346 15 20 0.03025314 
486 466 11 15 0.030245215 
309 136 11 15 0.030162778 
855 222 20 24 0.030134734 
262 253 11 13 0.030111978 
562 343 20 28 0.029992888 
246 243 11 13 0.029959202 
389 149 12 15 0.029888367 
491 297 14 17 0.029784411 
749 211 11 14 0.029713811 
529 344 19 24 0.029679488 
312 119 10 12 0.029658098 
589 260 14 17 0.02963913 
421 308 12 17 0.029625207 
613 217 13 17 0.029554656 
780 277 15 19 0.029552167 
846 219 19 23 0.029516373 
573 293 13 17 0.029499074 
397 211 13 16 0.029482258 
288 220 11 14 0.029312259 
448 133 12 16 0.029291617 
744 210 10 13 0.029290503 
246 452 13 15 0.029272918 
769 357 15 21 0.029261416 
268 257 12 17 0.029261125 
633 166 11 15 0.02924 
304 198 9 12 0.029165337 
454 160 10 13 0.029147923 
271 198 10 13 0.02910747 
708 315 14 17 0.029067468 
838 375 16 21 0.028919155 
592 364 11 15 0.028918914 
725 347 15 19 0.028906565 
521 132 22 26 0.028898934 
653 233 14 17 0.028864296 
612 171 13 15 0.028820155 
324 361 16 22 0.028792147 
695 230 13 16 0.028773379 
659 345 18 23 0.028756447 
493 247 12 15 0.028734386 
381 164 12 16 0.028700612 
850 264 14 18 0.02861114 
621 174 18 22 0.02859207 
698 298 14 18 0.02856351 
474 281 18 23 0.028522609 
870 256 11 15 0.028439427 
693 271 12 14 0.028403124 
269 237 10 13 0.02838283 
490 191 15 17 0.028348511 
436 290 12 15 0.028340392 
628 318 13 15 0.028338807 
564 190 12 15 0.028260415 
913 380 14 18 0.028237011 
685 269 13 15 0.02820134 
459 138 19 22 0.028087808 
388 306 15 19 0.027988827 
293 268 13 16 0.027890295 
650 371 16 20 0.02784461 
470 276 13 16 0.027816206 
902 326 10 14 0.027694432 
626 259 15 19 0.027651068 
135 271 14 17 0.027647963 
817 313 14 18 0.027644446 
181 266 13 16 0.027634583 
302 119 10 12 0.027633537 
575 191 11 14 0.027576623 
435 167 14 17 0.02755161 
685 243 13 17 0.027541213 
686 331 13 16 0.02752186 
659 299 15 18 0.027479822 
445 221 13 15 0.027475648 
641 393 16 19 0.027456328 
727 176 10 14 0.027441822 
221 239 11 14 0.027429435 
712 330 16 19 0.027428847 
280 74 37 34 0.027371066 
133 508 11 14 0.027369564 
519 222 12 15 0.027322486 
169 255 12 17 0.027298803 
429 314 13 18 0.027240077 
323 370 14 20 0.02722866 
423 299 12 17 0.027091352 
156 448 16 19 0.027051672 
541 323 12 16 0.026976872 
350 191 13 16 0.026925907 
821 213 10 12 0.026880492 
790 214 11 14 0.02687181 
270 204 10 12 0.026851818 
756 385 17 22 0.02680241 
316 125 11 15 0.026780779 
434 132 12 15 0.026721347 
559 170 12 15 0.0267071 
547 217 14 16 0.026666092 
438 265 17 23 0.026655652 
518 244 13 15 0.026643226 
517 260 14 18 0.026627155 
180 316 11 15 0.026625339 
403 168 12 15 0.026615761 
341 105 13 16 0.026562033 
434 182 18 23 0.026523862 
334 158 10 11 0.026508804 
312 107 10 12 0.026491515 
630 188 12 15 0.026484616 
780 340 13 17 0.026431864 
506 261 14 17 0.02640227 
684 338 13 17 0.02634689 
428 204 14 15 0.026342563 
558 158 13 15 0.02630882 
773 165 11 12 0.026280794 
254 334 13 17 0.026151877 
806 276 12 14 0.026129616 
851 254 13 16 0.02603099 
279 213 10 12 0.025988696 
456 518 13 17 0.025966812 
499 220 13 16 0.025914572 
806 188 9 10 0.025875375 
647 198 10 13 0.025869433 
412 377 14 19 0.02584463 
808 206 10 12 0.025828669 
306 454 13 16 0.025817992 
503 165 13 16 0.02581447 
877 293 13 17 0.025779266 
181 310 10 13 0.025737107 
194 244 13 16 0.02570417 
573 241 13 17 0.025676038 
667 349 17 22 0.025653364 
787 318 15 19 0.025627725 
780 253 12 17 0.025616756 
197 301 11 13 0.025584826 
437 283 13 16 0.02555609 
701 252 13 17 0.025531858 
168 264 13 17 0.025467683 
375 315 14 18 0.025408072 
317 132 11 15 0.02538635 
755 298 13 17 0.025317984 
910 332 11 14 0.025295021 
464 155 11 13 0.025289208 
581 245 11 15 0.025279187 
736 382 16 22 0.025246145 
563 167 18 23 0.02510586 
238 230 11 13 0.025103228 
805 386 13 18 0.025100708 
878 330 12 17 0.025095569 
766 284 15 19 0.025078233 
420 245 14 16 0.02505305 
627 342 14 19 0.025026942 
599 153 21 25 0.02501602 
356 148 12 14 0.025011599 
500 255 13 16 0.024992803 
733 235 13 16 0.024976434 
584 223 11 15 0.024892788 
252 178 13 18 0.024843428 
215 261 10 13 0.024718346 
199 282 12 15 0.024695583 
371 452 13 16 0.024663473 
366 155 18 23 0.02466073 
373 171 12 15 0.024656901 
700 179 11 15 0.024637416 
823 274 12 16 0.02462692 
550 244 12 16 0.02453177 
249 219 11 14 0.024504343 
452 209 13 15 0.024458166 
558 229 12 16 0.02445748 
318 143 19 26 0.024429692 
792 163 8 11 0.02439384 
541 331 14 18 0.02438619 
345 260 15 19 0.02437794 
695 165 11 14 0.024343725 
213 270 11 14 0.024337584 
790 242 13 17 0.024328725 
646 175 10 13 0.024314672 
693 330 13 18 0.024259347 
398 481 11 17 0.024251848 
196 217 16 17 0.024241138 
373 287 19 22 0.024225596 
472 267 12 15 0.02422557 
759 224 13 14 0.024223786 
357 195 13 15 0.024165351 
418 394 13 18 0.02416232 
208 304 9 12 0.024145229 
117 479 13 14 0.024097662 
716 162 13 16 0.024029387 
606 148 12 14 0.023988897 
158 299 12 17 0.023939386 
776 343 18 25 0.02389781 
371 219 14 17 0.023897063 
800 183 8 11 0.023883048 
701 211 12 14 0.023879971 
817 200 7 10 0.023876267 
523 339 17 20 0.023803808 
424 466 12 17 0.023791578 
759 213 12 15 0.023765754 
724 300 15 18 0.023758642 
973 362 30 35 0.023754388 
637 159 13 16 0.023717908 
352 167 12 14 0.023688545 
799 191 9 11 0.0236761 
414 113 11 12 0.02367425 
783 147 10 13 0.023617584 
287 353 13 17 0.023601135 
861 270 11 16 0.023580305 
654 242 14 17 0.023456587 
471 188 13 17 0.023450999 
728 175 18 23 0.023385497 
454 250 14 16 0.023381539 
573 370 15 18 0.023366015 
594 160 18 22 0.023277394 
104 296 20 26 0.023239398 
349 228 14 16 0.023164485 
582 296 14 18 0.023146266 
670 236 14 18 0.023136469 
659 234 13 17 0.023009753 
510 160 12 15 0.022926118 
848 214 12 15 0.022919571 
407 130 13 15 0.02283986 
401 237 14 18 0.022838492 
341 145 17 23 0.02282547 
847 232 11 13 0.022785403 
764 261 14 16 0.02276587 
167 275 14 18 0.022756018 
309 173 11 13 0.022747489 
470 218 14 16 0.022689227 
325 243 14 19 0.022682419 
499 465 15 18 0.022616537 
479 226 13 16 0.022588314 
605 229 13 16 0.022529166 
173 298 12 15 0.022454541 
637 389 13 18 0.022422567 
222 287 10 12 0.022419732 
517 315 13 17 0.02241546 
325 265 15 18 0.022414431 
461 324 13 16 0.022396896 
268 139 15 16 0.022335919 
672 155 11 14 0.022314325 
524 112 16 18 0.0223084 
310 188 11 13 0.022281583 
740 275 14 17 0.0222686 
340 244 16 17 0.022262942 
643 165 11 13 0.022182776 
918 373 12 16 0.022171933 
613 179 12 15 0.022133071 
351 122 19 23 0.02211556 
670 181 12 14 0.022113444 
432 294 12 14 0.022087619 
328 210 17 23 0.02206368 
361 184 21 24 0.022005474 
302 226 12 17 0.021991914 
840 231 9 12 0.021935368 
643 219 14 15 0.021915324 
336 110 12 14 0.021902045 
245 474 15 20 0.021877041 
174 235 13 16 0.021862635 
294 197 10 12 0.021786207 
208 341 13 17 0.021733306 
302 172 10 13 0.021730926 
233 219 11 14 0.021699602 
248 263 11 16 0.02163948 
366 149 11 14 0.021626042 
449 96 23 28 0.021601815 
710 259 13 17 0.021600993 
324 168 17 21 0.021592468 
764 251 14 17 0.021523684 
676 321 15 18 0.021522187 
804 307 15 16 0.021517877 
214 253 10 14 0.021471187 
299 330 16 19 0.021470506 
387 196 14 17 0.021469811 
204 229 14 18 0.02145972 
301 234 13 17 0.021442784 
605 494 28 35 0.02142999 
356 283 15 19 0.021426471 
174 310 12 15 0.021423116 
509 354 16 21 0.021399034 
334 190 12 15 0.02139842 
165 307 13 16 0.021337036 
194 254 19 25 0.02132422 
192 322 11 15 0.021323835 
795 293 16 18 0.02131181 
121 301 14 17 0.021286199 
292 285 20 25 0.021284236 
619 234 14 18 0.021271136 
373 243 13 16 0.02126503 
740 294 19 23 0.02126432 
318 143 11 14 0.021212129 
816 259 11 15 0.021206079 
264 345 16 20 0.021201592 
812 273 13 16 0.021198075 
302 245 14 17 0.021168776 
620 166 11 14 0.021160591 
426 330 16 20 0.021141136 
578 251 13 14 0.021123195 
364 128 10 14 0.021094924 
442 464 15 19 0.021081509 
457 483 10 14 0.02104347 
231 347 14 17 0.021038728 
629 297 15 19 0.02100475 
724 97 14 20 0.020995503 
765 213 12 14 0.020869266 
605 306 13 16 0.020864008 
456 478 9 13 0.020853827 
287 274 19 25 0.020841567 
772 339 14 18 0.020824865 
406 283 15 18 0.020818325 
950 344 13 17 0.020811953 
421 111 11 13 0.020808911 
646 348 14 17 0.020807201 
735 198 9 12 0.020799464 
732 466 14 18 0.020760627 
657 308 16 19 0.020758461 
753 183 9 13 0.020750452 
917 306 11 16 0.020733284 
426 321 14 18 0.020723112 
158 458 16 20 0.020719327 
556 267 14 17 0.02069046 
301 297 14 18 0.02068634 
818 322 14 17 0.020682046 
808 222 9 12 0.020649549 
425 132 18 23 0.020632343 
638 262 13 17 0.020621143 
314 208 14 17 0.020561103 
759 148 10 12 0.020559248 
358 173 21 24 0.020511707 
437 261 14 18 0.02047237 
305 127 18 21 0.020454988 
180 331 12 14 0.02045205 
846 315 15 19 0.02043259 
239 243 9 13 0.020429231 
229 263 11 14 0.020379787 
346 123 11 14 0.020341896 
231 236 10 13 0.02032671 
336 200 22 27 0.02026204 
605 214 14 18 0.020200947 
269 134 11 13 0.02016695 
366 117 10 12 0.02015913 
357 275 15 18 0.020148655 
186 211 24 29 0.020139923 
235 296 15 18 0.020092329 
333 103 12 13 0.020086097 
909 348 12 16 0.020066597 
259 261 12 17 0.020013098 
