0_Parade_marchingband_1_188
169
550 515 12 15 0.860897 
252 501 11 14 0.79034454 
919 486 12 14 0.6627855 
685 348 12 14 0.58616555 
441 545 13 16 0.46791926 
209 418 12 15 0.4629339 
575 565 11 15 0.3767874 
604 407 10 13 0.2924361 
797 358 9 12 0.2759454 
428 253 11 15 0.2354139 
588 325 10 12 0.2290496 
997 247 9 14 0.21982367 
521 367 8 10 0.21930014 
712 407 10 12 0.2190477 
998 252 12 17 0.2016399 
859 424 15 17 0.17209852 
784 384 9 10 0.16160227 
692 283 11 14 0.15763806 
118 334 7 10 0.13617997 
159 368 9 12 0.1223986 
463 443 10 13 0.12180381 
248 143 8 10 0.11966923 
725 303 8 10 0.11866497 
506 397 9 11 0.1160222 
727 325 10 13 0.11453758 
360 253 9 12 0.103712715 
605 342 10 14 0.10112567 
697 314 11 14 0.10087458 
486 212 11 15 0.09127471 
628 70 13 19 0.08735853 
295 247 9 12 0.08671571 
617 382 10 13 0.085218556 
869 371 14 16 0.08458287 
567 147 10 12 0.07895677 
675 386 15 18 0.074576855 
556 263 9 12 0.07308831 
496 406 7 10 0.07264321 
489 190 10 12 0.07021028 
504 279 9 11 0.069923274 
679 304 9 12 0.06822655 
438 271 8 11 0.06815882 
333 264 10 13 0.059061866 
716 351 13 14 0.05855703 
610 278 9 12 0.057682544 
690 342 15 18 0.056735024 
48 429 11 13 0.05544542 
207 425 14 18 0.054697026 
555 538 18 23 0.053069577 
710 354 13 15 0.05210867 
241 324 9 12 0.05111668 
604 317 15 20 0.04847181 
342 320 8 10 0.047205426 
768 231 8 11 0.047026586 
679 342 13 17 0.047000874 
62 321 9 11 0.04574154 
143 350 10 13 0.045610845 
247 146 10 14 0.044794906 
777 192 8 10 0.044616234 
166 385 13 15 0.04452952 
328 263 10 13 0.044461872 
719 332 12 13 0.044168703 
1001 256 14 19 0.042550374 
238 565 12 14 0.041219823 
614 372 11 13 0.041158788 
488 180 11 15 0.040342044 
590 350 11 14 0.040278405 
152 374 10 13 0.039908912 
492 195 10 13 0.039754555 
250 263 8 10 0.03945063 
998 241 8 11 0.038536023 
293 269 11 13 0.038335633 
511 246 10 15 0.038010046 
620 386 11 15 0.037651908 
721 326 11 13 0.037398014 
544 124 11 13 0.03724177 
863 370 13 16 0.03705415 
615 435 12 14 0.036905948 
517 229 10 13 0.036225833 
788 384 9 11 0.035894893 
455 351 9 11 0.035641935 
211 432 14 18 0.035425115 
598 347 13 16 0.035390276 
553 267 10 13 0.034951225 
302 375 7 9 0.034828447 
217 203 10 14 0.034424566 
454 319 9 11 0.034230314 
505 423 7 9 0.034198646 
142 208 11 14 0.033793345 
694 290 11 14 0.032757863 
569 558 18 24 0.03252782 
364 252 10 13 0.03242827 
794 362 11 15 0.031417355 
492 174 10 14 0.031196088 
863 379 12 16 0.031179188 
665 390 10 14 0.031112388 
541 515 22 26 0.030853515 
495 241 12 15 0.030787691 
342 244 11 14 0.030604184 
230 574 13 15 0.030466681 
497 400 7 10 0.03041316 
200 588 10 12 0.030037006 
599 119 9 12 0.029655686 
677 334 11 14 0.029299103 
342 251 10 13 0.029159348 
503 414 9 11 0.028877744 
702 301 9 11 0.028731398 
253 141 8 11 0.028630966 
495 433 13 16 0.028218923 
507 391 10 12 0.027836012 
717 286 9 12 0.027312186 
510 414 9 12 0.027304389 
148 247 10 14 0.027272282 
469 430 8 11 0.026837599 
686 328 23 29 0.026822696 
693 333 14 17 0.026643727 
719 389 10 13 0.026640749 
669 393 13 16 0.026585326 
613 303 14 17 0.026483266 
898 149 10 12 0.026199855 
200 581 10 14 0.026150392 
702 371 12 14 0.025861168 
863 386 10 13 0.025845813 
402 268 20 22 0.025785618 
855 455 12 16 0.025413323 
215 176 9 10 0.025296368 
605 332 13 16 0.025192803 
550 312 14 18 0.024466604 
687 308 10 14 0.02435685 
497 412 8 10 0.024276255 
510 226 12 16 0.024223752 
966 289 11 16 0.02413792 
993 250 12 18 0.024122357 
720 307 10 12 0.02389436 
250 560 25 24 0.023839474 
203 578 14 17 0.023802955 
585 320 10 14 0.02376243 
693 308 21 26 0.02361004 
768 236 8 12 0.02311298 
503 213 11 15 0.023029169 
196 494 13 20 0.02298837 
707 370 12 15 0.022864956 
423 246 12 16 0.022707757 
381 247 12 16 0.02257841 
874 376 16 20 0.022533657 
709 362 13 17 0.022400446 
500 431 11 12 0.022204118 
683 344 20 24 0.021919752 
759 270 10 14 0.021914106 
613 74 10 14 0.021893604 
706 350 21 25 0.021659242 
216 183 12 14 0.021623218 
720 321 21 26 0.021602256 
425 248 18 24 0.021474624 
229 316 12 15 0.021330746 
289 270 9 12 0.021306463 
767 254 8 11 0.021285495 
358 320 11 13 0.021200242 
502 404 9 11 0.021185042 
510 419 9 11 0.021143582 
320 304 9 10 0.021068582 
607 72 11 13 0.020968772 
560 545 22 28 0.020850522 
247 563 14 17 0.020717379 
216 193 12 17 0.020496096 
352 252 11 14 0.020442164 
153 367 10 14 0.02040012 
492 212 12 16 0.020382553 
726 296 9 11 0.020357586 
142 218 11 17 0.020241816 
