0_Parade_marchingband_1_1004
62
810 223 34 40 0.9991026 
649 190 41 46 0.9957312 
773 204 30 48 0.9911048 
118 212 39 41 0.9670575 
689 204 34 39 0.9542869 
428 234 38 36 0.9456836 
157 403 43 54 0.922733 
784 204 37 55 0.23671916 
335 403 35 44 0.20540477 
743 205 28 40 0.18177836 
688 223 32 41 0.07638767 
423 198 50 67 0.070530556 
699 187 33 39 0.06880222 
828 221 40 49 0.06644246 
307 433 30 35 0.06145581 
712 149 25 32 0.059619937 
79 291 30 43 0.050956275 
721 154 16 19 0.050623383 
453 379 12 14 0.047520705 
863 224 35 45 0.046698205 
375 230 10 13 0.04606406 
408 231 8 11 0.045077488 
751 198 35 53 0.0428804 
999 268 14 18 0.04077486 
743 16 56 73 0.04060969 
326 427 44 50 0.039853387 
349 414 29 36 0.037673377 
293 431 22 34 0.037477795 
1004 270 15 21 0.03736461 
963 244 13 16 0.034100454 
331 455 40 42 0.033494804 
175 424 34 39 0.033256255 
678 178 45 52 0.03044962 
800 212 32 41 0.029935386 
384 231 10 12 0.029400999 
413 230 9 14 0.028813126 
390 237 9 10 0.028263966 
299 425 24 33 0.028245883 
500 240 15 18 0.02790249 
400 230 8 11 0.027531663 
695 157 43 52 0.027358059 
318 410 45 51 0.026826223 
247 436 42 51 0.026245916 
0 415 8 12 0.025031505 
443 388 14 15 0.02457555 
606 182 10 13 0.02447018 
681 200 28 37 0.023585346 
331 383 16 20 0.023466216 
412 196 10 12 0.023222439 
239 232 8 10 0.023146247 
830 174 10 13 0.023069825 
552 206 25 32 0.022588708 
812 160 14 19 0.022326177 
629 188 10 14 0.022259831 
437 392 13 15 0.021855416 
329 191 8 10 0.021063741 
862 104 14 18 0.020745171 
324 449 34 35 0.02067075 
994 258 24 33 0.020637792 
408 236 10 11 0.020527218 
390 230 9 12 0.020523025 
786 209 212 247 0.020323057 
