0_Parade_marchingband_1_695
342
572 91 59 71 0.9986228 
751 263 31 36 0.995861 
844 197 44 47 0.990054 
182 210 38 50 0.9890459 
312 171 47 59 0.9883356 
141 249 28 35 0.94541234 
517 244 22 25 0.8536823 
429 171 15 18 0.8057112 
509 305 28 33 0.6600469 
508 333 25 31 0.58257765 
377 194 26 38 0.46810845 
83 271 22 30 0.46754894 
279 168 15 21 0.42386916 
479 179 12 15 0.38556483 
312 143 13 20 0.3811643 
967 87 9 10 0.35929713 
24 289 19 21 0.34143364 
958 224 29 33 0.3150876 
784 264 28 35 0.30593678 
940 95 9 12 0.30056658 
1008 115 10 12 0.28783324 
992 72 9 11 0.26826802 
1001 77 9 11 0.26594874 
1005 79 9 11 0.25114232 
48 269 10 14 0.239809 
683 305 17 21 0.23496906 
267 177 16 19 0.20863941 
263 178 12 17 0.20499086 
77 276 16 21 0.20434643 
508 166 12 14 0.18572257 
473 173 10 14 0.16950513 
14 233 10 12 0.16211905 
966 76 10 12 0.14350025 
519 223 10 13 0.13813479 
808 341 18 23 0.13436827 
905 108 9 11 0.13244191 
208 157 12 16 0.12351879 
1014 70 8 12 0.118519954 
518 173 10 14 0.111948855 
1003 84 11 13 0.10586565 
936 98 10 12 0.10431277 
911 139 9 12 0.10419195 
188 187 11 14 0.102999315 
1000 139 10 13 0.10191701 
267 171 28 34 0.10102928 
503 169 13 16 0.10075091 
962 72 9 11 0.10046918 
845 149 9 11 0.10010669 
1015 76 8 10 0.09943221 
879 112 7 8 0.09931518 
1009 60 9 12 0.0987661 
927 101 8 10 0.0985 
417 173 12 15 0.098178215 
984 64 10 12 0.097784966 
31 262 10 11 0.09742004 
559 150 10 13 0.09437536 
73 268 10 13 0.091424055 
801 128 6 8 0.090305865 
893 140 8 10 0.09029674 
890 142 8 11 0.08948661 
13 315 27 35 0.08898992 
91 268 17 21 0.088205114 
21 297 25 31 0.088051185 
473 178 12 15 0.08648041 
151 207 12 16 0.08624847 
894 105 9 11 0.08483548 
744 187 11 15 0.084467046 
725 173 9 12 0.08052673 
101 251 12 14 0.08030462 
909 103 9 12 0.07922 
95 253 11 13 0.07875844 
920 142 8 11 0.07788162 
536 175 11 14 0.07750168 
895 157 11 14 0.07734815 
75 268 15 20 0.07720079 
54 221 8 9 0.07683254 
929 125 8 11 0.07654934 
1012 112 10 13 0.07612599 
62 252 11 13 0.07603142 
760 141 7 10 0.07511887 
1009 101 8 11 0.07431406 
1008 133 9 12 0.07250207 
670 302 28 37 0.071640946 
3 263 10 13 0.071629874 
782 141 8 12 0.069604374 
954 222 49 59 0.06758824 
923 321 32 33 0.06755579 
52 267 11 14 0.06748026 
22 232 9 11 0.0673861 
775 164 8 11 0.067075685 
941 85 9 11 0.06607037 
745 142 9 10 0.06596293 
109 238 11 15 0.065473974 
102 245 13 15 0.06502969 
823 165 10 11 0.064955145 
1008 56 8 11 0.06460634 
944 80 8 9 0.06377718 
404 187 11 15 0.06361707 
762 136 7 10 0.063352056 
745 150 8 10 0.06321694 
769 167 9 11 0.06282966 
9 232 10 11 0.06140342 
853 176 14 17 0.0611077 
997 72 10 11 0.060790632 
142 230 11 15 0.06041328 
478 205 12 15 0.060360353 
906 135 8 12 0.060202964 
469 257 14 17 0.05916506 
50 216 7 9 0.058939524 
1002 55 8 10 0.057835422 
16 253 8 11 0.05751915 
784 136 7 9 0.057042535 
348 182 32 43 0.05582201 
486 159 9 11 0.054762177 
1008 122 10 14 0.054665763 
1014 56 8 12 0.054506324 
938 150 10 13 0.053429395 
943 113 10 12 0.05282003 
953 124 9 13 0.05193414 
73 276 12 17 0.051509116 
423 254 26 40 0.051343605 
32 232 8 10 0.05117389 
842 150 8 10 0.05081468 
434 166 13 17 0.05075042 
750 140 9 11 0.050015025 
829 145 9 11 0.049594495 
416 168 21 25 0.04948642 
32 237 9 11 0.049365878 
962 87 8 10 0.049305975 
922 149 9 11 0.048683643 
1008 92 9 13 0.048658542 
476 365 14 20 0.048509005 
150 192 8 9 0.048308004 
1001 115 10 13 0.047117833 
1012 95 9 13 0.04685947 
436 175 14 18 0.04656919 
156 208 13 16 0.046360917 
862 111 7 10 0.04590032 
486 184 10 14 0.045390565 
888 109 8 9 0.045221448 
760 259 39 46 0.04505902 
564 152 11 15 0.04436298 
973 77 8 11 0.04414252 
526 187 11 15 0.04392678 
289 169 15 21 0.043802768 
279 170 45 54 0.04347819 
889 104 8 10 0.043074623 
87 254 11 14 0.042903997 
796 218 12 15 0.041754577 
119 274 14 19 0.041683476 
938 87 8 10 0.041542206 
278 214 33 38 0.040754706 
136 221 9 11 0.040752288 
922 102 7 11 0.040641144 
83 259 14 18 0.040410217 
13 215 10 10 0.04014194 
137 230 11 13 0.03971328 
408 220 13 18 0.039685044 
93 259 14 17 0.038990773 
1000 62 10 10 0.038975947 
891 202 31 36 0.038926326 
175 190 10 12 0.038821228 
95 273 17 23 0.03871917 
172 211 32 37 0.038101867 
949 217 28 33 0.037779022 
761 167 9 11 0.037729774 
1 255 9 13 0.03734401 
577 66 39 44 0.037245225 
52 276 12 14 0.03718323 
881 89 6 8 0.036649086 
359 182 42 56 0.036523268 
791 134 7 9 0.03641664 
825 147 9 11 0.03616972 
950 100 10 12 0.03595364 
661 307 46 50 0.035867255 
1013 133 8 13 0.035856538 
495 214 12 14 0.035848916 
864 93 7 9 0.035543695 
256 170 23 28 0.035497423 
841 119 8 10 0.03543349 
816 133 8 9 0.035062194 
981 119 9 11 0.034643535 
387 182 26 36 0.03459251 
768 159 8 10 0.034421455 
57 246 10 12 0.034418654 
718 142 8 10 0.034360297 
38 238 9 10 0.034268927 
95 246 12 15 0.034151867 
935 117 10 12 0.033989966 
388 168 10 14 0.033756234 
42 269 19 24 0.033376645 
800 132 7 9 0.033368107 
57 251 10 14 0.033242356 
952 118 10 14 0.033102542 
840 125 8 9 0.032881517 
793 128 7 9 0.03254032 
6 254 9 11 0.03245368 
429 160 13 14 0.032420486 
924 141 9 12 0.0323378 
994 139 11 14 0.03187136 
980 389 11 16 0.031037737 
32 286 16 18 0.030988785 
399 188 12 17 0.030919066 
792 494 15 17 0.030759424 
77 262 14 17 0.030657515 
555 144 23 29 0.030629894 
975 94 10 13 0.030555906 
976 71 8 11 0.030001266 
972 85 9 12 0.029955529 
858 112 8 10 0.029685576 
1001 100 9 12 0.029662872 
974 394 14 18 0.029502522 
968 126 10 13 0.029392622 
728 151 8 10 0.029357268 
1012 123 11 14 0.029319422 
977 157 10 13 0.029232817 
312 139 27 30 0.02919528 
433 168 23 28 0.02886886 
988 64 11 13 0.028849179 
16 248 8 10 0.028763618 
144 212 9 12 0.02866329 
136 216 9 11 0.028585374 
7 222 9 10 0.028504841 
809 120 6 9 0.028277257 
26 261 9 11 0.028193364 
254 185 12 16 0.028150257 
766 135 7 10 0.027968999 
841 112 7 9 0.027903626 
72 223 7 9 0.027813861 
941 21 11 13 0.027806617 
37 261 11 14 0.027560141 
141 234 26 32 0.02746462 
976 119 10 12 0.02740357 
714 143 9 10 0.027231125 
386 340 31 41 0.027156202 
845 185 31 38 0.027054396 
1004 138 11 14 0.027038626 
139 260 19 24 0.026999718 
734 182 10 13 0.026874332 
3 485 15 21 0.02687357 
120 237 9 14 0.026835527 
841 156 9 12 0.026832573 
375 202 16 23 0.02679093 
55 239 8 11 0.026663976 
62 260 12 15 0.026662584 
963 210 32 40 0.026422504 
747 136 8 10 0.0263908 
80 223 7 9 0.026322907 
801 119 7 9 0.025999442 
442 174 13 16 0.025981022 
472 169 10 12 0.025953984 
258 179 11 15 0.02579192 
149 229 12 16 0.025764497 
73 238 8 11 0.025734508 
744 156 9 11 0.025672615 
887 88 7 8 0.025663147 
999 79 19 23 0.025625275 
182 185 12 14 0.025603747 
8 284 11 13 0.025581392 
815 174 9 11 0.02544629 
801 110 7 9 0.025367698 
93 256 23 27 0.025364537 
93 342 14 18 0.025222065 
46 280 13 17 0.025047716 
736 151 8 11 0.02503732 
937 111 9 12 0.02502555 
800 189 10 11 0.024974493 
777 117 7 9 0.024711799 
485 163 11 13 0.02462467 
960 131 10 12 0.024586739 
247 188 10 13 0.024483157 
873 111 8 10 0.024370912 
513 224 23 29 0.024361061 
-27 428 231 238 0.0243059 
824 128 8 10 0.024292234 
845 155 10 13 0.024118572 
1004 111 18 23 0.024112267 
984 87 9 10 0.02407752 
824 133 8 10 0.024075303 
880 148 10 12 0.02388599 
901 162 12 15 0.023617037 
508 166 19 26 0.023593338 
483 175 14 18 0.023507237 
453 180 12 16 0.023443459 
176 185 9 11 0.023279136 
933 23 12 16 0.023191253 
190 261 26 38 0.023087777 
50 220 8 10 0.023033777 
40 267 13 16 0.022882273 
889 136 9 12 0.022817383 
125 238 11 14 0.022635264 
165 197 28 34 0.022547683 
455 220 12 15 0.022526562 
406 211 23 30 0.022500489 
355 187 18 23 0.022489808 
15 291 13 19 0.022238908 
733 174 10 12 0.02221566 
24 222 8 10 0.022185722 
460 181 11 15 0.022079885 
791 190 9 11 0.022054665 
975 148 11 14 0.022045964 
921 96 8 11 0.022029515 
71 216 7 9 0.022018809 
210 218 28 36 0.02199114 
133 455 15 17 0.021979196 
949 95 10 12 0.021976283 
919 174 11 13 0.021924434 
8 206 9 11 0.021905756 
492 180 10 14 0.021701645 
929 133 9 12 0.021650024 
848 102 7 8 0.021626458 
782 165 8 11 0.021565963 
1002 92 9 13 0.021480948 
992 135 10 13 0.021458607 
951 71 7 9 0.021322347 
848 179 12 15 0.021320164 
981 132 12 15 0.021258535 
78 244 9 12 0.02125429 
13 284 13 17 0.02112248 
847 126 8 10 0.021100905 
14 208 9 10 0.021031464 
70 245 9 12 0.021019246 
67 253 11 13 0.020948758 
72 231 7 9 0.020890456 
910 96 9 10 0.020856652 
112 185 8 9 0.020824261 
140 222 11 14 0.020819984 
980 139 10 13 0.020798137 
78 239 8 11 0.020709438 
394 193 15 21 0.020664733 
951 85 9 11 0.020617664 
678 313 53 54 0.020614544 
31 295 20 22 0.02056455 
407 177 23 30 0.020556273 
832 127 7 9 0.020522814 
207 154 10 13 0.020521462 
5 198 9 11 0.020331718 
241 344 18 23 0.020247642 
50 201 7 8 0.020232663 
974 125 9 11 0.020185418 
806 126 8 10 0.020030534 
417 159 40 48 0.020022843 
