0_Parade_Parade_0_917
162
652 124 29 36 0.8178416 
150 236 9 11 0.41597378 
134 260 12 14 0.3380132 
990 351 24 33 0.31836194 
136 255 11 14 0.286649 
587 196 14 18 0.2701335 
533 298 11 16 0.23760779 
158 254 9 12 0.2200411 
495 347 11 14 0.17929563 
324 427 10 14 0.12643829 
545 323 11 15 0.11549508 
0 316 8 14 0.10418868 
58 403 31 39 0.09945165 
189 241 16 20 0.09893797 
613 153 15 19 0.09792139 
942 328 33 38 0.09714265 
558 413 22 31 0.095135465 
24 328 7 10 0.09009799 
116 262 10 12 0.08634106 
521 363 17 19 0.082089946 
145 232 10 13 0.07611665 
153 254 9 12 0.0710976 
47 286 7 10 0.06551443 
96 288 7 10 0.064499706 
592 300 12 15 0.0643336 
113 247 10 13 0.061930068 
541 306 13 16 0.061171573 
110 286 10 12 0.0593764 
81 293 8 11 0.05896002 
726 455 30 36 0.058656067 
129 231 10 12 0.058506902 
104 287 8 11 0.057273876 
157 247 10 13 0.056725606 
151 260 9 12 0.056172855 
829 335 25 33 0.055567432 
38 371 9 13 0.055125035 
511 279 8 10 0.054327957 
115 250 12 16 0.054220926 
686 92 29 37 0.05139031 
130 261 10 13 0.051339287 
503 319 14 18 0.04891664 
490 342 10 13 0.048008032 
38 255 12 14 0.045823388 
542 286 10 12 0.04475361 
284 255 11 14 0.043658767 
403 106 39 63 0.043597914 
196 236 13 17 0.043421347 
474 359 15 19 0.041940387 
799 553 26 25 0.04052229 
96 293 7 10 0.039735068 
23 259 8 12 0.03947698 
943 298 34 43 0.03904471 
46 261 9 12 0.03869625 
47 281 7 10 0.03842586 
32 258 10 13 0.037881415 
585 195 23 30 0.037823483 
581 468 29 36 0.03622311 
634 132 15 19 0.036210045 
152 242 10 14 0.036153004 
808 327 44 52 0.03580344 
539 294 12 14 0.03546896 
4 316 11 15 0.035391886 
493 354 12 16 0.035177197 
418 302 8 11 0.034547817 
473 12 396 485 0.03414963 
535 288 9 12 0.03408713 
134 235 10 12 0.034008063 
87 287 8 10 0.03252727 
21 254 9 12 0.032424673 
611 129 29 40 0.031965207 
423 365 9 11 0.031917177 
126 237 10 12 0.030518677 
140 265 11 14 0.030280478 
934 336 28 33 0.030235596 
663 123 20 23 0.030109942 
0 398 8 12 0.03008114 
621 107 12 18 0.029934885 
531 291 20 26 0.029755592 
85 294 8 11 0.02960034 
682 286 128 142 0.029494828 
516 397 34 45 0.029368954 
629 128 27 33 0.029308384 
564 340 12 15 0.029005459 
597 412 26 40 0.028337935 
55 262 10 12 0.028274175 
566 286 11 14 0.02826124 
791 575 10 12 0.028187659 
607 149 28 29 0.027913176 
39 399 8 12 0.027674511 
572 470 46 58 0.027657207 
796 531 12 15 0.027436877 
199 230 11 13 0.02736763 
674 298 36 39 0.027170531 
33 371 10 13 0.026934383 
56 269 8 10 0.026822837 
962 334 42 51 0.026792781 
551 255 9 11 0.026729286 
543 271 8 10 0.02670512 
396 385 12 15 0.026422452 
137 214 9 12 0.02630993 
326 400 10 13 0.02623457 
547 308 11 13 0.026025428 
544 276 10 13 0.025937954 
71 247 9 11 0.025852196 
537 315 11 13 0.025717026 
125 294 10 13 0.02564405 
656 107 39 51 0.025622422 
593 464 16 23 0.025583822 
101 211 10 13 0.025532432 
60 251 11 13 0.025309976 
528 286 9 12 0.025288375 
42 280 7 9 0.02512764 
133 256 20 22 0.024547316 
113 267 9 11 0.02451586 
511 253 11 13 0.02432583 
440 344 8 10 0.024158685 
485 360 15 19 0.024059093 
8 325 9 12 0.023845328 
70 270 9 11 0.023841554 
628 320 25 30 0.02374083 
166 253 10 14 0.023740584 
68 396 17 22 0.023734951 
0 492 11 17 0.023711044 
529 294 12 16 0.023565711 
120 293 10 13 0.02354972 
173 250 11 16 0.02323384 
15 334 9 10 0.023174606 
53 384 28 35 0.022919226 
591 402 26 35 0.022730783 
143 293 9 12 0.022512577 
678 172 25 31 0.022471797 
771 309 28 32 0.022435648 
528 305 12 16 0.022350749 
34 400 7 9 0.022337785 
574 366 12 15 0.022248643 
721 434 43 50 0.022106355 
140 248 12 13 0.022104591 
982 315 24 31 0.021982305 
180 249 16 18 0.021911774 
142 214 8 11 0.02159748 
23 320 9 12 0.0215925 
604 326 10 14 0.021382662 
694 358 127 135 0.021371158 
418 367 8 10 0.021353113 
457 397 9 11 0.021323668 
548 52 29 32 0.021184303 
552 260 9 11 0.021173548 
60 382 11 14 0.021103261 
32 279 7 10 0.021093786 
609 97 27 34 0.020976046 
481 418 57 71 0.020814143 
244 381 9 13 0.020813322 
983 339 39 54 0.020690223 
120 239 11 14 0.020534769 
540 313 21 28 0.020531194 
200 221 10 12 0.02052507 
392 357 9 11 0.02049684 
519 293 11 13 0.020490056 
80 270 10 11 0.020461997 
580 253 11 13 0.020440742 
-35 142 225 252 0.020268066 
14 326 9 12 0.020038117 
