0_Parade_Parade_0_873
684
401 324 26 35 0.9995776 
818 504 62 81 0.9994967 
320 460 48 62 0.9988733 
628 364 24 31 0.9974999 
744 354 25 33 0.99570376 
149 409 34 41 0.99522746 
716 406 33 41 0.99280953 
772 357 25 31 0.9922535 
855 327 22 28 0.98889416 
725 485 50 67 0.9886332 
450 395 33 45 0.9884199 
300 353 23 30 0.98687047 
612 491 50 68 0.9866392 
29 434 32 41 0.9839998 
926 398 47 61 0.98361963 
932 297 22 27 0.98257107 
956 343 34 38 0.9808748 
665 392 28 37 0.97597086 
94 582 75 109 0.9750294 
808 353 23 27 0.9675111 
818 319 22 27 0.96699655 
744 315 20 25 0.9616615 
79 370 24 30 0.96131325 
130 383 30 35 0.957893 
189 358 17 22 0.955 
458 521 65 83 0.9525258 
427 306 15 21 0.9419445 
277 374 22 27 0.93870074 
370 322 21 24 0.9344877 
501 322 15 19 0.92914456 
211 307 20 24 0.926051 
14 364 23 29 0.9212316 
900 375 27 37 0.9178087 
82 452 53 72 0.916294 
976 452 48 86 0.9156851 
23 298 13 17 0.912392 
479 310 18 21 0.8908516 
670 363 22 29 0.8798 
906 304 18 23 0.8778184 
964 294 17 23 0.8705155 
898 349 27 36 0.86698306 
992 308 21 28 0.86421746 
549 420 43 61 0.8470662 
0 392 22 29 0.83925325 
865 575 100 119 0.83419913 
60 335 15 19 0.8212413 
702 290 14 18 0.8208952 
626 335 17 25 0.81615186 
981 287 16 22 0.79096323 
33 337 16 19 0.76995677 
468 348 16 22 0.75338024 
779 416 36 46 0.73964345 
997 364 25 37 0.73567265 
445 370 27 34 0.7303455 
662 312 15 19 0.72601175 
795 316 14 18 0.7232916 
177 336 17 21 0.71036786 
810 297 14 18 0.70918846 
736 300 13 16 0.6857894 
935 271 15 19 0.6572451 
319 323 14 18 0.6364155 
572 309 13 17 0.63564575 
631 311 16 22 0.6230518 
246 345 16 19 0.605652 
317 402 32 47 0.6008373 
100 340 12 15 0.5967963 
786 300 15 19 0.57527995 
859 379 26 37 0.5721425 
588 322 14 16 0.5208953 
226 414 33 39 0.500653 
247 323 14 16 0.47214678 
237 370 23 26 0.46963128 
154 326 10 13 0.45948786 
459 318 14 18 0.4543595 
350 346 17 20 0.4509431 
150 338 12 14 0.44808584 
688 387 29 40 0.43082166 
292 331 13 18 0.41879362 
514 375 15 20 0.4022821 
792 430 50 62 0.39304808 
161 345 13 18 0.37772045 
473 302 11 14 0.3729562 
744 267 11 15 0.35093397 
807 266 12 14 0.3063099 
102 464 49 73 0.3057607 
275 319 16 19 0.3031294 
586 368 25 28 0.2941454 
709 307 16 19 0.2925612 
254 328 15 17 0.29029107 
534 317 11 13 0.28741023 
139 476 33 63 0.2833062 
254 351 15 21 0.27832958 
861 284 12 16 0.27704465 
99 355 16 19 0.27347696 
920 275 12 14 0.27052173 
533 301 11 12 0.2701096 
572 397 26 31 0.266432 
973 290 18 24 0.26519048 
795 309 13 16 0.26479214 
1001 312 19 30 0.26364553 
734 357 23 31 0.24965827 
58 366 16 21 0.24508432 
124 341 12 15 0.23825353 
1011 320 13 23 0.2374767 
262 348 23 28 0.22951542 
628 321 22 30 0.22361162 
723 368 18 25 0.22208613 
4 324 13 19 0.21546383 
536 310 11 13 0.21184495 
679 360 22 29 0.20799628 
739 306 16 20 0.20737392 
535 360 23 29 0.20728944 
697 350 22 28 0.19959447 
66 364 22 29 0.19627641 
944 431 57 83 0.19479232 
504 343 12 14 0.19280665 
700 399 30 38 0.19016929 
743 274 12 16 0.1865527 
831 299 12 14 0.1796581 
75 354 16 18 0.17897551 
65 477 33 38 0.17769118 
501 360 17 21 0.17324843 
771 328 17 20 0.16858517 
339 367 24 28 0.16727726 
863 337 24 30 0.16695468 
30 393 17 21 0.16532852 
783 255 9 11 0.16435476 
340 327 16 19 0.16144505 
584 316 12 15 0.15914446 
209 390 18 22 0.15719743 
228 341 12 16 0.15638706 
907 314 21 28 0.15633923 
758 255 9 12 0.15442745 
968 388 30 34 0.1520156 
20 435 27 36 0.15194042 
324 353 17 20 0.15190192 
534 347 12 15 0.15084992 
366 458 41 59 0.14938523 
525 347 14 17 0.14702505 
126 373 26 33 0.14478517 
874 268 9 12 0.13739915 
525 340 12 16 0.1359492 
118 320 12 14 0.1357345 
764 330 15 20 0.13445088 
7 319 11 15 0.13307978 
332 358 16 21 0.13297616 
750 245 9 10 0.13147703 
134 349 13 14 0.1300603 
567 332 12 14 0.12969051 
725 311 15 21 0.12724991 
634 314 24 30 0.12700723 
542 323 13 14 0.12665822 
764 395 28 40 0.12622061 
106 369 15 20 0.12378085 
352 349 24 27 0.12354248 
789 294 13 15 0.121016294 
58 358 15 18 0.11812014 
657 434 28 36 0.11761443 
270 356 21 27 0.116464965 
82 348 13 17 0.11449537 
735 312 19 25 0.11447248 
3 542 43 62 0.113932125 
539 358 13 17 0.111301616 
987 280 14 17 0.1093631 
142 390 19 23 0.10873055 
567 311 13 17 0.108730316 
228 395 15 19 0.106411144 
199 399 24 30 0.10539602 
862 280 9 13 0.10527304 
815 439 39 47 0.10470851 
68 441 30 35 0.10359471 
651 310 22 25 0.10253989 
228 365 23 27 0.10208967 
661 615 57 78 0.10169556 
714 309 18 22 0.10089596 
437 330 13 17 0.10076747 
706 349 25 32 0.10034863 
34 373 13 16 0.100227036 
77 394 18 23 0.099684194 
15 345 14 17 0.097683676 
158 363 14 20 0.09683916 
378 310 14 17 0.09683324 
96 345 13 16 0.09611434 
912 346 29 35 0.09544256 
346 358 23 26 0.09511316 
452 405 47 54 0.094366334 
15 546 26 39 0.09313917 
666 339 16 22 0.092790715 
216 388 23 27 0.092721865 
625 353 23 30 0.092405975 
929 338 26 32 0.092376806 
236 325 14 17 0.091480814 
539 315 14 16 0.09113959 
707 298 15 18 0.09095513 
636 368 28 32 0.09009106 
272 345 18 22 0.09004647 
46 356 12 16 0.08879627 
324 319 12 15 0.08851177 
857 279 9 12 0.088247575 
483 335 15 19 0.08784838 
327 377 30 36 0.08724036 
709 269 9 13 0.087099515 
793 356 26 30 0.08441173 
77 340 15 16 0.08375687 
438 338 15 18 0.083129935 
966 426 38 53 0.08239399 
153 331 13 15 0.082180224 
802 321 15 18 0.08199847 
331 329 16 18 0.08046804 
-1 375 11 19 0.08028392 
594 375 26 32 0.080167994 
17 356 18 22 0.07982932 
514 324 12 16 0.07934696 
460 328 14 17 0.07813152 
584 347 22 27 0.07795618 
579 374 28 34 0.07794616 
748 261 10 14 0.07725609 
165 318 11 14 0.077221945 
23 408 20 25 0.07657576 
213 351 17 22 0.07540437 
729 337 15 19 0.07496966 
690 355 18 24 0.074650586 
759 353 26 37 0.07455492 
549 332 10 14 0.07438618 
298 326 12 14 0.073438294 
157 351 15 22 0.07301305 
633 506 58 72 0.072185166 
5 377 24 31 0.07211152 
679 310 12 15 0.07186957 
31 453 26 34 0.071628295 
533 355 14 17 0.070647396 
946 409 48 68 0.07031222 
900 321 16 21 0.070152216 
86 362 24 31 0.069394305 
561 311 10 12 0.06923473 
919 332 28 32 0.06888949 
684 326 16 22 0.06859368 
34 469 17 24 0.067888245 
74 361 18 21 0.0672357 
914 326 18 23 0.06645563 
824 313 24 28 0.06537276 
815 286 12 15 0.06498502 
232 331 12 16 0.06462555 
555 343 13 15 0.06442638 
661 358 22 29 0.06419757 
44 341 12 16 0.063672155 
450 344 16 20 0.06304789 
761 285 11 13 0.06288485 
713 357 24 32 0.0618726 
327 312 11 13 0.061253197 
1001 524 24 46 0.06094038 
540 341 12 15 0.060772546 
290 361 22 31 0.060745884 
759 298 13 17 0.05962753 
218 411 27 31 0.059578013 
220 345 15 19 0.05950998 
956 378 33 38 0.059180222 
486 312 18 24 0.05843343 
903 382 39 52 0.05838658 
281 323 15 18 0.057433542 
333 369 18 23 0.05735977 
542 386 16 20 0.057259418 
70 357 13 17 0.05719212 
684 374 30 38 0.05700787 
746 243 9 12 0.056889176 
590 311 14 14 0.056419652 
828 307 16 19 0.05594738 
320 433 46 61 0.055822566 
36 392 22 27 0.055559367 
596 391 25 31 0.05538071 
458 353 23 30 0.05505389 
608 365 23 27 0.054998174 
869 305 17 21 0.05498176 
41 428 31 39 0.053711258 
753 255 9 11 0.053535167 
534 424 37 48 0.053388268 
434 366 26 34 0.05303508 
150 366 14 20 0.052781742 
903 329 25 32 0.05212061 
981 356 30 37 0.051435936 
219 362 16 21 0.051278837 
763 294 11 14 0.05123 
205 408 26 35 0.051035397 
158 319 13 16 0.050999478 
986 302 36 50 0.05066238 
567 379 46 53 0.05065612 
931 321 28 33 0.05048959 
165 339 21 24 0.0503792 
521 369 21 25 0.050354477 
911 406 39 46 0.050246827 
775 396 36 43 0.05022542 
637 426 25 37 0.05009018 
774 301 11 15 0.049900923 
114 366 22 30 0.04984553 
217 302 17 20 0.049785312 
204 338 12 15 0.04938422 
43 409 17 22 0.04935293 
714 302 15 17 0.04917206 
933 281 15 18 0.048933994 
256 283 15 19 0.048734304 
820 278 11 12 0.048640188 
528 395 75 96 0.048485763 
109 437 31 39 0.0482745 
0 457 13 20 0.048212532 
517 332 12 16 0.048192035 
901 424 34 44 0.04812364 
11 318 11 13 0.047944717 
966 351 35 40 0.047602568 
188 367 23 29 0.047265362 
864 312 23 28 0.04725363 
779 344 25 30 0.046426985 
1003 297 15 20 0.046290707 
999 292 13 17 0.04614493 
73 460 38 49 0.04611535 
556 366 14 20 0.04595563 
785 277 10 12 0.045700997 
824 239 8 9 0.04564657 
375 476 43 61 0.045524303 
24 422 25 35 0.045305822 
875 320 16 20 0.045220632 
759 277 11 14 0.045159724 
685 336 14 20 0.04510735 
338 354 21 25 0.044984262 
226 397 24 29 0.044708088 
72 538 49 70 0.044358265 
690 361 27 34 0.044029735 
55 346 14 17 0.043942247 
122 481 35 53 0.043727033 
548 365 15 19 0.043609682 
790 288 12 13 0.043586668 
793 299 18 22 0.043522444 
124 370 18 23 0.043411426 
195 353 22 26 0.042981252 
54 433 29 35 0.042890076 
585 325 21 23 0.042843055 
429 330 11 16 0.042810664 
359 451 33 51 0.042751692 
658 385 25 31 0.042638294 
759 238 9 11 0.042563297 
804 303 15 19 0.04214466 
172 352 16 20 0.04212851 
650 355 18 22 0.041796677 
834 308 16 20 0.041641843 
793 414 37 42 0.041460477 
199 332 11 16 0.041457176 
881 347 23 31 0.04138138 
4 470 23 34 0.041336402 
644 308 15 19 0.041283082 
855 288 15 18 0.041102327 
784 250 8 10 0.04107854 
562 410 31 47 0.04103545 
212 376 23 29 0.04097977 
636 411 25 35 0.040827617 
593 401 18 23 0.040806804 
596 329 13 17 0.040747322 
819 283 12 15 0.040729772 
192 385 26 31 0.040695522 
26 373 17 22 0.04061425 
0 328 11 17 0.04060169 
525 395 14 18 0.040585723 
108 334 11 14 0.040549606 
112 325 11 14 0.040372718 
170 380 16 19 0.04026753 
491 328 15 18 0.040238515 
731 345 22 30 0.040049355 
547 384 22 32 0.03990071 
593 317 14 18 0.039720334 
238 346 15 17 0.039689023 
474 301 20 24 0.03961062 
859 370 16 22 0.03947368 
710 239 9 11 0.039449368 
35 509 29 39 0.039169766 
38 466 24 34 0.0390914 
317 391 26 36 0.039024934 
99 375 17 22 0.038385164 
518 353 15 18 0.03838499 
45 350 21 26 0.03836638 
116 336 20 24 0.038326807 
860 349 26 35 0.037990294 
840 380 27 35 0.03788146 
775 336 22 27 0.03784088 
683 313 15 20 0.037811484 
640 396 27 36 0.03775594 
65 567 57 91 0.037650734 
17 296 13 16 0.037460316 
148 335 20 22 0.03743572 
697 376 30 35 0.037315838 
656 326 24 28 0.0372125 
360 359 19 23 0.037076507 
38 311 10 12 0.037062287 
332 318 12 13 0.03701787 
675 337 15 21 0.036697734 
753 498 49 67 0.036559295 
221 392 42 50 0.036469214 
611 346 17 22 0.03610069 
79 385 26 30 0.03590986 
464 321 15 18 0.03586651 
938 223 7 9 0.03579673 
795 325 17 21 0.035744824 
710 245 10 12 0.035359282 
816 375 28 34 0.035035763 
97 331 19 23 0.03498345 
180 327 15 17 0.03493283 
668 428 28 39 0.03482802 
332 336 16 19 0.03479749 
996 301 17 22 0.03474233 
983 296 16 19 0.03472844 
767 373 33 40 0.034597553 
327 413 41 51 0.034524113 
244 308 16 19 0.034449484 
792 345 18 22 0.034280784 
151 321 18 23 0.034262307 
820 301 13 16 0.034057952 
16 470 24 34 0.033969443 
563 390 24 33 0.03391896 
212 370 16 20 0.033777542 
976 297 24 30 0.03373259 
66 333 15 19 0.03360442 
596 349 26 31 0.03352114 
470 312 20 24 0.033514265 
223 383 27 29 0.033487394 
985 371 28 37 0.033451155 
46 399 22 27 0.03321595 
871 347 19 24 0.033120852 
569 431 36 47 0.03264776 
81 338 19 22 0.032612316 
137 368 17 20 0.032600224 
130 343 13 15 0.03249362 
889 221 9 11 0.032428425 
199 373 22 28 0.03239867 
278 397 17 21 0.0323315 
24 380 23 28 0.032016724 
1012 289 12 18 0.031833347 
379 439 45 57 0.0317934 
791 228 9 12 0.031696517 
711 488 33 46 0.0316477 
888 253 8 11 0.031368658 
11 432 25 32 0.031349365 
3 437 23 30 0.031341407 
186 332 14 18 0.031312056 
852 342 25 32 0.03108543 
24 361 22 27 0.031047031 
46 323 11 14 0.03099039 
373 342 16 20 0.030989084 
52 552 55 74 0.03098253 
880 377 27 38 0.03097845 
864 225 7 8 0.030854728 
0 367 10 15 0.030845977 
340 337 16 19 0.030641714 
835 369 16 20 0.03056483 
22 538 49 60 0.030420432 
86 307 10 13 0.030257527 
188 325 14 16 0.030165682 
745 257 8 11 0.030140603 
743 223 9 11 0.030113865 
990 286 22 29 0.030056091 
533 332 13 14 0.030015016 
0 478 13 22 0.029970942 
492 360 22 29 0.029943822 
538 326 21 24 0.029939288 
507 382 26 33 0.029935839 
460 338 15 18 0.029914295 
531 317 20 22 0.029890181 
759 245 9 11 0.029887041 
477 337 14 17 0.029715048 
246 303 13 15 0.029697435 
1005 355 16 22 0.029567529 
142 319 10 13 0.029537477 
764 304 14 18 0.029505422 
466 331 14 18 0.029503388 
656 349 22 28 0.02950306 
444 352 17 21 0.029314294 
650 319 17 22 0.029306471 
527 362 14 18 0.029200662 
517 335 21 25 0.028974144 
522 350 44 51 0.028964465 
582 376 16 21 0.02892969 
812 329 24 30 0.02885509 
893 351 19 26 0.02875401 
777 326 14 17 0.028600084 
553 365 45 52 0.028492603 
529 381 22 28 0.028397499 
719 342 21 28 0.02839529 
675 319 22 27 0.028269503 
642 409 17 22 0.02825195 
891 357 29 42 0.02824739 
365 365 26 34 0.028179249 
16 386 23 28 0.028041719 
197 324 12 16 0.028033182 
797 395 35 39 0.02793282 
703 306 15 18 0.027826337 
868 291 13 16 0.027800284 
668 302 13 17 0.027787507 
176 379 24 29 0.027665133 
57 417 28 35 0.027505165 
29 306 11 14 0.02749173 
828 354 13 18 0.027453441 
608 390 19 25 0.027447065 
863 271 9 10 0.027442398 
956 280 15 20 0.027322954 
200 344 22 26 0.027322454 
148 380 16 20 0.027265059 
128 345 21 24 0.02723154 
581 342 14 18 0.02722685 
857 246 8 12 0.027224924 
816 254 9 11 0.02722145 
255 338 22 26 0.027202 
372 357 24 33 0.027124338 
21 339 21 24 0.027108707 
249 370 16 21 0.02710246 
676 397 29 40 0.027087154 
761 231 8 10 0.026972892 
671 513 54 69 0.02688605 
233 393 19 22 0.026837537 
914 294 15 18 0.026793865 
668 355 17 21 0.026745055 
137 450 51 69 0.026721802 
281 383 23 30 0.026683344 
108 494 34 54 0.026590714 
704 245 10 13 0.026512975 
483 344 15 19 0.026502585 
990 368 18 24 0.026447825 
149 386 22 27 0.026426267 
94 326 12 14 0.026422316 
926 269 19 23 0.02641236 
824 365 23 30 0.0263613 
137 318 9 13 0.026290124 
947 388 32 40 0.026133783 
544 343 23 26 0.02606374 
581 332 15 16 0.026059639 
533 388 14 17 0.026050242 
527 322 11 14 0.026005272 
35 364 14 19 0.02596294 
150 355 14 19 0.025957236 
844 376 13 19 0.025910981 
313 324 13 16 0.025864013 
797 287 12 13 0.02575852 
10 329 13 16 0.025732191 
106 394 15 21 0.025708757 
962 329 30 34 0.025682434 
228 300 13 17 0.025672566 
101 328 12 15 0.02566444 
450 348 21 28 0.025620395 
118 335 11 16 0.02545273 
775 320 11 14 0.025442107 
564 448 38 51 0.025418352 
558 332 14 16 0.025408478 
643 326 16 21 0.025317637 
925 281 14 17 0.025315799 
322 334 17 19 0.025287706 
136 326 9 12 0.025238758 
1016 274 9 15 0.025227053 
40 365 20 26 0.025216674 
69 676 10 12 0.025212096 
475 427 38 48 0.025170112 
803 373 29 36 0.025159935 
876 335 23 30 0.025154866 
761 223 8 10 0.025098717 
343 346 15 18 0.025061706 
587 406 19 24 0.024950664 
536 337 21 24 0.024898943 
701 338 16 18 0.024894398 
871 278 9 12 0.024790183 
947 375 26 34 0.024724018 
183 346 21 26 0.024689429 
92 388 24 29 0.024632946 
30 404 21 26 0.024559366 
405 360 13 17 0.024521412 
363 330 24 25 0.02449788 
902 310 17 24 0.02449691 
469 355 21 25 0.024488173 
173 294 10 12 0.024397448 
696 294 14 19 0.024378367 
502 334 19 24 0.024316724 
338 363 42 46 0.024287976 
531 346 23 25 0.02426759 
734 283 11 14 0.024226965 
973 399 35 50 0.024169186 
645 301 15 17 0.024152974 
499 342 20 25 0.02404911 
87 325 12 13 0.023958733 
766 224 8 9 0.023949625 
48 409 24 30 0.023948193 
964 270 10 12 0.02387979 
167 356 23 28 0.023748778 
13 305 12 16 0.023742856 
874 330 18 21 0.023673851 
494 340 13 16 0.023633193 
785 296 11 15 0.02362541 
565 337 13 16 0.023564933 
705 238 8 11 0.023541143 
6 355 13 18 0.023520205 
778 464 46 72 0.023515578 
1012 333 13 22 0.023449091 
45 317 10 14 0.023377787 
840 360 23 31 0.02331819 
595 337 15 18 0.023298716 
944 341 28 36 0.02329457 
913 270 9 12 0.023273448 
818 238 8 10 0.023260558 
548 319 12 15 0.02325266 
124 319 10 13 0.023207203 
855 383 15 23 0.023206197 
465 399 32 39 0.023198824 
996 275 12 15 0.023120103 
814 317 17 22 0.02311745 
784 269 9 13 0.022942942 
9 578 58 84 0.022939608 
539 303 12 14 0.022894047 
406 375 25 31 0.022831654 
239 318 14 18 0.022809219 
88 376 26 31 0.022764947 
21 422 17 24 0.022738915 
14 445 17 24 0.022732427 
29 345 22 27 0.022726804 
76 380 19 25 0.022702392 
561 323 22 23 0.0226771 
889 247 8 10 0.022651643 
516 319 13 15 0.022581322 
905 241 8 10 0.02257413 
623 314 14 19 0.02254238 
4 376 15 21 0.0225323 
84 408 28 35 0.022474673 
84 333 13 16 0.022471415 
836 294 10 13 0.022417488 
419 325 20 28 0.022407737 
484 368 15 20 0.022389375 
454 331 15 18 0.022351472 
725 399 42 52 0.022272713 
616 369 26 35 0.022262836 
332 310 11 13 0.022217652 
841 319 25 31 0.022212613 
65 424 47 59 0.022198448 
477 322 21 26 0.022049408 
322 363 23 30 0.022007907 
505 400 22 34 0.02196382 
538 374 17 23 0.02190976 
800 277 10 12 0.021820892 
215 441 30 33 0.021775514 
683 341 22 29 0.021750962 
250 671 17 17 0.021663342 
833 232 7 9 0.02165154 
117 364 13 19 0.02164887 
97 435 49 68 0.021631636 
314 378 25 35 0.021549163 
215 329 12 16 0.021546017 
689 333 23 28 0.021434877 
221 351 21 28 0.021430725 
821 308 15 17 0.021371897 
314 353 17 23 0.021203784 
23 324 11 13 0.021180643 
63 532 31 40 0.0211489 
290 345 17 22 0.021065148 
282 332 19 24 0.02103286 
515 366 15 17 0.02097706 
950 277 12 16 0.020928578 
0 462 19 32 0.020811671 
805 258 19 26 0.02077933 
66 342 20 24 0.020778118 
365 387 25 31 0.02077355 
126 355 14 18 0.020770252 
503 372 24 29 0.02071761 
788 272 10 12 0.020633709 
897 334 19 23 0.020628268 
529 309 12 15 0.020532584 
747 283 11 14 0.020489722 
806 214 8 10 0.020469446 
541 352 82 97 0.02046168 
34 580 61 85 0.020407539 
0 435 13 19 0.020403992 
582 361 16 22 0.02037064 
894 240 8 10 0.020368507 
950 271 11 14 0.020368282 
632 330 26 31 0.020366289 
430 321 19 25 0.020362897 
106 385 14 20 0.02029724 
54 468 28 37 0.020252777 
92 401 23 31 0.020240631 
795 462 53 77 0.0202382 
509 326 21 26 0.020208634 
567 357 25 33 0.020155946 
768 395 68 88 0.020131808 
828 392 15 21 0.020105759 
332 379 42 47 0.020076422 
