0_Parade_Parade_0_850
227
625 286 29 40 0.9986382 
941 284 25 37 0.9775982 
189 317 15 18 0.9660482 
486 299 21 28 0.9595084 
836 293 29 41 0.9525177 
364 311 22 27 0.95104533 
249 314 20 25 0.95053345 
74 319 17 19 0.93994915 
751 304 21 29 0.90845793 
127 318 15 17 0.8384787 
34 316 16 21 0.81358355 
51 324 12 16 0.67005813 
994 330 12 17 0.61967635 
156 317 14 16 0.5333742 
544 335 13 15 0.42214528 
857 334 16 20 0.37775156 
0 315 10 15 0.29644224 
164 314 15 19 0.2136531 
392 330 12 14 0.17390695 
225 321 16 21 0.15618986 
544 302 10 12 0.14826241 
39 311 13 17 0.119999304 
396 327 13 15 0.10924718 
3 324 11 14 0.1074782 
264 299 12 16 0.1061069 
375 299 13 20 0.09535979 
863 326 22 27 0.095264375 
908 308 15 18 0.093750454 
117 283 9 12 0.086761914 
159 310 14 17 0.08647034 
269 315 13 18 0.08457811 
750 263 15 20 0.07806101 
13 299 10 14 0.07712805 
756 255 22 28 0.076072395 
851 294 30 36 0.07273519 
896 158 12 15 0.06655571 
990 322 20 28 0.065773435 
457 335 25 30 0.06318331 
1014 342 9 14 0.06263262 
44 309 10 14 0.062294487 
640 233 27 34 0.061767597 
40 316 17 23 0.061124794 
182 284 10 14 0.060991336 
536 303 10 12 0.060751088 
235 318 20 25 0.05951114 
95 301 11 14 0.059409596 
520 332 10 12 0.057838928 
738 291 36 47 0.05779678 
863 273 15 17 0.057135377 
622 243 13 17 0.056705732 
567 294 9 11 0.056321327 
353 274 10 13 0.055710003 
567 307 10 13 0.055479944 
207 324 12 16 0.054859396 
459 311 15 20 0.053999633 
421 336 14 18 0.05320724 
978 148 12 15 0.051491335 
205 278 9 11 0.05020443 
377 238 9 11 0.049152516 
196 292 12 16 0.04864674 
39 283 14 18 0.04846537 
876 329 14 18 0.04822418 
782 165 8 12 0.048071135 
551 157 10 15 0.047111683 
1 309 14 15 0.04615389 
85 300 13 16 0.045712624 
1010 312 14 20 0.045695078 
853 315 28 33 0.04539601 
411 271 28 32 0.045211375 
869 245 14 19 0.04479342 
54 293 9 11 0.044626392 
405 326 10 12 0.043953024 
900 162 11 14 0.043351483 
172 349 12 16 0.04261758 
41 278 11 14 0.042444367 
199 285 11 13 0.042373054 
326 229 8 11 0.04205606 
6 300 13 16 0.04184094 
1013 332 10 16 0.04155457 
52 339 14 18 0.041517057 
45 289 12 15 0.041063722 
566 302 9 13 0.040854823 
581 299 11 15 0.0400067 
342 144 10 14 0.039823 
833 247 10 13 0.039640076 
597 300 14 18 0.039295852 
437 275 12 17 0.03883637 
10 346 16 20 0.038488276 
93 316 14 18 0.037712984 
108 339 12 15 0.03748082 
258 311 21 27 0.037018847 
165 304 11 13 0.035958253 
388 324 20 24 0.035568777 
905 304 24 30 0.035562877 
484 198 10 14 0.03452464 
329 68 57 64 0.03431524 
468 191 12 17 0.034177102 
96 244 9 13 0.034071192 
68 345 13 16 0.033839654 
95 307 12 16 0.03355522 
956 236 15 18 0.03338894 
134 270 12 14 0.03333939 
859 243 23 31 0.03291281 
527 350 10 13 0.032852303 
694 262 12 15 0.032763448 
77 311 15 19 0.032672454 
-1 302 11 17 0.03253731 
29 253 11 15 0.032535955 
941 165 9 12 0.032311663 
569 289 8 11 0.03211993 
353 157 10 13 0.032068186 
400 339 12 16 0.031442884 
326 269 7 11 0.031268984 
11 340 14 17 0.031267345 
78 300 13 16 0.03119327 
827 131 14 19 0.030819627 
97 239 8 11 0.030597582 
1 330 10 14 0.030525414 
166 267 10 13 0.030318571 
113 278 9 12 0.030318307 
391 187 11 13 0.030170932 
2 411 235 242 0.030139495 
11 331 14 18 0.02963926 
696 159 10 12 0.029585335 
563 295 9 11 0.029581001 
379 294 12 17 0.029391067 
212 317 23 28 0.02931151 
600 258 12 16 0.029235346 
381 230 10 12 0.029010247 
416 335 11 13 0.028979912 
157 303 12 14 0.02894339 
573 307 12 15 0.028790731 
744 261 12 15 0.028609758 
708 330 14 17 0.028214633 
891 306 13 18 0.028213052 
85 309 11 15 0.027870521 
547 334 24 28 0.027736025 
575 293 9 13 0.027567137 
377 231 9 11 0.0272261 
48 247 10 12 0.027180156 
948 233 24 30 0.026954776 
478 299 18 23 0.026906392 
850 302 18 25 0.026821395 
701 283 15 19 0.026801953 
150 395 10 12 0.026641438 
770 257 14 20 0.02647635 
124 298 13 16 0.026387455 
589 305 15 18 0.026287528 
213 315 15 19 0.026225062 
196 309 13 18 0.026177764 
139 317 13 17 0.0259114 
1006 331 11 16 0.025263038 
480 196 10 14 0.025159638 
5 329 12 16 0.024926761 
192 270 8 10 0.02470608 
165 282 11 15 0.024594726 
190 298 14 18 0.024555659 
869 323 18 20 0.024485726 
872 323 24 31 0.024266753 
845 243 40 48 0.024239734 
480 283 27 35 0.02415276 
887 297 14 18 0.024133002 
183 340 13 15 0.023774723 
464 307 22 28 0.023666274 
160 285 10 13 0.023590604 
644 275 14 20 0.023523629 
721 307 12 16 0.023411648 
61 345 12 17 0.023396067 
968 349 24 28 0.023378557 
380 269 13 19 0.02332613 
847 236 26 34 0.023306722 
38 294 22 29 0.023300692 
170 320 13 16 0.023133397 
549 276 10 13 0.023116082 
620 245 23 29 0.022920234 
404 348 11 13 0.022914005 
525 357 13 16 0.022823036 
623 259 32 39 0.02280779 
547 328 14 18 0.022773989 
540 356 14 17 0.022685902 
21 290 11 14 0.02247891 
997 310 24 32 0.022416221 
141 275 11 13 0.022407297 
839 237 11 15 0.02239144 
595 329 25 31 0.022259105 
859 266 23 29 0.022137895 
176 284 11 14 0.022130186 
9 262 9 12 0.022120288 
581 304 13 17 0.022062948 
599 297 26 30 0.022055542 
118 267 9 12 0.021923775 
954 181 10 13 0.021922117 
44 302 12 16 0.021912023 
941 173 9 12 0.021876575 
68 270 10 13 0.021875491 
819 297 31 36 0.021797867 
6 353 14 18 0.021534324 
845 278 30 44 0.021501016 
207 271 8 11 0.021497015 
110 206 8 11 0.0214089 
198 317 22 27 0.021406498 
358 296 35 44 0.021366853 
38 302 12 16 0.021300418 
500 285 11 15 0.02124882 
724 333 14 17 0.021140039 
824 140 10 13 0.021061778 
93 284 12 14 0.021053158 
0 276 8 13 0.021040713 
985 330 13 17 0.020919243 
578 300 23 27 0.02081146 
159 269 10 11 0.020807343 
559 135 8 10 0.020797098 
975 166 12 15 0.020676186 
406 332 11 14 0.020632304 
491 149 50 67 0.020452412 
429 275 15 19 0.020445518 
435 330 14 17 0.020439334 
-1 316 17 25 0.020420112 
200 271 9 10 0.020406196 
525 328 12 15 0.020379983 
326 324 11 14 0.020363282 
297 301 9 11 0.020296542 
12 325 13 16 0.020273603 
200 302 22 28 0.02021095 
994 122 22 29 0.020193456 
409 1 18 18 0.020162076 
938 166 8 11 0.020150209 
