0_Parade_Parade_0_814
605
769 514 21 27 0.94776183 
473 370 14 19 0.90060693 
365 338 15 17 0.80310595 
896 556 14 16 0.7816367 
776 382 10 13 0.69452363 
680 394 11 13 0.5822202 
405 394 13 17 0.5703002 
412 449 16 19 0.5454711 
751 373 12 14 0.52431774 
134 416 8 10 0.4977406 
926 528 22 30 0.48594806 
338 398 9 12 0.4414268 
982 413 9 12 0.40673044 
265 431 7 9 0.38850617 
495 374 15 17 0.35214886 
337 581 30 47 0.34660223 
96 414 8 11 0.3343701 
725 383 11 12 0.3341834 
103 396 8 10 0.33301923 
924 523 15 24 0.32887504 
137 438 10 13 0.3036391 
606 550 30 44 0.29043588 
187 345 14 16 0.28439337 
383 427 12 18 0.27595076 
400 429 11 17 0.24761932 
112 415 8 9 0.23084046 
309 439 9 12 0.21810059 
121 404 8 10 0.20710963 
289 391 9 10 0.20050736 
118 422 8 10 0.19169644 
295 388 9 12 0.17854787 
141 443 9 12 0.1779571 
88 444 8 10 0.17419097 
183 341 13 16 0.17080079 
691 531 24 33 0.16858383 
461 489 15 19 0.161778 
150 408 8 9 0.15909278 
54 503 14 18 0.15509821 
167 405 9 11 0.15372004 
103 415 7 10 0.15042537 
319 397 9 11 0.14847043 
128 389 8 9 0.1459575 
121 447 8 10 0.14530496 
297 414 7 10 0.1414626 
165 400 9 11 0.14111972 
112 437 8 10 0.13876773 
1008 411 11 14 0.13777272 
957 557 14 19 0.1360058 
96 421 8 10 0.13320135 
333 432 10 12 0.13148852 
441 512 15 20 0.12870766 
126 445 8 10 0.128163 
662 390 9 12 0.12487917 
73 416 8 10 0.1218263 
141 455 9 12 0.121530205 
758 396 8 12 0.12019543 
158 416 9 11 0.11660532 
261 406 7 9 0.11435981 
313 379 9 13 0.11358025 
461 396 10 15 0.11280967 
673 351 10 12 0.11199986 
312 375 8 11 0.109720744 
120 437 9 10 0.109257385 
87 382 7 9 0.10826272 
895 316 11 16 0.106736325 
721 388 11 14 0.106728435 
230 370 12 14 0.10447467 
113 408 7 9 0.103160605 
88 407 8 10 0.10295314 
318 391 9 11 0.102546915 
325 406 9 11 0.099967904 
604 536 25 33 0.09988701 
126 400 9 10 0.099367835 
4 481 14 22 0.09900212 
288 397 9 10 0.09776372 
162 398 7 10 0.09741036 
648 405 8 11 0.09392353 
974 422 11 14 0.092340626 
280 405 9 11 0.09138328 
77 415 9 11 0.090323836 
118 373 8 10 0.088002004 
951 392 10 12 0.08780422 
813 339 12 13 0.085501835 
147 407 7 10 0.08532783 
500 393 14 17 0.084793046 
327 434 13 15 0.08367776 
508 397 13 15 0.08244973 
668 545 27 39 0.08241755 
127 440 8 10 0.081289545 
671 413 9 12 0.079753116 
114 433 7 10 0.07972091 
484 394 15 19 0.078887306 
235 367 13 16 0.07591433 
157 317 10 13 0.07484176 
1002 563 11 16 0.07326148 
348 499 13 17 0.071132496 
117 616 21 33 0.07112483 
158 438 10 13 0.07090195 
492 394 15 17 0.07072473 
464 391 10 13 0.07031993 
119 451 9 11 0.06992637 
126 405 8 9 0.06991635 
663 368 8 10 0.0698131 
708 437 9 11 0.06915638 
296 408 8 9 0.068957746 
372 552 14 17 0.06868393 
1000 557 11 15 0.06843522 
411 551 27 28 0.06842063 
680 537 26 38 0.06819869 
193 564 28 41 0.067751266 
492 387 25 27 0.06773669 
342 377 11 14 0.06668751 
311 415 9 11 0.06659088 
103 420 7 10 0.06655559 
88 378 8 9 0.06648607 
941 405 10 13 0.06563053 
820 550 11 14 0.06561522 
177 390 10 12 0.06530315 
923 515 14 20 0.06529774 
119 431 8 10 0.06521191 
339 402 10 13 0.06397129 
153 413 9 11 0.0632837 
384 386 12 17 0.06327188 
685 495 11 13 0.06318036 
758 421 9 12 0.062941514 
908 578 13 18 0.062893614 
1000 444 9 12 0.06175601 
387 421 12 17 0.061660737 
889 551 23 27 0.061392147 
96 429 8 11 0.061189897 
81 406 8 10 0.060871456 
305 306 10 13 0.060609423 
153 438 9 11 0.060538206 
265 424 8 11 0.060356915 
622 547 27 42 0.060066476 
422 387 11 13 0.05964222 
159 548 12 15 0.059436552 
754 379 11 14 0.058982123 
151 631 28 35 0.058883667 
114 421 7 9 0.058789328 
512 491 13 17 0.058522638 
287 424 8 10 0.058050767 
257 400 9 11 0.057928525 
634 540 25 38 0.05791013 
951 417 11 16 0.057779875 
643 513 29 34 0.057416975 
752 421 10 12 0.05739308 
135 458 10 12 0.05671423 
976 387 10 13 0.055910703 
287 429 10 11 0.055740625 
137 373 7 10 0.055648025 
476 367 20 25 0.05557685 
743 429 9 12 0.05469609 
216 437 9 11 0.05453849 
887 565 27 34 0.05449119 
366 546 24 28 0.054376747 
134 392 7 9 0.054107532 
692 541 32 44 0.054004453 
721 396 9 11 0.053843547 
91 413 8 10 0.05347005 
111 400 8 10 0.05317379 
478 476 10 14 0.053103 
27 364 16 19 0.052948553 
883 331 13 16 0.052862186 
168 413 9 12 0.052281726 
701 524 13 20 0.051718146 
677 415 9 12 0.051397353 
777 387 12 15 0.05097844 
117 416 8 10 0.05090784 
303 413 8 11 0.050681178 
19 373 30 35 0.050376214 
289 384 9 11 0.050370965 
736 361 9 10 0.049891844 
478 470 10 13 0.049832415 
327 412 9 11 0.049773563 
303 407 8 10 0.049753003 
314 398 8 10 0.04973021 
1009 390 8 12 0.049544558 
444 445 11 17 0.049483173 
113 383 7 10 0.049379073 
338 485 12 16 0.04925495 
999 413 11 14 0.049129564 
341 490 14 19 0.04887992 
160 392 8 10 0.04852983 
704 431 9 11 0.04785342 
290 437 12 14 0.047522668 
742 359 8 10 0.047393765 
735 525 11 15 0.046691876 
305 357 8 9 0.04645273 
30 495 11 13 0.04615449 
79 389 8 10 0.046085965 
921 524 11 16 0.04583924 
69 376 8 10 0.04572837 
280 424 8 9 0.045726933 
898 572 25 32 0.045679037 
1 664 25 28 0.045494728 
619 565 18 26 0.045388617 
167 443 8 11 0.045283966 
273 406 8 10 0.04518752 
479 410 12 15 0.04470133 
675 526 25 34 0.044627536 
476 384 15 21 0.044402204 
710 366 8 11 0.044200934 
120 390 8 9 0.04416974 
113 445 8 10 0.04416768 
349 317 13 18 0.044146635 
998 380 8 11 0.04401831 
20 361 17 19 0.043973677 
43 500 23 26 0.043939732 
301 390 10 12 0.043863412 
965 562 26 30 0.043789025 
137 433 8 10 0.043751877 
727 376 11 11 0.043649044 
968 399 10 13 0.043345563 
47 444 8 11 0.043334812 
27 372 17 21 0.04318975 
81 384 8 10 0.043090157 
320 413 9 11 0.043054927 
467 487 13 16 0.042997506 
685 521 23 31 0.042937875 
387 577 25 39 0.042918306 
1012 417 11 18 0.042738218 
894 567 15 20 0.042230003 
263 413 8 11 0.042148504 
10 370 47 59 0.042037044 
409 536 27 31 0.04191798 
159 350 9 12 0.041701257 
765 397 10 12 0.04166815 
295 421 8 10 0.04083986 
1003 411 18 26 0.040797174 
765 509 15 23 0.040537175 
370 519 14 18 0.04030475 
646 401 8 11 0.039870325 
383 415 10 14 0.039622623 
999 390 9 12 0.03957343 
112 391 8 9 0.03956048 
264 435 8 10 0.039507005 
88 401 8 10 0.039200664 
11 486 12 19 0.039132934 
468 447 12 16 0.03897114 
79 420 8 11 0.03886104 
214 391 8 11 0.0388175 
399 391 12 16 0.038540915 
931 550 14 17 0.038409095 
247 389 11 13 0.038320463 
281 400 9 12 0.038258046 
696 431 8 11 0.038149185 
93 460 9 12 0.038092557 
295 398 8 10 0.03794327 
145 399 8 9 0.037693955 
404 488 22 26 0.037682194 
854 604 11 13 0.03753539 
529 395 11 13 0.037520412 
920 516 11 16 0.037379265 
41 430 7 10 0.036918838 
950 406 11 14 0.036798447 
733 365 10 12 0.036762457 
744 436 8 11 0.036724113 
192 478 9 10 0.036700934 
201 551 33 42 0.03659423 
834 637 12 15 0.036551654 
57 393 8 10 0.03648674 
877 585 14 21 0.03638651 
666 413 9 12 0.036184587 
766 420 10 13 0.03605962 
726 395 10 12 0.035980593 
106 447 7 10 0.03587598 
470 467 13 16 0.035863034 
280 358 9 12 0.03581805 
210 390 9 12 0.035625417 
483 412 13 16 0.035392154 
177 396 8 11 0.035291895 
753 387 10 14 0.035259873 
413 389 12 15 0.03520501 
531 345 22 28 0.035091072 
286 405 8 11 0.035030417 
632 493 13 16 0.03498873 
143 432 9 11 0.034890704 
988 412 11 14 0.034801733 
319 420 9 11 0.034601267 
468 385 13 17 0.034570985 
72 381 8 10 0.034553673 
164 420 9 11 0.03451993 
98 397 8 10 0.034411278 
369 315 11 13 0.034346204 
664 483 10 13 0.03434119 
292 430 10 11 0.034283247 
281 429 8 10 0.03418187 
925 509 15 18 0.033961963 
276 601 23 33 0.03381101 
969 383 10 12 0.033770107 
470 357 11 12 0.03373452 
672 409 10 11 0.033723935 
302 381 10 13 0.033657502 
727 446 8 10 0.033280738 
878 579 23 31 0.033095498 
328 421 8 11 0.033032406 
367 328 12 14 0.032905445 
517 388 11 14 0.032541785 
129 420 8 11 0.03248941 
623 531 26 38 0.03248884 
143 413 8 11 0.03245681 
771 377 18 22 0.032379564 
726 415 8 10 0.03229916 
108 497 13 17 0.032179784 
993 398 8 11 0.03214754 
967 421 11 14 0.032129094 
761 476 9 11 0.032078594 
695 516 12 16 0.031984724 
434 443 21 28 0.031953268 
728 346 8 9 0.031925008 
775 328 9 10 0.031915285 
94 437 9 11 0.031881236 
997 419 13 17 0.03188104 
25 491 11 16 0.031804863 
99 392 7 10 0.031698085 
118 462 9 11 0.03167528 
144 422 8 10 0.031637337 
174 408 8 12 0.031631876 
721 415 8 10 0.031374607 
94 455 8 11 0.031310353 
884 600 16 20 0.03118767 
735 455 10 13 0.031114154 
151 432 9 11 0.031053465 
152 443 9 12 0.031014943 
80 401 9 10 0.030980594 
158 313 9 11 0.030972568 
72 454 9 13 0.030972123 
128 597 25 28 0.030793563 
390 392 12 15 0.030737637 
943 398 10 13 0.03049244 
81 439 8 10 0.03042138 
465 378 21 29 0.030388786 
166 373 9 13 0.030282404 
592 552 32 49 0.030150265 
642 399 9 11 0.030069232 
153 333 9 11 0.02997922 
776 461 9 13 0.029957045 
744 351 7 10 0.029888736 
671 391 10 13 0.029862024 
270 422 8 11 0.029857038 
61 397 8 11 0.029843597 
886 314 15 17 0.029815918 
527 389 11 14 0.02978424 
845 597 11 14 0.029759085 
469 405 12 16 0.02975285 
766 472 10 13 0.02971791 
418 444 21 25 0.02966049 
384 592 22 37 0.02964312 
320 431 9 12 0.029636154 
677 389 20 21 0.029621005 
637 517 13 17 0.029619677 
308 530 12 16 0.029596398 
88 461 11 14 0.029545939 
248 342 10 13 0.029439365 
661 428 8 13 0.029392084 
444 503 13 17 0.02928626 
333 573 24 37 0.029212905 
320 435 11 13 0.029115736 
138 597 18 19 0.02907491 
696 436 8 11 0.028896574 
270 438 8 10 0.028854547 
63 438 8 10 0.028853009 
115 375 7 10 0.028754476 
90 636 46 49 0.028730648 
999 396 8 11 0.028727954 
688 405 9 11 0.028665135 
990 407 9 12 0.028659651 
472 476 12 16 0.028544035 
660 508 15 17 0.028444858 
293 443 9 12 0.02831688 
818 334 14 15 0.02827976 
849 502 10 13 0.028195173 
176 341 10 14 0.028190793 
354 501 12 16 0.028174816 
997 566 22 29 0.028171195 
652 407 9 11 0.028057912 
997 550 21 28 0.028017707 
73 438 7 10 0.028008938 
999 407 9 11 0.027885702 
985 567 24 30 0.027825097 
217 430 10 13 0.027696563 
423 396 11 14 0.027686726 
855 408 14 15 0.027655566 
892 312 19 25 0.027516846 
494 368 13 15 0.027475026 
47 391 9 11 0.027213337 
694 407 9 12 0.027202474 
721 406 8 10 0.027200246 
151 462 9 12 0.02711679 
935 541 18 23 0.02704411 
657 435 9 12 0.027033824 
305 374 9 12 0.027012875 
744 388 9 12 0.02697926 
135 397 7 9 0.026904635 
955 559 22 28 0.026895551 
256 447 9 11 0.02689006 
678 517 12 17 0.026748458 
525 428 10 13 0.026729135 
336 295 9 11 0.026726276 
476 453 10 14 0.026689673 
678 420 9 12 0.02664965 
72 408 9 10 0.026618475 
352 460 11 15 0.026527656 
700 552 33 43 0.026450312 
734 398 9 11 0.026422711 
88 454 10 12 0.026352596 
740 524 13 17 0.026210986 
450 505 14 19 0.026199697 
325 399 10 12 0.026171114 
975 406 11 13 0.026169747 
980 611 14 20 0.026103612 
383 441 10 14 0.02610286 
106 406 8 10 0.02609264 
638 318 12 18 0.026084254 
680 492 11 13 0.026067544 
12 479 12 16 0.02599272 
705 365 9 11 0.025956338 
668 516 14 18 0.025955897 
816 517 12 16 0.025919732 
185 471 10 11 0.025887584 
952 561 14 18 0.025865318 
312 369 8 10 0.025812982 
226 372 9 12 0.025781505 
658 389 9 13 0.025749387 
161 405 8 10 0.025665937 
706 361 8 10 0.025608623 
524 446 10 12 0.025579628 
770 381 10 13 0.025506292 
427 382 11 14 0.025475489 
500 394 23 27 0.025470482 
518 381 11 14 0.025447961 
936 399 10 13 0.025444236 
312 358 8 10 0.025394697 
64 445 8 10 0.02538527 
476 462 11 15 0.025379943 
955 413 13 16 0.02537821 
194 346 13 16 0.025351817 
992 418 12 15 0.02534641 
477 482 11 16 0.02533661 
732 372 11 12 0.025295636 
997 549 13 18 0.025286615 
127 461 11 13 0.025237229 
215 405 8 12 0.02513691 
926 612 10 13 0.025003668 
525 382 10 12 0.024858855 
655 430 10 13 0.024843259 
949 522 14 19 0.02479313 
1004 548 16 19 0.024770191 
701 517 12 17 0.024704674 
500 368 12 14 0.024698013 
1013 390 9 13 0.024540626 
120 385 8 9 0.024439683 
556 112 432 489 0.024401832 
149 302 239 264 0.02439215 
350 584 28 38 0.024384601 
706 532 11 16 0.0243549 
475 396 23 28 0.024312075 
127 453 9 12 0.02422617 
105 437 8 11 0.024207436 
750 501 10 12 0.024185138 
581 337 25 29 0.024163187 
332 572 15 21 0.024138978 
684 555 34 49 0.024133746 
136 360 8 8 0.024100967 
40 436 8 12 0.02406864 
305 445 9 11 0.023982158 
136 368 8 10 0.023924971 
427 445 14 17 0.02385936 
451 493 19 25 0.02383206 
751 415 10 13 0.02382642 
135 410 8 9 0.02362972 
238 544 26 34 0.023589952 
982 383 9 11 0.023584826 
280 445 9 11 0.0235807 
407 447 13 17 0.023566032 
445 419 11 17 0.023479806 
812 584 14 21 0.023479512 
403 523 24 34 0.023459349 
710 422 9 10 0.023442466 
185 477 9 11 0.02344101 
163 552 13 18 0.023394683 
257 439 9 11 0.023382466 
153 421 8 11 0.023349166 
661 516 25 32 0.023334028 
327 518 12 14 0.023324197 
389 414 11 15 0.023267213 
334 422 9 12 0.023236098 
633 520 26 35 0.023209209 
885 321 15 20 0.023192054 
760 501 10 12 0.023160573 
311 568 26 34 0.023138486 
994 381 8 11 0.023025837 
728 440 8 11 0.022984292 
364 490 15 17 0.022955274 
166 391 9 11 0.022930495 
733 390 9 12 0.022883927 
12 391 13 15 0.022875711 
908 581 19 29 0.022844505 
469 459 14 17 0.022832321 
746 374 10 13 0.022732055 
466 473 21 29 0.022730771 
162 624 16 22 0.022692427 
462 506 13 18 0.022691002 
917 592 13 20 0.022635745 
318 376 8 11 0.022570029 
892 620 11 15 0.022555038 
747 369 18 23 0.022541156 
603 533 18 21 0.02249576 
395 598 13 23 0.022466173 
159 462 9 11 0.022464687 
925 620 10 14 0.022424301 
693 501 11 13 0.022383759 
189 351 14 16 0.022375958 
808 331 26 27 0.022354072 
663 385 9 12 0.022302264 
222 348 10 13 0.022234099 
632 488 10 11 0.022206685 
57 437 9 11 0.022178328 
92 493 12 14 0.022104697 
319 358 8 10 0.022090813 
61 392 8 11 0.021987956 
989 548 14 18 0.02196655 
1006 424 12 17 0.021926966 
746 380 10 13 0.021895556 
658 396 9 12 0.021827819 
296 295 8 10 0.021814011 
445 457 15 19 0.021798644 
736 439 8 11 0.02171276 
312 431 9 11 0.021712415 
498 369 21 27 0.021672929 
582 508 79 104 0.021664035 
411 400 13 16 0.02166065 
736 406 9 12 0.021658733 
345 504 11 17 0.021645995 
247 360 8 12 0.021642527 
978 569 18 21 0.02163847 
400 373 9 12 0.021629278 
33 495 21 26 0.021623023 
283 390 8 10 0.021496644 
774 509 21 24 0.021493811 
1007 396 9 11 0.021380408 
280 381 8 11 0.02136628 
367 465 13 17 0.021351768 
361 323 25 30 0.02134657 
103 459 9 12 0.021342905 
226 578 29 39 0.02133269 
36 494 13 16 0.02127473 
780 395 11 14 0.021270117 
962 392 22 27 0.021248652 
311 406 8 10 0.021237072 
251 569 15 22 0.02122123 
397 422 13 18 0.021202499 
64 422 8 10 0.021119928 
930 512 16 21 0.021073459 
128 374 8 9 0.021000845 
736 503 8 11 0.020995975 
692 397 11 12 0.020989073 
86 467 11 12 0.020939974 
407 386 20 25 0.020938737 
338 467 11 14 0.020917203 
357 491 15 18 0.020910276 
238 317 9 10 0.020881865 
279 352 9 12 0.020860614 
677 402 11 13 0.020832727 
729 361 8 10 0.020822687 
897 304 9 11 0.02082229 
350 299 13 15 0.020814726 
849 602 10 14 0.020808842 
32 438 8 11 0.020804733 
751 477 9 11 0.02080287 
655 424 9 13 0.020773092 
674 397 10 11 0.020738536 
215 548 31 37 0.020732034 
680 342 9 10 0.020665247 
944 391 10 14 0.020650348 
271 445 8 11 0.020626808 
330 603 31 46 0.020544264 
112 461 9 11 0.020541584 
687 342 9 11 0.020541335 
303 431 8 10 0.020530995 
769 390 10 12 0.020524813 
270 414 8 11 0.020516858 
0 467 24 37 0.020510597 
467 392 13 19 0.02049975 
437 423 14 20 0.020477913 
253 621 14 17 0.020470537 
304 398 8 10 0.020448813 
1011 554 13 17 0.020441802 
508 388 14 17 0.02043153 
485 517 12 16 0.020419687 
709 371 10 12 0.020341814 
720 278 10 12 0.020324174 
54 444 9 11 0.020313371 
142 359 7 9 0.020304115 
92 446 9 11 0.020296814 
950 596 11 16 0.020169156 
142 373 7 11 0.020165611 
463 450 14 17 0.020099625 
720 503 8 10 0.020073991 
315 562 38 54 0.020036612 
73 399 8 11 0.020035358 
103 431 8 10 0.020026548 
135 383 7 9 0.020004867 
262 447 8 11 0.020000745 
