0_Parade_marchingband_1_227
390
460 134 31 43 0.99849176 
913 139 42 52 0.9917794 
288 141 23 30 0.9817302 
414 111 25 32 0.9707018 
840 122 32 41 0.9696693 
177 107 23 30 0.9651837 
511 106 24 31 0.9639008 
597 133 22 30 0.9489208 
290 101 22 28 0.9445938 
558 84 20 27 0.9133629 
489 94 23 29 0.7972454 
67 94 19 23 0.7854811 
252 96 19 23 0.61531436 
20 58 17 22 0.599066 
329 87 15 21 0.59433305 
56 66 17 21 0.5929118 
497 83 25 31 0.58633095 
598 81 13 17 0.462654 
250 84 17 21 0.4247309 
149 102 17 22 0.4212583 
223 110 20 27 0.40579176 
721 43 108 99 0.40093502 
99 81 15 19 0.38753173 
3 107 17 22 0.34266168 
167 77 12 15 0.32537156 
792 89 19 25 0.32226232 
31 98 23 31 0.30258262 
171 79 14 18 0.29969665 
131 91 13 15 0.291154 
509 84 25 30 0.28387627 
519 94 22 30 0.2624098 
348 105 15 18 0.25733516 
380 97 14 19 0.25338757 
0 81 11 18 0.2527219 
502 93 30 34 0.2514769 
35 93 16 19 0.23350266 
127 85 14 17 0.23328952 
212 72 13 17 0.23051344 
601 121 25 35 0.22419974 
66 84 16 19 0.21362256 
604 103 16 21 0.20702456 
420 102 24 31 0.19212674 
419 89 22 29 0.1916563 
191 85 12 16 0.19096836 
66 73 14 18 0.18118966 
727 77 66 62 0.17473094 
106 99 14 17 0.16887294 
100 108 16 20 0.15501055 
362 88 16 20 0.15452176 
687 63 118 124 0.15397099 
935 110 29 37 0.15046267 
636 99 13 18 0.14369126 
26 55 26 29 0.14239867 
134 68 11 15 0.13889703 
149 94 13 15 0.13507995 
429 98 16 20 0.13494802 
102 89 15 18 0.13377692 
615 141 25 32 0.13341822 
103 65 14 18 0.1252483 
490 55 15 20 0.12094063 
400 157 28 40 0.12055774 
35 111 23 31 0.11756687 
655 128 113 104 0.11203175 
293 93 16 20 0.10871278 
131 98 15 18 0.1032593 
241 115 14 18 0.10216433 
359 121 21 26 0.10108639 
391 163 24 33 0.10071902 
529 93 14 19 0.09963123 
124 106 16 19 0.099175386 
469 111 19 22 0.09750567 
340 146 21 31 0.09682926 
384 94 18 25 0.09541588 
164 71 11 13 0.09511827 
889 127 51 57 0.09399747 
388 169 17 24 0.092651054 
763 78 53 68 0.09032965 
849 6 50 60 0.090136394 
888 16 63 76 0.08995462 
142 163 14 18 0.08975307 
803 100 35 48 0.08920903 
633 94 12 15 0.08813059 
627 138 15 20 0.08732728 
585 93 10 13 0.087074295 
224 144 19 26 0.08673949 
182 84 12 16 0.086710416 
34 154 18 23 0.08610128 
643 100 15 22 0.08453263 
859 123 43 51 0.08329385 
230 113 21 29 0.0832016 
582 105 10 15 0.08154905 
610 101 14 19 0.08114978 
401 106 25 32 0.07863785 
270 77 12 16 0.07803143 
287 76 12 14 0.07771863 
374 53 14 16 0.076894306 
392 103 21 29 0.07606884 
165 103 24 31 0.075802244 
41 59 24 26 0.075105384 
282 175 16 21 0.07489001 
774 105 30 37 0.07361903 
612 125 23 34 0.07259339 
61 174 15 18 0.07179106 
325 124 13 17 0.071658075 
522 109 24 31 0.07157874 
380 140 15 19 0.07149415 
321 89 18 23 0.07092382 
615 93 12 14 0.0679773 
465 117 27 33 0.06769351 
420 86 15 19 0.06737261 
366 152 17 23 0.06727635 
1 69 11 16 0.06689359 
143 74 13 15 0.06668124 
157 136 15 20 0.06617917 
199 69 9 11 0.06480445 
413 85 14 18 0.064314574 
610 112 16 23 0.06342852 
371 86 21 24 0.06314848 
357 81 17 22 0.062924 
209 69 11 14 0.061443254 
366 114 15 19 0.060699545 
315 151 15 19 0.060671847 
310 158 25 29 0.059975807 
2 75 14 19 0.05830097 
331 166 14 19 0.057996947 
143 92 12 15 0.056676652 
323 152 16 21 0.055867665 
135 60 12 15 0.055685297 
269 104 14 19 0.05536557 
255 38 10 12 0.054661263 
715 97 44 42 0.054284602 
312 68 10 12 0.05403946 
-1 199 18 30 0.053953797 
101 131 24 33 0.053599764 
3 64 20 27 0.05296362 
333 80 20 28 0.052793108 
180 77 11 14 0.052599903 
324 190 16 23 0.052569263 
823 101 42 58 0.05179296 
308 170 18 22 0.05063566 
661 104 13 19 0.049708266 
325 159 17 23 0.049545065 
175 54 10 12 0.048799444 
349 127 22 28 0.048559867 
99 115 22 28 0.048252184 
330 147 21 29 0.04799541 
651 89 14 18 0.04796506 
309 97 13 19 0.047595497 
505 78 17 22 0.047576863 
434 93 15 17 0.047543038 
941 108 17 20 0.047479343 
953 199 36 44 0.047056474 
371 120 15 19 0.046486177 
276 77 13 16 0.046463966 
17 102 22 29 0.046082478 
210 203 15 19 0.04577824 
492 50 24 29 0.045128036 
650 100 15 21 0.04506358 
135 53 12 15 0.04491683 
308 147 15 21 0.044844836 
106 71 15 21 0.044511005 
276 171 16 21 0.044501554 
783 96 43 58 0.044450503 
74 73 15 18 0.04410709 
13 168 16 22 0.04359535 
262 54 10 13 0.04350615 
533 129 23 31 0.04267916 
496 29 13 16 0.04253864 
987 151 28 35 0.041958027 
645 84 23 31 0.040256638 
773 121 28 35 0.040125743 
588 100 12 16 0.040079527 
646 90 12 17 0.039874356 
115 110 20 27 0.039567996 
758 108 31 37 0.039555628 
161 62 9 11 0.03946001 
921 124 38 46 0.03927893 
192 60 9 12 0.039015453 
508 57 15 19 0.039000515 
29 141 15 18 0.03898145 
342 134 22 30 0.038811263 
318 122 12 16 0.038797602 
349 72 16 20 0.038676582 
621 85 11 13 0.03856545 
661 91 12 15 0.038340807 
316 69 11 14 0.0382588 
379 78 14 17 0.037856117 
461 18 25 34 0.037337203 
351 147 22 30 0.037294433 
533 115 15 20 0.03705314 
583 133 25 33 0.036896933 
118 107 14 19 0.036835164 
88 77 20 25 0.036694646 
95 95 23 28 0.036569357 
230 104 13 16 0.036226574 
182 55 10 12 0.036121212 
230 133 23 33 0.036115088 
29 109 16 23 0.036008637 
538 39 17 22 0.035871707 
148 85 13 17 0.035844482 
247 79 15 17 0.035830896 
124 50 12 15 0.035743807 
428 86 13 17 0.035671446 
131 121 16 20 0.03542601 
112 139 21 30 0.035249237 
14 54 15 19 0.035155673 
371 136 22 29 0.0350913 
317 96 13 18 0.03499863 
988 156 16 20 0.034640588 
603 79 11 14 0.03458429 
31 128 14 18 0.034534123 
957 154 14 18 0.034465555 
253 58 12 14 0.03432477 
195 87 13 17 0.034300707 
107 53 13 15 0.034272682 
294 44 13 18 0.03404734 
301 178 15 20 0.034010336 
127 78 13 16 0.033859074 
310 86 11 16 0.033799898 
36 71 15 18 0.033656087 
276 106 14 18 0.033540823 
956 183 32 39 0.033504203 
168 55 9 12 0.033303924 
235 110 15 20 0.03328732 
969 149 25 33 0.03321165 
559 132 23 33 0.032976564 
669 -14 109 130 0.03287867 
384 151 25 35 0.03279968 
621 117 13 16 0.032774232 
262 78 20 25 0.032471683 
173 29 10 12 0.0323622 
18 25 13 16 0.03229641 
317 175 21 30 0.032017156 
500 61 25 31 0.03197012 
169 151 17 23 0.0319175 
481 80 27 33 0.031822443 
230 55 11 14 0.031814232 
301 46 11 15 0.03153788 
454 93 12 15 0.031487238 
121 150 16 22 0.03140959 
120 51 11 15 0.031391714 
739 98 36 38 0.031265166 
6 60 14 18 0.031074245 
298 138 24 32 0.031020403 
619 89 13 16 0.03089001 
593 85 12 15 0.030631155 
40 104 18 22 0.030576408 
340 95 20 26 0.030405918 
285 80 14 19 0.030398257 
208 168 20 29 0.030377332 
271 53 9 12 0.030309629 
579 165 16 21 0.030107984 
165 61 10 12 0.03004497 
773 132 17 21 0.029953765 
522 86 16 20 0.029907314 
669 2 176 215 0.0298037 
471 88 14 19 0.029696535 
493 46 14 18 0.029525077 
106 110 17 23 0.029475963 
314 104 15 18 0.029405085 
175 196 23 28 0.028998122 
3 87 14 21 0.028924746 
333 79 13 18 0.028785655 
371 106 15 19 0.028755687 
950 144 28 36 0.028547881 
548 105 13 18 0.028494412 
439 96 20 27 0.028199509 
358 116 14 17 0.02810528 
131 70 20 25 0.028093271 
117 88 20 25 0.02775662 
156 93 13 16 0.027696203 
637 76 45 53 0.027639054 
163 146 16 22 0.027454035 
220 75 11 15 0.027407626 
86 107 14 19 0.027380927 
194 198 24 32 0.027308242 
246 68 12 15 0.02729459 
251 68 14 16 0.027270807 
60 129 16 20 0.027265547 
897 101 54 66 0.027262412 
858 168 105 161 0.027254093 
128 111 17 22 0.027177231 
879 128 37 43 0.02661026 
961 162 28 35 0.026551064 
248 61 12 13 0.0263608 
352 94 21 25 0.026349297 
225 60 10 14 0.026299091 
450 129 31 38 0.026273264 
4 20 23 29 0.02616318 
293 85 13 18 0.026037011 
197 77 10 14 0.026009846 
637 124 12 16 0.02589789 
26 146 22 29 0.025890542 
488 71 27 33 0.025877113 
47 121 23 29 0.025783928 
278 103 21 26 0.025763348 
621 120 22 30 0.02567545 
128 68 12 15 0.025635917 
239 120 23 31 0.025592323 
277 131 14 19 0.025513355 
137 105 22 28 0.025457522 
290 177 15 19 0.025448663 
118 74 12 16 0.025255265 
632 105 12 16 0.02523884 
543 99 11 16 0.025205025 
331 186 15 21 0.025165655 
85 110 22 29 0.024982259 
187 128 14 19 0.024953743 
159 75 12 14 0.024930364 
540 119 24 33 0.024916304 
117 66 12 17 0.02485586 
414 80 12 14 0.02456947 
375 106 22 28 0.024489284 
220 138 16 21 0.024427952 
408 84 13 17 0.024408435 
259 98 21 27 0.02439357 
137 89 20 25 0.024363004 
142 82 13 17 0.02424067 
574 147 26 35 0.024222495 
361 53 23 25 0.024199884 
44 147 16 21 0.0241798 
85 98 13 18 0.023989704 
293 329 33 40 0.023931822 
575 99 11 15 0.023763752 
5 112 23 29 0.023754947 
164 157 18 24 0.02374393 
366 124 23 29 0.023644513 
145 143 18 22 0.023543488 
246 104 15 20 0.023287034 
801 83 16 23 0.023168493 
483 55 25 32 0.023110852 
22 89 37 50 0.02310564 
74 82 15 19 0.023092898 
341 188 14 19 0.022997044 
331 121 15 18 0.022960825 
86 54 12 15 0.022882307 
182 20 10 12 0.022854673 
574 106 14 17 0.022824863 
341 76 14 17 0.022785455 
148 223 26 33 0.02262214 
596 101 16 20 0.022585621 
317 62 9 12 0.022463908 
48 142 22 29 0.022429578 
0 101 14 22 0.022404106 
478 102 25 30 0.022203492 
355 63 25 28 0.022181774 
317 74 13 16 0.021932105 
24 158 23 31 0.021909324 
587 96 20 26 0.021823185 
175 73 11 13 0.02175797 
729 112 37 39 0.021691477 
195 165 22 30 0.021680288 
964 170 46 62 0.02164815 
577 96 20 27 0.021643693 
962 153 16 21 0.021609243 
123 119 17 21 0.02160266 
243 130 22 32 0.02148573 
269 175 20 25 0.021407712 
532 148 25 33 0.021400707 
325 78 13 17 0.021376759 
199 31 9 11 0.02133419 
668 100 14 19 0.021286873 
293 71 9 13 0.021271115 
215 65 10 12 0.021267422 
276 69 13 15 0.021260655 
976 160 26 31 0.02112535 
629 88 111 120 0.02111353 
781 53 57 82 0.021083305 
486 76 14 18 0.02094583 
181 72 10 12 0.02094015 
70 109 25 31 0.02092425 
566 172 14 19 0.020917365 
75 93 22 29 0.020904874 
829 -3 87 99 0.02071076 
521 135 26 35 0.02071075 
286 90 16 21 0.020466102 
477 17 14 19 0.020428762 
6 150 25 34 0.02038144 
535 104 20 28 0.020373985 
163 87 15 19 0.020336535 
174 24 9 11 0.020308949 
366 60 24 29 0.02023154 
622 68 11 14 0.020215254 
655 100 25 32 0.020145357 
24 75 25 32 0.020102592 
467 22 14 19 0.02010069 
840 137 38 47 0.020083146 
490 23 21 29 0.020081146 
595 84 21 25 0.02004827 
81 85 22 27 0.020012511 
