0_Parade_marchingband_1_439
703
912 487 35 52 0.76477695 
375 429 10 13 0.5408696 
413 402 10 13 0.5068561 
528 419 10 11 0.49917984 
141 428 12 14 0.43332565 
681 399 9 11 0.42284194 
392 422 10 12 0.4080845 
706 370 12 14 0.3951305 
473 420 10 12 0.39176452 
390 442 11 13 0.37816507 
246 427 10 13 0.37776732 
265 428 11 13 0.35217068 
455 415 9 11 0.35040846 
343 430 10 12 0.32019582 
135 567 38 58 0.31358525 
832 429 10 14 0.29966405 
305 421 9 12 0.29763928 
776 396 9 11 0.29333615 
485 446 16 24 0.2926495 
289 423 10 11 0.26043683 
450 415 8 10 0.2597786 
248 422 10 14 0.2514441 
745 416 10 12 0.25138086 
399 422 9 12 0.23027468 
733 402 11 13 0.22722231 
728 403 10 12 0.21761005 
464 413 8 11 0.21743442 
76 461 15 20 0.21142794 
82 460 22 26 0.20384611 
165 446 13 16 0.19703272 
132 455 16 23 0.19476531 
471 416 10 11 0.1926165 
970 454 13 16 0.18587404 
377 389 9 12 0.17724556 
264 424 10 11 0.17631593 
110 438 12 14 0.17629288 
947 409 11 14 0.17410009 
405 421 9 11 0.17409097 
352 415 7 10 0.17113987 
905 434 13 16 0.16609964 
221 422 10 12 0.16469583 
271 382 8 9 0.16406582 
26 428 10 12 0.15893887 
521 416 8 10 0.15512438 
783 397 9 11 0.15293056 
12 436 10 14 0.15226866 
612 428 11 13 0.14946306 
414 431 11 14 0.14767028 
8 427 11 15 0.14754659 
95 433 8 10 0.14729731 
305 417 8 10 0.14177865 
684 401 11 14 0.13862857 
477 417 9 10 0.13680169 
246 436 11 14 0.1361346 
85 423 9 11 0.13283007 
278 415 7 10 0.13232644 
544 414 8 10 0.12699908 
656 399 7 10 0.12647878 
376 422 11 14 0.1263863 
269 424 10 13 0.12540431 
321 405 8 11 0.12536877 
608 454 22 32 0.1247758 
142 444 14 19 0.12441329 
280 437 10 12 0.12367796 
423 428 11 14 0.123062685 
433 412 9 11 0.121735565 
510 416 9 11 0.119965054 
325 404 9 11 0.118054025 
662 398 9 11 0.1179878 
519 442 10 13 0.11439437 
376 414 10 12 0.114382975 
552 407 8 10 0.11392097 
558 463 12 17 0.11328377 
383 421 10 14 0.11281288 
757 430 11 15 0.11276424 
379 427 11 14 0.11191447 
77 451 11 14 0.11182005 
146 525 31 33 0.10935645 
429 439 10 13 0.10876955 
693 419 10 13 0.10822045 
432 422 10 13 0.107676215 
688 416 12 14 0.10682403 
70 424 8 10 0.1067601 
749 373 9 11 0.1053896 
659 447 13 18 0.10437727 
145 448 16 21 0.101666704 
207 421 10 11 0.10097563 
533 416 9 11 0.100727476 
975 431 9 12 0.10053677 
268 447 11 13 0.0998754 
384 444 10 13 0.09804744 
870 398 13 16 0.095511585 
5 465 14 21 0.09334 
748 419 10 13 0.093284816 
268 452 13 14 0.093153395 
869 444 16 17 0.092749014 
423 422 11 14 0.09170434 
336 428 12 14 0.09166991 
13 442 11 14 0.08956799 
427 520 22 33 0.08944602 
455 446 10 15 0.088096686 
534 428 10 12 0.087811746 
134 433 14 16 0.08678335 
981 435 12 14 0.0854011 
86 428 11 13 0.08502779 
447 442 10 14 0.08385455 
553 413 9 11 0.08341849 
293 427 9 12 0.0831339 
413 450 10 14 0.08223373 
408 430 11 13 0.07983604 
465 408 9 10 0.07963831 
967 420 10 13 0.07905882 
241 429 10 13 0.07839957 
239 436 11 15 0.07829025 
721 399 8 12 0.07749724 
965 373 9 11 0.07695813 
391 406 9 11 0.076371014 
977 435 10 13 0.07618279 
670 392 9 10 0.07590239 
885 460 27 34 0.07536777 
160 415 9 12 0.074978665 
369 366 10 13 0.07488211 
439 413 8 10 0.07476752 
396 439 10 13 0.0744214 
495 412 9 11 0.0740617 
126 416 10 12 0.073437795 
429 426 11 14 0.07321511 
214 422 10 12 0.071764 
718 444 11 15 0.07156448 
545 420 9 13 0.07151515 
416 481 13 17 0.0711753 
380 452 11 13 0.07061146 
319 430 10 13 0.07058624 
879 404 11 13 0.070347 
349 502 15 20 0.07033754 
168 420 9 12 0.06965619 
773 366 9 11 0.06914107 
800 434 10 14 0.068748266 
259 468 14 19 0.06721026 
528 428 11 12 0.06704334 
301 446 13 15 0.06613693 
59 439 11 14 0.06590591 
305 427 10 12 0.065758094 
310 427 9 12 0.06553589 
650 399 8 10 0.065514795 
624 428 11 14 0.06542815 
505 414 9 11 0.065080754 
424 435 11 14 0.064980395 
344 406 9 10 0.06484986 
1008 434 13 17 0.064783156 
723 622 45 89 0.06421172 
95 444 12 15 0.06412219 
886 506 21 34 0.063473955 
428 483 14 19 0.063282356 
269 459 14 16 0.06324648 
150 576 33 43 0.06311881 
545 407 9 11 0.063054144 
881 421 11 15 0.062868975 
184 422 10 13 0.06234032 
664 405 9 11 0.061943747 
1 428 10 13 0.061884273 
310 474 16 23 0.06152071 
677 414 12 14 0.061502736 
807 392 9 11 0.061418332 
935 429 12 15 0.06125501 
367 269 10 13 0.061098758 
309 417 8 10 0.060953043 
672 412 10 12 0.06012735 
407 416 9 11 0.05990615 
751 367 9 12 0.059834056 
656 428 10 13 0.05968887 
920 414 10 14 0.05955172 
349 431 9 11 0.058807347 
146 430 12 14 0.05876788 
350 437 10 13 0.05837216 
138 451 18 25 0.058230102 
982 465 14 17 0.0580471 
614 399 8 11 0.05793333 
894 482 41 52 0.057869297 
391 415 10 13 0.05747543 
344 391 8 10 0.05739122 
437 422 9 11 0.057011906 
80 428 11 13 0.056824658 
326 430 11 13 0.05672123 
174 423 10 12 0.05663426 
230 421 9 11 0.056372304 
115 436 11 15 0.056172296 
170 572 29 37 0.056094028 
741 436 11 13 0.05565364 
519 430 9 12 0.054415386 
271 434 11 13 0.05421888 
812 411 11 14 0.053971592 
734 412 9 12 0.05393753 
974 422 9 12 0.05364317 
885 406 9 12 0.053508848 
28 486 13 17 0.05338251 
13 473 12 17 0.053063344 
408 364 8 11 0.053013925 
984 421 10 12 0.052913412 
117 430 10 12 0.05280839 
741 398 9 12 0.05280243 
128 430 10 13 0.05233566 
28 473 12 17 0.05151669 
399 428 10 11 0.051406953 
781 413 12 15 0.05051186 
375 447 10 13 0.05039787 
337 390 8 10 0.0503975 
686 342 9 11 0.050112326 
989 466 13 16 0.05000006 
160 526 29 34 0.049927957 
438 443 10 14 0.049384892 
934 406 9 12 0.049222093 
809 381 9 11 0.04908038 
156 492 28 35 0.049061153 
113 432 9 12 0.048832234 
531 533 56 90 0.048798196 
420 519 18 27 0.04877258 
130 543 52 51 0.048621133 
149 437 13 17 0.048516665 
48 424 9 11 0.04841156 
408 446 11 14 0.04838948 
358 430 8 11 0.048375484 
752 436 9 12 0.048355766 
431 333 9 13 0.048128493 
88 436 11 13 0.047895882 
72 445 12 15 0.04767487 
607 374 8 9 0.04750274 
190 422 10 12 0.04725946 
423 416 9 10 0.047194462 
172 449 12 15 0.04715308 
136 426 21 23 0.04696899 
233 391 8 10 0.04689958 
559 433 12 15 0.046856094 
239 390 7 10 0.046795 
156 438 20 25 0.04657638 
665 392 9 11 0.04644397 
679 393 8 11 0.04636762 
273 378 7 10 0.046305146 
340 356 9 12 0.046212543 
790 397 8 10 0.04590512 
718 451 12 16 0.04578002 
232 435 12 14 0.045611415 
338 351 8 10 0.045528077 
938 435 14 17 0.045382176 
625 375 8 10 0.045324698 
693 405 10 12 0.04527642 
20 406 9 12 0.045171395 
93 456 21 28 0.045044363 
542 427 10 13 0.044906337 
525 458 13 17 0.04484192 
279 420 9 10 0.044673543 
295 437 10 13 0.044610195 
944 419 10 12 0.044505823 
656 405 8 9 0.044428922 
966 453 21 25 0.04441512 
231 429 11 14 0.044212695 
140 465 14 19 0.043830477 
579 427 13 16 0.043695074 
989 436 13 16 0.043674666 
524 435 11 14 0.04351724 
557 407 9 12 0.043304514 
469 447 21 27 0.04299347 
23 483 13 18 0.04276799 
710 420 11 13 0.042735316 
491 441 20 27 0.042604968 
253 427 11 13 0.04258349 
263 464 23 30 0.042483296 
288 344 7 9 0.04229607 
460 444 13 18 0.04228302 
489 454 15 19 0.04191639 
478 444 15 22 0.041803744 
320 412 8 11 0.04172407 
670 396 9 12 0.041665673 
864 445 12 14 0.041234758 
177 343 8 9 0.0412031 
1007 449 12 18 0.040976394 
232 344 7 9 0.04075435 
498 445 12 17 0.04063879 
373 264 21 30 0.04047764 
21 475 13 17 0.04043328 
481 498 12 17 0.040368486 
596 422 10 13 0.04031938 
851 426 12 15 0.04022998 
655 422 10 13 0.040093783 
513 430 10 12 0.04009267 
630 428 11 14 0.03989036 
919 400 9 12 0.039612792 
24 437 9 11 0.039600357 
159 408 9 11 0.039571043 
648 365 8 11 0.03950654 
924 411 11 15 0.039469033 
752 429 10 13 0.03939202 
280 368 7 9 0.039258502 
274 469 15 19 0.038918205 
668 407 10 12 0.038815472 
177 540 26 30 0.03877654 
102 443 11 16 0.038547583 
711 403 10 12 0.03844961 
352 420 9 11 0.038318925 
176 405 10 13 0.038289566 
826 429 10 14 0.038175173 
369 422 9 11 0.038155045 
592 427 10 15 0.037971057 
120 421 9 11 0.03772747 
880 412 10 13 0.03767081 
279 443 11 14 0.03753733 
733 434 13 15 0.03749419 
368 446 10 13 0.03746713 
284 438 11 13 0.03731177 
968 427 11 13 0.037178777 
804 430 12 15 0.037153345 
206 426 12 14 0.03698221 
424 443 11 14 0.03694332 
816 397 10 12 0.036929894 
262 390 7 10 0.036913972 
854 404 10 13 0.036764182 
264 359 7 9 0.036736634 
871 433 23 28 0.036708347 
375 480 13 18 0.036684226 
591 461 11 15 0.036679525 
821 398 9 11 0.03659139 
893 468 30 41 0.03655352 
608 396 10 13 0.036500156 
102 421 9 10 0.036408175 
751 455 9 13 0.03632906 
973 444 12 17 0.036317874 
350 408 8 11 0.036314737 
837 406 10 13 0.036269583 
599 436 10 14 0.036240935 
436 533 16 22 0.036165565 
536 407 8 10 0.036077324 
64 430 9 11 0.036036707 
777 414 10 13 0.03603035 
201 421 10 12 0.03599581 
435 483 13 19 0.035965823 
769 380 9 11 0.035965346 
419 479 19 26 0.03584034 
870 372 9 12 0.035805397 
428 495 15 18 0.035680506 
262 424 18 22 0.035443023 
773 372 10 12 0.035429 
655 392 8 11 0.03536159 
360 423 8 10 0.035328947 
741 429 12 15 0.03517843 
833 407 9 12 0.035146877 
742 405 9 12 0.035069715 
78 437 11 13 0.035002284 
216 444 11 15 0.034804385 
73 448 21 26 0.034763783 
304 350 7 10 0.034728393 
288 349 7 10 0.034642942 
660 436 13 19 0.03459326 
519 454 10 14 0.03458101 
71 554 44 61 0.034411345 
505 419 10 12 0.034394305 
344 397 9 11 0.03438539 
149 507 27 36 0.034256436 
398 415 11 14 0.034198206 
358 444 10 14 0.034164637 
382 263 11 16 0.03405356 
108 456 13 20 0.033701364 
197 460 11 13 0.033669762 
56 526 27 41 0.033617347 
789 414 12 16 0.033609726 
928 405 11 13 0.03351918 
232 416 8 10 0.03341448 
703 403 10 13 0.033358082 
177 350 7 10 0.033330757 
175 469 13 17 0.0332893 
183 341 8 10 0.03319646 
240 431 19 24 0.033166107 
398 466 13 17 0.033139393 
599 397 10 12 0.033124357 
438 427 9 12 0.032997288 
488 408 9 11 0.03297277 
854 412 11 13 0.03284801 
393 518 22 31 0.032778714 
12 462 12 17 0.032599643 
711 444 13 17 0.03251217 
382 414 9 12 0.032508615 
415 340 9 11 0.03232771 
401 523 22 32 0.032316197 
311 476 25 33 0.032233957 
649 391 8 10 0.0320882 
745 367 9 12 0.031974472 
174 438 10 14 0.031779647 
801 396 8 11 0.0317781 
357 437 10 13 0.031772386 
356 493 12 15 0.03177051 
369 438 9 12 0.031685065 
878 426 15 18 0.03166021 
1011 440 13 20 0.031640735 
812 435 11 13 0.031497765 
648 405 8 10 0.031472955 
555 469 17 21 0.031451833 
359 475 13 16 0.0313501 
328 389 8 10 0.03134323 
978 399 8 11 0.031338718 
624 406 8 10 0.03129279 
648 360 8 10 0.031213423 
769 374 10 11 0.031058302 
611 433 13 17 0.030882409 
847 406 11 13 0.030826274 
305 344 8 9 0.030724118 
350 475 13 16 0.03071009 
655 436 11 15 0.030585371 
265 352 7 9 0.030497167 
60 559 32 53 0.030481339 
44 515 46 64 0.030387325 
719 333 8 10 0.030382423 
1009 398 10 14 0.030330297 
349 443 12 15 0.030286692 
276 452 14 19 0.030216368 
196 502 15 22 0.03020619 
783 406 10 12 0.030050464 
391 470 23 30 0.030024232 
337 407 8 10 0.029997997 
893 375 9 12 0.029905023 
897 435 23 28 0.029861486 
551 401 8 10 0.029847298 
278 433 9 11 0.029823996 
1013 401 10 14 0.029788751 
702 421 10 13 0.029692605 
302 398 8 10 0.029683437 
122 416 9 12 0.029614013 
241 422 9 12 0.0295827 
982 398 9 12 0.029531308 
617 358 8 10 0.029480124 
93 451 14 18 0.029323548 
968 406 7 10 0.029256472 
616 404 9 11 0.029245945 
657 374 8 10 0.02915586 
710 452 12 15 0.029095685 
254 450 38 49 0.028993918 
701 359 9 10 0.028911695 
343 444 12 15 0.028862981 
776 404 9 12 0.02882881 
563 459 14 21 0.028787158 
646 444 11 13 0.028711684 
386 435 19 24 0.028675903 
168 427 10 12 0.028513426 
358 415 8 10 0.028421976 
631 399 8 10 0.028370654 
281 391 7 9 0.028295256 
55 429 9 13 0.028235972 
327 385 8 9 0.028208004 
240 360 6 8 0.02819666 
16 504 23 33 0.028155755 
23 445 10 13 0.028140305 
134 440 16 21 0.028140048 
695 426 10 14 0.028134389 
324 473 14 20 0.028123602 
174 413 10 13 0.02805013 
456 409 9 12 0.027978616 
105 438 10 13 0.027929151 
581 397 8 12 0.027849354 
863 398 13 14 0.02778971 
550 457 21 28 0.02774583 
247 417 10 12 0.027743813 
148 421 12 14 0.027729133 
136 518 27 34 0.027649308 
28 436 10 13 0.027537817 
888 379 9 12 0.027493743 
935 424 10 12 0.027490934 
989 421 11 11 0.027419884 
142 473 14 17 0.027416818 
266 384 7 9 0.027352912 
16 465 22 29 0.027290298 
216 452 11 15 0.027279563 
337 366 8 11 0.02720978 
759 364 9 13 0.02714313 
907 469 28 40 0.02713291 
999 428 10 13 0.027124489 
21 411 9 12 0.027078385 
412 426 18 23 0.027060911 
217 408 8 10 0.027046796 
19 478 22 28 0.02704588 
961 421 12 14 0.027024157 
660 439 22 29 0.027009288 
106 443 20 28 0.026968144 
70 417 8 10 0.026901562 
111 576 47 57 0.026771907 
911 400 9 12 0.026734313 
557 454 13 16 0.026731884 
855 399 11 13 0.026728297 
683 410 19 24 0.026639918 
727 435 11 14 0.026619809 
687 349 8 10 0.026584247 
706 453 10 13 0.026488625 
888 364 8 11 0.026449589 
1008 383 9 12 0.0264155 
154 478 26 34 0.026358873 
240 351 6 9 0.026271954 
64 515 25 40 0.026202273 
261 461 14 16 0.026178924 
339 489 23 31 0.025994757 
368 472 23 29 0.025980467 
375 410 9 11 0.025931118 
835 423 12 16 0.025930444 
136 595 41 49 0.025906889 
655 415 10 12 0.025880268 
265 376 6 9 0.025796078 
696 588 87 127 0.025792815 
987 492 22 36 0.025792662 
399 459 22 30 0.02574338 
785 365 9 12 0.025649248 
471 374 8 11 0.025611669 
629 435 11 14 0.025601152 
794 424 20 26 0.025569094 
814 392 9 11 0.025534859 
67 423 7 10 0.025513574 
920 404 10 13 0.02546674 
1013 413 10 14 0.02545047 
415 423 10 13 0.025358075 
518 408 9 10 0.025314609 
160 507 30 35 0.025223207 
551 428 10 14 0.025132975 
263 434 12 14 0.025102716 
255 461 12 16 0.025089229 
957 438 13 16 0.025075924 
397 405 9 12 0.02505799 
960 413 9 12 0.025053069 
55 442 11 13 0.024967488 
681 349 8 11 0.024966596 
208 420 21 24 0.02495008 
88 418 8 10 0.024926469 
381 383 9 12 0.024895318 
615 417 9 10 0.024878314 
125 454 16 21 0.024871329 
402 470 22 30 0.02481071 
976 416 8 10 0.024772763 
85 454 12 15 0.024745747 
3 534 52 78 0.024694711 
66 416 8 10 0.024658944 
958 406 9 11 0.02463902 
822 359 9 11 0.024637531 
360 461 11 14 0.024634678 
272 358 7 9 0.024605172 
806 366 10 12 0.024568852 
797 414 10 14 0.024567593 
566 451 12 17 0.024565289 
252 438 11 13 0.024553213 
979 454 13 16 0.024382971 
200 467 12 17 0.024367811 
726 397 18 23 0.024328891 
385 407 8 10 0.024265815 
242 423 20 23 0.02426503 
341 504 15 19 0.024262851 
558 390 8 10 0.024242 
606 435 12 15 0.024227828 
65 419 210 211 0.024216566 
348 450 11 15 0.024200425 
1004 442 21 30 0.024146155 
784 430 10 12 0.024011556 
741 410 18 23 0.023998307 
85 444 13 14 0.023949025 
149 463 25 32 0.023924125 
302 406 8 10 0.02384254 
383 254 10 14 0.023758288 
337 430 20 24 0.02375643 
204 462 11 14 0.023728346 
719 390 9 13 0.02369276 
381 534 25 27 0.02359398 
380 478 14 18 0.02358215 
607 423 19 24 0.02348583 
146 612 37 45 0.023435771 
323 490 12 17 0.023407847 
660 428 11 15 0.02336857 
278 374 8 9 0.02332689 
301 439 10 13 0.023297708 
358 465 21 29 0.023267303 
298 398 8 11 0.02325823 
360 452 10 14 0.023204101 
181 451 11 14 0.023186607 
720 327 8 10 0.023173394 
582 392 7 10 0.023167718 
1005 429 12 15 0.023143562 
381 474 24 29 0.023143556 
327 424 9 10 0.02311752 
775 348 9 11 0.023024416 
371 371 10 12 0.023003818 
370 423 20 23 0.022939228 
368 537 29 29 0.022921922 
254 468 23 31 0.022913847 
174 524 29 36 0.022907687 
563 428 12 15 0.022878058 
224 367 8 10 0.022862712 
167 389 12 15 0.022853209 
42 473 23 30 0.022847284 
452 522 12 17 0.022832401 
925 419 11 13 0.022827843 
978 431 20 25 0.022787299 
970 441 21 26 0.022779465 
558 443 14 16 0.022774514 
279 409 7 9 0.022730205 
607 382 9 10 0.022726985 
685 450 13 16 0.022686062 
365 452 11 13 0.022676475 
842 422 20 25 0.022540582 
223 408 8 9 0.022535402 
1007 419 11 13 0.022525808 
972 464 16 18 0.022501353 
453 439 12 15 0.022472383 
200 484 26 33 0.02242481 
331 424 20 24 0.022410167 
448 410 8 10 0.022342507 
95 503 27 38 0.022290826 
349 486 24 31 0.022290444 
229 432 22 25 0.02226731 
5 430 18 23 0.022115005 
965 636 47 88 0.022112206 
1002 359 9 11 0.022106774 
158 496 15 21 0.022068655 
311 342 8 10 0.022049023 
134 424 11 13 0.022038985 
332 472 14 21 0.022031302 
966 436 12 15 0.02202395 
212 437 13 15 0.021962937 
216 336 7 9 0.021927705 
239 345 7 9 0.021901546 
492 440 13 16 0.021877298 
85 531 12 16 0.0218514 
16 410 10 13 0.021842616 
512 453 10 14 0.021796899 
624 433 12 16 0.021783091 
278 384 8 10 0.021761337 
616 374 8 10 0.021704951 
833 333 8 11 0.02168231 
261 479 29 33 0.021654781 
823 422 19 25 0.021653999 
210 342 7 9 0.021606587 
918 447 12 15 0.021602545 
631 406 9 11 0.02157525 
34 480 23 28 0.021548294 
0 560 35 51 0.021458652 
482 490 24 30 0.021402743 
677 394 18 22 0.021386942 
661 375 8 10 0.021383006 
421 500 25 34 0.021356765 
297 406 8 9 0.021347633 
222 416 9 12 0.02133331 
223 335 7 9 0.021310978 
546 472 22 31 0.021305112 
0 435 11 15 0.021294167 
103 430 9 12 0.021280125 
918 389 8 11 0.021278957 
597 415 9 12 0.021126563 
161 502 17 22 0.021115778 
124 431 24 25 0.021110931 
425 416 19 25 0.021105718 
220 451 15 19 0.021077624 
125 507 26 34 0.021070195 
670 419 12 14 0.021035083 
688 360 7 9 0.020998895 
596 455 21 30 0.020972528 
985 434 23 28 0.020930044 
776 343 9 11 0.020921182 
444 522 14 20 0.020908743 
495 420 10 12 0.020893391 
240 415 8 11 0.020892626 
330 495 22 29 0.020882512 
316 353 203 244 0.020868719 
100 450 13 18 0.020861024 
167 467 23 29 0.020826915 
391 450 11 14 0.020826131 
387 416 19 23 0.02079283 
833 327 8 10 0.020788608 
296 365 8 11 0.020740218 
148 523 16 19 0.02069912 
282 343 7 9 0.020698804 
650 422 9 12 0.020679278 
533 434 11 13 0.02066798 
0 460 13 20 0.020648299 
538 415 19 23 0.020640451 
744 390 10 13 0.02062867 
321 389 8 11 0.020560076 
807 372 11 13 0.020557579 
967 382 9 11 0.020551676 
900 454 25 32 0.020525364 
634 413 8 11 0.020498304 
151 537 36 42 0.02044223 
558 420 11 14 0.020419933 
565 459 22 30 0.020413607 
727 391 10 13 0.020352976 
397 474 13 18 0.020338641 
523 454 23 30 0.020316474 
789 428 11 14 0.02029579 
403 424 20 24 0.02024828 
80 441 22 25 0.020245075 
961 366 8 12 0.02024365 
270 351 8 10 0.02022518 
599 442 10 14 0.02020602 
437 518 14 19 0.020157617 
392 401 8 10 0.020140486 
695 389 9 11 0.02013801 
381 332 10 12 0.02013123 
370 414 9 12 0.020118238 
29 446 10 12 0.02010715 
421 469 12 16 0.02008924 
286 389 8 11 0.020071086 
629 375 8 10 0.020066312 
137 391 8 11 0.020044645 
503 468 11 15 0.02002626 
