0_Parade_marchingband_1_234
162
435 312 16 20 0.9925114 
307 313 16 21 0.9885765 
507 256 16 19 0.9884299 
668 321 17 22 0.98757076 
555 312 17 22 0.97937036 
612 322 17 21 0.9776199 
785 321 17 21 0.97389394 
318 261 15 18 0.97382283 
642 248 16 20 0.97289264 
671 211 15 17 0.9716923 
334 411 17 20 0.9708246 
438 263 12 15 0.9676897 
402 290 15 17 0.96622443 
404 412 17 19 0.9653158 
581 414 18 22 0.96414 
746 272 17 20 0.96388245 
844 253 15 19 0.9626991 
703 419 16 20 0.9611233 
676 289 17 20 0.9592101 
538 291 18 21 0.95280653 
569 267 16 19 0.9509904 
283 297 17 20 0.9507273 
807 284 15 17 0.9480772 
836 330 15 18 0.9442661 
727 317 17 21 0.9389408 
776 257 14 17 0.9332013 
366 308 16 22 0.9282654 
469 402 18 24 0.9152125 
759 420 15 20 0.91500765 
703 255 13 16 0.9119996 
255 254 14 17 0.9114353 
355 230 13 16 0.9068299 
489 308 16 19 0.9031519 
468 234 14 17 0.90084165 
242 333 17 21 0.8936217 
293 231 12 16 0.88619816 
401 220 13 16 0.8839337 
227 222 14 17 0.8796689 
524 414 16 19 0.8757239 
738 232 13 16 0.87135965 
532 223 13 17 0.859168 
207 421 15 19 0.8575799 
281 419 16 20 0.83859974 
605 303 16 19 0.83368266 
863 304 15 18 0.8330808 
375 265 13 15 0.8174468 
343 281 14 16 0.81546813 
646 411 17 20 0.806282 
470 311 14 17 0.78439033 
187 331 18 22 0.7696462 
603 207 14 17 0.7592129 
207 291 22 25 0.69915867 
556 169 13 15 0.567857 
482 176 15 18 0.46169502 
343 288 15 19 0.29464123 
460 270 10 12 0.28977725 
476 165 25 29 0.23590727 
595 258 15 19 0.21041943 
558 124 38 43 0.2095207 
473 143 31 40 0.16646671 
353 204 9 13 0.158052 
777 223 10 14 0.15158918 
531 266 13 17 0.116597556 
613 268 13 17 0.11494437 
392 246 12 14 0.11489226 
289 200 8 11 0.09393788 
366 303 13 18 0.09171046 
141 427 9 14 0.09086358 
401 190 9 12 0.09060857 
676 279 16 21 0.08904986 
726 259 13 16 0.08212546 
433 230 9 13 0.077003546 
552 161 22 24 0.07559344 
605 310 20 25 0.07135386 
676 252 11 14 0.064112335 
345 253 11 15 0.059067376 
455 253 11 14 0.05772482 
234 191 8 12 0.05673464 
199 294 17 21 0.05577928 
587 235 13 17 0.053954802 
605 264 16 22 0.052391835 
256 223 9 12 0.05174533 
702 224 9 12 0.050359804 
648 245 16 19 0.044854734 
318 228 9 14 0.044712603 
540 257 14 17 0.042884342 
362 230 12 15 0.042422537 
645 218 10 14 0.039816625 
698 258 13 15 0.038114235 
526 260 14 19 0.037719034 
716 299 12 16 0.037078526 
846 222 9 13 0.037037276 
278 258 13 18 0.036518287 
640 309 13 17 0.03572861 
427 283 12 15 0.035261407 
577 268 14 18 0.03486715 
530 229 17 20 0.034515884 
476 127 26 36 0.034236312 
156 461 10 13 0.033944365 
173 454 10 12 0.033846434 
588 262 16 20 0.033506036 
735 203 10 13 0.033209473 
357 201 8 10 0.033099625 
455 274 13 14 0.03248803 
860 295 15 20 0.032440126 
719 259 13 16 0.030738402 
200 279 35 43 0.03063787 
744 279 15 18 0.030231275 
675 297 20 25 0.030209236 
502 212 11 14 0.03012433 
842 247 12 16 0.029888492 
552 146 30 33 0.029794136 
479 209 11 15 0.029491551 
237 194 9 13 0.029161451 
285 260 13 17 0.029118635 
291 204 10 13 0.027873082 
878 291 12 18 0.027861146 
364 293 12 16 0.026784522 
473 230 14 15 0.026457546 
203 287 18 20 0.026387258 
523 314 17 21 0.026285673 
582 239 14 17 0.025768388 
561 140 21 24 0.02533445 
471 205 11 14 0.024965083 
260 222 10 14 0.024900002 
637 425 16 19 0.024863442 
604 254 14 18 0.024640441 
192 326 15 18 0.02437535 
557 236 15 18 0.024325127 
454 260 11 15 0.024220275 
253 318 12 15 0.024145436 
716 305 15 19 0.024083879 
465 152 41 54 0.024069706 
502 198 10 13 0.023979701 
599 178 12 15 0.023810044 
294 261 12 16 0.023614101 
209 429 17 22 0.023450654 
373 255 13 17 0.023264581 
233 224 13 17 0.023184134 
842 359 17 21 0.023146708 
789 310 14 19 0.023102943 
807 254 10 13 0.023063993 
800 289 15 18 0.022917597 
498 311 15 20 0.022799231 
485 212 11 15 0.022601834 
477 219 13 17 0.022336924 
671 182 9 12 0.022304615 
737 318 15 21 0.021986468 
800 276 13 16 0.021721978 
418 338 13 18 0.021694772 
462 283 12 16 0.021680282 
836 319 15 19 0.021597218 
310 230 12 15 0.021560468 
747 236 11 15 0.021343395 
727 485 11 13 0.021204477 
443 254 14 16 0.021083813 
249 253 14 16 0.021027947 
250 324 15 20 0.020271765 
804 291 17 21 0.020142637 
645 312 14 17 0.02012907 
716 291 14 18 0.020057537 
717 283 14 17 0.020013867 
