0_Parade_Parade_0_472
279
59 135 32 35 0.9998431 
318 112 43 54 0.9820263 
643 120 18 26 0.95998144 
562 136 20 29 0.95122284 
513 130 35 40 0.91276014 
933 224 22 29 0.89835095 
833 115 20 26 0.7992853 
969 141 25 27 0.77268875 
630 165 16 18 0.6266343 
706 108 23 27 0.6178638 
980 216 15 18 0.5058776 
748 123 14 23 0.4934987 
954 152 17 21 0.4549727 
835 76 15 17 0.45440194 
734 125 13 17 0.45339254 
890 472 38 41 0.4140112 
845 166 26 32 0.3769756 
512 52 26 35 0.37269497 
655 166 24 28 0.35924497 
603 266 42 51 0.3280822 
989 217 14 20 0.3181017 
695 134 21 27 0.28315976 
820 116 20 27 0.2807406 
174 182 15 19 0.24754101 
255 289 14 19 0.23113693 
220 305 15 21 0.23106892 
741 122 14 21 0.22910114 
753 127 15 22 0.20999523 
805 187 15 18 0.19384116 
0 191 10 16 0.18049887 
252 329 26 32 0.17883332 
253 156 13 17 0.17540887 
820 154 16 21 0.17420505 
800 129 18 23 0.1715402 
681 123 15 20 0.17107977 
201 233 15 20 0.16948476 
698 116 26 31 0.14841512 
401 127 24 25 0.14757481 
995 153 16 20 0.14697744 
841 116 25 26 0.13727695 
809 119 22 29 0.12782522 
114 278 14 16 0.12381005 
966 216 14 18 0.121858224 
245 180 10 13 0.11776422 
970 243 13 19 0.11316018 
690 203 16 20 0.10889652 
894 164 24 37 0.10797039 
213 242 13 17 0.10383403 
967 294 12 15 0.101905495 
223 183 10 12 0.10184061 
733 117 13 17 0.10103989 
215 275 11 15 0.10087109 
764 123 16 22 0.099948905 
232 283 13 19 0.0993229 
804 116 15 19 0.09909527 
709 102 16 18 0.09494534 
160 310 22 31 0.094390035 
24 180 11 13 0.09395791 
610 177 16 19 0.08992385 
981 144 25 30 0.088388674 
610 152 17 21 0.08760555 
726 123 15 20 0.087310344 
597 222 16 21 0.08678673 
396 128 17 20 0.084527865 
995 220 15 21 0.08394974 
739 146 16 21 0.08346381 
803 226 18 21 0.08330543 
923 150 13 16 0.081943385 
497 480 33 37 0.08102156 
272 369 12 17 0.076790996 
236 278 14 19 0.07589629 
301 351 10 15 0.07573409 
820 108 14 18 0.07241171 
732 110 12 14 0.07239073 
787 146 15 19 0.07118882 
800 186 13 16 0.070431955 
203 239 16 22 0.06865469 
954 141 27 32 0.06772515 
744 201 21 29 0.067491226 
830 82 15 19 0.066692255 
943 155 11 15 0.066413656 
588 223 15 20 0.065595865 
213 301 15 20 0.065524176 
856 121 16 20 0.063930586 
975 202 24 33 0.06339384 
797 115 14 18 0.06318681 
826 109 17 23 0.06282482 
668 143 16 22 0.062164996 
716 105 23 28 0.057980612 
30 286 11 14 0.056979027 
470 81 24 34 0.056960683 
753 202 15 18 0.056731783 
986 251 18 20 0.056390617 
259 296 13 18 0.056332946 
598 144 23 27 0.05500762 
623 191 14 19 0.054021027 
793 226 24 30 0.05331676 
246 281 21 28 0.051639147 
657 123 16 20 0.051491287 
815 160 14 19 0.05116673 
796 123 16 22 0.050943382 
688 120 24 30 0.050448716 
224 298 20 27 0.04987597 
770 129 14 19 0.0490928 
829 68 16 20 0.049029175 
653 218 17 20 0.048523724 
899 157 15 21 0.048447557 
239 187 12 16 0.048007812 
622 163 13 17 0.04779639 
476 74 15 21 0.047432207 
684 133 19 24 0.046994243 
901 152 25 33 0.04582215 
140 226 17 24 0.045805573 
251 152 23 25 0.04553904 
918 149 22 29 0.045040034 
470 69 12 16 0.04470477 
657 178 25 30 0.04460333 
198 319 16 19 0.043765295 
787 168 15 21 0.04159703 
173 174 15 19 0.0415736 
514 66 27 36 0.040770233 
815 149 13 16 0.0402935 
856 232 29 31 0.04013904 
450 487 28 32 0.04010013 
247 306 26 31 0.03990481 
583 226 13 19 0.039842743 
647 170 13 19 0.0398295 
280 360 21 26 0.039184075 
659 134 22 28 0.03822533 
672 197 23 32 0.038197413 
948 250 16 20 0.038182046 
70 292 9 11 0.038176306 
251 202 13 20 0.038070805 
662 200 24 32 0.037218027 
192 404 29 37 0.036890358 
842 80 16 20 0.03679895 
247 194 12 17 0.036789685 
290 354 21 27 0.03642744 
1002 159 15 21 0.035945695 
927 219 12 16 0.035746846 
676 135 16 23 0.03546948 
658 150 24 32 0.035448942 
200 308 22 26 0.035191618 
248 295 22 27 0.034998775 
832 154 24 34 0.034553744 
613 211 13 16 0.03455128 
965 133 38 47 0.03444139 
483 82 16 21 0.03443926 
484 68 10 15 0.03435605 
726 107 14 19 0.033918332 
63 287 11 13 0.033254914 
308 289 18 22 0.033220652 
219 269 12 14 0.03276118 
744 150 17 22 0.032384064 
813 108 15 18 0.03230788 
985 140 18 21 0.03140251 
275 363 15 20 0.031283624 
222 281 12 16 0.031116929 
943 149 21 27 0.031086443 
988 155 25 32 0.03077189 
394 116 17 23 0.030679163 
216 189 10 12 0.030618219 
829 149 13 16 0.030612726 
829 123 18 23 0.030527452 
351 279 43 52 0.030476527 
786 151 20 27 0.030455034 
244 185 13 18 0.03039285 
639 117 15 22 0.030219996 
618 156 14 18 0.030168647 
819 166 15 19 0.030128775 
844 92 15 17 0.02987698 
741 133 19 26 0.029664544 
831 244 12 17 0.02930923 
617 192 25 31 0.029245391 
662 192 16 20 0.02907497 
604 158 18 21 0.02889977 
810 141 23 28 0.02859586 
763 132 16 22 0.028485887 
211 309 16 21 0.028447602 
255 251 11 15 0.02820096 
392 129 12 17 0.028130941 
1013 153 11 17 0.028036987 
840 108 20 22 0.027893739 
233 304 17 21 0.027839668 
935 154 10 15 0.027506657 
268 272 13 17 0.027452977 
933 216 35 47 0.027303195 
645 173 21 28 0.027277783 
432 184 13 17 0.027274009 
246 227 12 15 0.027072683 
990 234 25 32 0.027064133 
1013 193 10 16 0.027062552 
840 48 11 12 0.027033279 
568 130 23 29 0.026913801 
1003 150 12 17 0.026770948 
826 158 15 20 0.026742797 
205 284 11 14 0.026715586 
914 242 16 20 0.026669249 
258 283 21 27 0.026627658 
820 139 14 20 0.026625605 
853 159 29 34 0.026552109 
923 234 21 30 0.026510965 
260 305 13 17 0.026279217 
617 207 23 29 0.026270282 
688 566 10 13 0.02605078 
283 349 15 18 0.026041249 
0 301 8 13 0.026006605 
445 214 28 42 0.025894696 
951 238 23 28 0.025883215 
831 138 13 17 0.025871288 
695 109 12 15 0.025857637 
228 285 22 28 0.02582075 
635 158 15 20 0.025409719 
866 250 15 17 0.025313094 
493 126 34 44 0.025271194 
447 171 12 15 0.02522468 
967 229 20 28 0.025103904 
796 191 15 18 0.024991019 
772 117 12 18 0.024932913 
55 293 10 12 0.02483592 
619 168 20 24 0.024803262 
956 212 21 27 0.024795191 
702 106 17 22 0.024759792 
167 178 14 18 0.024567714 
823 145 22 28 0.024566282 
15 348 11 15 0.024552483 
971 216 22 28 0.02419822 
455 255 25 30 0.024063857 
239 255 10 13 0.0240238 
833 83 22 26 0.023961278 
87 187 14 17 0.02385735 
846 36 10 12 0.023832742 
224 206 11 14 0.023803929 
154 322 22 30 0.023790907 
626 218 16 20 0.023715788 
704 129 18 22 0.023693558 
669 109 13 17 0.023541104 
794 174 21 28 0.023418374 
814 167 23 31 0.023294263 
669 123 13 18 0.023230292 
792 131 13 18 0.023167146 
850 244 29 28 0.023123642 
681 202 22 33 0.023084182 
610 214 21 27 0.022869032 
624 173 21 28 0.02272003 
794 168 16 20 0.022717653 
843 477 27 33 0.022484297 
659 210 16 20 0.022398295 
588 146 14 19 0.022272484 
588 214 14 17 0.022247853 
687 573 13 14 0.022219379 
647 249 28 32 0.022145549 
792 135 24 29 0.022090096 
243 278 15 19 0.022077713 
686 196 16 21 0.021853419 
963 196 41 51 0.02169822 
150 338 14 20 0.02168105 
937 246 27 31 0.021672301 
224 211 12 17 0.021659516 
810 137 15 19 0.021605458 
619 178 14 19 0.021417724 
975 178 23 33 0.02141716 
841 68 16 22 0.0214029 
965 288 20 26 0.02138439 
253 326 15 18 0.02128288 
375 398 25 30 0.021058986 
1003 215 12 14 0.021052798 
877 92 11 13 0.02094052 
8 157 10 12 0.020931765 
578 131 14 19 0.020877099 
559 287 31 36 0.02083463 
815 53 10 13 0.020800577 
824 67 12 16 0.020521011 
613 115 13 15 0.020320287 
711 524 14 17 0.020268917 
295 294 15 18 0.020153848 
579 145 14 19 0.020106576 
906 156 15 21 0.020077642 
120 276 15 17 0.020043118 
