0_Parade_marchingband_1_267
269
467 223 30 35 0.9988527 
424 203 26 32 0.9982315 
166 246 32 37 0.9981261 
316 223 25 34 0.996858 
-3 216 33 50 0.9946865 
509 233 27 33 0.99433243 
354 235 25 33 0.9931733 
924 145 15 18 0.98526603 
585 224 25 33 0.985016 
564 139 16 17 0.98026216 
584 180 19 24 0.9514463 
805 139 17 19 0.95024586 
712 164 18 21 0.9368016 
507 196 20 24 0.9343995 
549 178 20 26 0.92200613 
646 156 16 18 0.917212 
622 175 17 21 0.90438545 
681 143 15 18 0.88538885 
833 148 13 15 0.82676345 
589 141 13 16 0.7814033 
964 131 12 15 0.71841455 
735 147 14 17 0.71681917 
763 156 13 14 0.71205926 
848 134 9 11 0.5375601 
710 187 15 20 0.4993925 
619 105 14 16 0.46172908 
654 187 16 19 0.44748762 
472 193 24 30 0.39965826 
989 141 10 13 0.39118552 
880 120 9 12 0.33336177 
605 209 16 21 0.27686775 
509 111 9 11 0.24585597 
584 94 9 11 0.20065296 
775 150 10 13 0.194311 
915 117 11 14 0.18957752 
704 150 11 13 0.13793248 
230 386 29 30 0.1365895 
637 103 11 13 0.13484778 
935 104 8 10 0.13115601 
677 200 13 19 0.1310245 
790 139 10 14 0.12888667 
630 107 10 13 0.12239151 
902 101 9 12 0.11974258 
486 87 9 13 0.11759637 
795 175 13 16 0.11199509 
654 191 22 27 0.10692446 
1001 110 8 11 0.10258114 
897 125 9 11 0.1025412 
269 60 10 13 0.096510075 
632 148 12 14 0.09226032 
660 153 13 17 0.09224961 
660 183 15 19 0.08673962 
997 140 10 13 0.07855567 
911 122 11 13 0.07630178 
961 127 10 13 0.075381674 
75 46 11 14 0.07050497 
489 102 8 12 0.07028873 
691 145 13 16 0.0684044 
983 147 10 13 0.06807826 
515 156 14 16 0.06705762 
941 133 10 12 0.065228514 
583 88 9 12 0.061724424 
472 70 10 12 0.061512012 
885 125 9 12 0.061418515 
944 76 10 12 0.061239388 
929 103 8 10 0.061112545 
241 388 17 19 0.060759515 
874 124 9 12 0.060700472 
971 133 10 13 0.060657717 
610 203 15 19 0.06034651 
925 75 9 11 0.05980831 
590 92 9 12 0.059548058 
433 109 9 12 0.05813712 
550 149 13 14 0.05576426 
480 104 9 11 0.055368807 
785 141 9 12 0.05392679 
407 117 9 13 0.052940805 
552 111 10 12 0.052574422 
681 94 9 10 0.05251216 
855 139 9 12 0.051516153 
582 116 9 13 0.051447924 
1006 109 9 12 0.051399935 
968 111 8 10 0.051331714 
975 150 11 13 0.05103214 
412 101 13 15 0.050471835 
949 72 10 12 0.050206006 
438 111 8 10 0.04978186 
470 102 10 13 0.048566375 
904 96 9 11 0.04821644 
576 94 10 12 0.04807863 
959 118 9 12 0.047244392 
1000 104 8 10 0.047131162 
592 88 10 12 0.046913262 
494 104 9 11 0.046732053 
502 115 10 13 0.045371767 
880 78 10 12 0.04423815 
557 115 10 13 0.043794807 
518 103 9 12 0.043773938 
730 148 12 16 0.043490537 
608 106 10 14 0.043357115 
918 112 10 13 0.042977445 
976 86 8 10 0.04215696 
597 88 9 11 0.041451644 
984 134 10 13 0.041350607 
559 144 15 16 0.04115669 
511 103 10 13 0.040968668 
973 155 11 13 0.040214423 
666 194 20 27 0.039372988 
780 149 9 12 0.039130647 
158 53 23 29 0.03876149 
746 148 12 15 0.038661376 
721 164 15 19 0.038650494 
666 186 15 20 0.03851128 
471 107 10 12 0.038222216 
911 88 9 10 0.03799976 
709 173 19 25 0.037696604 
612 124 14 17 0.03641662 
902 119 9 12 0.03624529 
966 118 9 10 0.0360373 
621 112 13 16 0.03596161 
549 365 25 32 0.03595387 
973 141 10 13 0.03544482 
496 108 8 10 0.03530213 
103 22 8 11 0.03460246 
749 142 10 13 0.0344138 
941 141 11 14 0.034410715 
951 149 9 13 0.034117963 
921 71 10 13 0.03397332 
685 151 14 17 0.033840854 
497 118 9 11 0.033790026 
753 135 8 10 0.033602364 
940 147 11 14 0.033456415 
959 102 8 10 0.03343927 
710 159 15 19 0.03334531 
477 69 10 12 0.033182047 
649 252 17 21 0.03300253 
861 88 8 9 0.03291918 
984 112 7 9 0.032819606 
969 85 8 10 0.032529958 
452 148 12 16 0.032507364 
952 96 9 11 0.032451376 
1007 103 9 11 0.032020368 
767 145 19 23 0.03197093 
824 124 10 12 0.031723898 
676 191 13 17 0.031697996 
408 110 11 14 0.030712854 
13 59 12 16 0.030200256 
913 112 9 12 0.029699601 
667 154 12 15 0.02933499 
532 87 10 11 0.029111343 
954 101 8 10 0.028821368 
303 221 24 31 0.028737785 
596 164 14 17 0.028733762 
1008 150 11 13 0.028684393 
457 72 8 10 0.028503312 
759 104 9 10 0.028503211 
1016 84 8 12 0.028414369 
631 116 11 14 0.028377034 
683 200 15 21 0.028282998 
921 101 8 10 0.027896702 
759 109 10 12 0.027874928 
959 63 9 11 0.02756977 
790 173 21 25 0.027528344 
445 138 13 18 0.027348127 
942 127 9 12 0.02716791 
64 60 10 13 0.02710172 
937 127 9 11 0.027009513 
456 78 8 10 0.02698975 
936 134 10 13 0.02664409 
218 373 32 36 0.026480606 
843 149 12 14 0.026355611 
600 76 9 10 0.026319807 
520 71 8 10 0.02627648 
664 108 10 13 0.026172223 
597 209 17 21 0.026127739 
798 137 11 14 0.026072053 
549 155 15 16 0.025897963 
421 102 10 14 0.025848377 
994 130 20 27 0.0258128 
45 51 11 15 0.025754396 
974 127 9 13 0.025595743 
1005 133 11 15 0.025469312 
202 219 27 33 0.025450125 
782 197 11 15 0.02540091 
321 103 7 9 0.02528409 
559 78 7 9 0.0252146 
525 142 13 15 0.025205182 
0 20 21 31 0.025134755 
880 113 9 12 0.02512951 
928 95 8 11 0.025124077 
857 87 8 10 0.025113976 
611 211 23 28 0.025061835 
77 62 12 17 0.025001593 
642 229 17 19 0.024960846 
841 127 10 12 0.024822842 
551 72 9 11 0.024780355 
608 77 8 10 0.024765588 
760 160 12 16 0.02474825 
739 187 12 15 0.024696885 
630 95 12 14 0.02464563 
466 101 9 12 0.024471872 
983 116 9 11 0.024395142 
816 94 9 10 0.02438658 
862 141 9 11 0.02437507 
84 22 11 12 0.02403391 
3 20 14 18 0.023847051 
916 132 13 15 0.023690164 
910 112 18 22 0.023680419 
791 162 13 16 0.02364542 
893 6 10 13 0.023570016 
463 77 8 10 0.02349064 
598 155 14 17 0.023439677 
550 100 10 13 0.023416728 
824 100 8 11 0.02340237 
852 128 10 13 0.023144914 
614 157 13 16 0.023071395 
640 159 14 18 0.022972902 
511 70 9 10 0.022957329 
552 375 14 19 0.02268629 
528 108 9 12 0.022656802 
991 96 8 10 0.022611745 
696 145 20 25 0.022394417 
505 80 8 10 0.022360543 
964 127 19 24 0.022301849 
552 76 9 11 0.022080688 
447 144 13 18 0.022015432 
986 136 19 22 0.021982986 
952 118 9 11 0.02175911 
983 86 8 10 0.021741727 
731 162 14 19 0.021728635 
663 103 9 11 0.021720057 
1015 141 9 13 0.021720055 
855 150 10 12 0.02171352 
822 95 9 10 0.021679662 
511 63 8 11 0.021515213 
794 167 13 15 0.02150784 
862 136 9 11 0.021434175 
999 114 9 12 0.02142684 
909 101 9 11 0.02134991 
459 141 16 17 0.021290153 
79 15 11 13 0.021256587 
440 117 9 12 0.021233765 
967 79 9 11 0.021137014 
934 69 9 12 0.021087311 
735 136 9 12 0.020971196 
961 111 8 10 0.020912403 
441 125 10 14 0.020886911 
968 103 9 11 0.020810504 
96 43 12 17 0.020809941 
373 132 9 13 0.020713849 
937 77 8 11 0.020551788 
844 128 18 22 0.020526925 
264 39 9 10 0.020520631 
991 102 8 9 0.020492818 
692 163 14 17 0.020486625 
475 190 18 19 0.020402074 
525 134 12 14 0.020339776 
627 99 17 21 0.020312075 
650 151 20 23 0.020256374 
800 143 15 17 0.020235937 
696 94 8 10 0.020219056 
623 150 11 14 0.020210516 
683 113 13 17 0.020165231 
1015 78 8 12 0.020131163 
589 166 15 17 0.020081868 
998 79 9 12 0.020077957 
678 86 10 12 0.020072332 
864 93 7 10 0.020034904 
711 115 10 13 0.020011632 
