0_Parade_marchingband_1_329
423
572 424 17 22 0.98849374 
135 313 22 27 0.9860153 
330 322 17 20 0.9846771 
447 415 21 27 0.97724986 
290 320 17 20 0.9766457 
715 371 22 28 0.97251433 
632 427 21 26 0.96960527 
190 311 22 26 0.96700376 
756 389 22 26 0.9644844 
836 326 19 23 0.9630281 
78 296 22 26 0.95752704 
567 340 14 18 0.9515432 
660 335 18 21 0.9479993 
414 321 15 17 0.9479014 
374 330 13 15 0.9323678 
251 382 22 26 0.92174435 
525 320 14 16 0.89208347 
510 427 18 23 0.8847135 
211 339 23 26 0.8684206 
683 329 18 22 0.86396646 
327 384 21 26 0.86033785 
639 309 18 21 0.84059757 
589 312 18 24 0.83879924 
179 392 24 26 0.82747924 
796 399 20 25 0.822531 
896 337 21 26 0.8131285 
388 378 22 26 0.80859804 
336 356 16 20 0.8014948 
479 317 15 16 0.7630938 
564 318 19 23 0.7423175 
783 349 21 25 0.74062425 
611 315 17 19 0.7339306 
543 325 13 16 0.73306227 
705 332 17 21 0.72532994 
354 360 16 21 0.70901144 
748 343 16 19 0.6510503 
626 400 14 18 0.58308905 
654 372 16 21 0.56441087 
507 337 13 15 0.55383015 
495 390 12 16 0.5362706 
643 346 16 20 0.49987388 
652 394 18 21 0.47061723 
572 307 16 18 0.44205445 
717 426 18 20 0.44198 
678 306 13 17 0.3998178 
693 306 15 18 0.39339963 
469 330 11 15 0.37310818 
391 347 13 16 0.36910537 
612 346 15 19 0.36824375 
580 311 20 26 0.36463204 
757 432 16 20 0.34007242 
445 323 13 15 0.31979197 
749 150 14 17 0.31913438 
523 359 14 18 0.31851247 
276 308 13 17 0.30545843 
401 324 11 14 0.28422803 
371 316 13 16 0.28325096 
440 363 12 16 0.28013256 
670 363 14 17 0.27322212 
280 381 19 23 0.26916897 
440 349 12 15 0.24097756 
782 302 23 25 0.22552921 
462 311 9 11 0.22335559 
157 328 19 22 0.22038312 
800 441 17 22 0.2136989 
292 359 13 16 0.21040463 
749 305 15 18 0.20096005 
190 350 18 22 0.19525777 
479 341 11 13 0.18538839 
767 337 13 16 0.17851102 
487 395 13 15 0.17180656 
786 290 24 28 0.16162734 
316 340 12 14 0.15602964 
394 424 16 19 0.15260011 
627 292 15 16 0.15030943 
607 344 14 19 0.14248748 
462 315 10 13 0.14150284 
678 388 14 19 0.14115427 
524 351 13 15 0.14053142 
711 346 13 16 0.13256454 
406 323 13 15 0.13118255 
742 387 13 17 0.12866041 
683 302 20 24 0.12469744 
78 282 25 31 0.12223379 
636 348 18 25 0.12153793 
264 425 17 21 0.11928148 
393 350 16 19 0.11863166 
736 345 13 16 0.11833658 
478 349 10 13 0.11664504 
610 390 18 22 0.114017725 
441 326 12 14 0.11328202 
464 325 11 16 0.11014463 
413 287 11 14 0.10852023 
796 92 25 28 0.10595132 
427 366 13 15 0.10505971 
413 310 13 15 0.10278299 
583 281 12 16 0.10163023 
81 271 18 21 0.10151287 
464 392 12 14 0.10131841 
367 428 19 25 0.10106678 
301 449 15 20 0.099552594 
398 330 12 15 0.09942844 
452 324 12 15 0.09727266 
217 333 17 19 0.09612659 
518 403 16 18 0.09320249 
351 340 13 15 0.0919407 
301 301 9 12 0.09119961 
782 394 14 18 0.08993754 
443 357 12 17 0.089593 
614 327 14 18 0.08831759 
830 278 23 29 0.08637159 
670 389 13 17 0.08547845 
113 247 17 20 0.084894404 
297 316 14 18 0.082450666 
455 332 10 13 0.08109092 
526 343 11 15 0.0808349 
791 389 23 28 0.07874004 
686 368 13 19 0.076900415 
373 285 10 13 0.07628028 
714 338 14 17 0.07593753 
753 300 14 17 0.07483674 
555 161 14 16 0.074519 
310 334 14 17 0.074400604 
432 270 8 10 0.07236766 
701 372 14 18 0.07216966 
478 331 13 15 0.071196266 
413 394 16 20 0.07088726 
447 340 10 12 0.07058064 
437 280 10 12 0.069460794 
660 365 14 18 0.06883532 
484 340 11 14 0.06798357 
300 310 11 13 0.06559193 
645 334 13 16 0.06475091 
472 268 9 12 0.064492136 
747 378 16 20 0.06398388 
676 358 14 17 0.06330135 
579 270 12 13 0.061624505 
492 349 12 15 0.06155505 
311 317 10 14 0.0606352 
524 312 14 15 0.060033005 
112 268 28 37 0.05948428 
528 319 19 21 0.058825642 
725 346 14 17 0.058613572 
389 362 16 19 0.057674717 
356 351 14 17 0.05751804 
352 268 8 11 0.05618739 
351 282 10 13 0.055500288 
964 253 10 12 0.055292964 
637 301 16 19 0.0549956 
389 371 16 20 0.05473296 
743 314 13 16 0.054604765 
195 357 18 23 0.054513127 
391 269 9 10 0.054382935 
465 305 8 10 0.054328475 
397 341 13 17 0.053683482 
870 323 14 20 0.05346616 
390 283 10 13 0.05337049 
186 384 25 30 0.052939165 
284 365 22 29 0.052910436 
259 495 27 31 0.052845918 
532 388 13 15 0.052245744 
487 349 11 14 0.051941868 
472 283 9 12 0.05175397 
787 341 16 19 0.051440448 
470 302 8 10 0.05143926 
666 341 15 19 0.051159203 
581 121 18 20 0.051014677 
618 323 14 17 0.050178513 
453 287 11 12 0.0499981 
654 333 15 19 0.04974215 
476 354 12 14 0.049658626 
159 338 21 26 0.04930969 
755 315 13 17 0.04865272 
534 349 12 17 0.048328016 
683 341 15 19 0.04793747 
454 340 10 13 0.047781434 
626 160 16 20 0.04748175 
636 291 12 16 0.047352467 
657 387 17 20 0.047271334 
717 355 14 18 0.04718641 
364 349 15 18 0.046532992 
525 389 14 17 0.04628912 
339 366 16 21 0.045886144 
782 314 22 26 0.04542932 
466 325 20 24 0.04537562 
471 337 13 16 0.044744883 
590 282 12 16 0.044318378 
301 425 15 20 0.044229437 
548 438 13 15 0.04395564 
246 354 16 19 0.043689504 
287 362 15 18 0.043446384 
793 142 12 15 0.043213557 
645 411 14 18 0.04314654 
662 427 25 30 0.043139927 
749 437 22 26 0.043120854 
439 343 11 14 0.04290283 
288 294 9 11 0.042176154 
716 363 18 22 0.042071197 
508 357 11 14 0.04197568 
431 348 12 15 0.041959208 
433 279 9 12 0.041951235 
369 324 14 17 0.04172723 
477 419 24 31 0.041683804 
557 285 14 16 0.041375667 
761 331 21 27 0.041266833 
432 326 9 13 0.04092698 
689 324 15 20 0.040844694 
202 363 17 20 0.04068109 
484 313 12 13 0.04046533 
552 281 22 28 0.04028654 
471 318 11 13 0.040120512 
684 155 23 29 0.039816394 
211 383 16 21 0.039716266 
622 297 16 18 0.039582316 
203 270 13 16 0.038635347 
772 346 21 25 0.03863071 
369 311 10 14 0.03854659 
443 406 21 27 0.037968703 
492 340 11 14 0.037826706 
261 479 28 35 0.037723836 
666 352 20 24 0.037683506 
631 352 15 21 0.03755395 
200 348 21 26 0.037483398 
564 285 11 14 0.037429843 
756 379 18 22 0.036992636 
781 331 16 18 0.03687335 
550 298 13 17 0.036311015 
384 283 9 13 0.036302865 
478 282 9 13 0.036191553 
509 345 13 16 0.03612498 
675 365 16 20 0.035462357 
262 376 22 29 0.035393175 
455 317 10 14 0.034868978 
521 408 17 22 0.034827907 
399 279 9 12 0.034617472 
541 440 16 19 0.03447232 
303 296 9 11 0.03440245 
339 153 14 18 0.03430184 
261 508 18 21 0.034267254 
647 401 23 27 0.03407597 
257 372 17 20 0.03402978 
381 355 15 18 0.03389945 
800 289 15 18 0.033816826 
517 388 14 17 0.033691317 
202 309 22 31 0.03365658 
414 302 11 14 0.03361128 
699 353 17 20 0.033604745 
287 327 15 17 0.033602897 
432 317 9 13 0.033570055 
629 395 20 25 0.033331722 
618 338 16 20 0.033326905 
701 341 22 25 0.03324233 
617 309 16 19 0.033182003 
518 382 11 14 0.033165637 
162 349 18 23 0.033005256 
404 329 12 15 0.032949127 
766 354 14 18 0.032941747 
202 373 22 26 0.032864515 
760 438 17 23 0.032511715 
644 427 24 30 0.03245627 
441 317 11 13 0.03239971 
455 349 11 15 0.03231453 
372 354 15 18 0.03203559 
184 446 18 20 0.032009523 
403 346 13 17 0.031994276 
642 320 15 17 0.03181749 
384 348 13 16 0.031435017 
356 283 9 12 0.031370413 
678 345 14 19 0.031173728 
662 354 14 18 0.031141069 
639 417 23 30 0.031032415 
304 341 12 15 0.030932792 
630 309 15 19 0.03092823 
494 287 10 12 0.030781139 
437 404 16 19 0.030627843 
520 349 21 26 0.030576326 
566 360 12 16 0.03045583 
468 400 16 21 0.030449208 
744 349 22 28 0.030431556 
382 339 12 15 0.030421542 
589 163 13 16 0.030283168 
755 332 16 19 0.030212715 
573 283 12 15 0.030132733 
423 303 8 12 0.029982816 
520 311 11 13 0.029917084 
462 338 13 15 0.029861623 
622 406 14 17 0.029736677 
588 346 12 15 0.029550582 
649 352 15 19 0.029439744 
350 395 14 18 0.029421825 
442 316 21 25 0.029339215 
334 287 10 12 0.029043388 
454 357 12 16 0.028593197 
489 292 9 12 0.028565725 
551 348 12 16 0.028415516 
111 250 25 29 0.028262367 
318 317 11 14 0.028195433 
508 327 12 15 0.028184775 
690 336 13 17 0.028073734 
680 286 11 13 0.027678391 
655 267 11 13 0.027557885 
591 303 12 15 0.027471175 
755 352 15 19 0.02740994 
333 292 10 14 0.027366828 
526 290 13 16 0.02732691 
179 345 23 27 0.027289823 
742 299 14 17 0.027013892 
547 338 14 18 0.026918218 
699 313 12 16 0.02681094 
738 441 17 20 0.026777588 
683 312 21 25 0.02659446 
309 344 14 18 0.026492648 
777 466 18 23 0.026319087 
494 334 11 14 0.02629422 
154 354 18 21 0.026236521 
709 371 18 22 0.026235279 
504 327 11 14 0.02622838 
622 285 14 16 0.026208555 
789 381 16 19 0.026155183 
511 317 10 13 0.026022503 
525 380 12 15 0.026003364 
618 350 16 21 0.025961775 
470 309 9 12 0.025898527 
333 312 13 16 0.025844181 
734 460 14 16 0.025843874 
607 330 14 18 0.025622653 
569 458 25 28 0.025603505 
430 355 13 17 0.025335336 
749 295 14 18 0.02523383 
901 371 12 17 0.025186025 
456 302 9 12 0.025029704 
461 391 18 24 0.02487098 
171 362 15 19 0.024844259 
422 349 11 15 0.024835117 
578 302 14 18 0.024827931 
742 370 14 19 0.024821967 
755 322 15 18 0.024709072 
225 346 13 16 0.024657216 
429 387 15 19 0.024612367 
591 290 11 14 0.024563238 
446 129 58 76 0.024450002 
170 351 16 21 0.024445752 
756 341 21 26 0.024416767 
519 459 25 30 0.024411544 
285 338 15 18 0.024296703 
794 338 15 17 0.024243033 
317 378 16 20 0.02418429 
803 392 22 28 0.024111798 
141 256 14 17 0.024097959 
835 372 22 31 0.023980385 
284 310 13 17 0.023854963 
420 292 9 12 0.023854718 
685 378 15 21 0.023723926 
666 377 16 23 0.023686247 
310 324 12 15 0.023590002 
472 360 12 18 0.023506397 
395 326 20 24 0.023489268 
420 309 10 13 0.023445677 
560 317 14 19 0.023425817 
436 347 18 25 0.023164496 
420 386 14 19 0.023101527 
526 300 12 13 0.023046102 
85 262 24 31 0.023033218 
541 336 14 18 0.023006164 
222 411 15 19 0.022883108 
344 279 9 11 0.022809545 
214 324 15 19 0.02279286 
334 432 17 19 0.022733293 
469 378 14 17 0.022641376 
486 345 21 24 0.022623565 
447 354 20 25 0.022598935 
333 371 16 20 0.022568123 
600 346 14 17 0.022451257 
287 300 10 13 0.022441052 
271 333 12 15 0.022431776 
546 318 13 17 0.022422247 
859 401 15 20 0.022367436 
414 280 10 12 0.022321995 
567 278 21 27 0.022285303 
295 296 10 12 0.022275386 
246 317 551 476 0.02227177 
424 370 14 18 0.02220449 
772 321 23 28 0.022159666 
336 379 16 21 0.022056622 
532 342 13 16 0.021934982 
460 348 12 15 0.021866444 
471 296 8 10 0.021826012 
391 332 11 15 0.02176973 
420 404 12 17 0.021750815 
425 269 8 10 0.021671977 
683 355 13 18 0.021664098 
687 214 15 19 0.021591116 
334 300 10 12 0.021507949 
597 328 14 18 0.021506017 
776 299 15 20 0.021479774 
503 348 12 14 0.021460421 
838 418 12 15 0.021403108 
102 240 23 28 0.021353243 
518 342 12 16 0.021348394 
690 368 19 26 0.021304108 
765 326 13 16 0.021283645 
803 261 16 17 0.021225894 
576 274 12 17 0.021205585 
463 413 23 28 0.02119191 
711 318 12 16 0.021190856 
375 301 9 11 0.021186493 
646 371 16 20 0.021159533 
638 387 13 17 0.020962294 
478 397 13 17 0.020858191 
385 270 9 10 0.020780854 
278 324 11 15 0.020737052 
701 362 15 19 0.020607034 
592 259 11 12 0.02055601 
512 310 10 13 0.020543015 
196 342 15 20 0.020541545 
245 379 19 24 0.02037729 
492 318 11 14 0.020345056 
746 318 21 26 0.020297853 
122 256 14 19 0.02020145 
183 314 16 20 0.020176511 
406 284 20 26 0.020063916 
649 411 24 30 0.020043204 
437 270 9 11 0.020001464 
