0_Parade_marchingband_1_139
81
695 261 170 118 0.9958171 
459 103 28 37 0.97426414 
393 88 33 46 0.93481386 
855 90 62 74 0.89418834 
307 48 35 39 0.7421297 
630 196 264 235 0.58162683 
46 69 68 88 0.5226525 
231 91 32 36 0.51433647 
712 124 46 50 0.37555763 
674 79 21 31 0.30502176 
465 103 100 142 0.2789199 
708 128 32 34 0.2778649 
363 192 32 35 0.27173138 
779 82 25 33 0.18073 
782 129 26 33 0.18051514 
793 109 48 56 0.17729461 
691 79 19 26 0.16051854 
755 290 131 141 0.1333773 
683 82 18 24 0.123766094 
10 57 97 134 0.09921062 
75 81 40 49 0.09326095 
699 74 16 24 0.09175273 
125 86 54 74 0.08335649 
452 100 49 65 0.07928003 
806 102 60 72 0.077666834 
248 87 27 34 0.07611282 
803 83 29 36 0.070087984 
42 94 94 118 0.06785778 
312 103 51 61 0.067114756 
786 77 15 18 0.061272472 
259 138 34 42 0.060142655 
817 96 90 107 0.054314017 
408 94 42 54 0.047485687 
460 127 67 90 0.04714329 
325 132 48 55 0.04618574 
321 87 37 43 0.045680918 
745 117 16 17 0.041754853 
399 108 33 45 0.04174598 
147 199 25 31 0.041125298 
253 68 26 35 0.039045904 
796 81 54 64 0.03755465 
737 118 28 33 0.037410606 
284 50 39 46 0.03728103 
35 50 56 83 0.03474206 
416 86 28 38 0.03418959 
444 103 31 39 0.032415185 
778 96 45 52 0.03218518 
-48 6 385 463 0.030815683 
246 88 44 55 0.030110583 
162 91 35 43 0.029901035 
204 66 25 30 0.029388713 
343 174 47 53 0.029203508 
119 96 88 101 0.02868471 
667 76 38 45 0.028305514 
395 281 102 157 0.028275294 
432 72 176 216 0.02807979 
331 116 33 37 0.028078444 
0 61 57 80 0.027986811 
146 117 55 63 0.027206361 
-7 200 85 129 0.027013978 
220 97 48 52 0.026444137 
257 107 49 60 0.024920676 
258 61 15 18 0.024595631 
427 83 16 22 0.024291938 
43 66 35 50 0.024009805 
266 94 16 21 0.023357103 
354 -32 437 478 0.022496311 
669 81 17 25 0.02223126 
744 123 32 38 0.022200806 
349 208 31 34 0.022018194 
775 137 16 21 0.021995077 
88 52 83 112 0.021169275 
799 97 33 40 0.021142302 
392 127 45 61 0.021083642 
320 167 50 58 0.020991353 
213 74 28 34 0.020734457 
340 224 28 33 0.02045572 
478 147 32 36 0.02039118 
221 119 32 38 0.020232003 
228 102 20 25 0.020139279 
281 183 80 107 0.020091146 
