0_Parade_marchingband_1_172
850
853 182 28 35 0.999065 
244 165 33 42 0.9987889 
748 125 23 29 0.9942419 
114 83 23 29 0.99397004 
374 108 23 29 0.99163216 
570 238 38 53 0.9901446 
931 86 16 22 0.9808271 
563 132 22 27 0.9756471 
509 143 25 30 0.97544324 
672 178 26 32 0.97180635 
279 93 21 26 0.9670854 
697 137 23 28 0.9633752 
305 76 18 24 0.962262 
872 102 19 22 0.9618664 
651 105 19 23 0.9564903 
541 68 16 19 0.95385826 
778 100 22 28 0.95196253 
252 94 21 25 0.94325644 
250 46 17 22 0.9408413 
986 130 20 22 0.93423384 
495 110 19 23 0.92375714 
588 78 16 19 0.9226542 
842 100 19 24 0.9204292 
811 77 16 21 0.9184911 
229 85 18 23 0.91759884 
591 111 23 26 0.915857 
525 95 19 23 0.9154512 
713 100 19 23 0.9101269 
197 95 18 22 0.90512615 
442 70 18 21 0.90205276 
440 106 22 25 0.89715475 
944 126 23 27 0.8938666 
406 64 14 19 0.8879959 
781 190 31 33 0.8805595 
489 68 16 20 0.87544584 
330 89 16 20 0.8732798 
881 169 23 28 0.87035936 
606 47 14 18 0.8611985 
171 81 21 25 0.84708154 
560 48 16 21 0.840794 
69 31 15 20 0.8384461 
372 83 18 22 0.8232375 
954 84 16 20 0.8130686 
926 36 11 15 0.8020062 
466 37 14 18 0.80142874 
906 98 17 22 0.779601 
653 41 13 17 0.77589184 
1004 73 18 22 0.7746196 
278 171 24 34 0.7641023 
646 75 15 18 0.760325 
695 75 15 20 0.75090903 
202 36 15 18 0.7502926 
148 1 15 18 0.7325583 
0 33 12 19 0.70655835 
487 4 13 16 0.7010871 
772 26 13 16 0.69661117 
505 49 15 18 0.69563615 
49 73 14 17 0.6835387 
840 27 12 14 0.6803731 
330 121 21 25 0.67911 
677 56 13 16 0.653226 
784 43 14 17 0.64914334 
113 27 14 18 0.63976026 
315 21 13 15 0.634948 
811 34 11 14 0.6316893 
728 36 11 14 0.6253564 
814 162 26 29 0.60555476 
299 2 13 17 0.6015905 
205 116 18 21 0.5920031 
74 82 17 23 0.5869044 
743 47 12 15 0.5744373 
599 12 13 16 0.5729616 
126 20 13 17 0.54369473 
890 139 21 27 0.5408185 
387 150 29 35 0.53282416 
871 596 102 154 0.5115196 
18 4 11 14 0.48807886 
578 33 14 17 0.48794708 
798 20 11 14 0.48365498 
519 6 13 17 0.48190376 
871 75 11 13 0.48028016 
142 0 15 15 0.47363296 
286 38 14 17 0.46528006 
822 21 10 13 0.46287027 
579 6 11 13 0.46186516 
952 55 12 15 0.4559891 
969 117 16 21 0.44611022 
318 11 12 14 0.44148117 
997 34 14 17 0.44138917 
565 19 12 14 0.4335326 
750 27 10 13 0.43225974 
632 46 10 13 0.4273673 
853 150 22 27 0.42351255 
48 10 14 16 0.42175183 
400 11 13 15 0.41833428 
904 38 11 13 0.41650057 
287 66 15 16 0.4100008 
484 29 13 16 0.40254867 
87 15 12 14 0.39940932 
383 13 10 13 0.39612058 
537 135 18 23 0.39462736 
426 11 14 16 0.3816721 
309 60 15 19 0.36315966 
819 81 12 17 0.34041625 
320 7 11 13 0.33947122 
70 3 14 15 0.33812815 
632 23 11 14 0.3376779 
511 67 14 19 0.33677033 
340 5 11 12 0.33148643 
280 4 12 15 0.32153258 
100 -1 15 14 0.32019922 
274 145 28 32 0.31574395 
462 10 13 16 0.31184527 
341 28 11 14 0.301003 
0 108 21 32 0.29691577 
353 13 12 14 0.29618785 
911 74 12 14 0.29411778 
671 54 14 16 0.29310745 
243 88 21 27 0.29227933 
1 3 11 16 0.29045606 
264 68 13 18 0.290415 
210 65 14 17 0.29028788 
737 16 10 13 0.2880902 
370 68 15 18 0.28764588 
377 42 12 14 0.28654233 
95 61 13 17 0.28458098 
608 26 10 13 0.28302917 
919 19 13 16 0.28242943 
140 65 13 17 0.28020447 
674 13 13 16 0.27980405 
265 94 20 27 0.27873468 
559 18 12 15 0.27309865 
408 29 10 12 0.2722462 
551 107 15 20 0.27132344 
444 23 12 13 0.27034461 
300 10 14 18 0.26929256 
14 67 13 16 0.2685081 
694 28 11 13 0.2683738 
444 37 14 16 0.2617695 
269 6 12 15 0.2614211 
705 192 19 23 0.25975496 
317 119 22 28 0.24286309 
335 13 9 12 0.2355995 
716 22 12 15 0.23030835 
923 14 11 14 0.22660874 
864 14 12 13 0.2265716 
890 170 25 32 0.22487412 
245 1 12 14 0.22127374 
334 20 11 13 0.21954554 
400 103 16 23 0.21906208 
182 1 12 12 0.21804528 
604 21 12 14 0.20907943 
544 134 21 26 0.2025365 
210 131 23 30 0.20030509 
198 185 27 34 0.2002046 
371 5 13 15 0.19894157 
374 10 11 15 0.19806416 
551 20 11 14 0.19796215 
441 136 23 30 0.19641133 
518 19 13 16 0.19314201 
667 148 22 27 0.18955252 
613 28 9 13 0.1868992 
528 140 20 26 0.18641599 
884 30 10 12 0.18591794 
167 48 15 17 0.18293303 
208 180 27 33 0.17985053 
857 28 11 13 0.17227726 
696 14 10 12 0.17149228 
711 69 11 14 0.16996606 
523 37 13 17 0.16660234 
246 242 43 44 0.16417459 
36 0 14 13 0.15955435 
544 28 10 13 0.15616845 
885 36 10 13 0.15534407 
240 0 11 11 0.15484597 
919 27 12 14 0.15403569 
215 13 10 11 0.15072474 
967 68 11 14 0.14520676 
390 105 20 27 0.1443055 
765 22 13 15 0.1439777 
416 81 13 17 0.14346083 
540 338 55 64 0.13882545 
775 83 13 16 0.13880007 
869 19 12 13 0.1378275 
821 110 15 21 0.13732539 
1013 30 9 14 0.13723293 
878 23 9 11 0.13721663 
683 222 28 32 0.13698024 
901 30 12 15 0.1358861 
602 199 26 33 0.13411185 
132 124 26 35 0.13384242 
693 20 11 15 0.13188355 
628 13 10 13 0.13170373 
818 0 10 11 0.12968123 
403 7 13 15 0.12935829 
508 55 16 20 0.12915687 
214 42 13 17 0.12678128 
830 71 12 15 0.12544815 
846 65 12 15 0.12531696 
866 169 27 33 0.12498253 
212 37 13 16 0.12366252 
283 10 14 17 0.12360817 
404 18 13 16 0.12097816 
388 11 11 15 0.11973366 
117 22 15 20 0.11962247 
370 91 23 28 0.11933911 
116 62 15 18 0.117928244 
215 30 10 13 0.11749649 
837 7 10 12 0.11583969 
573 86 13 17 0.115065865 
647 11 11 14 0.114785396 
21 45 13 15 0.11463525 
1003 33 14 19 0.11416072 
458 132 15 19 0.11016457 
742 21 10 13 0.10993375 
816 4 10 14 0.10837113 
761 14 10 11 0.10832843 
758 30 10 12 0.10766243 
978 123 20 26 0.10519416 
204 124 23 28 0.10500956 
325 11 11 13 0.10321795 
774 75 13 16 0.10296876 
956 123 20 26 0.10187259 
907 42 11 14 0.099891216 
381 6 13 16 0.099565595 
56 90 11 15 0.09919171 
481 21 12 15 0.09838787 
823 14 10 13 0.09812993 
61 87 13 18 0.097614154 
349 5 12 14 0.09731931 
13 44 13 16 0.09667064 
601 45 13 16 0.09609629 
119 -1 12 11 0.09597107 
971 61 12 14 0.095969066 
880 27 10 13 0.095692284 
189 0 13 13 0.09484316 
654 19 10 13 0.09449664 
308 122 22 29 0.094133794 
913 95 15 21 0.09394076 
173 61 13 17 0.0936202 
196 1 12 12 0.092614464 
285 18 13 16 0.092601314 
349 0 10 10 0.09244509 
273 0 10 11 0.09168853 
223 4 10 12 0.09138068 
453 43 12 16 0.091098085 
1002 172 19 30 0.09071637 
424 17 11 14 0.09030959 
176 2 12 15 0.089507185 
458 308 226 311 0.087138005 
804 58 14 17 0.08702539 
491 26 13 17 0.08668792 
481 6 13 16 0.08623379 
206 3 13 14 0.08584704 
556 110 22 27 0.085487455 
745 28 10 13 0.08490528 
835 76 13 16 0.08377881 
367 1 11 11 0.08357895 
277 1 11 11 0.08305323 
639 81 15 18 0.08287434 
890 131 17 22 0.08248877 
466 6 12 15 0.08186454 
946 186 19 21 0.08151347 
860 142 15 18 0.08146322 
230 0 10 11 0.08130733 
89 18 14 17 0.08121128 
212 50 13 17 0.0799333 
309 12 13 17 0.07990709 
459 16 15 17 0.07969665 
900 107 18 22 0.07943138 
165 66 14 17 0.07916422 
343 1 11 11 0.07892092 
587 35 13 17 0.07828461 
651 71 11 16 0.0779805 
269 24 13 18 0.07788696 
451 135 18 23 0.07785608 
430 0 11 11 0.07688541 
524 28 13 18 0.07582484 
278 154 29 41 0.07551155 
238 30 11 14 0.07534532 
847 8 9 11 0.07449296 
759 38 9 11 0.07403374 
249 112 18 21 0.07369807 
765 75 12 15 0.07341786 
460 48 14 16 0.07273481 
494 20 14 18 0.07260347 
741 152 17 20 0.07233948 
881 148 24 30 0.07113805 
0 77 8 16 0.071076 
830 90 12 15 0.07058865 
270 50 12 15 0.0701776 
434 147 25 30 0.0701665 
178 95 14 20 0.0701218 
1006 115 14 17 0.069724426 
141 100 15 20 0.069704756 
623 28 11 13 0.06901198 
614 3 12 13 0.06880697 
285 48 15 18 0.06873125 
218 142 23 34 0.06855517 
409 0 10 9 0.06842899 
491 9 14 17 0.067515425 
348 51 10 14 0.0673795 
215 18 13 16 0.06656914 
699 70 14 19 0.06650445 
372 1 12 11 0.066228166 
701 46 11 13 0.06609444 
213 7 11 12 0.065618984 
764 83 13 18 0.06516312 
179 66 13 17 0.06482906 
52 80 13 18 0.064771816 
856 22 10 13 0.063543655 
978 240 25 32 0.063151084 
688 28 11 13 0.06314116 
134 2 13 15 0.06287668 
18 61 13 15 0.06281952 
732 30 11 13 0.06270903 
593 14 11 14 0.061929174 
800 61 12 15 0.06191073 
177 104 14 20 0.061778866 
717 14 10 12 0.06169899 
573 126 20 29 0.06168846 
419 41 13 18 0.061412998 
848 161 28 37 0.061133213 
803 68 18 23 0.060787305 
21 38 12 15 0.060187336 
601 115 18 24 0.06003772 
863 157 26 32 0.05996193 
369 72 19 25 0.059874278 
252 0 13 13 0.05987008 
957 2 13 14 0.059855025 
200 30 13 16 0.059324026 
794 21 10 14 0.059021864 
855 7 10 11 0.058789052 
412 73 14 18 0.058354016 
274 130 23 28 0.058011133 
335 1 9 11 0.057954807 
461 29 14 17 0.057842318 
47 81 12 15 0.05765806 
612 249 28 43 0.057592213 
233 14 10 13 0.05758 
454 50 13 15 0.057438113 
840 33 11 13 0.05729052 
398 94 15 17 0.057249818 
700 21 10 12 0.057120927 
188 91 19 26 0.05708785 
721 37 12 13 0.05696866 
195 144 15 21 0.056886856 
910 29 11 14 0.05621583 
28 76 12 15 0.05610686 
623 46 10 13 0.0560127 
620 152 16 20 0.055700224 
382 62 12 15 0.055554077 
593 0 9 10 0.055279415 
837 68 12 15 0.05462577 
991 67 12 15 0.054592893 
575 10 11 13 0.05446389 
855 12 11 13 0.054168887 
83 65 15 18 0.054151203 
841 154 23 30 0.05382714 
744 38 12 14 0.05377152 
748 36 11 13 0.053702824 
536 223 26 36 0.053560812 
412 20 11 15 0.053559016 
314 105 16 21 0.052521084 
17 125 17 21 0.052034814 
326 0 10 11 0.0518649 
292 160 28 36 0.051668968 
47 89 11 14 0.051566612 
76 10 14 16 0.05150639 
320 2 11 11 0.05118785 
388 62 12 15 0.05102973 
642 85 17 20 0.050873984 
713 27 10 13 0.050864823 
476 37 12 16 0.050651427 
582 116 23 31 0.050491877 
284 72 17 20 0.05047933 
500 23 13 17 0.050242495 
809 6 9 12 0.049863867 
454 26 12 15 0.049695 
15 29 12 16 0.049331028 
4 10 12 14 0.049274247 
862 33 12 15 0.049172483 
608 150 21 27 0.049170222 
796 137 17 23 0.04914663 
760 20 11 13 0.04911266 
614 83 12 17 0.048867173 
64 83 18 23 0.048721418 
219 163 24 33 0.04869256 
326 21 11 14 0.04867337 
678 64 13 16 0.048448674 
194 194 20 25 0.048213586 
434 165 16 21 0.04813592 
897 35 11 15 0.047736187 
491 77 14 19 0.04760858 
84 0 13 14 0.04752022 
590 19 11 14 0.04744461 
42 0 16 14 0.04701586 
186 151 20 28 0.046904244 
744 179 26 28 0.046821054 
806 15 9 12 0.04680224 
871 29 11 13 0.04670335 
583 24 12 14 0.046699926 
309 99 14 19 0.04658926 
974 83 13 19 0.046566475 
3 38 14 19 0.04647025 
543 35 12 15 0.046461456 
700 14 10 13 0.04634616 
491 151 14 21 0.046332147 
399 63 14 18 0.04627461 
782 1 9 11 0.0461801 
181 162 17 21 0.046111565 
962 87 15 19 0.046088967 
355 18 12 14 0.045666877 
648 31 11 13 0.045593888 
798 181 27 31 0.04522926 
379 67 13 17 0.04511002 
861 7 11 13 0.045001473 
627 174 17 22 0.04497154 
663 27 11 14 0.0447996 
660 155 21 26 0.04411402 
831 11 11 15 0.044109076 
30 1 13 15 0.043694317 
607 0 12 10 0.043591455 
799 67 13 17 0.0433694 
326 102 22 28 0.043349765 
688 14 11 14 0.043052804 
478 72 15 21 0.042891085 
309 161 23 33 0.04278822 
411 13 12 16 0.042768367 
894 11 9 12 0.042704057 
219 27 11 15 0.042645127 
357 6 13 15 0.042625792 
826 154 24 30 0.04257336 
588 95 23 29 0.042538833 
604 99 14 18 0.042524967 
115 424 41 42 0.042219725 
678 26 13 15 0.041895885 
94 76 13 16 0.041848898 
315 114 17 22 0.04170785 
285 29 15 17 0.0415985 
23 74 12 16 0.04152996 
772 90 15 19 0.041182466 
963 74 14 18 0.041129842 
439 42 11 15 0.040883992 
420 77 13 18 0.04080713 
92 0 17 18 0.04072582 
271 117 23 29 0.040668808 
626 149 16 20 0.040624566 
621 0 10 10 0.04051169 
576 1 11 12 0.040446628 
972 125 16 20 0.040306546 
720 54 12 14 0.03999983 
110 64 14 18 0.039658446 
25 85 11 15 0.039610747 
581 86 16 20 0.039396532 
711 175 23 30 0.039305475 
1005 165 14 20 0.039271902 
669 83 12 15 0.03899885 
902 49 12 16 0.0389693 
610 118 17 23 0.038858734 
368 10 12 15 0.038751647 
571 21 12 14 0.03874971 
189 19 12 14 0.0386292 
780 70 11 14 0.03855416 
630 7 10 12 0.038506247 
441 27 13 14 0.03841272 
515 50 14 19 0.03818978 
696 46 11 14 0.03804017 
317 35 14 15 0.038017184 
721 174 17 23 0.0378849 
631 169 23 29 0.03781622 
278 60 13 16 0.03767331 
415 37 11 15 0.03765788 
218 37 13 16 0.037584104 
670 77 12 15 0.037535887 
567 26 11 14 0.037473835 
846 120 12 17 0.037232 
517 2 12 14 0.03710435 
660 40 10 14 0.036783084 
992 42 12 15 0.03676942 
735 45 11 14 0.03665212 
74 109 13 18 0.036597103 
359 0 10 10 0.03659069 
854 143 14 17 0.036502015 
212 0 11 11 0.036408212 
83 147 17 21 0.036342915 
14 8 13 16 0.036263656 
652 159 20 26 0.036121894 
530 84 15 18 0.03610579 
367 63 13 16 0.036028888 
0 69 8 15 0.035853963 
512 22 12 16 0.03580728 
799 54 11 13 0.03578109 
229 105 15 21 0.035691094 
197 60 14 18 0.035625674 
861 0 10 10 0.03551113 
716 58 13 16 0.03539018 
624 22 11 14 0.035362404 
732 81 15 19 0.03534254 
781 60 11 13 0.035304014 
265 9 14 18 0.035272468 
812 53 12 15 0.03502825 
555 150 18 22 0.034640886 
597 0 11 10 0.034609124 
684 182 25 32 0.034595847 
307 5 13 15 0.034472793 
234 19 13 16 0.034285314 
676 47 14 17 0.03424293 
898 182 19 24 0.034121826 
909 131 13 18 0.034119874 
829 2 19 24 0.034100454 
252 447 55 70 0.034013264 
199 135 21 28 0.033976875 
315 53 14 18 0.033924773 
830 37 10 12 0.033904467 
886 125 16 20 0.03389175 
812 42 13 14 0.03373796 
348 8 21 24 0.033734366 
766 33 11 14 0.033732403 
445 62 14 16 0.033724837 
979 153 16 21 0.033590525 
652 94 15 18 0.03348808 
622 6 11 12 0.033478636 
200 -1 22 23 0.033403628 
101 6 15 18 0.033402964 
677 76 10 13 0.033136692 
727 15 9 12 0.03311815 
221 75 14 18 0.03309002 
752 169 24 31 0.03307201 
585 29 12 15 0.033030726 
829 20 11 14 0.03298271 
598 38 12 15 0.032974735 
598 14 19 23 0.032973364 
805 169 27 32 0.03279614 
740 183 18 22 0.03275311 
783 149 26 29 0.032684695 
786 137 23 29 0.03265528 
777 1 9 9 0.032607865 
897 146 19 24 0.032593567 
235 236 35 40 0.03256674 
180 -1 19 21 0.032523423 
213 71 14 18 0.03237553 
187 66 12 15 0.032321565 
574 40 13 18 0.03230423 
59 68 13 16 0.032208182 
900 33 18 23 0.032111075 
666 166 24 33 0.032105856 
384 2 19 24 0.032054517 
773 118 18 24 0.031963237 
387 170 24 33 0.031955656 
533 0 10 10 0.031812694 
130 14 13 17 0.031799614 
918 85 14 18 0.03168368 
605 5 12 13 0.031617492 
587 133 17 22 0.031604398 
208 11 12 13 0.03154945 
517 189 30 35 0.03146934 
0 60 8 14 0.031457104 
461 75 12 17 0.031453706 
864 70 11 16 0.03136414 
980 145 17 20 0.03132275 
316 2 19 23 0.031233024 
244 118 18 21 0.030936822 
211 447 55 79 0.030930875 
822 35 11 14 0.030920433 
995 210 26 33 0.030884586 
208 96 16 21 0.030708006 
632 0 10 10 0.030657146 
848 52 13 16 0.030586928 
740 76 14 18 0.030472357 
437 75 17 21 0.030408792 
814 114 14 19 0.030405814 
870 80 14 17 0.030359605 
924 8 11 13 0.030335048 
914 114 13 17 0.030304262 
661 93 12 15 0.030204233 
780 23 10 13 0.030103086 
219 12 11 14 0.030048914 
183 12 11 14 0.030026698 
667 23 15 17 0.030016925 
839 1 11 12 0.03001076 
650 5 13 14 0.029977618 
689 5 10 13 0.02997472 
340 123 21 29 0.02996621 
446 52 13 14 0.029921368 
699 88 13 18 0.029811053 
282 84 19 22 0.02980019 
202 424 91 124 0.029739339 
780 94 16 20 0.029586853 
710 6 11 13 0.029462423 
795 46 11 13 0.029460909 
275 110 16 21 0.029434124 
565 114 22 29 0.029255765 
874 221 38 48 0.02920067 
499 13 14 18 0.029168151 
725 22 10 13 0.029135669 
4 19 13 16 0.02904387 
451 59 14 15 0.029008929 
926 129 14 19 0.02898522 
918 90 17 24 0.028840376 
220 68 12 16 0.028749729 
663 84 12 17 0.028711218 
-1 51 9 16 0.028662791 
732 90 14 19 0.028592436 
219 48 12 18 0.028543502 
985 637 10 13 0.028496642 
280 43 13 16 0.028331943 
489 35 14 17 0.028320132 
901 25 12 13 0.028241126 
374 49 13 16 0.028147856 
777 51 11 13 0.02813191 
895 190 22 33 0.027987272 
264 156 28 38 0.027985824 
9 24 19 25 0.027984891 
944 53 12 16 0.027927967 
217 -1 21 22 0.027914857 
677 8 11 14 0.027869232 
758 44 10 13 0.027828956 
567 88 14 18 0.027749248 
918 29 18 23 0.027703853 
432 74 14 20 0.027673306 
257 83 21 27 0.027609 
463 162 22 28 0.027602956 
268 80 14 20 0.027600586 
14 37 12 16 0.027545882 
375 19 11 12 0.02749121 
513 5 13 16 0.027436595 
760 76 12 17 0.02742053 
528 0 10 11 0.02723741 
938 260 28 35 0.027210362 
1015 25 8 13 0.02718929 
920 42 13 16 0.027186612 
114 37 16 20 0.027030788 
6 74 13 17 0.02693334 
399 0 10 11 0.026538925 
573 58 11 16 0.026536893 
181 144 16 22 0.026535774 
127 128 16 21 0.02648825 
58 74 14 19 0.02643795 
983 100 12 15 0.026424883 
980 88 13 17 0.026416788 
919 0 10 10 0.026396371 
323 27 13 15 0.026395839 
643 162 23 29 0.026382368 
140 112 17 19 0.026331114 
856 0 10 11 0.02623433 
908 49 12 15 0.026204543 
789 1 12 11 0.026135162 
331 1 19 23 0.026067292 
1011 271 13 19 0.026034737 
990 74 14 18 0.025985325 
481 16 21 23 0.025953045 
906 25 20 24 0.025884503 
830 104 19 23 0.025851842 
808 0 10 11 0.025842927 
601 25 12 15 0.025797965 
684 142 23 28 0.025764175 
507 155 28 34 0.025747115 
591 6 10 13 0.025727779 
293 79 19 24 0.025656661 
383 30 10 13 0.025618967 
91 24 15 18 0.025611555 
983 230 26 31 0.025603836 
322 43 16 18 0.025537908 
745 20 19 23 0.025378883 
846 0 9 11 0.025355982 
920 7 11 13 0.025352035 
436 116 18 23 0.025344538 
282 137 22 29 0.02532724 
38 102 11 14 0.02530392 
645 117 16 20 0.025302121 
718 8 9 12 0.025256928 
835 91 16 19 0.025240917 
672 0 10 10 0.025185918 
817 15 19 24 0.025163496 
502 139 23 30 0.02513978 
406 15 20 25 0.025016598 
36 11 15 15 0.02499941 
338 -58 245 254 0.02498163 
262 0 12 11 0.024928173 
63 0 13 12 0.02483576 
190 28 13 16 0.024808446 
164 19 15 16 0.024762733 
699 179 24 30 0.024741357 
500 5 13 16 0.024739252 
893 93 12 15 0.024666257 
887 0 11 11 0.024647271 
214 261 42 48 0.024587208 
674 157 25 31 0.024575856 
910 6 12 13 0.024569169 
533 21 11 15 0.024566986 
935 581 13 14 0.02450346 
82 10 20 23 0.024478983 
996 69 15 19 0.024468897 
389 62 19 24 0.024444038 
593 87 16 21 0.024393152 
536 72 16 20 0.024267187 
475 112 16 23 0.02423759 
838 45 10 13 0.024235616 
803 112 16 22 0.024185942 
909 122 14 19 0.024174165 
545 143 24 29 0.02415729 
907 83 16 17 0.024073536 
688 76 14 18 0.024033781 
435 4 13 17 0.023978578 
336 85 14 18 0.023975046 
863 102 20 26 0.023968838 
860 10 20 24 0.02396081 
605 38 14 16 0.023947772 
534 28 11 16 0.023913262 
663 52 12 15 0.023870734 
983 45 11 14 0.023827337 
615 155 23 28 0.0237425 
958 70 13 15 0.02368863 
451 93 14 17 0.023671817 
282 494 16 23 0.02360236 
28 37 11 16 0.023560205 
768 130 25 31 0.023554353 
125 2 14 15 0.023533119 
97 13 21 27 0.023490047 
419 12 19 23 0.023464318 
787 106 21 28 0.02345972 
277 27 13 16 0.023450501 
706 134 18 22 0.023441417 
912 23 11 13 0.023440763 
834 194 25 32 0.023435812 
226 237 28 35 0.02343219 
850 61 13 16 0.02340492 
734 5 12 13 0.023385284 
765 6 11 12 0.023365222 
661 3 12 14 0.023359546 
728 71 10 14 0.023322098 
485 41 13 15 0.023308255 
419 86 14 18 0.023301287 
803 193 17 20 0.023283964 
579 52 12 16 0.023276987 
851 23 20 23 0.02325247 
904 172 17 21 0.023212608 
622 37 11 13 0.023189038 
993 124 22 27 0.023150586 
170 65 19 24 0.02311223 
273 13 20 26 0.023085145 
618 211 25 30 0.023068031 
678 0 10 10 0.023056492 
406 109 20 27 0.023016794 
304 53 14 18 0.022953484 
839 62 12 16 0.02294566 
0 186 18 24 0.022876415 
339 10 12 14 0.02284251 
831 29 10 13 0.022789761 
509 82 12 16 0.022780262 
876 163 21 25 0.022766868 
76 129 13 20 0.022760784 
265 458 31 41 0.022758871 
50 0 14 13 0.022744078 
815 0 20 24 0.022695499 
231 26 12 15 0.022595003 
234 163 27 35 0.022590159 
726 31 18 22 0.022574373 
953 158 25 30 0.022561433 
493 138 15 19 0.022537556 
452 34 18 22 0.022499435 
903 69 13 16 0.02246333 
654 0 10 10 0.022400672 
187 163 26 33 0.022303063 
328 16 20 24 0.022234388 
648 1 10 9 0.022212625 
382 218 419 475 0.022138 
99 50 15 19 0.022103624 
905 143 16 21 0.022050226 
78 20 13 15 0.022009842 
620 250 14 20 0.021981493 
46 34 12 16 0.021948408 
303 68 16 19 0.021921862 
654 -2 24 26 0.021905947 
469 74 15 20 0.02190463 
155 0 21 23 0.021892853 
575 1 18 22 0.021825178 
276 50 14 16 0.021799827 
535 100 20 28 0.021793347 
263 17 16 20 0.021767924 
435 0 12 11 0.021747183 
447 163 24 30 0.02168801 
970 153 19 23 0.021687936 
62 62 12 15 0.021680817 
12 46 20 24 0.021674566 
807 98 13 18 0.021638634 
942 166 25 30 0.021631958 
910 63 13 15 0.021568527 
536 146 19 25 0.021546148 
419 69 12 16 0.02148424 
727 84 13 18 0.021446588 
382 0 11 11 0.021442994 
608 163 24 31 0.021441383 
589 42 14 17 0.021413656 
668 67 14 16 0.021383954 
759 88 13 16 0.021350723 
888 11 10 13 0.021319538 
752 0 9 10 0.021269923 
740 137 24 30 0.021265859 
203 179 20 24 0.02123291 
553 158 19 23 0.021216588 
966 73 20 27 0.0211733 
743 156 23 28 0.021161005 
881 100 13 19 0.02114419 
389 1 11 11 0.021100605 
946 191 24 31 0.021100363 
839 19 18 23 0.02109815 
989 239 26 34 0.021096183 
869 35 11 14 0.021071456 
814 203 25 32 0.021019774 
162 37 23 28 0.020982124 
550 117 21 27 0.020920763 
494 44 11 14 0.020915015 
792 70 10 15 0.020907488 
597 100 22 29 0.02089322 
847 46 11 14 0.020869859 
878 0 12 11 0.020855462 
680 61 20 26 0.020849923 
197 22 12 15 0.020835215 
101 43 12 16 0.020821063 
450 107 22 28 0.02075434 
878 16 10 12 0.020707672 
703 6 11 13 0.020704977 
937 144 27 31 0.020673474 
82 76 15 21 0.020668138 
712 21 20 23 0.020659275 
68 23 15 16 0.020651346 
869 6 11 13 0.020650826 
449 100 16 21 0.020650748 
228 68 13 16 0.02059188 
1012 38 13 19 0.020571016 
791 27 11 13 0.02056348 
0 14 21 27 0.02053066 
15 35 20 25 0.020509284 
525 291 14 18 0.020476243 
732 11 19 22 0.020420207 
742 56 13 15 0.02040102 
319 95 19 24 0.020317117 
995 62 13 16 0.020299885 
132 165 28 34 0.020187309 
653 131 13 17 0.020172983 
806 106 14 18 0.020137997 
84 136 27 32 0.020116288 
3 42 20 26 0.02011296 
183 18 12 14 0.020102726 
108 -5 23 21 0.020070087 
1009 181 15 22 0.02006862 
926 0 10 10 0.020045862 
784 163 25 29 0.020000417 
