0_Parade_marchingband_1_653
773
510 131 15 20 0.9882852 
323 135 16 21 0.9868745 
124 148 15 18 0.9841926 
226 140 15 19 0.98025185 
602 138 14 19 0.9724831 
869 194 16 19 0.949459 
961 180 17 22 0.9448383 
395 198 14 18 0.9361635 
737 132 15 19 0.9313619 
418 140 16 20 0.92492366 
874 117 17 20 0.9175251 
69 98 12 15 0.9167442 
762 191 17 22 0.915723 
397 88 13 16 0.8927399 
27 140 17 22 0.8904 
534 96 12 15 0.8892908 
537 196 14 17 0.87256294 
601 186 15 18 0.8681092 
212 96 12 15 0.8537057 
676 93 13 16 0.84675384 
628 91 13 17 0.84088093 
461 148 14 17 0.83856213 
760 88 13 15 0.8259524 
260 109 13 17 0.82560194 
807 92 13 16 0.8233048 
678 192 15 21 0.82025754 
479 205 14 18 0.8192238 
77 141 17 21 0.8021854 
932 95 13 15 0.7993885 
648 126 16 21 0.77994037 
374 144 16 20 0.7736953 
888 98 13 16 0.7710999 
509 33 11 15 0.7701073 
443 95 13 15 0.7681636 
827 31 12 15 0.7559548 
556 37 9 11 0.7536619 
186 44 12 14 0.7218257 
559 127 15 18 0.71541226 
781 134 15 18 0.7001678 
490 84 12 15 0.694618 
603 39 12 15 0.6887415 
43 197 17 20 0.68831205 
174 136 16 21 0.67828846 
352 96 13 16 0.6750881 
222 205 14 18 0.66823256 
699 27 10 13 0.65789837 
925 115 16 19 0.65319985 
303 96 12 16 0.64576256 
913 30 10 14 0.64219683 
274 155 13 16 0.6315264 
100 52 9 12 0.62559295 
48 46 10 14 0.61971724 
395 241 19 20 0.61622816 
365 46 11 15 0.613314 
231 46 11 16 0.6121933 
166 95 13 16 0.59654564 
849 92 14 16 0.59638745 
114 91 13 15 0.5743171 
752 62 11 14 0.5736953 
744 42 11 14 0.54767144 
861 107 14 17 0.54542947 
130 202 14 18 0.53271997 
959 41 11 13 0.52797085 
691 121 17 20 0.51484776 
864 39 11 14 0.50346166 
25 97 15 16 0.4988149 
783 34 12 14 0.49613118 
988 94 15 18 0.4946435 
585 91 14 15 0.4725055 
174 112 16 17 0.46880925 
655 23 11 14 0.4523082 
466 37 12 15 0.4401087 
311 208 14 19 0.4359058 
455 111 12 15 0.43100202 
319 42 12 16 0.41838804 
79 117 14 16 0.40922484 
979 129 17 18 0.40476984 
274 53 11 14 0.39159238 
824 127 13 17 0.37977666 
816 110 12 16 0.37057522 
717 84 12 16 0.36110702 
185 159 16 18 0.3590303 
334 156 16 20 0.34538507 
151 57 11 13 0.34406084 
798 53 11 14 0.34302852 
549 219 12 15 0.3418471 
873 60 10 12 0.34113893 
411 36 10 13 0.33898476 
478 57 12 15 0.32810342 
376 65 13 15 0.3216816 
572 149 15 17 0.3204762 
644 105 12 14 0.3117762 
157 73 12 15 0.30973104 
839 146 15 19 0.3028948 
317 203 15 20 0.30242386 
981 78 12 15 0.29791665 
321 198 14 16 0.28584 
22 105 13 17 0.283828 
242 65 13 16 0.26481754 
406 106 13 15 0.25850576 
512 199 11 14 0.25723177 
29 115 15 16 0.25317785 
316 113 14 17 0.24207588 
876 58 12 14 0.23633027 
465 211 12 14 0.23225738 
709 140 15 18 0.23188333 
684 217 18 20 0.22484474 
539 93 13 16 0.2237537 
283 68 13 14 0.22192071 
751 151 15 19 0.2216941 
219 113 14 16 0.21847904 
201 61 9 13 0.21036504 
114 97 14 16 0.20696685 
583 85 12 16 0.2058717 
91 163 16 19 0.20500149 
125 110 12 15 0.203102 
942 107 15 19 0.1937251 
503 101 13 15 0.1932612 
641 75 9 12 0.19196668 
841 48 10 13 0.18845291 
665 43 11 13 0.18581624 
520 51 10 12 0.18443039 
712 44 10 14 0.180017 
374 207 11 13 0.17927752 
782 44 11 14 0.17780799 
625 98 14 17 0.1709174 
602 255 24 28 0.16710672 
620 156 12 15 0.16570899 
471 166 13 17 0.16163932 
717 95 13 17 0.16118012 
544 111 11 15 0.1611771 
649 26 11 14 0.15750514 
330 60 14 16 0.15333065 
929 247 16 20 0.14537121 
940 98 15 17 0.14465846 
953 46 10 12 0.14442244 
735 102 12 16 0.1416681 
803 54 11 13 0.13983628 
775 47 11 13 0.13802695 
545 86 11 13 0.135854 
168 137 14 19 0.13524763 
676 202 22 28 0.1344882 
904 87 12 16 0.13446485 
420 54 11 14 0.13231443 
821 52 12 14 0.13170443 
974 57 9 12 0.13017485 
793 52 10 13 0.12972207 
192 213 10 12 0.12951162 
854 23 9 12 0.1285501 
128 77 9 11 0.12732673 
420 209 13 15 0.12637618 
773 103 13 17 0.12619245 
17 80 8 11 0.12612508 
759 197 25 31 0.1257221 
868 108 14 16 0.12500086 
206 137 14 18 0.12245145 
185 52 11 14 0.12157813 
135 168 14 18 0.12151645 
786 29 13 16 0.11912654 
439 59 10 13 0.118886575 
153 37 9 12 0.11771669 
158 211 10 13 0.11643581 
662 145 14 19 0.11599872 
992 153 14 16 0.115179084 
523 153 14 18 0.114671364 
596 215 26 28 0.114029504 
926 50 11 14 0.1138796 
365 113 12 15 0.11346236 
947 102 11 15 0.11134225 
304 222 24 33 0.110041335 
568 53 10 12 0.109453976 
966 86 11 13 0.109297946 
254 235 13 16 0.10744991 
755 66 12 15 0.10743827 
743 23 9 12 0.1036645 
310 210 22 31 0.101784326 
797 19 11 13 0.09926476 
276 59 12 14 0.098363355 
712 89 15 19 0.09747096 
951 51 9 11 0.09626274 
552 44 10 13 0.096061796 
436 108 13 16 0.09383958 
408 42 10 13 0.09311711 
449 113 13 16 0.09307998 
61 143 14 19 0.09299181 
901 113 14 17 0.09247421 
452 93 13 16 0.09212917 
614 58 10 12 0.09109558 
743 49 11 15 0.09092295 
509 77 11 13 0.08985851 
246 213 10 13 0.08942058 
584 97 13 16 0.08942052 
48 61 10 13 0.089194365 
206 83 12 15 0.08845957 
118 108 13 15 0.08818123 
126 206 13 19 0.08720309 
678 250 15 19 0.086742565 
31 69 9 12 0.08669302 
750 23 10 13 0.084552824 
80 83 10 13 0.084255956 
556 218 11 15 0.08412408 
350 102 14 18 0.08352642 
238 162 14 17 0.08272104 
156 54 12 16 0.08226465 
284 171 14 17 0.080838904 
550 196 11 13 0.080100015 
207 206 43 52 0.079554446 
804 100 15 19 0.07733118 
952 36 11 14 0.077186696 
474 124 16 19 0.07619145 
52 66 11 14 0.07513908 
970 59 10 13 0.0742132 
697 36 9 12 0.07366304 
459 109 12 15 0.07302551 
430 163 13 17 0.07278025 
110 139 13 16 0.072238624 
105 70 8 11 0.07110533 
894 75 11 13 0.071009554 
884 58 12 14 0.0709119 
726 100 12 16 0.07004961 
358 28 9 13 0.06987115 
493 99 14 16 0.06984284 
826 116 15 19 0.069119655 
876 227 15 17 0.068744935 
23 112 13 16 0.06854529 
207 77 11 14 0.068436295 
945 35 9 13 0.06827106 
215 211 11 14 0.068124734 
361 24 9 13 0.06807355 
213 106 15 18 0.06805569 
749 53 12 15 0.06746146 
388 63 11 14 0.06644645 
15 84 10 13 0.06637293 
152 69 12 15 0.06634691 
41 44 12 14 0.06602362 
215 216 25 31 0.06599074 
314 227 24 34 0.06566695 
111 69 8 11 0.06532177 
944 30 9 12 0.06528252 
70 139 16 22 0.065014206 
38 28 9 14 0.06500094 
1007 246 11 15 0.064997286 
972 139 16 18 0.06464535 
797 138 14 17 0.064018756 
767 251 24 30 0.06358526 
461 102 12 14 0.06350859 
299 226 16 22 0.06322772 
504 78 10 12 0.062894374 
553 32 10 13 0.062699 
985 72 10 14 0.06256616 
302 104 13 15 0.06210127 
804 151 15 19 0.062014002 
564 262 11 14 0.061416112 
22 78 9 12 0.06139018 
597 175 15 19 0.060855832 
987 85 16 18 0.059992086 
260 236 12 15 0.05984486 
796 148 14 20 0.059791315 
286 62 13 17 0.059357364 
464 32 11 15 0.05897715 
823 219 13 17 0.058972813 
97 62 9 12 0.058808167 
127 71 9 12 0.05841121 
689 168 17 21 0.058178395 
164 196 14 17 0.0580979 
514 30 11 14 0.057900704 
581 80 12 14 0.057818677 
736 217 11 15 0.057705175 
918 219 11 14 0.0576703 
774 16 10 12 0.05760283 
925 160 17 19 0.057594884 
858 91 14 16 0.057526648 
227 115 13 16 0.05749886 
638 102 12 16 0.057414055 
101 31 8 11 0.05740701 
193 157 14 17 0.05725207 
927 87 13 16 0.056983724 
1008 55 9 11 0.056978323 
363 82 13 16 0.056938365 
79 148 20 25 0.05613087 
492 225 12 15 0.05578612 
950 31 9 12 0.055625428 
672 88 11 14 0.055233862 
687 110 12 15 0.05517401 
849 22 10 14 0.054994706 
588 107 13 15 0.05489042 
75 132 16 21 0.05447875 
556 117 12 17 0.054162253 
439 86 11 14 0.05380399 
119 268 13 19 0.053767316 
745 60 9 13 0.05356278 
829 217 13 17 0.05333839 
792 15 11 13 0.052802887 
150 118 11 15 0.052627333 
206 261 10 13 0.05259276 
912 0 9 9 0.052526254 
907 114 13 16 0.052508816 
518 87 10 13 0.052329894 
974 81 13 15 0.051403686 
100 158 14 17 0.050342247 
675 105 14 17 0.05033999 
460 160 15 18 0.04961557 
390 235 17 22 0.049441054 
942 24 9 10 0.049074948 
818 111 18 24 0.04898111 
103 100 9 12 0.04889052 
164 59 12 14 0.048674602 
217 93 14 17 0.047996983 
381 165 14 18 0.047973674 
844 198 11 16 0.047912143 
134 62 10 12 0.047661014 
817 46 10 12 0.047145475 
702 141 15 18 0.046746258 
592 15 8 11 0.04673335 
528 108 13 15 0.04663964 
40 52 10 13 0.04650039 
309 109 13 16 0.04635089 
725 197 11 15 0.046142075 
879 92 13 17 0.046004403 
75 94 12 15 0.04598138 
270 49 19 23 0.045876134 
976 37 10 11 0.04569806 
598 21 9 12 0.04542661 
642 168 15 19 0.04506587 
475 114 15 18 0.04491992 
824 0 10 10 0.044907976 
163 50 16 18 0.04476678 
262 121 13 18 0.044662923 
682 253 16 21 0.04463266 
639 47 9 13 0.044502687 
968 21 9 11 0.04448457 
756 55 12 15 0.044479225 
183 58 10 12 0.04424488 
467 217 13 16 0.04416046 
250 61 14 15 0.044124886 
559 238 10 13 0.044067577 
902 78 10 13 0.04400718 
855 54 9 12 0.043883093 
183 235 10 13 0.043699786 
82 111 13 16 0.043634754 
823 6 8 10 0.04331343 
702 170 13 19 0.04283813 
734 94 13 16 0.042532075 
214 232 16 20 0.042474966 
150 98 12 14 0.04246931 
688 46 8 11 0.042433925 
39 37 10 15 0.04189076 
912 6 8 10 0.041721538 
122 199 38 56 0.04170514 
888 69 11 14 0.041489363 
470 130 15 18 0.041468397 
989 85 26 28 0.0413337 
268 131 12 15 0.041279934 
990 69 9 11 0.04119533 
990 63 9 11 0.041065108 
131 109 13 16 0.041019075 
93 227 10 15 0.040993124 
750 138 14 17 0.040944196 
874 52 19 23 0.04093898 
292 59 14 16 0.040937822 
940 72 12 16 0.040507853 
741 92 11 14 0.040383574 
159 93 13 17 0.0402749 
548 90 12 15 0.039831806 
557 243 10 12 0.03968291 
782 22 12 15 0.03965776 
952 16 7 9 0.03961701 
519 92 11 14 0.039508767 
370 45 12 14 0.039481867 
223 228 25 33 0.03934936 
833 13 9 11 0.039216056 
973 205 14 17 0.039088972 
590 245 12 15 0.03905656 
628 156 13 17 0.038976908 
0 211 11 17 0.038943663 
359 47 13 16 0.03891654 
103 94 9 13 0.038799573 
237 72 12 15 0.03879908 
781 127 14 18 0.03859675 
43 41 18 22 0.03858722 
207 106 14 17 0.038441226 
780 142 16 20 0.038275722 
803 133 15 18 0.037954714 
365 22 10 13 0.03786886 
112 64 9 12 0.037622195 
652 143 17 20 0.03742322 
777 250 14 19 0.03740655 
247 234 14 20 0.0373719 
596 241 26 29 0.037317723 
766 99 13 17 0.03719386 
29 75 11 14 0.03710039 
380 225 14 20 0.036925953 
18 108 10 14 0.036879987 
15 93 11 16 0.036731992 
598 30 12 15 0.036624435 
403 220 14 16 0.03662413 
525 122 14 18 0.036479652 
597 110 12 15 0.036468998 
318 83 11 15 0.036295235 
532 104 15 18 0.03611241 
753 208 25 32 0.036028262 
822 136 15 19 0.035995383 
172 51 13 15 0.035882972 
3 153 12 16 0.03587242 
72 116 14 17 0.035748918 
430 102 11 14 0.035575744 
32 64 9 10 0.035488166 
776 29 12 15 0.03542223 
926 76 11 14 0.035367757 
535 60 9 12 0.035331707 
902 45 8 11 0.035302676 
913 44 9 13 0.03527543 
688 116 15 19 0.03521222 
845 50 10 13 0.035133775 
1007 36 10 12 0.0349248 
507 26 19 25 0.034863744 
947 133 14 17 0.034842238 
932 108 17 21 0.03480199 
39 60 9 12 0.03477077 
768 46 12 13 0.034593813 
227 227 15 20 0.034448322 
844 67 12 15 0.034359608 
669 250 14 19 0.034322448 
611 212 17 19 0.034314264 
1014 195 10 15 0.03406962 
1012 187 11 17 0.0339479 
762 225 18 21 0.03386996 
280 152 16 20 0.033821687 
648 36 9 11 0.033810724 
574 196 10 14 0.03370181 
93 141 13 17 0.033660486 
158 144 15 18 0.033367585 
222 63 10 12 0.033310097 
687 126 15 19 0.03296533 
815 121 14 19 0.032902367 
665 210 23 28 0.032861166 
143 124 13 17 0.032633793 
629 4 28 34 0.032630615 
795 25 14 16 0.032629393 
120 208 25 37 0.032583974 
610 37 12 15 0.03256388 
683 245 14 19 0.03250381 
39 163 15 19 0.0325009 
463 139 19 24 0.032466788 
919 47 9 12 0.03223903 
765 207 25 29 0.03218155 
884 270 15 20 0.032177716 
211 134 14 17 0.032116134 
308 256 16 19 0.03209773 
676 222 18 21 0.03201857 
499 84 11 14 0.031900093 
510 95 11 14 0.031816967 
936 69 10 14 0.031801343 
757 23 10 12 0.031736095 
95 68 10 11 0.03158497 
279 168 14 18 0.031556632 
776 181 21 26 0.03141097 
880 28 9 11 0.031359535 
438 77 11 16 0.031257357 
636 84 12 16 0.031128546 
954 35 18 22 0.030888105 
501 94 13 16 0.030887013 
743 69 10 13 0.030864282 
527 87 10 13 0.030773813 
138 175 17 22 0.030746315 
835 213 14 18 0.03067054 
183 220 10 13 0.03058236 
829 44 12 15 0.030507816 
198 137 15 20 0.03008975 
243 157 14 18 0.030078432 
611 187 13 16 0.03000151 
643 15 19 27 0.029976938 
877 136 15 17 0.029951843 
17 93 18 25 0.029930701 
745 270 11 15 0.0299199 
180 132 20 27 0.029806625 
754 92 10 12 0.029730408 
101 59 10 12 0.02971802 
232 44 18 22 0.029684002 
702 43 10 13 0.02967971 
816 31 11 14 0.029659625 
769 186 24 31 0.029649412 
95 102 10 12 0.029640164 
865 201 24 29 0.02964006 
958 52 10 12 0.029628426 
696 43 10 12 0.029571088 
511 14 8 12 0.029523298 
109 161 12 16 0.029456705 
737 22 11 14 0.02939089 
791 69 10 13 0.029364062 
600 51 10 12 0.029354991 
319 0 11 11 0.029352363 
157 194 15 20 0.029344738 
898 45 8 10 0.029317012 
741 75 12 14 0.029202472 
191 59 10 13 0.029134192 
892 140 14 18 0.029112699 
984 45 8 10 0.028930921 
415 205 13 17 0.028900841 
509 23 10 14 0.028888453 
855 113 15 17 0.028878724 
511 0 9 10 0.028869115 
358 77 13 16 0.028770166 
146 54 10 14 0.028762354 
4 94 14 21 0.02874437 
657 128 15 20 0.02864435 
917 91 15 19 0.028639818 
459 94 12 15 0.028633924 
836 40 17 23 0.028630104 
928 22 9 12 0.028579311 
931 128 14 18 0.028496603 
789 46 11 14 0.028492548 
149 52 17 23 0.028488671 
436 158 14 17 0.028449696 
865 219 25 27 0.028440211 
879 45 10 12 0.028381811 
70 79 10 12 0.028310066 
593 227 25 28 0.028253816 
501 14 10 13 0.028244495 
241 51 22 24 0.028227957 
999 53 9 12 0.028210137 
759 96 13 16 0.028182305 
403 257 14 18 0.028171416 
565 234 10 14 0.028158365 
799 83 14 18 0.02815573 
552 129 14 17 0.02802609 
885 103 16 20 0.027883612 
204 68 12 15 0.027821193 
975 30 10 11 0.027804386 
546 46 8 11 0.027752886 
666 272 16 20 0.027666915 
279 72 13 15 0.027613172 
84 138 20 27 0.027611177 
558 92 11 15 0.027596977 
300 87 13 18 0.027587993 
5 124 11 15 0.02743339 
144 69 10 13 0.02742315 
151 46 11 14 0.027336188 
127 62 11 13 0.02731908 
678 45 9 12 0.02731067 
767 53 11 12 0.027266914 
959 222 10 12 0.027223418 
819 164 14 20 0.027193619 
715 39 13 14 0.02704233 
396 94 14 18 0.027013414 
84 166 19 21 0.02699971 
582 61 10 12 0.026999464 
986 76 13 16 0.026965613 
959 16 8 9 0.026897058 
879 5 9 11 0.02684273 
172 153 15 18 0.026809096 
192 285 12 15 0.026768306 
651 102 11 14 0.02676778 
684 178 20 25 0.026754305 
644 3 13 16 0.026629886 
857 44 10 12 0.026621828 
750 57 17 22 0.026522338 
864 51 10 13 0.026502503 
844 74 13 18 0.026474718 
224 50 11 14 0.026450237 
255 104 13 16 0.026409552 
565 255 11 14 0.026384719 
63 106 12 15 0.026368877 
893 61 10 12 0.026325477 
471 109 11 16 0.026305657 
926 219 12 15 0.026216455 
348 86 15 18 0.026212407 
757 77 12 15 0.026082104 
325 51 13 16 0.02606948 
485 96 15 17 0.026032707 
817 59 12 14 0.02602689 
119 69 10 12 0.026007716 
111 48 9 11 0.025967667 
966 133 14 18 0.02590916 
564 37 10 12 0.025848258 
958 173 15 20 0.025837405 
511 5 10 11 0.025795043 
590 211 15 20 0.025764395 
70 153 15 18 0.025756525 
932 221 12 16 0.025741909 
853 59 12 14 0.025732279 
511 83 11 13 0.025722954 
737 43 11 13 0.025697622 
834 30 11 14 0.025639731 
196 44 11 14 0.025634255 
51 151 16 20 0.025604336 
134 68 10 13 0.025547925 
258 48 21 25 0.025533542 
493 121 13 17 0.025387129 
165 87 14 18 0.025378127 
723 92 13 18 0.025293361 
365 59 13 16 0.025273394 
1010 82 13 18 0.02524719 
190 244 10 14 0.025236353 
763 153 14 19 0.025174383 
1011 174 13 20 0.025144465 
485 123 13 17 0.02503729 
533 114 12 15 0.024926772 
214 221 12 16 0.024914026 
711 78 13 15 0.02490748 
373 50 13 16 0.02487448 
971 91 14 16 0.024821917 
672 194 15 21 0.024802886 
676 236 16 18 0.024801107 
936 23 9 11 0.024726968 
981 39 9 10 0.024710076 
574 60 10 13 0.024665665 
300 59 12 14 0.024614532 
614 248 22 28 0.024561284 
4 118 11 14 0.02454324 
189 99 12 16 0.024509937 
33 118 17 20 0.024477804 
352 35 12 15 0.024465336 
748 271 15 19 0.024330689 
467 207 19 22 0.02425217 
740 114 14 18 0.024226213 
556 42 10 14 0.024185892 
100 179 15 20 0.02417365 
654 93 12 14 0.02412395 
646 71 10 13 0.024018705 
227 121 15 18 0.024004646 
749 140 20 25 0.023889184 
663 92 12 16 0.02387896 
242 167 14 19 0.02384462 
454 44 11 13 0.023772778 
885 137 14 17 0.02375966 
270 194 12 16 0.023741914 
698 117 15 20 0.023641774 
684 86 12 16 0.02359646 
181 35 20 25 0.023557676 
264 70 10 13 0.023534402 
27 89 21 25 0.023507504 
554 202 13 16 0.023458153 
956 132 15 18 0.02334504 
102 35 9 12 0.023255587 
711 132 21 28 0.023229653 
134 189 19 28 0.023207108 
587 239 21 26 0.023184448 
147 171 13 18 0.023173003 
52 48 12 16 0.023131074 
4 104 12 18 0.023112224 
934 75 11 14 0.02302537 
422 108 13 16 0.023003919 
560 228 11 15 0.022981985 
472 55 12 14 0.02286428 
270 66 12 14 0.022805702 
107 152 20 26 0.022787182 
507 196 19 23 0.022737939 
189 237 10 14 0.022702994 
583 54 9 11 0.022688415 
945 44 9 12 0.02265235 
233 67 11 14 0.022628756 
0 279 28 51 0.022522291 
150 65 20 24 0.022520661 
291 177 15 18 0.022514883 
816 220 12 16 0.022490283 
597 16 9 12 0.022466099 
175 61 10 13 0.022461744 
119 62 9 13 0.02245148 
265 112 14 18 0.022413474 
119 263 11 15 0.022393383 
661 212 14 19 0.022370651 
387 226 15 19 0.022364635 
305 239 28 32 0.022324184 
386 146 15 19 0.022311263 
832 7 9 10 0.022275364 
354 105 16 19 0.022251908 
253 162 12 15 0.022221321 
830 0 10 10 0.022201322 
302 133 14 17 0.022169441 
127 218 25 35 0.022143245 
682 265 17 22 0.02213547 
933 47 10 12 0.02212646 
756 158 16 21 0.022101343 
216 61 10 11 0.022096468 
144 123 20 26 0.022084195 
402 226 16 20 0.022053223 
398 20 11 13 0.022014363 
111 103 14 17 0.02198546 
311 85 14 16 0.021954445 
757 243 15 16 0.021925783 
630 125 13 17 0.02191468 
3 204 13 18 0.021898624 
369 205 20 25 0.021895442 
310 35 21 25 0.021876309 
443 59 12 15 0.02183839 
792 60 11 13 0.021799644 
127 82 11 15 0.021760456 
798 75 12 16 0.021732777 
775 60 11 13 0.021730172 
892 272 14 17 0.021726731 
551 138 12 16 0.021716388 
311 121 14 16 0.02170415 
552 51 9 12 0.021636527 
560 52 10 13 0.021604192 
359 60 10 13 0.021586722 
643 176 17 21 0.021547444 
894 112 15 18 0.021508517 
1004 101 12 15 0.021456677 
545 226 11 14 0.021445544 
603 33 20 24 0.021439511 
1009 59 10 12 0.021436222 
244 43 14 17 0.021431347 
1 162 13 18 0.021376053 
264 15 9 11 0.021347951 
963 81 20 25 0.021332333 
25 71 9 12 0.021213865 
570 129 14 18 0.021180185 
933 228 12 16 0.021167016 
72 118 22 26 0.02115767 
903 252 11 14 0.021123441 
644 13 13 17 0.021119868 
565 92 11 15 0.021109166 
254 228 21 25 0.021103667 
357 243 13 18 0.021091629 
415 153 15 17 0.021084595 
379 58 20 25 0.021066507 
321 110 13 16 0.021058299 
637 124 15 21 0.021044107 
763 232 25 29 0.021023618 
976 143 17 20 0.021023357 
162 67 13 15 0.02101028 
674 268 21 28 0.02099916 
777 215 15 19 0.020957148 
644 114 16 20 0.020925466 
869 156 15 18 0.020909267 
906 30 10 12 0.020852799 
183 243 13 16 0.020846583 
456 153 14 18 0.020844132 
754 260 24 32 0.020808471 
131 76 11 14 0.020784765 
974 22 9 11 0.020748938 
645 82 11 15 0.020729577 
155 79 15 18 0.020693885 
253 212 12 16 0.020689098 
228 206 22 30 0.020677796 
263 21 9 12 0.020667851 
97 166 16 20 0.020665567 
864 16 8 10 0.02065897 
535 218 11 14 0.020639433 
395 229 18 21 0.020624759 
277 124 13 18 0.020617012 
944 212 11 15 0.020587863 
51 216 18 20 0.020571582 
92 184 16 21 0.020539332 
951 119 22 28 0.020521069 
820 102 15 18 0.020516632 
351 74 12 15 0.020497274 
166 294 13 16 0.02049616 
911 14 7 10 0.020494383 
462 84 12 15 0.020483738 
551 22 10 12 0.020482231 
707 29 11 13 0.020480439 
77 158 17 20 0.020453254 
623 245 12 16 0.02039474 
502 253 8 12 0.020326056 
407 32 17 21 0.020308184 
364 244 13 17 0.020290285 
726 218 12 16 0.020255262 
560 254 11 14 0.020254983 
158 45 12 15 0.020254204 
158 110 12 15 0.020254118 
738 210 19 27 0.020253632 
470 93 11 14 0.020244332 
395 248 22 25 0.02021339 
652 118 14 18 0.020198518 
816 5 10 12 0.020179177 
723 121 20 27 0.020116428 
879 38 10 12 0.02010792 
165 154 15 17 0.020092983 
690 155 16 19 0.020077594 
184 214 11 14 0.020038411 
627 254 16 21 0.020019207 
