0_Parade_Parade_0_429
56
389 222 122 152 0.99973303 
607 236 97 131 0.9996902 
153 261 104 129 0.99908626 
24 179 17 22 0.4067893 
116 53 24 31 0.39796552 
77 240 20 25 0.38764867 
174 108 16 19 0.33870482 
26 246 18 23 0.29329532 
376 26 47 53 0.20186855 
18 116 17 20 0.1937656 
362 0 20 15 0.18430068 
10 46 24 29 0.14674518 
173 51 20 28 0.14053419 
229 112 15 19 0.1369498 
67 46 16 18 0.109931536 
74 70 14 18 0.10429838 
125 182 25 30 0.09494874 
72 113 17 21 0.09284988 
82 299 17 20 0.08893323 
6 -1 28 22 0.08840616 
179 134 13 16 0.081769206 
338 13 26 28 0.080077276 
351 1 29 26 0.077623874 
114 0 21 20 0.07512089 
331 5 16 18 0.06886504 
345 7 27 27 0.061818637 
334 2 26 26 0.057454806 
75 175 17 22 0.05245417 
352 20 20 22 0.052311383 
227 52 15 19 0.045841828 
121 116 24 30 0.033843707 
162 -1 18 15 0.033377938 
32 184 16 22 0.03178446 
366 -3 32 27 0.031508975 
11 61 18 21 0.030805646 
874 171 24 28 0.03065573 
171 -1 19 14 0.030593293 
128 57 18 23 0.030546408 
10 249 396 485 0.028303286 
29 303 22 28 0.028064083 
25 187 18 22 0.02646241 
61 67 13 17 0.02583858 
509 2 11 11 0.025651451 
128 236 13 18 0.0256345 
383 17 33 39 0.02547431 
885 164 14 16 0.024444569 
890 139 13 18 0.022790886 
54 67 13 15 0.022487568 
174 132 21 26 0.022472238 
862 158 14 17 0.022149334 
118 43 17 20 0.02127181 
884 111 16 19 0.020853072 
782 194 15 19 0.020600118 
703 31 8 11 0.020331318 
719 140 11 13 0.020269917 
173 45 16 20 0.020198323 
