0_Parade_Parade_0_688
213
883 523 13 17 0.9657898 
277 525 21 27 0.9635919 
536 462 16 21 0.88229865 
564 540 19 22 0.79793984 
840 531 10 12 0.7695255 
445 499 31 36 0.63420665 
810 527 16 20 0.62850296 
452 528 30 35 0.5431677 
434 484 55 67 0.4965869 
845 569 14 18 0.46185523 
213 540 16 23 0.43009228 
530 590 24 27 0.42404625 
309 515 13 20 0.35285693 
339 580 33 40 0.26262102 
205 549 13 17 0.24831398 
945 528 8 11 0.20085993 
364 530 13 16 0.17998002 
822 533 10 14 0.17107576 
71 576 10 13 0.17059554 
191 516 8 12 0.16883644 
237 537 13 17 0.16469821 
741 529 13 16 0.15761934 
738 482 11 17 0.14441109 
1005 548 10 12 0.14331669 
831 533 9 12 0.13722521 
912 534 8 12 0.12897548 
8 582 11 15 0.12449031 
271 583 26 32 0.12230119 
26 564 7 10 0.12195579 
1015 533 7 11 0.11758829 
583 516 21 29 0.11412678 
774 535 10 13 0.11081443 
367 476 13 15 0.10579382 
968 513 8 11 0.10165905 
64 577 9 11 0.0984947 
216 533 13 18 0.0980041 
893 532 11 14 0.09431546 
843 529 11 13 0.089443184 
12 587 9 12 0.08462553 
235 544 14 18 0.08299248 
277 520 14 18 0.08142214 
263 533 12 17 0.08040389 
748 541 11 15 0.079955384 
966 716 25 44 0.079629175 
950 527 8 11 0.077069744 
54 557 8 10 0.07679877 
936 527 9 11 0.07662081 
832 557 10 13 0.071409784 
532 499 13 15 0.07054664 
194 574 16 19 0.069713704 
1002 543 8 11 0.06785616 
204 556 15 20 0.067311354 
229 546 13 17 0.06506943 
801 529 14 16 0.063671514 
905 528 9 11 0.06333418 
959 540 8 11 0.06133493 
903 533 11 13 0.060791474 
917 540 9 12 0.06047151 
911 529 7 9 0.06007504 
336 469 13 15 0.058032 
264 578 23 27 0.056609884 
508 518 16 19 0.055002015 
361 478 22 25 0.054916017 
574 532 22 28 0.05385608 
355 485 16 18 0.053834185 
77 573 12 16 0.053813297 
766 540 11 14 0.053557664 
547 568 13 19 0.052793253 
862 534 10 12 0.05130606 
701 495 40 49 0.05130364 
982 535 8 11 0.05065474 
128 514 16 18 0.04766262 
743 535 13 18 0.046876743 
993 533 8 10 0.046448275 
270 528 14 21 0.045999173 
975 534 11 13 0.04580015 
862 528 9 11 0.045471214 
29 565 8 10 0.045234267 
565 572 13 16 0.0450628 
935 532 9 12 0.044442788 
7 569 8 10 0.044439305 
573 517 22 29 0.04435724 
737 525 13 16 0.041171335 
527 461 17 21 0.04065387 
825 557 10 13 0.040283248 
55 603 11 13 0.040260147 
243 533 14 18 0.039168388 
287 532 18 24 0.038940236 
974 517 8 10 0.038668342 
357 536 14 18 0.03803288 
191 600 9 14 0.037972435 
424 459 88 112 0.03797003 
33 583 8 11 0.03759021 
315 507 14 19 0.037065834 
968 539 10 13 0.036701467 
782 542 10 13 0.036701407 
29 559 8 10 0.036594566 
981 600 14 18 0.036179647 
253 547 13 17 0.03571615 
557 568 15 20 0.034860604 
258 580 18 20 0.03475831 
369 529 15 18 0.0346157 
760 539 11 15 0.03450417 
982 540 9 11 0.034255717 
832 527 11 15 0.03414786 
782 534 10 13 0.034024414 
272 519 11 16 0.03381286 
541 566 14 17 0.03378607 
593 593 25 30 0.033200223 
924 569 13 16 0.032850254 
848 540 9 11 0.03276925 
74 568 21 28 0.032581042 
1010 533 9 11 0.032457385 
7 574 10 13 0.032453 
835 525 18 22 0.03232725 
596 515 15 19 0.0319824 
975 527 10 12 0.031922616 
311 625 39 44 0.031518064 
869 539 14 17 0.030948147 
919 571 11 15 0.030404205 
76 534 8 11 0.030275455 
218 526 16 19 0.030200114 
732 474 19 27 0.030111378 
594 601 15 19 0.029932994 
48 574 8 10 0.029559303 
791 533 9 12 0.029370382 
0 558 8 11 0.029134493 
127 548 27 35 0.02912012 
889 526 12 16 0.028565487 
855 541 9 13 0.028320871 
853 558 10 14 0.028300993 
183 636 8 11 0.028136574 
961 511 9 11 0.0280096 
893 539 13 16 0.027801977 
1015 541 8 13 0.027764775 
32 591 9 12 0.027613018 
671 469 10 14 0.027412912 
734 519 22 29 0.027151605 
919 564 11 15 0.026882833 
900 537 13 17 0.02685114 
783 547 10 14 0.02680214 
590 524 25 33 0.02679052 
32 573 9 11 0.026777226 
241 571 15 19 0.026597219 
726 489 14 20 0.026500016 
974 539 10 12 0.026478814 
358 628 11 13 0.0264007 
968 574 11 13 0.026392858 
828 539 10 13 0.026262904 
841 565 11 15 0.02621952 
954 542 8 10 0.026128348 
656 620 29 47 0.026015023 
224 531 21 26 0.025974192 
197 541 12 15 0.025680257 
331 591 31 36 0.02523846 
951 533 8 10 0.025236795 
937 519 8 10 0.025153093 
805 591 15 19 0.025089206 
324 512 15 22 0.024955153 
975 493 10 13 0.024818337 
889 533 21 25 0.024746587 
358 523 22 27 0.024537288 
253 531 13 18 0.02451677 
998 534 7 10 0.02442931 
983 528 9 11 0.024259891 
837 586 11 14 0.024251271 
56 552 8 10 0.024075683 
66 574 21 22 0.02406475 
0 565 10 13 0.02320939 
949 572 11 14 0.023160875 
502 469 11 14 0.023141088 
629 524 11 15 0.023072086 
31 597 10 13 0.023036165 
16 559 7 9 0.02291506 
804 532 16 20 0.022748426 
529 500 22 27 0.022688756 
281 578 27 29 0.022622235 
1014 548 9 12 0.02256605 
555 555 22 30 0.02245853 
302 518 14 21 0.022415053 
424 485 9 13 0.02236704 
808 581 25 29 0.022278853 
51 558 8 10 0.022133747 
995 732 27 36 0.021979282 
56 576 8 10 0.021968193 
926 542 9 12 0.021816801 
495 471 10 13 0.02173789 
84 570 13 18 0.021664608 
909 572 12 15 0.021571154 
62 549 8 10 0.021533519 
244 545 14 18 0.021466259 
895 573 9 12 0.021387193 
758 534 19 26 0.021368863 
818 586 14 19 0.021365851 
48 568 8 11 0.021303099 
450 508 53 69 0.02126361 
975 597 24 29 0.021202594 
526 588 17 21 0.021085354 
520 500 12 15 0.021030387 
764 546 11 16 0.020830953 
899 544 14 19 0.020774724 
378 476 14 16 0.020749995 
944 520 8 10 0.02065598 
56 582 8 9 0.020650497 
830 586 13 15 0.020524453 
94 540 9 12 0.020484209 
527 494 14 18 0.020437844 
322 601 33 37 0.020259986 
586 536 16 21 0.020197555 
888 573 10 14 0.020179525 
123 544 19 25 0.020116126 
957 501 10 11 0.020035801 
943 572 12 14 0.020014156 
