0_Parade_Parade_0_194
35
118 420 111 138 0.99954224 
359 260 93 118 0.9983701 
706 235 88 145 0.9973016 
204 348 75 106 0.9848134 
561 285 82 95 0.9148444 
157 373 91 131 0.10472166 
1007 888 14 18 0.06628624 
904 764 11 14 0.0562492 
935 764 10 12 0.038732648 
1009 1046 10 12 0.038660053 
561 750 26 29 0.038239866 
937 780 10 14 0.03784589 
585 741 11 13 0.036072377 
592 762 11 14 0.035658516 
918 982 9 12 0.03110279 
996 1045 10 12 0.030160164 
976 1068 12 14 0.028110268 
590 755 13 16 0.026656449 
787 252 84 141 0.026370857 
794 263 34 48 0.02591447 
999 1083 10 13 0.024766354 
589 737 10 13 0.024685483 
1009 1051 10 14 0.024206625 
1006 764 8 11 0.023851098 
577 756 15 17 0.023444671 
978 1051 13 14 0.02334655 
736 752 32 37 0.023077825 
913 981 9 12 0.022417318 
861 948 13 15 0.022182256 
620 738 11 15 0.0218793 
1010 526 11 14 0.021859592 
12 474 86 120 0.0211481 
575 741 25 29 0.020836812 
590 746 12 15 0.020669827 
423 1327 11 15 0.020042138 
