0_Parade_marchingband_1_359
223
731 111 58 66 0.9996536 
165 167 36 46 0.9985103 
862 148 27 31 0.995752 
909 118 24 31 0.99493885 
610 187 17 23 0.98593014 
481 193 15 20 0.98454833 
413 195 13 16 0.937647 
310 193 13 17 0.8698663 
1009 119 15 23 0.68022394 
246 198 11 15 0.67351294 
505 194 11 13 0.6688327 
124 165 23 28 0.6333257 
272 196 11 15 0.59524095 
1 215 15 20 0.35498017 
568 190 9 11 0.347627 
450 206 10 12 0.27032152 
361 199 9 13 0.2641676 
690 180 9 13 0.2528009 
564 217 14 17 0.19386014 
59 210 15 18 0.19187218 
966 134 10 13 0.18687153 
453 210 10 13 0.17801347 
568 182 10 12 0.16944465 
393 205 8 10 0.16691093 
496 185 7 10 0.15595368 
955 161 15 20 0.15245508 
66 170 16 20 0.14400737 
139 203 24 30 0.13531862 
240 192 11 14 0.13464381 
376 213 9 12 0.13402988 
558 205 10 12 0.13282645 
265 197 11 14 0.12864874 
584 198 9 12 0.11532159 
284 32 47 64 0.11477684 
277 193 9 14 0.102805145 
590 206 10 13 0.101565905 
453 197 10 12 0.100697026 
995 314 13 15 0.10037299 
972 256 16 21 0.09444939 
49 214 21 26 0.09356475 
382 214 9 12 0.09255752 
396 206 9 11 0.091726825 
392 215 8 10 0.09168522 
542 197 8 11 0.0901525 
542 237 10 13 0.08893964 
671 191 9 11 0.086142905 
391 200 8 10 0.08479407 
450 199 9 12 0.08464104 
529 206 8 11 0.084036686 
559 200 9 10 0.08303038 
385 198 8 10 0.0821343 
520 197 9 11 0.081943005 
463 199 9 11 0.07711187 
1010 144 14 24 0.07301443 
672 197 9 12 0.07243903 
665 207 7 11 0.07168158 
455 193 8 10 0.07045816 
409 181 8 10 0.06909431 
432 198 9 12 0.06793672 
239 198 16 21 0.0676549 
409 191 10 14 0.066995345 
551 235 10 13 0.064983405 
527 199 8 11 0.06394191 
463 205 10 12 0.0617032 
666 192 8 10 0.06109687 
560 213 12 14 0.06109644 
585 204 10 13 0.06090801 
535 205 9 12 0.05985995 
592 211 9 12 0.05839906 
2 223 17 23 0.057859864 
671 206 8 11 0.057520702 
658 205 7 11 0.056198157 
573 181 8 12 0.05506969 
1010 133 15 24 0.052717473 
423 184 8 10 0.052145205 
639 196 8 11 0.051511742 
603 142 9 11 0.05064486 
608 174 8 11 0.049981818 
271 220 11 14 0.049475253 
691 172 12 16 0.049153514 
454 256 11 16 0.048823386 
609 167 8 10 0.048562303 
45 223 17 22 0.047548857 
665 197 9 11 0.047425766 
10 227 16 18 0.044398647 
960 132 11 15 0.042984124 
303 173 22 29 0.042782076 
676 196 10 13 0.041718446 
420 190 11 15 0.041306056 
55 179 22 28 0.04124656 
543 173 9 11 0.04103634 
646 193 8 9 0.040918034 
607 182 14 19 0.040611446 
52 205 17 22 0.040097296 
78 233 14 18 0.040079966 
610 252 28 28 0.0397128 
262 192 20 24 0.03886773 
944 237 11 14 0.03831694 
352 199 10 13 0.037687015 
616 168 8 10 0.037550326 
383 206 9 12 0.03751211 
665 212 8 11 0.037352394 
28 347 15 18 0.036699846 
251 200 12 16 0.03660466 
569 177 9 12 0.036176514 
437 198 8 12 0.035789195 
553 205 10 13 0.035522286 
470 235 11 14 0.034878466 
537 193 7 10 0.03451874 
623 104 8 10 0.034240294 
287 212 11 13 0.033578467 
431 191 9 12 0.033525005 
60 210 23 29 0.03348496 
657 200 8 11 0.033470664 
543 193 8 10 0.03302536 
571 227 13 16 0.032757606 
933 130 14 18 0.03258454 
536 211 10 13 0.032154754 
26 332 24 28 0.032071613 
181 171 32 40 0.031837374 
415 182 8 10 0.031526405 
492 290 23 28 0.031087004 
599 180 11 14 0.031081216 
399 229 9 13 0.031053944 
495 227 12 15 0.030764753 
565 208 11 12 0.030676944 
51 188 22 27 0.030443605 
668 210 11 13 0.030367494 
360 191 10 14 0.030276269 
553 199 9 11 0.03027464 
477 230 10 13 0.030135047 
647 196 9 11 0.030075902 
522 205 9 11 0.03005414 
570 125 8 10 0.030018872 
541 214 10 12 0.029914398 
0 206 11 18 0.029838204 
526 247 10 13 0.029772729 
950 134 11 14 0.02961008 
950 146 13 17 0.029298084 
469 213 9 12 0.029280487 
641 192 9 11 0.029074581 
231 195 14 20 0.028989365 
493 221 12 15 0.028928438 
536 236 10 13 0.028715493 
648 214 11 14 0.028686201 
376 218 9 12 0.028608453 
589 199 11 14 0.028422758 
558 220 21 24 0.02816472 
571 215 12 14 0.02804353 
269 214 12 15 0.027868306 
557 159 10 12 0.027711462 
599 166 8 10 0.027360674 
970 131 13 18 0.027107028 
633 197 9 13 0.026898596 
278 202 12 14 0.026440406 
501 229 11 15 0.02643023 
204 179 23 32 0.02640379 
876 99 10 13 0.02637757 
622 159 9 11 0.0259344 
414 176 8 10 0.025929123 
125 206 12 15 0.025843251 
622 165 8 11 0.025821494 
370 213 9 13 0.025798958 
140 224 15 19 0.025783738 
600 158 9 11 0.025755165 
606 147 11 12 0.025717769 
958 162 21 27 0.025679415 
529 193 8 10 0.025312511 
551 158 10 12 0.025181958 
949 139 13 16 0.024731776 
36 202 14 18 0.02473148 
558 237 11 13 0.024655584 
654 213 9 13 0.024387158 
543 253 11 14 0.02436114 
598 188 13 17 0.024206338 
382 219 9 12 0.024177117 
608 158 9 11 0.024098119 
439 205 10 11 0.02408988 
700 168 14 17 0.024059106 
131 191 26 31 0.023985261 
542 204 10 13 0.023872802 
304 191 13 18 0.023839884 
285 207 11 12 0.02378716 
962 156 16 20 0.023524106 
401 191 8 10 0.023520516 
601 175 8 11 0.023479013 
392 230 10 13 0.023388831 
38 210 14 19 0.02336799 
934 114 13 17 0.02319134 
616 158 9 12 0.02311341 
375 191 8 11 0.022970593 
525 251 10 14 0.022785667 
470 204 9 12 0.022572825 
631 192 9 13 0.022552399 
1010 159 13 22 0.02222105 
615 141 9 11 0.022196706 
575 196 9 12 0.022142664 
551 181 8 10 0.021941362 
529 229 9 12 0.021933263 
923 119 21 28 0.021707091 
690 185 13 15 0.021623673 
544 167 8 12 0.02160232 
955 129 20 26 0.021576209 
397 212 8 11 0.021431064 
298 156 29 36 0.021313416 
624 108 8 10 0.021169117 
463 211 10 13 0.021070153 
614 173 9 11 0.021059638 
648 159 8 11 0.021046257 
463 193 8 11 0.02095648 
391 219 9 12 0.020909583 
689 167 20 24 0.020893183 
118 162 17 23 0.020777976 
575 176 8 11 0.020644536 
470 221 10 13 0.020627387 
516 237 11 13 0.020609334 
569 120 8 9 0.020546893 
266 216 22 27 0.020519277 
562 182 9 11 0.020418422 
104 350 10 13 0.020347392 
476 256 30 33 0.020185843 
383 192 9 10 0.020177359 
325 197 11 15 0.020150218 
