0_Parade_Parade_0_68
1326
502 418 12 15 0.72947997 
729 365 10 12 0.59939104 
454 391 10 13 0.54427946 
525 367 10 12 0.48050994 
714 420 13 17 0.38473883 
215 404 11 14 0.3586467 
324 340 9 12 0.3524596 
502 303 9 11 0.3373469 
256 211 8 10 0.33546957 
413 301 9 10 0.33320296 
225 357 8 10 0.33286464 
153 358 8 10 0.31846917 
201 233 7 9 0.3140118 
711 387 9 11 0.31383026 
115 373 12 14 0.3067006 
358 302 8 10 0.3007974 
514 294 8 11 0.29663292 
450 359 8 11 0.28441232 
485 431 9 13 0.2809868 
536 384 9 11 0.27870637 
408 412 12 15 0.2730413 
470 405 9 11 0.26821712 
507 480 12 16 0.2597434 
322 356 9 12 0.25638965 
290 366 8 11 0.24471845 
313 414 9 11 0.24427055 
277 376 11 12 0.24004029 
528 420 10 12 0.22934219 
408 418 12 16 0.22583975 
797 294 8 11 0.21687771 
546 311 8 11 0.20888902 
800 384 8 11 0.2074521 
751 285 7 10 0.20373762 
296 197 7 9 0.20045069 
864 366 9 12 0.19947885 
407 392 10 12 0.19469152 
241 191 6 9 0.19099203 
166 365 8 10 0.18369718 
96 187 9 12 0.18263383 
585 342 9 12 0.18122853 
737 388 9 12 0.17988831 
505 364 10 14 0.17768729 
505 347 11 14 0.1771166 
290 344 10 12 0.17506962 
643 436 11 14 0.17400251 
268 475 11 15 0.1723037 
344 366 9 11 0.1695042 
334 410 11 14 0.16461144 
351 277 9 12 0.1643178 
151 381 11 14 0.16415426 
247 382 9 12 0.16342102 
392 474 12 15 0.16220617 
425 288 8 9 0.16195719 
208 205 8 10 0.15980545 
498 413 11 14 0.15904443 
416 271 9 11 0.1561605 
376 439 9 13 0.15313272 
182 205 9 11 0.1521751 
653 399 9 11 0.1514515 
280 184 7 9 0.14921011 
585 365 8 10 0.1484723 
743 221 8 11 0.14677222 
133 183 9 11 0.14637831 
159 199 7 9 0.14423524 
149 398 12 15 0.1415083 
133 188 9 12 0.1405127 
454 414 10 13 0.13977124 
590 408 8 11 0.13968311 
546 285 8 11 0.1396455 
415 275 9 12 0.13918723 
817 428 8 12 0.1386997 
421 444 11 15 0.13809903 
392 326 7 10 0.13772084 
588 412 10 13 0.13711981 
391 375 10 12 0.13657016 
271 222 7 9 0.13595137 
697 557 9 13 0.13278198 
185 397 9 11 0.13179909 
322 350 10 13 0.13001604 
235 397 11 13 0.12801288 
607 398 10 13 0.12739871 
653 376 9 13 0.12697832 
662 310 8 10 0.12477015 
512 270 8 11 0.12355539 
710 367 8 10 0.123161964 
751 325 9 11 0.12283365 
250 351 8 10 0.12270994 
454 439 11 14 0.12264036 
247 193 6 8 0.12125171 
181 372 9 12 0.12084475 
365 263 8 11 0.120772876 
721 308 8 11 0.11948704 
317 244 11 12 0.116628505 
81 356 9 12 0.116371796 
153 352 9 12 0.115403354 
352 406 9 12 0.114368185 
549 270 8 9 0.113304086 
546 271 7 10 0.112704836 
809 230 8 10 0.11202082 
638 383 9 12 0.11172892 
461 310 9 11 0.11128204 
478 387 12 14 0.11080404 
278 238 8 10 0.110519715 
185 224 8 9 0.109881595 
536 405 10 11 0.10938311 
605 392 10 12 0.10844929 
233 191 7 9 0.10747215 
791 231 6 9 0.10691861 
461 374 9 12 0.10662876 
313 451 11 13 0.106159195 
641 431 11 13 0.106006876 
282 200 7 8 0.10388876 
511 276 8 12 0.10385429 
312 444 12 15 0.103837 
425 392 8 10 0.10177194 
193 367 8 10 0.10118516 
183 201 8 10 0.10098421 
471 446 9 12 0.100928545 
552 294 7 9 0.100802176 
264 215 7 9 0.10016369 
192 232 7 9 0.10001467 
758 303 8 10 0.09963272 
391 406 10 12 0.09864757 
366 269 8 11 0.09743022 
276 391 10 12 0.09733276 
288 200 7 9 0.09612301 
381 358 9 12 0.09502649 
327 231 7 10 0.093488105 
546 279 8 10 0.093071766 
496 388 8 12 0.09250714 
873 414 11 13 0.09209654 
185 230 8 9 0.09199884 
431 392 9 11 0.091934286 
358 383 8 10 0.09158549 
248 231 7 10 0.090260044 
798 356 9 12 0.089865975 
225 231 7 10 0.08958282 
545 317 9 10 0.08862204 
391 381 10 13 0.08811682 
417 264 8 10 0.08747582 
276 397 10 11 0.08661064 
189 396 10 12 0.086252816 
669 342 9 11 0.08557058 
462 438 9 12 0.08538345 
703 312 8 11 0.085202314 
502 391 9 12 0.084325336 
310 153 8 10 0.08431421 
455 382 11 13 0.08409697 
336 367 9 10 0.08332226 
576 295 7 10 0.08271873 
248 196 7 9 0.08265366 
312 435 12 15 0.08166018 
617 270 7 9 0.08128695 
665 391 8 10 0.081163935 
727 247 9 11 0.08112113 
506 357 12 16 0.080589585 
463 302 8 10 0.080371596 
295 381 10 13 0.07997975 
398 431 10 12 0.07982314 
353 190 8 11 0.07959277 
560 327 7 10 0.07954645 
181 351 8 10 0.07931543 
830 223 7 10 0.07902068 
376 398 8 11 0.0790111 
166 402 12 14 0.07876825 
480 397 10 11 0.078382745 
868 368 9 12 0.078244165 
520 397 9 10 0.078008555 
430 294 8 10 0.077667125 
589 365 8 11 0.077196755 
401 397 9 11 0.07636547 
552 325 9 11 0.07618786 
254 232 8 9 0.07536817 
391 334 7 10 0.075123675 
241 373 8 11 0.07492007 
581 532 9 12 0.074753635 
584 336 8 11 0.07456686 
416 380 8 11 0.07447293 
447 396 8 11 0.07422822 
600 390 8 11 0.074103005 
624 286 7 10 0.0739145 
648 404 9 12 0.07363962 
801 353 8 10 0.073486105 
688 367 8 10 0.07337733 
178 367 9 11 0.07329998 
432 302 8 11 0.072762944 
512 264 8 10 0.072674625 
264 192 7 8 0.072650254 
428 287 8 10 0.07180771 
632 558 11 14 0.07116398 
512 398 8 11 0.071132906 
798 449 11 15 0.06947692 
479 347 9 12 0.06944174 
441 396 9 12 0.069356985 
720 404 10 12 0.06918303 
577 365 8 11 0.0691056 
510 435 11 14 0.068938866 
805 248 9 10 0.06892358 
644 443 10 13 0.06863701 
412 407 10 14 0.06839409 
770 248 8 11 0.06828802 
591 318 8 9 0.06794454 
240 367 9 11 0.06745255 
520 391 8 10 0.0673785 
271 217 8 9 0.06734353 
545 293 8 10 0.06721114 
758 308 8 10 0.06693191 
526 157 8 10 0.06684917 
649 375 9 13 0.06638944 
327 407 10 12 0.066280514 
582 270 7 10 0.0656694 
472 421 8 11 0.06505792 
272 192 7 9 0.065049045 
272 176 6 8 0.064558774 
313 245 10 11 0.06445403 
216 232 8 9 0.06440195 
383 470 9 13 0.0643456 
301 381 9 12 0.06430481 
143 372 9 11 0.06399888 
712 317 8 10 0.06368287 
582 262 7 9 0.06355156 
622 436 10 13 0.06345479 
391 388 9 11 0.06296716 
758 326 9 11 0.06276601 
167 376 9 11 0.06263911 
478 168 8 12 0.06248592 
349 398 10 12 0.062327586 
475 173 9 11 0.062321313 
266 198 7 9 0.0622186 
258 192 7 8 0.061729405 
807 391 8 10 0.0617225 
344 343 8 10 0.061557136 
544 325 9 10 0.06154343 
597 535 12 15 0.061533187 
438 375 8 11 0.06151792 
664 316 8 11 0.06145679 
438 381 8 11 0.061425418 
567 383 9 12 0.061375156 
191 406 10 11 0.061022166 
192 414 9 12 0.06078701 
505 371 9 11 0.0606613 
582 396 8 11 0.060637016 
335 373 8 11 0.060437385 
223 374 9 12 0.06028329 
87 184 9 11 0.0600747 
249 255 7 10 0.060071297 
572 426 11 15 0.060045116 
502 436 11 14 0.060010646 
119 341 7 10 0.060006265 
390 341 8 11 0.06000048 
472 413 9 11 0.059954647 
256 254 7 10 0.059921406 
583 451 10 14 0.059666257 
193 420 9 12 0.059651863 
693 429 11 15 0.05950327 
848 325 9 11 0.059496757 
504 396 9 11 0.059403915 
439 391 8 11 0.059155993 
198 420 10 13 0.059080046 
374 294 7 9 0.058922485 
215 423 10 12 0.058758635 
440 407 9 12 0.05863466 
271 198 7 9 0.058592014 
304 454 9 12 0.058360815 
256 357 8 10 0.05775849 
577 287 7 10 0.057392307 
726 405 8 12 0.05738238 
385 335 7 10 0.057377428 
175 455 8 11 0.057362366 
526 398 8 10 0.057116758 
118 334 9 12 0.05703075 
577 390 8 11 0.057005446 
328 262 8 11 0.05699559 
104 351 10 12 0.056985628 
730 347 9 12 0.056824353 
472 271 7 10 0.056731425 
143 215 7 9 0.05661098 
344 390 9 12 0.056524813 
496 462 11 14 0.056444027 
242 184 6 8 0.05636162 
357 183 8 10 0.05598463 
759 223 7 9 0.05556417 
312 419 9 13 0.05534407 
633 383 9 12 0.055166945 
735 412 9 12 0.054896493 
240 215 7 8 0.054804076 
780 413 10 13 0.05464865 
484 477 12 15 0.0545391 
742 295 8 10 0.054395907 
234 207 6 9 0.05434214 
360 297 8 11 0.054252714 
447 167 9 13 0.054247662 
662 285 9 11 0.054133553 
262 209 8 10 0.05406485 
95 376 9 12 0.054035924 
567 310 7 10 0.05393004 
318 419 10 12 0.05371108 
453 365 10 11 0.053606752 
690 222 8 10 0.05354343 
592 383 9 11 0.053413574 
263 358 8 11 0.053273432 
605 159 7 9 0.052904252 
85 352 10 13 0.052739635 
272 452 10 14 0.05263948 
871 439 11 13 0.052504808 
656 356 8 11 0.05239435 
177 461 8 10 0.052335143 
353 310 8 11 0.05226003 
832 205 8 10 0.05220341 
245 375 10 12 0.052190933 
463 271 8 11 0.051785164 
238 208 8 10 0.051757783 
462 317 10 12 0.051732183 
457 277 9 11 0.051324077 
235 403 12 14 0.05122565 
578 264 8 10 0.05113067 
61 221 8 10 0.051021673 
753 303 9 11 0.050981387 
495 158 9 11 0.05086258 
72 373 9 12 0.050773196 
657 447 8 11 0.05060658 
94 339 11 12 0.050542377 
463 397 8 11 0.050531466 
486 373 11 13 0.050476633 
521 414 9 11 0.050382804 
607 486 9 10 0.050338153 
466 406 8 10 0.05025139 
449 351 9 12 0.05001692 
488 382 10 13 0.049939156 
617 266 7 9 0.049891777 
250 213 7 10 0.04983167 
295 223 7 9 0.049728997 
185 237 7 8 0.049605113 
448 438 12 16 0.049526945 
513 286 9 11 0.049467 
142 397 12 15 0.04929733 
278 232 8 11 0.04898444 
826 222 7 9 0.048908345 
232 175 6 8 0.048848603 
558 405 9 11 0.04861576 
312 381 9 13 0.048540115 
615 429 10 14 0.04847963 
182 356 8 10 0.048409946 
501 158 9 11 0.04838683 
529 348 9 12 0.048355967 
303 406 8 12 0.04822498 
230 231 7 11 0.048052967 
254 331 8 12 0.047740076 
479 468 9 13 0.047714524 
512 390 9 12 0.04765273 
574 318 8 10 0.04752933 
544 304 8 10 0.047472954 
606 351 8 10 0.04740806 
727 252 8 10 0.047364004 
800 312 8 10 0.04733742 
481 434 11 13 0.04723673 
598 383 10 11 0.047210746 
562 308 8 10 0.047141857 
649 352 7 10 0.046862766 
295 373 10 13 0.04678763 
582 459 10 13 0.046712637 
856 392 8 10 0.046331897 
553 374 9 11 0.0463019 
737 294 8 11 0.04627075 
309 474 13 17 0.046264835 
641 245 9 11 0.046238165 
436 166 10 14 0.0462246 
216 222 8 10 0.046139326 
353 382 9 12 0.046016984 
303 424 10 12 0.045931682 
303 467 11 16 0.04585096 
462 295 8 11 0.045846086 
800 300 8 10 0.045818448 
358 308 9 11 0.045735437 
195 518 10 12 0.0456255 
697 318 8 10 0.04561392 
847 309 9 11 0.04548026 
294 387 10 12 0.045426693 
318 381 11 13 0.045317225 
462 414 9 12 0.045237612 
128 358 9 12 0.04522086 
173 381 10 11 0.04512966 
328 222 7 9 0.045102037 
799 429 12 14 0.044988636 
344 348 8 10 0.044825647 
280 190 6 8 0.044798862 
409 296 8 11 0.04475901 
529 312 8 9 0.04475218 
792 390 9 10 0.044686835 
791 342 8 11 0.04463896 
489 175 8 10 0.04457751 
577 397 10 12 0.044573747 
100 380 10 12 0.044519115 
128 351 7 10 0.044427462 
814 225 7 9 0.044214092 
312 279 8 11 0.04402593 
215 237 7 9 0.043988664 
255 237 8 9 0.043864746 
297 216 7 9 0.043844152 
368 367 8 11 0.04383887 
463 443 10 14 0.043818407 
502 409 11 13 0.043743927 
344 326 7 11 0.043658543 
272 231 8 10 0.04360919 
661 446 9 11 0.043547537 
198 455 9 11 0.043520417 
557 374 9 11 0.043466095 
509 372 9 11 0.043381937 
413 391 9 12 0.043260705 
208 438 8 11 0.043256342 
550 265 8 10 0.043131616 
327 382 9 12 0.043003548 
208 412 9 12 0.04296412 
404 438 12 14 0.042888775 
551 156 8 11 0.042873103 
225 192 7 9 0.042847026 
414 426 11 13 0.04278082 
264 397 8 11 0.04272968 
787 232 6 8 0.04272606 
751 222 7 10 0.042707786 
842 292 8 12 0.04268643 
346 396 9 12 0.04267735 
99 189 10 12 0.042660482 
190 207 8 10 0.04261346 
585 294 9 11 0.042541068 
485 349 10 12 0.04250882 
486 333 8 11 0.04250228 
864 390 9 11 0.0424096 
153 334 8 11 0.042293 
157 358 8 11 0.042241782 
236 412 13 15 0.042092267 
290 230 7 9 0.04207558 
511 382 9 11 0.04207091 
234 390 9 12 0.042062946 
341 411 11 14 0.042024642 
496 407 9 12 0.041940313 
251 209 8 10 0.04191178 
421 578 11 15 0.041909028 
662 357 9 11 0.041870072 
228 351 10 13 0.04184829 
206 232 8 10 0.04177224 
511 333 9 11 0.041766524 
302 374 9 11 0.041753635 
540 389 9 11 0.04171355 
711 312 8 10 0.04169561 
735 428 11 14 0.041680794 
434 381 8 10 0.0416251 
591 484 8 11 0.041525997 
736 406 9 12 0.04148665 
231 237 7 9 0.04147753 
270 439 10 11 0.041386157 
776 435 12 15 0.04136837 
449 364 8 10 0.04131219 
671 470 7 11 0.04127978 
471 311 9 11 0.0411036 
819 422 10 12 0.041015737 
366 374 8 10 0.04094766 
241 197 7 9 0.040871374 
327 199 8 9 0.04078943 
673 223 7 9 0.040712263 
536 311 8 10 0.040595025 
799 316 9 11 0.04057295 
133 382 9 11 0.04054309 
465 432 9 11 0.040497866 
248 261 7 9 0.04034646 
481 333 8 11 0.040185396 
802 249 8 10 0.040131032 
273 419 9 12 0.039940096 
208 238 8 9 0.039937988 
625 318 8 10 0.03984702 
222 335 8 10 0.039833523 
321 199 8 10 0.03975936 
537 335 7 10 0.03969214 
546 265 8 9 0.039680038 
421 421 11 14 0.03955132 
557 399 9 12 0.039542817 
526 391 8 10 0.03950146 
856 397 9 12 0.039407816 
416 326 9 10 0.039356943 
299 461 12 15 0.039275426 
129 197 7 10 0.03926678 
277 413 11 14 0.039193623 
847 230 9 11 0.039182402 
448 414 10 12 0.039118823 
218 358 8 10 0.039090846 
581 278 8 11 0.03904321 
210 406 9 13 0.03899643 
455 164 11 14 0.03897373 
758 248 9 11 0.03896104 
246 183 7 8 0.038909398 
457 272 8 11 0.0389079 
584 346 8 12 0.038803976 
486 387 10 13 0.038796917 
265 470 9 12 0.03864248 
259 534 12 15 0.038573623 
291 225 7 9 0.038529787 
159 453 8 11 0.038504463 
311 429 10 13 0.038445868 
312 389 8 11 0.038347498 
256 198 7 9 0.038314033 
128 232 8 10 0.038313318 
265 184 6 8 0.03827035 
625 279 8 10 0.03826848 
584 436 10 13 0.038260583 
224 174 7 9 0.038228683 
585 407 9 11 0.038214836 
234 185 6 8 0.03817796 
271 447 10 13 0.038115725 
231 410 12 16 0.038093813 
560 304 8 10 0.038063824 
566 472 10 13 0.037975296 
529 382 8 11 0.03786947 
626 311 8 10 0.037832458 
519 174 9 10 0.037776716 
527 359 10 13 0.037758783 
476 445 11 14 0.03767287 
670 350 8 11 0.037625175 
512 299 8 11 0.03754736 
471 166 10 14 0.03743263 
410 278 8 11 0.037396345 
366 256 7 10 0.03731483 
847 397 9 12 0.03722888 
193 190 8 10 0.03721709 
168 390 11 13 0.037139155 
806 436 9 12 0.037129626 
295 436 10 13 0.037030365 
718 333 9 11 0.037007246 
273 184 7 8 0.037000924 
761 357 8 11 0.036936864 
145 381 9 13 0.036921866 
392 399 9 11 0.03686382 
695 405 9 11 0.036825508 
416 451 11 13 0.03680219 
869 391 10 12 0.036775462 
851 332 10 13 0.036764763 
277 405 10 13 0.03675823 
849 303 8 10 0.036619823 
190 255 7 9 0.036583826 
118 386 10 14 0.036569074 
222 215 7 9 0.036544476 
761 238 7 9 0.036515314 
584 301 8 9 0.036486857 
231 429 8 11 0.036442813 
432 342 8 11 0.036346257 
248 237 7 9 0.036280192 
533 414 12 14 0.036141377 
734 246 7 10 0.03605372 
654 413 9 12 0.03603839 
273 264 7 9 0.03603349 
472 541 9 12 0.035988312 
226 249 6 8 0.03594485 
704 294 7 10 0.035926733 
863 438 9 13 0.03590167 
739 223 8 10 0.035894226 
720 247 8 10 0.035854187 
214 206 8 10 0.035844952 
182 462 7 10 0.035829563 
747 327 8 10 0.035801496 
855 223 7 10 0.035707194 
593 388 8 11 0.035666432 
397 435 12 14 0.035647504 
727 369 10 12 0.03563478 
343 334 7 10 0.035634756 
277 460 11 15 0.03561639 
846 319 10 12 0.035551917 
733 344 8 11 0.035547376 
567 326 8 9 0.035522867 
657 452 9 12 0.03550922 
664 280 7 10 0.03550298 
576 407 9 11 0.035440598 
600 485 8 11 0.035412457 
382 421 11 14 0.03531619 
423 311 8 10 0.035310324 
209 184 7 9 0.035290312 
731 359 11 15 0.035150133 
382 364 9 11 0.035149116 
500 464 13 16 0.035133775 
752 321 8 10 0.03511984 
198 366 9 11 0.034918036 
488 157 10 13 0.034902446 
144 453 8 12 0.034879565 
645 420 10 12 0.034875754 
374 174 8 11 0.034825232 
486 399 8 10 0.03473792 
486 358 11 12 0.034640223 
552 429 11 15 0.03460148 
368 302 8 11 0.034584895 
664 396 8 11 0.034518544 
120 286 8 9 0.034500122 
689 462 9 12 0.034430448 
201 207 7 9 0.03440406 
567 351 9 10 0.034369994 
601 366 9 12 0.034332745 
520 383 8 10 0.034324255 
167 200 7 9 0.03430788 
832 311 9 10 0.03430486 
558 414 9 11 0.034288343 
662 414 9 11 0.03421788 
711 453 9 12 0.034139626 
439 543 8 11 0.03408921 
506 414 12 15 0.03402678 
534 342 9 12 0.034020763 
593 325 8 10 0.033997905 
753 308 8 10 0.033979915 
741 428 10 12 0.033951692 
401 182 10 13 0.03386132 
824 217 6 8 0.03379648 
186 256 7 9 0.03375238 
335 221 7 10 0.03374932 
264 373 7 11 0.033721387 
656 487 8 10 0.033596594 
350 284 10 10 0.033569496 
640 365 9 11 0.033563133 
305 192 7 9 0.0335183 
399 391 10 12 0.033475365 
407 425 11 14 0.033461925 
602 351 8 11 0.03340786 
286 461 11 14 0.033374295 
178 199 8 11 0.03335905 
849 392 8 11 0.033311464 
458 317 8 12 0.03329286 
294 230 8 9 0.033274062 
712 461 8 11 0.033262264 
207 430 8 11 0.03323455 
809 225 8 10 0.033223055 
310 367 8 11 0.033186715 
306 183 6 9 0.033177726 
423 429 10 11 0.03314475 
729 239 8 10 0.033128258 
878 406 9 12 0.033085335 
304 240 7 9 0.033035766 
310 408 9 11 0.03296364 
703 413 9 12 0.032921858 
711 223 8 10 0.032915354 
173 422 10 12 0.03291523 
303 197 7 9 0.03281946 
104 311 8 11 0.032815702 
248 250 7 8 0.03280636 
862 382 9 13 0.03280138 
693 462 9 12 0.03278855 
416 320 8 10 0.032774713 
494 164 9 11 0.032766264 
657 291 7 11 0.03275727 
669 396 8 12 0.032741874 
575 301 8 10 0.032735698 
278 215 8 9 0.032697402 
356 410 11 13 0.032665644 
792 300 7 9 0.032634154 
624 540 9 12 0.03258994 
791 446 11 14 0.032543864 
209 189 7 10 0.032426357 
785 544 9 12 0.03242623 
830 366 9 11 0.032424442 
191 237 8 9 0.03241753 
375 405 9 12 0.03237591 
834 303 7 10 0.032374967 
367 231 7 9 0.03235592 
136 197 8 10 0.032262098 
553 382 9 12 0.032259565 
307 152 7 10 0.03225858 
200 225 8 10 0.032251008 
797 288 8 11 0.032244474 
417 174 8 11 0.032221556 
735 240 8 10 0.032212533 
135 391 9 12 0.03219365 
590 336 9 10 0.03210749 
487 445 10 13 0.03208576 
193 361 8 10 0.032054927 
249 226 6 8 0.03205444 
241 381 10 12 0.032047983 
526 425 11 13 0.032033674 
400 365 9 11 0.031878453 
469 430 8 11 0.031861797 
623 294 9 11 0.031861417 
544 478 8 10 0.031845145 
705 510 9 12 0.031778473 
375 309 8 11 0.031760257 
191 439 9 11 0.031759042 
551 341 9 11 0.031741932 
591 313 8 9 0.031682357 
461 162 13 15 0.031666104 
479 476 12 16 0.031615235 
534 350 9 12 0.031610724 
304 246 8 10 0.03160786 
783 419 10 12 0.031594068 
354 451 13 16 0.031575155 
774 246 8 11 0.031495396 
344 406 10 14 0.031476073 
338 327 8 11 0.031460717 
369 294 7 10 0.031444382 
593 540 11 14 0.03142982 
496 310 9 11 0.03138542 
427 444 11 17 0.031358335 
616 470 8 11 0.031331275 
294 358 9 13 0.031325288 
400 357 9 12 0.031306796 
423 317 10 12 0.03130058 
876 418 11 13 0.031293314 
495 437 11 14 0.03125215 
661 453 9 12 0.03123036 
438 366 8 11 0.031197296 
326 236 9 11 0.031190468 
160 205 6 9 0.031165177 
241 349 9 12 0.031118374 
533 374 8 10 0.031086667 
848 453 9 12 0.031043723 
849 225 8 11 0.031035027 
263 367 8 10 0.031027382 
478 557 12 15 0.030983118 
438 170 10 13 0.030975565 
322 223 7 9 0.030959392 
256 396 8 11 0.030937826 
200 438 9 11 0.030801639 
429 159 12 15 0.03079426 
375 287 8 10 0.030772606 
383 196 9 11 0.030688586 
349 366 8 11 0.030623993 
794 288 7 10 0.030608382 
624 414 8 11 0.030582273 
784 389 8 11 0.030575408 
780 430 10 13 0.030575009 
569 318 8 10 0.030561913 
543 351 10 12 0.030552873 
784 470 10 12 0.030551678 
318 459 11 14 0.03050671 
665 352 8 11 0.03049289 
530 279 9 11 0.030456187 
739 383 10 13 0.030452266 
303 222 7 9 0.030446595 
758 319 8 10 0.030402998 
422 468 11 14 0.03037067 
448 374 9 11 0.030350314 
715 388 11 12 0.030339258 
278 429 10 13 0.03027915 
472 388 11 13 0.030264487 
520 405 9 11 0.03024445 
352 213 8 10 0.030144213 
809 395 9 12 0.030139953 
311 374 8 11 0.030122802 
799 422 11 12 0.030109046 
527 405 8 11 0.0301056 
177 357 8 10 0.030072344 
112 366 10 12 0.03006625 
190 223 7 9 0.030032491 
374 303 8 10 0.029971452 
113 342 8 11 0.029966705 
629 436 11 14 0.029959887 
625 302 8 10 0.029959187 
503 445 11 12 0.029933305 
232 198 8 9 0.029931726 
478 301 9 12 0.029875899 
781 444 12 16 0.029794065 
288 206 7 8 0.029785967 
496 317 9 11 0.029759523 
218 374 8 11 0.02973994 
328 215 7 10 0.029706268 
409 248 8 10 0.02965758 
520 420 10 12 0.029629523 
682 200 8 9 0.029626798 
689 468 9 12 0.029612102 
431 430 8 10 0.029588545 
648 357 8 10 0.029567836 
477 421 10 12 0.029519297 
375 391 9 11 0.029500997 
463 420 9 11 0.02948561 
781 383 9 12 0.029450106 
799 278 7 9 0.029443236 
495 325 9 12 0.02943727 
457 294 8 11 0.029419502 
248 344 9 12 0.02939233 
184 213 8 9 0.029366048 
215 534 13 13 0.02930172 
726 305 9 10 0.029259892 
857 204 9 11 0.029140348 
133 423 10 12 0.029134506 
255 176 7 8 0.029075151 
640 421 10 11 0.029056005 
648 413 9 12 0.028993744 
263 382 8 10 0.028992398 
698 312 7 9 0.028970044 
404 174 9 11 0.02896115 
744 229 8 10 0.028957691 
246 407 10 12 0.02894251 
325 507 14 16 0.028932307 
662 421 9 11 0.02887471 
625 272 7 9 0.028872872 
641 405 9 12 0.028872719 
231 443 10 12 0.028742976 
310 191 7 9 0.028656373 
640 216 8 11 0.02865506 
304 358 10 12 0.028630184 
656 317 8 10 0.028584896 
808 263 8 9 0.02858217 
152 160 6 9 0.02857322 
263 431 8 11 0.028544953 
473 276 8 11 0.028535916 
267 222 7 9 0.02849954 
383 287 8 10 0.028458232 
460 379 10 14 0.02845099 
775 375 10 12 0.028437296 
368 286 8 10 0.028377706 
574 311 9 10 0.028353155 
161 191 7 10 0.028314844 
181 327 9 11 0.02824502 
671 319 8 10 0.028235795 
575 413 10 12 0.028230172 
527 139 9 12 0.028211704 
583 429 10 14 0.028200371 
743 302 8 10 0.028190918 
557 295 7 9 0.02818496 
727 231 8 9 0.028184682 
888 429 8 12 0.028161118 
702 551 10 13 0.028126374 
376 431 10 13 0.028111719 
346 191 9 11 0.028091423 
478 295 8 11 0.028083457 
864 423 8 11 0.028081529 
777 406 10 13 0.02807214 
696 358 8 11 0.028068895 
111 280 7 9 0.027993323 
776 381 11 14 0.027978484 
489 164 9 12 0.027945524 
785 319 7 10 0.027943887 
703 541 9 12 0.027876956 
861 429 10 12 0.02785018 
506 263 8 10 0.027836524 
520 453 10 14 0.02779412 
791 421 9 12 0.02779185 
142 191 8 10 0.027771905 
856 405 10 13 0.02776777 
554 404 9 12 0.02766225 
630 311 8 10 0.027660685 
664 336 8 11 0.027587125 
356 188 9 12 0.027528936 
287 371 9 12 0.027507083 
554 389 8 11 0.02744402 
576 335 8 11 0.027408492 
375 364 9 12 0.027400816 
686 200 7 9 0.027379466 
495 111 10 12 0.027366208 
288 382 9 12 0.027330246 
559 549 12 14 0.027318437 
142 198 8 9 0.027316712 
380 428 10 13 0.02727391 
456 406 9 11 0.027234918 
792 227 7 8 0.02723252 
776 351 9 11 0.027209245 
740 412 10 13 0.027208544 
533 366 9 12 0.027200254 
232 366 8 10 0.027185705 
456 302 8 11 0.027112294 
422 326 9 11 0.027093008 
720 240 8 10 0.027088938 
618 286 8 10 0.027054882 
753 246 8 11 0.027038114 
415 438 12 15 0.026999291 
752 273 7 9 0.026980821 
321 216 8 9 0.026980245 
273 169 7 8 0.026961217 
185 404 9 11 0.026904164 
68 397 11 14 0.026870726 
225 208 7 9 0.026822116 
584 256 7 9 0.026816323 
791 397 9 12 0.026813108 
718 343 10 12 0.026810445 
471 316 10 12 0.02677465 
530 317 7 10 0.026771033 
624 264 7 9 0.026764344 
577 452 10 13 0.02675768 
775 222 9 11 0.02675531 
785 477 11 14 0.026721518 
104 317 9 11 0.026719017 
734 420 10 13 0.026715955 
416 254 8 10 0.026712487 
357 317 9 11 0.026709108 
679 486 8 10 0.026689233 
313 240 8 11 0.026676992 
509 343 9 13 0.02665263 
323 231 7 9 0.026642526 
454 336 9 12 0.026625553 
191 262 7 9 0.026593294 
706 230 7 9 0.026578004 
194 185 7 9 0.026510125 
120 318 9 12 0.026486529 
537 158 8 10 0.026472928 
303 216 7 9 0.02646924 
385 340 8 11 0.026469039 
87 380 10 14 0.02645323 
558 368 8 10 0.026439827 
560 452 9 12 0.026429532 
705 224 9 10 0.026423067 
461 276 9 11 0.026417216 
342 371 10 12 0.026394237 
363 239 7 9 0.026328145 
513 326 9 12 0.026326848 
522 372 9 11 0.026300397 
607 303 8 9 0.02622428 
545 201 7 10 0.026195144 
473 191 9 11 0.026162378 
775 389 10 12 0.026137417 
534 454 11 14 0.026109582 
750 398 8 10 0.026077889 
646 452 9 11 0.02606184 
577 462 10 11 0.026057629 
108 358 9 11 0.026048027 
57 230 9 12 0.026045222 
390 467 19 25 0.026034072 
694 442 11 14 0.026011616 
804 383 9 12 0.026009757 
423 162 11 14 0.026006816 
103 362 10 12 0.025983872 
171 397 11 14 0.025973637 
570 359 8 11 0.025949635 
327 205 7 10 0.025945993 
729 389 9 12 0.025872221 
586 167 8 10 0.025869086 
534 280 9 10 0.025837438 
605 367 10 12 0.025811499 
440 359 8 11 0.025807243 
644 366 10 11 0.025797108 
685 205 8 10 0.025794605 
462 324 9 11 0.02578281 
784 350 9 12 0.02577205 
166 429 10 13 0.02576925 
142 389 11 14 0.025742238 
346 295 7 9 0.025734615 
616 375 9 11 0.025731334 
105 324 8 11 0.025700482 
379 442 12 16 0.025629912 
252 268 235 251 0.025621645 
400 335 8 10 0.025612868 
648 320 8 9 0.025593631 
184 438 8 11 0.025590053 
226 197 7 9 0.025579246 
568 305 7 10 0.025578087 
703 399 8 11 0.025539378 
87 370 235 246 0.025523398 
752 332 9 11 0.025516363 
880 390 9 12 0.025495265 
798 363 10 14 0.025478443 
612 404 11 13 0.025447724 
744 309 9 10 0.025444955 
352 357 9 11 0.025422297 
146 159 7 8 0.025407895 
271 358 10 11 0.025353855 
391 367 9 12 0.025328793 
191 198 8 9 0.025322324 
640 469 9 12 0.025292503 
662 461 9 12 0.025268368 
384 475 10 13 0.02524861 
886 445 9 11 0.02523792 
712 445 10 14 0.025229853 
161 182 7 10 0.025179222 
192 215 7 9 0.025176313 
310 183 7 9 0.025123911 
712 279 8 10 0.025093077 
551 453 9 12 0.02508068 
240 344 9 11 0.0250717 
672 486 9 11 0.025069268 
407 517 8 11 0.02506124 
281 206 8 9 0.025013644 
224 379 10 13 0.025000311 
542 142 8 10 0.02499619 
151 454 9 11 0.024982467 
264 414 8 11 0.024981046 
881 398 8 11 0.024976762 
352 230 7 9 0.024960877 
392 437 11 15 0.024945682 
159 403 10 13 0.024944428 
159 462 8 10 0.024937952 
829 405 10 12 0.024937775 
617 278 7 9 0.024934817 
376 224 7 9 0.02492582 
478 326 8 11 0.024925185 
243 255 8 10 0.024854103 
655 419 9 12 0.024846915 
775 442 13 16 0.024779435 
518 430 10 13 0.024768552 
245 367 10 12 0.02475755 
350 389 9 12 0.024757426 
166 423 10 13 0.024735898 
536 318 8 10 0.024733964 
537 326 8 11 0.024733298 
385 326 8 11 0.02467352 
280 271 8 10 0.024651874 
241 223 7 9 0.02464438 
585 174 8 10 0.02461287 
227 254 6 9 0.024607318 
814 436 9 11 0.024586864 
441 287 8 10 0.024581542 
736 302 8 10 0.024575584 
718 460 9 11 0.02453774 
536 400 9 11 0.024528086 
271 205 8 10 0.02451619 
449 335 9 11 0.024511525 
360 268 9 11 0.024508217 
218 352 8 10 0.024498468 
601 470 8 10 0.024496235 
264 231 8 10 0.024482623 
83 182 7 10 0.024480017 
785 303 7 10 0.024479916 
534 356 10 12 0.0244235 
208 443 8 12 0.024406603 
353 169 9 11 0.024397587 
256 365 9 10 0.024374727 
319 389 9 11 0.024370532 
397 373 10 13 0.02435952 
362 254 8 11 0.02435182 
461 340 11 13 0.024327945 
638 492 9 11 0.0243182 
431 412 10 13 0.02428079 
194 455 8 11 0.024269402 
736 495 8 10 0.024266409 
577 446 9 13 0.024256358 
384 381 9 13 0.02424147 
744 239 7 10 0.024188166 
710 551 10 13 0.024177577 
512 311 9 10 0.024170125 
621 152 7 9 0.024161475 
273 246 7 9 0.02415102 
476 404 10 12 0.024144698 
630 342 8 10 0.024130598 
553 367 8 11 0.024128426 
829 382 10 12 0.024123106 
607 253 8 11 0.024114644 
805 350 8 11 0.024108173 
760 216 8 10 0.02407412 
487 127 8 10 0.024031846 
519 334 9 11 0.024006372 
648 216 7 10 0.024005769 
221 422 10 13 0.024004536 
541 398 10 12 0.024003344 
792 318 8 10 0.024003178 
502 318 9 11 0.023998363 
279 263 8 10 0.023983877 
193 372 8 11 0.02395167 
553 422 9 13 0.02395098 
479 269 8 10 0.023947041 
71 379 10 14 0.023921426 
503 110 9 11 0.023893144 
263 237 8 10 0.02388639 
711 371 9 12 0.023884185 
364 540 11 13 0.023879368 
288 334 10 12 0.023870984 
199 428 10 12 0.023870245 
694 367 9 10 0.02386068 
297 405 9 13 0.023828665 
291 494 13 17 0.023825377 
535 285 8 10 0.02378811 
193 383 8 10 0.02378258 
352 195 8 11 0.023761148 
558 287 8 10 0.023752756 
320 406 9 12 0.023740578 
661 383 9 12 0.023738775 
161 375 9 12 0.023680251 
198 184 8 9 0.02363523 
155 199 7 9 0.023629986 
234 214 7 9 0.023615863 
709 485 11 14 0.023585508 
231 420 11 13 0.023539504 
842 230 9 12 0.023535725 
220 398 10 14 0.02353153 
553 184 7 10 0.023520362 
552 302 8 10 0.023498379 
408 253 8 11 0.023464313 
775 240 8 10 0.023447935 
486 531 15 20 0.023418032 
350 418 11 15 0.02340751 
358 167 8 11 0.02337705 
503 454 11 13 0.023357788 
449 383 18 23 0.023346366 
588 418 11 14 0.02333579 
687 405 10 13 0.023326216 
213 200 8 9 0.02328035 
422 263 9 11 0.023271766 
271 459 11 14 0.023271484 
577 341 9 12 0.023264581 
583 328 8 9 0.023248453 
440 278 8 10 0.023236439 
668 546 11 14 0.023231832 
518 459 10 14 0.023226896 
254 343 10 12 0.023226414 
194 176 7 8 0.023204923 
863 396 9 12 0.02320187 
393 321 8 11 0.02319613 
624 352 9 11 0.023174096 
618 295 8 10 0.023151953 
421 277 8 11 0.023141088 
871 382 10 12 0.023131022 
496 295 7 10 0.023123244 
623 420 9 11 0.023117004 
718 454 9 12 0.023109784 
128 214 7 10 0.023063205 
558 389 9 11 0.023055796 
476 414 10 13 0.02305407 
149 376 11 13 0.023047559 
383 309 8 10 0.023029726 
225 183 7 8 0.023019452 
599 406 9 11 0.022998633 
543 334 9 11 0.02299859 
600 333 7 10 0.02296907 
398 326 8 10 0.022964459 
559 333 8 10 0.022958206 
487 461 9 12 0.022951068 
520 343 9 12 0.022915086 
351 296 8 10 0.022908917 
696 334 9 12 0.022901691 
625 326 8 10 0.022879764 
257 183 7 8 0.022854982 
718 445 10 13 0.022797972 
768 390 10 12 0.022789583 
168 206 7 9 0.022782393 
158 237 7 10 0.022769213 
226 238 7 9 0.022723338 
607 358 8 10 0.022703419 
242 231 7 10 0.022702876 
278 343 11 13 0.022692481 
617 302 8 10 0.02268838 
414 247 8 10 0.022662515 
70 368 9 11 0.022650978 
273 404 9 12 0.022638187 
430 439 10 14 0.022636004 
377 382 8 11 0.022612058 
78 520 8 11 0.022610357 
214 438 9 12 0.022604298 
663 306 8 10 0.022568028 
568 158 8 10 0.022554532 
696 247 11 12 0.022544311 
824 413 9 11 0.022542167 
288 192 7 9 0.022537215 
245 462 9 12 0.022537159 
794 384 9 10 0.022521397 
741 405 9 12 0.022512022 
128 208 7 10 0.022484958 
841 236 9 12 0.02248347 
599 296 9 11 0.022480039 
326 398 9 11 0.022460254 
423 382 7 10 0.022457242 
166 412 11 13 0.022428485 
877 444 9 12 0.022405181 
629 277 8 11 0.022401944 
286 485 12 14 0.022386435 
551 461 10 13 0.022361685 
576 326 8 9 0.022358177 
279 176 7 9 0.022312175 
343 360 9 12 0.022286942 
273 270 7 9 0.022277918 
557 421 9 14 0.022254914 
774 492 8 11 0.022239655 
368 309 8 11 0.022237733 
489 405 8 11 0.02222036 
581 286 8 10 0.022215955 
247 397 9 12 0.022197358 
721 366 9 12 0.022184433 
397 405 12 15 0.022184331 
730 412 8 11 0.02217105 
160 413 9 13 0.022147413 
327 366 8 10 0.022144265 
793 311 7 10 0.022114594 
377 469 9 13 0.022111205 
127 223 7 8 0.022107422 
151 364 8 10 0.022079406 
799 200 7 9 0.02206964 
118 435 9 12 0.022047635 
261 95 8 11 0.02203029 
178 215 8 9 0.022028225 
711 286 8 10 0.022022579 
632 492 9 12 0.022010608 
611 398 12 14 0.021990806 
422 406 10 12 0.021959824 
348 302 241 245 0.021954859 
470 95 10 12 0.021953454 
613 484 9 12 0.021934742 
615 341 8 10 0.021919567 
817 216 7 8 0.021915775 
109 350 8 11 0.021910168 
801 333 8 11 0.021908514 
0 212 7 13 0.021869767 
158 232 8 10 0.021866433 
706 367 8 10 0.02186496 
358 351 9 11 0.02183204 
208 222 8 10 0.021798544 
614 390 10 12 0.021796446 
409 319 8 10 0.02179424 
111 285 8 10 0.021780023 
682 206 7 9 0.021774257 
228 404 21 25 0.021763517 
216 191 7 9 0.021762976 
207 459 10 12 0.02176263 
844 286 9 12 0.021751685 
769 493 8 11 0.02171367 
489 207 8 10 0.02169418 
745 334 8 10 0.021607708 
352 350 9 11 0.02156147 
207 264 7 9 0.02151479 
263 351 9 11 0.021512423 
256 249 8 10 0.021482982 
182 343 9 12 0.02147763 
136 445 9 12 0.021469569 
541 460 10 12 0.021445392 
710 492 9 12 0.021434676 
185 414 9 12 0.021432295 
518 436 9 13 0.021422332 
423 443 20 27 0.021413056 
527 175 8 10 0.021409 
831 372 9 11 0.02139436 
261 254 8 11 0.021391625 
332 429 11 14 0.021391438 
751 292 8 10 0.021390667 
361 375 9 11 0.02138844 
391 294 8 10 0.02137181 
605 372 10 13 0.021367641 
496 397 8 10 0.021341426 
159 421 11 14 0.021337638 
132 412 12 13 0.021329563 
439 190 9 10 0.021327812 
224 429 8 11 0.021326812 
199 445 9 11 0.021309685 
746 278 7 10 0.021298822 
538 300 238 249 0.021252727 
760 352 8 10 0.021249637 
805 493 10 12 0.02124757 
382 463 10 13 0.021236222 
133 231 7 10 0.021228768 
136 373 9 12 0.021214522 
408 383 10 11 0.021211628 
688 540 10 12 0.021199686 
540 413 11 13 0.021177115 
315 473 14 19 0.021143839 
766 437 10 13 0.021116482 
429 168 13 17 0.021114789 
411 445 21 25 0.021103075 
712 343 9 11 0.021093989 
249 177 7 9 0.021089675 
457 190 9 11 0.021085398 
490 190 8 11 0.021081747 
686 388 10 12 0.02105116 
767 398 9 11 0.021031639 
87 362 10 13 0.021029655 
484 526 27 32 0.021020941 
462 171 9 12 0.021015095 
644 558 13 15 0.020997496 
144 209 7 9 0.02097378 
617 176 7 9 0.020965127 
689 428 11 13 0.020960178 
275 475 11 16 0.020911995 
307 431 20 24 0.020896154 
296 279 8 11 0.020863757 
376 214 8 10 0.020846462 
613 461 9 12 0.020846186 
143 446 9 12 0.020829557 
543 135 8 10 0.020785872 
406 358 9 11 0.020784127 
296 458 20 27 0.020772822 
525 453 11 14 0.020718338 
503 191 8 10 0.020718332 
638 550 10 13 0.020711353 
600 254 9 11 0.02070751 
647 304 8 9 0.02070042 
831 315 8 11 0.020693049 
798 398 10 12 0.020688541 
207 256 7 9 0.020686889 
568 263 9 11 0.02068331 
230 373 9 12 0.020678272 
560 471 10 12 0.020677947 
334 381 9 12 0.020674875 
256 272 8 9 0.020673634 
800 327 8 11 0.020653995 
758 332 9 11 0.020624053 
520 445 10 13 0.020590322 
661 492 9 11 0.020586872 
529 285 9 11 0.020586105 
577 119 7 9 0.020582154 
408 326 8 10 0.020581892 
663 487 8 11 0.020570712 
193 461 8 11 0.020565543 
888 437 9 13 0.020563196 
599 480 9 10 0.02056243 
455 172 10 12 0.020538447 
581 496 9 11 0.02052819 
369 397 8 12 0.020518763 
814 236 8 11 0.020517591 
184 190 7 9 0.020483674 
263 390 8 12 0.020473726 
601 300 8 11 0.020456411 
639 487 9 11 0.020453582 
278 256 8 9 0.020422503 
616 367 8 11 0.020413516 
679 494 8 10 0.02041015 
397 480 12 16 0.020403748 
254 390 9 12 0.020395573 
718 294 7 10 0.020393906 
133 364 10 13 0.020350913 
429 422 9 12 0.020347053 
344 271 9 11 0.020344876 
536 191 7 9 0.02033053 
457 325 8 10 0.020278104 
487 93 8 11 0.020275408 
705 453 8 12 0.020274518 
798 457 11 14 0.020271039 
8 88 8 10 0.020260502 
518 263 8 10 0.02025717 
167 335 11 13 0.020255486 
457 198 8 11 0.020216702 
224 365 8 10 0.020211369 
198 397 9 12 0.020197673 
218 334 9 11 0.020194873 
544 157 9 11 0.020174542 
0 235 8 16 0.020174095 
703 485 10 13 0.020162664 
326 421 9 13 0.020149421 
664 272 7 9 0.02014051 
584 383 10 12 0.020139705 
184 444 8 11 0.020137858 
527 101 7 9 0.02012452 
343 383 10 12 0.020108849 
489 182 8 10 0.020102546 
793 365 10 14 0.020100566 
143 222 7 10 0.02009081 
664 326 8 10 0.020083847 
352 224 8 9 0.020071946 
703 301 8 9 0.020049723 
759 231 8 9 0.02001859 
473 285 8 10 0.020013444 
473 294 7 10 0.020002952 
126 266 239 250 0.020000469 
