0_Parade_Parade_0_218
285
739 386 36 39 0.9981158 
287 388 34 38 0.68165195 
853 527 14 18 0.5940931 
927 622 10 13 0.4846015 
182 670 12 15 0.45823118 
944 540 9 11 0.4336993 
1008 601 13 15 0.42698538 
919 547 9 12 0.39153183 
269 438 33 41 0.3823157 
38 557 10 12 0.32362306 
67 549 11 13 0.27383107 
102 526 11 14 0.250633 
56 574 8 11 0.2363584 
1014 534 7 11 0.22297287 
894 556 9 11 0.20582978 
927 576 9 12 0.17044264 
169 660 10 12 0.15298994 
102 517 10 13 0.1509617 
84 591 12 14 0.14396794 
140 557 13 15 0.13967498 
968 548 9 11 0.12798525 
944 612 8 11 0.12490241 
942 288 16 21 0.114370935 
267 391 38 43 0.11149942 
847 217 10 12 0.10622043 
1 611 9 15 0.106209934 
257 598 10 14 0.105495796 
201 668 11 12 0.10352976 
171 655 11 14 0.097385526 
89 552 7 9 0.097150266 
102 566 11 15 0.09592227 
239 592 11 13 0.08892894 
921 582 9 11 0.088858634 
1014 540 8 12 0.08858965 
18 621 11 15 0.084818125 
271 580 9 11 0.08385567 
54 568 8 11 0.083543964 
881 550 9 11 0.08322735 
845 526 17 19 0.081476085 
886 551 9 10 0.08051181 
239 614 11 11 0.08010877 
356 304 462 496 0.07930421 
925 542 8 12 0.07928186 
96 571 13 15 0.07668162 
362 670 9 11 0.07471961 
255 583 8 10 0.073560804 
80 594 11 14 0.07234572 
31 574 8 10 0.07108359 
868 539 10 13 0.0709227 
889 556 10 12 0.07088939 
975 605 10 12 0.06873004 
999 564 11 13 0.06746233 
15 565 9 10 0.0672027 
960 550 8 10 0.06712663 
160 647 8 11 0.06539222 
260 414 51 52 0.0653892 
112 547 10 12 0.06254801 
288 620 9 12 0.06252901 
71 606 10 14 0.062431075 
877 534 10 13 0.06174798 
26 575 7 10 0.061740886 
65 554 10 12 0.060724676 
103 484 12 15 0.060606744 
1001 550 9 11 0.05900764 
869 532 11 16 0.058043424 
65 613 9 12 0.057687476 
105 587 11 15 0.057056803 
992 557 9 11 0.055574313 
95 512 10 13 0.055242997 
161 652 9 11 0.05402166 
927 534 8 10 0.053649683 
150 509 26 41 0.052413095 
48 565 9 11 0.05231948 
88 556 8 11 0.05197012 
327 509 9 11 0.051889222 
287 615 9 10 0.05168263 
962 544 9 11 0.051467292 
614 660 11 13 0.051436193 
920 628 9 11 0.050920192 
34 566 8 11 0.050868135 
880 540 10 12 0.05020016 
33 581 9 11 0.049599744 
37 582 9 11 0.049490344 
255 589 10 12 0.04902381 
948 535 8 11 0.048715405 
999 557 10 12 0.04857472 
116 542 9 12 0.048175633 
1005 565 9 12 0.048152067 
263 646 7 10 0.0473429 
949 612 11 13 0.046891417 
111 587 11 16 0.046315107 
927 527 9 11 0.046227895 
836 495 13 16 0.046176534 
949 607 10 13 0.045598164 
954 557 8 11 0.04511399 
923 623 9 12 0.044912577 
953 476 9 11 0.04453829 
79 583 9 11 0.044319388 
985 541 8 11 0.044063438 
991 552 8 10 0.043838203 
892 288 16 21 0.043635175 
117 548 9 12 0.043615457 
910 531 9 12 0.043511562 
870 496 8 9 0.043002732 
901 555 9 12 0.042136163 
97 520 19 24 0.042108282 
5 551 8 10 0.041870203 
255 603 10 12 0.041820735 
663 61 26 34 0.041390587 
97 531 10 13 0.041008707 
57 551 7 10 0.04091347 
999 534 9 10 0.040469874 
709 376 28 38 0.040206205 
919 555 9 11 0.03993801 
936 527 8 10 0.039878916 
73 581 10 12 0.03950819 
19 613 13 16 0.039219458 
199 436 59 57 0.039133072 
130 655 8 10 0.038860388 
990 673 10 11 0.038793854 
105 541 10 13 0.0384668 
70 599 10 13 0.038367145 
958 557 8 10 0.0381938 
206 630 11 12 0.03808438 
111 565 10 14 0.0378804 
269 46 386 479 0.037019376 
130 662 8 10 0.036960267 
272 564 8 10 0.03683835 
917 268 13 16 0.03652136 
70 545 9 11 0.03619837 
991 597 9 12 0.03609275 
21 604 11 14 0.036015064 
167 668 10 11 0.035948835 
992 645 12 14 0.03557797 
887 564 11 14 0.03539592 
1007 578 12 15 0.035339024 
1 572 9 12 0.035283584 
116 584 12 18 0.035277825 
859 522 21 26 0.035081014 
22 597 12 14 0.035025228 
983 536 8 10 0.034898907 
256 623 10 12 0.034836184 
969 606 9 11 0.03469129 
983 671 9 11 0.03463971 
71 576 10 12 0.034564648 
927 559 9 11 0.03440162 
54 605 11 14 0.03402512 
109 570 11 15 0.033972833 
876 629 10 14 0.033967044 
102 578 12 16 0.033742525 
287 607 8 11 0.033623297 
273 589 8 10 0.033507053 
5 573 9 11 0.033372615 
231 598 10 13 0.033345215 
125 527 10 13 0.033125363 
963 278 12 15 0.033063665 
274 560 8 10 0.03304756 
936 615 9 12 0.033005167 
937 542 9 11 0.03258807 
1013 607 11 16 0.03258758 
127 672 11 14 0.032550786 
923 548 10 12 0.03247251 
87 545 8 10 0.032242395 
107 530 13 16 0.031988878 
166 647 10 12 0.031963106 
3 617 12 15 0.031506546 
69 612 11 15 0.031417996 
999 542 9 11 0.03136067 
1008 590 12 16 0.031253412 
21 635 11 14 0.03125123 
602 25 28 36 0.031251054 
949 349 16 20 0.031033693 
98 567 18 24 0.031016167 
157 667 11 13 0.030883059 
872 549 9 12 0.030558595 
32 552 8 11 0.030325402 
164 481 16 22 0.030243762 
14 612 12 17 0.03002706 
968 557 9 10 0.029835714 
175 644 10 12 0.029737953 
128 549 11 13 0.029615087 
1007 607 12 15 0.029565487 
928 566 9 10 0.02955047 
956 612 10 12 0.029433249 
93 551 9 10 0.029327566 
929 597 9 11 0.029264322 
279 645 9 11 0.029151464 
1012 574 11 15 0.029059568 
896 523 209 248 0.028813235 
4 606 12 17 0.028798215 
367 647 9 10 0.028635921 
135 655 8 12 0.028447878 
24 580 9 11 0.02828486 
102 657 11 14 0.028224219 
89 511 9 11 0.027995406 
62 658 11 15 0.027924743 
1000 597 11 14 0.027426422 
869 527 21 26 0.027165102 
95 484 10 13 0.026943726 
14 610 21 27 0.026710987 
102 579 21 27 0.026680429 
937 534 9 11 0.026386382 
86 583 10 13 0.026221795 
225 629 10 12 0.026154181 
886 571 10 14 0.026037157 
79 535 8 10 0.025982903 
7 566 9 11 0.025935832 
109 510 10 13 0.025868028 
921 534 9 10 0.025749194 
892 563 11 13 0.025733372 
82 543 7 10 0.025694123 
103 560 11 12 0.025643554 
378 662 9 11 0.02507961 
1008 528 9 11 0.025024164 
296 581 8 10 0.024881864 
150 505 46 58 0.024804395 
990 543 8 10 0.024799787 
200 630 9 11 0.024673093 
0 599 10 14 0.024651691 
181 644 9 12 0.02449865 
116 572 11 14 0.024422193 
80 517 7 10 0.024388496 
63 607 10 14 0.024362195 
967 566 9 11 0.024341827 
960 566 8 10 0.024182124 
147 268 421 505 0.024132637 
24 568 7 10 0.02399553 
951 261 11 13 0.023971789 
975 656 9 11 0.023883143 
236 510 13 15 0.023775335 
935 581 8 11 0.023754593 
914 549 10 12 0.023716778 
248 573 9 11 0.023615664 
261 593 10 11 0.023418326 
911 576 8 11 0.023353169 
878 554 10 12 0.02325442 
169 637 9 11 0.02323464 
146 556 13 18 0.023217909 
110 558 10 12 0.023087354 
278 591 8 9 0.023074923 
116 565 11 13 0.023060927 
875 260 12 15 0.023049755 
911 640 8 11 0.023031438 
44 558 10 12 0.02289778 
905 526 10 13 0.022805082 
904 592 8 10 0.02274316 
281 606 9 11 0.022735173 
926 301 9 12 0.022698306 
145 670 8 10 0.02257419 
983 599 10 13 0.022521742 
921 576 10 12 0.022487504 
360 646 10 11 0.02237121 
141 526 11 17 0.022368029 
646 652 10 12 0.02233369 
887 619 9 12 0.022288404 
993 564 10 13 0.022235647 
871 555 11 13 0.0222313 
987 550 8 11 0.022213398 
88 502 8 10 0.021856206 
8 557 9 11 0.021829061 
38 574 9 11 0.021796798 
883 533 13 14 0.021630967 
936 512 8 9 0.021532085 
980 604 10 12 0.02151993 
976 534 8 11 0.021433428 
636 41 29 34 0.021397008 
80 586 19 23 0.02100593 
914 543 9 12 0.020977948 
95 558 8 11 0.020959519 
920 527 9 10 0.020905409 
189 619 11 14 0.020739365 
-10 41 224 254 0.020735845 
919 565 9 11 0.02071706 
932 575 10 12 0.020711344 
119 648 8 10 0.020603467 
342 167 220 236 0.020456187 
885 526 13 16 0.020434434 
254 593 19 23 0.020406779 
892 527 11 13 0.02038985 
63 527 8 11 0.020373534 
105 548 10 11 0.02035109 
982 675 11 13 0.02018371 
8 522 231 240 0.0201302 
943 582 7 10 0.020097172 
46 610 12 15 0.020036273 
