0_Parade_marchingband_1_710
19
465 125 60 78 0.9989039 
826 21 49 66 0.9939266 
110 294 72 101 0.9865022 
-1 0 36 62 0.95656204 
387 15 28 36 0.113805756 
806 1 61 71 0.0522907 
349 4 12 15 0.05132178 
619 327 17 19 0.049870495 
766 11 45 63 0.049432255 
1006 372 19 39 0.046466164 
350 0 11 11 0.03830853 
1011 373 13 21 0.036691353 
379 51 43 58 0.033537272 
197 541 34 33 0.032786384 
342 2 15 18 0.029721085 
389 25 18 21 0.029453956 
383 78 29 34 0.028008845 
0 302 34 57 0.025569431 
631 415 35 38 0.021541676 
