0_Parade_marchingband_1_552
146
539 378 13 15 0.7790818 
970 384 14 17 0.72615993 
184 380 11 14 0.6359536 
739 380 14 15 0.5655499 
853 395 10 15 0.4216681 
348 372 12 14 0.35956445 
411 381 14 17 0.23153143 
960 383 11 16 0.2133168 
401 378 22 26 0.21192554 
397 387 15 19 0.1622476 
970 390 16 20 0.15002993 
363 396 14 20 0.11914737 
979 386 11 15 0.09710166 
584 382 10 12 0.092485465 
559 366 9 12 0.09025735 
532 367 12 15 0.09011953 
110 399 10 13 0.0892832 
562 324 10 13 0.08424665 
300 379 30 39 0.07243417 
419 381 12 16 0.072423615 
747 379 14 16 0.06910991 
470 363 11 14 0.067805335 
354 374 11 15 0.06544403 
875 428 11 13 0.06434953 
38 360 15 18 0.06161635 
548 380 10 14 0.059812307 
143 365 11 13 0.059576362 
368 477 9 13 0.058046058 
960 379 20 24 0.05767317 
871 423 12 15 0.05739799 
553 364 10 12 0.05507637 
928 405 9 12 0.051466655 
207 399 10 13 0.05109536 
929 397 10 14 0.05077783 
530 374 10 14 0.050653838 
487 367 9 12 0.050175805 
932 386 13 16 0.04951877 
849 388 18 25 0.044448055 
798 386 11 14 0.04424918 
491 387 14 18 0.043919872 
824 391 9 11 0.04390212 
734 383 15 17 0.043429986 
178 380 10 13 0.043301787 
447 372 10 11 0.042940047 
838 397 13 17 0.042790584 
213 403 9 12 0.041749123 
94 356 10 12 0.041335978 
365 363 10 14 0.04109308 
847 391 12 17 0.040475875 
941 345 14 17 0.039778754 
941 388 10 15 0.038533375 
455 382 10 13 0.038238067 
476 358 12 13 0.038055215 
758 387 11 13 0.037361294 
483 379 23 32 0.03721097 
13 300 10 13 0.03712661 
762 285 44 54 0.037056476 
95 352 9 10 0.03701932 
179 373 19 24 0.03677323 
1013 394 10 15 0.036749676 
558 371 11 15 0.036499888 
844 398 16 19 0.03622665 
870 398 10 12 0.036024928 
185 384 14 17 0.03591046 
79 386 10 13 0.035754606 
806 406 11 14 0.03534393 
69 357 12 15 0.035267778 
477 364 11 14 0.034859102 
464 363 11 14 0.034537386 
358 358 10 13 0.034438334 
429 365 12 14 0.033479568 
52 358 11 14 0.033211235 
105 402 11 14 0.032691084 
912 390 9 13 0.032620713 
438 387 11 16 0.031998962 
607 359 23 32 0.031174175 
812 406 11 14 0.031166185 
199 398 11 15 0.030670086 
860 396 11 14 0.030635806 
87 357 11 13 0.029388236 
301 395 32 38 0.02894851 
988 383 12 14 0.028694091 
806 388 10 12 0.028660154 
741 371 22 27 0.028496869 
429 381 10 15 0.028335584 
910 421 10 13 0.028313043 
620 363 14 18 0.028172394 
567 388 12 15 0.02786321 
399 459 20 26 0.0278329 
919 407 11 13 0.027518343 
80 334 9 12 0.02728493 
611 364 14 18 0.027060024 
487 358 9 11 0.026893355 
895 382 8 10 0.026762517 
447 357 9 12 0.0266326 
344 371 21 24 0.026257718 
136 372 27 36 0.026082257 
1008 390 12 14 0.026050622 
559 343 9 10 0.025434365 
557 378 12 16 0.025065575 
839 391 11 16 0.025061626 
446 380 11 13 0.024764523 
433 427 10 14 0.024567088 
371 469 12 14 0.024418935 
575 382 12 14 0.024414772 
591 375 9 13 0.024398165 
398 374 11 15 0.024104943 
142 371 13 15 0.023844775 
359 364 11 15 0.023844663 
796 404 12 15 0.023832865 
517 365 10 13 0.023562325 
443 395 11 14 0.023494678 
860 403 12 15 0.02349169 
830 389 9 13 0.02335027 
252 329 30 31 0.023221929 
815 390 9 11 0.023058092 
510 413 9 11 0.022877764 
529 369 19 25 0.022875825 
529 364 11 14 0.022850398 
997 390 12 13 0.022589974 
381 381 13 16 0.022566456 
559 332 10 11 0.02239972 
372 397 12 18 0.022351049 
175 389 11 14 0.022322241 
764 291 15 18 0.022301286 
398 366 11 13 0.022287339 
959 395 12 16 0.022272632 
535 385 12 14 0.022250826 
352 351 11 13 0.02214885 
86 340 10 12 0.021870738 
379 397 13 16 0.02185093 
454 373 10 13 0.021816993 
926 381 20 27 0.021703787 
889 383 8 10 0.021670107 
533 360 10 12 0.021603255 
456 357 10 13 0.021592222 
31 358 12 15 0.02157435 
905 421 9 12 0.021391155 
600 365 10 14 0.021378515 
944 413 11 13 0.021192126 
166 419 10 14 0.021014879 
868 414 12 14 0.020758817 
980 409 14 18 0.02063081 
747 331 11 14 0.020354448 
136 365 10 12 0.020205596 
148 372 13 16 0.020180095 
