0_Parade_Parade_0_205
345
266 303 70 94 0.96344966 
593 331 23 31 0.91899073 
663 332 41 49 0.8889045 
813 321 22 29 0.8198076 
523 462 14 17 0.45242015 
416 228 25 35 0.37390202 
164 33 13 18 0.35366422 
732 353 12 17 0.30702052 
629 544 21 29 0.22346513 
175 301 12 15 0.20056565 
493 210 12 15 0.18146741 
475 219 12 16 0.17725459 
720 341 24 33 0.17556903 
476 339 13 18 0.17010733 
828 291 13 16 0.13430238 
347 191 28 33 0.12952615 
580 326 27 31 0.12949598 
676 548 14 20 0.1241639 
630 475 13 17 0.123832814 
762 296 25 37 0.10975319 
1001 107 23 30 0.100909896 
446 354 13 16 0.09844405 
854 299 10 14 0.09237187 
597 447 16 21 0.09160017 
145 312 10 12 0.088766135 
687 524 13 16 0.08852263 
542 470 15 17 0.08818874 
427 227 23 31 0.088080935 
527 212 11 15 0.08695994 
716 301 31 37 0.083474815 
665 267 11 13 0.08296302 
149 300 9 11 0.082228005 
395 264 26 32 0.08112517 
622 243 13 15 0.077515446 
707 339 27 38 0.0740301 
990 518 11 15 0.073309146 
839 279 11 13 0.070772566 
533 219 11 15 0.0703854 
116 310 12 15 0.069216974 
172 43 15 18 0.06848883 
825 328 15 21 0.06402959 
519 171 11 13 0.06374032 
359 165 12 14 0.061856613 
1012 624 11 18 0.06161167 
686 258 10 13 0.060048282 
549 219 10 14 0.05963606 
463 322 22 32 0.058821224 
573 444 21 26 0.057864696 
678 275 9 13 0.057319593 
209 327 8 12 0.05710291 
136 317 9 12 0.056062803 
568 324 25 30 0.055922367 
510 450 12 15 0.055805977 
178 305 15 18 0.055629157 
673 553 23 26 0.054599017 
861 558 9 11 0.054132603 
835 282 12 15 0.05362083 
731 345 22 29 0.053065598 
852 321 13 17 0.052759185 
517 453 13 15 0.05192832 
160 31 12 15 0.05171878 
771 292 25 34 0.050321076 
148 28 11 14 0.050132364 
81 331 16 21 0.049670327 
508 435 11 14 0.04914567 
634 500 14 18 0.048505045 
398 399 13 16 0.047771215 
711 321 33 40 0.047673088 
775 438 10 12 0.047520276 
516 237 22 30 0.047434792 
144 295 9 11 0.04655781 
893 334 12 16 0.046380505 
440 230 20 29 0.045998402 
672 1 29 29 0.04576374 
450 233 19 28 0.045284975 
995 335 24 34 0.04477614 
493 218 13 17 0.04463453 
738 568 15 16 0.044267975 
1010 510 10 13 0.04402403 
128 372 9 12 0.043889225 
573 306 16 20 0.043086022 
849 297 10 13 0.04281483 
891 449 12 16 0.042804528 
491 451 11 15 0.04243272 
491 359 14 20 0.041544423 
800 444 8 10 0.04146992 
1013 430 10 14 0.04112112 
591 261 12 16 0.0411003 
519 190 11 15 0.040978428 
599 245 12 14 0.040902585 
372 381 11 14 0.039681 
791 512 9 10 0.03909964 
1012 131 11 19 0.038846362 
353 381 10 11 0.038386572 
463 367 23 29 0.038151562 
198 333 10 13 0.037973292 
843 340 14 17 0.037735436 
526 181 10 14 0.03754471 
526 229 12 15 0.037308 
524 456 12 15 0.037178036 
484 206 20 27 0.03714392 
812 445 11 12 0.036954083 
1005 79 21 29 0.036874462 
989 111 16 20 0.036187887 
488 204 11 14 0.03606415 
790 516 9 11 0.03600154 
725 355 17 23 0.03597367 
844 276 10 13 0.035742015 
488 211 12 16 0.035126604 
807 323 18 23 0.034926247 
1012 481 10 16 0.034796085 
1013 124 10 16 0.034736447 
573 253 11 15 0.03468224 
567 330 13 18 0.034380592 
549 394 23 32 0.034377016 
392 176 10 11 0.03429204 
726 548 12 16 0.033668257 
450 317 27 35 0.033652063 
654 451 13 17 0.033322904 
168 308 11 14 0.033232417 
756 370 12 14 0.03318956 
179 314 13 17 0.033170886 
606 252 11 13 0.03315789 
207 331 9 13 0.033099376 
614 261 11 15 0.032863513 
767 339 13 17 0.032841668 
254 108 17 19 0.03276209 
984 522 13 17 0.03263268 
160 343 10 12 0.032618247 
180 60 16 21 0.032487012 
535 409 11 15 0.03226873 
781 291 24 30 0.032193746 
160 351 11 13 0.031975992 
461 220 11 14 0.03189438 
473 212 11 16 0.03185318 
372 399 24 29 0.031695627 
799 454 9 11 0.031541433 
459 236 13 20 0.031241188 
838 339 13 17 0.031221708 
801 440 9 11 0.031170819 
628 516 16 21 0.031102952 
178 44 16 18 0.031031458 
507 276 15 18 0.030980797 
821 283 22 26 0.030946232 
651 332 27 36 0.030931646 
862 294 11 14 0.030816738 
499 210 12 16 0.030784369 
358 160 11 12 0.030680835 
998 83 12 16 0.030667529 
1000 493 11 14 0.030591695 
83 326 13 16 0.030451912 
849 566 10 12 0.030390998 
870 326 22 27 0.030342417 
693 547 11 16 0.03019467 
509 304 25 32 0.030169357 
734 545 14 18 0.029887483 
492 199 11 13 0.029882256 
791 454 8 11 0.02984764 
895 388 11 16 0.029809857 
673 273 11 14 0.029630499 
597 251 13 15 0.02961035 
443 350 23 26 0.029518226 
832 413 13 16 0.029497778 
815 534 9 12 0.029471265 
799 306 40 47 0.029457642 
617 237 12 13 0.029382015 
529 464 19 23 0.02935421 
750 372 12 15 0.02934203 
644 269 10 13 0.02931834 
701 570 16 20 0.029316016 
566 221 9 12 0.02930743 
956 401 17 19 0.02924562 
192 331 13 18 0.029221224 
628 503 20 26 0.029117443 
772 290 15 21 0.029075881 
747 523 12 14 0.02904183 
519 179 11 15 0.029010985 
716 271 17 20 0.028696366 
1003 125 21 30 0.028611233 
478 366 21 27 0.02858572 
291 340 47 61 0.0285214 
646 277 10 13 0.028504195 
799 413 9 11 0.028490517 
163 28 23 27 0.028443027 
571 310 25 32 0.028440705 
723 274 16 19 0.028394585 
709 266 17 18 0.028252171 
589 442 15 18 0.028216591 
676 341 46 52 0.028087132 
177 48 23 27 0.028039545 
698 270 45 51 0.027904974 
677 388 14 20 0.027879437 
335 195 34 41 0.027857346 
761 725 11 14 0.027640797 
167 361 12 14 0.027634379 
484 395 15 17 0.02760486 
439 290 40 54 0.027557468 
172 316 14 18 0.027110588 
520 211 13 17 0.026904602 
704 533 11 14 0.026821457 
561 255 22 30 0.026700644 
526 205 20 29 0.026695961 
512 167 10 13 0.026693208 
140 87 47 61 0.026667034 
648 485 11 15 0.02649133 
173 351 12 13 0.026481247 
799 576 9 13 0.02629042 
1014 654 8 15 0.026187187 
390 182 12 16 0.026100012 
693 529 12 15 0.025895208 
386 287 28 35 0.025882818 
757 506 12 16 0.025752777 
486 473 14 19 0.025725769 
988 113 27 30 0.025684569 
356 376 10 12 0.025562005 
124 309 12 14 0.025500188 
671 394 10 14 0.025263043 
470 160 8 10 0.025215784 
559 221 10 13 0.025192972 
606 542 12 14 0.025122024 
889 566 9 10 0.025108702 
150 331 12 15 0.025101256 
614 236 21 25 0.025043065 
730 306 17 21 0.02484591 
816 528 7 9 0.024809297 
153 384 27 36 0.024752963 
608 570 13 16 0.024680767 
730 338 15 22 0.024623578 
168 317 10 15 0.024520487 
487 197 10 14 0.024503049 
472 210 20 28 0.024496611 
950 381 27 32 0.024427317 
654 537 27 34 0.024423523 
976 390 22 29 0.024361031 
816 303 24 34 0.024303705 
725 539 12 16 0.024265392 
698 265 28 29 0.02423581 
881 328 20 27 0.02418161 
740 542 16 20 0.024174817 
429 246 26 34 0.024068467 
611 276 14 19 0.02398061 
676 569 16 19 0.023923106 
499 603 12 16 0.02385442 
162 43 24 29 0.023788849 
383 548 52 51 0.023741648 
580 251 12 15 0.023722934 
816 557 7 9 0.023674281 
189 326 13 17 0.023644678 
964 525 11 14 0.023619827 
485 218 14 18 0.023415528 
811 290 15 20 0.023317415 
398 175 10 12 0.02331529 
362 169 13 15 0.023261657 
549 237 10 12 0.023226606 
491 469 11 16 0.023123719 
527 242 22 31 0.023040287 
740 344 23 31 0.022987505 
765 531 12 14 0.022980994 
684 548 14 18 0.022937855 
523 173 11 13 0.02288155 
157 332 11 15 0.022871228 
873 422 9 12 0.022861851 
565 244 14 18 0.022852335 
168 314 22 30 0.022792283 
857 543 6 9 0.022775525 
824 439 10 13 0.022759914 
574 246 12 15 0.022756357 
455 370 14 18 0.022700218 
374 403 15 17 0.02266948 
772 533 11 13 0.02262714 
169 31 14 17 0.022511823 
543 236 11 14 0.022509674 
901 535 12 14 0.022449706 
158 319 44 52 0.022440745 
710 556 13 16 0.022371307 
497 271 26 30 0.02236134 
609 260 10 14 0.022297513 
539 399 22 30 0.022239136 
642 545 16 22 0.022235954 
152 49 47 53 0.022222243 
729 304 31 42 0.022150142 
765 332 23 32 0.022146879 
949 400 16 18 0.022052119 
471 224 11 16 0.022038724 
474 378 24 29 0.022010705 
303 195 26 38 0.02199732 
767 503 10 13 0.02199157 
749 346 12 17 0.021880994 
984 109 13 16 0.021851528 
482 164 8 12 0.021851143 
149 375 12 13 0.021833297 
876 366 13 16 0.021811074 
603 456 12 16 0.021740725 
1006 93 20 32 0.021734815 
830 381 9 13 0.021691652 
995 517 12 16 0.02163277 
970 327 45 61 0.021548705 
771 350 25 29 0.021547575 
159 357 12 14 0.021514699 
157 35 22 27 0.021449659 
705 535 24 29 0.021445435 
1011 514 12 16 0.021435492 
733 588 13 15 0.021388132 
748 516 13 16 0.021344427 
533 440 13 16 0.021317892 
544 229 10 13 0.021295274 
532 202 13 19 0.021275135 
398 253 37 49 0.02126482 
786 429 9 13 0.021261586 
621 260 13 16 0.021250961 
828 327 21 28 0.021190695 
799 460 10 12 0.02117788 
608 564 22 27 0.02115682 
416 382 13 15 0.02115056 
629 260 11 15 0.02105232 
740 533 14 17 0.02104832 
703 538 13 17 0.021006532 
527 411 11 15 0.020972736 
814 419 10 13 0.020866299 
796 556 9 12 0.02085926 
129 366 11 13 0.020853836 
458 372 18 23 0.020699596 
754 328 24 33 0.020612188 
839 535 8 10 0.020573828 
630 531 37 44 0.020570867 
683 541 13 16 0.020564612 
688 524 21 27 0.02056377 
418 592 44 57 0.020559845 
437 437 15 18 0.02051598 
514 313 27 34 0.020475004 
315 180 24 35 0.020442346 
167 349 12 13 0.020383049 
496 409 23 29 0.020347288 
582 244 13 15 0.020322971 
829 575 9 11 0.020307103 
982 510 21 29 0.02027298 
369 563 53 58 0.020160891 
830 292 21 26 0.020140026 
723 467 12 16 0.020110287 
543 536 10 13 0.020093987 
472 206 10 14 0.020082487 
837 418 12 14 0.020073364 
751 305 25 38 0.020065706 
408 234 22 32 0.02005583 
117 303 12 15 0.02005051 
