0_Parade_Parade_0_459
39
121 639 124 148 0.9973013 
420 770 123 173 0.98949045 
394 750 108 150 0.95341647 
163 800 101 171 0.9328885 
295 628 113 166 0.81449634 
315 791 60 78 0.31395978 
1 456 75 129 0.20699428 
443 703 170 231 0.16548431 
202 828 103 145 0.14931646 
118 666 172 220 0.10380866 
504 620 194 287 0.10320611 
171 612 162 214 0.08512633 
465 461 400 436 0.07611727 
384 927 47 63 0.07601859 
294 738 95 131 0.07016641 
323 683 154 200 0.058279775 
533 684 116 168 0.052433897 
326 773 87 115 0.045471855 
594 64 399 502 0.045380887 
575 1003 53 57 0.044545483 
37 927 61 67 0.038411222 
178 703 190 241 0.035132416 
117 984 60 68 0.033076003 
960 680 31 41 0.02933163 
570 1071 48 45 0.029061157 
596 1007 29 37 0.028667256 
306 104 410 500 0.02807441 
813 41 186 315 0.025758082 
620 902 41 47 0.025166104 
321 1089 56 45 0.023695957 
430 0 60 66 0.023589334 
266 810 97 120 0.022126853 
529 1019 56 50 0.021714015 
372 287 18 22 0.021319216 
752 -77 364 490 0.020766096 
466 1033 31 38 0.020630153 
589 910 30 43 0.020527137 
-25 -128 475 528 0.020076018 
6 461 28 51 0.02000374 
