0_Parade_marchingband_1_517
106
913 268 36 42 0.9980405 
204 164 48 59 0.99266475 
704 217 41 46 0.99058914 
52 129 47 58 0.98998207 
456 220 43 54 0.98439574 
397 236 23 29 0.92813444 
986 292 29 36 0.7948176 
374 252 22 27 0.52067095 
867 294 18 23 0.34678137 
372 262 17 21 0.2867004 
386 239 27 32 0.27942464 
831 292 32 39 0.21040602 
340 259 16 20 0.18442348 
380 246 15 20 0.15640028 
201 323 29 28 0.12337141 
107 265 386 503 0.09990359 
575 289 15 19 0.092265114 
930 279 31 38 0.0922243 
351 326 30 34 0.09211618 
878 334 45 58 0.08824811 
949 283 27 35 0.07003936 
556 298 14 20 0.06819152 
364 454 29 39 0.06173743 
836 274 28 35 0.059116673 
862 271 24 33 0.055982497 
705 188 34 39 0.05565618 
590 274 14 17 0.055396374 
555 254 18 23 0.050134327 
918 476 103 144 0.048953373 
561 285 22 30 0.044812176 
298 411 54 57 0.0436254 
873 281 25 32 0.042762958 
970 285 30 37 0.042190183 
395 233 37 46 0.041703332 
893 346 47 66 0.041517 
552 291 23 32 0.04119999 
946 292 18 24 0.039794423 
679 192 12 16 0.0387073 
31 105 18 22 0.038567375 
361 220 11 13 0.038549628 
706 173 29 36 0.037590258 
989 345 31 45 0.035569545 
867 270 14 19 0.03496114 
558 291 14 19 0.034452993 
173 410 11 15 0.03427728 
519 260 29 34 0.03407623 
724 453 83 109 0.03386632 
290 439 42 49 0.033037327 
819 415 12 16 0.032943796 
354 308 39 48 0.03252631 
895 244 12 14 0.03174868 
347 293 26 33 0.031533323 
1000 297 19 26 0.031209694 
365 217 12 14 0.031152435 
564 283 13 19 0.030981805 
19 92 13 17 0.030400792 
955 425 25 29 0.028230954 
866 245 12 15 0.028158586 
915 436 12 15 0.0281503 
653 224 12 14 0.028059639 
681 184 16 22 0.027892455 
283 269 385 472 0.027719473 
334 262 26 32 0.027456148 
827 263 11 14 0.027297474 
960 279 28 37 0.027063088 
705 143 29 39 0.027051147 
807 309 10 13 0.026303267 
62 370 15 18 0.025348816 
160 244 36 41 0.025342263 
355 299 26 35 0.024873724 
864 296 30 36 0.024863236 
27 104 34 41 0.024825584 
714 190 19 22 0.024610123 
580 273 24 30 0.024438126 
378 269 19 21 0.024251662 
-57 122 428 529 0.02397955 
906 435 16 19 0.023917692 
360 323 20 23 0.023581868 
784 384 24 31 0.023011463 
332 286 28 35 0.022841142 
895 427 26 28 0.022642355 
630 260 15 19 0.022631474 
385 264 17 21 0.022541232 
630 263 23 26 0.02246366 
894 277 28 36 0.022387788 
277 279 16 19 0.022157285 
875 267 27 35 0.021746991 
914 338 54 66 0.021673564 
554 268 24 34 0.02141707 
773 285 11 16 0.021344675 
353 337 35 43 0.021194728 
259 382 46 52 0.021163585 
418 292 40 52 0.021017672 
848 304 17 21 0.020947434 
783 391 14 19 0.020913692 
57 365 25 32 0.020803913 
1009 302 15 22 0.020734886 
436 252 14 18 0.020647665 
463 178 13 17 0.02056364 
336 435 50 59 0.020534538 
284 276 17 22 0.020473607 
884 337 81 107 0.020319743 
812 394 13 17 0.020316802 
557 248 12 14 0.020249458 
373 271 28 34 0.020215072 
573 30 438 518 0.020195875 
