0_Parade_marchingband_1_74
750
188 362 38 45 0.996084 
563 369 15 19 0.9843295 
501 384 14 18 0.9828479 
462 338 15 18 0.9817187 
866 380 16 20 0.975904 
780 382 17 22 0.97331864 
527 361 15 17 0.9671242 
743 369 15 20 0.96524596 
468 372 14 16 0.96486217 
571 332 13 16 0.95979244 
708 357 15 18 0.9559653 
582 392 15 18 0.9493162 
484 334 12 16 0.9432971 
837 323 13 16 0.94276595 
852 351 13 16 0.94112074 
662 414 13 17 0.9410276 
630 375 15 17 0.93085116 
733 302 14 17 0.9267728 
759 392 15 18 0.92624223 
247 308 16 18 0.9259873 
605 407 15 18 0.9258091 
803 360 14 17 0.9239708 
757 273 13 15 0.92033625 
315 330 14 16 0.9187057 
546 345 14 16 0.91636896 
876 354 14 17 0.9123571 
910 375 13 17 0.90803146 
657 364 15 19 0.9034807 
701 383 14 18 0.90097356 
211 314 15 18 0.8970105 
770 344 14 17 0.89445895 
277 297 14 16 0.88261956 
529 405 13 16 0.8792054 
716 400 15 18 0.87785584 
824 396 13 16 0.87703866 
507 316 13 15 0.873818 
457 317 12 14 0.87329924 
723 285 11 14 0.87208956 
602 348 15 18 0.8713511 
434 363 13 16 0.8685767 
350 346 12 15 0.86838096 
839 373 16 20 0.8530821 
823 302 12 15 0.84175444 
589 315 13 15 0.8397798 
294 319 13 16 0.8338468 
494 302 12 15 0.8208749 
930 364 13 16 0.8182804 
796 308 13 15 0.81564325 
633 269 9 12 0.8118019 
655 302 12 15 0.7940392 
684 353 13 17 0.78688645 
775 316 12 14 0.7847379 
673 322 14 15 0.7809911 
347 315 12 15 0.77103174 
386 339 14 17 0.770123 
704 302 12 15 0.75367576 
752 324 14 16 0.73951566 
889 326 11 15 0.73684365 
410 359 11 15 0.7303005 
495 360 13 15 0.7257018 
620 326 13 16 0.7180153 
564 282 11 14 0.7100844 
857 292 11 14 0.69913477 
920 326 11 14 0.69779867 
582 296 12 13 0.6693902 
177 298 16 16 0.6663892 
439 310 11 14 0.6656152 
368 308 13 16 0.6601557 
261 267 12 14 0.65423167 
735 337 13 16 0.65299785 
266 317 12 14 0.65141165 
574 356 13 17 0.63952154 
904 343 12 15 0.63351136 
663 282 11 13 0.6209304 
615 356 14 17 0.6161103 
960 360 13 16 0.6118199 
594 381 15 18 0.60874254 
815 275 12 14 0.6065376 
626 303 13 15 0.60209644 
765 301 11 13 0.6005342 
607 316 10 13 0.58415824 
421 314 13 15 0.5724937 
707 334 12 15 0.5710102 
671 392 14 17 0.5673645 
992 333 12 16 0.5576311 
554 299 11 13 0.55227554 
953 331 11 14 0.5482053 
768 293 12 14 0.53764194 
405 329 12 16 0.5362446 
537 325 11 13 0.47571945 
647 344 14 17 0.47383282 
935 298 12 15 0.46121037 
888 348 13 18 0.45859748 
11 112 7 9 0.45212978 
267 228 13 16 0.42094776 
889 308 10 13 0.41113257 
383 384 11 14 0.40580568 
685 308 12 15 0.40277073 
974 349 12 16 0.39900777 
372 313 13 16 0.37486425 
405 294 10 13 0.3615691 
715 409 18 21 0.3551291 
955 325 14 18 0.3506351 
828 337 12 15 0.3478476 
514 345 13 16 0.33610412 
321 284 11 13 0.33270222 
883 352 13 16 0.33262444 
134 281 13 17 0.331426 
792 284 9 11 0.32867366 
642 283 12 13 0.32504362 
122 311 25 32 0.31807595 
534 314 12 14 0.31017563 
866 338 15 16 0.30624026 
813 348 12 15 0.2947339 
333 302 12 15 0.29239646 
728 326 12 14 0.2859461 
262 375 11 13 0.28420934 
962 312 14 17 0.28298512 
432 421 9 11 0.2828372 
688 302 10 13 0.26901627 
822 335 13 17 0.263091 
462 406 10 13 0.24643171 
771 286 12 14 0.2391984 
216 286 11 13 0.23911306 
448 294 10 11 0.23294103 
858 349 15 17 0.22809446 
436 286 9 12 0.22800595 
263 350 12 15 0.22475252 
886 288 8 11 0.20930581 
784 298 10 13 0.20849097 
903 294 9 12 0.20572746 
861 317 10 12 0.19602545 
237 285 9 12 0.19500753 
869 350 15 19 0.19474415 
782 339 12 15 0.19292694 
723 349 12 15 0.18986316 
428 315 12 14 0.18982959 
466 31 23 30 0.18731616 
794 314 13 15 0.18672545 
783 238 12 14 0.18623723 
881 287 9 12 0.18089007 
374 323 11 13 0.17676853 
431 415 10 13 0.17468674 
837 287 11 13 0.17324655 
456 341 13 16 0.17246643 
469 295 11 13 0.17071335 
487 278 10 13 0.17037733 
892 303 10 13 0.16221647 
520 295 9 12 0.1603045 
555 325 11 14 0.15982662 
809 269 10 12 0.15908262 
495 419 12 16 0.15792514 
637 342 13 16 0.15778206 
681 349 12 15 0.15652502 
433 348 12 14 0.15628958 
546 279 10 11 0.15486728 
478 317 12 15 0.15128316 
311 365 10 13 0.14723833 
704 294 12 14 0.14615154 
501 310 13 15 0.14561947 
596 315 12 16 0.14463314 
710 278 8 11 0.14335586 
549 434 15 20 0.14294718 
804 309 11 13 0.14103296 
812 292 10 13 0.14065054 
193 286 12 13 0.14020877 
629 325 12 15 0.14011586 
1007 298 12 16 0.13907626 
1014 379 8 14 0.1381219 
545 285 10 12 0.13766076 
531 300 12 15 0.13530715 
435 192 43 54 0.12579346 
484 283 11 13 0.12515604 
862 423 11 14 0.12464435 
347 294 11 13 0.12239713 
458 201 26 31 0.121418044 
673 255 7 10 0.11975459 
735 247 11 14 0.1179019 
433 342 11 13 0.11720809 
634 427 13 17 0.11409053 
399 286 10 13 0.11407208 
613 300 10 12 0.11398103 
639 316 11 13 0.11157176 
311 383 11 14 0.11134202 
671 341 12 16 0.11028457 
703 281 10 12 0.10929725 
428 205 31 38 0.1087683 
527 294 10 13 0.10738107 
761 400 15 20 0.107363306 
304 387 10 13 0.10692327 
267 355 11 14 0.10681928 
634 332 13 15 0.10595881 
1005 273 11 14 0.104909636 
231 308 11 15 0.10481325 
345 309 13 16 0.10442966 
809 354 14 17 0.10360724 
832 286 10 12 0.103242554 
342 300 12 14 0.10134082 
671 328 15 17 0.099804305 
463 420 11 13 0.098708965 
707 304 13 16 0.09732222 
831 292 11 14 0.096931666 
614 294 10 12 0.09588076 
661 462 11 15 0.093497075 
503 320 13 16 0.09180207 
692 301 11 14 0.09179243 
600 295 9 11 0.09170588 
372 288 11 12 0.09146752 
647 298 13 16 0.090294816 
406 414 9 12 0.08894924 
866 665 119 140 0.08868147 
430 399 10 13 0.08858602 
615 286 10 12 0.088413306 
643 293 13 15 0.088221416 
605 423 15 18 0.087718375 
588 295 11 13 0.08580502 
679 244 9 11 0.085692614 
128 273 23 29 0.084356494 
302 287 10 13 0.08399226 
764 247 10 12 0.08336914 
631 274 10 12 0.0832084 
159 298 11 15 0.08059359 
345 372 10 13 0.08036927 
174 328 12 15 0.079041526 
839 254 11 12 0.07807873 
814 285 11 12 0.07773134 
263 365 11 15 0.0776616 
296 286 11 13 0.07639429 
760 245 10 12 0.07637539 
1013 425 10 17 0.07619933 
871 411 10 13 0.07607823 
789 301 11 13 0.07599554 
457 405 11 13 0.07546148 
313 336 13 17 0.07530877 
204 722 11 15 0.07519367 
532 294 12 14 0.074612714 
845 309 12 14 0.0740265 
940 355 12 15 0.07383248 
372 334 11 13 0.07369663 
294 326 13 16 0.073638916 
301 311 12 16 0.073497646 
796 320 12 16 0.073345326 
462 412 11 14 0.07317345 
718 309 10 13 0.073122375 
571 426 11 16 0.07307385 
335 296 10 13 0.072300896 
619 334 14 17 0.07188728 
200 332 14 16 0.06906793 
370 349 10 13 0.06807102 
538 317 14 16 0.06794769 
466 24 18 24 0.06756783 
118 104 14 17 0.06659334 
371 302 12 15 0.06658481 
654 249 9 12 0.06650745 
740 246 11 14 0.06585814 
831 262 11 13 0.065407604 
566 309 10 13 0.06537667 
531 309 11 14 0.064756975 
581 323 12 15 0.06450891 
570 452 14 17 0.06447341 
269 308 13 17 0.06409803 
579 359 12 17 0.064090885 
374 339 10 13 0.06325018 
1005 350 10 14 0.06284251 
816 301 10 13 0.062636524 
709 230 10 13 0.06255299 
889 315 11 15 0.06245525 
465 294 9 12 0.06181255 
519 437 11 14 0.061644677 
786 335 12 16 0.061329145 
863 311 9 13 0.06088995 
979 353 12 15 0.06087093 
735 262 11 13 0.06082014 
806 299 11 14 0.060674373 
763 269 11 15 0.06014401 
170 774 17 24 0.060117923 
700 263 11 13 0.059922617 
256 261 14 16 0.059860315 
382 292 10 12 0.059658162 
29 121 11 14 0.05959075 
284 378 12 15 0.058848772 
629 316 13 17 0.058743786 
838 260 10 12 0.057911865 
847 285 10 13 0.057813156 
816 308 10 13 0.057491288 
493 455 10 12 0.05718392 
558 406 12 16 0.05597962 
501 350 13 17 0.055892743 
399 297 12 16 0.055652633 
644 315 10 13 0.055524126 
431 310 12 16 0.05530417 
478 324 13 15 0.055170495 
631 422 12 15 0.055153184 
445 299 11 13 0.05491784 
995 328 12 15 0.054587707 
220 289 12 15 0.05454867 
612 468 16 18 0.054502122 
990 195 9 11 0.053777896 
356 219 13 17 0.053639617 
660 291 13 14 0.053469885 
751 229 10 12 0.053230908 
584 270 9 11 0.05305568 
757 238 10 12 0.052733123 
406 389 9 13 0.052568395 
812 428 13 16 0.0525087 
959 412 10 12 0.052134585 
574 309 10 13 0.05200462 
896 287 8 10 0.051757522 
550 402 14 18 0.051283985 
627 381 17 20 0.051042292 
492 88 15 18 0.050882664 
783 286 11 12 0.050640125 
470 359 12 14 0.050528407 
778 245 9 12 0.050368644 
464 427 10 13 0.049882557 
847 278 10 12 0.04964862 
286 359 9 12 0.04958992 
636 264 9 11 0.04952744 
931 293 10 15 0.049459007 
399 327 13 16 0.049415644 
678 254 8 10 0.04931801 
315 386 12 15 0.049281128 
736 279 9 13 0.04918702 
751 223 9 12 0.049162004 
432 404 11 14 0.048921745 
163 293 12 14 0.048756216 
615 371 13 16 0.048658613 
823 295 12 15 0.04865103 
937 363 13 15 0.04851146 
743 284 9 12 0.04823225 
781 252 13 15 0.047823127 
378 317 11 15 0.047728118 
701 433 13 18 0.04722046 
312 285 10 12 0.04719024 
860 298 11 13 0.047117725 
687 297 10 12 0.04700973 
196 193 31 36 0.04690431 
508 334 12 14 0.046899706 
667 278 12 14 0.046739254 
342 285 10 12 0.04657035 
855 311 10 13 0.046282314 
369 324 11 14 0.04603674 
645 309 12 14 0.04572313 
648 252 10 13 0.045640104 
932 274 12 14 0.045553394 
338 217 22 28 0.045501575 
927 320 11 14 0.045479137 
490 333 12 15 0.045468416 
42 371 14 16 0.045383994 
542 309 12 14 0.04532154 
918 337 12 15 0.045059975 
822 282 10 13 0.04477606 
805 314 12 14 0.044569872 
743 230 9 13 0.044137344 
958 94 11 13 0.04364287 
411 351 12 15 0.043421715 
789 260 13 16 0.043341793 
528 331 10 14 0.04329597 
701 325 13 16 0.043135997 
780 310 12 15 0.043128133 
910 415 10 12 0.04294251 
292 341 11 14 0.042567007 
231 292 11 13 0.042242024 
84 220 24 33 0.041875925 
773 299 11 14 0.041794907 
870 315 10 12 0.041730203 
707 285 11 14 0.041645277 
391 285 11 13 0.04157719 
788 241 12 14 0.04156243 
797 280 9 12 0.041540496 
407 421 9 11 0.041501176 
738 345 14 17 0.041474402 
666 400 15 18 0.041256182 
967 295 11 13 0.041249085 
542 331 15 16 0.041075822 
717 252 11 14 0.04092757 
414 294 11 13 0.040691998 
488 305 12 15 0.0405768 
585 310 11 14 0.040427536 
726 317 13 15 0.04031733 
622 286 10 13 0.040220268 
439 291 10 12 0.04019444 
500 428 12 15 0.039885104 
963 58 13 17 0.039881643 
903 311 8 11 0.039699905 
236 290 12 14 0.03964514 
735 237 11 12 0.039610658 
672 260 8 10 0.03959938 
335 286 10 12 0.039471257 
826 407 14 19 0.039463643 
196 280 11 14 0.03945448 
808 264 10 12 0.039285477 
893 344 13 16 0.039215412 
348 220 16 19 0.038670074 
339 252 13 19 0.03847238 
431 425 11 14 0.038164828 
201 322 21 26 0.037685927 
787 232 12 14 0.037637286 
312 346 11 15 0.037625294 
664 254 8 11 0.03749157 
680 359 14 18 0.037478477 
661 342 12 15 0.03747517 
599 285 10 12 0.037292685 
476 301 11 13 0.03714872 
527 352 13 16 0.03683055 
929 276 10 13 0.036698602 
406 408 9 11 0.036607664 
862 413 11 14 0.036584612 
824 261 10 11 0.036570452 
525 437 11 14 0.03656734 
607 301 12 13 0.03649197 
740 262 11 14 0.03641043 
842 314 14 17 0.036286265 
779 344 13 17 0.03578595 
262 317 19 23 0.035713453 
543 292 10 13 0.035686675 
421 293 12 13 0.03562413 
966 422 12 15 0.035613872 
688 348 13 17 0.035583794 
464 366 14 18 0.035392184 
223 300 12 16 0.035257913 
305 364 11 14 0.03516532 
988 292 10 14 0.03513138 
960 320 14 19 0.034979656 
810 274 11 14 0.03496411 
190 290 12 15 0.034944642 
823 254 10 12 0.03466438 
477 31 23 29 0.034621146 
455 418 11 14 0.034607664 
688 263 8 11 0.0346045 
525 451 11 15 0.034152716 
568 327 13 16 0.03411478 
696 266 11 13 0.034084864 
839 311 12 14 0.033917863 
737 232 9 12 0.03354335 
556 331 12 14 0.03352798 
673 245 8 11 0.03346551 
265 262 12 15 0.033456057 
500 434 12 16 0.03341155 
308 316 11 14 0.033295788 
389 302 14 15 0.033261172 
576 270 9 10 0.033134293 
239 300 12 17 0.03306665 
261 219 22 28 0.032938257 
945 286 9 12 0.032875877 
449 343 10 14 0.032812275 
767 262 10 12 0.03278812 
573 317 12 15 0.032647017 
583 277 9 10 0.032332003 
368 291 12 14 0.03223963 
989 345 12 17 0.03216127 
711 445 13 17 0.03214281 
838 238 9 11 0.03209407 
997 317 10 13 0.032080516 
677 276 10 13 0.032047015 
266 379 13 17 0.031985845 
567 457 13 16 0.031725287 
477 48 15 19 0.031494558 
632 286 9 12 0.031405874 
557 318 12 13 0.03135545 
795 261 12 15 0.031279694 
909 427 11 13 0.031082768 
610 310 12 14 0.031082282 
697 279 11 13 0.03107462 
741 236 10 12 0.031071912 
599 299 9 12 0.0310102 
895 295 9 11 0.03095128 
860 323 11 13 0.03093467 
564 407 12 15 0.030919509 
349 380 11 14 0.030800039 
814 264 10 12 0.030776473 
703 253 10 12 0.0307401 
392 327 11 13 0.03051996 
382 375 11 14 0.030508447 
911 333 12 15 0.030394748 
345 342 11 14 0.030278694 
839 245 9 13 0.030175447 
415 422 9 11 0.03016437 
389 353 11 15 0.03012622 
382 299 12 16 0.030104581 
350 113 25 31 0.030072061 
455 399 11 14 0.030066222 
844 253 10 13 0.030060543 
628 295 12 14 0.03005337 
420 301 12 13 0.030036215 
623 293 10 13 0.02992879 
852 360 14 18 0.029870572 
774 262 12 14 0.029773211 
782 259 13 16 0.02968382 
488 270 10 13 0.029682614 
1006 333 9 12 0.029648915 
281 373 12 16 0.029613685 
854 241 12 18 0.029513719 
759 308 12 14 0.029503694 
503 331 12 14 0.029401971 
841 329 13 16 0.029223453 
695 325 12 15 0.029196663 
554 347 13 16 0.029129079 
1002 220 22 42 0.029079825 
164 779 16 23 0.028822383 
266 328 14 18 0.028815402 
501 375 14 17 0.028795386 
712 271 9 12 0.028787894 
342 381 12 15 0.028617097 
703 247 10 12 0.028538123 
1013 305 10 15 0.028523428 
174 204 27 37 0.028486677 
619 351 14 17 0.028435044 
718 259 11 15 0.02830273 
644 350 16 20 0.028247861 
268 386 13 19 0.028236836 
687 230 9 10 0.028210891 
693 294 11 13 0.028195752 
813 340 20 24 0.028165016 
812 317 11 13 0.028151989 
284 349 10 13 0.02813362 
731 313 14 16 0.02799843 
220 309 12 16 0.027851107 
379 387 12 16 0.027837927 
744 223 10 12 0.027804399 
181 182 31 36 0.02773694 
603 306 18 23 0.027653513 
727 261 11 14 0.027613519 
480 280 11 12 0.027592255 
881 326 11 14 0.02759065 
317 276 19 23 0.02748983 
639 300 10 14 0.027462648 
624 245 9 11 0.027424771 
401 388 11 14 0.027321229 
961 407 10 13 0.027275711 
664 389 13 16 0.02725075 
830 280 9 11 0.027237196 
472 317 10 12 0.027215634 
8 105 11 14 0.027164876 
833 238 9 12 0.027136682 
380 307 12 16 0.027123822 
799 365 16 20 0.027076947 
518 381 11 14 0.027047008 
902 288 10 12 0.026945315 
957 55 13 17 0.026933426 
788 293 11 13 0.026871994 
348 363 11 15 0.026783317 
418 311 12 14 0.026760116 
268 341 13 16 0.026746495 
554 428 13 17 0.026703754 
652 333 14 17 0.026674956 
779 325 14 16 0.026592826 
751 467 12 14 0.026532318 
589 331 13 15 0.026406322 
279 356 11 15 0.02638486 
630 432 14 19 0.02628006 
1015 356 9 14 0.026278874 
757 340 13 17 0.026203817 
1014 349 10 14 0.026104352 
599 280 9 11 0.026059106 
278 324 11 15 0.026052173 
831 318 12 16 0.026030516 
961 398 9 12 0.025943995 
809 268 20 21 0.025927428 
310 370 12 15 0.025925709 
720 325 12 15 0.02592449 
951 292 10 12 0.025923615 
822 229 10 13 0.025892375 
959 218 10 15 0.02583474 
940 294 11 14 0.02581237 
974 52 9 13 0.025746634 
678 270 10 12 0.025738489 
627 271 9 11 0.025722302 
211 325 15 19 0.025637703 
868 420 11 15 0.025611827 
209 285 11 14 0.025589839 
376 81 22 28 0.025542405 
425 422 10 12 0.025508657 
620 402 12 17 0.025465574 
151 279 11 14 0.025435517 
14 105 10 14 0.025333337 
757 466 13 15 0.025272554 
659 279 19 21 0.0251167 
1 110 9 12 0.025062226 
544 301 10 14 0.025020933 
873 280 9 11 0.024968859 
751 340 12 16 0.024934184 
777 288 18 23 0.024875758 
44 377 15 18 0.024838805 
845 260 10 12 0.024822393 
490 414 12 15 0.02479005 
905 422 12 15 0.024788795 
420 279 13 14 0.024633113 
600 252 8 11 0.024603348 
262 356 20 26 0.024542836 
431 290 9 12 0.024502976 
820 355 12 15 0.024490474 
212 284 19 25 0.024433175 
492 369 15 17 0.024425589 
622 317 14 16 0.024423853 
951 336 11 15 0.024396582 
234 129 53 63 0.024359591 
287 365 11 13 0.02432059 
805 386 13 17 0.024309639 
679 262 9 10 0.02426904 
473 366 12 16 0.024242034 
615 270 9 10 0.024191106 
392 417 9 11 0.024133753 
508 354 13 16 0.02411022 
662 235 250 254 0.02404017 
377 365 11 15 0.023983525 
941 305 11 14 0.023952492 
940 277 10 13 0.02394277 
642 255 7 9 0.02386242 
277 374 19 26 0.023688331 
421 332 11 14 0.023678303 
349 334 13 15 0.023629986 
847 293 10 12 0.023608873 
476 293 12 15 0.023558905 
598 322 11 14 0.023540534 
373 355 12 14 0.023519251 
797 255 11 13 0.023513148 
457 407 20 24 0.023455095 
975 362 11 14 0.023443969 
836 339 12 15 0.023388555 
887 299 18 22 0.023341235 
159 305 10 14 0.023318624 
391 220 10 12 0.023311589 
951 93 10 13 0.023213334 
751 245 10 13 0.023212705 
606 269 9 10 0.02319284 
463 300 11 13 0.023190334 
631 339 14 17 0.023139255 
525 255 9 11 0.023119459 
405 337 13 15 0.023081956 
376 397 10 13 0.02306016 
341 396 12 15 0.0230036 
718 390 15 18 0.022984376 
399 381 11 14 0.022962617 
760 251 9 12 0.022944652 
983 415 10 13 0.022865763 
757 219 11 14 0.022843057 
400 288 17 23 0.022770638 
776 252 11 14 0.022761269 
550 319 11 14 0.022760753 
607 295 11 12 0.022710644 
972 300 12 13 0.02270256 
627 389 17 22 0.022674013 
399 421 9 11 0.022619652 
317 370 12 14 0.022591544 
965 404 10 13 0.022584243 
954 363 10 13 0.022477208 
703 318 11 12 0.022466779 
160 267 11 14 0.02244939 
937 350 12 15 0.022425981 
710 246 10 12 0.022419441 
559 307 11 13 0.022381779 
551 271 9 12 0.022363301 
426 414 10 13 0.022221392 
685 246 9 11 0.02221424 
437 204 15 18 0.022211388 
767 335 13 17 0.022176906 
851 371 13 17 0.022131486 
864 263 8 11 0.022077532 
26 116 12 16 0.022055726 
997 0 15 13 0.022022517 
853 283 17 24 0.021996303 
908 300 11 13 0.021947885 
720 280 11 14 0.021912018 
182 169 250 255 0.021903241 
590 339 12 15 0.02190152 
965 399 10 12 0.021860508 
992 105 9 12 0.021815896 
872 292 10 13 0.021808226 
573 286 10 13 0.021777235 
533 328 13 15 0.021752428 
539 404 13 16 0.021702949 
336 397 11 14 0.021696873 
798 267 11 14 0.021694073 
31 130 11 14 0.021673257 
750 284 13 14 0.021617597 
120 247 40 47 0.02158357 
276 314 12 16 0.02157808 
648 261 9 10 0.021549923 
436 399 12 15 0.021540025 
576 390 14 18 0.021451721 
277 300 20 24 0.021436075 
874 414 11 13 0.021406613 
591 249 8 11 0.021398723 
916 388 10 12 0.021353405 
604 399 16 19 0.021340672 
992 318 10 13 0.02122473 
437 435 11 14 0.021159252 
80 153 35 43 0.02111658 
928 380 10 13 0.021113923 
873 285 10 13 0.021085482 
536 321 20 22 0.021049686 
848 244 11 14 0.021039825 
653 358 15 20 0.02100193 
607 285 11 12 0.020999525 
992 339 20 26 0.020998014 
295 389 11 14 0.020948432 
762 296 19 21 0.020880174 
300 395 13 14 0.02086001 
430 303 11 13 0.0208585 
903 405 10 12 0.020821821 
14 762 37 48 0.020808654 
548 306 13 14 0.020787923 
820 429 12 16 0.02076495 
716 350 18 23 0.020759804 
483 344 13 17 0.020724183 
628 265 17 21 0.020721227 
599 248 8 11 0.020703463 
1013 413 11 18 0.020688483 
633 312 19 24 0.020676134 
727 253 11 13 0.020629575 
566 303 10 13 0.020624442 
949 349 10 15 0.020607786 
190 284 20 24 0.020595327 
324 404 12 15 0.02056565 
411 332 12 15 0.020555604 
487 26 15 20 0.020518422 
487 295 11 14 0.020489886 
680 294 10 12 0.020486988 
487 380 12 15 0.020478088 
476 413 11 14 0.020454673 
830 255 12 14 0.020437483 
533 467 13 16 0.02040809 
789 346 12 17 0.020399917 
603 386 12 16 0.0203665 
696 245 9 12 0.020343475 
964 414 11 14 0.020320866 
278 287 13 16 0.020312821 
760 294 11 13 0.02028829 
130 308 17 20 0.020281015 
413 324 12 15 0.02025024 
454 299 11 13 0.020239113 
810 286 10 13 0.0202155 
393 339 13 16 0.020214017 
864 269 8 10 0.020206857 
756 281 14 16 0.020173986 
352 278 9 11 0.020128826 
903 398 10 13 0.020122312 
828 256 20 24 0.020117842 
769 316 12 14 0.020106385 
904 413 11 13 0.020102642 
461 214 16 20 0.02008795 
704 214 8 11 0.020079203 
76 147 14 17 0.020076856 
764 279 241 239 0.020020597 
657 285 10 13 0.020017903 
156 293 20 26 0.020016227 
923 338 12 15 0.020011216 
630 246 7 10 0.020005895 
556 424 12 14 0.020003734 
