0_Parade_marchingband_1_309
346
45 84 26 30 0.99614966 
387 92 27 32 0.9946833 
499 74 34 37 0.98447 
956 83 23 28 0.90142375 
907 32 14 18 0.8128978 
212 89 22 29 0.77705324 
440 91 22 29 0.77560425 
845 94 26 29 0.7672419 
125 113 23 26 0.7282831 
608 98 29 36 0.7072514 
923 105 20 25 0.68356574 
29 18 18 24 0.5301101 
892 95 26 28 0.4746813 
274 96 20 24 0.45882124 
727 89 23 27 0.4521272 
709 104 22 27 0.3755473 
819 109 24 28 0.3587673 
68 55 23 27 0.34969887 
298 96 17 21 0.33680618 
306 50 14 18 0.32733035 
49 43 19 22 0.31678918 
168 51 25 28 0.30002224 
194 0 19 20 0.26823983 
115 0 14 13 0.2667405 
0 82 12 18 0.24209455 
575 5 27 33 0.23332337 
985 96 17 23 0.2296072 
84 88 22 28 0.22107111 
8 28 17 21 0.19750072 
141 81 19 24 0.19565226 
410 53 25 29 0.19143927 
52 18 15 20 0.19116168 
670 87 17 22 0.184366 
290 0 18 18 0.1752043 
315 12 13 16 0.17162949 
259 -1 18 15 0.16251758 
302 90 24 28 0.13458447 
642 0 20 20 0.1318381 
33 -1 20 18 0.12478657 
41 14 21 29 0.12384006 
372 192 29 33 0.123216145 
765 105 14 17 0.119289644 
490 46 33 35 0.11884925 
797 140 12 14 0.115819894 
894 60 15 17 0.11458929 
980 18 16 21 0.11285377 
851 52 14 18 0.11115916 
83 11 15 17 0.10812075 
550 90 15 19 0.10344358 
28 132 16 22 0.10273184 
4 1 17 19 0.094191596 
898 86 41 51 0.09172102 
25 62 18 23 0.08899329 
452 0 29 26 0.08836877 
19 0 18 14 0.085696295 
591 140 27 34 0.08562664 
103 145 20 28 0.08539357 
188 106 16 20 0.08509476 
340 0 16 13 0.08503521 
908 71 24 27 0.08481721 
488 54 41 49 0.08393518 
754 103 22 26 0.08310817 
592 93 27 31 0.08185703 
724 40 22 28 0.08179326 
716 120 16 20 0.081101835 
1011 133 11 18 0.081101306 
766 40 20 27 0.07989989 
713 48 17 23 0.0795489 
20 105 14 18 0.079347685 
588 91 17 21 0.07921871 
1006 135 19 30 0.079196036 
637 132 23 32 0.07761958 
986 71 16 22 0.0776009 
761 100 13 17 0.07591037 
608 56 24 27 0.07471173 
1002 -2 21 22 0.074023835 
430 75 38 51 0.07243179 
122 50 18 21 0.07130042 
693 157 22 29 0.07119847 
737 96 24 30 0.07058296 
51 32 22 27 0.070041396 
324 122 11 14 0.06901749 
341 66 24 29 0.06898707 
498 49 20 22 0.0686432 
819 101 16 19 0.06851674 
356 115 24 27 0.06786737 
253 24 15 19 0.06698695 
8 -1 26 23 0.06678158 
698 130 23 28 0.06637893 
742 77 14 16 0.066268966 
800 58 20 22 0.06546125 
242 0 28 21 0.063420124 
554 0 15 15 0.06336774 
636 133 15 19 0.06310887 
672 76 21 27 0.062993295 
840 286 12 16 0.060044624 
137 120 26 31 0.05965251 
604 139 16 21 0.059354227 
655 54 25 29 0.059178717 
293 102 16 21 0.05814627 
141 9 16 21 0.058129717 
580 96 15 18 0.057625614 
237 132 12 16 0.05733218 
147 127 26 30 0.05731525 
108 25 17 20 0.056900218 
619 62 17 20 0.056733508 
3 113 13 18 0.056631047 
707 56 18 20 0.05658856 
477 72 34 41 0.056156162 
319 115 13 17 0.055712935 
62 42 26 29 0.054762654 
834 98 26 31 0.053347755 
200 189 27 31 0.05139956 
219 1 16 18 0.051274482 
900 77 28 34 0.05044243 
216 83 17 22 0.049502145 
782 108 10 14 0.048863407 
541 94 24 28 0.048647244 
893 61 24 28 0.048518866 
539 105 15 19 0.04821057 
406 41 26 31 0.047887288 
905 97 19 22 0.047441944 
1 70 16 20 0.047427487 
815 106 17 22 0.047282975 
601 69 25 29 0.04725313 
437 0 34 31 0.046755232 
420 114 13 18 0.045833334 
255 115 11 15 0.045714498 
762 92 13 17 0.045485307 
220 96 24 27 0.04531562 
252 65 24 26 0.045181613 
956 2 18 21 0.044678815 
652 123 24 33 0.044651225 
959 115 15 18 0.04322665 
795 145 17 20 0.042731073 
-2 78 20 29 0.042207707 
845 83 16 20 0.042069856 
464 2 33 31 0.041463953 
884 57 24 28 0.041160792 
793 62 31 30 0.04072819 
162 0 15 14 0.04064775 
751 112 13 18 0.04052138 
153 139 26 36 0.040432967 
378 0 19 15 0.03982321 
375 50 20 28 0.03956742 
195 108 16 22 0.03869174 
666 99 23 28 0.03868016 
975 23 15 20 0.03827512 
310 123 13 18 0.038194053 
393 81 28 35 0.038186047 
632 116 25 32 0.037672985 
369 120 16 18 0.037566487 
799 153 15 19 0.037358254 
918 142 13 18 0.037297085 
56 46 19 23 0.036876623 
986 78 21 28 0.03683759 
647 0 31 26 0.036283527 
738 83 18 21 0.036084007 
74 43 26 30 0.03591139 
684 72 23 30 0.035715118 
128 99 25 33 0.035585884 
316 106 15 18 0.03542497 
20 113 15 20 0.035328314 
575 99 13 17 0.03508539 
966 89 25 30 0.03506882 
165 98 14 17 0.034904033 
246 13 25 29 0.033848584 
669 60 24 33 0.033714756 
573 123 26 33 0.033666708 
295 82 15 17 0.033473913 
8 65 21 28 0.033342607 
690 142 24 32 0.033274554 
4 122 12 18 0.03326238 
960 106 16 18 0.033175576 
177 61 17 21 0.033140156 
968 73 22 29 0.033104066 
316 84 15 17 0.0330038 
302 55 15 18 0.03266814 
763 68 24 28 0.032640714 
381 -1 26 22 0.032301452 
950 83 17 21 0.032276258 
598 128 27 36 0.032125644 
691 134 17 22 0.032027587 
586 3 18 21 0.031944476 
829 89 41 49 0.03171451 
414 110 24 30 0.03158824 
97 89 16 22 0.031487394 
269 91 18 22 0.03130321 
650 56 19 21 0.031087473 
108 131 15 19 0.030987088 
862 114 13 17 0.03072182 
499 274 15 17 0.030440055 
555 86 13 17 0.030348778 
5 12 28 31 0.030327462 
1003 218 15 22 0.030229976 
418 60 30 37 0.030131515 
34 125 22 29 0.030085655 
80 55 19 24 0.02990478 
99 27 22 27 0.02990151 
547 82 25 32 0.029780615 
924 67 15 18 0.029669508 
772 126 11 15 0.02955556 
765 80 15 19 0.02918256 
542 91 15 19 0.029168623 
594 18 16 21 0.028803175 
513 4 32 32 0.028785486 
754 88 21 29 0.028752694 
666 58 17 21 0.02863405 
225 0 23 22 0.028452236 
645 135 25 33 0.02833118 
349 120 16 22 0.028283982 
200 244 26 32 0.028173981 
237 94 13 15 0.028075792 
138 119 16 21 0.027915763 
852 78 15 19 0.027733156 
382 132 14 18 0.027576536 
916 98 17 21 0.027528612 
596 79 26 31 0.02745407 
579 8 40 45 0.02730265 
160 152 24 31 0.027293853 
234 3 27 29 0.027258884 
901 38 17 21 0.027247153 
282 192 26 31 0.02705973 
381 82 26 33 0.027021661 
414 133 29 39 0.027008288 
231 130 13 17 0.026926592 
356 75 17 20 0.02688657 
315 111 23 29 0.026761098 
251 0 29 28 0.026729781 
34 69 24 33 0.026445063 
141 14 25 28 0.026440319 
961 10 25 29 0.026331298 
922 285 8 11 0.026134893 
722 103 18 23 0.026130136 
648 61 27 32 0.026123948 
642 108 15 20 0.026086245 
4 104 21 28 0.026062863 
661 107 15 18 0.025803652 
789 116 12 14 0.02573107 
664 82 15 19 0.025696917 
177 45 23 29 0.02561692 
317 99 23 29 0.025541883 
262 90 16 18 0.025480893 
205 -2 25 24 0.02541154 
412 122 26 34 0.025315752 
572 70 15 18 0.025243456 
659 109 26 33 0.025236044 
437 85 15 21 0.02495928 
312 90 18 21 0.024764407 
295 74 24 29 0.0245475 
316 45 13 15 0.024484338 
146 153 25 32 0.024473934 
964 71 13 17 0.02437569 
443 65 29 43 0.024366949 
863 123 14 18 0.024346512 
747 111 23 30 0.024327824 
266 15 22 27 0.024298368 
649 41 25 31 0.024297422 
617 1 17 18 0.024291718 
275 14 14 18 0.024268424 
276 86 14 17 0.024136802 
986 13 14 19 0.02413096 
1007 43 13 17 0.024107309 
899 144 22 29 0.024033412 
48 65 26 35 0.024011493 
323 106 13 17 0.023998994 
76 15 15 19 0.023916844 
252 31 17 21 0.023848888 
277 64 14 17 0.023806721 
754 121 14 17 0.023785228 
60 16 22 26 0.023780603 
630 61 24 29 0.023750443 
63 64 24 28 0.023578532 
445 95 29 34 0.023519099 
187 126 16 20 0.023350801 
14 97 21 30 0.023211202 
576 141 34 42 0.023126593 
205 58 13 18 0.023121295 
115 131 14 19 0.023117956 
838 89 17 21 0.023036439 
187 47 15 20 0.022951294 
136 92 23 31 0.022938818 
100 83 15 20 0.022902464 
961 76 17 20 0.022813974 
728 73 25 30 0.0228025 
708 53 28 33 0.022749497 
120 114 16 21 0.022746386 
912 27 16 22 0.02269805 
242 99 14 20 0.022684766 
407 106 43 52 0.02267766 
767 129 13 18 0.022634981 
765 51 24 28 0.022623846 
674 90 23 29 0.022583295 
57 13 15 18 0.022530535 
54 77 25 31 0.022520283 
932 65 15 18 0.022478366 
313 2 21 23 0.022464622 
108 0 24 22 0.022427145 
946 109 23 30 0.022378094 
936 19 20 28 0.022333138 
941 76 15 19 0.022178963 
988 102 23 32 0.0218039 
107 135 22 30 0.021799197 
465 0 19 15 0.021778343 
153 81 17 22 0.021773146 
617 132 23 32 0.021764465 
746 128 22 31 0.021758366 
724 83 18 21 0.021706054 
366 66 23 28 0.021667143 
714 183 26 33 0.02164461 
66 2 24 26 0.021602927 
709 93 37 46 0.021593975 
91 98 24 31 0.021540465 
357 14 23 30 0.021525223 
3 37 16 21 0.021499578 
309 77 12 16 0.02137143 
886 92 15 20 0.021327592 
1011 149 14 22 0.021317672 
560 0 25 27 0.02127638 
768 124 21 29 0.021239221 
339 106 13 17 0.02112129 
118 107 15 20 0.02111363 
149 125 15 18 0.021098368 
869 99 14 18 0.021022009 
603 0 26 30 0.020927595 
184 114 22 29 0.02083967 
629 0 24 22 0.020780325 
428 97 26 33 0.020747649 
270 112 15 18 0.020693498 
133 82 16 20 0.020625547 
849 81 24 32 0.020583289 
725 102 25 32 0.020575048 
570 89 23 29 0.020475386 
1 89 22 33 0.020467157 
638 68 13 17 0.020464262 
401 100 28 33 0.020416478 
684 151 24 31 0.02040783 
293 53 13 15 0.020363107 
898 50 15 19 0.020348638 
334 100 14 17 0.020338 
867 26 18 23 0.020321058 
659 36 16 19 0.020158367 
13 25 22 26 0.02009585 
933 12 13 17 0.020048464 
428 110 29 38 0.020034205 
440 183 35 42 0.020023305 
