0_Parade_marchingband_1_465
1052
82 303 8 11 0.67859024 
127 235 10 12 0.4354147 
898 142 9 11 0.42020604 
592 236 11 14 0.41866258 
662 244 11 14 0.40344355 
111 171 10 13 0.38030344 
917 174 10 12 0.3661532 
232 157 11 13 0.34768727 
501 141 12 16 0.34739476 
945 174 9 12 0.34377876 
709 93 11 15 0.3403346 
1000 292 12 15 0.33037627 
662 239 9 12 0.31708068 
677 185 12 14 0.31306857 
527 165 11 13 0.29915562 
45 301 9 11 0.28563192 
519 260 8 11 0.28296778 
520 165 10 12 0.26173535 
919 179 10 12 0.2603 
837 204 11 14 0.25474057 
128 166 8 11 0.249823 
233 180 10 13 0.24930787 
503 70 10 12 0.24829957 
657 143 8 11 0.24827108 
169 225 9 10 0.246473 
73 180 11 14 0.24612156 
648 253 9 12 0.24597938 
799 203 9 12 0.24450026 
949 150 11 12 0.23533069 
894 167 10 12 0.23332345 
814 186 11 13 0.23274314 
849 158 9 12 0.22724482 
107 601 16 17 0.226942 
550 94 8 10 0.22600833 
466 174 11 15 0.22198252 
876 173 11 13 0.21568389 
874 165 9 11 0.21413456 
839 183 11 13 0.21367256 
623 251 10 12 0.21130608 
626 236 9 11 0.21117389 
1009 255 9 10 0.2093702 
526 180 11 15 0.20917092 
872 197 10 12 0.20831905 
504 181 11 15 0.20093614 
535 101 8 10 0.2007018 
853 133 9 11 0.20061257 
917 168 9 11 0.19897792 
928 280 8 10 0.19728765 
72 236 9 12 0.19454741 
464 262 11 13 0.19418387 
93 228 12 14 0.19251879 
793 165 9 12 0.1924358 
989 314 16 17 0.19128865 
568 149 9 11 0.19109578 
173 157 8 11 0.19036405 
390 179 10 12 0.1893158 
542 118 11 13 0.18927999 
690 246 9 12 0.18803711 
222 139 9 12 0.1879509 
958 139 10 13 0.18699144 
532 163 11 13 0.18512174 
431 175 11 15 0.18450718 
253 112 10 13 0.18339148 
637 141 14 15 0.18228231 
495 147 13 15 0.18177457 
483 242 12 16 0.17813689 
46 277 9 11 0.17751758 
550 167 9 12 0.17723162 
552 110 9 11 0.17610008 
990 293 11 14 0.17483258 
290 115 11 14 0.1735503 
430 148 11 15 0.17139874 
32 198 10 12 0.16986762 
630 246 9 12 0.1695475 
549 172 10 14 0.16951491 
832 158 9 10 0.16876699 
599 176 9 11 0.16672866 
321 165 12 14 0.16615792 
479 100 8 11 0.1649054 
524 123 11 13 0.16440159 
829 220 9 12 0.16360623 
881 215 8 10 0.16218401 
938 174 8 11 0.15993074 
507 114 11 14 0.15905839 
567 165 9 11 0.1586507 
795 133 8 11 0.1556675 
669 247 10 13 0.15478387 
976 172 10 12 0.15081763 
665 252 9 12 0.14826536 
928 235 9 12 0.14690572 
427 221 12 16 0.14551848 
101 254 11 13 0.14159895 
878 178 10 12 0.14083907 
219 114 11 14 0.13904348 
656 245 11 13 0.13893816 
257 166 10 13 0.13861246 
134 259 11 12 0.1377532 
734 239 7 9 0.13757458 
877 195 10 13 0.13520712 
918 150 9 11 0.13514188 
750 93 10 12 0.13507879 
472 96 8 10 0.13268666 
285 135 11 13 0.13190696 
639 247 9 11 0.13144737 
520 255 10 13 0.13131784 
878 226 11 13 0.12989348 
817 205 9 12 0.12939185 
609 255 8 10 0.12773097 
936 152 8 11 0.12738055 
915 152 8 10 0.1265736 
973 293 9 13 0.1264611 
600 167 8 9 0.12423664 
193 159 9 11 0.12388749 
496 217 14 15 0.12327169 
790 199 8 11 0.12228147 
654 253 10 12 0.12180656 
982 246 11 13 0.12126288 
209 150 9 11 0.12090351 
615 119 10 12 0.12010498 
679 132 11 13 0.119731694 
428 210 10 14 0.119369514 
574 151 9 12 0.11909603 
349 218 11 13 0.118061945 
465 94 8 11 0.11712365 
580 93 10 12 0.11585601 
72 175 11 13 0.11521715 
616 263 8 10 0.11502967 
1 293 9 15 0.115026146 
608 158 9 11 0.11366339 
254 126 10 12 0.11351572 
327 158 12 15 0.11336362 
942 230 9 11 0.11158667 
1004 162 11 13 0.111529976 
832 213 10 12 0.11134059 
586 210 14 16 0.111232504 
912 179 9 11 0.110715 
872 261 8 12 0.109805 
973 167 11 13 0.109793365 
680 142 10 13 0.10827976 
695 246 9 12 0.10765031 
365 247 9 12 0.107615754 
470 207 10 12 0.10754424 
863 181 10 13 0.107275985 
387 211 11 14 0.10702695 
607 212 9 11 0.10609604 
872 159 8 10 0.105808325 
722 201 9 11 0.10429261 
79 254 11 12 0.104115695 
582 155 10 13 0.10402936 
168 239 9 11 0.102416545 
254 131 10 13 0.10207892 
625 280 8 10 0.10185933 
656 123 10 13 0.10112221 
728 146 13 16 0.1000273 
100 245 11 13 0.0997021 
292 123 11 14 0.09872459 
704 228 9 11 0.09809075 
224 183 9 11 0.09787858 
62 198 13 16 0.095630474 
809 182 9 12 0.095519096 
159 166 9 12 0.09480384 
519 239 9 11 0.0946913 
689 253 8 10 0.093923956 
984 193 7 9 0.093626544 
832 182 9 12 0.09335172 
659 148 7 10 0.09302214 
696 238 9 11 0.09298149 
921 143 7 9 0.09279868 
705 119 9 11 0.09269321 
616 141 9 11 0.092428036 
815 170 7 8 0.09182978 
173 243 10 13 0.09132515 
526 172 11 14 0.09100878 
617 246 9 11 0.09100609 
424 118 9 12 0.09060414 
425 204 12 14 0.09008675 
799 212 8 11 0.08981941 
878 148 8 11 0.08981258 
86 284 10 12 0.08947561 
648 247 10 13 0.08872081 
685 132 9 11 0.08856077 
117 193 11 15 0.08809877 
536 86 7 9 0.0880979 
904 172 9 12 0.08804931 
513 254 9 12 0.08776784 
486 249 11 13 0.087664716 
0 299 9 17 0.08732287 
632 163 9 11 0.087153755 
658 110 10 13 0.0870861 
600 190 9 11 0.08679266 
903 223 9 11 0.08642293 
660 117 11 12 0.08639705 
996 197 10 12 0.08611704 
112 285 9 11 0.085969485 
739 113 12 16 0.08517418 
199 221 8 11 0.08508701 
702 246 9 12 0.08491794 
614 253 9 11 0.08487745 
544 112 10 12 0.08472729 
836 151 9 10 0.08418328 
33 203 11 13 0.08408976 
238 177 10 13 0.08400226 
214 181 10 13 0.083713405 
95 235 11 14 0.08348208 
832 173 10 14 0.082721144 
173 238 11 12 0.08232463 
505 111 9 12 0.082250215 
0 307 10 16 0.08195794 
479 119 9 12 0.08193347 
944 152 9 11 0.081905164 
524 253 10 12 0.081848495 
121 236 10 13 0.081573896 
99 230 10 13 0.0815634 
640 260 9 11 0.08155609 
576 156 9 11 0.08139574 
487 142 10 13 0.081363335 
872 142 8 11 0.08121324 
663 261 10 11 0.08109855 
215 149 9 12 0.081026584 
172 223 11 12 0.08074952 
119 302 10 12 0.08025686 
1001 254 9 11 0.08011624 
85 255 10 13 0.07980068 
679 168 10 12 0.0796286 
178 190 8 11 0.07947524 
559 231 8 10 0.0792186 
41 278 11 13 0.07868738 
6 263 9 12 0.07829279 
465 208 9 11 0.07818258 
6 269 11 13 0.07783615 
415 79 10 13 0.0777826 
249 116 11 13 0.077551015 
961 293 9 13 0.07683306 
826 159 8 10 0.07675123 
327 139 12 15 0.07655044 
465 257 10 11 0.07649862 
873 149 8 10 0.07634995 
560 126 9 11 0.07624888 
546 95 7 10 0.07611642 
424 225 11 17 0.07606519 
1009 206 10 13 0.07543505 
518 204 10 12 0.07541887 
551 101 9 10 0.075366154 
549 143 10 13 0.075129345 
536 96 9 10 0.07496381 
112 177 12 14 0.07493228 
911 238 8 10 0.07476193 
529 101 9 12 0.07470843 
663 232 9 11 0.07469604 
902 168 8 12 0.074540585 
662 95 10 12 0.074267425 
671 275 11 13 0.074006505 
974 159 10 12 0.073864765 
959 198 9 11 0.07343495 
641 254 8 11 0.07343409 
958 205 11 14 0.07339764 
483 167 12 15 0.073025025 
896 147 9 11 0.0728108 
768 271 9 11 0.07230731 
484 510 16 17 0.07223747 
582 88 9 11 0.072233535 
836 166 11 12 0.07218853 
160 262 8 10 0.07157912 
927 142 8 9 0.07095297 
607 221 8 10 0.070870936 
582 134 10 13 0.07058734 
935 141 8 10 0.070496365 
137 220 9 12 0.07044595 
1 270 9 13 0.07037497 
218 141 9 12 0.07006017 
695 252 8 10 0.07004352 
225 158 10 12 0.06992491 
984 240 9 11 0.06969141 
545 143 9 12 0.06963282 
500 153 11 14 0.06944248 
116 172 11 14 0.06868885 
874 228 10 11 0.068648286 
311 212 11 14 0.06854182 
69 203 12 14 0.06841406 
331 148 11 14 0.06839596 
793 171 9 12 0.06804018 
953 141 11 14 0.067730226 
605 197 9 10 0.06771822 
347 236 12 16 0.06746061 
559 236 8 11 0.067146726 
514 261 8 10 0.06677948 
567 143 10 12 0.06661792 
870 179 11 13 0.06654056 
128 310 7 10 0.066279344 
24 222 10 13 0.065896206 
568 157 10 12 0.065501414 
410 212 13 15 0.06528653 
696 172 7 10 0.06479717 
878 261 8 12 0.064593926 
556 109 10 12 0.064284794 
608 150 9 12 0.06412704 
519 244 10 12 0.06411946 
528 159 11 14 0.064085074 
473 157 9 12 0.06406623 
525 133 10 12 0.06368141 
839 142 8 10 0.063506834 
961 190 9 11 0.06335539 
934 236 9 12 0.06314759 
697 231 8 11 0.062934466 
793 214 9 11 0.062772125 
936 232 9 12 0.061979756 
734 245 9 10 0.061800797 
959 174 9 12 0.06177342 
656 193 10 12 0.061485756 
520 172 11 14 0.061425265 
870 254 9 12 0.061404057 
622 110 10 12 0.06106455 
792 204 10 12 0.06103339 
928 156 9 11 0.060623966 
645 259 10 11 0.06050697 
769 159 8 10 0.060241364 
21 319 10 13 0.06020883 
625 166 8 11 0.05916867 
492 123 11 15 0.05911287 
805 205 10 12 0.05883237 
311 180 13 18 0.058772177 
854 150 9 11 0.058537304 
616 109 10 11 0.058350366 
951 239 8 12 0.058347985 
673 140 12 15 0.058033373 
879 129 8 9 0.058021437 
3 325 13 17 0.057766132 
623 173 8 10 0.057715837 
520 131 11 13 0.057696056 
594 166 8 10 0.057575956 
933 279 9 12 0.057291992 
865 143 8 11 0.056905214 
509 134 12 14 0.056521542 
387 174 10 14 0.05644291 
814 174 9 11 0.056319036 
628 232 9 10 0.056142956 
576 135 10 11 0.056085717 
93 281 11 13 0.056063216 
0 328 9 16 0.0559796 
373 116 10 13 0.05574626 
103 268 9 12 0.055488344 
647 125 9 11 0.055469356 
962 182 8 10 0.054818064 
989 157 8 11 0.054816503 
597 243 10 12 0.054558184 
493 245 12 15 0.054543268 
855 141 9 12 0.054430038 
613 102 9 12 0.05412895 
497 71 10 12 0.054064788 
1004 235 12 15 0.054001886 
630 252 9 11 0.053788237 
231 162 9 12 0.053586237 
128 196 9 13 0.053548846 
662 271 11 13 0.05346386 
208 157 9 12 0.053366687 
567 245 9 13 0.05331026 
584 119 10 11 0.05285522 
464 87 8 10 0.05279941 
12 276 12 14 0.05275511 
838 172 10 13 0.05269862 
710 108 11 13 0.05261375 
119 308 9 11 0.052582838 
850 128 8 10 0.052572362 
558 189 10 13 0.052460328 
198 159 9 11 0.05243128 
168 244 9 12 0.052400906 
171 227 10 13 0.052197963 
477 124 11 13 0.052089762 
703 123 9 11 0.051838364 
696 133 8 11 0.05163397 
613 158 9 11 0.051559035 
930 271 8 10 0.051517915 
85 294 10 13 0.05110634 
998 286 12 15 0.05108757 
528 95 9 11 0.051053837 
463 79 8 11 0.050883934 
868 245 10 13 0.0506623 
971 212 11 14 0.050590497 
512 103 8 10 0.050589852 
568 187 10 13 0.050585583 
584 244 9 13 0.05041512 
590 124 12 14 0.05024318 
936 137 9 10 0.0501395 
622 142 9 11 0.04945189 
132 166 9 12 0.04940043 
921 225 9 10 0.049398825 
944 235 10 13 0.049355775 
865 165 8 12 0.049308565 
670 261 9 11 0.049143918 
392 95 10 13 0.048718 
767 179 9 12 0.04868141 
993 310 15 16 0.048558917 
632 271 8 10 0.048410468 
111 293 10 12 0.048402194 
88 224 10 12 0.048355967 
40 297 9 12 0.048141733 
506 47 9 11 0.047925826 
367 259 11 14 0.04792072 
487 118 11 14 0.047709152 
80 296 11 13 0.047589924 
373 46 9 11 0.04745722 
600 254 8 11 0.047285616 
53 276 9 12 0.047192402 
535 79 7 9 0.047046416 
181 220 12 13 0.04676044 
23 192 9 11 0.046656 
574 165 8 11 0.046607222 
596 231 10 13 0.046596162 
577 78 9 11 0.04653016 
551 159 9 11 0.046518333 
967 207 10 13 0.04634195 
424 110 9 12 0.046265762 
166 196 9 12 0.046220064 
461 132 11 14 0.046036925 
558 173 8 12 0.04596146 
943 223 9 12 0.045801964 
866 199 9 10 0.045699455 
590 76 10 12 0.045555107 
913 156 8 11 0.0453855 
525 247 10 12 0.045228023 
601 160 8 10 0.045134775 
884 227 9 13 0.0451128 
849 151 9 12 0.04502369 
904 228 8 11 0.044882927 
367 165 10 12 0.04487114 
526 148 10 13 0.04485027 
656 133 9 13 0.044822857 
897 222 9 13 0.044812948 
750 179 9 11 0.044810764 
486 148 12 14 0.044782892 
470 276 10 13 0.044700854 
710 239 9 11 0.04464179 
581 100 10 12 0.044604365 
2 551 17 21 0.044583764 
560 165 9 12 0.04458294 
82 285 10 13 0.044439327 
893 160 10 11 0.04432294 
72 325 8 11 0.044315953 
985 293 11 14 0.044295724 
582 77 10 11 0.044265214 
87 348 9 11 0.04420286 
872 191 11 13 0.044198245 
974 270 9 11 0.044166874 
511 245 11 12 0.04414528 
455 115 10 12 0.044076197 
665 276 10 12 0.04407467 
429 234 10 13 0.04403569 
366 252 10 14 0.04396864 
950 229 10 11 0.043878324 
726 264 9 11 0.043851208 
947 179 11 12 0.043446083 
126 243 11 14 0.04327871 
511 159 10 12 0.043276295 
376 104 10 11 0.043092836 
31 210 12 15 0.043085035 
192 192 8 10 0.042859852 
392 158 10 12 0.04279102 
575 246 10 13 0.04277922 
480 151 10 12 0.04267529 
927 197 10 13 0.042578697 
573 139 10 13 0.04247318 
238 186 10 13 0.042370364 
871 236 10 13 0.042330746 
518 109 10 12 0.042226724 
967 190 8 11 0.042192936 
494 110 10 12 0.04217127 
435 251 10 13 0.041968063 
54 319 9 11 0.041865937 
736 255 9 10 0.041847333 
501 234 13 15 0.041690174 
606 192 9 11 0.041638743 
989 239 10 13 0.041632842 
990 245 10 13 0.041592147 
294 155 9 13 0.04150043 
606 165 8 10 0.041459333 
311 114 13 16 0.04141629 
193 152 8 10 0.041228406 
368 117 10 13 0.0412082 
697 168 8 11 0.04115994 
1000 276 11 12 0.041105196 
765 198 11 13 0.04109197 
592 262 9 10 0.04105328 
921 229 9 11 0.040996775 
669 110 10 13 0.040931437 
822 183 10 13 0.040889703 
469 254 9 11 0.04085935 
71 186 11 13 0.040843327 
97 258 10 13 0.040830884 
910 207 11 14 0.04082601 
573 181 10 12 0.040811125 
589 71 9 12 0.040631317 
422 82 10 14 0.04058741 
705 98 11 15 0.040501833 
217 135 10 13 0.040419817 
529 86 8 10 0.040371258 
429 101 9 12 0.040312428 
550 116 10 11 0.040097065 
703 167 9 11 0.040091652 
608 260 8 10 0.040091287 
513 94 8 10 0.040054735 
967 197 9 11 0.040049963 
970 269 8 12 0.040032208 
589 156 9 13 0.039894063 
512 88 7 9 0.03987529 
966 183 8 11 0.039857168 
625 159 9 12 0.039562766 
76 230 11 14 0.039545 
906 181 8 11 0.039541733 
788 191 10 11 0.039280266 
1001 270 10 12 0.039276544 
133 196 10 13 0.03917175 
621 261 9 11 0.039151277 
158 161 9 10 0.03907737 
25 196 10 12 0.03907327 
936 199 9 12 0.039069515 
349 152 15 17 0.03906243 
574 126 10 11 0.039033033 
120 166 9 12 0.03902527 
567 125 9 11 0.039009374 
28 237 12 14 0.03893096 
357 155 13 15 0.03890829 
933 270 8 9 0.038882587 
720 166 7 11 0.0388167 
954 197 9 12 0.038785268 
47 307 10 12 0.03877836 
588 150 10 13 0.038745414 
910 224 9 11 0.03869004 
0 276 10 14 0.03862091 
248 139 10 14 0.03857914 
678 235 12 14 0.038487345 
377 149 10 14 0.038401928 
478 109 10 12 0.038367428 
559 245 9 13 0.03834678 
235 151 12 15 0.038315922 
732 153 11 14 0.03825834 
855 222 9 11 0.038192004 
6 274 12 16 0.03812111 
992 174 8 12 0.038088787 
703 189 8 11 0.038071502 
248 167 9 12 0.037947796 
919 156 9 11 0.037942823 
740 121 12 15 0.03793247 
504 102 8 10 0.03790962 
614 149 8 11 0.037828818 
544 101 8 10 0.037812956 
960 240 8 11 0.037716758 
1007 246 11 14 0.037518054 
896 228 9 11 0.037516013 
1000 211 11 14 0.037503887 
592 255 9 11 0.03750257 
785 175 8 11 0.037473235 
675 270 10 13 0.037468575 
552 90 7 9 0.037425928 
911 230 8 10 0.03742286 
566 95 9 10 0.037421234 
843 187 11 13 0.037017994 
797 140 10 12 0.036942698 
545 166 10 12 0.036835372 
551 246 9 12 0.036824256 
730 244 8 11 0.036780894 
943 284 10 12 0.03673849 
810 175 9 11 0.036731116 
473 99 9 12 0.036672052 
102 300 9 12 0.036593203 
88 325 9 11 0.036573604 
220 122 12 15 0.036573097 
256 158 10 13 0.036562875 
118 294 11 12 0.03647481 
461 141 12 16 0.03644794 
247 210 9 13 0.036423694 
806 198 10 13 0.036269218 
984 135 9 11 0.036079586 
600 78 8 11 0.036077816 
162 239 9 11 0.036069896 
650 160 8 11 0.03599424 
746 175 9 12 0.035950206 
973 206 10 13 0.03593611 
514 164 9 12 0.035930455 
125 221 10 13 0.035910744 
25 543 8 11 0.03589028 
855 228 9 11 0.035861608 
696 150 8 12 0.035810616 
910 190 10 13 0.035716794 
857 214 9 12 0.035595156 
240 141 10 13 0.035565313 
655 159 9 11 0.035499267 
384 158 8 12 0.03542759 
534 136 10 11 0.03532226 
292 132 11 14 0.035299476 
608 143 9 11 0.035275955 
120 340 8 11 0.03527193 
889 149 9 11 0.03519394 
296 174 10 13 0.03516202 
576 252 9 11 0.03515898 
810 168 7 9 0.03508188 
985 151 9 12 0.035047397 
296 258 11 14 0.034943208 
509 175 11 15 0.034937616 
621 117 9 12 0.034903005 
941 198 10 13 0.034843776 
166 165 10 12 0.034836274 
686 148 9 12 0.034732595 
1003 297 11 14 0.034721117 
168 252 10 12 0.0346815 
480 249 10 14 0.034647856 
578 88 8 10 0.034643486 
704 264 8 10 0.034468304 
431 248 11 15 0.03441904 
335 118 9 12 0.034174215 
679 246 10 13 0.034126345 
444 135 16 19 0.034067255 
664 160 9 11 0.034056973 
977 252 10 13 0.03398197 
576 110 9 10 0.03395945 
384 126 9 13 0.033926997 
466 275 10 13 0.033909243 
950 222 11 14 0.033812407 
600 212 9 13 0.03379441 
837 157 9 12 0.033721037 
174 164 10 12 0.033556506 
885 181 9 11 0.03353514 
498 180 11 14 0.033497144 
719 255 8 10 0.033483684 
422 124 10 12 0.033406656 
886 197 10 13 0.03337634 
333 125 9 11 0.033361092 
968 172 10 12 0.033318944 
583 109 10 12 0.033293135 
518 101 9 11 0.0331892 
480 141 10 13 0.033173632 
583 253 8 11 0.033141598 
870 203 10 12 0.033132575 
374 109 10 13 0.033066306 
520 142 10 13 0.032988537 
316 170 13 15 0.032911636 
198 192 9 11 0.03286656 
943 188 10 13 0.03286141 
487 109 10 12 0.032835636 
988 251 11 13 0.03278192 
751 270 9 12 0.03268881 
166 191 9 11 0.032654647 
89 234 11 14 0.032650866 
583 176 9 12 0.032623228 
921 236 9 12 0.032568995 
63 211 13 16 0.0325384 
352 174 10 12 0.032528643 
534 141 10 12 0.03241305 
904 284 9 11 0.032349672 
756 286 11 13 0.03234894 
223 188 10 11 0.032285325 
504 137 11 14 0.032176618 
770 165 9 11 0.032175113 
615 268 9 11 0.032163385 
703 237 9 13 0.031975843 
495 227 14 15 0.03182083 
792 181 9 10 0.031783853 
519 229 10 14 0.031769257 
624 125 8 11 0.031757016 
848 140 10 12 0.031608388 
760 180 9 11 0.03159531 
567 101 9 12 0.03158333 
518 95 8 10 0.03157157 
616 86 8 11 0.03145512 
77 247 11 13 0.03141599 
704 158 8 10 0.031415153 
740 150 10 14 0.031413056 
374 64 11 13 0.031265147 
624 182 8 12 0.031181304 
295 254 10 12 0.031151656 
866 251 9 13 0.031099122 
600 206 10 13 0.0310495 
213 156 10 13 0.030989528 
460 126 11 14 0.03069387 
228 139 10 13 0.030680962 
507 144 12 16 0.030620202 
703 252 8 10 0.030586896 
1014 259 9 13 0.030580608 
733 165 9 11 0.030568523 
493 93 11 13 0.030549368 
526 109 11 12 0.030443326 
329 215 15 17 0.030440677 
1014 220 9 13 0.030406117 
956 146 12 14 0.03039909 
994 318 16 18 0.03037928 
711 175 9 10 0.03032773 
222 149 10 12 0.030324887 
589 118 12 14 0.030268924 
435 156 11 14 0.03024671 
880 206 9 11 0.030245902 
368 81 14 17 0.030219184 
289 157 10 13 0.030204033 
976 178 9 13 0.030162886 
814 197 11 14 0.030131064 
96 342 9 12 0.030106988 
192 221 10 12 0.030098576 
589 109 10 12 0.03009308 
208 144 9 10 0.030084765 
545 177 11 14 0.0300618 
622 86 8 11 0.030044792 
315 209 13 16 0.030026851 
583 124 12 13 0.029994898 
38 358 23 25 0.029943753 
773 173 9 12 0.02993844 
558 197 8 11 0.02992891 
577 70 10 11 0.029870177 
954 136 9 11 0.029864378 
750 198 8 11 0.029738484 
343 123 11 13 0.029735645 
345 221 12 15 0.029731901 
616 188 9 12 0.029726066 
581 69 11 12 0.029700713 
54 312 9 11 0.02967482 
854 129 8 10 0.029651798 
934 282 11 13 0.02963067 
161 191 9 11 0.02949981 
127 251 12 15 0.029496105 
423 68 11 15 0.029488586 
902 148 8 10 0.029456824 
608 248 9 12 0.029423922 
921 279 9 10 0.029268894 
608 126 9 10 0.02922462 
705 198 8 10 0.029186323 
598 261 9 11 0.029149199 
1006 258 10 13 0.029103776 
328 68 14 17 0.029087 
457 94 8 11 0.02906024 
926 174 10 12 0.02889114 
3 282 12 17 0.02886517 
624 270 8 10 0.028685873 
588 232 18 22 0.028668866 
504 252 9 12 0.02855486 
1013 213 10 13 0.028501896 
998 246 10 13 0.028497318 
976 198 8 11 0.028451253 
520 184 13 18 0.028442912 
385 165 10 12 0.028382676 
553 239 9 11 0.02838265 
999 180 9 11 0.028356243 
12 324 12 15 0.028334536 
887 206 9 12 0.028198218 
477 132 12 14 0.028192949 
411 138 14 16 0.02813284 
176 197 10 12 0.028100714 
617 182 10 12 0.028071199 
261 158 10 13 0.027975047 
438 164 10 13 0.02787525 
314 175 11 14 0.027853504 
843 205 10 12 0.027749864 
63 324 9 12 0.027733339 
937 179 9 12 0.027694998 
940 297 15 19 0.02768945 
80 325 8 11 0.027672587 
254 147 10 15 0.027659686 
552 189 10 13 0.02764663 
380 102 10 12 0.027640324 
432 259 9 13 0.0276305 
245 181 9 12 0.027550116 
1007 219 12 14 0.027531499 
871 168 18 22 0.027521465 
1005 284 12 15 0.027510107 
616 240 9 11 0.027380966 
697 127 8 11 0.027368693 
821 199 10 13 0.02735896 
524 160 18 22 0.02735074 
467 266 12 15 0.02731381 
600 151 8 10 0.02724323 
598 98 11 13 0.027078157 
685 173 9 11 0.027001057 
492 132 12 15 0.026989633 
429 117 10 13 0.026920523 
604 174 9 12 0.026897375 
525 141 10 13 0.026891408 
80 319 8 10 0.026861036 
36 236 11 14 0.026795998 
910 284 9 11 0.026793366 
680 253 9 11 0.02672083 
488 261 9 11 0.026717149 
981 166 10 13 0.026695438 
567 172 9 11 0.026622351 
990 288 19 25 0.026601886 
657 102 10 13 0.026558654 
246 173 9 11 0.02655267 
637 174 9 11 0.02652661 
784 204 10 11 0.026496496 
473 247 9 11 0.0264789 
106 167 18 23 0.026434869 
865 262 9 13 0.026414381 
925 224 9 11 0.026358142 
503 53 8 11 0.026327899 
371 186 14 18 0.026282433 
824 152 8 11 0.026221044 
40 308 9 13 0.026189731 
798 149 9 12 0.026185941 
594 174 9 12 0.026158687 
709 244 10 12 0.026100084 
567 277 10 12 0.026078718 
543 198 10 13 0.025987772 
872 135 10 11 0.025920935 
111 325 9 12 0.02589196 
559 133 10 11 0.02588586 
630 189 9 11 0.02588162 
120 160 8 10 0.025856977 
136 294 9 12 0.025809484 
477 155 11 13 0.025791075 
698 189 9 12 0.025754422 
927 166 9 11 0.025753714 
798 180 9 12 0.025742507 
343 91 10 13 0.025713235 
864 149 8 11 0.02569035 
370 74 15 19 0.025664285 
86 225 18 23 0.02563718 
529 78 8 11 0.025543995 
176 285 8 10 0.0255336 
1008 151 9 11 0.02553073 
495 227 22 26 0.02547914 
534 196 11 15 0.025390357 
249 124 10 13 0.02534805 
168 152 10 12 0.025342647 
609 102 9 11 0.025296394 
358 117 11 14 0.025242941 
517 221 12 16 0.025218597 
884 214 9 11 0.025201902 
984 203 9 12 0.025144454 
423 63 9 13 0.02512652 
864 174 9 12 0.025114302 
949 277 11 14 0.025111163 
825 263 8 11 0.025085688 
804 213 9 11 0.025075996 
853 165 10 12 0.025058834 
624 135 9 12 0.025045395 
536 71 8 11 0.025031382 
697 262 8 10 0.02503104 
937 222 8 11 0.024926683 
967 288 9 12 0.024913969 
750 97 12 15 0.024901498 
584 238 11 13 0.024874644 
681 159 9 12 0.024857702 
1000 174 9 12 0.024835778 
672 166 10 12 0.02482884 
484 154 13 15 0.024813222 
838 221 10 12 0.024805853 
439 94 12 13 0.024788419 
493 86 10 13 0.024755863 
743 155 9 12 0.024703562 
262 186 11 14 0.024692625 
902 137 8 11 0.024688743 
591 103 9 11 0.024685973 
714 93 12 16 0.024676416 
630 102 14 15 0.024628388 
468 184 12 15 0.024609614 
0 244 7 13 0.024597935 
628 277 10 12 0.024484525 
588 219 13 14 0.024463506 
152 230 10 12 0.024417037 
958 227 9 12 0.024368292 
824 176 9 11 0.024333986 
989 152 9 11 0.024300728 
69 340 11 15 0.024265539 
705 173 8 10 0.024103291 
844 173 10 12 0.024045777 
447 173 12 15 0.02402544 
848 222 8 11 0.024007512 
126 304 9 11 0.023981344 
795 159 10 13 0.023967437 
343 84 11 14 0.023960715 
863 128 9 10 0.023956314 
542 133 10 12 0.023943542 
134 229 9 13 0.023900244 
732 134 11 14 0.023878504 
113 300 10 13 0.023861444 
559 181 10 13 0.023860859 
992 239 20 27 0.023846485 
85 306 10 12 0.023823168 
967 299 9 12 0.023788631 
918 246 11 13 0.023747595 
567 251 10 12 0.023743577 
984 141 9 11 0.023685237 
489 87 9 10 0.023671182 
286 149 11 13 0.023665829 
134 335 8 11 0.023568725 
669 116 10 12 0.02352734 
736 233 8 10 0.023512142 
728 232 9 10 0.023503192 
934 264 8 10 0.023437181 
711 279 10 11 0.023376588 
287 111 19 23 0.023374615 
840 137 8 10 0.023362894 
744 197 8 11 0.023340486 
294 140 10 13 0.02331788 
748 107 11 15 0.023314059 
340 118 11 14 0.023301462 
184 279 8 10 0.023301406 
703 151 8 10 0.023291036 
176 172 9 12 0.023268262 
593 271 9 10 0.023249589 
743 103 11 14 0.023204036 
929 264 8 10 0.023168957 
992 181 8 10 0.02310888 
536 124 10 12 0.023105118 
83 268 12 15 0.023094583 
503 262 8 11 0.023082554 
741 256 8 10 0.023067987 
330 134 11 14 0.023041429 
493 47 10 12 0.022992533 
134 246 11 13 0.022988657 
905 239 9 10 0.022974977 
863 223 8 11 0.022947617 
503 245 11 14 0.022929356 
722 262 7 10 0.022917809 
1013 308 10 14 0.022916721 
590 85 9 12 0.022910954 
103 319 9 11 0.022876257 
825 214 9 12 0.022848098 
511 237 11 15 0.022829352 
646 134 10 13 0.02281742 
281 139 12 14 0.022784607 
660 196 11 13 0.022756176 
237 162 11 13 0.022747163 
120 244 10 13 0.022741655 
736 191 9 12 0.022734197 
70 347 10 13 0.022702947 
133 267 13 15 0.022698894 
373 142 11 13 0.022694662 
567 108 9 11 0.022678064 
111 237 11 14 0.022658164 
460 111 10 14 0.022639865 
575 175 9 11 0.02262406 
1000 260 11 13 0.022584684 
518 279 9 12 0.02257396 
192 214 11 14 0.022562027 
737 123 9 13 0.022546979 
318 160 18 22 0.022537272 
711 199 8 10 0.022525897 
683 182 10 13 0.02248797 
561 142 9 11 0.022422578 
637 181 10 12 0.022401687 
752 205 8 10 0.022373797 
68 219 13 16 0.022343865 
505 84 8 10 0.022320831 
1014 199 8 12 0.022310209 
710 263 8 9 0.02219131 
948 169 11 13 0.022146598 
903 215 10 13 0.022121036 
951 191 9 11 0.022091279 
583 164 9 11 0.022051383 
847 229 9 11 0.022048876 
937 190 9 12 0.022042038 
527 206 9 12 0.022007952 
126 202 10 14 0.02199385 
706 110 10 14 0.021972941 
119 220 12 15 0.021970386 
230 249 8 10 0.021965882 
22 213 10 14 0.02194683 
685 228 12 14 0.02192309 
594 180 9 11 0.021916332 
54 292 11 13 0.021915272 
760 190 9 12 0.021906862 
1009 143 8 10 0.021886418 
72 319 8 12 0.021882953 
10 330 12 17 0.021879865 
561 148 9 12 0.021873727 
486 103 9 12 0.02186712 
991 192 9 11 0.021853112 
71 334 9 13 0.021796677 
658 261 9 11 0.021789867 
644 146 11 13 0.021787193 
789 104 236 255 0.02176744 
895 214 9 12 0.021729391 
1 261 9 13 0.021713149 
192 230 10 13 0.021706864 
760 270 9 11 0.021680158 
55 286 10 12 0.021668714 
912 143 8 10 0.02157601 
111 334 10 12 0.021567672 
411 218 14 17 0.021550251 
237 254 10 15 0.02150143 
392 79 9 11 0.021454735 
417 63 9 11 0.021400068 
685 219 13 15 0.021398785 
862 213 9 12 0.021364395 
103 343 8 11 0.021344537 
653 105 20 25 0.021337468 
74 303 10 12 0.02132958 
877 256 8 12 0.02131439 
95 320 8 10 0.021295361 
107 592 16 18 0.02129357 
119 269 8 12 0.02129035 
469 141 11 15 0.021275556 
672 283 9 11 0.021247705 
199 153 8 10 0.02123921 
824 164 8 10 0.021227917 
354 213 11 14 0.021218406 
863 267 9 11 0.021218063 
470 150 11 15 0.021169867 
82 278 11 14 0.021159643 
359 162 12 14 0.021155609 
874 128 7 9 0.021147909 
720 293 9 11 0.021118473 
22 204 11 15 0.0211173 
602 223 8 10 0.02110635 
318 135 12 15 0.021043764 
935 168 8 11 0.020976031 
335 110 9 11 0.020910462 
616 174 9 11 0.020889759 
89 320 7 10 0.02087579 
348 77 11 14 0.020873277 
558 103 10 13 0.020817688 
545 252 9 11 0.02080096 
121 229 18 23 0.020781118 
669 238 11 13 0.020628758 
94 232 20 24 0.020613497 
614 95 9 11 0.020567693 
0 252 8 13 0.020557703 
519 77 9 13 0.020533977 
534 206 10 12 0.020483613 
761 264 8 9 0.020467719 
1001 239 20 26 0.020458652 
960 286 9 13 0.020404456 
396 158 12 14 0.020379651 
742 131 11 14 0.020354666 
640 277 9 11 0.020347722 
30 274 11 16 0.020347599 
440 203 10 14 0.020346243 
461 99 10 12 0.020342955 
999 193 10 12 0.020317879 
673 133 11 14 0.020305447 
997 202 12 15 0.02028298 
989 221 10 12 0.020281542 
230 252 10 14 0.020278687 
509 125 11 14 0.020261692 
630 133 12 13 0.020254938 
329 181 11 15 0.020254705 
503 35 10 13 0.020253163 
583 230 11 13 0.020246005 
7 237 11 14 0.020239541 
520 117 11 13 0.020234171 
193 196 9 11 0.020220445 
688 239 10 12 0.02021951 
589 143 10 12 0.020213678 
209 164 9 11 0.02020092 
70 359 9 12 0.020195918 
532 172 10 14 0.020195728 
640 229 9 12 0.020152234 
445 117 12 13 0.020146662 
543 168 18 24 0.020144952 
536 117 10 13 0.02012906 
878 233 10 14 0.020118313 
975 152 10 11 0.020088475 
630 183 9 11 0.020085227 
152 286 8 11 0.020078382 
871 213 9 11 0.02007361 
77 204 10 14 0.020068571 
