0_Parade_marchingband_1_490
899
483 355 16 19 0.99221206 
236 283 12 16 0.98338103 
630 331 14 18 0.9793723 
883 358 16 21 0.9779885 
245 325 14 19 0.9779261 
501 328 14 17 0.97789484 
526 355 15 20 0.977517 
505 387 15 19 0.9753704 
651 388 16 21 0.9752303 
307 388 14 18 0.9732484 
840 248 10 13 0.97196907 
218 395 14 18 0.9688742 
124 354 14 18 0.96856356 
537 437 18 23 0.96853304 
205 326 13 17 0.96770895 
550 388 17 21 0.96634847 
406 386 16 20 0.96540517 
678 306 13 16 0.9653849 
261 356 14 18 0.9648959 
439 300 15 19 0.96386284 
275 284 12 15 0.96105313 
676 331 12 17 0.95930064 
328 246 12 14 0.95894927 
612 284 13 17 0.95864457 
31 393 15 19 0.9586445 
438 358 16 20 0.95836693 
390 357 16 21 0.95779365 
586 330 15 19 0.953621 
301 356 15 19 0.9526313 
87 335 12 15 0.9519072 
924 339 12 16 0.95148706 
170 355 13 18 0.948734 
262 391 15 19 0.9467458 
572 358 14 19 0.94486845 
878 389 17 21 0.944613 
357 387 16 21 0.9425401 
303 267 12 15 0.94192445 
661 358 16 21 0.94140506 
412 330 14 17 0.93881357 
405 190 9 11 0.93830144 
167 285 10 13 0.9327006 
264 199 10 13 0.9318459 
454 389 16 21 0.9308525 
432 246 11 13 0.9308245 
293 247 12 15 0.92937714 
375 193 10 12 0.92928123 
599 389 16 20 0.92838794 
80 398 13 16 0.9247911 
882 332 13 16 0.9246763 
759 309 13 17 0.92428887 
457 331 14 18 0.9241407 
460 284 13 16 0.9237632 
368 330 14 17 0.9235243 
786 391 16 20 0.91900903 
545 331 12 16 0.91831136 
202 284 11 14 0.91809577 
290 452 17 20 0.9165315 
718 307 13 16 0.9149199 
422 284 13 16 0.9129917 
535 284 15 17 0.908439 
358 206 9 12 0.90788746 
522 305 14 17 0.90776426 
707 358 15 17 0.9071585 
312 284 12 15 0.9060506 
329 327 15 19 0.9044919 
346 358 15 19 0.9043674 
717 237 11 14 0.9018209 
670 453 17 22 0.89799803 
409 452 16 20 0.89471596 
443 266 12 15 0.88906384 
836 390 16 20 0.88823646 
206 306 12 15 0.8864932 
619 186 11 14 0.8859227 
932 388 13 17 0.8855846 
282 305 13 16 0.8846988 
555 266 13 16 0.8842396 
564 306 11 16 0.884127 
546 205 9 12 0.88400435 
686 287 12 15 0.8837562 
350 285 11 16 0.8830375 
752 360 13 17 0.87815326 
639 306 14 16 0.87563145 
557 191 8 10 0.8743301 
526 191 7 10 0.8738227 
789 211 10 13 0.87304986 
743 390 14 20 0.871218 
798 286 12 15 0.8706113 
575 282 13 16 0.8669954 
750 333 12 16 0.86403936 
728 202 10 13 0.8609783 
800 310 12 16 0.8586938 
834 358 15 19 0.85593796 
590 187 9 12 0.8544973 
696 390 16 20 0.85342735 
493 286 13 18 0.8525057 
669 249 12 15 0.8503934 
575 204 10 12 0.8479346 
838 287 10 13 0.8373648 
686 236 11 13 0.8349442 
482 306 12 15 0.83257693 
320 303 13 17 0.8323698 
561 215 12 15 0.8250176 
974 396 13 16 0.8245459 
592 268 13 15 0.8221137 
196 264 11 13 0.8201362 
217 360 15 19 0.81191975 
498 213 11 13 0.8094446 
124 397 16 19 0.80880225 
360 304 13 16 0.8066019 
245 304 12 15 0.80523074 
702 204 9 11 0.80028355 
684 187 9 13 0.7953802 
652 189 10 12 0.7953368 
668 205 9 12 0.7941154 
149 242 10 13 0.79362994 
615 357 15 19 0.789391 
384 284 14 16 0.78914326 
310 232 10 13 0.78912264 
169 397 15 18 0.7859847 
391 206 9 12 0.7817746 
529 212 11 14 0.7738858 
287 327 13 17 0.7730118 
341 190 9 12 0.7713334 
341 266 12 14 0.7709213 
165 305 11 14 0.77065384 
407 265 11 15 0.7683078 
628 270 12 15 0.759742 
717 215 9 11 0.75953084 
810 230 10 12 0.7587938 
760 288 11 14 0.75465715 
704 249 12 13 0.75235707 
604 247 12 14 0.7501067 
794 359 13 17 0.74968714 
400 306 13 16 0.7488161 
122 287 13 19 0.74843395 
650 235 12 16 0.7477511 
231 265 11 12 0.7473712 
234 198 9 12 0.7446369 
932 367 12 16 0.7427211 
78 361 14 18 0.7403291 
734 267 11 14 0.73874557 
305 217 9 11 0.73211944 
224 248 10 13 0.7221064 
636 250 12 14 0.70406115 
396 247 12 15 0.70247966 
660 266 12 15 0.6702606 
581 233 11 14 0.66780376 
838 310 13 16 0.663396 
785 214 11 13 0.6610062 
480 268 13 17 0.6588771 
696 267 12 14 0.65409696 
185 209 10 13 0.65307903 
245 214 9 11 0.64810944 
217 211 8 11 0.6451748 
260 246 10 13 0.6429118 
381 232 11 14 0.63794935 
568 246 12 16 0.6366519 
727 287 11 14 0.63645655 
280 189 9 12 0.63485605 
497 185 9 10 0.63479406 
535 249 12 15 0.62206846 
594 218 11 14 0.6205277 
768 271 10 13 0.6158836 
739 249 12 14 0.6109345 
518 267 11 14 0.6098174 
295 201 9 10 0.60738087 
838 327 13 17 0.601625 
373 265 11 14 0.59998536 
345 232 11 14 0.5967642 
452 236 10 12 0.5774239 
600 305 13 16 0.5725009 
126 328 12 15 0.5702573 
453 201 10 13 0.56830764 
370 216 10 13 0.56217736 
468 185 8 10 0.55735505 
403 214 12 14 0.5494989 
467 248 12 14 0.5441288 
548 233 11 14 0.5435355 
650 286 12 15 0.5426878 
466 217 10 11 0.5360433 
757 203 9 11 0.5243312 
311 189 8 10 0.5200659 
627 219 9 13 0.5152062 
433 216 11 14 0.514798 
434 194 9 10 0.5134471 
281 233 10 12 0.5123729 
482 203 10 12 0.51154375 
745 230 10 13 0.5105384 
266 263 12 15 0.50619745 
361 248 11 14 0.49251536 
772 252 10 12 0.48856336 
251 230 10 12 0.4853608 
794 330 12 16 0.47519514 
801 267 12 13 0.46401304 
503 250 11 14 0.46319088 
168 325 12 16 0.45840856 
714 328 13 17 0.44871274 
773 269 11 14 0.44757575 
605 202 9 12 0.4443077 
848 264 10 13 0.43678805 
417 233 11 13 0.4285688 
419 202 10 12 0.424278 
189 228 10 11 0.42051667 
220 228 10 13 0.4176079 
637 204 9 12 0.4164624 
183 246 11 14 0.406782 
337 215 9 11 0.40581045 
483 232 11 13 0.38654876 
517 234 10 14 0.36844778 
511 201 9 12 0.3667369 
617 233 11 14 0.33990702 
327 200 9 13 0.33868587 
693 221 10 12 0.33256608 
273 215 10 12 0.32697156 
878 316 10 12 0.32372406 
809 251 10 12 0.31468815 
775 232 10 12 0.314603 
637 269 11 14 0.31414405 
173 230 9 12 0.30237818 
873 298 11 14 0.29276803 
123 305 13 16 0.2824323 
502 309 12 14 0.25981522 
740 269 11 13 0.25757456 
684 329 12 16 0.23966368 
661 218 9 13 0.22832453 
714 356 13 16 0.20377415 
278 219 10 12 0.19679603 
247 219 10 12 0.19460593 
369 265 10 13 0.18129301 
751 221 9 11 0.17934844 
602 205 8 10 0.17519538 
464 308 11 15 0.165408 
308 220 10 12 0.15405118 
964 379 10 13 0.14216293 
352 384 15 21 0.14140126 
747 270 11 14 0.13765144 
376 234 11 13 0.13601355 
733 290 12 14 0.13594669 
752 215 9 12 0.1311922 
350 251 10 13 0.12892921 
70 464 12 14 0.12892 
654 462 12 15 0.12753576 
335 264 11 13 0.12641744 
513 268 10 13 0.124169804 
940 371 11 14 0.12341176 
109 315 11 15 0.11926791 
400 266 12 15 0.11808597 
646 220 9 12 0.117363974 
719 261 11 13 0.11684616 
253 235 10 12 0.11276821 
708 285 11 13 0.11145936 
620 308 12 15 0.110249326 
97 403 11 16 0.110171944 
237 204 9 11 0.10777987 
156 259 11 14 0.10640349 
667 291 12 14 0.10551825 
694 215 10 12 0.10342159 
725 329 12 16 0.099830456 
712 269 11 14 0.09916983 
118 466 10 12 0.098689005 
675 275 12 14 0.09867972 
176 246 10 13 0.09756355 
385 207 9 11 0.09675553 
263 237 10 12 0.096623056 
227 251 11 13 0.09648857 
568 332 12 15 0.095746145 
768 231 9 12 0.09450925 
185 222 10 13 0.09392095 
422 315 14 17 0.09326799 
538 375 14 18 0.09054522 
471 269 11 14 0.09043085 
289 248 10 13 0.09000475 
312 252 10 12 0.08964141 
780 230 10 12 0.08898504 
268 203 9 12 0.087837115 
217 223 10 12 0.0859884 
910 370 12 16 0.08598053 
203 312 15 19 0.08482816 
864 339 11 14 0.0839599 
657 262 11 15 0.08372418 
462 357 12 15 0.08176208 
641 221 10 13 0.081340134 
630 237 11 13 0.07994273 
80 368 15 19 0.079806745 
206 230 9 12 0.07943749 
690 238 11 13 0.078855515 
647 326 13 16 0.07825972 
778 270 12 15 0.07733249 
528 248 11 14 0.07731502 
387 279 14 16 0.07697046 
220 234 11 14 0.075896725 
504 200 10 12 0.075092174 
248 234 10 12 0.07365232 
656 308 11 14 0.07337032 
748 234 11 13 0.073001854 
109 340 11 14 0.07275127 
722 237 12 15 0.07271789 
590 251 12 14 0.072480865 
446 325 12 15 0.07246861 
572 307 12 16 0.07086985 
669 269 11 14 0.07021397 
940 322 13 18 0.06941473 
758 222 9 11 0.06869766 
792 239 9 12 0.06853283 
279 253 11 13 0.06813821 
612 220 11 14 0.06777756 
205 253 9 12 0.06737018 
688 260 10 14 0.06734733 
239 364 14 18 0.06730347 
565 240 11 13 0.06707885 
711 276 11 13 0.066591285 
406 236 9 11 0.06650279 
297 269 12 14 0.066389814 
304 234 10 14 0.06630886 
284 184 9 11 0.06628554 
383 254 10 13 0.065143466 
805 349 12 15 0.065063894 
710 380 14 18 0.06502934 
294 275 12 14 0.0646102 
574 270 12 13 0.06454435 
840 268 10 13 0.06453609 
501 256 12 16 0.06432316 
501 236 11 13 0.06365889 
408 327 13 17 0.06291722 
336 197 10 11 0.06278256 
217 236 9 12 0.06261806 
840 280 9 12 0.061788954 
720 286 12 15 0.061729614 
281 284 14 16 0.06146551 
72 350 10 13 0.061442845 
623 253 11 13 0.06140186 
403 245 11 14 0.061307304 
542 308 12 15 0.06127715 
916 392 13 18 0.060879897 
290 200 9 11 0.060857262 
111 498 11 14 0.06071702 
486 251 11 13 0.060531043 
608 268 11 14 0.060113832 
295 193 9 10 0.060106706 
167 390 13 17 0.06001799 
811 247 10 12 0.059478424 
790 254 9 11 0.058496926 
638 229 10 13 0.05836916 
296 239 11 14 0.058306612 
599 238 10 13 0.058122143 
608 278 13 16 0.057465743 
320 247 11 12 0.057444718 
868 270 13 15 0.05742456 
511 263 11 13 0.056823015 
550 354 13 17 0.056561753 
532 324 13 16 0.055662286 
396 208 10 13 0.05562713 
758 246 10 13 0.05559365 
391 307 12 15 0.0555744 
689 329 14 17 0.05556144 
759 237 10 13 0.055384446 
284 365 12 16 0.05534035 
264 195 9 11 0.05521315 
80 423 10 12 0.054910753 
124 313 13 17 0.054832146 
501 267 12 14 0.054635078 
612 413 14 17 0.054591782 
127 380 11 14 0.054418553 
198 278 13 16 0.054397825 
631 292 11 14 0.05414431 
531 218 12 13 0.05395372 
807 332 11 13 0.053654525 
224 266 12 14 0.053372893 
371 192 9 11 0.05328689 
903 282 11 14 0.053133354 
661 302 12 14 0.05243018 
757 387 13 18 0.052336354 
199 254 11 13 0.0518639 
189 236 9 12 0.051778894 
314 288 15 18 0.05170968 
374 291 11 14 0.051705178 
264 232 9 12 0.05147056 
150 250 11 14 0.051366616 
317 189 9 11 0.05096332 
572 326 13 15 0.05077661 
297 214 9 12 0.050648607 
184 240 10 12 0.05046983 
766 303 11 14 0.050420024 
643 269 12 14 0.050321538 
798 238 9 11 0.050227635 
514 222 9 11 0.050223824 
527 187 8 10 0.050080657 
551 255 12 14 0.0500594 
661 238 10 13 0.05001799 
449 233 10 13 0.05000872 
708 385 13 21 0.04996724 
603 456 14 17 0.049899466 
726 261 11 15 0.049811475 
531 307 14 18 0.049731474 
527 325 11 14 0.049365576 
237 193 8 13 0.049236882 
831 263 9 13 0.049236134 
189 252 11 13 0.04876767 
154 244 11 13 0.048700508 
537 276 14 17 0.048291195 
496 251 12 15 0.048286196 
980 409 10 14 0.04804109 
772 261 11 13 0.047843147 
467 312 14 17 0.047791526 
254 275 12 14 0.047617994 
518 207 9 11 0.046865862 
488 287 11 15 0.04685677 
176 269 9 12 0.046807773 
834 290 10 14 0.046714086 
247 269 12 14 0.04591966 
424 246 11 13 0.04561058 
941 414 10 13 0.045534316 
767 330 12 15 0.045532756 
215 269 12 14 0.045364596 
364 209 9 12 0.04515099 
758 252 10 14 0.04510106 
593 207 9 11 0.04484806 
802 289 13 15 0.04473943 
745 224 10 12 0.044667277 
503 206 9 11 0.04465109 
314 230 12 14 0.044604253 
520 253 12 14 0.04443927 
360 269 11 13 0.044223856 
537 270 12 15 0.044069946 
700 262 12 15 0.0439766 
471 232 10 12 0.04382392 
77 351 12 16 0.0437978 
744 337 15 18 0.043770302 
675 246 11 14 0.043763965 
590 362 14 19 0.043661155 
251 223 10 13 0.043594256 
559 209 10 12 0.043401856 
526 237 11 13 0.04336319 
439 339 13 16 0.043291852 
354 210 11 13 0.043154057 
868 322 12 15 0.04314833 
22 460 11 13 0.042933933 
611 244 11 15 0.042886466 
284 220 10 12 0.04284372 
493 308 13 16 0.042806525 
343 289 12 15 0.042778026 
703 293 12 14 0.042652477 
700 299 12 15 0.04263271 
86 340 14 18 0.042514265 
133 338 12 16 0.04244641 
446 285 12 13 0.04243538 
339 351 15 18 0.042381182 
65 500 11 13 0.042364597 
884 269 13 18 0.042260874 
508 354 15 18 0.042224802 
842 355 14 19 0.04216891 
340 272 14 16 0.04209078 
205 356 13 17 0.042080857 
845 275 10 12 0.041971497 
598 286 12 13 0.04162105 
791 244 9 12 0.041509032 
388 229 10 13 0.041306775 
809 225 9 11 0.041233335 
646 240 13 16 0.041097056 
789 218 10 13 0.04106047 
110 347 12 16 0.040889096 
755 337 14 17 0.04084284 
279 260 11 13 0.04077742 
865 276 11 14 0.04075779 
231 214 9 11 0.040715855 
833 314 13 17 0.040674865 
335 207 9 10 0.04047826 
345 253 11 13 0.040461678 
247 349 12 15 0.040396057 
560 247 12 13 0.040363915 
581 308 12 14 0.039940964 
522 262 12 14 0.039878774 
687 255 10 12 0.039816912 
780 236 11 12 0.039801545 
594 331 13 17 0.039746292 
322 200 9 12 0.039560247 
736 300 11 13 0.039257582 
524 339 14 17 0.03915753 
445 331 14 18 0.038984556 
458 363 14 18 0.038966373 
302 207 9 12 0.03888331 
519 242 11 15 0.038801983 
698 201 9 12 0.038687993 
164 312 15 19 0.038585823 
347 262 12 14 0.03849727 
534 232 10 12 0.038416322 
695 308 11 14 0.038410254 
572 257 13 15 0.0382567 
200 230 8 12 0.03817099 
592 293 12 15 0.038075116 
292 284 13 16 0.03796127 
376 206 10 12 0.0377935 
758 302 13 15 0.037774395 
664 286 10 13 0.037759483 
323 311 15 19 0.03773437 
689 216 10 12 0.037649505 
727 255 10 12 0.037558597 
239 251 10 13 0.037206158 
254 350 15 18 0.03720503 
775 208 10 12 0.037097547 
853 239 10 12 0.03699465 
999 366 9 13 0.03685712 
872 317 11 14 0.036826815 
910 285 11 14 0.03673507 
381 260 11 14 0.03664007 
230 237 10 13 0.036624633 
854 244 10 12 0.036325254 
691 289 12 15 0.03630983 
278 208 10 12 0.036299262 
173 379 13 16 0.03628246 
637 286 12 15 0.036258567 
162 279 8 11 0.03625348 
894 385 13 18 0.036175687 
290 205 9 11 0.036070757 
608 324 11 14 0.035929017 
125 337 15 18 0.035882857 
895 341 10 13 0.035868984 
559 238 11 13 0.03570877 
120 294 18 23 0.03569713 
116 313 13 16 0.03568919 
419 322 15 18 0.035578217 
405 253 11 14 0.035574365 
423 216 10 12 0.035565034 
294 351 15 18 0.035474386 
525 400 13 17 0.035447124 
231 278 12 16 0.03544071 
426 320 15 19 0.03525474 
214 436 12 17 0.035177927 
215 275 12 15 0.035157032 
0 439 13 18 0.03504086 
691 227 12 14 0.035025068 
769 248 9 13 0.034815837 
175 421 10 13 0.034690674 
640 214 9 12 0.034658022 
462 207 10 11 0.034566794 
437 238 10 13 0.03454513 
244 316 16 20 0.034422785 
351 142 8 10 0.034395184 
135 271 9 13 0.03435151 
207 350 12 16 0.034223303 
483 263 12 16 0.033998363 
823 261 10 13 0.033877995 
848 240 8 11 0.033597514 
730 324 12 15 0.033531774 
923 352 13 17 0.033465203 
256 467 12 14 0.033436462 
709 200 9 12 0.03340612 
686 205 11 12 0.03332882 
624 245 10 13 0.03331757 
693 271 14 17 0.033291455 
439 230 10 13 0.033238035 
518 322 14 18 0.033053342 
378 269 12 14 0.032913614 
700 239 12 14 0.032891534 
354 290 14 16 0.032873783 
715 334 15 19 0.032801718 
263 301 12 14 0.032768335 
414 221 10 13 0.032717094 
895 317 10 13 0.03268382 
750 252 11 14 0.03263008 
525 331 12 16 0.032462604 
455 369 15 19 0.03245556 
282 310 16 20 0.032453205 
739 261 12 14 0.032452464 
460 239 11 13 0.03240309 
143 223 8 10 0.032396577 
794 388 14 19 0.032367337 
301 199 9 10 0.032346986 
951 397 11 15 0.032306235 
967 388 12 14 0.032095663 
503 356 12 17 0.03204353 
603 339 13 17 0.03198845 
709 206 9 10 0.031934693 
915 366 13 17 0.03167258 
348 365 16 20 0.031613566 
143 228 9 12 0.031591114 
841 260 10 13 0.031515285 
887 417 13 17 0.031434417 
297 250 13 16 0.03141826 
264 220 10 13 0.031415857 
306 190 8 10 0.031383723 
607 229 12 14 0.031164512 
595 189 10 13 0.031161763 
506 195 19 23 0.031080132 
741 287 10 13 0.030905833 
588 235 12 15 0.030819992 
334 284 13 16 0.030732792 
799 278 12 15 0.030716904 
1009 386 12 17 0.030547326 
217 246 10 13 0.030533263 
653 194 10 13 0.03042249 
62 364 11 15 0.030392032 
879 274 13 18 0.030350365 
454 253 11 12 0.030231673 
901 341 10 13 0.030197755 
109 283 16 20 0.030134575 
503 457 15 16 0.030057559 
722 354 13 16 0.030051747 
988 364 14 17 0.029888296 
437 350 15 18 0.02984348 
199 247 9 12 0.029803162 
951 324 11 14 0.029779678 
453 241 12 15 0.029612564 
388 314 14 16 0.02960666 
535 315 12 16 0.029579047 
120 325 14 17 0.029495947 
734 222 11 13 0.029489655 
655 301 11 14 0.02945635 
679 354 12 16 0.029455995 
183 286 11 14 0.029371755 
162 468 10 12 0.029369766 
533 237 11 14 0.029352099 
844 258 17 21 0.029332707 
189 299 13 15 0.029250616 
353 201 16 21 0.029210614 
637 257 12 15 0.029197533 
551 195 10 13 0.029157998 
869 283 13 16 0.02914511 
173 337 14 17 0.029081061 
177 355 13 17 0.029015934 
387 237 11 13 0.028975444 
518 339 13 17 0.028849797 
640 349 13 16 0.02870125 
497 197 10 13 0.028672798 
685 195 11 13 0.028628824 
340 221 11 12 0.028582618 
729 330 13 17 0.028546227 
470 198 10 12 0.028440526 
135 316 11 15 0.028375583 
723 282 19 23 0.028372329 
421 356 13 17 0.028352855 
471 261 11 14 0.02833399 
696 245 10 12 0.028294718 
949 318 12 14 0.028290391 
631 284 11 15 0.0282659 
119 281 12 16 0.028250905 
318 221 10 11 0.028139038 
493 335 16 18 0.028123977 
855 286 11 14 0.028110435 
990 388 11 15 0.028079785 
222 420 11 15 0.028043386 
359 220 10 11 0.02803762 
358 238 11 13 0.02794282 
398 339 14 17 0.02791208 
846 350 12 15 0.027851166 
400 240 11 14 0.027835142 
614 206 11 12 0.027828434 
140 315 11 15 0.027777644 
360 262 10 14 0.027512608 
226 258 18 21 0.02750776 
774 286 10 12 0.027505921 
745 206 9 11 0.027501589 
702 211 9 11 0.027481547 
722 301 13 15 0.027455682 
262 285 11 14 0.027452901 
757 214 9 11 0.027415155 
744 466 12 14 0.027396137 
326 191 10 12 0.027375512 
447 388 16 20 0.027363427 
740 308 11 15 0.027332447 
290 307 14 17 0.027234543 
795 207 10 13 0.02711483 
334 300 13 16 0.027057575 
791 229 9 11 0.027057452 
366 211 19 22 0.027010104 
824 285 9 11 0.026971998 
750 418 13 17 0.02691593 
328 212 9 11 0.026892625 
785 209 10 12 0.026864162 
207 236 9 11 0.026835864 
507 309 14 15 0.026816225 
777 213 9 12 0.026804982 
871 263 9 12 0.026784841 
548 307 14 16 0.026781522 
516 348 15 18 0.02661339 
65 466 10 13 0.026574964 
94 409 12 16 0.026554445 
55 404 11 15 0.026541563 
415 244 12 14 0.026495952 
642 252 12 15 0.026444154 
542 262 11 13 0.026423411 
482 395 14 19 0.026408412 
470 303 12 15 0.02618165 
428 346 14 17 0.026105432 
813 226 9 11 0.026051387 
380 196 9 12 0.026048597 
772 293 12 14 0.026045028 
99 515 13 13 0.02596329 
807 214 10 12 0.02591268 
654 314 13 17 0.025903508 
590 228 12 14 0.025859876 
337 329 15 19 0.025847446 
486 327 12 14 0.025833465 
262 382 14 18 0.025820786 
405 334 17 20 0.025757458 
507 246 12 15 0.02574753 
220 276 12 15 0.025673516 
645 277 12 14 0.025637394 
340 306 14 18 0.025596116 
798 300 13 16 0.025582422 
376 227 19 21 0.025577791 
352 306 12 16 0.025575798 
708 333 15 20 0.025568029 
151 269 10 13 0.025505168 
879 326 12 16 0.025465623 
645 262 11 14 0.025381576 
983 369 12 16 0.025368258 
348 191 9 12 0.02535897 
221 209 8 11 0.025333043 
722 208 8 11 0.025326744 
352 199 8 12 0.025315119 
327 276 12 15 0.025313294 
381 313 15 18 0.025237305 
133 283 12 18 0.025191033 
739 292 11 14 0.025047446 
533 337 16 18 0.025025684 
509 315 14 16 0.025023945 
243 292 14 17 0.024944475 
936 315 14 18 0.024935773 
557 293 13 14 0.024918335 
771 308 11 15 0.024885755 
104 484 9 12 0.024879947 
406 285 12 14 0.024857882 
415 252 11 14 0.02485355 
78 325 14 17 0.024844363 
285 269 12 16 0.02483909 
444 312 13 18 0.024836527 
326 232 12 12 0.024829015 
764 265 19 22 0.02481686 
723 312 12 17 0.024809692 
630 301 13 16 0.024803586 
761 230 10 13 0.024743993 
281 329 13 16 0.024695832 
497 238 11 13 0.024637084 
764 340 13 17 0.024636872 
327 363 13 17 0.024615528 
383 212 10 12 0.024511548 
427 277 13 16 0.024502821 
170 236 10 13 0.02449739 
614 314 14 17 0.024406495 
565 346 14 18 0.024327734 
931 339 12 17 0.02432355 
587 184 9 12 0.024246978 
568 285 13 15 0.02424152 
559 187 8 10 0.024208559 
53 516 11 13 0.02417136 
336 349 12 16 0.024074614 
228 221 10 13 0.024041142 
366 238 11 13 0.024028769 
630 227 10 13 0.024020933 
526 387 13 17 0.024012284 
713 219 11 13 0.02391734 
126 281 11 14 0.023910489 
833 282 18 21 0.023855174 
642 353 15 19 0.023846325 
173 318 12 16 0.023827884 
682 227 19 22 0.02376957 
344 245 11 14 0.023750978 
509 275 12 14 0.023750547 
480 223 9 12 0.023747014 
824 279 10 12 0.023728825 
734 238 11 14 0.023719672 
766 223 10 12 0.023656454 
581 346 15 18 0.023654057 
272 279 11 14 0.023599135 
1008 371 10 15 0.023552664 
177 396 13 18 0.023547277 
17 460 10 14 0.023518503 
460 388 19 24 0.02347452 
557 310 15 19 0.023454241 
402 185 10 13 0.02345327 
512 413 12 15 0.02341831 
421 268 13 15 0.023375789 
386 201 18 22 0.023325793 
357 338 14 17 0.023323769 
543 222 10 12 0.023314565 
636 238 13 14 0.023309233 
584 263 11 13 0.023259524 
688 267 12 15 0.023257932 
442 43 241 255 0.023211041 
415 413 13 16 0.023032233 
166 270 10 12 0.023001082 
226 362 14 19 0.022986285 
372 357 13 16 0.022889035 
904 364 11 17 0.022829065 
158 267 10 13 0.022788487 
455 214 10 13 0.022784537 
391 269 12 15 0.022712931 
513 261 19 23 0.022677371 
893 270 11 15 0.022641437 
878 283 12 16 0.022631807 
199 302 13 16 0.022621138 
814 285 10 13 0.022598293 
437 402 13 18 0.022592835 
285 215 10 12 0.02246 
178 241 19 24 0.022444924 
271 255 10 13 0.022434568 
823 255 9 12 0.022404665 
278 370 15 18 0.02237688 
355 346 14 17 0.022371722 
742 344 14 17 0.022360282 
532 295 13 18 0.022310907 
362 380 16 23 0.022249332 
269 235 10 13 0.022238918 
414 214 10 12 0.022226444 
751 301 13 15 0.022219798 
576 222 10 12 0.022213219 
830 278 10 13 0.02210778 
446 382 12 16 0.022083975 
562 268 12 16 0.022065353 
165 262 9 13 0.022041133 
701 272 12 16 0.022006044 
102 321 12 17 0.021987652 
499 315 16 18 0.021985479 
415 228 19 23 0.021978697 
534 256 12 16 0.021974752 
338 185 9 11 0.021973526 
44 389 11 16 0.021962523 
770 487 8 10 0.021961879 
501 277 12 15 0.02192743 
748 261 12 13 0.02192644 
359 230 10 12 0.021907888 
404 312 13 17 0.021888312 
555 349 14 17 0.021852594 
390 395 14 19 0.021819424 
326 257 12 15 0.021710271 
552 150 10 12 0.02170831 
363 311 15 19 0.021687994 
619 393 15 21 0.021668926 
54 366 11 14 0.021614924 
696 302 11 14 0.021581065 
838 243 17 22 0.02158051 
175 225 10 12 0.021540575 
430 261 11 13 0.02149254 
751 287 12 14 0.021422261 
125 281 18 24 0.021411527 
342 227 19 22 0.021406863 
679 215 11 13 0.021384275 
737 228 10 13 0.021342997 
16 405 10 13 0.021331692 
72 355 13 17 0.021303212 
145 251 11 13 0.021289757 
603 346 15 18 0.02128616 
310 197 10 11 0.021254774 
245 224 18 21 0.021225361 
342 395 14 18 0.021212023 
591 302 12 15 0.021144558 
527 231 10 12 0.021103792 
373 297 12 16 0.021091465 
630 263 12 14 0.021086952 
957 461 10 13 0.021065082 
6 419 11 15 0.021048304 
450 266 13 16 0.021000685 
169 246 9 12 0.020920943 
706 366 18 21 0.020909864 
733 214 11 12 0.020898696 
800 254 9 12 0.020892676 
218 241 19 22 0.02086848 
456 221 10 11 0.020863447 
169 289 13 16 0.02085899 
958 404 11 13 0.020838909 
542 363 14 18 0.020836502 
460 211 19 22 0.020834371 
310 206 9 12 0.020832032 
276 225 17 21 0.02082685 
292 271 20 23 0.020790635 
45 381 12 15 0.020743616 
967 401 14 17 0.020733714 
407 209 9 10 0.020705398 
517 310 15 18 0.020684136 
642 311 14 18 0.020578953 
621 205 11 12 0.020573054 
543 191 9 11 0.020570762 
238 234 11 14 0.020524377 
392 221 10 12 0.020518674 
608 356 16 19 0.020487463 
557 323 14 18 0.020417677 
260 194 17 21 0.020416144 
366 230 11 13 0.020366808 
479 252 11 14 0.020355878 
604 426 14 19 0.020341929 
158 508 9 12 0.020333894 
528 286 13 15 0.02033281 
502 348 13 17 0.020314222 
167 381 13 16 0.02031022 
255 242 18 21 0.020308739 
260 274 13 15 0.020307738 
793 290 13 16 0.020307673 
754 292 11 14 0.02030179 
679 456 15 20 0.02026994 
182 263 10 12 0.0202639 
317 250 12 15 0.02024777 
399 383 15 20 0.020228459 
55 479 10 14 0.020200104 
744 198 9 12 0.020171894 
669 209 11 14 0.020107884 
844 290 12 14 0.020081311 
655 253 10 13 0.020043353 
302 308 13 17 0.020016607 
