0_Parade_marchingband_1_881
176
717 179 22 32 0.9280937 
328 158 25 35 0.9074674 
51 235 12 16 0.87417674 
142 258 11 14 0.86816305 
893 200 15 21 0.6891988 
640 162 20 31 0.59292305 
96 240 10 13 0.54110974 
196 300 12 15 0.52877647 
185 213 10 13 0.34215286 
229 215 7 10 0.33825004 
999 259 11 13 0.33080333 
851 195 31 34 0.31663 
279 206 10 13 0.3124197 
936 270 9 11 0.30110207 
239 263 10 12 0.29032174 
7 215 13 16 0.24657331 
966 262 8 11 0.19532369 
80 215 8 11 0.19173452 
180 316 10 13 0.15021718 
975 269 9 12 0.14558074 
985 276 9 12 0.14115168 
982 271 10 12 0.12713876 
885 197 17 24 0.12553397 
567 207 7 10 0.11121104 
194 296 10 12 0.10476816 
872 196 23 28 0.1032021 
976 263 9 11 0.10307227 
313 166 31 32 0.10021794 
225 301 9 11 0.097451106 
452 170 39 35 0.08806249 
962 256 9 11 0.087864205 
628 158 26 33 0.085075624 
954 271 8 10 0.083217986 
969 269 8 10 0.08093529 
958 271 8 9 0.07946133 
798 215 8 11 0.07762886 
750 249 15 19 0.07589265 
981 263 8 11 0.07481211 
224 315 11 14 0.069755755 
181 301 10 13 0.0625022 
100 242 10 13 0.06153478 
952 238 8 10 0.05836636 
769 226 10 16 0.056740053 
118 262 9 12 0.056323268 
929 221 10 13 0.055681236 
942 287 9 12 0.05369265 
182 294 9 11 0.053063046 
797 220 11 14 0.052921228 
284 197 10 15 0.052540794 
538 285 11 12 0.05160027 
738 180 40 55 0.051145114 
299 189 15 18 0.048996195 
934 222 10 13 0.048789836 
617 154 27 33 0.048550785 
941 270 9 12 0.047279947 
246 296 9 11 0.045845035 
200 313 10 13 0.045053426 
982 255 8 10 0.043350957 
561 206 9 10 0.04241509 
943 277 8 11 0.04212581 
228 310 11 15 0.041800745 
942 222 9 13 0.041725416 
90 238 11 14 0.04163204 
1005 255 9 13 0.041050635 
796 235 12 14 0.0403926 
702 181 25 30 0.04024473 
223 239 10 12 0.039923675 
58 235 13 16 0.039774526 
999 265 10 13 0.039370526 
850 201 18 22 0.03863446 
969 277 7 10 0.03860693 
773 211 10 15 0.03802871 
950 255 8 11 0.037674587 
945 262 8 11 0.03687445 
22 243 12 16 0.036842838 
20 215 11 14 0.03683253 
565 212 9 11 0.0360397 
262 271 10 11 0.03579949 
575 204 9 13 0.0353995 
978 255 7 10 0.035202097 
202 301 11 14 0.0351824 
2 210 21 29 0.03503194 
983 247 8 10 0.034543484 
303 176 28 33 0.0336404 
951 231 9 11 0.03312644 
24 252 9 12 0.032971855 
285 190 11 15 0.032833327 
182 278 10 11 0.032770563 
141 238 9 12 0.032315243 
6 223 22 30 0.032302875 
296 194 13 16 0.03195405 
224 218 10 12 0.03190069 
795 227 13 16 0.031777807 
160 212 9 12 0.031477977 
150 319 9 11 0.030601082 
146 255 11 15 0.0305457 
975 286 8 10 0.030418849 
192 304 13 16 0.030134337 
243 261 10 13 0.02982523 
950 261 9 12 0.029711336 
189 208 10 14 0.029498486 
205 295 8 11 0.029259378 
976 247 8 9 0.02923189 
201 247 8 11 0.02861864 
916 293 9 12 0.028577201 
976 239 7 10 0.027828963 
895 262 8 11 0.027673183 
959 277 8 9 0.027619453 
242 296 9 11 0.02752288 
168 262 8 11 0.027398068 
183 287 9 11 0.027396763 
88 230 10 12 0.027082255 
230 255 12 13 0.026882457 
206 262 9 11 0.026554551 
86 214 9 12 0.02645268 
952 276 8 10 0.025697703 
995 261 9 11 0.02568702 
192 289 9 10 0.02563889 
200 289 8 10 0.025165398 
726 176 27 43 0.025154047 
898 196 21 27 0.025070427 
150 324 9 12 0.024668233 
93 232 10 12 0.024619797 
845 206 15 19 0.024482068 
274 204 11 15 0.024449537 
936 287 10 13 0.024440005 
21 236 12 17 0.02441558 
275 200 19 24 0.024410142 
229 218 10 12 0.024219327 
174 260 9 11 0.024018886 
158 221 10 12 0.023786256 
693 185 14 21 0.023713328 
931 270 8 10 0.023654582 
238 256 11 13 0.023510952 
136 269 9 11 0.02335371 
73 214 11 12 0.023248727 
817 444 26 32 0.023222687 
182 230 11 12 0.023081917 
54 228 21 26 0.02307233 
96 235 17 22 0.023013003 
175 255 9 11 0.022949979 
105 303 8 10 0.022849182 
952 245 8 10 0.022815965 
181 309 11 15 0.02273138 
984 240 8 9 0.022626515 
791 205 11 15 0.022525242 
239 284 9 13 0.022514064 
104 293 8 10 0.022422891 
917 221 11 14 0.022361254 
11 207 13 17 0.022275554 
228 238 11 13 0.021815734 
88 204 10 13 0.021693321 
767 207 11 16 0.021627033 
969 285 8 11 0.02161622 
1009 247 9 10 0.021607503 
241 301 9 11 0.021551676 
159 204 11 15 0.021438671 
998 279 10 12 0.021425385 
797 205 12 15 0.02136536 
944 227 9 12 0.021360483 
113 262 9 13 0.021353904 
911 298 11 14 0.021208545 
975 276 9 11 0.021198431 
195 295 19 25 0.020973932 
968 245 8 10 0.020947507 
232 257 19 24 0.020945713 
558 221 9 12 0.020759003 
205 247 9 11 0.020453617 
989 271 10 13 0.02038171 
222 254 11 13 0.020342566 
984 284 8 10 0.020284547 
908 196 13 17 0.020220386 
308 175 16 21 0.020187994 
243 267 10 13 0.020163706 
846 194 14 21 0.020074107 
136 237 11 14 0.020015547 
