0_Parade_marchingband_1_445
330
483 147 40 49 0.9806229 
671 125 30 35 0.96890634 
824 113 32 39 0.90616953 
71 41 11 15 0.47154292 
870 106 14 19 0.35216677 
267 114 24 33 0.28784153 
12 24 14 17 0.25997663 
52 32 12 16 0.25512812 
857 130 16 20 0.24974354 
85 163 34 52 0.22735299 
717 137 21 28 0.22050084 
935 111 10 12 0.20416406 
155 107 23 26 0.20153739 
756 81 13 16 0.19631492 
576 141 10 13 0.17621017 
745 99 14 17 0.17414661 
843 123 27 31 0.16881602 
254 74 13 18 0.1641402 
756 138 14 17 0.14741392 
657 128 28 37 0.1461954 
336 96 26 31 0.14373644 
911 281 23 31 0.13611889 
46 80 13 17 0.12137098 
863 107 13 18 0.11804303 
793 81 16 20 0.11289675 
417 125 17 22 0.112590455 
148 80 14 19 0.10796201 
983 108 11 13 0.10264899 
269 106 38 49 0.09339146 
1004 3 13 15 0.092361234 
902 234 16 22 0.08859391 
724 209 26 32 0.08695341 
49 91 25 37 0.08661005 
245 123 24 30 0.085308105 
737 84 11 13 0.084994204 
118 31 10 12 0.084294125 
770 181 28 36 0.08350158 
917 277 15 19 0.08107609 
633 1 17 18 0.07896487 
375 5 36 39 0.077173665 
653 1 12 14 0.0746605 
342 93 48 58 0.07350702 
811 8 13 15 0.06968604 
645 132 27 35 0.067552604 
92 11 11 14 0.06742213 
777 607 24 27 0.06465503 
604 0 16 17 0.064403474 
283 114 16 24 0.063483074 
244 133 15 19 0.06323132 
893 193 11 15 0.062737346 
1005 101 11 13 0.06237709 
182 122 14 17 0.061710913 
902 110 9 12 0.06105881 
838 3 13 15 0.059948433 
730 140 14 19 0.058686428 
710 136 16 22 0.057806745 
270 1 14 15 0.057208527 
428 111 38 46 0.056143105 
99 171 34 43 0.056056045 
544 7 11 14 0.055492893 
19 20 13 18 0.05541499 
248 67 21 29 0.05472399 
46 84 22 30 0.053955108 
975 86 10 12 0.053949706 
146 12 10 13 0.0537399 
788 75 15 24 0.052811585 
46 147 12 17 0.05279046 
181 7 24 30 0.05278536 
700 94 22 30 0.052582916 
45 139 12 15 0.05131531 
28 231 34 46 0.051268734 
239 1 17 18 0.0509708 
102 45 9 13 0.05051923 
466 84 24 31 0.050386272 
249 193 28 36 0.050077625 
982 148 11 16 0.049764033 
94 0 9 10 0.04917234 
344 36 30 34 0.04888278 
241 86 27 37 0.04867846 
175 61 10 14 0.0481217 
264 128 14 19 0.047993083 
94 7 11 13 0.046708632 
850 3 14 15 0.046675812 
363 12 52 64 0.045224175 
47 4 12 14 0.045170095 
811 114 30 34 0.045143813 
903 263 40 61 0.044783097 
783 68 12 17 0.04453222 
902 23 12 14 0.044426735 
788 70 12 18 0.044120934 
192 137 31 34 0.04378118 
460 152 37 43 0.043542325 
772 110 12 14 0.04338713 
214 11 11 15 0.043299247 
710 66 10 13 0.043078355 
664 108 31 41 0.04175489 
642 0 16 17 0.041564655 
457 113 71 95 0.041455053 
141 62 9 11 0.04130377 
582 25 14 16 0.041230105 
715 148 17 21 0.04120928 
494 0 22 21 0.041207507 
857 109 11 16 0.04098876 
805 130 16 19 0.040177595 
948 70 11 13 0.040158357 
127 5 12 15 0.04009387 
86 117 12 16 0.04000488 
681 191 27 32 0.039258335 
739 192 17 23 0.039246045 
59 105 13 18 0.03919163 
110 23 10 13 0.038887467 
409 90 46 69 0.038786914 
566 154 29 38 0.03847864 
729 98 12 17 0.038239587 
362 41 17 21 0.03812599 
1 4 9 14 0.03796361 
483 170 55 71 0.03777195 
409 110 30 40 0.037724685 
889 36 10 13 0.03760219 
547 19 12 14 0.0374781 
50 172 40 46 0.037380952 
661 2 11 14 0.037314247 
686 106 13 18 0.037098695 
45 1 10 10 0.037018463 
290 116 14 19 0.036987234 
399 119 31 40 0.036892224 
983 13 12 13 0.036389243 
903 115 10 13 0.036183994 
932 223 14 18 0.036128983 
103 28 10 12 0.03589495 
832 4 12 14 0.03583916 
439 106 55 70 0.03581444 
505 12 24 30 0.03556896 
61 35 12 17 0.035424255 
862 112 22 29 0.035350937 
774 80 12 18 0.03528743 
621 31 15 20 0.03493845 
852 103 21 31 0.034692507 
752 14 10 13 0.0345178 
782 174 27 34 0.03416188 
493 24 15 17 0.03403521 
899 70 11 14 0.034021012 
580 0 12 12 0.03398906 
693 105 14 20 0.0339321 
238 83 13 18 0.0336619 
802 122 25 30 0.033635974 
830 29 12 14 0.03355403 
992 46 10 12 0.033535242 
243 7 16 19 0.03346663 
792 182 28 33 0.03339811 
605 29 12 16 0.033370648 
748 130 23 29 0.03328026 
600 35 11 16 0.033103846 
975 92 9 12 0.032752752 
96 38 10 13 0.032649294 
351 58 48 62 0.032588482 
828 34 12 15 0.032583088 
734 198 23 29 0.0325584 
156 77 13 17 0.032520585 
22 12 13 17 0.03244666 
989 154 10 13 0.03237666 
238 101 30 39 0.032220542 
739 77 13 17 0.032133184 
741 69 11 13 0.03202476 
910 0 10 11 0.031993814 
1 564 52 60 0.03184192 
335 23 49 54 0.031762794 
182 199 40 47 0.031627145 
980 180 10 13 0.031474598 
775 611 16 18 0.03145314 
790 3 11 13 0.03141954 
79 115 13 16 0.03141197 
763 80 14 18 0.03129609 
228 10 14 18 0.031266205 
0 195 35 51 0.031204317 
101 89 13 16 0.031161848 
112 28 11 12 0.031031126 
355 0 18 18 0.030896991 
182 117 26 26 0.030886699 
9 140 8 11 0.030764244 
819 5 13 15 0.030749522 
77 107 12 15 0.030496411 
574 145 13 17 0.030378941 
791 157 31 35 0.030275404 
40 0 11 10 0.030032199 
916 58 15 16 0.029856833 
975 109 12 15 0.029748378 
757 26 12 16 0.029588245 
885 2 12 15 0.029540934 
740 144 14 19 0.02924799 
743 86 21 26 0.029139882 
753 566 25 26 0.029028755 
274 0 16 14 0.028972365 
168 114 23 27 0.028925713 
68 173 34 42 0.028711332 
390 66 44 65 0.028543755 
212 141 11 15 0.028511407 
912 5 11 12 0.028466545 
1006 211 11 13 0.028352333 
87 85 12 16 0.028326396 
97 69 11 12 0.028122326 
22 4 13 16 0.02812067 
877 68 10 13 0.028105007 
959 109 11 13 0.027903304 
716 133 15 20 0.027873803 
110 54 11 13 0.027672907 
872 103 22 28 0.027654424 
991 220 9 12 0.027645253 
198 61 10 14 0.027550515 
474 91 14 19 0.027544366 
95 29 11 14 0.027436081 
999 148 11 15 0.027340917 
651 129 16 23 0.027167011 
968 62 10 12 0.02697538 
92 116 13 16 0.026923744 
267 143 15 20 0.026567452 
254 101 28 37 0.026432306 
59 61 12 14 0.026269801 
34 213 44 58 0.02626181 
185 2 21 20 0.026242102 
101 39 10 12 0.026158214 
695 134 22 28 0.025965985 
570 29 9 12 0.025874082 
693 36 12 14 0.025860505 
163 78 12 15 0.025777457 
574 20 13 16 0.025742333 
999 181 9 12 0.025714647 
735 98 21 26 0.025713379 
787 149 15 18 0.025675802 
10 13 21 26 0.025520755 
981 18 12 14 0.025492689 
750 7 11 13 0.025402412 
1006 69 9 12 0.025291823 
773 154 14 18 0.025198974 
155 99 40 49 0.025030535 
101 51 12 15 0.024853654 
843 0 16 16 0.024837615 
569 144 23 30 0.02479813 
901 226 15 21 0.024793047 
724 130 25 30 0.024510585 
838 92 12 16 0.024441 
232 179 43 57 0.024371848 
111 60 11 14 0.024365118 
78 51 12 14 0.024362221 
236 75 25 33 0.024334777 
835 128 19 28 0.024273979 
153 109 14 18 0.024202835 
52 6 12 16 0.024098689 
54 69 12 14 0.02403851 
837 10 11 14 0.024032239 
732 46 12 14 0.024032163 
894 4 11 13 0.023949573 
1005 62 9 12 0.023947654 
29 25 13 18 0.023926286 
1 540 14 19 0.023921339 
991 85 11 14 0.023789402 
772 167 27 34 0.023747087 
550 29 10 13 0.023741296 
968 68 11 13 0.023664456 
592 123 10 14 0.023663871 
70 12 11 14 0.023505937 
997 0 23 24 0.023467088 
301 53 11 14 0.02343052 
776 68 12 17 0.023422357 
614 0 25 21 0.023381304 
5 14 13 18 0.02338064 
974 116 13 15 0.023295656 
990 134 9 12 0.023118047 
574 5 14 16 0.023103647 
211 143 26 30 0.023073936 
977 174 10 13 0.023058776 
927 21 9 11 0.02302419 
127 46 10 12 0.022902835 
151 53 8 13 0.022876171 
740 110 24 30 0.022844732 
772 161 17 21 0.022737471 
932 543 15 20 0.022675218 
629 40 12 17 0.022657165 
97 44 10 13 0.022635285 
927 71 10 12 0.02258045 
798 5 11 13 0.02255286 
580 15 23 28 0.022458326 
456 139 32 40 0.02240632 
433 171 29 38 0.022406243 
488 8 27 31 0.022237707 
757 139 23 27 0.022200491 
734 20 12 16 0.022184016 
233 4 21 25 0.022180408 
126 165 46 59 0.022153791 
519 5 12 13 0.022038585 
942 101 12 14 0.022034219 
688 136 16 21 0.021971643 
758 36 10 13 0.021911822 
861 94 11 14 0.02189232 
1014 11 10 15 0.021698564 
589 23 23 30 0.021641795 
751 79 21 27 0.021579094 
966 123 12 15 0.021572083 
289 109 26 33 0.02156685 
781 153 13 18 0.021531511 
717 86 13 15 0.021475146 
681 103 22 30 0.02137776 
317 94 44 51 0.021278199 
918 265 23 29 0.021146258 
852 310 51 65 0.021141939 
498 193 52 63 0.021112641 
832 22 11 14 0.021067949 
71 93 12 16 0.02104241 
658 -1 21 22 0.021042371 
300 109 27 35 0.021009503 
940 224 13 17 0.020992639 
893 28 12 15 0.02095834 
903 0 11 11 0.020848311 
750 194 26 34 0.020839734 
358 81 47 63 0.020733941 
70 35 19 25 0.020709084 
182 145 35 38 0.020690696 
634 63 26 31 0.020642037 
532 60 14 20 0.0206349 
1007 218 11 13 0.020507138 
935 69 11 13 0.020493977 
588 12 14 16 0.020421784 
990 91 11 14 0.02041098 
867 582 15 17 0.020372657 
987 102 11 15 0.020298839 
692 14 14 18 0.02029686 
1005 182 9 12 0.02025562 
89 0 10 10 0.020170918 
174 54 10 13 0.020153005 
285 0 13 11 0.020082965 
