0_Parade_Parade_0_502
171
465 402 30 40 0.9939202 
712 364 33 44 0.9927763 
859 365 22 30 0.9869847 
-1 332 33 41 0.98170805 
283 383 24 29 0.9708046 
88 493 26 30 0.8914977 
530 365 17 22 0.83913237 
568 367 19 23 0.81817186 
402 366 18 22 0.77026796 
432 389 24 27 0.60429424 
347 394 10 14 0.5952816 
937 383 20 32 0.490901 
827 356 13 16 0.25651443 
244 401 56 63 0.24405704 
155 359 27 36 0.2256721 
831 351 11 12 0.19672099 
428 397 17 23 0.19331084 
327 405 11 16 0.19129932 
630 336 13 17 0.1844501 
160 381 45 59 0.15620568 
360 380 11 13 0.14587274 
40 297 34 41 0.14209588 
567 420 13 14 0.13905862 
845 375 16 21 0.12130074 
260 388 51 58 0.104369804 
829 376 15 18 0.08955525 
138 338 39 51 0.08678825 
771 370 15 21 0.083077036 
995 571 15 19 0.08152929 
429 401 27 34 0.078200705 
1005 389 16 22 0.07674588 
237 335 23 33 0.07228041 
784 533 11 13 0.07201329 
997 387 16 20 0.071858376 
396 402 16 21 0.06882533 
679 469 12 17 0.0671777 
197 451 31 45 0.06531569 
90 509 26 36 0.0638437 
837 375 15 19 0.063004635 
839 363 14 17 0.061735302 
113 538 21 24 0.06145088 
148 362 48 59 0.061401837 
141 362 32 37 0.059798665 
163 348 31 44 0.059750743 
786 380 15 20 0.053912442 
870 340 11 13 0.05374071 
95 529 26 31 0.052442327 
362 405 12 14 0.052062742 
448 408 27 35 0.051766016 
822 360 15 18 0.050843302 
134 340 26 34 0.050066773 
970 635 12 15 0.049838573 
89 579 11 14 0.04754391 
180 359 31 32 0.047286995 
163 321 28 44 0.047209244 
196 301 11 15 0.04684353 
804 379 12 15 0.045331266 
843 357 15 17 0.044700515 
781 377 14 20 0.042600717 
277 377 41 45 0.042474736 
949 348 14 18 0.04223973 
792 516 13 15 0.042226385 
124 439 15 23 0.04189869 
980 514 12 16 0.040860236 
561 370 15 19 0.040689245 
1016 549 7 12 0.040654775 
987 385 24 31 0.040373646 
442 399 17 20 0.040067032 
944 387 25 33 0.03973994 
936 368 24 34 0.039282445 
215 304 9 12 0.038993165 
178 402 18 22 0.038414482 
19 305 40 54 0.03779063 
176 378 36 45 0.03736685 
49 639 8 10 0.03694213 
65 67 32 43 0.036703523 
-1 313 27 44 0.036559805 
672 469 20 29 0.036344837 
797 379 14 17 0.03572156 
14 331 29 37 0.035673957 
292 373 16 21 0.035260674 
103 490 19 23 0.034761544 
39 313 28 40 0.034174036 
862 358 15 19 0.034165476 
169 364 34 39 0.033954464 
54 638 8 11 0.033487063 
955 352 14 18 0.033166617 
181 385 51 63 0.033029065 
841 362 22 29 0.032641664 
620 377 14 18 0.03210026 
92 528 17 23 0.031850025 
394 395 15 19 0.031811506 
110 611 12 14 0.031448547 
256 381 23 29 0.031086516 
565 413 13 16 0.030847143 
189 371 16 17 0.030810991 
976 379 24 33 0.030543568 
1013 399 10 17 0.030534716 
406 482 12 17 0.03042092 
926 391 22 31 0.030183349 
756 365 21 31 0.030120112 
100 516 27 33 0.029891632 
45 333 16 21 0.029818168 
1014 540 9 13 0.029699491 
1013 427 9 15 0.02956078 
941 356 24 33 0.029296685 
352 382 9 12 0.028822796 
91 597 11 14 0.028702132 
796 444 13 15 0.028453179 
369 169 52 59 0.028249294 
195 559 14 18 0.028179048 
388 439 11 14 0.028149504 
982 524 10 14 0.027284192 
459 396 25 34 0.026667519 
49 616 8 11 0.026636766 
320 405 14 18 0.026520688 
54 677 9 12 0.025485083 
90 603 12 15 0.025247898 
955 396 25 33 0.02510687 
999 566 12 17 0.024737867 
1013 572 10 17 0.024475683 
29 328 25 33 0.02442188 
1013 532 10 15 0.024380634 
572 412 14 16 0.024257695 
178 362 16 21 0.024147883 
49 632 8 10 0.024111418 
56 326 26 36 0.02410246 
250 378 83 92 0.023734173 
87 537 13 18 0.023638248 
822 363 20 28 0.023635514 
443 410 18 23 0.02357201 
789 521 13 16 0.023530299 
234 405 42 46 0.023521792 
798 423 12 16 0.023390582 
268 415 35 38 0.023319315 
343 386 17 23 0.023296876 
359 386 12 15 0.023194406 
1015 554 9 14 0.022842834 
948 348 23 30 0.022758095 
779 558 14 15 0.022678746 
719 353 33 38 0.022570496 
1008 538 10 13 0.022538245 
351 375 9 12 0.02243654 
878 340 11 13 0.022430569 
43 304 21 25 0.022345725 
45 558 12 12 0.022284834 
971 383 17 25 0.022280285 
251 390 17 21 0.02217824 
114 522 18 22 0.02210982 
977 523 10 14 0.022048442 
296 384 17 23 0.021923946 
326 432 15 20 0.021883564 
933 377 16 26 0.021870565 
975 510 12 15 0.021633346 
334 400 9 13 0.021518826 
995 583 14 19 0.021433989 
811 479 14 17 0.021404402 
186 298 26 29 0.021399098 
562 415 22 24 0.021387916 
483 397 23 35 0.021347458 
153 329 27 39 0.02133695 
62 42 10 13 0.021331506 
356 376 19 23 0.021226376 
769 378 20 32 0.021193858 
101 496 30 36 0.021049008 
349 430 11 13 0.02097156 
163 295 50 56 0.020937374 
944 402 27 34 0.020495564 
54 631 7 10 0.020342963 
189 294 13 16 0.020299392 
867 347 14 18 0.020247443 
