0_Parade_marchingband_1_593
574
908 349 10 14 0.80292976 
803 302 7 10 0.7624636 
310 351 11 14 0.6781811 
467 379 10 13 0.65138745 
254 320 10 12 0.6344978 
238 308 9 11 0.6238933 
623 378 9 11 0.61089486 
392 377 9 12 0.58501315 
444 346 12 13 0.56434333 
175 304 9 10 0.5564554 
104 332 8 11 0.5526795 
358 384 9 11 0.53302693 
272 302 10 12 0.5215184 
486 302 10 13 0.5112813 
474 340 11 13 0.50822663 
137 304 9 12 0.4732913 
801 324 8 10 0.45942757 
265 358 9 12 0.4561803 
317 320 9 12 0.43353018 
286 319 10 12 0.42595366 
350 358 9 11 0.41860548 
698 347 10 13 0.4179179 
648 303 9 12 0.41599855 
782 326 8 10 0.4110221 
863 336 9 11 0.40591097 
212 356 11 13 0.39676407 
799 339 10 12 0.38625112 
206 304 9 10 0.37879193 
182 332 9 11 0.3522532 
760 346 8 10 0.350816 
752 328 9 11 0.3427863 
345 316 8 11 0.33653888 
765 311 9 12 0.3311096 
153 337 8 11 0.3239464 
401 324 10 12 0.3199405 
76 344 9 10 0.31859857 
599 364 12 16 0.29771063 
430 375 8 11 0.28883794 
502 292 10 12 0.28587306 
598 344 11 14 0.2765856 
726 351 8 10 0.25637597 
306 304 9 11 0.25171995 
660 376 8 11 0.23864354 
471 313 9 10 0.23234834 
614 301 9 11 0.23154607 
437 320 9 12 0.22871909 
542 374 9 12 0.22739407 
762 313 9 10 0.22595878 
455 303 9 10 0.22074161 
140 308 9 12 0.220242 
729 321 8 10 0.21469678 
373 324 8 10 0.20714806 
773 302 8 11 0.19541514 
282 319 9 11 0.19049507 
722 294 8 10 0.18879922 
181 356 10 13 0.18757217 
532 290 10 13 0.17822419 
437 287 9 11 0.17258064 
622 336 10 13 0.17009744 
583 377 9 11 0.16846952 
111 311 7 9 0.16484517 
228 358 9 11 0.16467375 
779 327 7 10 0.16345674 
677 335 8 11 0.16233222 
793 320 7 8 0.16216174 
359 301 8 11 0.16045628 
629 311 10 11 0.16042851 
793 341 9 11 0.15903573 
653 340 8 11 0.14869845 
305 287 8 10 0.14702585 
126 333 9 11 0.14686377 
695 311 7 10 0.14602305 
404 320 10 11 0.14437804 
711 325 8 9 0.14223705 
209 332 9 12 0.14072219 
370 351 7 10 0.13992074 
359 296 8 11 0.13869229 
770 301 8 10 0.13820772 
158 351 8 11 0.13605516 
532 342 9 12 0.13233924 
592 283 11 14 0.13002837 
223 320 9 11 0.1297095 
733 321 8 9 0.1289983 
353 325 8 10 0.12496558 
143 317 9 11 0.119666286 
350 319 8 11 0.117042854 
406 391 8 10 0.11418162 
578 303 10 12 0.11360204 
560 287 10 12 0.11269252 
336 327 9 10 0.1126692 
228 404 11 15 0.109743856 
125 327 8 11 0.10785493 
703 326 9 10 0.105362944 
815 333 7 10 0.10449696 
759 379 10 12 0.10425953 
632 341 8 11 0.10377577 
262 334 8 11 0.103551395 
282 324 10 13 0.10344246 
154 353 8 11 0.10318504 
541 326 10 11 0.10308812 
736 304 8 10 0.10193607 
191 355 10 13 0.1003419 
358 342 8 10 0.09989182 
658 380 10 12 0.09974416 
455 308 9 11 0.099659115 
565 341 9 12 0.09645403 
804 326 8 10 0.09517649 
502 325 10 12 0.09495155 
360 308 8 11 0.094675586 
269 385 9 11 0.09420205 
680 317 9 10 0.09379965 
398 292 8 10 0.09289235 
176 297 9 11 0.092151366 
383 359 9 11 0.09033388 
695 294 7 9 0.089525156 
376 336 9 11 0.08915537 
721 288 8 10 0.089099616 
406 350 9 11 0.089033075 
501 318 9 13 0.08854263 
352 353 10 11 0.08782959 
397 288 7 10 0.08751227 
153 393 9 11 0.08665571 
120 319 7 10 0.086125076 
375 340 8 11 0.08418387 
696 388 12 15 0.083706416 
414 342 8 10 0.08349348 
777 350 9 10 0.082888894 
757 328 9 12 0.08280471 
688 295 8 10 0.082643904 
505 376 7 10 0.080217324 
648 319 9 11 0.0797691 
294 319 8 11 0.07902574 
599 316 9 12 0.07890844 
273 286 8 9 0.07688474 
357 326 8 10 0.076739825 
316 350 11 13 0.07612678 
503 300 9 11 0.07586922 
179 333 8 12 0.07584201 
565 348 9 11 0.07526649 
752 350 8 11 0.073464565 
748 356 10 13 0.073263146 
176 350 10 13 0.07318304 
464 312 9 10 0.07111548 
344 341 8 10 0.07098067 
373 350 8 10 0.07020373 
727 334 8 11 0.07004188 
258 358 8 11 0.069916226 
216 319 8 10 0.069179654 
351 363 9 11 0.06907612 
641 304 8 10 0.0690132 
519 309 8 11 0.06858337 
745 327 8 11 0.068363644 
655 318 9 11 0.06826515 
447 354 11 15 0.0682593 
598 303 7 9 0.068047866 
706 320 8 10 0.06775073 
137 288 8 10 0.06756305 
686 317 8 10 0.06739048 
392 414 8 11 0.067368045 
88 343 8 9 0.06651025 
446 364 12 16 0.06649187 
261 319 8 11 0.066453665 
822 343 9 11 0.06619236 
395 374 10 14 0.06579585 
723 351 7 10 0.06551657 
519 304 9 11 0.06505135 
209 319 8 9 0.064623445 
296 342 8 11 0.06450907 
697 328 9 11 0.0641475 
223 391 11 12 0.06386786 
745 358 8 11 0.062225774 
224 304 8 9 0.06155508 
816 329 7 9 0.0614229 
265 385 8 11 0.06138893 
359 350 8 10 0.06119001 
406 398 9 11 0.060980838 
649 295 9 11 0.06077378 
492 300 10 13 0.060726203 
386 380 8 10 0.060494393 
366 405 8 11 0.06012927 
662 388 8 12 0.060034353 
402 350 8 11 0.059660766 
296 325 8 10 0.058790274 
286 350 8 11 0.0586112 
500 343 10 12 0.05798376 
250 323 9 12 0.05797424 
195 350 10 13 0.057610877 
766 343 8 11 0.05750581 
255 313 9 11 0.05733549 
180 303 8 10 0.057252545 
631 363 9 11 0.056656785 
401 392 8 10 0.056189228 
187 405 15 18 0.056130927 
451 357 11 14 0.056046356 
520 326 9 12 0.05538932 
168 406 9 13 0.05528709 
327 350 8 11 0.054882083 
232 334 8 10 0.05467125 
777 357 9 10 0.054657947 
477 319 10 12 0.054469798 
400 303 8 11 0.054357942 
223 396 14 17 0.053107772 
503 311 10 11 0.052821208 
687 311 9 11 0.05278297 
889 381 9 12 0.0526482 
309 306 9 12 0.052369304 
281 350 8 11 0.052325737 
639 341 7 11 0.051903185 
113 317 8 11 0.05133474 
327 327 9 11 0.051290423 
805 319 8 10 0.05111811 
509 379 8 11 0.05111721 
368 357 8 10 0.05104941 
535 302 10 12 0.05098878 
360 377 8 10 0.050985377 
261 325 9 11 0.050819054 
497 324 10 12 0.05069006 
366 304 8 11 0.050627816 
222 350 9 12 0.05061629 
487 297 9 12 0.05046973 
358 358 8 10 0.050099984 
94 342 7 9 0.050002225 
273 297 9 11 0.049971055 
702 333 7 9 0.049867928 
728 301 8 10 0.04939368 
272 317 8 11 0.049140774 
137 356 8 10 0.04913326 
565 325 10 12 0.04910445 
457 288 7 9 0.049065582 
649 288 8 10 0.048832778 
806 334 9 11 0.04876016 
398 331 10 12 0.048675742 
320 333 8 11 0.047942724 
774 310 8 10 0.047871616 
479 325 10 11 0.047579374 
233 304 9 12 0.04666082 
296 334 9 11 0.04618684 
904 345 11 14 0.045950066 
179 362 12 13 0.0458304 
109 327 9 10 0.04571227 
144 324 8 11 0.045635596 
761 296 7 9 0.045560453 
136 315 10 12 0.045384657 
134 341 9 12 0.04533488 
141 404 11 14 0.045083657 
866 339 10 13 0.04488399 
628 358 10 13 0.04480607 
415 357 9 11 0.044629443 
768 297 8 10 0.044501554 
343 351 8 10 0.044401824 
817 343 8 10 0.044301197 
141 351 9 12 0.044194777 
512 303 9 10 0.043906044 
823 319 7 10 0.04382966 
451 302 8 11 0.043783247 
159 311 8 10 0.04378208 
632 295 8 10 0.043766435 
742 343 8 11 0.043615237 
175 315 9 12 0.04337385 
263 351 9 12 0.04304353 
792 324 8 11 0.042646576 
803 341 9 11 0.0424585 
279 357 8 10 0.04243974 
99 334 7 10 0.04243819 
801 308 8 10 0.042403936 
392 421 9 11 0.042211972 
393 272 8 11 0.041929968 
305 293 8 11 0.041834593 
722 279 7 9 0.041786116 
783 321 8 10 0.04142429 
144 340 8 11 0.041362848 
678 324 9 11 0.04109505 
342 324 9 11 0.040723138 
432 324 9 11 0.040528927 
402 366 8 11 0.04019215 
727 390 10 12 0.039977245 
775 343 8 10 0.03987965 
279 343 9 12 0.039635736 
431 343 10 13 0.039549056 
326 332 9 12 0.039492793 
344 302 8 10 0.039396856 
256 348 8 11 0.039208658 
427 332 11 13 0.039189313 
213 304 9 10 0.039058566 
446 326 9 11 0.03883721 
166 349 10 13 0.038475737 
278 309 9 11 0.038450677 
477 346 12 15 0.03785019 
150 318 8 11 0.037839215 
461 303 9 10 0.03733998 
764 376 9 12 0.037327386 
73 347 9 11 0.03726185 
157 339 8 12 0.037195604 
614 306 10 13 0.037043545 
587 380 10 12 0.037005834 
321 397 7 10 0.036979966 
487 317 9 11 0.036770638 
648 348 11 14 0.036234327 
361 286 8 11 0.036127944 
528 333 10 13 0.035914425 
863 345 11 13 0.035844438 
486 350 11 13 0.035666876 
816 313 8 9 0.035624903 
693 413 9 12 0.03560583 
511 328 9 11 0.035596892 
137 294 9 12 0.035508435 
343 297 8 10 0.03540976 
681 296 9 11 0.0349904 
262 341 8 12 0.03492321 
203 308 8 10 0.03486412 
277 285 8 10 0.03477477 
455 316 9 11 0.034584563 
353 341 9 11 0.034523334 
472 302 8 10 0.03431911 
311 342 11 14 0.03423811 
98 328 7 9 0.0342158 
576 376 9 11 0.033948313 
503 348 11 14 0.03381141 
806 311 8 9 0.033750217 
526 327 10 11 0.03354695 
593 271 8 10 0.033471912 
778 320 8 10 0.03341955 
434 271 8 10 0.033391956 
368 400 8 9 0.03322346 
214 326 9 11 0.033157095 
632 303 9 11 0.03294548 
360 367 8 10 0.032913517 
433 291 10 12 0.032842316 
744 332 9 12 0.03264625 
671 391 8 10 0.032489292 
721 334 8 11 0.03246696 
696 316 7 10 0.03242911 
655 364 9 11 0.032208983 
745 349 8 11 0.032050215 
319 341 10 13 0.031990144 
480 308 9 11 0.031788144 
625 316 11 13 0.031785473 
423 396 9 11 0.03163264 
207 296 8 9 0.03143124 
624 324 9 11 0.031428743 
768 327 8 10 0.031397868 
287 343 9 12 0.031337716 
359 427 8 11 0.031226465 
630 348 10 12 0.031202415 
224 362 10 13 0.03112197 
456 296 8 11 0.03112048 
603 342 11 13 0.031096963 
224 343 9 11 0.031084277 
369 344 8 11 0.030988127 
135 367 7 10 0.030937042 
840 383 8 9 0.030935341 
384 392 8 10 0.030883452 
183 340 9 11 0.030870317 
409 342 9 12 0.030844593 
541 368 9 13 0.030832324 
224 333 9 11 0.03076738 
561 350 10 13 0.030740466 
351 334 9 12 0.030714747 
726 381 11 12 0.03065233 
792 348 8 10 0.03062201 
712 343 9 11 0.03061121 
145 336 9 10 0.030529197 
829 361 10 12 0.030301657 
713 421 8 10 0.03028156 
367 366 8 10 0.030117435 
337 296 8 11 0.03008265 
249 349 9 11 0.030040829 
785 343 8 10 0.029962568 
498 295 9 11 0.02979095 
313 396 8 10 0.02974044 
425 327 8 11 0.029736806 
134 336 9 11 0.02971851 
509 351 10 12 0.0297166 
720 319 8 10 0.029678414 
817 318 8 10 0.029594412 
247 358 8 11 0.029588973 
384 351 8 10 0.029495059 
744 364 9 12 0.029461717 
176 287 7 9 0.0294299 
563 293 9 12 0.029417792 
161 316 8 11 0.029353665 
672 358 8 11 0.029281572 
195 356 10 13 0.02925124 
208 364 10 13 0.0291945 
736 308 8 10 0.029093357 
639 335 8 10 0.029079298 
280 330 10 13 0.028999127 
711 348 8 11 0.028890833 
408 355 8 11 0.02883801 
672 339 9 12 0.028796466 
650 335 10 12 0.028767802 
466 316 10 12 0.028613392 
246 303 9 11 0.028527906 
215 311 8 9 0.028447568 
661 318 9 11 0.028440446 
504 272 8 10 0.028407583 
719 311 8 10 0.028357515 
433 367 9 12 0.028296748 
128 341 10 11 0.028254077 
542 330 11 13 0.028049994 
349 311 10 12 0.028032368 
209 340 9 11 0.02799562 
478 362 10 14 0.027980246 
127 318 8 10 0.027942842 
649 391 8 10 0.027920065 
306 346 18 22 0.027895529 
239 406 10 13 0.027852345 
734 398 7 10 0.027831223 
631 398 8 11 0.027718049 
848 302 8 11 0.02747435 
776 332 8 11 0.027420854 
415 350 8 10 0.027393749 
207 373 10 13 0.027315313 
849 422 8 10 0.02720038 
657 388 8 12 0.02715475 
286 332 9 11 0.027035002 
687 357 8 9 0.027008649 
174 405 10 14 0.02698578 
338 319 8 10 0.026984515 
255 304 8 9 0.0268048 
480 296 9 10 0.026784267 
639 308 9 11 0.0267755 
599 323 10 13 0.026640622 
439 364 11 15 0.026567718 
385 420 8 10 0.026566258 
270 351 9 12 0.026565693 
336 359 8 9 0.026475938 
471 323 11 13 0.026400492 
561 333 11 12 0.026356552 
745 384 7 10 0.026318725 
141 288 8 10 0.02614794 
244 406 9 11 0.0261414 
268 361 10 13 0.026100544 
528 375 8 10 0.026022112 
439 310 9 11 0.025990756 
627 374 9 12 0.025885697 
439 302 8 11 0.025875952 
182 310 8 11 0.025838345 
202 319 8 11 0.025826953 
472 363 11 14 0.025768155 
231 319 9 10 0.025687737 
792 313 7 10 0.025643636 
438 270 8 10 0.025497042 
183 318 9 11 0.025380956 
653 287 8 10 0.025368141 
119 374 8 11 0.025352182 
134 373 8 10 0.025340896 
719 328 7 10 0.02529106 
741 303 8 11 0.025262523 
334 390 9 11 0.02521095 
713 359 8 10 0.025189897 
363 383 10 12 0.025123097 
326 320 9 11 0.02509754 
196 413 12 14 0.025073685 
312 335 9 12 0.025062812 
287 313 9 12 0.024861448 
784 332 8 10 0.024802687 
239 315 8 11 0.02479076 
385 416 8 9 0.024743464 
64 333 9 10 0.024736999 
176 342 8 11 0.024714913 
632 404 9 12 0.024688434 
392 392 9 10 0.024600009 
423 390 10 13 0.024537362 
518 315 10 13 0.02445665 
354 302 8 10 0.024439791 
325 341 9 12 0.024407968 
766 348 9 11 0.024399493 
895 376 9 11 0.024342006 
529 302 9 12 0.024333281 
675 326 8 11 0.024306115 
241 358 8 11 0.024235109 
573 324 10 12 0.024202328 
167 317 9 12 0.02420021 
726 278 7 9 0.024178762 
209 350 11 14 0.024167072 
561 327 9 11 0.024083173 
384 397 9 10 0.024045654 
712 397 9 13 0.024012873 
607 311 9 12 0.02385101 
720 397 9 12 0.023785677 
575 334 10 12 0.023755306 
328 358 8 10 0.023680493 
527 358 10 12 0.023623217 
895 365 9 11 0.023497278 
472 296 8 11 0.023454979 
679 358 7 10 0.0234381 
414 335 9 11 0.023356298 
446 379 10 12 0.023260538 
239 332 8 12 0.023150528 
753 321 7 9 0.023093045 
118 381 8 10 0.02308686 
713 332 8 11 0.023046201 
223 309 8 10 0.023045734 
376 398 7 9 0.023033772 
664 414 10 12 0.022948373 
393 302 10 12 0.02292927 
560 299 11 14 0.022828719 
841 303 8 10 0.022662189 
655 310 7 10 0.022650028 
335 351 8 10 0.022628242 
618 375 11 14 0.022620315 
120 365 8 10 0.022593867 
328 399 8 11 0.022551341 
222 408 13 15 0.022542689 
664 358 9 11 0.022516834 
201 334 9 11 0.02243856 
648 383 8 11 0.022425232 
593 303 9 10 0.022346914 
829 342 9 11 0.022321805 
625 398 9 12 0.022317596 
687 302 9 10 0.022311421 
695 290 8 9 0.022297567 
318 302 9 11 0.022291621 
390 396 9 10 0.022290347 
239 294 9 11 0.022256896 
784 312 8 9 0.022214837 
798 346 10 12 0.022080086 
88 312 8 10 0.021945527 
776 365 9 11 0.02188945 
581 350 10 13 0.021884326 
727 340 8 11 0.021882089 
70 335 9 11 0.021873169 
672 382 9 11 0.021813942 
408 332 9 11 0.021784496 
152 310 8 12 0.021709878 
360 281 9 11 0.021677393 
767 333 8 10 0.021622742 
294 348 10 11 0.021584194 
246 332 10 12 0.021582019 
257 332 10 13 0.021560896 
287 302 8 10 0.021545017 
520 294 8 10 0.021535194 
863 330 9 11 0.021507215 
354 375 8 11 0.021476787 
112 343 8 11 0.021471022 
335 382 8 11 0.021409078 
678 381 9 12 0.02139812 
710 406 9 12 0.02129857 
823 335 8 10 0.02129622 
398 271 8 10 0.021239331 
674 319 9 10 0.021193538 
640 318 9 12 0.021121081 
197 373 12 15 0.021095054 
301 326 9 11 0.020966554 
376 392 8 10 0.020944236 
639 396 8 11 0.020930102 
755 343 8 10 0.020922512 
420 358 10 12 0.020920645 
433 278 9 13 0.02091444 
713 415 8 11 0.020896213 
713 309 8 11 0.020875681 
362 441 8 11 0.020745797 
222 383 11 14 0.020737348 
376 358 7 10 0.020730425 
734 349 9 12 0.020699844 
414 327 9 11 0.020683575 
689 351 9 11 0.020674761 
680 351 8 10 0.020658994 
744 390 7 10 0.02065275 
405 303 8 10 0.020599118 
63 329 8 9 0.020567788 
639 326 9 11 0.020556994 
672 374 9 11 0.020479146 
665 350 8 11 0.020417774 
462 333 12 14 0.020341767 
593 364 12 15 0.020305341 
212 374 11 13 0.020265376 
214 342 9 11 0.020254724 
112 349 9 11 0.020190563 
337 331 9 12 0.02018671 
319 392 8 11 0.02012276 
624 365 11 14 0.020110939 
142 294 8 9 0.020050267 
