0_Parade_Parade_0_461
95
500 202 115 148 0.96170926 
871 76 95 138 0.29522368 
146 114 15 19 0.17288877 
150 134 54 61 0.14346293 
147 235 29 43 0.13497114 
899 111 126 123 0.12768953 
383 156 204 249 0.11237909 
20 505 156 114 0.09447315 
379 322 81 99 0.09145371 
88 -34 443 492 0.077075236 
419 17 15 20 0.07024159 
61 212 81 106 0.06869166 
160 230 29 41 0.06436826 
132 155 13 17 0.06237726 
301 5 327 443 0.06134733 
491 113 199 234 0.059748553 
288 414 116 128 0.05388136 
869 9 15 20 0.050633408 
414 17 83 131 0.049823232 
156 144 30 41 0.04827165 
101 0 15 14 0.04814611 
121 58 17 24 0.046359446 
103 135 47 55 0.044071674 
510 150 131 106 0.043302942 
137 100 25 33 0.042384993 
872 0 54 60 0.04136057 
172 239 18 22 0.04011318 
28 694 9 13 0.03990871 
187 91 36 40 0.03864231 
85 21 16 18 0.038052488 
28 264 15 24 0.037887245 
124 124 82 103 0.037550807 
90 210 27 32 0.03723782 
398 245 29 42 0.037018325 
36 742 12 15 0.03701489 
214 -1 55 60 0.03662977 
77 424 25 26 0.03558069 
890 0 29 27 0.03537424 
119 144 22 32 0.03445989 
11 717 14 19 0.033930678 
138 155 13 16 0.03207861 
0 691 13 25 0.031396996 
85 201 23 31 0.030958211 
5 102 15 20 0.030591073 
198 123 44 40 0.03012411 
871 2 29 31 0.029745972 
140 185 14 20 0.028563213 
117 45 26 40 0.027685484 
130 84 27 40 0.027655281 
329 148 36 42 0.027615357 
196 122 93 108 0.027083399 
855 1 44 52 0.026757345 
439 73 49 83 0.026737101 
223 193 25 34 0.026536426 
241 70 70 54 0.026412677 
106 222 19 22 0.026074154 
102 1 43 55 0.025808344 
220 121 38 41 0.025580496 
200 127 60 65 0.025278488 
237 121 43 43 0.02508486 
30 718 14 16 0.025050158 
132 172 22 31 0.024914293 
416 408 76 54 0.02468555 
48 502 90 76 0.024231967 
356 39 12 15 0.023819065 
156 186 12 16 0.023690222 
203 143 28 33 0.023666643 
59 114 18 19 0.023541484 
186 145 54 59 0.0230348 
186 108 42 40 0.022970306 
229 166 11 15 0.022878613 
128 131 25 33 0.022754224 
68 210 15 19 0.022734748 
83 114 86 104 0.022688815 
135 131 12 16 0.022284806 
72 206 22 29 0.02227348 
142 119 24 29 0.022111721 
245 93 43 42 0.021980574 
132 148 24 30 0.021887448 
148 186 13 19 0.021794979 
399 283 152 140 0.021728301 
132 146 49 63 0.0217162 
398 378 76 64 0.02144563 
213 -1 31 29 0.021297513 
207 153 14 17 0.020840991 
97 145 29 36 0.02081257 
141 147 27 33 0.020805392 
261 86 39 43 0.020786177 
142 129 29 36 0.020569826 
117 52 43 66 0.020506872 
154 0 31 25 0.020458264 
261 70 43 35 0.020241229 
83 169 14 18 0.02015786 
187 80 30 32 0.020126004 
432 342 170 174 0.020116087 
