0_Parade_Parade_0_470
81
620 137 56 73 0.9997739 
932 270 60 71 0.9995844 
296 238 67 84 0.99951255 
899 173 60 74 0.9994886 
418 202 64 85 0.9992398 
464 148 53 63 0.99923515 
329 161 56 76 0.9991881 
535 184 64 87 0.9990447 
471 331 72 96 0.99848384 
775 226 64 79 0.9975184 
601 247 72 98 0.99748564 
703 231 65 85 0.996977 
152 172 71 96 0.9968292 
123 467 81 113 0.9967943 
313 366 83 113 0.9964282 
838 232 51 66 0.99606484 
38 163 82 106 0.9957443 
220 173 63 84 0.99480337 
853 176 47 60 0.97450566 
761 171 18 25 0.8789156 
-1 151 31 48 0.8498426 
789 177 27 31 0.7733209 
802 176 25 31 0.22258158 
840 199 54 65 0.21313271 
1 104 32 39 0.13540462 
966 39 10 11 0.11295861 
506 121 30 40 0.105281845 
988 82 13 16 0.084715255 
993 71 9 11 0.07570539 
278 183 25 37 0.07168564 
39 91 34 41 0.0679028 
803 224 63 83 0.06424141 
773 172 40 47 0.06272106 
997 70 9 11 0.05749265 
818 182 17 23 0.05403597 
974 56 8 10 0.052207023 
782 184 47 54 0.050385877 
984 79 11 14 0.042711124 
104 163 84 108 0.042425636 
517 130 15 20 0.03702977 
838 197 12 16 0.035174854 
974 61 10 11 0.03426367 
8 110 20 23 0.033800624 
963 78 11 12 0.03306334 
270 192 30 45 0.0329268 
983 348 41 58 0.03078215 
966 84 11 13 0.030748168 
324 127 26 32 0.029985258 
901 21 9 11 0.029952303 
973 38 9 11 0.029157082 
968 93 9 12 0.02880583 
974 86 10 13 0.028025324 
290 185 16 22 0.028020602 
999 62 9 11 0.027535569 
993 55 7 10 0.027241163 
518 615 30 40 0.027057208 
967 33 8 9 0.026078707 
758 182 46 61 0.025797302 
953 537 15 19 0.025685355 
982 63 9 11 0.025064373 
991 89 11 14 0.024741398 
230 150 36 38 0.024416195 
961 31 8 9 0.024345342 
15 89 46 56 0.023148999 
828 193 13 18 0.023096493 
820 186 24 30 0.023063825 
301 183 12 18 0.023046562 
755 167 40 49 0.022821523 
996 77 10 12 0.022554768 
660 234 73 98 0.02238424 
453 158 11 17 0.022014309 
808 209 35 43 0.02197428 
242 165 51 67 0.0218538 
845 216 16 20 0.02093642 
992 63 9 11 0.020893294 
995 84 11 14 0.020801429 
840 198 34 41 0.02055196 
623 109 37 40 0.020443415 
984 71 9 11 0.02025869 
277 177 18 26 0.020188397 
323 108 25 32 0.020104364 
