0_Parade_marchingband_1_104
213
314 251 35 40 0.99781835 
452 265 24 28 0.97904176 
237 245 15 18 0.92712045 
127 253 13 16 0.8410917 
739 230 15 21 0.8305594 
1001 215 18 27 0.6578918 
149 243 12 14 0.5137683 
580 251 13 19 0.44017878 
837 231 11 14 0.41148657 
601 230 8 10 0.37221766 
452 224 12 16 0.2614837 
37 253 11 15 0.24600512 
104 238 11 15 0.20228517 
889 232 9 12 0.19613512 
409 242 11 14 0.19236982 
57 262 9 11 0.1830659 
503 227 10 13 0.17972736 
911 238 12 13 0.16447896 
213 245 10 12 0.16031112 
70 246 8 12 0.15368342 
409 271 17 20 0.14969057 
24 239 8 10 0.1427293 
893 235 9 12 0.14059031 
605 228 8 10 0.13593957 
968 231 10 12 0.13383405 
414 251 10 13 0.1194986 
545 245 10 13 0.11091337 
757 205 15 17 0.10492412 
120 302 10 14 0.101830415 
748 196 12 14 0.095854595 
22 244 8 11 0.09512139 
85 279 11 14 0.08896812 
173 260 11 14 0.08866081 
724 237 13 15 0.0855158 
719 237 12 13 0.08397274 
167 261 11 13 0.083295815 
657 360 117 102 0.083204195 
586 251 13 18 0.08296238 
263 237 8 11 0.080954604 
284 236 10 13 0.080594756 
193 245 10 12 0.0781251 
460 245 13 16 0.07089133 
857 238 9 11 0.0703009 
886 222 9 11 0.068647906 
37 294 9 12 0.064986244 
6 268 10 12 0.063463375 
258 238 8 11 0.061723012 
480 230 11 14 0.061026916 
108 254 10 12 0.058797546 
905 237 9 12 0.05864693 
455 252 22 30 0.058548417 
96 245 9 12 0.057996344 
934 229 9 12 0.05593036 
510 230 9 13 0.05452198 
878 213 11 15 0.05308262 
107 244 10 13 0.05235397 
846 247 9 12 0.0523505 
615 222 8 11 0.052266985 
29 309 9 11 0.052261952 
79 244 9 13 0.051551986 
118 295 10 13 0.050992656 
122 254 11 14 0.050971553 
110 259 11 13 0.04953233 
46 260 9 12 0.048569262 
30 232 9 10 0.048044577 
972 193 17 20 0.046091605 
842 205 7 10 0.046090465 
596 251 12 15 0.04569948 
28 237 9 10 0.044093993 
164 239 11 13 0.043955706 
607 253 10 13 0.043845594 
942 244 11 14 0.043554503 
157 238 12 15 0.042891048 
412 239 10 14 0.042883508 
914 241 13 15 0.042794097 
226 268 13 17 0.042505488 
239 291 10 14 0.041760743 
544 237 10 13 0.040926684 
714 237 9 12 0.040746495 
111 228 11 13 0.040678408 
749 200 15 18 0.040226646 
832 225 18 24 0.040095452 
63 254 8 12 0.03998233 
25 278 8 10 0.039438527 
839 224 11 15 0.03922914 
617 229 8 10 0.038867783 
43 253 11 15 0.038836 
585 307 10 14 0.038674373 
228 262 12 14 0.038110647 
124 306 11 15 0.037954815 
103 231 11 13 0.03680761 
909 231 13 16 0.036675833 
72 276 8 12 0.03654734 
55 256 10 12 0.03651925 
116 226 12 16 0.03649635 
66 246 8 12 0.0362954 
869 262 14 16 0.0359911 
598 235 9 11 0.035427887 
176 243 9 12 0.035115525 
25 233 8 11 0.03461213 
884 216 10 12 0.0343881 
411 259 15 19 0.034383155 
549 239 10 13 0.033693448 
921 205 10 13 0.033622056 
86 243 10 13 0.03351607 
597 245 11 14 0.033306584 
39 301 9 11 0.033269174 
141 278 11 14 0.03319005 
278 266 12 16 0.032972585 
846 205 8 10 0.03244235 
829 212 10 10 0.032360006 
498 250 13 17 0.031820167 
856 244 9 11 0.031711172 
165 266 12 15 0.031700037 
408 250 12 14 0.03142566 
179 261 11 15 0.031256508 
403 240 19 23 0.030957665 
53 279 8 11 0.030566717 
32 301 9 11 0.030277813 
933 149 14 19 0.030143104 
904 222 10 12 0.030087255 
70 251 9 12 0.029691223 
903 230 11 14 0.029625954 
950 230 9 11 0.029346956 
81 278 9 13 0.029258749 
105 260 9 11 0.029221317 
543 232 9 11 0.02910953 
45 303 10 11 0.028936762 
398 240 11 13 0.028935913 
583 238 9 14 0.028512133 
946 149 13 16 0.02847616 
733 205 10 12 0.02829144 
27 316 10 13 0.028289488 
856 233 9 11 0.028236657 
591 238 10 12 0.028175684 
131 248 14 18 0.028054263 
22 252 9 13 0.028030906 
468 251 15 21 0.027466781 
182 246 9 12 0.027038114 
513 235 8 12 0.026968816 
140 252 11 16 0.026855431 
836 146 14 18 0.026297737 
589 245 12 16 0.025823671 
111 269 12 14 0.025504224 
285 243 9 13 0.02545171 
70 240 10 13 0.025322296 
861 244 10 11 0.025298476 
385 267 11 15 0.025288124 
474 255 14 19 0.025256155 
165 276 11 13 0.025029942 
159 270 11 14 0.025019264 
243 292 12 15 0.024945565 
588 285 9 13 0.024788696 
96 253 9 10 0.024783382 
110 308 11 13 0.024779452 
233 238 10 13 0.024770482 
594 231 7 9 0.024769474 
47 308 9 12 0.024639836 
398 269 22 27 0.024481842 
939 148 15 19 0.024126217 
388 272 15 20 0.024045998 
713 232 9 12 0.023921631 
926 211 10 12 0.023899341 
608 259 10 12 0.023789791 
352 234 13 17 0.023775285 
843 228 11 15 0.023700057 
341 220 10 14 0.02363213 
206 237 14 18 0.02335391 
183 267 10 13 0.023340713 
943 251 12 17 0.023280576 
566 247 22 28 0.02304894 
929 230 8 11 0.022987016 
73 184 8 10 0.022912621 
936 236 10 12 0.022908999 
763 209 13 16 0.022734731 
846 221 9 12 0.022700911 
115 296 19 24 0.022576824 
960 246 9 12 0.022519968 
113 294 11 12 0.02249049 
615 216 8 10 0.022454064 
73 272 8 10 0.022446645 
532 252 13 15 0.022334266 
463 265 18 23 0.022287838 
62 221 10 12 0.02204035 
277 252 10 12 0.022015883 
605 247 11 14 0.022009537 
725 227 21 26 0.02198526 
102 277 11 15 0.021963941 
94 276 11 15 0.021866292 
161 262 10 13 0.021801647 
710 244 11 13 0.021792311 
31 176 221 249 0.021590237 
907 234 20 24 0.021556336 
612 254 9 12 0.02154362 
453 248 17 20 0.021432102 
542 251 10 13 0.02141646 
105 206 9 11 0.021319617 
109 276 13 16 0.021179358 
905 245 9 12 0.021179168 
848 215 8 11 0.021096515 
119 247 10 13 0.020975938 
358 213 12 14 0.02097156 
588 240 22 28 0.020950558 
117 234 11 14 0.020935763 
870 213 12 14 0.020649225 
928 222 9 12 0.020539189 
839 243 13 16 0.020388028 
587 303 10 13 0.020361533 
111 284 11 13 0.020305486 
197 239 12 15 0.020253664 
878 238 10 12 0.020161761 
269 237 10 11 0.020157719 
846 236 10 14 0.020116715 
