0_Parade_marchingband_1_147
128
307 131 53 59 0.99838495 
504 88 76 83 0.9949268 
217 164 44 45 0.9924723 
89 152 31 35 0.9918035 
164 123 39 42 0.98133606 
868 158 37 43 0.9093705 
602 144 49 55 0.89721245 
400 180 55 57 0.38641378 
244 0 15 18 0.38426992 
808 12 14 18 0.28728825 
751 99 16 19 0.2301462 
-1 7 17 31 0.20668736 
712 9 13 17 0.18143472 
422 37 54 68 0.17137991 
896 76 15 20 0.16251591 
316 33 19 23 0.15310287 
419 57 23 33 0.15162006 
965 21 13 17 0.14644721 
778 79 17 22 0.13198455 
777 14 15 18 0.12519827 
926 28 14 17 0.11169202 
215 -2 14 14 0.11104571 
296 1 16 19 0.10440416 
617 154 51 56 0.084633484 
370 -2 20 16 0.08215625 
641 163 34 39 0.07863872 
884 4 13 16 0.07855467 
149 351 18 20 0.07213879 
282 103 15 21 0.071861796 
199 2 15 19 0.06798417 
847 27 13 16 0.067725755 
927 2 14 17 0.06585085 
882 29 14 17 0.06560827 
578 117 77 91 0.06343949 
853 52 13 16 0.06136854 
250 57 15 19 0.06118393 
954 49 15 20 0.057738047 
350 538 12 16 0.056827392 
387 39 22 31 0.056646448 
830 15 14 18 0.055549093 
413 55 17 23 0.054628175 
179 123 47 58 0.054512378 
907 54 15 19 0.051783223 
555 6 31 37 0.049907174 
942 85 13 16 0.04959525 
715 105 16 22 0.048915144 
936 51 13 18 0.04558974 
15 159 30 35 0.044185337 
907 181 101 138 0.043399528 
701 529 13 18 0.04333835 
826 80 14 19 0.04313329 
322 27 17 20 0.042630654 
354 61 15 18 0.042356454 
885 38 14 18 0.040519107 
53 29 25 30 0.03865955 
1 43 10 17 0.037196405 
388 23 81 105 0.037069444 
402 -1 15 14 0.036899168 
796 53 15 18 0.035868354 
997 49 14 18 0.035510536 
142 489 12 16 0.035500113 
611 48 14 18 0.034803376 
412 0 16 20 0.03478072 
799 35 13 15 0.03466177 
188 180 30 38 0.034534954 
871 60 12 15 0.03427887 
58 347 409 475 0.033003874 
853 77 14 18 0.032617137 
167 482 244 300 0.032549754 
161 141 35 42 0.03225465 
861 101 16 20 0.03180087 
121 11 28 35 0.03166219 
699 138 14 18 0.030645411 
399 47 49 64 0.030350888 
331 26 14 18 0.03025973 
929 242 98 114 0.030042814 
709 111 26 33 0.029809797 
204 0 15 15 0.02859996 
436 51 60 82 0.02834995 
828 117 22 26 0.028224936 
646 69 14 18 0.028209833 
892 40 14 18 0.028113829 
877 22 14 16 0.027722597 
818 8 19 25 0.027461614 
392 186 39 45 0.027428618 
405 41 27 36 0.026809026 
815 37 13 17 0.026142897 
432 28 39 48 0.026107881 
812 -1 13 12 0.02497791 
612 65 14 17 0.024704652 
706 126 28 34 0.024687085 
426 63 28 35 0.024591947 
243 115 36 44 0.02451108 
980 2 14 16 0.024201585 
582 148 42 44 0.024095565 
810 105 17 20 0.02380868 
819 43 14 17 0.023665056 
607 5 13 14 0.023489067 
208 -3 22 23 0.023478553 
961 301 65 68 0.023392076 
351 106 27 36 0.023267506 
925 60 13 16 0.023183774 
854 12 14 17 0.022516686 
770 134 28 32 0.022393752 
837 46 13 17 0.022339571 
543 0 33 28 0.022257008 
817 109 24 29 0.022240842 
956 35 14 16 0.021745726 
615 43 22 26 0.021638243 
733 37 12 15 0.021623043 
476 50 81 108 0.021586768 
743 10 12 15 0.021557992 
545 91 79 96 0.021423656 
387 164 94 103 0.020846954 
617 155 24 30 0.020795759 
26 172 33 39 0.020753147 
982 20 11 15 0.020609086 
785 13 14 16 0.020538172 
227 12 14 17 0.020534087 
890 3 15 18 0.020381302 
374 195 52 64 0.020355407 
198 172 34 39 0.020349013 
803 52 14 17 0.020241514 
211 79 28 33 0.020224258 
156 238 36 38 0.020197937 
821 51 14 18 0.020102808 
898 86 16 21 0.020069294 
852 32 14 17 0.020069165 
