0_Parade_Parade_0_29
133
544 165 59 72 0.99945563 
981 184 34 43 0.9993181 
315 230 34 41 0.9983455 
804 165 40 51 0.99625564 
240 234 22 29 0.99171793 
194 239 20 24 0.935343 
162 251 15 18 0.9259819 
420 249 22 24 0.8626145 
487 234 17 20 0.8578497 
706 244 17 20 0.7917554 
143 252 11 15 0.7545329 
294 244 13 17 0.74773765 
510 244 14 18 0.69813985 
747 243 16 21 0.51436347 
121 246 10 12 0.5084393 
-41 222 458 405 0.43757653 
689 252 10 13 0.36567083 
522 364 202 317 0.25767085 
717 222 11 14 0.25165978 
726 220 12 14 0.23304366 
671 239 8 11 0.18961537 
357 241 14 18 0.118470594 
420 259 17 23 0.11745853 
462 249 10 12 0.11681407 
421 224 11 13 0.1146379 
856 221 54 60 0.11172175 
677 237 9 11 0.10950569 
105 253 8 10 0.106480494 
32 220 16 20 0.09812448 
375 254 11 13 0.0974052 
132 230 9 11 0.08933111 
78 228 9 13 0.089216664 
692 246 13 17 0.08878032 
219 254 12 15 0.085000366 
1011 12 11 15 0.08186535 
648 239 10 12 0.07518316 
216 259 13 16 0.074897505 
40 327 263 271 0.072882384 
695 222 8 10 0.06926752 
755 238 12 14 0.06491818 
57 237 8 11 0.060270574 
149 229 9 11 0.057678897 
118 188 9 11 0.05761777 
687 257 10 13 0.056475576 
417 223 9 12 0.05579735 
726 267 9 12 0.0541367 
64 239 8 11 0.052998293 
64 246 7 9 0.051578414 
55 233 8 11 0.047786467 
596 243 17 18 0.04662957 
113 247 11 12 0.046169344 
594 242 26 31 0.045759365 
263 257 13 17 0.045210138 
146 246 13 18 0.044831358 
57 246 7 9 0.04441161 
431 251 14 18 0.04352843 
68 239 9 11 0.04227319 
407 244 12 15 0.04124075 
29 243 14 17 0.041207913 
16 238 9 12 0.04075515 
92 226 13 15 0.03897183 
16 245 9 12 0.036664933 
471 250 11 14 0.036290932 
380 253 9 12 0.035907347 
127 221 9 11 0.03491054 
96 246 10 11 0.034770668 
457 251 11 14 0.03364683 
992 1 9 10 0.033600375 
757 214 11 14 0.033212088 
111 251 9 12 0.033184063 
27 232 15 20 0.032888863 
329 278 40 55 0.032874748 
351 237 23 28 0.031019028 
110 199 10 12 0.030472104 
49 237 8 12 0.030382622 
651 244 11 13 0.030036462 
504 248 15 19 0.029978573 
149 237 11 13 0.029929042 
862 230 32 37 0.029914953 
477 250 11 15 0.029833162 
214 225 13 17 0.029232876 
902 448 129 197 0.029179966 
696 243 18 23 0.029015377 
69 245 9 12 0.028656587 
88 245 9 11 0.028478552 
267 254 12 15 0.027370319 
47 230 9 13 0.027257947 
72 253 8 10 0.02706533 
109 219 10 13 0.02697953 
1010 46 7 11 0.026971495 
16 229 10 14 0.026639126 
715 221 20 22 0.026406055 
134 236 10 12 0.026337458 
212 255 21 25 0.026179532 
113 190 9 10 0.025871132 
689 222 9 10 0.025793383 
78 255 8 10 0.025546905 
118 286 10 12 0.025507499 
443 274 14 19 0.02505353 
116 241 18 21 0.024135178 
125 249 10 13 0.024027776 
158 223 9 12 0.023993464 
703 221 8 10 0.023634959 
196 251 16 21 0.023334568 
705 255 12 16 0.02333071 
504 221 10 12 0.023313044 
23 220 14 20 0.023227409 
56 254 7 9 0.023144512 
1013 46 8 12 0.022885287 
720 207 8 10 0.022810861 
552 4 9 12 0.022702212 
1014 60 8 13 0.022642074 
22 245 12 15 0.022435358 
321 252 41 53 0.022320306 
49 246 7 10 0.02204578 
95 254 9 10 0.02196786 
8 203 10 14 0.021816999 
127 215 8 12 0.021746626 
447 237 10 11 0.021743596 
412 244 18 23 0.021739716 
80 235 9 12 0.02171678 
113 183 10 12 0.021618111 
94 235 12 14 0.02140558 
712 217 9 11 0.021195864 
491 249 13 17 0.02087187 
0 243 9 12 0.020679869 
375 248 11 13 0.020410012 
29 215 15 18 0.020343252 
89 255 8 10 0.020238914 
112 235 11 14 0.020220617 
53 273 7 9 0.020075202 
49 270 7 9 0.02007502 
731 243 46 45 0.020035347 
