0_Parade_marchingband_1_818
27
635 371 265 379 0.9025406 
556 183 427 538 0.27627054 
271 335 335 453 0.18232691 
-1 919 128 244 0.16685644 
319 493 122 133 0.13358203 
627 788 113 110 0.1154966 
324 257 504 468 0.10171361 
579 775 105 143 0.068629116 
587 749 199 206 0.054152112 
20 860 216 297 0.05038548 
355 500 68 83 0.04500272 
513 463 415 450 0.04498824 
27 983 399 418 0.031987526 
0 805 96 191 0.031918094 
622 20 399 503 0.031235214 
0 1468 38 70 0.030538505 
634 1086 432 464 0.029372837 
836 1006 143 131 0.026784169 
377 465 39 53 0.024534903 
410 1465 76 66 0.023563206 
430 434 36 41 0.022196922 
903 1391 62 75 0.022133032 
-10 965 205 289 0.02206276 
337 545 71 85 0.021849543 
330 1042 413 400 0.021714577 
113 1114 432 448 0.0210277 
354 590 56 89 0.020104226 
