0_Parade_marchingband_1_1045
238
659 267 29 40 0.9989254 
88 263 33 45 0.9978179 
945 262 41 53 0.9815624 
279 296 25 32 0.9588313 
587 256 31 43 0.92168146 
357 294 21 25 0.85531545 
181 316 18 23 0.84351236 
438 305 16 19 0.82563525 
503 305 18 22 0.8080606 
383 299 17 20 0.76097524 
149 321 13 20 0.7558649 
203 321 14 19 0.71699214 
774 296 14 17 0.6579901 
469 293 12 17 0.6353035 
291 294 22 32 0.61924016 
691 256 22 28 0.59469163 
420 308 10 14 0.5613043 
0 311 14 26 0.4290542 
484 309 13 15 0.4270481 
212 307 12 17 0.355207 
754 306 15 19 0.31211892 
395 266 12 16 0.30923903 
842 308 14 17 0.29565424 
462 296 13 17 0.2416666 
305 299 14 21 0.19690055 
139 324 17 22 0.1960505 
327 309 14 18 0.18798546 
681 256 24 33 0.1828938 
236 314 14 18 0.1816345 
408 280 11 13 0.16996571 
145 397 10 14 0.1699132 
463 316 12 16 0.15611197 
233 286 11 16 0.15291193 
369 294 19 26 0.14710397 
313 286 11 15 0.13612366 
575 267 42 62 0.13067162 
13 294 10 15 0.113926426 
229 258 10 15 0.10740885 
839 301 12 16 0.103126794 
948 190 27 36 0.10285207 
790 302 11 13 0.09900475 
984 236 34 44 0.0968473 
347 257 13 16 0.095871866 
884 316 9 13 0.095273234 
812 278 10 14 0.09344394 
245 296 14 20 0.08974297 
461 306 13 17 0.089693405 
54 283 24 29 0.0856514 
406 316 13 17 0.084685296 
784 276 10 12 0.084227555 
173 236 15 18 0.082917646 
98 207 24 35 0.08189263 
221 420 17 19 0.07989001 
436 351 12 14 0.07877322 
450 264 16 21 0.07678576 
680 199 10 13 0.07265939 
278 239 20 29 0.07233951 
485 282 12 14 0.07108702 
352 298 16 19 0.07072831 
215 244 12 14 0.069606446 
851 313 12 15 0.06862945 
157 397 11 15 0.06698661 
380 320 13 16 0.066698566 
752 237 13 16 0.065898195 
413 279 10 12 0.0652726 
815 301 10 13 0.06518492 
412 315 12 15 0.065070346 
367 260 9 12 0.06427448 
454 300 12 17 0.06164254 
124 306 14 20 0.06135464 
142 441 11 15 0.061091706 
930 182 26 36 0.061023552 
230 297 13 18 0.060215827 
430 332 12 17 0.057364263 
765 293 19 24 0.055580266 
134 313 21 27 0.055536106 
513 307 13 18 0.054583307 
996 308 25 37 0.054512627 
789 276 11 13 0.053807266 
444 299 20 25 0.052966047 
310 290 13 20 0.05224216 
505 346 12 16 0.05104981 
396 256 11 13 0.050813116 
2 301 15 21 0.05011702 
534 297 11 15 0.04854771 
197 413 10 13 0.048332628 
644 274 33 36 0.04826146 
243 313 12 18 0.047685273 
822 318 8 11 0.04664987 
415 302 11 15 0.046403646 
482 278 10 14 0.04512912 
359 344 14 18 0.044834495 
332 301 11 16 0.04441225 
408 298 11 15 0.044215612 
741 353 13 17 0.043952707 
229 306 15 20 0.043917622 
634 34 13 17 0.04332509 
117 305 15 21 0.04312707 
233 287 19 25 0.0417498 
277 262 14 18 0.040649306 
865 326 8 11 0.04058667 
404 268 12 15 0.040264502 
411 292 11 15 0.039427906 
821 308 9 12 0.039194353 
433 307 14 16 0.039140724 
262 304 24 27 0.038752202 
445 310 13 19 0.038324114 
528 292 12 16 0.038229875 
181 376 13 16 0.036692686 
584 295 30 41 0.036619186 
922 176 23 35 0.035250504 
364 286 14 21 0.03515537 
600 275 29 39 0.034817412 
148 443 12 16 0.034563012 
772 269 11 14 0.034240592 
269 256 16 20 0.033768058 
246 324 21 27 0.033726312 
254 371 11 15 0.03371031 
560 251 44 56 0.033510808 
230 317 15 19 0.033323597 
246 287 23 31 0.033246458 
192 411 11 14 0.0331096 
795 301 11 13 0.03302863 
225 293 10 14 0.032933466 
469 307 12 16 0.032632444 
11 315 13 19 0.032570682 
775 319 12 16 0.03221389 
6 295 20 30 0.032003533 
203 354 15 20 0.03199398 
283 254 14 20 0.031938415 
269 345 13 17 0.031842005 
191 282 13 16 0.031596642 
315 263 14 19 0.031435102 
510 273 12 16 0.03142583 
546 251 29 39 0.031077826 
207 409 11 14 0.030974777 
208 305 12 15 0.030956054 
318 325 12 17 0.030925803 
277 372 13 17 0.030540086 
399 284 12 14 0.030254968 
493 307 15 18 0.030184353 
820 302 10 13 0.029859386 
430 267 10 12 0.029853815 
301 322 12 17 0.029779637 
358 259 12 15 0.029604085 
220 313 13 19 0.029541057 
613 296 14 19 0.02939053 
482 302 23 26 0.029283408 
884 324 11 14 0.028991982 
421 283 11 14 0.02899191 
418 304 19 22 0.028967712 
699 267 18 23 0.02881397 
175 374 14 18 0.0285875 
261 355 22 30 0.028581014 
208 319 17 22 0.028490677 
806 255 9 12 0.028314546 
801 254 9 12 0.02824606 
684 200 12 17 0.028133804 
547 300 32 37 0.02779431 
254 293 23 30 0.02763311 
543 261 12 18 0.027505517 
132 306 16 20 0.027256822 
277 346 14 17 0.027059484 
511 234 13 16 0.027041277 
765 272 12 16 0.02702763 
348 265 14 16 0.026880804 
116 313 21 29 0.026562193 
878 311 13 15 0.026374724 
149 391 12 17 0.02624106 
607 255 36 54 0.026209587 
378 304 21 26 0.02618127 
399 317 14 17 0.025886705 
212 355 14 19 0.025874043 
45 164 28 38 0.025856497 
261 247 15 22 0.025758507 
189 217 13 16 0.025725482 
313 298 14 19 0.025439827 
42 297 14 18 0.02539972 
554 277 51 64 0.025309496 
817 319 8 10 0.025268167 
410 320 13 17 0.025208728 
236 303 17 24 0.025169231 
466 324 12 15 0.025113303 
503 271 14 17 0.024916401 
264 234 23 32 0.024911143 
452 316 14 17 0.024209667 
776 332 11 15 0.02420859 
364 362 12 16 0.02418551 
299 380 10 14 0.02414075 
447 270 13 17 0.024026781 
215 347 12 17 0.023980673 
809 272 8 11 0.023940254 
223 300 11 16 0.023925038 
197 259 13 17 0.023830151 
189 402 13 15 0.02355551 
775 276 10 13 0.02348137 
723 320 15 21 0.023397006 
669 346 28 39 0.023238132 
749 267 10 15 0.023136346 
342 288 21 28 0.02303703 
196 418 11 14 0.02294975 
193 273 16 19 0.022946507 
446 258 16 22 0.022655033 
316 339 13 17 0.022654884 
45 286 23 30 0.022575537 
524 308 11 16 0.022548456 
683 329 15 21 0.022461105 
406 262 11 14 0.02240893 
292 258 12 18 0.022235332 
459 267 12 16 0.02217565 
105 291 26 36 0.022085495 
205 249 13 16 0.022077976 
116 394 13 18 0.021839317 
150 450 13 16 0.021833058 
251 303 16 22 0.02177009 
1004 309 12 18 0.021759322 
-6 71 157 211 0.02175186 
267 356 14 18 0.021632483 
172 280 13 16 0.02162943 
847 332 9 12 0.02161686 
245 321 15 20 0.021482661 
847 285 10 11 0.021362182 
327 293 11 16 0.021220457 
863 319 9 12 0.021090213 
326 245 11 14 0.020892369 
550 192 8 11 0.020871185 
474 298 14 18 0.020771181 
832 303 21 26 0.020709898 
310 345 13 17 0.020637551 
156 458 14 18 0.02058339 
815 271 8 11 0.020313488 
868 323 11 14 0.020289727 
138 433 20 28 0.020244353 
149 310 13 18 0.02022847 
262 345 14 20 0.020225337 
591 227 42 61 0.02018423 
334 285 12 16 0.020122796 
301 277 10 14 0.020099588 
