0_Parade_Parade_0_137
134
105 279 25 31 0.9037997 
753 450 17 23 0.7095744 
954 464 14 18 0.36671433 
963 488 17 21 0.3390149 
450 321 35 41 0.33619374 
237 469 15 18 0.29041824 
714 448 16 20 0.26128706 
714 460 29 36 0.251945 
655 454 28 37 0.21541621 
58 338 34 43 0.19298142 
997 511 17 21 0.12654611 
132 301 41 46 0.11505863 
1004 338 14 20 0.1076087 
504 348 23 26 0.10554217 
705 351 23 26 0.09810196 
0 320 21 33 0.09609505 
712 450 24 32 0.08101581 
465 325 27 31 0.07280143 
741 491 55 63 0.068876535 
298 319 56 68 0.064434685 
0 430 11 21 0.06433925 
645 363 13 15 0.062218152 
518 318 15 19 0.057730056 
1011 491 14 22 0.057552345 
12 364 28 38 0.054943006 
621 351 10 12 0.054571893 
58 261 17 20 0.0505083 
659 472 25 31 0.049757462 
685 376 17 20 0.04897954 
1014 315 9 14 0.04791889 
495 297 28 37 0.046913262 
248 446 19 23 0.04612984 
1004 493 19 32 0.04588531 
927 302 9 12 0.04284577 
683 268 14 16 0.042227622 
684 408 24 29 0.04208194 
652 387 13 17 0.041981604 
744 363 12 17 0.040116485 
901 332 24 31 0.038869757 
482 330 15 18 0.038356192 
398 354 14 18 0.037984215 
946 311 17 19 0.037061747 
660 485 17 21 0.03678545 
739 452 24 30 0.036362242 
993 317 9 12 0.036114555 
618 393 16 21 0.035816915 
397 341 14 17 0.03578633 
932 365 14 18 0.03525572 
398 333 12 14 0.034736015 
759 453 18 22 0.03399659 
762 451 26 31 0.03386721 
997 317 10 12 0.03382442 
645 385 15 18 0.032643728 
515 342 16 19 0.03264347 
690 404 16 19 0.032607477 
13 402 257 348 0.03243549 
583 397 30 35 0.032365184 
926 366 24 29 0.031493943 
615 357 13 15 0.030834582 
514 324 22 28 0.03031385 
22 473 32 45 0.03011344 
941 519 16 18 0.02989268 
649 385 21 28 0.029801304 
902 337 14 18 0.029160077 
334 343 29 35 0.02899826 
928 307 9 12 0.028386364 
734 354 9 14 0.028145773 
669 367 12 15 0.028112963 
633 350 9 12 0.027640168 
967 486 23 30 0.027040957 
516 302 13 17 0.02702003 
378 340 16 19 0.026972568 
366 378 30 35 0.026841141 
664 356 10 12 0.026687397 
366 386 42 50 0.026601588 
347 348 14 18 0.026432477 
671 343 9 11 0.026281415 
840 330 52 52 0.02616802 
473 287 45 54 0.02606347 
-1 451 13 25 0.026027495 
356 386 29 37 0.025653768 
761 445 17 20 0.025588393 
997 333 14 17 0.025457859 
506 310 26 32 0.02535855 
673 476 15 19 0.025093947 
587 329 27 35 0.025050804 
982 308 10 13 0.02501197 
661 388 12 17 0.024783118 
436 297 56 68 0.024702335 
315 344 32 39 0.024686655 
673 382 23 29 0.024480265 
972 451 11 13 0.024307992 
1000 312 9 12 0.024008647 
948 321 14 18 0.023950549 
545 310 54 59 0.023636745 
399 327 10 12 0.023545913 
562 324 34 36 0.0234605 
384 336 24 28 0.023287222 
914 497 15 20 0.02318407 
988 408 14 20 0.023136081 
949 495 14 19 0.02310077 
50 258 28 34 0.023048064 
0 238 10 19 0.022917854 
991 312 9 12 0.022846693 
748 435 14 17 0.022563802 
658 452 17 22 0.022374721 
596 390 28 32 0.022305433 
404 333 12 14 0.02226021 
995 457 17 20 0.022208024 
608 382 23 27 0.02217885 
1008 308 10 15 0.022170223 
961 461 15 17 0.022095865 
929 330 23 31 0.022078032 
962 476 17 19 0.022031827 
441 330 52 64 0.02175674 
111 274 42 56 0.021579865 
939 320 25 32 0.02152869 
691 250 14 17 0.021499513 
741 439 23 30 0.021472294 
404 326 10 12 0.02130326 
933 309 11 13 0.021263583 
722 444 15 19 0.021100271 
916 321 40 53 0.020921549 
22 315 90 108 0.020896934 
924 335 17 24 0.020812303 
281 284 89 112 0.020746652 
38 457 16 24 0.020739995 
963 521 14 17 0.020708883 
0 423 19 34 0.02061256 
672 388 12 18 0.020605613 
906 340 26 35 0.020547299 
973 523 15 18 0.020499311 
684 360 359 438 0.020428868 
721 448 27 36 0.020115664 
