0_Parade_marchingband_1_768
838
281 215 35 38 0.9928289 
464 612 19 25 0.92860717 
679 636 27 34 0.861412 
827 621 26 39 0.724331 
783 621 11 16 0.5888554 
222 179 21 29 0.37712482 
710 621 12 16 0.30119637 
532 610 23 27 0.2612083 
984 637 33 46 0.23181002 
610 631 10 13 0.21969232 
908 651 31 40 0.20330326 
501 635 11 13 0.18422478 
501 565 9 12 0.17932191 
641 637 9 12 0.17233257 
527 495 8 10 0.15988517 
503 495 8 10 0.15193854 
513 511 8 9 0.15182409 
453 565 11 12 0.13638029 
372 36 162 193 0.13459475 
480 439 7 9 0.1330804 
474 534 8 9 0.1299862 
615 493 8 10 0.12174672 
622 544 8 10 0.119321756 
516 627 12 17 0.11891913 
529 535 8 10 0.117520325 
560 504 7 9 0.11672723 
645 644 10 14 0.11669956 
614 488 8 10 0.11624361 
559 528 7 9 0.11520222 
472 479 8 10 0.11512926 
478 534 8 10 0.11467889 
806 536 9 10 0.112514876 
302 652 9 11 0.11016765 
610 487 8 10 0.1081198 
433 519 7 9 0.10619929 
28 142 104 160 0.102690816 
639 503 7 9 0.10036795 
617 543 8 10 0.098728746 
544 549 8 10 0.09730342 
488 512 8 11 0.0966671 
465 480 7 9 0.095875405 
544 544 8 11 0.0947606 
465 528 7 9 0.09425243 
658 496 7 9 0.09414059 
432 470 7 10 0.09391712 
489 480 7 8 0.09383889 
760 503 7 9 0.09210493 
663 477 8 10 0.0913768 
656 465 7 8 0.09107988 
432 512 7 9 0.09047843 
529 511 7 10 0.090270005 
553 487 7 9 0.090045944 
600 551 7 8 0.08971646 
455 557 11 12 0.08969127 
848 519 7 9 0.08787944 
576 502 8 9 0.087771885 
801 519 7 9 0.08726539 
679 551 7 10 0.08722502 
663 496 7 9 0.08671643 
234 181 13 19 0.08660175 
433 432 8 9 0.083756976 
534 532 8 11 0.083614334 
527 541 8 11 0.08301723 
682 478 8 10 0.08269999 
409 526 7 9 0.082531705 
801 535 8 10 0.08212327 
657 471 8 9 0.08186883 
366 519 8 10 0.081559576 
640 496 8 9 0.08071853 
440 502 6 9 0.08057327 
407 521 8 10 0.0803015 
664 518 8 9 0.079558484 
554 528 7 9 0.07955446 
777 620 12 15 0.07928451 
632 496 7 10 0.07789435 
511 537 7 9 0.07785282 
790 557 8 10 0.07773241 
465 462 7 9 0.07694339 
406 472 7 9 0.076928765 
519 470 8 9 0.07671494 
535 511 8 10 0.07634212 
472 496 7 9 0.07569131 
519 511 7 9 0.0756123 
593 495 7 10 0.07552674 
362 519 7 10 0.075224355 
448 552 8 9 0.075010344 
664 514 7 8 0.07471092 
544 528 7 9 0.07427546 
496 512 7 10 0.073980674 
456 512 6 8 0.073915 
461 555 10 13 0.07389463 
599 494 8 10 0.0729613 
537 529 8 9 0.07257316 
686 479 8 9 0.07247592 
537 470 6 9 0.0716387 
617 464 7 10 0.07158313 
674 551 8 10 0.071298674 
456 553 9 10 0.07121031 
584 520 7 9 0.07084683 
448 479 7 9 0.07050114 
496 517 8 9 0.07015104 
417 488 6 9 0.06906567 
466 456 7 9 0.06904421 
446 600 12 14 0.06889002 
382 652 10 15 0.06875031 
617 512 6 9 0.0686436 
514 519 7 9 0.06857867 
648 480 7 9 0.06845188 
424 448 8 9 0.068182945 
472 502 7 9 0.06803661 
400 472 7 9 0.0678266 
408 536 7 8 0.067590415 
575 519 8 10 0.06745515 
568 480 7 9 0.0674412 
456 503 7 9 0.06742555 
441 479 6 9 0.06728527 
496 602 11 14 0.06641315 
657 486 7 9 0.06629806 
270 656 10 11 0.065819286 
514 470 6 9 0.06556606 
465 503 7 9 0.06532958 
560 509 8 10 0.06508677 
641 528 7 9 0.064874575 
558 565 9 11 0.06479553 
606 526 8 9 0.06464008 
409 495 6 8 0.063900925 
679 510 7 9 0.063679904 
512 525 7 10 0.06364909 
449 495 7 9 0.06360858 
625 534 7 9 0.06350326 
456 496 7 9 0.063259594 
549 619 13 17 0.0627632 
608 575 8 9 0.06267335 
519 566 9 12 0.0625439 
886 496 8 10 0.06171966 
776 512 7 8 0.061671883 
657 479 8 9 0.061580617 
569 543 7 10 0.06132897 
785 464 8 9 0.061320387 
536 518 8 9 0.06091836 
648 533 7 9 0.06091374 
648 486 7 10 0.060912285 
784 527 7 10 0.060883112 
840 638 15 23 0.060766526 
624 528 7 8 0.060764156 
465 519 7 10 0.06066068 
822 551 8 10 0.060306236 
497 471 7 9 0.05971495 
647 495 7 9 0.059664585 
479 481 8 9 0.05961977 
730 527 7 9 0.059452876 
656 512 8 10 0.05936386 
662 473 8 9 0.059350524 
552 511 8 10 0.059245776 
624 519 6 9 0.059040032 
584 479 7 9 0.058873784 
496 488 8 9 0.058803532 
590 573 7 10 0.058358964 
705 535 7 8 0.05829276 
553 504 7 9 0.05828475 
575 464 8 9 0.05758225 
432 465 8 10 0.05747545 
769 512 6 8 0.057431724 
623 463 7 9 0.057297606 
784 512 7 9 0.057289544 
602 519 8 9 0.057090748 
896 550 8 10 0.05674508 
503 501 7 10 0.056680184 
527 488 7 9 0.05666349 
694 520 8 10 0.056593433 
766 534 8 10 0.0565606 
480 463 8 10 0.056379225 
512 487 8 9 0.056312546 
617 470 7 9 0.05619732 
633 502 8 10 0.056125347 
544 560 8 10 0.0559209 
679 503 8 10 0.055791583 
471 456 7 8 0.05572912 
674 502 7 10 0.055674396 
617 518 7 9 0.055663012 
792 536 7 10 0.055550277 
897 511 7 9 0.0552364 
442 448 7 9 0.05505104 
424 478 7 9 0.054710116 
513 541 8 10 0.054683626 
577 497 7 9 0.054633867 
767 528 8 9 0.054295965 
585 573 9 11 0.05412259 
817 558 7 9 0.05409045 
720 511 7 9 0.054037023 
456 480 7 9 0.05383417 
556 626 11 17 0.05374826 
609 480 8 9 0.053587817 
496 441 7 8 0.053480297 
603 528 7 9 0.053443354 
744 504 7 8 0.053047862 
600 472 7 8 0.05283421 
414 526 7 9 0.052534144 
623 512 7 9 0.052334365 
551 518 8 9 0.052331846 
472 462 7 9 0.052098658 
438 520 7 9 0.05187501 
489 544 8 9 0.05150454 
669 574 9 11 0.05125325 
608 519 8 9 0.05121402 
368 545 9 10 0.051113117 
472 557 8 11 0.05110114 
744 510 7 9 0.050843496 
697 454 8 10 0.050608926 
399 497 7 8 0.050430737 
489 486 7 9 0.050352268 
705 496 7 8 0.050201543 
520 542 7 11 0.050047178 
498 494 8 10 0.050026055 
624 495 7 9 0.049947854 
585 527 7 9 0.049919926 
399 627 10 12 0.049800023 
58 2 464 526 0.049563102 
553 432 8 9 0.049556922 
503 561 9 12 0.04954662 
456 519 7 9 0.04941691 
482 513 8 10 0.049360942 
887 500 8 11 0.049329195 
401 542 6 8 0.04918689 
432 489 8 9 0.048724353 
424 495 7 9 0.04857252 
482 470 7 10 0.048465822 
545 519 7 9 0.04842617 
465 496 7 8 0.04835491 
882 497 7 9 0.048275232 
762 535 7 9 0.0481039 
505 448 7 8 0.048023935 
802 512 7 8 0.04792227 
374 620 9 11 0.047822826 
679 558 8 9 0.047662202 
450 519 7 9 0.04764418 
784 535 8 10 0.047638033 
657 518 7 9 0.047629062 
664 463 7 9 0.04757791 
368 631 9 12 0.04742807 
584 568 8 10 0.047367442 
553 565 10 11 0.047343608 
456 470 7 9 0.047280226 
609 463 7 9 0.047186304 
391 629 9 11 0.047165576 
496 447 7 8 0.047041804 
793 541 7 9 0.046951883 
576 445 8 10 0.0468993 
417 449 7 9 0.046873942 
399 503 7 8 0.046759423 
600 545 7 9 0.04672035 
904 520 8 9 0.046714377 
616 549 8 9 0.046523895 
817 612 26 32 0.046449117 
609 493 9 10 0.046446625 
633 527 7 9 0.04640635 
528 501 8 10 0.046377532 
543 447 8 9 0.04614989 
728 558 8 10 0.046139695 
479 486 7 8 0.046106976 
472 530 7 9 0.046075568 
568 550 8 9 0.04593478 
600 488 7 10 0.04570723 
504 489 7 9 0.045682147 
416 551 7 9 0.045459498 
673 472 7 9 0.045384552 
584 495 7 9 0.045243308 
705 503 7 9 0.04524238 
392 512 7 9 0.044803012 
705 479 7 8 0.04479854 
625 581 7 10 0.044770185 
807 519 7 9 0.044695225 
506 527 7 9 0.044603754 
513 551 8 10 0.044603594 
450 489 6 7 0.0445149 
585 487 7 8 0.044262916 
488 446 7 9 0.044128533 
560 544 8 10 0.04395178 
608 512 9 9 0.04394723 
737 495 6 9 0.043903194 
472 487 7 8 0.043847866 
440 497 7 9 0.043845527 
735 552 7 10 0.04383825 
447 448 7 9 0.043814633 
543 487 8 10 0.04379505 
688 486 8 9 0.043520715 
357 534 8 10 0.043479033 
488 472 7 8 0.04347116 
687 501 8 10 0.043357868 
416 495 7 8 0.043355018 
494 543 8 10 0.04316469 
552 479 8 9 0.04286765 
405 627 10 12 0.04281271 
472 511 7 9 0.042736027 
591 519 7 9 0.04256348 
561 549 7 9 0.042561293 
449 471 7 8 0.042513132 
711 479 7 8 0.042301174 
687 471 7 9 0.042253714 
626 480 7 9 0.04223944 
721 518 6 9 0.042119596 
497 431 7 8 0.042005464 
712 496 7 9 0.04181283 
701 622 16 20 0.041777525 
674 511 6 9 0.04176714 
576 480 7 9 0.04175044 
817 526 7 9 0.041613422 
649 512 8 9 0.041605305 
776 519 7 9 0.041568402 
575 535 7 9 0.041539416 
681 472 7 9 0.041513983 
574 544 7 8 0.04130568 
753 510 7 9 0.041291058 
800 478 8 9 0.04128014 
609 543 7 9 0.041195925 
568 471 7 9 0.041054074 
487 441 7 9 0.04105343 
529 518 8 9 0.041000076 
480 446 8 9 0.040902864 
785 502 6 9 0.04076382 
409 489 7 8 0.040685564 
521 487 7 9 0.040613417 
480 530 8 10 0.04055239 
800 526 8 9 0.040413458 
705 487 7 9 0.040394135 
818 553 8 10 0.040390566 
426 519 6 9 0.040360488 
664 487 7 9 0.040326506 
897 518 7 10 0.0402923 
568 485 7 9 0.040072884 
784 519 7 9 0.04004355 
297 648 9 11 0.039994467 
480 456 7 8 0.0398899 
449 512 7 8 0.039815873 
506 535 8 9 0.039772164 
688 496 8 9 0.039728634 
576 525 8 10 0.039718136 
440 464 7 9 0.03971075 
807 511 8 9 0.039695915 
873 535 8 10 0.03969105 
792 470 7 10 0.039690323 
551 549 8 10 0.039681412 
593 488 7 9 0.03961862 
465 486 7 9 0.03961694 
449 502 7 9 0.039414473 
534 604 15 19 0.03935961 
432 495 8 9 0.039203398 
433 504 7 8 0.039089277 
783 487 8 10 0.039040178 
494 480 8 8 0.038927883 
624 576 7 9 0.038901545 
455 488 7 8 0.038898736 
537 465 7 9 0.038863562 
593 479 7 9 0.03876698 
456 439 7 9 0.038748026 
832 527 8 11 0.038649272 
518 519 7 9 0.03863434 
519 455 7 9 0.038546845 
735 527 7 9 0.038546387 
393 480 8 9 0.03853562 
510 494 8 9 0.038480498 
802 504 7 9 0.03846116 
790 463 8 10 0.038402118 
777 527 7 9 0.03831603 
855 519 8 10 0.038315248 
760 510 7 9 0.038199153 
401 537 7 9 0.038143087 
680 544 7 10 0.038098283 
448 465 8 9 0.038093425 
545 471 8 9 0.038090874 
642 487 7 9 0.03800168 
785 470 7 9 0.037911393 
570 519 7 10 0.03788708 
800 541 8 9 0.037861504 
688 464 7 9 0.037679184 
536 566 8 10 0.037662834 
712 511 7 9 0.03758898 
841 536 8 10 0.03754921 
389 637 10 12 0.037545286 
355 606 11 13 0.037415523 
384 632 8 11 0.03732348 
481 496 7 10 0.037295166 
535 574 9 11 0.03721729 
471 552 7 10 0.03709117 
560 518 7 9 0.037057992 
567 502 8 9 0.03698917 
576 441 7 9 0.036952093 
824 528 8 10 0.036804307 
857 542 7 10 0.03668542 
889 543 8 9 0.0366586 
402 520 8 9 0.03661211 
672 487 7 9 0.036603104 
873 559 8 10 0.036598306 
600 478 7 9 0.036566403 
616 502 8 9 0.03644047 
448 535 7 9 0.036400292 
545 512 8 10 0.036360737 
688 521 9 10 0.036344986 
481 502 7 10 0.03628104 
504 470 7 9 0.036184367 
265 655 10 12 0.036175657 
424 503 7 9 0.0361449 
543 564 9 10 0.03612762 
848 514 7 9 0.036125697 
601 463 7 9 0.03610512 
465 511 7 9 0.0360858 
592 502 7 9 0.03606038 
535 598 12 16 0.035994638 
792 502 7 9 0.035986762 
592 534 7 10 0.03597755 
737 512 7 9 0.035893 
393 496 7 8 0.03587418 
824 469 8 10 0.03585306 
593 511 7 10 0.03585209 
570 464 8 9 0.0358114 
568 496 8 10 0.035774507 
631 583 8 11 0.035746157 
457 465 8 9 0.035726536 
431 478 8 9 0.035634603 
583 503 7 9 0.03562825 
108 603 11 12 0.035511702 
416 521 7 9 0.03539208 
550 471 8 10 0.03526846 
449 571 9 11 0.035053864 
489 548 8 11 0.03501087 
881 501 8 10 0.035004314 
696 525 8 10 0.03498625 
505 510 7 10 0.034827698 
520 480 8 9 0.03480675 
495 549 8 10 0.034733877 
777 535 7 9 0.034644824 
614 589 8 10 0.03451358 
673 457 6 8 0.03449185 
501 571 10 12 0.03442955 
600 584 8 11 0.034403693 
681 520 7 9 0.03439 
767 503 7 9 0.03435388 
561 448 7 8 0.034289453 
664 501 8 9 0.03427197 
762 528 7 10 0.03424843 
545 432 6 8 0.034236465 
905 525 7 10 0.03421958 
559 532 8 10 0.034166127 
438 511 7 9 0.034084816 
807 527 8 9 0.034084395 
458 527 7 9 0.0340451 
465 533 8 10 0.0337961 
769 518 8 9 0.0337461 
512 439 7 9 0.033715434 
768 560 7 9 0.03364287 
877 566 9 11 0.033642594 
857 551 7 9 0.033591904 
735 519 8 10 0.03343862 
727 512 8 9 0.033250865 
151 517 10 12 0.03309811 
486 503 9 10 0.03309673 
800 472 7 9 0.033075847 
528 465 7 9 0.03306963 
609 535 7 9 0.03293551 
743 671 11 14 0.032882668 
711 534 6 9 0.032840803 
727 565 8 10 0.032827172 
231 667 8 11 0.032811463 
785 478 8 10 0.03280718 
394 544 6 8 0.03279162 
824 544 7 9 0.032786712 
496 583 10 12 0.032757252 
625 503 7 9 0.03274901 
681 463 6 8 0.032748904 
650 471 7 8 0.032732967 
905 494 10 11 0.03267835 
560 470 8 10 0.03265382 
769 494 7 10 0.032639273 
642 480 7 8 0.032488123 
776 494 8 9 0.03247775 
696 487 7 9 0.032385487 
441 603 10 14 0.032251343 
310 646 8 10 0.032209244 
614 480 8 9 0.032177683 
745 527 7 9 0.03214545 
808 556 9 11 0.032085486 
831 532 8 11 0.03206737 
501 582 11 13 0.03204021 
538 487 7 9 0.032039415 
754 504 7 8 0.0318995 
730 553 8 10 0.03186961 
759 519 7 8 0.031865757 
591 568 8 10 0.031786676 
630 479 8 9 0.031731676 
671 496 8 10 0.031664398 
514 481 7 8 0.031628404 
545 503 7 9 0.031592615 
383 503 7 9 0.031528197 
461 584 10 12 0.031411048 
703 574 8 10 0.03141075 
511 558 8 11 0.031356335 
551 544 8 10 0.03132581 
720 543 7 10 0.031286 
750 527 8 9 0.03123495 
568 526 7 9 0.031218432 
527 481 7 8 0.03117799 
629 670 11 14 0.03117267 
696 495 7 9 0.031125536 
720 527 7 9 0.031080097 
632 510 7 9 0.031054981 
480 433 7 8 0.031040803 
657 502 6 8 0.031040236 
423 543 7 9 0.030960908 
689 536 7 9 0.030959735 
720 504 7 9 0.030908285 
393 503 7 9 0.030879056 
416 453 8 10 0.03087897 
624 446 8 9 0.030866263 
416 504 7 9 0.030842712 
426 512 7 9 0.03079689 
560 478 8 10 0.030773683 
752 544 7 10 0.030759992 
641 510 7 9 0.030715793 
880 535 7 10 0.030702978 
666 456 7 8 0.030624276 
544 464 8 9 0.030613974 
736 541 8 10 0.030574616 
392 487 8 9 0.030547477 
544 441 7 8 0.03054463 
591 528 8 9 0.030486125 
671 478 8 9 0.030427532 
825 511 8 9 0.03040287 
695 576 9 10 0.030389223 
743 495 7 8 0.030349627 
622 637 12 14 0.030315526 
608 581 7 10 0.030276656 
558 487 8 9 0.030225711 
575 550 8 10 0.030194731 
377 503 7 10 0.030127587 
784 495 8 9 0.03012151 
601 502 8 10 0.030108606 
935 510 9 12 0.030057965 
665 552 7 9 0.029981608 
425 471 8 11 0.02991581 
863 543 7 9 0.029755963 
831 511 7 9 0.029753005 
594 544 7 9 0.029746741 
399 487 7 9 0.029746616 
505 455 7 9 0.029623076 
777 503 7 9 0.029602794 
631 486 8 9 0.029497873 
847 536 9 11 0.029458053 
360 512 8 9 0.029445197 
439 472 7 8 0.029413266 
441 551 7 9 0.02940591 
679 457 7 9 0.02940145 
391 518 7 9 0.029396592 
745 519 6 9 0.029391013 
394 472 8 9 0.029364081 
521 504 7 10 0.029321099 
409 503 6 8 0.029290847 
792 512 7 8 0.02927268 
640 651 10 12 0.029201936 
896 505 8 9 0.029155014 
657 528 7 10 0.029118232 
519 526 7 9 0.029106762 
568 447 7 9 0.028996421 
472 449 7 8 0.028979061 
666 447 6 9 0.028941933 
728 519 8 9 0.02891476 
680 497 8 9 0.02890538 
535 494 8 10 0.028885096 
407 478 7 8 0.028873008 
601 559 8 10 0.028831914 
753 520 7 9 0.028796686 
672 520 7 9 0.028736116 
560 496 8 10 0.028729398 
401 526 8 9 0.028702265 
435 524 238 255 0.02867032 
822 556 8 11 0.028650243 
674 629 46 54 0.02859697 
783 542 8 9 0.028583841 
649 518 7 9 0.028524376 
516 596 13 16 0.028500536 
694 580 9 11 0.028481206 
674 544 7 9 0.028426206 
399 448 7 9 0.028426154 
423 452 8 10 0.028416067 
737 537 8 9 0.028397791 
608 471 7 9 0.028353654 
768 564 8 11 0.028334172 
777 488 8 9 0.028332196 
450 440 7 9 0.028315576 
521 464 8 9 0.028298782 
269 660 12 14 0.028232537 
392 566 8 10 0.028229553 
617 527 7 9 0.028151285 
544 495 8 9 0.028132088 
608 560 8 10 0.028122514 
512 505 8 10 0.02811273 
560 463 8 9 0.028092982 
600 511 9 11 0.028034015 
452 602 12 15 0.027973732 
761 497 7 9 0.02793282 
617 447 8 10 0.02792677 
664 527 7 9 0.027901389 
796 619 13 17 0.027809389 
841 541 8 10 0.027797742 
775 448 8 10 0.027796108 
534 621 16 20 0.027777685 
585 533 8 10 0.027776161 
776 472 7 9 0.027655885 
896 543 8 11 0.02764414 
504 431 6 8 0.02764016 
608 551 7 9 0.027535003 
888 526 8 10 0.027507558 
734 557 8 10 0.02744439 
574 510 8 9 0.02739032 
488 464 7 9 0.027240915 
570 440 7 9 0.027212493 
500 641 12 15 0.027211314 
671 447 7 8 0.027209202 
768 552 7 8 0.027205193 
432 436 8 10 0.027175749 
880 542 8 10 0.027166763 
464 439 7 8 0.027080035 
361 488 8 9 0.02698276 
841 565 8 10 0.026973123 
672 462 7 9 0.026905436 
631 520 7 9 0.026856853 
496 456 7 8 0.02684052 
455 447 8 9 0.026743382 
584 463 8 9 0.026663376 
687 542 7 9 0.02664636 
825 504 8 9 0.026608245 
887 534 8 10 0.026579447 
793 519 7 10 0.026559882 
553 438 7 9 0.026545877 
746 552 7 9 0.02647061 
512 433 7 8 0.026444688 
529 446 7 9 0.026417952 
520 448 7 9 0.026300544 
730 495 6 9 0.026297899 
761 542 7 9 0.02627823 
537 480 7 8 0.026266348 
433 526 6 9 0.02613535 
767 542 7 9 0.02610971 
633 471 7 9 0.026105547 
856 535 8 10 0.026066702 
625 486 7 10 0.02599163 
752 470 8 8 0.025985656 
640 520 8 8 0.025955522 
576 567 9 11 0.0258653 
720 535 7 9 0.025821848 
777 543 8 10 0.025796833 
551 560 9 11 0.025643446 
470 519 8 9 0.025628217 
72 558 10 12 0.025623897 
536 504 7 9 0.02561777 
529 529 8 10 0.025611587 
607 503 8 10 0.025575954 
651 464 7 9 0.025574593 
601 535 7 9 0.025506752 
904 512 7 9 0.02543327 
920 511 8 10 0.025312623 
865 472 8 10 0.025264308 
815 495 7 9 0.02521886 
768 488 7 9 0.025184087 
367 524 8 10 0.025157543 
706 510 8 10 0.025157457 
791 495 8 10 0.025126765 
262 666 13 14 0.025123391 
508 632 13 16 0.025079986 
488 535 8 10 0.025010519 
656 534 7 10 0.024995523 
761 487 7 9 0.024993366 
583 549 8 10 0.024976296 
807 502 8 10 0.024947548 
768 573 9 11 0.024923306 
656 446 7 8 0.024921365 
512 565 9 12 0.024908628 
711 487 8 10 0.024906786 
720 495 7 8 0.024896411 
601 565 8 11 0.024858061 
800 446 8 10 0.024857922 
568 511 7 9 0.024821186 
830 504 8 9 0.024756832 
713 504 6 9 0.024714395 
584 432 7 9 0.024636384 
486 603 11 14 0.024607988 
406 541 8 9 0.024570962 
786 558 8 10 0.024563832 
808 478 8 10 0.024496188 
433 551 7 9 0.024376852 
440 526 7 9 0.024339823 
553 494 7 9 0.024337284 
910 494 9 11 0.024307767 
750 550 8 9 0.024247222 
399 478 8 9 0.02423857 
449 557 10 11 0.024224328 
655 543 7 9 0.024204943 
231 176 12 16 0.024195986 
529 469 7 9 0.024161251 
616 454 7 9 0.024119532 
543 534 8 9 0.02410426 
697 536 7 8 0.024095643 
402 668 19 20 0.024086766 
488 430 7 9 0.024073647 
736 488 7 8 0.024042418 
824 494 8 9 0.024033917 
350 652 10 13 0.023922684 
560 455 8 10 0.023905264 
721 472 7 9 0.023719003 
441 535 7 9 0.023604931 
481 552 7 9 0.023527669 
656 598 10 12 0.02352181 
377 551 6 9 0.023501465 
439 438 7 9 0.023490172 
697 502 7 10 0.023469474 
791 478 8 10 0.023461264 
423 7 97 161 0.023410928 
486 567 9 10 0.023381183 
477 589 10 11 0.023294313 
930 512 8 10 0.023284733 
409 552 7 9 0.023263158 
519 559 9 11 0.023188272 
497 503 8 9 0.023085622 
721 478 7 9 0.023085047 
369 637 9 12 0.023041982 
730 489 6 8 0.023041481 
55 541 9 11 0.023035573 
713 471 7 9 0.023008032 
464 544 8 10 0.02299466 
479 558 8 10 0.022954388 
881 598 10 14 0.02290462 
302 672 9 10 0.022808712 
600 423 7 9 0.02279815 
505 542 7 10 0.022756357 
424 488 6 8 0.02273296 
776 551 7 9 0.022727594 
275 667 12 14 0.022719797 
713 456 7 9 0.022715693 
600 456 7 8 0.022705374 
463 471 8 9 0.022642992 
425 464 7 10 0.022626601 
577 487 7 8 0.022620326 
497 560 9 12 0.022523064 
767 464 8 9 0.022510597 
706 544 6 8 0.022508057 
729 478 7 9 0.022472238 
864 517 7 10 0.022455672 
616 536 8 9 0.022451136 
518 550 8 10 0.022441892 
583 447 7 8 0.02241995 
792 526 8 9 0.022383424 
374 643 11 14 0.022379216 
585 545 7 9 0.02235948 
544 479 7 9 0.022352632 
552 448 7 8 0.022321118 
623 644 12 14 0.02222882 
977 536 8 10 0.022172768 
816 542 7 9 0.022147132 
615 560 7 9 0.022133818 
473 472 7 9 0.022129443 
473 583 8 11 0.022123467 
703 615 13 16 0.022108568 
704 567 8 10 0.022086594 
641 455 6 8 0.022004325 
720 550 8 10 0.021998953 
608 565 8 10 0.021997385 
616 424 8 10 0.021987768 
681 440 7 9 0.021970874 
858 503 8 9 0.021961259 
824 518 7 9 0.021954019 
808 494 9 11 0.021896526 
591 463 7 8 0.021861274 
752 481 7 8 0.02185191 
369 624 10 11 0.021851731 
376 651 12 15 0.02184305 
520 536 8 10 0.021836434 
439 544 8 10 0.02180617 
552 573 10 12 0.021798449 
441 453 8 10 0.021784773 
512 465 8 10 0.021711797 
584 440 7 9 0.021705205 
585 510 8 10 0.021698615 
769 448 8 9 0.02162089 
512 446 7 9 0.02159872 
696 560 7 9 0.021567091 
495 628 13 18 0.021565849 
593 472 7 8 0.021492515 
585 471 7 8 0.021354035 
618 574 7 10 0.021327114 
393 447 7 9 0.021282408 
392 559 7 9 0.021174997 
377 536 8 8 0.021171667 
817 519 7 9 0.021171141 
624 441 8 9 0.021125179 
270 647 9 10 0.0211211 
688 580 9 12 0.02111757 
632 463 7 9 0.02100494 
680 486 8 9 0.021004723 
616 584 7 9 0.020941343 
39 37 32 41 0.020935439 
624 455 7 8 0.020913249 
712 544 7 9 0.02088001 
440 584 9 12 0.020849159 
367 478 8 10 0.020834276 
640 472 6 8 0.02081164 
592 456 8 10 0.020789133 
793 447 8 10 0.020787438 
548 670 17 19 0.020771159 
473 566 8 10 0.020762369 
523 495 8 9 0.020748306 
638 632 17 24 0.020730298 
352 632 8 11 0.020694207 
418 480 7 9 0.020693082 
752 487 7 8 0.020690067 
784 455 8 9 0.020680254 
535 432 7 8 0.020675797 
847 559 9 11 0.020673314 
825 533 8 10 0.020669673 
374 638 9 12 0.020667518 
503 520 7 9 0.020637095 
776 478 7 9 0.020570898 
418 545 7 9 0.020487236 
738 502 7 9 0.020432048 
375 631 9 12 0.020410765 
553 533 8 10 0.02040367 
631 544 7 9 0.020383554 
392 552 7 9 0.020360919 
526 565 10 12 0.020352265 
928 534 9 12 0.02028756 
704 550 7 9 0.020269716 
447 453 8 10 0.020265514 
777 454 7 9 0.02023873 
624 470 7 9 0.020201845 
95 518 9 11 0.02017321 
910 517 8 10 0.020161195 
544 423 8 10 0.020100672 
528 550 8 9 0.020058893 
879 478 8 10 0.020021351 
561 669 17 18 0.020006802 
