34_Baseball_Baseball_34_580
26
434 117 156 185 0.9669662 
829 1051 120 159 0.7999649 
776 576 113 146 0.16265765 
497 564 351 428 0.10856006 
511 656 230 250 0.099765785 
713 489 185 249 0.07032466 
730 1013 201 263 0.062484857 
750 1078 106 159 0.051412348 
160 687 180 246 0.042894915 
245 446 127 148 0.0422326 
403 280 101 147 0.041182514 
866 592 33 51 0.039892856 
508 313 381 448 0.037155498 
207 441 195 251 0.03540591 
126 672 112 150 0.034896493 
420 148 93 127 0.029026838 
428 197 139 187 0.027580325 
798 1001 57 76 0.02754779 
159 771 121 145 0.025228715 
507 700 100 127 0.023285916 
771 963 94 131 0.022329476 
386 844 243 326 0.02185999 
737 404 27 34 0.021240775 
765 497 112 161 0.020875687 
141 712 67 96 0.020465935 
175 517 133 180 0.020195823 
