34_Baseball_Baseball_34_164
21
747 306 18 20 0.9651156 
293 358 17 22 0.94172645 
820 278 15 19 0.77421236 
154 376 31 35 0.5697925 
303 410 29 42 0.19003887 
733 338 17 21 0.09363166 
174 17 13 14 0.087303795 
250 400 16 21 0.05910534 
748 353 26 28 0.04259673 
144 387 40 49 0.040415544 
737 340 22 27 0.038036734 
743 301 16 21 0.036485884 
166 357 13 14 0.03294001 
317 422 15 22 0.032852024 
254 407 25 30 0.029378267 
244 0 34 25 0.027652733 
307 395 24 36 0.023238638 
141 382 28 32 0.022385731 
258 417 27 32 0.0223761 
747 317 18 21 0.021976361 
145 397 19 22 0.020498743 
