34_Baseball_Baseball_34_350
335
605 274 15 18 0.84967566 
659 276 11 15 0.4917347 
972 99 13 15 0.48689106 
683 20 12 15 0.4491432 
738 90 15 19 0.44749162 
218 94 13 16 0.40331998 
783 97 10 12 0.3525922 
801 146 11 13 0.34280658 
623 266 11 14 0.33950663 
840 118 10 12 0.30107126 
190 136 9 13 0.2884422 
118 7 10 12 0.26169008 
203 118 12 15 0.22977202 
485 125 10 13 0.22539839 
552 112 8 10 0.22185077 
668 3 13 15 0.21189266 
526 88 10 12 0.20457211 
585 262 13 15 0.19701943 
405 33 13 16 0.18484272 
694 284 12 16 0.18401754 
619 365 13 15 0.17540056 
593 333 12 14 0.17282268 
638 310 12 16 0.16253822 
894 116 9 11 0.15920645 
654 271 13 17 0.13531552 
4 119 10 15 0.13256712 
607 289 13 15 0.13199452 
609 156 9 11 0.12839492 
637 332 12 15 0.1269732 
672 263 10 13 0.120267004 
233 117 10 13 0.11990768 
646 274 12 16 0.11801314 
360 31 8 11 0.1105808 
677 117 9 11 0.10873508 
962 119 9 11 0.10577431 
742 135 11 13 0.09808 
908 94 10 13 0.09803119 
613 255 9 11 0.09731506 
600 133 9 10 0.09555536 
423 491 28 31 0.09543789 
860 154 10 13 0.0869902 
870 100 9 11 0.085984886 
628 93 11 14 0.08389885 
14 63 10 11 0.08312209 
631 329 12 16 0.082392275 
556 117 8 11 0.08238272 
132 66 13 17 0.081988834 
856 150 11 14 0.0815283 
748 92 13 17 0.08137256 
543 133 9 11 0.07994607 
565 102 9 12 0.07918427 
479 92 11 13 0.0787033 
905 98 12 15 0.07717901 
506 27 11 13 0.07551672 
551 6 9 11 0.073604405 
816 176 11 15 0.07341004 
608 281 14 15 0.07008826 
882 149 9 12 0.06853464 
652 316 24 27 0.06839908 
8 61 9 12 0.0678158 
814 107 10 12 0.06474043 
433 492 17 18 0.06383785 
935 104 8 11 0.0626366 
884 140 10 13 0.061553236 
553 159 8 10 0.0614208 
88 21 9 11 0.06140497 
611 270 14 17 0.061129656 
665 108 9 12 0.060229626 
148 31 11 13 0.06022859 
17 7 9 12 0.059473038 
1 53 9 12 0.059383657 
676 266 11 14 0.05928842 
665 101 9 12 0.056310337 
558 109 9 12 0.055234745 
913 141 9 11 0.055216808 
543 128 9 11 0.05470637 
5 54 8 11 0.05463617 
647 263 9 12 0.05385543 
679 102 9 12 0.052909013 
753 23 8 10 0.051617704 
678 109 9 12 0.05145253 
87 113 13 16 0.051178258 
594 132 8 10 0.049680967 
130 64 11 13 0.049299188 
593 175 10 13 0.04928808 
922 124 9 12 0.049219567 
897 151 10 12 0.048825637 
89 15 9 12 0.048572585 
615 260 11 13 0.047814615 
598 34 10 13 0.047060806 
94 11 10 13 0.046990313 
500 134 8 10 0.04691673 
1 46 9 12 0.046833366 
606 7 8 10 0.046727337 
670 109 10 12 0.046603214 
914 148 9 12 0.045729224 
677 151 9 12 0.044529967 
55 27 10 13 0.04451443 
642 329 14 17 0.043848787 
888 133 9 12 0.043790333 
885 87 9 11 0.043238003 
566 107 9 11 0.04314445 
36 95 11 14 0.042816 
929 109 8 11 0.041829832 
57 54 9 11 0.041654557 
17 103 9 12 0.041211613 
627 263 11 14 0.04102151 
787 99 10 13 0.040452786 
149 91 12 14 0.04025124 
565 28 10 13 0.040166475 
170 126 8 10 0.04005293 
677 11 20 25 0.039892983 
910 7 10 13 0.039495017 
640 264 9 13 0.03944203 
582 71 9 11 0.03942471 
1014 135 8 13 0.03938556 
862 94 9 12 0.039030317 
613 151 8 12 0.03862899 
97 0 9 10 0.038617905 
727 8 10 13 0.038445547 
144 35 11 13 0.03817892 
591 30 13 16 0.03763517 
654 301 10 15 0.037251145 
172 6 11 13 0.03710543 
686 285 14 16 0.036851276 
318 54 26 32 0.036735363 
608 129 9 10 0.036694825 
452 8 10 12 0.036655933 
669 96 11 13 0.03663165 
618 263 18 21 0.036576264 
546 5 10 11 0.036478702 
229 60 13 16 0.036273375 
63 69 12 16 0.036265902 
365 29 10 13 0.03603842 
586 271 15 18 0.035963405 
685 96 9 11 0.035714213 
634 323 15 19 0.03569613 
200 100 10 14 0.03488886 
535 29 10 13 0.034886617 
5 129 13 17 0.034858897 
472 132 11 13 0.034821525 
441 109 9 12 0.03465326 
840 99 10 12 0.03450099 
444 118 10 13 0.034137372 
745 38 10 12 0.034128737 
19 109 12 15 0.034029186 
157 70 10 14 0.033946227 
301 57 13 17 0.03393751 
123 5 11 13 0.033891987 
230 111 12 15 0.033862423 
72 94 11 14 0.03332584 
806 127 9 13 0.033274256 
401 36 12 14 0.03320254 
200 109 11 15 0.033158623 
595 346 12 15 0.032862414 
643 338 15 17 0.032742698 
531 85 11 13 0.032356057 
834 116 9 12 0.032302227 
121 142 10 12 0.03182042 
566 63 10 12 0.03155924 
428 110 9 12 0.0314251 
542 139 9 11 0.03082856 
661 183 8 11 0.030827548 
857 94 9 12 0.030579379 
957 3 11 12 0.030553311 
630 31 8 12 0.030458614 
441 103 8 11 0.030314045 
134 29 9 12 0.030080521 
30 61 9 12 0.029822128 
646 315 11 15 0.029818129 
879 94 9 11 0.029619046 
680 94 10 12 0.02953475 
648 303 22 29 0.029520076 
937 156 9 11 0.029502254 
832 113 8 11 0.029492494 
677 276 12 16 0.029441498 
890 111 9 13 0.02926437 
329 6 9 11 0.029238638 
743 45 10 13 0.029055426 
99 85 13 14 0.028927734 
622 273 12 15 0.02886749 
686 101 9 12 0.02876665 
645 319 20 24 0.028747732 
740 128 11 13 0.02874771 
590 331 20 25 0.02873311 
661 64 9 12 0.02865375 
791 179 9 13 0.02850393 
400 27 23 28 0.02831954 
615 362 21 26 0.028306494 
710 151 8 11 0.028243056 
613 59 10 13 0.028086318 
219 105 14 17 0.027860511 
220 47 29 32 0.027816093 
616 14 9 11 0.027677014 
441 38 9 11 0.027638951 
688 69 10 12 0.027607432 
440 137 10 13 0.027502602 
910 134 11 13 0.027502008 
925 119 9 11 0.02741607 
345 6 10 11 0.027369691 
458 126 9 12 0.027355412 
640 273 12 17 0.02726358 
189 127 11 14 0.027069429 
614 128 9 10 0.027025083 
237 110 11 15 0.027018212 
198 114 20 25 0.026822925 
920 85 10 12 0.026746856 
473 92 11 13 0.026740452 
668 317 13 16 0.026596775 
22 62 9 12 0.026453756 
967 90 21 27 0.026324939 
582 76 10 12 0.026316972 
6 41 7 10 0.02627543 
150 75 13 15 0.026184462 
55 38 9 11 0.025922772 
469 126 12 14 0.025902096 
734 8 10 13 0.0258921 
14 85 9 12 0.0257677 
666 262 19 25 0.025702512 
805 133 10 13 0.02559997 
0 78 9 13 0.025458777 
533 93 9 11 0.025435869 
22 70 9 11 0.025410853 
929 102 10 12 0.025386095 
174 120 8 11 0.025366759 
662 142 8 9 0.025136264 
800 4 10 13 0.025113942 
566 96 10 12 0.02510681 
606 295 14 17 0.025001578 
113 11 10 12 0.024937563 
156 92 10 14 0.024838079 
644 308 11 16 0.024718992 
610 96 7 10 0.02461548 
751 28 9 12 0.02461118 
700 279 10 14 0.02457981 
750 37 10 13 0.024444437 
222 116 11 14 0.024380675 
576 314 13 18 0.02436347 
423 6 8 10 0.024285994 
369 36 10 12 0.024224719 
223 103 22 29 0.024155438 
904 105 11 15 0.023992823 
369 5 9 10 0.023915285 
738 134 10 12 0.023738619 
574 7 8 11 0.023597095 
615 133 8 10 0.023595806 
616 142 8 11 0.023584578 
678 283 14 18 0.023545133 
205 93 11 15 0.023482332 
864 101 9 11 0.023453843 
547 110 8 11 0.023436036 
188 94 12 15 0.023360228 
686 279 11 15 0.023343997 
890 128 9 11 0.023239372 
608 13 9 11 0.023224995 
427 117 10 12 0.023212986 
493 127 10 13 0.023110127 
558 4 11 13 0.023101581 
1 39 9 12 0.023041476 
678 87 10 12 0.022892263 
734 105 10 14 0.022716027 
556 158 8 10 0.022694854 
599 269 13 18 0.022642473 
560 22 12 14 0.022621697 
398 8 9 11 0.022592856 
689 20 13 15 0.022547536 
213 116 12 15 0.022458514 
213 124 11 14 0.02243043 
896 32 10 12 0.022356208 
543 86 9 11 0.022349885 
443 141 10 12 0.02234784 
734 36 10 13 0.022338592 
134 63 21 27 0.022239182 
519 102 9 12 0.022206742 
451 14 9 11 0.022141483 
573 31 8 12 0.02208523 
616 7 9 11 0.022041256 
6 79 9 13 0.02189688 
473 140 11 16 0.02178919 
23 54 9 12 0.021771593 
528 124 8 11 0.021627547 
217 90 22 27 0.021615388 
0 70 8 13 0.02158118 
801 154 11 13 0.021507464 
896 155 9 12 0.021475565 
624 31 10 12 0.021418974 
537 126 9 11 0.021416625 
828 149 13 17 0.021392034 
53 87 12 14 0.02138711 
174 12 11 13 0.02132949 
608 262 12 14 0.021290023 
612 300 13 16 0.021225864 
750 115 11 13 0.021220773 
729 107 9 13 0.02118316 
100 7 11 14 0.021182908 
893 7 9 12 0.021178842 
641 305 19 26 0.021165268 
991 124 9 12 0.021142622 
570 255 9 11 0.021106865 
172 132 10 14 0.021101475 
886 155 9 12 0.021058284 
686 7 10 13 0.021056727 
630 336 13 16 0.020999815 
919 110 10 12 0.020999135 
672 87 11 12 0.020996451 
846 110 10 13 0.020940952 
622 110 9 13 0.020901717 
493 150 9 13 0.020792611 
549 133 8 11 0.020792201 
522 77 10 13 0.020768093 
143 85 14 16 0.020750394 
465 118 9 12 0.020740706 
544 102 9 12 0.020723863 
599 116 9 12 0.020677501 
607 32 10 13 0.020651577 
662 243 10 15 0.02064506 
775 124 9 11 0.020607492 
551 126 9 11 0.02059617 
624 158 8 10 0.020589815 
908 91 23 28 0.020587418 
655 280 11 15 0.02049133 
524 79 14 15 0.020359408 
1006 157 9 11 0.02035411 
3 114 18 25 0.020345507 
580 322 13 17 0.02033374 
405 172 13 17 0.020321015 
109 23 11 14 0.020233596 
20 75 11 13 0.020124268 
993 184 8 11 0.020093232 
519 109 9 11 0.020084642 
408 9 8 10 0.020057669 
551 104 9 12 0.020053545 
697 288 14 19 0.020042926 
140 74 13 16 0.02004125 
711 22 11 14 0.020022197 
