34_Baseball_Baseball_34_622
59
677 285 51 75 0.99632996 
893 209 55 83 0.9956475 
118 282 60 66 0.96490264 
422 245 54 66 0.8511952 
45 586 14 17 0.26041782 
918 693 28 37 0.18860422 
741 284 48 74 0.16021074 
1012 608 11 18 0.13361226 
703 290 52 72 0.10150314 
450 252 36 46 0.09145612 
461 589 10 13 0.06174334 
402 264 76 111 0.058936644 
496 562 12 17 0.058753774 
495 571 12 16 0.054983307 
510 590 11 15 0.05328236 
21 600 26 32 0.047274716 
41 586 23 27 0.046857286 
102 273 96 127 0.043580215 
780 507 35 35 0.0423775 
970 210 42 68 0.041794557 
309 590 12 15 0.03975756 
251 598 27 26 0.03893549 
878 229 33 52 0.037186634 
654 601 28 27 0.035594095 
577 590 28 34 0.034076072 
664 603 28 30 0.033694103 
32 597 25 32 0.030685192 
584 587 17 19 0.030009734 
8 603 28 33 0.029438378 
92 613 13 16 0.028826486 
204 581 14 15 0.02742 
930 211 54 77 0.027380887 
866 580 61 51 0.026993962 
478 596 12 14 0.026176821 
-32 102 377 489 0.025996177 
511 614 10 13 0.025740337 
513 618 14 16 0.02526265 
24 587 47 45 0.02506025 
499 558 11 16 0.024624344 
160 585 56 47 0.024492638 
432 599 10 12 0.0239619 
641 592 30 29 0.023606062 
675 604 15 17 0.023467783 
654 287 52 74 0.02294889 
806 482 27 32 0.022783212 
174 610 28 29 0.02259097 
223 611 14 16 0.022159861 
161 273 37 56 0.022146728 
37 607 14 21 0.021925522 
54 276 191 226 0.021896603 
253 597 16 17 0.021292172 
422 600 11 12 0.021213653 
216 593 27 28 0.020858003 
174 572 28 27 0.02045027 
49 582 15 19 0.02041137 
819 496 15 18 0.020196984 
349 585 32 31 0.020082518 
136 573 102 87 0.020039165 
687 598 12 14 0.02000816 
