34_Baseball_Baseball_34_391
54
59 260 24 28 0.9924637 
755 72 45 77 0.5791551 
631 90 51 63 0.36686346 
554 142 29 35 0.31728992 
512 210 52 66 0.29557085 
804 77 60 85 0.24878606 
570 85 48 57 0.21368457 
940 416 79 140 0.18928476 
772 77 50 80 0.16809256 
369 372 27 34 0.1572548 
87 352 30 42 0.14650123 
84 318 14 15 0.13452083 
645 69 46 60 0.12958035 
430 340 32 35 0.107273914 
533 213 79 98 0.08155811 
70 330 11 14 0.07870288 
735 78 46 72 0.06294147 
586 59 37 46 0.05665118 
85 344 10 13 0.054543994 
122 130 15 20 0.04815279 
408 362 37 37 0.043633424 
600 54 33 36 0.04345858 
420 350 32 36 0.04303831 
64 329 11 15 0.042983964 
383 382 31 35 0.042977944 
638 117 50 62 0.041540574 
834 304 130 114 0.04026796 
375 362 54 48 0.039297525 
611 69 52 67 0.034824166 
82 346 25 34 0.034387324 
402 379 32 28 0.033875667 
339 618 25 28 0.03359096 
487 356 204 234 0.03158348 
508 224 35 45 0.02780474 
824 65 51 76 0.02637479 
666 82 52 67 0.026146874 
59 255 18 21 0.02594651 
629 46 88 108 0.02567811 
711 101 47 63 0.02505325 
552 110 46 59 0.024679974 
73 318 21 24 0.024630556 
562 210 66 64 0.02420992 
680 57 83 116 0.02411993 
441 346 17 20 0.023977732 
361 376 46 44 0.023132551 
742 99 52 75 0.022290636 
758 125 222 233 0.021547772 
448 155 384 417 0.021507084 
712 144 26 32 0.021442998 
461 341 8 10 0.021075493 
601 314 39 42 0.020925952 
393 393 33 29 0.020868748 
522 194 66 63 0.020061465 
512 254 34 56 0.020015953 
