39_Ice_Skating_iceskiing_39_901
155
664 416 27 34 0.9984276 
299 145 40 52 0.8313079 
916 300 29 33 0.7312665 
629 410 28 34 0.45935178 
876 316 24 31 0.39446437 
277 162 63 91 0.36148632 
660 333 12 16 0.33044004 
868 298 26 31 0.28662542 
493 502 66 54 0.28119433 
704 315 9 12 0.25564352 
707 330 13 16 0.2232259 
452 196 16 20 0.22227983 
693 325 10 14 0.22119282 
801 267 17 19 0.21407497 
565 250 16 19 0.20799358 
720 359 12 13 0.16143131 
806 272 27 30 0.1546738 
660 327 11 14 0.14434865 
610 353 23 28 0.1411488 
550 365 16 23 0.10274045 
646 410 27 35 0.10022746 
666 361 17 20 0.0989221 
964 313 15 21 0.09596317 
703 326 11 14 0.08095771 
780 240 22 30 0.07664626 
409 135 10 12 0.073603 
946 249 19 24 0.07100334 
709 365 14 17 0.070414476 
964 316 23 32 0.07004526 
780 352 23 33 0.06872418 
699 355 12 15 0.067891344 
822 270 23 29 0.06755885 
638 403 25 33 0.06593422 
461 286 13 16 0.06568691 
681 341 10 13 0.064022645 
861 287 25 31 0.06192688 
622 406 25 30 0.061165787 
1012 338 11 16 0.058501653 
636 384 16 20 0.05734232 
863 289 14 18 0.05726349 
697 351 10 14 0.056785747 
689 332 10 13 0.056454238 
617 396 17 20 0.05633197 
455 285 12 15 0.054783557 
656 335 12 18 0.053379573 
803 283 28 33 0.049885336 
695 320 9 11 0.04862411 
810 267 17 20 0.048389994 
654 365 14 17 0.047111858 
413 258 12 16 0.047108777 
634 393 16 19 0.046038907 
980 404 17 22 0.045792066 
668 332 12 15 0.045594137 
297 127 35 51 0.04494777 
616 331 11 13 0.040954772 
971 390 14 18 0.0407776 
624 420 28 37 0.040512517 
677 334 10 13 0.040138133 
687 341 9 13 0.040111493 
912 282 27 35 0.038999084 
872 327 15 20 0.03865353 
719 350 12 14 0.03844527 
624 393 24 29 0.0375544 
573 188 12 15 0.037338912 
887 319 16 23 0.036971055 
742 107 197 263 0.036540523 
656 321 9 11 0.03638925 
746 371 23 28 0.03602053 
736 324 10 12 0.03568651 
793 401 42 54 0.035453282 
499 200 23 31 0.035445195 
758 408 17 21 0.035220955 
643 380 14 18 0.034774695 
712 355 23 26 0.034485176 
465 300 12 15 0.03426595 
646 370 14 18 0.033960506 
705 340 11 13 0.033780828 
927 299 20 22 0.033723813 
893 243 25 30 0.032947924 
987 247 30 39 0.03259302 
715 331 11 14 0.032468297 
388 122 13 18 0.03218688 
730 0 114 107 0.0319207 
594 354 24 30 0.031713888 
403 301 16 19 0.031077068 
1012 359 11 18 0.03096823 
662 322 8 10 0.030805234 
747 401 29 36 0.030131508 
280 293 448 503 0.02997057 
703 331 20 25 0.029664429 
997 348 14 17 0.029549405 
834 272 24 32 0.029447801 
563 266 13 17 0.029440742 
580 333 10 14 0.029015856 
445 153 16 19 0.028802134 
645 347 12 16 0.028778274 
662 358 14 17 0.028504975 
938 314 14 18 0.028503377 
868 324 25 32 0.02848272 
859 305 39 46 0.028429525 
727 334 10 12 0.028277446 
535 504 47 50 0.028157804 
994 347 21 29 0.02687418 
691 387 22 28 0.026806066 
294 38 10 13 0.026287932 
619 351 26 30 0.0262761 
787 338 29 42 0.026249444 
381 278 25 29 0.025917705 
406 275 11 16 0.025864638 
958 181 51 66 0.02577072 
977 241 26 36 0.025466533 
744 318 10 14 0.025346078 
512 315 12 15 0.025323449 
644 337 14 18 0.025233861 
636 374 16 19 0.02518006 
958 367 13 17 0.025112752 
409 268 11 15 0.024774125 
937 205 18 22 0.024521228 
459 145 22 28 0.024107981 
1013 345 12 19 0.023758508 
681 351 22 27 0.023256706 
926 237 32 38 0.023011629 
960 248 23 31 0.022827215 
351 131 12 14 0.02276222 
977 323 16 22 0.022703342 
702 361 15 18 0.022594698 
669 351 13 14 0.022540139 
798 182 35 34 0.022528334 
774 333 11 14 0.022407396 
678 326 9 12 0.022253903 
940 243 18 21 0.02184348 
723 347 14 17 0.02182448 
466 292 13 15 0.021684328 
797 276 47 53 0.021652596 
559 253 21 27 0.021578852 
287 30 9 11 0.021298755 
718 327 10 11 0.021297336 
621 333 12 13 0.021231176 
582 359 24 31 0.021101063 
670 327 10 13 0.020923328 
407 250 22 30 0.020896295 
606 341 12 16 0.02081411 
817 269 18 21 0.020786444 
340 100 98 116 0.020782426 
655 362 26 30 0.020758897 
908 219 31 35 0.02061803 
590 189 10 14 0.02043305 
304 153 52 76 0.02038043 
672 365 17 21 0.020170944 
725 400 28 32 0.020133164 
923 278 29 35 0.020078547 
726 339 12 15 0.020048855 
792 288 25 32 0.020035775 
605 417 43 52 0.020027148 
781 289 21 32 0.020021522 
