39_Ice_Skating_iceskiing_39_819
32
289 267 72 97 0.9941602 
695 677 58 72 0.6297402 
269 373 215 327 0.29912624 
569 241 250 285 0.2688143 
402 458 123 155 0.23570389 
448 82 405 505 0.16032146 
583 225 390 452 0.14457117 
338 445 218 235 0.12413912 
313 418 127 207 0.11681541 
415 257 24 29 0.08253146 
506 286 26 47 0.06910913 
788 407 241 335 0.06635872 
417 487 63 78 0.048715804 
655 141 243 388 0.045866463 
670 680 97 106 0.0402008 
652 313 145 145 0.03757973 
790 836 109 115 0.03689092 
848 861 63 62 0.03587626 
188 1 437 467 0.034796756 
644 687 367 415 0.032686226 
893 888 28 37 0.03245988 
377 604 12 13 0.0317349 
555 -43 413 522 0.031621728 
674 708 14 21 0.030412136 
759 710 11 15 0.028380478 
328 350 116 173 0.024022723 
663 698 28 36 0.024020145 
909 887 40 45 0.02268842 
419 162 17 18 0.022649173 
715 677 36 45 0.022426957 
307 105 211 292 0.021862773 
696 323 73 70 0.020835975 
