39_Ice_Skating_Ice_Skating_39_388
19
244 337 96 123 0.9992132 
449 297 111 163 0.9989373 
883 339 66 89 0.99771476 
779 357 67 95 0.99734926 
35 296 65 90 0.9972669 
386 317 65 83 0.9970517 
198 292 62 84 0.9754988 
643 374 62 73 0.90601605 
208 298 86 115 0.3262339 
428 303 86 120 0.10160343 
595 335 94 135 0.06611921 
542 703 315 466 0.033471588 
102 412 54 61 0.031631634 
992 365 27 40 0.027885674 
1005 416 19 40 0.025028095 
452 338 388 410 0.023258831 
983 373 40 65 0.022457227 
480 580 365 396 0.02151736 
1009 418 13 22 0.021020329 
