39_Ice_Skating_Ice_Skating_39_176
19
695 369 63 113 0.9569452 
422 355 57 98 0.89260405 
317 193 16 18 0.4261361 
691 178 13 17 0.047099307 
352 678 11 13 0.039238416 
324 656 13 16 0.034239333 
686 174 13 19 0.029978339 
289 1039 153 167 0.029425563 
191 801 314 456 0.029423075 
234 380 424 460 0.025716204 
623 476 376 498 0.025532402 
309 749 12 15 0.023861386 
224 619 225 274 0.023386102 
689 315 104 156 0.023008648 
395 364 61 90 0.022174103 
741 367 39 45 0.021175463 
358 670 10 12 0.020562597 
341 670 11 13 0.020262381 
335 675 11 14 0.020222716 
