39_Ice_Skating_iceskiing_39_908
35
401 186 60 53 0.5094893 
402 208 44 42 0.3251129 
434 462 9 12 0.2540429 
972 10 13 17 0.14594863 
998 0 18 15 0.10977591 
145 551 9 11 0.08891865 
971 4 23 30 0.07378751 
421 478 11 14 0.07243761 
980 31 27 32 0.06426738 
432 456 10 14 0.061407194 
488 456 9 12 0.061266717 
423 484 12 15 0.06030842 
973 246 27 36 0.04966755 
986 1 29 26 0.047005758 
214 372 235 230 0.045735322 
437 465 9 12 0.03667383 
227 275 455 438 0.036475133 
761 3 18 19 0.036463916 
128 558 9 10 0.035727903 
440 480 10 13 0.0336434 
985 0 40 53 0.031365488 
371 101 36 32 0.030258898 
437 455 10 14 0.029984646 
422 473 10 13 0.02916251 
395 163 95 93 0.027633628 
480 445 10 13 0.027530348 
439 446 10 12 0.026830917 
378 105 15 16 0.023637287 
118 562 12 14 0.022226797 
979 44 18 24 0.022151617 
448 447 8 10 0.021861712 
341 67 56 57 0.021789862 
109 539 9 13 0.020868106 
457 453 8 11 0.020450301 
456 446 9 11 0.020080695 
