39_Ice_Skating_iceskiing_39_348
37
967 634 12 14 0.66237676 
907 630 11 14 0.44294664 
602 300 23 34 0.40666792 
1003 642 16 19 0.38634887 
693 645 42 51 0.13574523 
156 505 171 226 0.09032746 
80 437 13 18 0.08537864 
76 435 22 27 0.07330288 
981 630 11 14 0.04323971 
1000 659 12 15 0.04096338 
249 43 28 35 0.039434176 
58 439 14 18 0.03936513 
609 342 21 33 0.038812973 
588 298 27 34 0.038638946 
339 421 35 43 0.03786175 
54 941 8 12 0.036057744 
952 854 29 38 0.03567233 
981 623 11 13 0.031118128 
902 629 20 23 0.030453874 
341 413 12 15 0.028284991 
199 559 11 13 0.028196733 
1000 649 14 18 0.027735934 
134 427 11 14 0.027014978 
1009 638 13 16 0.025997732 
308 428 12 14 0.025726361 
549 611 15 17 0.025711061 
236 563 13 16 0.024894848 
961 631 11 13 0.024337694 
792 410 221 258 0.023644915 
622 611 44 54 0.02352776 
154 423 11 14 0.023259735 
144 129 52 61 0.023017144 
189 138 412 435 0.022059916 
260 74 18 20 0.021925572 
595 305 34 50 0.021504736 
887 835 36 44 0.02088248 
918 652 12 14 0.020812495 
