39_Ice_Skating_Ice_Skating_39_658
129
113 416 9 11 0.23929605 
51 416 13 16 0.14835204 
222 427 9 13 0.109785065 
887 406 10 12 0.098402016 
458 53 46 56 0.09424276 
987 412 14 17 0.087323 
542 398 8 10 0.086988114 
1 388 9 12 0.08101739 
959 363 13 16 0.080296926 
479 81 17 19 0.068915986 
144 405 9 11 0.067619875 
86 412 9 12 0.06097544 
475 3 14 14 0.060772035 
168 415 9 10 0.060521763 
2 407 11 14 0.05955038 
543 39 219 288 0.05799885 
115 419 11 13 0.05774954 
781 398 9 11 0.052904144 
205 408 10 12 0.051818047 
46 428 10 11 0.05154798 
113 427 11 15 0.051481284 
896 386 11 15 0.050512616 
943 399 9 12 0.049532957 
868 405 12 14 0.04944602 
472 71 30 33 0.04930042 
879 400 10 12 0.04893809 
1015 406 9 14 0.04884719 
39 429 9 11 0.048437707 
470 26 26 31 0.048105124 
52 404 12 14 0.047330927 
48 400 11 13 0.04647507 
640 414 10 14 0.046033263 
442 68 15 18 0.045938574 
185 414 8 11 0.045327526 
688 397 8 12 0.04342231 
185 406 8 11 0.043328486 
645 414 9 12 0.042582862 
387 46 13 15 0.042219844 
149 398 9 10 0.04218361 
150 392 8 11 0.04102957 
118 438 12 16 0.040829368 
893 403 10 13 0.04081778 
1 435 11 17 0.040475115 
537 398 8 10 0.040094387 
896 397 9 13 0.03979637 
0 396 8 13 0.0394146 
582 399 8 10 0.03643839 
543 405 10 12 0.036285337 
516 146 12 13 0.0361743 
609 374 10 13 0.036166497 
809 414 9 11 0.035666104 
458 42 13 16 0.035545114 
37 423 10 13 0.03531146 
994 412 13 17 0.035293456 
464 -29 371 458 0.035021614 
851 78 51 58 0.035018124 
230 422 10 12 0.034240477 
577 398 8 11 0.033926263 
0 461 22 36 0.03374352 
548 156 133 168 0.0330218 
15 390 10 13 0.032228425 
656 414 9 11 0.031686157 
592 393 8 11 0.03137579 
911 387 13 16 0.031298943 
542 392 9 10 0.031090079 
79 419 11 14 0.030468471 
104 428 10 13 0.030396624 
500 434 10 14 0.029756764 
81 413 10 12 0.029166004 
736 413 10 12 0.029042859 
146 399 8 11 0.028164927 
201 410 10 14 0.028160611 
552 398 9 12 0.027995035 
190 406 9 13 0.027722733 
900 383 12 16 0.0276564 
447 383 7 9 0.027391156 
86 418 10 13 0.02733736 
966 422 11 16 0.027238432 
966 369 11 15 0.02718899 
537 391 8 11 0.026627297 
205 418 13 16 0.026568143 
190 399 9 11 0.026538266 
215 423 11 14 0.02652829 
199 428 9 12 0.026445622 
543 413 11 12 0.02636487 
968 405 11 15 0.026280731 
741 323 12 15 0.026032567 
30 422 12 13 0.025776241 
60 419 11 15 0.025769893 
493 414 11 12 0.025172066 
694 395 9 13 0.025142757 
184 399 9 12 0.025101444 
866 410 13 16 0.024398439 
487 400 8 11 0.024321571 
536 405 8 11 0.023992378 
189 517 9 12 0.023966035 
972 409 13 16 0.02357531 
176 422 9 11 0.023521816 
937 397 9 12 0.023451436 
695 415 12 15 0.02330362 
911 373 11 13 0.02309106 
530 165 16 20 0.02305267 
111 409 9 11 0.02303045 
982 417 15 18 0.022919415 
559 437 8 11 0.022778008 
569 406 8 11 0.022726277 
105 -57 451 516 0.022371257 
981 406 13 16 0.022216534 
864 400 9 11 0.022078916 
664 397 9 11 0.022056432 
174 414 9 11 0.022001117 
503 412 9 11 0.02185014 
93 414 9 12 0.021601686 
223 414 9 11 0.021597076 
274 408 8 9 0.021585794 
137 412 8 11 0.020894652 
104 422 10 13 0.020837711 
415 0 9 10 0.020706132 
543 420 10 12 0.0205671 
20 422 13 15 0.020547466 
607 403 9 12 0.020475283 
415 45 11 14 0.020316064 
198 442 9 14 0.020315746 
569 399 9 11 0.020262709 
740 406 12 14 0.02020788 
142 410 10 13 0.020197103 
408 45 10 13 0.020182675 
97 446 9 11 0.020180589 
103 406 9 11 0.020151053 
