39_Ice_Skating_Ice_Skating_39_794
153
48 1038 30 43 0.99167633 
366 942 18 24 0.8770746 
565 938 16 21 0.8229971 
930 979 42 53 0.748308 
202 1152 35 42 0.7442399 
331 955 15 21 0.6238914 
52 1169 44 49 0.54381156 
700 947 23 26 0.45587295 
119 805 10 12 0.29481474 
747 507 15 18 0.27441707 
29 957 32 39 0.27191484 
619 966 23 27 0.26117164 
992 931 17 20 0.25021455 
341 1011 26 29 0.21011248 
100 812 10 13 0.20971294 
142 806 12 15 0.18774368 
679 512 14 18 0.15260975 
29 806 12 15 0.14911093 
120 814 10 13 0.14029025 
49 848 17 21 0.105977334 
182 815 10 13 0.09583051 
119 859 12 14 0.09167577 
79 815 9 12 0.08870123 
813 639 11 15 0.08748984 
39 811 10 14 0.08386452 
177 816 9 11 0.07764627 
168 806 9 11 0.07540736 
446 206 211 347 0.07532709 
73 807 9 11 0.073346265 
124 805 9 13 0.0702907 
167 812 9 12 0.06783793 
112 791 8 10 0.06210532 
994 1076 27 33 0.06143185 
741 508 16 23 0.06076053 
103 808 8 13 0.059601974 
318 945 15 20 0.058874235 
204 626 14 14 0.057628255 
126 797 9 12 0.05656728 
323 947 20 26 0.056142908 
86 843 16 19 0.055364344 
55 977 27 34 0.055019267 
85 819 10 12 0.054629065 
165 845 13 16 0.05393223 
141 799 13 16 0.05329626 
101 818 12 16 0.05312074 
60 1034 34 44 0.051309604 
57 1153 38 43 0.05100751 
190 813 10 13 0.050947484 
148 810 11 15 0.04937223 
111 850 12 17 0.049209114 
0 983 14 21 0.04633748 
135 820 11 13 0.04569856 
139 852 15 17 0.045531884 
102 826 12 14 0.044905458 
127 792 8 10 0.04484369 
45 813 10 13 0.04405316 
39 966 32 38 0.042919554 
376 946 15 19 0.042746175 
73 812 10 12 0.042364214 
35 807 11 14 0.04179156 
324 1047 71 98 0.039607245 
11 805 12 15 0.039039996 
110 821 10 14 0.038827866 
91 1180 32 41 0.03859121 
148 843 11 16 0.037462886 
876 652 14 20 0.03694278 
686 976 30 38 0.036738746 
695 957 29 33 0.036634486 
915 476 120 162 0.036609646 
137 812 11 14 0.036351334 
264 670 11 15 0.03625951 
628 525 357 503 0.036167882 
118 791 9 11 0.035266384 
67 981 32 36 0.03522338 
101 845 11 16 0.03514765 
-14 648 91 102 0.034974612 
97 807 9 12 0.034404315 
288 684 12 15 0.033941794 
925 994 30 37 0.03347333 
39 838 25 28 0.033308472 
172 845 13 17 0.03309187 
138 800 20 27 0.03259404 
135 797 10 14 0.03254561 
69 1156 44 51 0.031818815 
151 821 9 13 0.03160131 
79 1040 29 38 0.031420924 
237 810 15 18 0.030139131 
38 830 11 15 0.029908864 
183 797 8 12 0.029754587 
323 1047 31 37 0.029564569 
337 957 16 21 0.029300038 
123 857 15 18 0.029258497 
985 984 42 60 0.028948203 
190 807 10 13 0.028879559 
184 783 9 12 0.028720656 
830 552 12 15 0.028226573 
299 956 13 16 0.02779826 
112 804 10 13 0.027759727 
37 1181 45 45 0.02768531 
197 627 16 15 0.027262228 
159 843 13 16 0.027104916 
87 992 28 35 0.027009314 
170 640 39 38 0.02684227 
199 838 11 14 0.02604105 
752 511 17 21 0.025911992 
27 1040 27 38 0.025877465 
548 134 32 45 0.025867138 
58 844 13 18 0.025557932 
124 819 11 13 0.025547456 
210 1138 32 41 0.02552235 
2 1200 32 50 0.025443153 
65 1017 33 44 0.025372814 
168 800 9 12 0.025316415 
191 782 10 13 0.025213556 
708 967 15 18 0.025094967 
330 1022 53 67 0.025093853 
165 648 62 46 0.0249123 
22 802 19 24 0.02484092 
294 947 160 221 0.024474941 
212 628 11 13 0.024257937 
361 945 14 19 0.024246275 
92 839 13 16 0.024231559 
333 1016 26 33 0.02400783 
199 813 10 14 0.024004964 
904 583 10 13 0.02382775 
150 839 10 13 0.023437066 
220 840 16 20 0.023372205 
169 820 9 12 0.023319747 
808 643 14 18 0.023147523 
871 1052 92 139 0.023089737 
1 860 42 62 0.02291094 
610 1220 27 36 0.022896789 
14 651 28 34 0.022697097 
49 838 16 17 0.022097219 
143 818 10 14 0.022078803 
183 788 10 14 0.022031587 
913 951 80 94 0.021670759 
741 1017 17 17 0.021582128 
868 976 15 19 0.02147321 
9 845 29 35 0.021439482 
100 990 29 38 0.021385178 
125 851 24 28 0.021281695 
53 812 10 13 0.021031907 
160 814 8 12 0.020755224 
973 957 25 31 0.020726087 
310 706 24 33 0.02070859 
39 835 13 18 0.020674195 
579 938 13 17 0.02045974 
820 667 14 17 0.020458452 
369 951 24 29 0.020191703 
352 944 44 49 0.020143943 
142 840 20 26 0.02009257 
183 845 12 16 0.020039879 
