39_Ice_Skating_Ice_Skating_39_362
29
241 485 65 106 0.98905957 
727 566 77 112 0.96305317 
399 645 54 54 0.2565116 
664 149 24 31 0.14567548 
998 76 21 28 0.121310644 
966 11 17 22 0.06280262 
331 112 194 239 0.058157608 
666 99 35 45 0.044989824 
736 144 34 41 0.03834398 
607 150 27 36 0.036460586 
756 233 52 56 0.035716828 
591 77 26 32 0.035292868 
916 12 26 31 0.03401967 
181 506 49 79 0.03161382 
898 536 31 37 0.030419637 
964 16 26 31 0.02939305 
1005 9 16 21 0.028559696 
663 127 43 52 0.028481537 
611 155 39 51 0.026765592 
376 617 93 88 0.025920281 
911 586 27 36 0.024860958 
328 165 117 144 0.023133073 
642 908 216 289 0.022297056 
479 675 24 30 0.022254983 
756 229 32 37 0.02168302 
730 154 49 52 0.02101437 
476 0 403 471 0.020986393 
655 147 83 106 0.020217037 
902 77 24 29 0.020009805 
