39_Ice_Skating_Ice_Skating_39_793
44
511 524 283 367 0.9994923 
153 626 90 131 0.9989241 
387 289 225 288 0.3759452 
298 235 436 470 0.23744586 
837 982 40 42 0.19620618 
567 1072 67 51 0.16500409 
771 144 82 136 0.158105 
636 1056 74 63 0.11278324 
387 1137 123 141 0.079852685 
123 498 63 84 0.063751884 
-6 970 213 305 0.053039663 
697 85 35 41 0.0497334 
639 50 104 121 0.04929505 
622 123 107 129 0.048192296 
245 1318 156 176 0.0451569 
117 509 102 128 0.04240344 
351 1031 217 278 0.041067306 
40 1111 24 26 0.04086074 
96 800 115 121 0.039133694 
369 49 32 36 0.036938317 
783 105 33 37 0.033381663 
890 824 39 38 0.032874413 
781 150 54 70 0.031148205 
548 -31 232 278 0.029083943 
165 1257 216 265 0.027521169 
643 150 63 86 0.027426045 
414 968 387 359 0.027405847 
119 927 45 54 0.0260635 
790 99 110 152 0.02593923 
389 1054 125 161 0.025925668 
759 153 57 84 0.025318835 
680 67 55 66 0.024654148 
676 141 56 84 0.024643915 
428 393 279 412 0.024633985 
301 -16 213 218 0.024310548 
779 367 26 33 0.02410576 
581 1067 42 38 0.023212954 
431 48 31 36 0.023086978 
156 483 64 70 0.022070061 
645 1081 67 64 0.021070004 
399 1113 255 258 0.02101523 
688 1001 32 38 0.020830683 
704 1025 36 45 0.020165628 
711 155 32 48 0.020050485 
