39_Ice_Skating_iceskiing_39_81
19
30 118 58 76 0.962554 
495 141 31 35 0.9607051 
475 237 41 41 0.07318707 
32 105 42 56 0.07150376 
403 208 52 71 0.06290466 
427 253 66 61 0.05673289 
459 213 50 61 0.053303927 
105 177 48 60 0.05085789 
398 234 72 74 0.050362844 
450 245 59 47 0.039170217 
421 286 60 63 0.029613733 
443 211 35 46 0.029201243 
421 203 33 50 0.025220167 
241 496 76 70 0.023867156 
382 204 12 13 0.023852542 
498 155 21 25 0.02347787 
78 149 79 99 0.022474583 
334 486 79 70 0.020308604 
249 216 16 20 0.020091888 
