39_Ice_Skating_iceskiing_39_1000
20
978 360 14 21 0.10209094 
972 355 15 23 0.061931007 
980 389 12 16 0.061033726 
965 380 11 15 0.056152966 
254 237 63 59 0.047025613 
968 348 12 15 0.043480806 
967 329 10 13 0.04261833 
928 285 9 10 0.033496857 
976 309 10 11 0.029959844 
353 69 48 47 0.029024014 
945 350 9 12 0.028539795 
957 380 14 19 0.023797384 
972 382 20 27 0.02324271 
987 387 13 16 0.023156185 
966 284 10 12 0.023015607 
293 381 472 448 0.02244427 
902 347 14 14 0.021782745 
967 311 8 11 0.020939033 
928 279 10 12 0.020771066 
914 71 105 138 0.020269675 
