39_Ice_Skating_iceskiing_39_416
23
400 268 70 84 0.9810632 
844 121 13 17 0.3114294 
685 39 10 13 0.06036333 
904 93 9 12 0.05016013 
141 459 17 21 0.041437175 
871 115 9 12 0.041156728 
354 268 101 114 0.03970813 
839 127 12 16 0.03685415 
838 93 9 13 0.03642721 
841 118 11 15 0.030322773 
571 309 26 38 0.028531846 
277 292 117 137 0.026444491 
173 438 27 30 0.026431289 
553 190 463 497 0.02472312 
849 119 13 15 0.02401282 
682 43 10 13 0.023799164 
773 121 98 112 0.023430804 
889 117 9 13 0.023177333 
653 63 14 18 0.023109857 
845 111 11 14 0.022867018 
839 113 20 28 0.021907477 
120 358 10 12 0.021445958 
885 171 10 13 0.020999651 
