39_Ice_Skating_iceskiing_39_941
21
742 499 80 94 0.98104745 
294 740 210 256 0.26795164 
490 410 53 87 0.1643464 
289 788 145 134 0.10816334 
-63 74 493 612 0.0772892 
242 779 107 122 0.07420595 
476 335 49 51 0.054105707 
769 478 64 87 0.04923276 
686 546 35 38 0.044000186 
561 619 196 240 0.038750898 
806 475 39 54 0.03595058 
165 645 345 394 0.034882188 
558 164 15 18 0.034091126 
584 717 47 57 0.03344724 
709 543 27 43 0.028627591 
198 804 31 42 0.028461277 
486 353 35 46 0.025884638 
685 528 33 35 0.02342804 
193 707 210 227 0.022309814 
478 299 14 17 0.022210356 
233 825 39 46 0.021472745 
