39_Ice_Skating_Ice_Skating_39_486
54
457 313 159 190 0.99576604 
644 716 11 14 0.6155424 
717 683 10 13 0.29111367 
643 641 13 18 0.2314188 
738 685 11 13 0.19739377 
660 726 12 14 0.14432336 
782 717 11 14 0.13993387 
681 723 12 16 0.09302815 
760 683 13 16 0.060301453 
757 718 12 14 0.058860656 
621 715 12 15 0.04893892 
662 717 10 13 0.047712382 
699 674 12 15 0.047394473 
669 732 12 15 0.047212034 
639 721 13 16 0.046003968 
791 741 12 16 0.043544672 
337 568 433 539 0.042428076 
640 711 19 24 0.042261146 
558 715 11 15 0.041773558 
570 753 17 22 0.041717228 
672 741 11 15 0.041373275 
754 644 13 17 0.04079344 
852 717 11 14 0.038193353 
658 750 14 18 0.03761747 
683 727 14 18 0.03516525 
657 730 12 15 0.033484366 
507 718 13 17 0.033339545 
828 718 12 15 0.031059265 
697 669 10 14 0.031053515 
791 638 9 11 0.030200256 
716 690 12 16 0.029417038 
711 693 11 15 0.028755687 
648 684 9 13 0.028269323 
614 645 11 14 0.028102241 
660 738 12 14 0.027256822 
707 715 12 17 0.025841005 
723 646 14 19 0.025732726 
707 650 13 17 0.025565755 
763 734 13 16 0.025552863 
750 698 12 15 0.025355551 
600 656 9 12 0.02534708 
711 671 20 26 0.025285704 
449 167 34 38 0.02482768 
743 651 11 14 0.023779193 
719 676 22 26 0.023526518 
696 684 9 12 0.023095714 
759 737 15 20 0.023065131 
734 679 20 25 0.022960233 
748 677 23 30 0.022493469 
775 712 21 26 0.020887457 
595 681 12 14 0.02078836 
553 850 50 55 0.02076907 
574 695 13 15 0.020549122 
621 568 52 58 0.020543883 
