39_Ice_Skating_Ice_Skating_39_103
28
415 187 31 42 0.9994874 
716 242 29 37 0.98639697 
443 169 21 26 0.9576023 
228 212 16 20 0.9318389 
178 181 20 27 0.91008484 
532 182 13 19 0.89638084 
335 170 15 17 0.73523647 
425 181 27 35 0.15791027 
570 572 15 20 0.080242455 
248 226 10 13 0.06864747 
815 234 11 15 0.055598084 
694 246 30 33 0.04753743 
147 225 12 16 0.046511084 
290 537 28 31 0.040951926 
693 287 52 66 0.03542914 
339 165 21 26 0.0348437 
348 170 13 18 0.033409692 
331 234 13 16 0.032760553 
795 174 11 15 0.032387454 
572 567 26 31 0.029132592 
223 206 13 16 0.029118506 
476 210 16 22 0.026774922 
632 219 11 13 0.026611723 
820 243 11 15 0.02657489 
819 231 11 14 0.02567451 
173 201 14 17 0.024497032 
357 173 13 18 0.023255806 
577 577 49 57 0.021983609 
