39_Ice_Skating_Ice_Skating_39_389
151
672 364 8 10 0.70990235 
605 361 8 10 0.65302277 
570 361 8 9 0.49767926 
408 375 9 11 0.47511044 
570 365 10 13 0.41702917 
544 360 8 10 0.41174892 
377 390 10 13 0.3623999 
543 364 11 13 0.31907955 
461 369 9 10 0.3158852 
48 367 11 15 0.27340278 
324 395 12 15 0.22305961 
768 373 11 13 0.21855848 
638 365 8 10 0.21471001 
509 360 8 10 0.19115673 
361 398 10 12 0.16972758 
506 359 7 10 0.16199282 
728 379 9 12 0.15636797 
232 397 11 13 0.15601957 
368 383 8 10 0.14870715 
447 389 9 12 0.14654747 
671 391 10 11 0.1389582 
639 361 8 10 0.13393891 
569 371 9 12 0.1237923 
326 382 9 11 0.12286634 
585 375 10 13 0.11767139 
237 392 9 12 0.11113021 
272 388 10 13 0.11111921 
829 375 10 13 0.10342604 
634 366 8 10 0.10203849 
671 396 8 11 0.091999836 
459 372 9 12 0.090528525 
544 370 11 14 0.08405659 
677 380 9 11 0.083858214 
823 372 12 15 0.08379021 
415 390 11 14 0.079083025 
561 383 9 12 0.078904666 
741 367 8 9 0.07871601 
496 389 12 15 0.07409667 
463 387 9 12 0.07101965 
421 390 10 13 0.06616442 
505 366 8 11 0.06415939 
624 375 7 11 0.06281775 
672 374 10 12 0.061322458 
565 390 10 13 0.06072277 
401 395 10 13 0.059397362 
326 377 8 11 0.056707647 
165 354 262 207 0.053842645 
406 394 12 16 0.053309027 
495 382 10 12 0.053066485 
504 373 7 10 0.05306023 
376 401 10 14 0.051508922 
647 366 8 10 0.04920181 
276 402 13 17 0.049025718 
452 230 30 29 0.04731065 
236 403 12 17 0.04724652 
664 375 10 12 0.046150878 
800 368 9 10 0.04591685 
768 369 9 12 0.044784967 
408 402 12 15 0.042780794 
648 375 7 10 0.042534795 
321 402 11 15 0.042414423 
276 390 10 13 0.042023808 
157 355 17 17 0.04184695 
360 391 9 13 0.041430295 
617 375 9 12 0.041041326 
739 395 10 12 0.04102808 
375 385 9 11 0.040426616 
454 400 10 11 0.039508585 
589 378 11 14 0.038748547 
576 381 9 12 0.0383949 
632 375 8 11 0.0381144 
791 381 10 13 0.03779976 
675 366 9 10 0.03758072 
383 119 150 167 0.036959972 
536 374 9 11 0.03607996 
447 394 11 14 0.035988852 
334 383 9 12 0.034733277 
64 247 391 378 0.034295406 
735 374 9 11 0.034042113 
313 398 9 12 0.033772305 
322 381 8 12 0.033739116 
737 392 9 12 0.033236496 
501 381 10 13 0.032654632 
733 380 9 11 0.032522537 
312 404 9 13 0.032123636 
223 406 11 15 0.031957295 
448 384 9 12 0.0319516 
665 405 10 12 0.031288423 
367 388 10 14 0.031213026 
498 393 13 16 0.031087743 
640 374 8 10 0.030332698 
635 361 7 10 0.0301302 
273 397 12 15 0.03002298 
666 396 9 12 0.02983866 
647 380 9 12 0.029780656 
320 412 10 12 0.029643403 
278 418 11 15 0.029465359 
744 374 8 11 0.029309286 
677 389 9 12 0.02914901 
235 -71 403 500 0.029093869 
472 359 9 12 0.028519167 
409 370 8 10 0.028368799 
414 381 10 12 0.028153844 
373 386 17 22 0.028111672 
477 328 10 12 0.027929662 
238 382 9 11 0.02775878 
364 400 12 16 0.027589947 
544 354 8 10 0.027496703 
655 380 10 13 0.027260805 
817 374 9 11 0.027015775 
670 404 10 12 0.026899152 
657 376 8 11 0.026825864 
665 391 9 11 0.026751453 
632 390 9 13 0.026460849 
477 358 9 12 0.026307005 
462 398 9 12 0.026161838 
462 405 9 12 0.026101649 
759 388 10 12 0.025955172 
538 366 9 12 0.02577055 
792 375 9 12 0.025456348 
230 409 14 17 0.025299134 
321 391 10 12 0.025244376 
772 378 10 13 0.02503163 
608 373 9 12 0.024567638 
786 382 10 13 0.024565259 
624 368 8 9 0.02434709 
456 403 10 12 0.024317041 
410 389 18 24 0.024272088 
428 390 9 11 0.024063597 
799 374 8 11 0.024047013 
599 382 9 12 0.02361604 
671 413 9 13 0.023514684 
497 357 9 11 0.022963013 
497 375 8 10 0.022929985 
565 381 11 13 0.022732636 
637 395 10 14 0.022640688 
472 364 8 11 0.0225554 
461 437 13 16 0.022469176 
351 387 11 13 0.02243368 
360 382 10 13 0.022208812 
603 51 27 35 0.022149872 
677 396 9 12 0.021756466 
548 359 8 11 0.021747146 
505 354 8 10 0.021633664 
398 389 21 26 0.021458197 
319 391 18 25 0.02139273 
640 381 9 12 0.021058157 
790 387 11 14 0.02080538 
823 361 8 9 0.020755481 
744 380 9 11 0.02028573 
41 369 13 17 0.020006167 
