39_Ice_Skating_Ice_Skating_39_156
23
571 47 61 91 0.9972765 
454 90 50 89 0.9865943 
311 41 50 63 0.98337436 
714 17 42 53 0.9579851 
412 767 15 19 0.12788838 
289 61 31 47 0.11998994 
162 758 39 41 0.0734679 
83 760 17 20 0.05847083 
169 508 59 56 0.04173872 
871 64 10 14 0.035038892 
505 100 29 38 0.030206805 
479 76 67 106 0.029068723 
508 79 45 67 0.025511334 
-93 82 454 516 0.024889978 
338 486 457 486 0.024802515 
109 770 37 33 0.024430668 
451 695 118 122 0.023402791 
76 755 16 21 0.022094676 
385 100 44 57 0.022051712 
507 105 14 20 0.021872625 
300 50 39 51 0.020987486 
893 61 11 16 0.020886976 
75 768 16 18 0.020434612 
