39_Ice_Skating_iceskiing_39_529
22
711 256 51 57 0.9759287 
319 109 130 129 0.90000033 
38 11 41 52 0.081917405 
56 0 28 24 0.05225313 
289 67 194 230 0.042945944 
537 -2 29 31 0.038324233 
177 102 32 43 0.037695393 
48 4 32 34 0.031161131 
499 0 26 27 0.03079869 
0 21 10 16 0.02955727 
170 78 52 75 0.027275652 
646 308 12 16 0.026694987 
176 272 31 31 0.026237525 
61 5 44 44 0.023445107 
78 6 47 56 0.023277156 
20 0 13 12 0.023164097 
51 0 20 20 0.022915445 
644 360 15 18 0.022727128 
838 358 28 35 0.022332849 
230 358 139 153 0.021811122 
573 0 16 12 0.021747243 
70 0 21 19 0.020376228 
