39_Ice_Skating_Ice_Skating_39_992
194
957 580 52 66 0.9996519 
665 472 60 73 0.9995401 
421 18 54 71 0.99940443 
115 37 55 71 0.9992932 
296 845 60 72 0.99925286 
728 734 60 71 0.99919575 
746 1 54 61 0.9991543 
158 806 52 67 0.99894553 
306 255 59 76 0.9988984 
834 123 54 73 0.99887997 
778 603 57 70 0.9988386 
11 634 57 70 0.9983759 
934 246 49 63 0.9982894 
612 265 48 59 0.9982145 
168 276 52 60 0.99720854 
536 722 72 92 0.9969524 
824 478 49 63 0.9967193 
802 251 49 59 0.9945445 
385 381 45 57 0.9933564 
727 367 50 59 0.99331206 
382 139 48 58 0.9910947 
23 380 49 52 0.9890864 
905 26 46 57 0.9872677 
464 264 45 55 0.9847258 
572 367 47 53 0.9755501 
901 713 47 61 0.9615638 
331 474 55 64 0.94981116 
291 424 33 53 0.934138 
213 621 47 55 0.91279936 
285 50 47 56 0.91099524 
275 679 80 78 0.8724563 
996 458 28 62 0.79604965 
217 173 49 59 0.70197195 
998 124 26 65 0.5396916 
339 370 36 40 0.47062397 
734 682 48 56 0.45504922 
481 152 52 62 0.4394187 
857 446 31 38 0.41441604 
424 350 47 55 0.38836235 
213 502 109 115 0.27892876 
516 0 45 56 0.2754895 
720 341 39 43 0.26307777 
893 213 45 54 0.23254503 
81 154 51 60 0.22537054 
882 408 32 34 0.2211738 
207 758 46 57 0.20999004 
494 539 91 140 0.19378549 
14 137 42 57 0.19077376 
75 698 49 58 0.18404385 
231 825 45 57 0.17484157 
258 202 28 44 0.15023297 
118 353 62 80 0.14200309 
340 413 32 41 0.14045347 
878 607 42 51 0.13161834 
49 175 32 37 0.13078187 
891 -1 35 39 0.11746414 
324 426 47 54 0.11349148 
784 795 49 63 0.111921735 
230 217 30 37 0.10370997 
450 475 170 238 0.10251326 
433 235 28 45 0.10103423 
848 76 43 50 0.100558504 
915 218 36 43 0.0973909 
429 565 86 127 0.092891686 
200 602 78 95 0.09064152 
100 132 35 44 0.08578113 
1 551 25 64 0.07579282 
676 446 38 49 0.071264744 
67 1106 101 121 0.070065364 
211 547 97 138 0.06907382 
316 372 25 33 0.06719368 
230 373 50 58 0.06686173 
660 1 50 65 0.06660967 
195 448 39 42 0.06402668 
678 846 113 111 0.06346685 
280 434 50 73 0.060477298 
4 354 30 45 0.059768 
265 413 53 72 0.059052322 
0 59 19 46 0.058926206 
327 373 32 38 0.056793157 
65 1054 212 237 0.056779083 
245 210 33 42 0.055739608 
54 167 51 54 0.055695806 
584 77 49 54 0.05462071 
925 698 35 45 0.053726178 
703 545 40 56 0.052736122 
475 603 64 77 0.05231247 
535 18 42 58 0.05222749 
772 836 115 124 0.0514789 
841 91 49 65 0.04963309 
35 365 36 45 0.04887061 
116 483 45 55 0.04832414 
851 675 39 44 0.048069373 
302 420 34 46 0.045335118 
70 132 28 37 0.04529904 
823 464 38 48 0.04397789 
351 402 29 37 0.04300023 
640 20 57 81 0.040906698 
2 532 49 83 0.04076095 
810 427 18 22 0.040760558 
355 906 42 54 0.03988018 
930 -1 33 27 0.03981361 
177 4 45 58 0.03925271 
502 147 39 49 0.03913832 
0 470 34 49 0.038395997 
252 513 191 242 0.03784391 
617 648 364 444 0.03732831 
771 130 45 65 0.036942367 
105 473 40 49 0.036750227 
276 484 89 103 0.036571562 
846 744 50 60 0.035761666 
94 274 37 52 0.03543978 
28 152 45 54 0.034892906 
114 708 34 43 0.03434646 
663 836 44 52 0.033787224 
233 571 110 159 0.03375003 
588 49 62 72 0.033600733 
212 797 45 60 0.033011846 
437 247 35 45 0.032570086 
430 437 48 61 0.03218954 
363 381 46 52 0.03215559 
748 741 72 90 0.032029416 
243 404 51 68 0.031783756 
876 822 32 39 0.031591594 
282 415 33 40 0.031381324 
179 798 51 67 0.030797377 
287 93 52 61 0.030427262 
5 153 34 48 0.030422628 
375 558 111 147 0.029881798 
438 869 162 210 0.029833911 
310 467 91 105 0.029729983 
642 315 28 36 0.02940233 
1 41 15 25 0.02939916 
100 144 43 58 0.02931868 
335 125 44 57 0.02919941 
131 221 28 39 0.029094346 
777 555 35 38 0.02908179 
695 19 30 47 0.02881849 
11 0 21 19 0.028770698 
255 496 70 73 0.02875576 
552 88 64 77 0.028485082 
856 72 30 34 0.02824964 
265 814 33 46 0.027922787 
928 4 49 52 0.027784985 
370 345 15 19 0.027583186 
200 468 358 448 0.027321877 
619 641 47 54 0.027144423 
654 0 33 33 0.027123066 
792 745 57 61 0.027114185 
-5 1050 408 437 0.027016558 
864 434 28 34 0.025964284 
346 414 45 54 0.025963247 
106 505 39 46 0.025889888 
380 338 43 56 0.02565516 
16 478 100 148 0.025298616 
380 370 37 46 0.02518494 
341 457 40 44 0.025180008 
56 680 77 102 0.02507562 
730 347 41 53 0.02493736 
9 344 25 35 0.024393886 
510 144 52 71 0.024238797 
819 -2 28 25 0.024200184 
368 349 37 43 0.023959268 
251 181 46 61 0.02375072 
224 824 32 39 0.023630496 
242 440 32 41 0.023574613 
273 408 32 39 0.023256348 
331 383 38 45 0.02320322 
172 456 53 56 0.023012333 
41 658 53 69 0.022996003 
668 391 32 46 0.022538133 
654 818 95 118 0.022452803 
369 321 42 56 0.02242714 
369 340 27 34 0.022418546 
316 383 33 41 0.022353217 
453 522 35 40 0.02230382 
833 455 31 38 0.021950703 
406 370 49 64 0.02192325 
96 716 36 45 0.021888413 
837 660 45 52 0.021797169 
349 384 34 39 0.021644976 
290 466 58 71 0.021495847 
659 303 39 52 0.021495236 
334 90 36 42 0.021380633 
329 459 33 40 0.021144932 
150 609 57 65 0.02109827 
900 235 37 48 0.021049134 
2 607 52 76 0.020932969 
112 522 38 45 0.020849869 
597 18 86 111 0.020629538 
918 742 51 59 0.020556226 
683 330 17 26 0.0202151 
876 757 20 24 0.020044476 
248 439 51 64 0.020039218 
