39_Ice_Skating_iceskiing_39_138
127
22 120 38 38 0.9048029 
294 206 53 59 0.8503474 
789 593 200 277 0.5997381 
-2 316 27 35 0.41415086 
337 399 36 43 0.33812985 
353 398 28 36 0.26757124 
508 460 41 39 0.2082955 
28 270 31 36 0.2041618 
574 124 88 142 0.19793952 
388 459 40 49 0.17033565 
39 110 31 40 0.15855353 
593 192 70 95 0.14364965 
258 240 15 20 0.1402791 
31 740 13 15 0.12776293 
288 209 40 36 0.12773603 
387 341 33 33 0.11426611 
322 404 33 42 0.11249379 
-2 267 22 35 0.10158799 
403 126 149 109 0.09999382 
93 311 42 46 0.096496955 
238 330 363 459 0.09643847 
409 541 27 33 0.08585743 
51 805 48 51 0.08457755 
714 522 340 444 0.081995614 
34 449 16 18 0.08197894 
695 149 56 91 0.077777304 
65 453 14 17 0.07766909 
101 296 35 41 0.077046245 
709 110 85 113 0.07260983 
489 447 65 65 0.0715774 
479 431 100 112 0.06351655 
621 142 92 133 0.06257273 
28 220 27 36 0.060498532 
373 748 84 120 0.059236452 
543 104 90 118 0.056435592 
627 775 95 105 0.055057835 
195 228 31 38 0.054718222 
419 546 30 32 0.054627035 
818 672 141 154 0.05078468 
241 238 23 28 0.04987074 
804 283 132 153 0.049778208 
277 224 53 66 0.049325 
360 130 34 36 0.04531702 
713 165 32 60 0.044060547 
802 477 27 34 0.043586046 
314 192 35 56 0.042343903 
434 370 177 220 0.041291256 
204 219 29 36 0.040145308 
672 103 94 145 0.03895593 
805 335 63 68 0.03886679 
59 157 41 58 0.03853588 
22 279 28 35 0.038400818 
675 167 60 95 0.037887435 
449 941 16 17 0.037042446 
300 220 57 76 0.03694887 
409 418 41 50 0.03572928 
589 103 72 88 0.034553275 
42 560 24 31 0.03443367 
218 224 18 24 0.0341702 
234 245 51 52 0.033927817 
42 263 29 35 0.03316096 
223 308 54 64 0.032583535 
255 233 26 34 0.03208384 
27 252 31 40 0.03203971 
60 432 18 18 0.031597532 
273 244 32 46 0.031529214 
9 306 26 34 0.03127002 
0 126 9 16 0.031042933 
781 160 93 137 0.030986408 
372 756 57 70 0.029667439 
469 400 14 17 0.029478809 
597 89 103 147 0.029248936 
941 160 28 40 0.028227964 
49 448 24 26 0.028155819 
346 136 32 34 0.02790075 
221 226 26 33 0.027809974 
89 329 43 47 0.027502442 
394 476 54 61 0.027119506 
81 315 31 41 0.026798703 
47 244 26 35 0.026522681 
40 447 15 16 0.026422441 
261 241 26 38 0.02626338 
746 443 210 274 0.026007231 
87 508 30 37 0.025872508 
28 173 51 71 0.025438702 
581 774 52 78 0.025412047 
30 274 19 22 0.024870478 
235 292 49 57 0.024797872 
140 342 37 42 0.024535958 
101 285 27 35 0.024497015 
476 403 11 14 0.02443866 
394 439 44 53 0.024214247 
282 189 35 49 0.024095783 
21 198 44 59 0.023720216 
67 124 13 17 0.023600921 
237 239 16 20 0.023545798 
285 173 79 108 0.023090266 
321 189 51 77 0.023011811 
27 735 21 25 0.022982286 
418 558 17 21 0.02297148 
48 641 184 224 0.022960244 
363 135 20 21 0.022858102 
809 331 34 35 0.022846485 
129 412 56 75 0.022105567 
380 430 208 230 0.022093493 
740 239 54 61 0.02192038 
428 538 31 35 0.02190643 
265 238 14 18 0.021874605 
324 385 13 17 0.021871595 
29 452 15 19 0.021835476 
9 115 34 42 0.021568066 
478 295 343 414 0.021362536 
752 506 51 64 0.021210277 
57 126 19 25 0.021131666 
21 304 17 23 0.021061672 
761 278 36 39 0.02092255 
66 759 137 135 0.020898644 
56 440 24 27 0.020894436 
79 252 24 31 0.020749405 
6 344 223 252 0.020692058 
-45 247 366 447 0.020644303 
515 479 45 42 0.020535683 
618 777 55 68 0.020310618 
79 165 25 40 0.020256167 
817 208 53 84 0.020237416 
832 230 136 169 0.020086199 
40 567 15 21 0.020013867 
