39_Ice_Skating_Ice_Skating_39_417
27
501 280 70 88 0.9982957 
252 247 54 72 0.9978878 
615 202 74 99 0.99545985 
321 248 62 75 0.9923774 
478 165 14 19 0.9846438 
867 179 13 17 0.85612994 
371 166 14 18 0.83363974 
239 192 34 35 0.832035 
980 164 11 12 0.15612057 
367 322 61 65 0.12739308 
363 168 23 26 0.07113974 
424 207 9 11 0.06352201 
478 190 27 32 0.04278859 
359 161 41 46 0.04147974 
980 171 13 18 0.03549104 
279 248 56 69 0.035436556 
316 180 11 14 0.035112068 
259 671 36 48 0.032365564 
310 180 13 16 0.031455304 
355 175 16 20 0.029984426 
248 187 21 23 0.029894698 
236 177 29 36 0.025699733 
246 197 47 59 0.02314579 
336 273 73 91 0.022180144 
469 198 29 38 0.02193798 
366 160 14 17 0.020310055 
224 350 11 15 0.020035358 
