31_Waiter_Waitress_Waiter_Waitress_31_176
18
117 36 242 332 0.99923146 
377 75 384 470 0.12486109 
606 224 400 486 0.060812928 
198 -28 302 443 0.050839655 
485 328 224 245 0.041960187 
941 356 13 16 0.04182533 
966 354 12 14 0.03963722 
468 264 341 411 0.033875056 
884 339 15 19 0.032721747 
412 46 232 319 0.0313222 
829 324 12 14 0.031112237 
947 356 15 17 0.029472996 
940 372 13 15 0.029385952 
955 355 13 16 0.026776582 
995 285 11 12 0.024962924 
876 379 14 16 0.022858767 
540 256 62 71 0.0214801 
489 178 132 159 0.020129498 
