31_Waiter_Waitress_Waiter_Waitress_31_740
19
409 102 82 112 0.9982535 
171 197 14 18 0.13371255 
-54 -33 410 459 0.06531369 
144 422 10 12 0.057947624 
125 447 12 13 0.050093465 
176 247 10 14 0.04017231 
1011 137 13 22 0.035916347 
28 68 198 247 0.030945083 
593 203 42 45 0.028305791 
337 115 23 32 0.027792376 
152 277 11 14 0.026326224 
173 278 11 14 0.025745723 
725 752 12 13 0.024550866 
134 439 11 14 0.021692755 
290 196 28 43 0.02153064 
180 180 11 12 0.020935966 
188 469 13 15 0.020488298 
155 197 12 16 0.020480547 
0 285 9 14 0.020301608 
