31_Waiter_Waitress_Waiter_Waitress_31_484
45
574 72 122 170 0.9999136 
334 173 110 150 0.9998839 
154 702 9 10 0.23349907 
158 697 11 11 0.08331848 
143 718 9 11 0.08313437 
113 692 8 11 0.07069361 
540 425 206 278 0.07050482 
136 735 10 12 0.06808626 
128 713 9 12 0.06800208 
162 715 12 14 0.0615437 
130 681 7 9 0.060666632 
149 720 10 12 0.06010377 
170 743 10 11 0.055019323 
60 734 10 14 0.054314043 
184 717 9 10 0.053959634 
87 705 8 9 0.052546807 
116 739 12 15 0.05205114 
64 692 9 11 0.047978964 
30 738 9 11 0.045957934 
143 712 7 10 0.041593723 
133 680 8 10 0.041288443 
117 746 11 13 0.04084495 
136 718 8 10 0.03169202 
199 756 13 15 0.03154026 
167 696 9 10 0.030727638 
117 338 422 517 0.030502798 
174 468 78 70 0.02730527 
104 712 8 10 0.025516663 
110 719 8 10 0.025223354 
158 735 9 11 0.024693487 
144 724 8 10 0.0244267 
151 431 116 121 0.024373354 
134 685 8 10 0.023829645 
117 693 8 10 0.023630697 
97 711 8 9 0.023300974 
95 684 9 11 0.022860052 
134 711 9 11 0.022703769 
77 710 10 12 0.022282112 
118 688 8 10 0.021641394 
76 717 10 12 0.021311427 
101 680 8 10 0.021070832 
92 725 10 13 0.02052811 
60 739 13 17 0.020338966 
415 297 375 424 0.020327222 
135 756 9 12 0.020262497 
