31_Waiter_Waitress_Waiter_Waitress_31_818
22
182 102 123 165 0.9993794 
723 130 69 87 0.99895895 
775 55 59 75 0.99845266 
640 80 62 82 0.99306995 
578 61 62 89 0.9391705 
437 160 85 125 0.925201 
129 134 41 59 0.38428786 
887 96 52 62 0.23170078 
877 73 46 74 0.09072475 
184 0 53 34 0.07796746 
598 100 39 58 0.044581268 
802 179 49 71 0.04004516 
771 255 62 64 0.040014297 
744 247 100 106 0.03471225 
962 53 56 82 0.03359576 
622 66 53 77 0.031425457 
447 87 180 220 0.029884897 
604 71 40 59 0.02479386 
564 345 16 18 0.02426354 
679 51 35 50 0.022599237 
906 81 64 73 0.022070661 
164 0 92 73 0.02037624 
