31_Waiter_Waitress_Waiter_Waitress_31_788
64
459 -2 60 65 0.9994844 
162 187 51 79 0.98475593 
710 217 50 80 0.9674596 
244 180 41 77 0.30009827 
46 215 101 94 0.22092786 
209 1 21 20 0.15568875 
264 9 25 30 0.14591049 
363 185 43 48 0.13551866 
933 241 27 35 0.10955514 
890 245 15 17 0.08715341 
869 120 22 27 0.07692372 
883 128 22 29 0.07398946 
139 402 40 38 0.06903738 
889 291 26 40 0.067441516 
851 269 23 31 0.06695808 
177 170 49 77 0.06253736 
891 130 25 32 0.06228689 
199 133 16 20 0.05402327 
206 79 24 34 0.05385645 
301 431 15 20 0.053227577 
515 9 36 43 0.043468427 
1008 213 10 13 0.042758457 
885 269 10 13 0.04261044 
682 232 62 80 0.04252338 
214 195 51 78 0.04108684 
916 210 13 16 0.03980597 
210 76 15 20 0.03580055 
4 -26 130 188 0.03535842 
544 329 199 180 0.03420662 
334 0 16 14 0.03404531 
145 162 53 72 0.03273213 
332 109 15 19 0.032469794 
893 257 13 18 0.032225803 
246 70 15 19 0.030930318 
862 273 23 32 0.030674892 
198 178 34 45 0.028822681 
415 335 32 39 0.028718095 
940 245 15 19 0.02855858 
104 189 86 98 0.02821653 
145 204 80 95 0.027208013 
249 56 42 55 0.02716443 
896 204 24 30 0.026616953 
255 66 24 30 0.026489755 
274 6 24 29 0.026064329 
202 163 54 70 0.025176546 
310 0 15 13 0.024961263 
887 248 22 28 0.024785226 
948 238 13 16 0.024688061 
250 0 46 42 0.024445392 
434 386 31 37 0.024300829 
208 3 30 31 0.023805933 
942 119 11 14 0.023796085 
1008 220 12 15 0.02356857 
484 301 11 15 0.022708127 
138 139 50 60 0.022685755 
848 280 15 19 0.02207813 
745 245 38 59 0.02168471 
395 11 16 18 0.021659076 
413 342 45 53 0.021117276 
569 -8 99 107 0.020918101 
424 378 15 18 0.020383354 
922 212 12 14 0.020263549 
148 218 37 48 0.020072458 
883 273 13 18 0.020047 
