46_Jockey_Jockey_46_909
168
509 289 25 33 0.99868196 
457 418 45 48 0.9414849 
783 184 17 22 0.94110274 
652 247 16 22 0.8928408 
495 561 53 57 0.8813393 
275 182 15 19 0.8679696 
738 177 13 18 0.8334655 
693 181 14 19 0.7645988 
643 189 12 16 0.707747 
744 266 18 25 0.7055702 
536 159 11 14 0.69777197 
212 570 49 76 0.674646 
913 283 20 30 0.6160953 
485 156 9 11 0.6118716 
596 107 13 16 0.39628834 
541 157 9 12 0.33739832 
479 191 12 15 0.30640143 
507 151 8 12 0.27721235 
508 155 10 13 0.24961352 
499 327 16 23 0.22221056 
676 253 10 15 0.19444123 
733 334 13 19 0.19403528 
726 198 11 15 0.15781134 
472 179 12 15 0.13371857 
550 138 10 13 0.12236274 
737 269 13 17 0.115231425 
767 208 14 18 0.11239771 
789 278 12 15 0.08934435 
276 557 64 80 0.082371905 
192 574 81 112 0.08095551 
668 301 14 16 0.07948393 
653 290 14 19 0.079014115 
520 415 9 13 0.07518104 
469 404 39 46 0.07405883 
356 194 12 16 0.07138456 
531 162 12 15 0.06412384 
719 236 11 14 0.06334999 
939 280 16 23 0.060156386 
726 284 10 13 0.05890267 
572 350 28 40 0.058706146 
496 143 9 11 0.056753155 
717 306 14 17 0.056685254 
213 274 12 14 0.05634958 
280 179 16 19 0.056092698 
752 267 14 20 0.05127711 
922 286 22 28 0.0508442 
645 201 12 15 0.050700136 
524 361 29 33 0.05035423 
453 191 10 13 0.050122418 
531 154 18 21 0.04836229 
574 134 11 14 0.048195776 
610 93 9 12 0.047467142 
407 189 11 13 0.047075953 
544 124 10 13 0.046105612 
627 266 14 19 0.045877334 
362 194 15 17 0.043385748 
797 263 14 18 0.04206299 
569 134 10 13 0.04199431 
535 513 58 64 0.040755205 
810 113 13 17 0.04050492 
473 186 13 17 0.039805375 
490 291 22 28 0.039470118 
438 110 12 15 0.03934958 
370 553 65 75 0.038211923 
509 543 59 67 0.038153734 
352 190 12 15 0.038132865 
862 228 11 14 0.038102515 
653 239 14 18 0.037920706 
511 162 10 13 0.037546415 
647 290 13 17 0.03739898 
896 105 30 40 0.03729433 
537 109 10 12 0.036890518 
779 267 13 16 0.036584448 
548 156 10 12 0.036280643 
517 417 14 19 0.036080502 
445 142 11 14 0.03458485 
728 279 10 14 0.033984426 
486 400 31 40 0.03344722 
396 204 15 17 0.03340897 
511 174 11 14 0.033045292 
316 190 12 15 0.03303377 
502 161 11 13 0.03289355 
781 274 15 19 0.032739587 
511 134 8 11 0.032619 
457 405 32 43 0.032594252 
739 124 12 14 0.032019805 
543 118 10 13 0.031970587 
540 161 11 15 0.031925034 
804 378 15 20 0.03190052 
799 202 12 16 0.03168694 
720 228 12 17 0.03156178 
519 180 11 13 0.031480435 
495 149 9 12 0.03076045 
527 182 9 11 0.030687245 
706 182 12 15 0.029933844 
608 187 10 14 0.029781858 
495 134 9 13 0.029755192 
608 142 9 11 0.029735418 
605 274 23 29 0.029619092 
650 188 13 17 0.029405229 
577 193 221 242 0.02932587 
615 141 7 10 0.029099174 
796 370 13 16 0.02893022 
944 285 17 23 0.028646873 
206 264 13 17 0.028617071 
463 213 14 17 0.028522713 
636 277 12 17 0.028453507 
630 281 14 19 0.028174985 
503 144 9 11 0.028057475 
616 268 21 27 0.027934141 
612 243 14 16 0.027905194 
454 196 11 14 0.027765526 
513 413 23 32 0.027737416 
550 150 10 13 0.027547866 
545 133 11 15 0.027394079 
821 207 10 12 0.027118461 
198 259 16 20 0.027076658 
397 205 24 29 0.027020384 
412 190 10 13 0.026877435 
232 556 52 77 0.026747478 
727 322 21 30 0.02672911 
727 191 11 15 0.02636026 
601 79 9 10 0.026291033 
604 115 12 15 0.026239628 
663 246 19 25 0.025862914 
635 289 14 17 0.025200551 
504 135 8 11 0.02491596 
946 277 15 20 0.02469214 
443 420 34 45 0.024576884 
772 190 22 28 0.024026714 
661 296 16 20 0.023794942 
780 309 12 14 0.023640556 
286 164 12 15 0.023573982 
442 334 17 21 0.02344628 
725 354 46 59 0.023148693 
295 228 10 12 0.023046367 
455 126 10 12 0.0230115 
543 540 40 50 0.022977872 
835 234 14 16 0.02296739 
796 251 15 18 0.022966014 
474 174 12 15 0.022795571 
646 278 13 17 0.022767005 
520 196 10 14 0.02262823 
879 239 10 12 0.022619857 
982 672 13 16 0.022245405 
284 527 54 74 0.022233684 
706 374 45 60 0.022220647 
671 255 12 16 0.022077449 
718 294 12 14 0.02171516 
57 375 63 75 0.021701965 
285 173 13 16 0.02159162 
713 311 25 31 0.021579273 
262 530 53 66 0.021380648 
502 151 18 23 0.021199957 
794 273 14 18 0.021106333 
612 150 9 11 0.021013996 
549 125 9 12 0.020827653 
180 255 28 33 0.020799264 
290 179 14 17 0.020769732 
327 545 61 67 0.020739933 
795 191 14 19 0.020731453 
494 173 11 13 0.02055817 
493 157 11 13 0.020533534 
504 213 11 15 0.020460736 
-19 156 128 170 0.02042567 
724 341 16 20 0.020378157 
482 152 10 13 0.020126758 
502 403 25 37 0.020025972 
