46_Jockey_Jockey_46_409
19
429 110 76 101 0.99284333 
179 352 110 144 0.57195383 
596 151 298 302 0.3488566 
405 362 37 38 0.20759486 
124 284 170 239 0.091998614 
216 390 110 106 0.089918375 
505 490 19 20 0.078412615 
743 208 171 257 0.060954627 
876 248 56 93 0.055954777 
840 251 99 166 0.05563282 
661 200 193 162 0.05123869 
479 597 11 14 0.047023658 
546 209 330 471 0.043628722 
488 646 9 11 0.031613674 
647 283 137 171 0.023839943 
612 326 184 285 0.022495903 
808 145 124 107 0.022389537 
847 179 102 122 0.021937381 
378 433 31 50 0.020533983 
