46_Jockey_Jockey_46_188
26
347 63 48 64 0.998599 
453 116 46 54 0.9956155 
590 334 39 47 0.2007905 
592 338 60 73 0.14774367 
806 436 16 19 0.10249962 
468 45 48 61 0.09297463 
524 437 30 33 0.05755923 
162 4 17 17 0.051822543 
-37 -27 233 227 0.03383306 
464 68 44 59 0.03268224 
597 331 92 108 0.030889252 
483 83 33 46 0.029514845 
495 94 29 41 0.029295916 
244 94 27 31 0.027531324 
793 412 16 17 0.027275767 
781 376 13 16 0.02680612 
512 429 49 54 0.026140735 
790 402 14 17 0.025417479 
573 341 52 63 0.025137754 
509 16 59 59 0.024134416 
647 360 40 49 0.023791533 
439 75 10 15 0.023248853 
483 58 51 58 0.021709995 
773 493 12 14 0.020664183 
581 336 30 40 0.02034354 
501 449 12 14 0.020296182 
