46_Jockey_Jockey_46_308
41
184 145 60 66 0.9994974 
704 55 62 71 0.9989446 
925 549 32 36 0.46370718 
405 190 47 48 0.42096907 
466 323 31 39 0.40910152 
174 406 36 37 0.29150468 
511 227 32 43 0.12870632 
420 311 28 38 0.11559681 
497 206 52 72 0.0971408 
415 244 30 41 0.09480761 
469 300 30 39 0.09415494 
879 614 31 24 0.09212161 
503 209 75 112 0.08405381 
403 208 46 60 0.07190597 
99 282 28 33 0.07173033 
356 299 32 42 0.06262564 
657 285 45 67 0.05980841 
531 255 57 77 0.045570657 
109 276 26 31 0.044746555 
156 242 22 32 0.044556726 
727 376 37 54 0.03890749 
550 295 383 466 0.038877726 
642 394 178 232 0.03436166 
442 352 25 33 0.03203531 
89 293 34 46 0.03124026 
123 326 33 46 0.030529112 
98 498 55 56 0.028888827 
204 274 31 41 0.028763706 
768 254 13 16 0.026896747 
387 188 46 60 0.02292629 
756 524 49 47 0.022769954 
152 338 32 41 0.022559678 
158 241 39 48 0.022146655 
122 285 17 22 0.02212985 
935 555 30 41 0.021944253 
5 325 40 63 0.021231787 
430 242 33 43 0.021136524 
721 532 29 33 0.020765059 
831 371 38 55 0.020552615 
168 339 53 56 0.020510625 
105 297 48 58 0.020207329 
