46_Jockey_Jockey_46_202
62
482 74 64 68 0.9924595 
836 315 173 118 0.7245837 
885 117 24 34 0.66516155 
416 119 42 45 0.12721463 
162 323 199 214 0.12178608 
8 333 398 480 0.09278386 
184 434 155 121 0.057982907 
79 590 9 11 0.056430034 
32 717 13 15 0.05580696 
122 633 14 17 0.05487624 
71 621 10 12 0.05466994 
54 599 9 12 0.05317835 
96 636 11 14 0.050787963 
800 126 169 267 0.050461434 
463 82 372 485 0.043716785 
97 589 10 12 0.04369687 
49 621 9 12 0.043410096 
100 615 11 13 0.04098915 
72 615 8 11 0.038514998 
72 628 11 13 0.03692936 
118 589 9 12 0.034285817 
376 313 14 18 0.034039807 
134 651 13 15 0.033534836 
1 645 10 16 0.03248745 
788 168 42 65 0.032217287 
39 660 9 12 0.032139435 
95 628 12 14 0.03157042 
878 105 36 59 0.031371456 
55 631 10 13 0.030556824 
101 638 10 13 0.030461174 
683 39 333 443 0.03037667 
146 196 336 416 0.030243607 
97 584 8 11 0.029328257 
77 631 10 12 0.029155184 
866 350 109 74 0.028976435 
497 36 58 79 0.028857935 
798 257 237 255 0.026934767 
63 664 10 11 0.02615809 
131 629 12 16 0.025930665 
150 598 10 12 0.025855174 
96 619 11 14 0.025320824 
311 623 8 10 0.024750581 
127 653 12 13 0.024659414 
24 565 10 11 0.024498587 
470 295 26 40 0.024113465 
0 656 11 16 0.023946188 
528 546 119 133 0.023895198 
699 617 17 24 0.023389373 
25 559 9 11 0.023275372 
110 621 11 13 0.022994649 
294 318 100 119 0.022530336 
31 559 9 10 0.022164242 
142 637 13 14 0.021804841 
22 629 12 15 0.02141741 
152 635 12 14 0.021365967 
402 566 8 10 0.021252645 
420 121 55 70 0.021184493 
71 608 8 11 0.021049606 
326 630 10 12 0.020748599 
56 644 12 14 0.020745337 
620 571 31 37 0.020603614 
69 664 9 11 0.020189747 
