46_Jockey_Jockey_46_923
40
638 503 56 74 0.379019 
486 228 128 133 0.24425012 
542 1046 12 14 0.23576239 
447 180 18 22 0.19081423 
518 1048 12 15 0.183262 
747 523 28 40 0.17498375 
247 329 21 26 0.14096898 
466 167 31 36 0.11775347 
524 1048 13 15 0.11547575 
456 174 29 34 0.07977219 
697 313 34 36 0.0750871 
550 1059 23 31 0.07314322 
617 465 94 123 0.06340592 
535 1045 13 15 0.059309777 
513 1049 11 14 0.049393173 
573 359 188 241 0.04535299 
469 162 18 24 0.04465248 
696 341 97 110 0.04266152 
435 198 16 20 0.041091565 
439 187 22 28 0.03842639 
480 1044 10 15 0.035079475 
513 194 33 40 0.032836746 
543 1048 22 28 0.031991158 
425 198 28 34 0.031157698 
420 269 15 18 0.027745033 
203 375 47 57 0.026722994 
704 560 24 31 0.026496926 
489 276 343 429 0.025392648 
456 213 265 318 0.025134804 
702 507 49 64 0.024461865 
419 1057 30 34 0.023676064 
442 172 47 56 0.023395274 
664 523 34 56 0.022713248 
542 1055 14 18 0.022231227 
519 181 31 39 0.022194 
522 1221 27 34 0.020932622 
519 270 84 80 0.020858949 
670 515 56 66 0.020826977 
661 477 58 80 0.02079393 
728 353 38 46 0.02046355 
