48_Parachutist_Paratrooper_Parachutist_Paratrooper_48_75
36
384 93 39 45 0.9924576 
844 151 55 73 0.9146482 
757 240 58 70 0.13157728 
360 96 37 44 0.093713075 
340 420 11 13 0.08585284 
822 303 46 55 0.08273937 
540 525 16 20 0.076781765 
814 155 59 77 0.058700826 
701 355 100 125 0.056487277 
75 132 13 16 0.052796997 
171 657 35 32 0.04690578 
526 159 10 14 0.041471694 
862 173 31 47 0.041331332 
923 272 48 76 0.04123187 
491 136 19 24 0.040324472 
827 154 35 35 0.039420754 
225 374 435 482 0.036919255 
51 133 12 14 0.03471262 
738 211 61 73 0.03470129 
334 414 11 14 0.03419527 
532 520 27 33 0.030352978 
843 156 36 39 0.02951863 
668 377 97 125 0.027637735 
804 269 85 99 0.027463902 
387 45 202 235 0.027281892 
745 354 36 51 0.02587846 
350 428 11 15 0.025664244 
86 239 14 17 0.025192944 
752 414 34 35 0.023345996 
146 665 19 21 0.022781169 
652 287 142 204 0.022687973 
281 262 9 11 0.02220362 
834 320 27 48 0.022190237 
347 94 25 40 0.020789064 
327 412 11 14 0.020217273 
591 493 55 56 0.020049395 
