48_Parachutist_Paratrooper_Parachutist_Paratrooper_48_596
36
434 174 124 166 0.99278647 
461 662 87 102 0.7137411 
467 1068 115 110 0.6080575 
303 724 107 165 0.38057482 
229 899 229 300 0.32845682 
179 919 103 125 0.28455913 
601 466 181 317 0.17937191 
283 876 155 167 0.12457967 
487 778 62 66 0.056383193 
411 785 120 121 0.048443772 
285 778 121 190 0.046941936 
456 702 100 120 0.04487982 
443 986 119 170 0.035999246 
325 916 207 248 0.034512904 
446 565 16 23 0.033055704 
569 358 37 41 0.03182065 
405 218 125 188 0.031545643 
503 190 355 482 0.031335495 
298 834 37 53 0.03093528 
403 770 50 65 0.030438783 
571 666 54 66 0.028559474 
399 773 30 45 0.026299156 
468 810 73 65 0.025937265 
342 772 106 132 0.0251295 
578 666 80 104 0.025050327 
401 638 189 213 0.024982069 
592 706 50 72 0.024567492 
620 525 112 180 0.02433433 
777 760 200 321 0.023374151 
477 754 62 70 0.022940109 
393 740 52 74 0.022586107 
211 875 115 161 0.02247758 
672 595 107 185 0.02233347 
301 810 55 94 0.0215865 
456 763 106 113 0.021526227 
626 1037 170 249 0.020227771 
