48_Parachutist_Paratrooper_Parachutist_Paratrooper_48_1015
212
218 401 34 41 0.99685645 
343 211 24 29 0.9967307 
329 386 33 41 0.9957699 
862 315 51 64 0.9939162 
91 125 45 64 0.99021894 
633 208 21 27 0.98453635 
455 221 24 29 0.9805865 
627 344 39 48 0.9794359 
278 258 24 30 0.9728114 
677 346 42 51 0.9676783 
982 302 39 50 0.95376515 
851 208 21 26 0.953152 
551 354 42 49 0.9530345 
957 313 25 34 0.9144677 
466 363 36 41 0.9045465 
962 453 31 34 0.8981877 
707 224 19 23 0.8922704 
965 190 23 30 0.86392844 
569 224 18 23 0.84501845 
761 212 19 24 0.77168435 
223 244 21 26 0.7712437 
174 374 35 43 0.73457575 
787 215 15 22 0.6177596 
4 280 16 23 0.55825686 
426 362 24 31 0.44268537 
237 272 23 26 0.401555 
795 327 35 37 0.37158608 
507 235 22 28 0.36796862 
546 239 18 23 0.33751234 
227 298 12 15 0.33313358 
521 337 29 35 0.33138454 
458 437 41 55 0.3189511 
783 360 37 34 0.299238 
927 318 33 41 0.27599573 
452 356 17 21 0.24759379 
334 318 27 26 0.23579977 
460 351 30 38 0.21955256 
944 311 29 41 0.19856942 
441 355 23 30 0.17583646 
267 357 17 19 0.15637538 
740 231 11 15 0.15622441 
602 246 14 18 0.14552863 
748 246 15 19 0.14524554 
441 531 32 36 0.112356305 
191 315 9 13 0.10971556 
846 336 27 34 0.10882933 
542 245 17 22 0.10816602 
496 530 35 54 0.10777132 
236 264 17 21 0.1042558 
423 370 13 19 0.10165131 
-1 283 26 37 0.089689456 
437 233 15 21 0.08966756 
229 251 22 26 0.089052975 
817 278 9 11 0.08186228 
788 322 12 16 0.08115675 
427 250 14 18 0.07929791 
844 342 18 22 0.07911206 
251 250 16 19 0.0765917 
787 341 42 42 0.07488933 
443 227 22 29 0.06894717 
552 236 16 20 0.064995214 
482 289 16 20 0.06318305 
570 328 17 20 0.062335484 
699 311 30 33 0.06215451 
412 372 14 18 0.0563852 
330 326 19 21 0.055400033 
469 348 17 20 0.0533684 
976 192 18 23 0.053353727 
577 227 17 24 0.05318701 
853 285 32 39 0.052422862 
816 271 10 13 0.052421696 
571 356 36 42 0.050846204 
671 352 30 39 0.050631233 
685 329 16 19 0.05053637 
789 204 13 17 0.049378358 
187 382 39 46 0.049368396 
856 328 36 45 0.04893315 
675 335 31 39 0.048394196 
400 388 11 14 0.047791675 
217 333 11 14 0.047542706 
802 330 21 23 0.046642598 
1006 393 15 22 0.04641445 
434 419 14 18 0.045700017 
790 198 12 14 0.045476127 
239 250 24 27 0.044970047 
484 367 29 35 0.044787236 
597 216 15 20 0.044023257 
940 266 12 15 0.04392721 
622 323 26 33 0.043858062 
868 276 15 18 0.043776114 
324 328 16 21 0.0428446 
726 205 13 16 0.04255595 
69 388 31 35 0.042352933 
557 226 21 27 0.04155979 
378 404 14 16 0.041314796 
484 497 54 79 0.041236274 
796 199 10 14 0.040859725 
968 306 28 40 0.040423565 
442 240 17 21 0.040037103 
994 388 28 37 0.03903858 
457 349 16 20 0.0375554 
224 290 19 25 0.037219252 
736 234 12 15 0.03701767 
180 372 17 22 0.03688292 
632 308 27 28 0.03682103 
435 247 15 21 0.036710396 
537 343 39 51 0.036579866 
422 416 24 28 0.03650948 
585 226 15 21 0.03636786 
374 349 12 14 0.035893153 
542 237 15 19 0.035043184 
0 425 52 68 0.03491437 
580 262 11 15 0.033960093 
682 327 28 31 0.033913866 
623 210 22 29 0.03378538 
641 307 16 17 0.033532467 
535 339 27 37 0.033469744 
623 335 31 40 0.03303082 
849 291 49 66 0.032344468 
475 342 15 16 0.032154948 
429 358 14 18 0.031995803 
804 359 33 36 0.03199422 
436 353 41 49 0.0319691 
414 348 11 15 0.031870108 
699 348 34 41 0.031474777 
564 329 27 32 0.031383533 
211 272 15 18 0.031309787 
621 327 16 21 0.030973142 
986 289 16 21 0.030937951 
955 292 12 16 0.030381082 
533 237 22 28 0.030352505 
566 216 12 15 0.029956851 
1001 575 25 57 0.029702347 
522 239 15 22 0.02960007 
653 268 24 30 0.029405707 
704 232 14 19 0.029222438 
559 341 33 40 0.029114025 
863 273 25 33 0.028968679 
688 314 28 31 0.02881346 
703 241 12 15 0.02867467 
784 197 12 16 0.028057396 
550 231 13 18 0.02804558 
445 446 44 65 0.027575795 
229 242 12 15 0.026503516 
457 463 55 82 0.026123948 
786 320 23 27 0.026081001 
501 236 16 21 0.026066361 
819 367 18 22 0.025659123 
923 303 32 39 0.025629641 
158 381 26 36 0.025565881 
538 367 27 35 0.025401609 
625 317 49 63 0.025374373 
789 266 11 15 0.025336009 
423 247 23 30 0.025321225 
845 296 25 33 0.025123443 
517 256 14 17 0.024914203 
781 219 16 22 0.0248895 
576 327 25 30 0.024722995 
641 422 19 21 0.024362657 
761 416 37 51 0.024359377 
750 207 11 14 0.02434643 
456 341 11 13 0.02412888 
758 222 13 18 0.024117261 
218 322 15 17 0.02387702 
957 298 13 18 0.023876186 
781 253 11 13 0.023865048 
574 216 12 15 0.023623005 
788 365 47 58 0.023474803 
516 231 13 16 0.023423687 
430 234 16 20 0.023407927 
325 445 85 114 0.023285206 
691 219 13 16 0.02326656 
737 227 19 25 0.023121854 
424 334 9 12 0.023032114 
782 203 14 19 0.022887483 
747 236 14 18 0.022861661 
727 197 11 14 0.022765215 
560 222 12 15 0.022618202 
438 340 13 15 0.022583969 
716 517 51 65 0.02246123 
301 361 14 18 0.02233611 
229 285 14 17 0.022227839 
432 349 11 13 0.02210245 
592 213 12 17 0.02198125 
776 354 25 36 0.021950994 
271 348 22 28 0.021922972 
721 232 16 20 0.021817964 
380 349 11 15 0.021791035 
179 292 12 14 0.021654626 
397 338 11 15 0.021630283 
694 315 15 18 0.02162609 
460 214 17 21 0.021461291 
552 244 17 23 0.021353118 
972 512 31 42 0.021347879 
837 330 14 18 0.021340307 
732 206 12 14 0.021238884 
837 337 15 21 0.021224601 
614 224 16 20 0.021144606 
797 323 15 18 0.021032216 
259 364 25 29 0.020799702 
467 371 20 28 0.02079742 
560 213 11 14 0.02067297 
987 290 27 38 0.020661598 
698 487 52 68 0.02061967 
655 328 49 62 0.02043091 
958 422 46 55 0.020393638 
522 359 27 35 0.020283356 
953 294 22 32 0.020216933 
195 315 11 14 0.020118225 
231 273 15 19 0.020114345 
828 337 13 18 0.020066312 
0 286 16 25 0.020029893 
