48_Parachutist_Paratrooper_Parachutist_Paratrooper_48_814
55
394 203 227 280 0.9996313 
252 400 25 30 0.94460446 
154 407 26 29 0.9116209 
307 398 23 26 0.8799893 
210 410 23 26 0.8169842 
722 162 433 547 0.608857 
582 416 39 50 0.57470787 
58 406 21 25 0.3933706 
635 276 334 470 0.3461928 
442 1114 18 22 0.17552878 
608 258 77 114 0.12998351 
274 102 398 449 0.12775312 
237 700 181 259 0.109543905 
130 405 12 16 0.10462025 
623 458 56 75 0.07754058 
424 879 351 444 0.07264737 
109 424 23 27 0.07012622 
283 417 24 32 0.069610424 
602 246 50 75 0.062492482 
184 413 18 22 0.0581994 
478 974 217 241 0.05139791 
317 213 102 132 0.04833706 
171 409 25 26 0.04817852 
275 429 23 30 0.046142884 
190 411 23 28 0.042769417 
89 408 16 23 0.03921587 
484 123 299 409 0.038448356 
778 394 228 368 0.03831933 
604 277 50 75 0.036975306 
420 13 237 327 0.0355386 
2 397 20 31 0.033630293 
125 404 21 25 0.03250429 
149 410 45 45 0.03206539 
269 405 24 32 0.031545926 
295 410 26 34 0.031166082 
297 361 332 441 0.031019663 
271 435 17 20 0.030568935 
8 771 418 508 0.029408209 
295 390 39 47 0.028838685 
635 235 100 147 0.02857074 
688 41 239 283 0.02773901 
111 420 15 18 0.027722 
593 408 50 60 0.026858473 
284 414 15 19 0.026419079 
460 535 109 155 0.02565578 
636 998 126 153 0.025532335 
230 466 23 30 0.025115041 
111 415 11 15 0.02440659 
207 946 379 443 0.023126094 
571 -43 377 461 0.02302615 
606 238 35 47 0.022122603 
139 405 23 29 0.022110056 
577 1196 28 30 0.021976754 
200 405 42 46 0.021190219 
600 296 34 50 0.020579327 
