48_Parachutist_Paratrooper_Parachutist_Paratrooper_48_678
25
649 300 59 80 0.9970872 
334 323 45 68 0.9798012 
902 393 61 90 0.48477036 
394 348 33 42 0.2914346 
508 208 89 120 0.20119962 
585 256 48 63 0.1370325 
872 412 14 18 0.103354014 
271 291 49 99 0.07902646 
895 275 15 19 0.043535814 
561 237 54 83 0.040576845 
569 278 55 71 0.034063548 
645 329 39 49 0.030884087 
578 318 17 23 0.030583972 
489 268 16 21 0.030079588 
221 264 94 124 0.029878158 
360 329 47 65 0.02740157 
901 302 13 15 0.02609027 
605 268 33 43 0.025566842 
627 323 33 45 0.02476348 
618 64 372 459 0.02312792 
915 328 13 16 0.022944337 
870 379 89 142 0.022612713 
619 321 28 36 0.021812947 
892 48 131 145 0.020513479 
422 322 29 34 0.0204741 
