48_Parachutist_Paratrooper_Parachutist_Paratrooper_48_122
142
401 164 125 154 0.9997973 
262 1374 30 35 0.41326657 
633 624 121 119 0.31731102 
665 1203 15 19 0.3169244 
261 186 101 156 0.26382035 
107 1050 18 25 0.21937291 
762 1035 17 22 0.20780364 
533 298 45 57 0.18363133 
259 1356 15 18 0.1724378 
816 538 63 75 0.1698395 
641 24 61 77 0.14548779 
107 439 52 89 0.13431534 
57 878 378 479 0.123581566 
114 1367 33 46 0.1162303 
157 754 57 64 0.11354902 
461 657 101 136 0.097023025 
766 15 58 65 0.09396433 
908 1303 16 20 0.09168792 
113 234 16 20 0.0823237 
348 722 52 83 0.07977826 
235 1384 13 19 0.07567158 
620 7 27 32 0.07365797 
819 1299 13 17 0.07004548 
700 89 86 112 0.0684612 
618 21 54 79 0.06451871 
151 237 10 14 0.06294488 
499 678 60 80 0.06079997 
874 1287 16 20 0.057563886 
625 14 98 123 0.057425283 
999 1139 10 12 0.055889037 
137 114 17 20 0.054928053 
624 1279 10 11 0.05443396 
256 1356 27 28 0.05251695 
309 441 342 462 0.050687965 
84 201 13 16 0.050141618 
646 1178 12 14 0.04982645 
12 922 98 123 0.04972307 
586 74 45 71 0.048337214 
127 999 232 292 0.047979202 
6 109 14 19 0.047846764 
750 301 13 18 0.047488734 
34 376 27 32 0.047409967 
95 221 12 17 0.046931308 
648 1150 10 11 0.0465475 
739 309 25 33 0.045626674 
336 31 59 85 0.0449645 
27 30 10 12 0.044894233 
587 17 27 42 0.04360178 
271 482 46 56 0.043385834 
28 36 10 13 0.042588845 
402 489 41 48 0.041219115 
168 434 66 93 0.040928412 
315 14 95 132 0.03989627 
760 1028 15 19 0.039426733 
626 20 18 23 0.03773511 
514 61 13 16 0.037541404 
1007 1139 11 14 0.03738941 
1012 1132 10 15 0.036946375 
716 256 14 17 0.036348436 
583 1287 11 14 0.036270067 
591 1286 11 13 0.036086895 
268 1356 12 14 0.03605988 
85 1033 12 16 0.036016453 
109 825 39 43 0.035916865 
871 1277 25 34 0.035812564 
279 1363 11 13 0.035799496 
652 1179 11 15 0.035276555 
35 977 14 18 0.03498047 
163 720 57 69 0.03485916 
239 551 52 68 0.034609314 
600 109 26 46 0.033729307 
593 39 80 117 0.033576787 
608 36 34 51 0.0331102 
396 1390 11 14 0.03300904 
743 235 14 16 0.03292823 
628 0 30 28 0.03235062 
574 349 36 39 0.03225903 
276 48 95 152 0.031687554 
17 0 17 17 0.03168411 
109 15 43 62 0.031353064 
619 21 32 46 0.031258695 
31 53 9 12 0.031109875 
574 588 204 219 0.029701078 
139 727 88 106 0.029578164 
688 1012 11 13 0.028817365 
345 456 37 46 0.028403722 
981 1148 9 12 0.02818429 
103 362 12 16 0.027234303 
652 34 37 48 0.027105106 
523 686 37 52 0.027017264 
586 1206 29 39 0.02695677 
53 965 35 47 0.026907858 
643 1208 26 31 0.026293537 
635 30 33 45 0.025988193 
596 1284 12 15 0.025499703 
608 20 28 41 0.025236007 
652 57 105 129 0.025149751 
230 1380 15 18 0.024433454 
387 1358 11 13 0.024424056 
660 1225 13 17 0.024099972 
726 312 28 34 0.024000553 
652 1197 25 32 0.023782186 
615 588 96 114 0.02362188 
84 166 23 28 0.023610912 
738 326 26 32 0.023500545 
624 1239 11 16 0.023368038 
363 556 35 47 0.02333141 
14 49 11 15 0.02319934 
358 1380 10 11 0.023152439 
580 1247 12 15 0.02312458 
135 90 47 63 0.023096483 
388 1364 10 13 0.023029942 
29 388 33 39 0.022769464 
636 925 16 18 0.022759328 
214 344 336 396 0.022613054 
475 449 63 79 0.022409942 
219 1282 32 39 0.022045836 
27 221 21 29 0.021918936 
676 1189 12 15 0.021785941 
36 985 12 17 0.021784702 
653 1223 14 17 0.021702964 
761 340 12 14 0.021578183 
40 0 11 10 0.021511527 
153 998 60 73 0.021494243 
557 79 32 50 0.02140615 
652 607 84 84 0.021220377 
473 519 332 398 0.021078924 
158 775 31 37 0.021046188 
92 219 21 27 0.02103793 
302 1336 8 11 0.020987201 
69 222 14 18 0.020636033 
102 349 24 32 0.02062582 
141 1330 48 61 0.02059601 
38 618 349 444 0.02054122 
30 956 13 15 0.020509696 
882 44 55 63 0.020506702 
726 1091 9 12 0.020406207 
23 44 10 14 0.020389453 
78 929 16 17 0.020371147 
742 296 22 31 0.020116555 
278 -5 46 59 0.020080125 
288 1326 8 10 0.020043606 
