48_Parachutist_Paratrooper_Parachutist_Paratrooper_48_72
285
17 307 23 28 0.98985577 
614 326 24 30 0.9860924 
93 323 30 35 0.9752006 
169 288 34 38 0.9738633 
253 274 31 38 0.9698382 
710 284 13 18 0.96381533 
55 321 24 26 0.9542808 
335 281 21 27 0.93497056 
862 300 14 17 0.92981833 
765 304 15 17 0.9229542 
479 293 24 28 0.8736993 
956 309 10 12 0.7165733 
457 307 17 22 0.5535745 
809 295 10 12 0.4453401 
840 298 11 13 0.43095937 
538 286 13 18 0.35854578 
401 285 24 31 0.3533085 
974 310 9 11 0.34246144 
813 298 10 14 0.32622397 
186 295 30 33 0.32412705 
571 289 15 20 0.29801932 
804 322 12 14 0.28009564 
749 293 12 17 0.26196215 
757 331 13 16 0.2616138 
993 319 11 13 0.2276629 
566 274 14 18 0.22391422 
825 319 10 12 0.22195807 
937 295 10 12 0.2200417 
200 297 25 31 0.20954806 
791 301 10 13 0.20488495 
46 305 24 29 0.19663611 
265 284 25 34 0.19443077 
604 291 14 18 0.18853748 
933 324 10 15 0.18808345 
780 330 13 16 0.18739046 
870 325 12 15 0.18666099 
830 322 11 15 0.18649566 
799 320 10 15 0.18442196 
918 340 11 14 0.17014395 
823 307 11 14 0.16814576 
927 341 10 13 0.1646235 
0 315 11 19 0.16073929 
903 314 12 16 0.1599175 
791 318 11 13 0.15822898 
897 304 9 11 0.15506764 
969 308 9 12 0.13563406 
864 331 10 12 0.1343728 
635 297 13 17 0.1284995 
1013 303 8 13 0.1270157 
686 289 14 19 0.12582554 
460 284 12 15 0.1250892 
934 330 10 15 0.12291101 
629 291 15 19 0.11996189 
926 302 11 13 0.11612541 
752 333 13 17 0.11410465 
687 299 12 16 0.110795304 
821 362 12 15 0.10819148 
876 302 10 14 0.10553537 
902 341 10 13 0.10514659 
845 326 12 16 0.10478316 
838 323 12 16 0.104448974 
463 302 21 27 0.10008624 
868 297 12 16 0.096880086 
132 328 18 21 0.096489646 
477 374 12 15 0.09523444 
984 341 9 11 0.09169402 
235 297 16 21 0.08942394 
276 293 18 25 0.08356598 
940 300 10 12 0.083542004 
206 286 27 33 0.083405696 
984 335 9 12 0.08289839 
565 282 16 21 0.08169916 
548 347 13 16 0.08055457 
232 291 26 34 0.07876006 
1009 306 9 13 0.077959895 
932 339 10 13 0.07497588 
799 294 9 12 0.07426666 
599 295 16 20 0.07028789 
907 321 13 16 0.06984228 
783 301 10 13 0.06977413 
742 310 11 15 0.06660582 
628 285 13 16 0.06553679 
775 327 12 16 0.06474828 
514 322 15 17 0.06432574 
776 268 9 13 0.0642286 
4 310 23 27 0.06339949 
912 340 10 13 0.06303332 
968 304 9 11 0.06285847 
817 306 10 14 0.06270617 
975 315 10 12 0.06199411 
927 318 12 15 0.060245518 
744 297 12 16 0.059189092 
856 306 12 15 0.058664836 
975 305 8 11 0.058134086 
920 334 10 14 0.05658176 
632 328 17 22 0.05621497 
50 303 15 18 0.055459358 
218 276 27 32 0.055011213 
487 287 25 28 0.054976966 
797 300 11 13 0.054922152 
885 302 11 14 0.053534042 
703 309 12 16 0.05345294 
949 324 11 14 0.053248167 
904 334 10 14 0.05226964 
818 277 8 10 0.05202272 
953 305 9 11 0.051278826 
927 332 11 15 0.051067483 
820 303 11 14 0.050836187 
689 281 20 25 0.04966549 
662 318 12 14 0.04808973 
498 292 14 17 0.047751285 
800 286 10 12 0.046685044 
789 306 13 15 0.0463177 
732 311 14 20 0.045620378 
813 319 10 13 0.045260243 
740 359 12 15 0.044850577 
926 319 20 26 0.044839587 
612 317 17 21 0.044697035 
852 325 12 16 0.04447851 
643 330 14 20 0.042688318 
1009 319 9 11 0.042652622 
622 279 13 16 0.04191323 
559 288 17 21 0.04163214 
1000 310 8 11 0.04120489 
834 280 8 11 0.041045666 
799 367 10 13 0.04099001 
492 479 11 13 0.03979988 
990 332 9 13 0.03972561 
578 292 15 21 0.039210293 
667 315 12 15 0.03883011 
982 318 10 12 0.038156096 
995 360 12 15 0.038038597 
493 314 13 17 0.037728302 
910 284 10 13 0.037483256 
29 304 19 26 0.036983937 
943 323 10 15 0.036616713 
504 399 10 12 0.036459222 
839 279 8 11 0.03584117 
885 333 11 14 0.035749953 
275 559 22 29 0.035740808 
851 316 12 15 0.035559766 
897 315 11 14 0.035215255 
237 276 26 34 0.03491858 
863 338 11 14 0.034817405 
941 308 9 13 0.034602243 
911 363 11 14 0.034477063 
422 284 15 19 0.03427838 
560 276 13 17 0.03422222 
897 341 10 13 0.034200888 
993 312 8 11 0.034162104 
951 315 12 15 0.034161404 
903 229 9 10 0.034028843 
924 307 12 13 0.033988055 
914 316 14 16 0.03390965 
603 303 15 19 0.03389489 
231 469 22 25 0.033518806 
756 345 14 17 0.03349801 
413 282 21 30 0.033454984 
800 276 10 12 0.033376325 
927 295 10 12 0.032804444 
984 301 8 10 0.03219578 
845 317 14 19 0.032108024 
751 402 12 14 0.031804346 
726 309 14 19 0.03179496 
804 373 10 13 0.031254254 
921 302 10 12 0.031225972 
598 221 12 14 0.03116124 
419 305 14 19 0.03095468 
512 428 9 12 0.03094274 
806 289 10 12 0.030556355 
630 298 22 26 0.03044342 
218 315 29 33 0.030198252 
754 290 15 20 0.030006392 
585 286 20 26 0.029939765 
223 303 29 33 0.02974664 
777 322 21 25 0.02970329 
762 335 14 18 0.029652428 
908 332 11 15 0.0296478 
0 580 10 17 0.029608507 
786 318 20 23 0.029500904 
759 312 15 17 0.0292784 
926 364 10 13 0.029253287 
951 293 8 10 0.029249819 
-3 312 19 28 0.028917944 
807 291 18 22 0.028888058 
832 314 20 25 0.0286748 
500 317 12 16 0.02856976 
1014 317 9 13 0.028553076 
480 479 9 12 0.028471202 
612 281 21 26 0.028385984 
887 294 11 14 0.028327707 
620 292 23 27 0.028303934 
953 288 8 11 0.028249646 
860 321 19 23 0.028234586 
362 343 17 24 0.028088208 
957 342 10 13 0.028052289 
820 304 20 24 0.027893266 
806 272 9 11 0.027883803 
704 297 13 18 0.027874207 
1009 324 8 11 0.027718537 
764 326 13 16 0.027653996 
469 284 14 16 0.027600057 
718 377 12 14 0.027587239 
821 317 20 23 0.027372176 
787 331 11 14 0.027270423 
917 323 13 16 0.026964564 
804 306 13 16 0.02689505 
797 314 18 24 0.02681994 
182 296 20 23 0.026687901 
844 307 13 16 0.026572505 
695 316 13 16 0.026412733 
488 483 11 13 0.026240798 
988 340 10 12 0.026090806 
936 289 9 11 0.02590056 
800 271 10 12 0.025826305 
39 529 15 16 0.02569916 
982 366 10 14 0.025625257 
758 284 12 16 0.025392426 
983 296 8 9 0.02518186 
527 299 13 18 0.025008954 
733 300 12 15 0.024831658 
605 300 23 30 0.024797434 
942 383 10 11 0.024609962 
993 304 7 9 0.024523167 
840 322 20 24 0.02449944 
119 327 28 33 0.02445465 
837 284 11 12 0.024437506 
787 181 16 19 0.024389222 
797 307 12 15 0.024380745 
730 297 22 29 0.024347788 
854 367 9 12 0.024311623 
918 365 10 13 0.024226652 
651 335 14 19 0.024194807 
930 294 19 22 0.023921842 
782 251 10 13 0.023406938 
901 310 22 25 0.02318269 
832 303 10 13 0.023072701 
835 295 18 21 0.02279553 
780 198 13 18 0.022744095 
878 329 11 15 0.02268501 
93 529 14 17 0.022596842 
743 285 13 17 0.022536663 
980 310 10 12 0.02244763 
212 280 19 22 0.022444792 
380 255 13 20 0.022379445 
894 334 11 14 0.022132022 
457 279 20 26 0.02212902 
894 304 18 24 0.02189448 
816 357 20 26 0.021799147 
764 295 15 19 0.021791203 
951 304 18 22 0.021708531 
941 330 11 16 0.021659948 
817 272 8 11 0.02165102 
419 286 23 33 0.02163065 
552 344 20 25 0.021557957 
724 373 12 16 0.02154141 
791 246 10 13 0.02145224 
414 78 104 160 0.021450238 
822 295 9 12 0.021428237 
412 302 15 21 0.021394083 
822 350 12 15 0.02138651 
815 297 20 24 0.021328434 
959 334 10 11 0.021272635 
74 536 14 18 0.021255776 
627 311 25 30 0.021204269 
916 327 20 25 0.021140303 
280 295 24 31 0.020988321 
987 317 20 24 0.02097747 
893 296 11 12 0.020971498 
828 327 13 17 0.020957645 
781 260 10 14 0.020949746 
664 312 10 13 0.02093784 
804 367 11 14 0.020826444 
1000 303 9 11 0.020782515 
532 297 14 18 0.02077977 
124 550 16 17 0.020730808 
733 282 11 16 0.020549439 
610 295 15 20 0.020437988 
616 303 25 30 0.020428373 
917 397 9 11 0.020361153 
622 288 16 20 0.02025673 
90 305 25 29 0.020218924 
733 291 13 18 0.02021237 
920 294 9 11 0.02006953 
421 514 13 15 0.020065177 
