17_Ceremony_Ceremony_17_113
56
356 210 110 133 0.99992836 
610 169 116 161 0.99991214 
764 251 21 34 0.98518026 
530 285 23 37 0.98473305 
953 293 16 23 0.9503041 
825 301 23 35 0.8841958 
285 288 29 43 0.6790356 
853 273 16 22 0.61329997 
244 305 19 31 0.6111007 
832 310 26 33 0.3243476 
739 269 27 39 0.2122721 
1006 280 15 19 0.20620638 
980 318 18 24 0.19447073 
748 248 40 56 0.11305403 
272 286 30 50 0.10569629 
857 268 15 19 0.104616486 
985 314 22 31 0.09855382 
251 299 25 39 0.09353289 
818 299 16 23 0.0902924 
995 300 28 35 0.08954381 
884 271 15 22 0.07901295 
563 272 12 16 0.07048668 
860 272 23 28 0.053559165 
1002 290 22 30 0.0532156 
237 298 42 62 0.052672688 
562 293 14 21 0.050657094 
971 321 23 29 0.037884172 
900 276 14 20 0.03723495 
153 448 168 220 0.03702243 
168 313 28 45 0.036487833 
849 308 24 38 0.0362409 
874 271 22 28 0.03572005 
738 272 46 56 0.035063684 
964 340 15 20 0.034197953 
546 287 22 32 0.03351984 
231 304 28 39 0.033362035 
848 274 26 33 0.03247707 
207 315 43 53 0.031164296 
821 317 34 40 0.02957303 
940 362 14 18 0.028798789 
891 321 26 34 0.027753213 
558 276 20 34 0.027534887 
924 308 14 18 0.026788557 
849 269 13 19 0.026556037 
931 344 16 20 0.026276417 
806 240 15 20 0.025569338 
925 319 14 18 0.025365528 
764 247 15 24 0.025061116 
889 269 20 28 0.024531798 
216 306 27 41 0.023864668 
774 253 25 34 0.023642993 
675 530 235 224 0.022774357 
324 0 30 26 0.021935524 
840 291 29 40 0.020948708 
866 266 17 22 0.020365601 
763 371 61 65 0.0201686 
