17_Ceremony_Ceremony_17_735
79
294 214 482 613 0.9999591 
604 1332 13 16 0.39124316 
902 1284 31 39 0.19088522 
376 596 461 513 0.1698882 
802 1239 18 23 0.10291602 
818 1264 25 33 0.09395833 
556 1383 25 33 0.08793585 
540 1286 17 22 0.08593172 
581 1296 22 27 0.085783586 
554 1329 15 18 0.071102135 
586 1322 13 16 0.070499115 
790 1329 15 19 0.069120534 
513 195 377 497 0.0690891 
498 1317 15 19 0.06010666 
566 1312 13 17 0.05871162 
540 1351 17 22 0.058277477 
245 1047 18 22 0.05709511 
886 700 150 203 0.05571695 
-99 35 505 499 0.04981274 
510 1276 14 19 0.049311966 
471 1292 13 16 0.04874277 
858 1227 27 37 0.048324108 
851 822 29 44 0.04813013 
190 1021 37 42 0.047896344 
908 409 151 234 0.046297293 
445 1370 27 33 0.045694966 
460 1256 14 19 0.045084704 
573 1313 12 17 0.0441097 
597 1336 14 16 0.042273894 
857 1405 33 40 0.041575193 
558 1363 13 17 0.039956972 
507 1415 27 36 0.037632126 
575 1303 20 26 0.03580783 
547 1348 15 19 0.03558446 
482 1312 13 17 0.034591608 
524 1333 13 16 0.033456504 
592 1297 16 20 0.032784205 
614 1312 12 17 0.029247848 
376 1397 36 41 0.029181316 
633 1342 16 19 0.028827406 
508 1412 46 57 0.027567368 
599 1327 14 17 0.027357614 
658 1294 28 32 0.027241543 
164 859 503 565 0.02635828 
622 1090 14 16 0.026319915 
522 1374 23 31 0.026122507 
597 1347 15 19 0.026002547 
824 703 151 142 0.025709687 
272 880 35 35 0.025520043 
332 1009 27 30 0.024674851 
469 1329 115 126 0.024638502 
588 1100 466 596 0.024586217 
423 1406 33 41 0.02457166 
502 1311 12 14 0.024355603 
588 1352 15 21 0.023815345 
547 1335 21 27 0.023719354 
405 1324 127 143 0.023354447 
514 1289 13 15 0.023294391 
846 810 50 68 0.022881322 
63 647 414 470 0.022857713 
500 1333 22 27 0.022650229 
605 1320 20 28 0.022571774 
552 1357 23 30 0.022531465 
351 1213 106 132 0.022299139 
587 1324 21 26 0.02219611 
72 1029 425 499 0.022039354 
585 1428 34 40 0.021974426 
653 1310 28 36 0.02130668 
893 765 170 255 0.021083947 
861 1350 29 38 0.020976165 
793 1272 16 23 0.020743335 
426 1280 23 29 0.020734577 
890 1180 28 31 0.020509237 
286 1120 13 17 0.020444266 
664 1294 12 14 0.020397888 
543 1401 43 56 0.020161653 
698 1280 13 18 0.020082073 
505 1400 28 34 0.020026037 
499 1329 16 20 0.020011416 
