17_Ceremony_Ceremony_17_227
330
262 493 12 15 0.8584006 
572 458 14 18 0.8441063 
957 465 13 16 0.77065223 
437 722 19 22 0.5031235 
165 495 11 15 0.42220888 
911 451 11 14 0.41292953 
388 729 15 18 0.28645027 
827 696 15 21 0.27488047 
626 719 17 21 0.2745431 
485 683 15 20 0.24686556 
523 741 18 19 0.21492836 
855 749 14 17 0.2069504 
794 671 30 36 0.1971571 
292 655 34 36 0.18759975 
311 492 11 15 0.1826328 
933 731 16 19 0.16755731 
749 643 16 19 0.13181269 
21 711 51 49 0.12979458 
575 680 16 19 0.12521023 
246 487 8 12 0.11743856 
533 724 14 17 0.11278534 
714 692 15 18 0.11144685 
435 653 14 17 0.10587427 
941 677 14 18 0.10345999 
955 462 11 13 0.101439685 
526 683 16 19 0.09624952 
364 674 14 18 0.0908094 
2 721 15 21 0.088684745 
112 494 13 16 0.08829931 
245 478 9 11 0.08459812 
373 692 15 20 0.08206459 
664 472 9 12 0.0818723 
586 639 15 19 0.080526814 
388 699 16 20 0.079947315 
930 652 17 23 0.07989011 
817 698 21 27 0.079796925 
516 719 16 19 0.07783286 
653 485 11 14 0.07780186 
301 511 8 11 0.07715348 
686 705 15 18 0.07629067 
254 735 28 30 0.076140545 
877 615 14 17 0.07555643 
948 660 17 22 0.07342108 
500 662 15 18 0.0719243 
809 680 17 22 0.06941569 
468 713 16 21 0.06838508 
540 655 21 26 0.06796704 
917 643 15 18 0.067791075 
967 486 9 11 0.06750511 
504 683 17 19 0.067477435 
35 709 14 18 0.06733486 
1012 688 12 18 0.065921985 
946 673 17 21 0.065740556 
412 661 15 18 0.06271226 
359 727 21 25 0.06227919 
414 642 12 15 0.061576363 
460 723 14 18 0.06031566 
1010 486 10 12 0.059238236 
416 721 17 20 0.05918489 
578 687 18 21 0.05834875 
860 743 13 16 0.058281057 
635 658 14 16 0.05814758 
674 688 16 19 0.057957176 
987 639 17 21 0.057913087 
566 712 17 20 0.057792258 
983 636 14 17 0.05509767 
532 731 16 20 0.054714743 
962 462 11 16 0.0530492 
452 675 13 17 0.052932434 
1003 627 16 21 0.05155888 
612 716 14 17 0.050975755 
609 689 16 20 0.050901752 
516 660 14 17 0.05044243 
571 660 13 14 0.04998989 
375 670 12 16 0.049791317 
911 706 15 20 0.049790964 
293 611 10 12 0.049375176 
996 631 23 29 0.049186643 
589 705 14 18 0.048215948 
662 676 14 16 0.047826257 
257 469 8 11 0.04761523 
892 730 15 20 0.04739919 
413 690 13 16 0.046094522 
605 648 25 27 0.045822345 
470 645 14 16 0.04576763 
461 698 19 21 0.04567461 
27 705 26 32 0.045632426 
834 689 17 22 0.045526296 
684 735 16 22 0.044413965 
573 654 13 15 0.044329226 
632 727 17 20 0.044290457 
504 662 22 26 0.044218775 
910 511 11 12 0.04365402 
981 693 13 18 0.043545373 
495 659 13 18 0.04304013 
246 471 9 12 0.042666852 
929 437 9 13 0.042472657 
805 702 26 30 0.0422729 
627 754 16 16 0.042240113 
247 701 15 18 0.04220087 
452 723 15 19 0.041054297 
974 673 17 20 0.04081418 
998 620 14 17 0.04072299 
555 747 17 18 0.04011436 
636 683 16 18 0.039826505 
40 710 25 29 0.039721165 
573 737 14 18 0.039714005 
887 474 9 13 0.039106183 
966 627 22 28 0.03894716 
481 657 16 20 0.037436858 
477 652 15 18 0.03731295 
380 696 18 21 0.03714903 
645 704 22 27 0.036735278 
437 710 15 17 0.0362771 
577 714 15 20 0.03618259 
619 652 22 26 0.036124658 
158 195 11 13 0.036069337 
1006 682 14 19 0.035872966 
838 675 12 16 0.035734955 
712 687 13 15 0.03560496 
732 720 16 21 0.03552429 
972 643 13 18 0.03547618 
629 681 15 19 0.035203863 
346 671 21 29 0.035124525 
207 676 14 17 0.034980435 
951 581 11 12 0.034145497 
364 689 15 20 0.03403816 
510 30 10 14 0.03401294 
915 729 13 19 0.03355966 
927 419 10 14 0.03355642 
582 651 14 16 0.03310766 
712 696 23 30 0.03305717 
508 36 10 14 0.03305498 
188 659 13 16 0.032995123 
631 715 18 20 0.032966163 
478 686 14 20 0.032951467 
924 735 23 27 0.03288235 
486 721 16 21 0.03281107 
359 676 21 27 0.03279057 
477 669 21 27 0.032701775 
45 -3 342 459 0.032604307 
397 652 12 17 0.03229836 
549 721 15 19 0.03214421 
626 659 23 26 0.032063287 
618 706 25 29 0.03184275 
592 637 22 29 0.03166427 
523 721 15 18 0.03165138 
346 670 14 18 0.03162826 
771 637 16 23 0.031590443 
738 658 17 17 0.031562082 
637 675 16 18 0.03155419 
885 729 14 22 0.031492434 
801 732 17 20 0.031489257 
405 718 24 27 0.03132441 
787 745 16 18 0.031078754 
618 688 15 20 0.030926745 
152 254 12 14 0.030623343 
257 487 9 14 0.030572537 
894 575 10 12 0.030523663 
725 704 16 20 0.030514332 
538 736 15 19 0.030460168 
866 658 16 19 0.030449612 
985 697 16 19 0.030421818 
520 35 11 14 0.030406801 
431 723 16 20 0.030393923 
787 679 27 36 0.030330138 
636 708 24 27 0.030249147 
910 641 15 19 0.029947218 
605 643 15 19 0.029728262 
883 614 13 15 0.029581867 
405 652 13 17 0.02953631 
446 659 12 15 0.029512966 
678 476 10 13 0.029485755 
927 428 11 15 0.029178968 
513 685 21 26 0.029146628 
747 725 18 22 0.029003456 
627 674 15 19 0.028886503 
453 660 12 15 0.028821843 
338 747 16 17 0.028680764 
53 711 11 15 0.028619768 
949 485 10 12 0.028489962 
582 669 23 25 0.028301189 
937 657 15 20 0.028195472 
925 645 13 16 0.028151186 
866 628 15 17 0.027934268 
393 704 15 19 0.02789214 
898 731 17 19 0.027852483 
743 637 14 17 0.027803073 
43 710 15 17 0.027778039 
695 700 24 29 0.027735328 
1010 631 14 22 0.027726255 
380 733 22 24 0.027642706 
383 708 24 27 0.027513398 
615 460 8 12 0.027465161 
345 727 25 31 0.027458362 
489 672 22 27 0.027244864 
987 644 27 32 0.027229372 
595 714 15 18 0.026848815 
580 707 15 19 0.026814755 
885 735 20 29 0.026749613 
420 689 13 18 0.02670259 
303 517 8 10 0.026440885 
790 430 10 13 0.026414528 
813 713 25 31 0.026290298 
198 661 13 15 0.026118686 
296 504 10 12 0.026030459 
807 728 24 28 0.025937496 
706 712 16 20 0.025863035 
368 730 15 20 0.025854656 
566 666 15 18 0.025845842 
587 689 15 19 0.025837757 
832 677 11 15 0.0257658 
814 739 14 19 0.025500933 
688 696 22 26 0.025464337 
495 652 12 16 0.025392903 
509 719 16 21 0.025189986 
258 653 14 18 0.02509568 
392 648 22 29 0.025053006 
996 675 15 20 0.025036529 
456 734 22 25 0.025022741 
961 661 24 27 0.025007274 
629 653 16 19 0.024821218 
992 687 21 26 0.024808245 
437 667 12 16 0.024747478 
661 692 20 28 0.024733631 
501 674 19 20 0.024709027 
973 689 15 20 0.0246587 
811 719 16 21 0.024657441 
531 696 19 23 0.0246493 
674 696 17 20 0.024577552 
878 626 13 17 0.02430842 
564 731 17 19 0.024235584 
215 519 9 11 0.024189506 
670 471 11 12 0.024111185 
701 691 14 17 0.02407904 
275 653 15 18 0.02396454 
421 651 14 16 0.023841271 
772 650 14 18 0.023815887 
151 518 11 13 0.023763644 
502 754 14 15 0.023762487 
581 643 22 28 0.023742026 
532 650 23 27 0.023692809 
420 643 14 16 0.02368714 
497 719 20 27 0.023651205 
313 511 8 10 0.02364105 
198 386 13 18 0.023598438 
564 719 21 24 0.023595488 
583 659 13 15 0.02353107 
469 693 21 27 0.023502788 
625 685 23 26 0.02348232 
905 452 11 14 0.023469111 
297 641 31 36 0.023412835 
921 642 22 26 0.023275929 
492 442 12 16 0.023248516 
393 736 16 21 0.023247154 
902 574 9 11 0.023149293 
475 721 14 18 0.023133986 
449 675 22 27 0.023028584 
261 503 12 16 0.022928853 
967 493 9 12 0.022918915 
736 720 21 28 0.022918252 
447 737 23 25 0.022820538 
611 645 16 18 0.022774285 
644 690 15 17 0.02267954 
255 355 11 14 0.022614291 
966 649 15 18 0.022484617 
961 486 8 11 0.022468487 
210 680 16 20 0.022430293 
292 662 19 23 0.022415712 
862 630 22 27 0.022410326 
723 709 24 28 0.022369668 
439 649 20 27 0.02231992 
547 683 13 16 0.02224343 
436 646 14 17 0.022231435 
544 729 24 27 0.022201566 
543 638 11 13 0.022166848 
412 699 14 16 0.022140646 
418 666 13 16 0.022030294 
953 644 23 29 0.022009246 
609 658 24 28 0.021958638 
958 751 15 14 0.021818215 
393 691 16 18 0.021799233 
742 650 15 17 0.021784628 
332 730 25 31 0.021771014 
410 638 21 26 0.021746604 
183 659 11 14 0.021700306 
709 684 25 29 0.021695876 
522 750 17 18 0.021674758 
607 704 24 28 0.021654163 
714 715 26 32 0.021613915 
409 665 23 27 0.021606985 
759 637 21 27 0.021596875 
4 710 25 32 0.021483693 
989 618 22 29 0.02139831 
166 502 11 16 0.021387422 
917 736 13 19 0.021358535 
407 658 14 17 0.021349853 
991 487 9 11 0.021203617 
918 428 11 16 0.021153752 
927 442 10 14 0.021138223 
540 681 15 18 0.021126267 
412 652 13 16 0.021089016 
542 645 13 14 0.02106113 
555 659 13 19 0.021041812 
943 646 24 30 0.020794146 
701 720 16 21 0.02076041 
819 732 16 20 0.020751039 
257 478 9 12 0.020729847 
820 736 25 27 0.020673616 
356 716 15 18 0.02063209 
558 199 12 15 0.020534141 
300 588 12 14 0.020518577 
257 485 19 25 0.020513663 
492 738 15 18 0.020508742 
679 687 20 25 0.020507693 
968 583 9 11 0.020495534 
406 645 12 15 0.020480419 
617 670 22 27 0.020458018 
939 662 19 24 0.020442558 
874 734 22 28 0.020418303 
924 718 21 27 0.02040261 
902 727 23 28 0.02037272 
750 632 10 14 0.02035349 
972 485 10 12 0.020326497 
906 443 19 25 0.020308174 
691 737 16 21 0.02025895 
867 615 20 24 0.020214343 
982 679 23 29 0.020057077 
791 436 10 14 0.020032456 
519 83 13 17 0.020030044 
