17_Ceremony_Ceremony_17_220
280
580 289 13 16 0.93942565 
447 366 10 14 0.6391868 
383 337 9 12 0.47568342 
336 366 11 12 0.4433544 
400 371 11 16 0.42038703 
552 379 13 16 0.40929136 
379 304 9 12 0.3958235 
901 393 13 17 0.36866835 
349 342 8 11 0.33913493 
504 381 11 17 0.25564352 
509 386 13 17 0.24962996 
484 300 10 15 0.23233262 
161 383 11 13 0.22910951 
955 395 11 14 0.22544119 
299 393 15 19 0.22326447 
272 385 22 28 0.20824996 
459 391 16 21 0.20110378 
375 377 12 16 0.19865385 
647 283 12 16 0.1965371 
433 374 9 12 0.19384229 
426 388 9 13 0.18442002 
91 377 15 21 0.18130146 
51 368 19 26 0.17415446 
274 378 17 21 0.16837244 
483 341 12 14 0.16694295 
381 396 16 19 0.14728253 
327 340 10 14 0.1405726 
212 381 10 13 0.13283578 
491 77 15 20 0.1294573 
525 380 13 18 0.12843941 
463 351 10 14 0.1200606 
329 398 16 23 0.11369544 
198 381 12 14 0.108702056 
99 384 18 22 0.108626544 
400 332 9 13 0.10397098 
357 366 12 15 0.1038977 
213 375 9 12 0.10365889 
27 358 13 16 0.103479914 
517 386 13 17 0.099743225 
136 375 9 10 0.09468128 
351 366 12 14 0.09420799 
539 355 13 17 0.08490157 
423 317 9 12 0.08287516 
339 370 12 16 0.07953985 
460 379 14 18 0.078785196 
430 380 11 14 0.0768054 
897 389 11 17 0.07621251 
550 318 8 11 0.07598043 
644 279 11 14 0.074188165 
413 388 12 15 0.0740248 
437 372 9 12 0.0697463 
45 376 23 30 0.06858244 
101 369 15 18 0.06832087 
412 200 24 30 0.06698507 
386 341 10 13 0.064351626 
105 393 17 20 0.06341862 
79 363 11 13 0.06232413 
372 385 13 18 0.061882615 
415 369 13 17 0.060203418 
403 378 12 16 0.059799094 
394 311 8 10 0.059566706 
367 387 11 16 0.059401043 
398 385 11 15 0.057854895 
462 378 23 31 0.05784222 
320 380 12 16 0.057504196 
364 372 10 13 0.057462845 
406 386 12 15 0.056863 
332 379 14 17 0.056317877 
599 391 11 15 0.055175316 
339 399 15 22 0.05515714 
340 379 13 17 0.054600235 
280 372 14 18 0.05440292 
586 286 12 16 0.05387922 
378 387 15 19 0.053541683 
454 370 10 15 0.05350667 
77 409 22 27 0.0526487 
307 386 13 18 0.051539075 
718 208 11 13 0.050234403 
443 360 17 23 0.05005007 
919 395 11 16 0.04985751 
640 283 12 14 0.0490871 
41 366 22 28 0.04850058 
463 332 9 13 0.04812642 
194 381 10 13 0.04775062 
186 416 17 20 0.046784554 
262 389 25 33 0.046679914 
379 340 9 12 0.046459507 
637 262 9 11 0.045648538 
565 427 12 17 0.0455065 
406 332 9 12 0.045456376 
589 307 12 15 0.044995423 
206 325 8 12 0.044908352 
197 395 15 17 0.044568386 
345 365 21 24 0.044375304 
158 375 12 14 0.044146284 
420 48 14 18 0.04414622 
293 355 10 12 0.044092823 
428 392 12 16 0.043928534 
585 332 12 14 0.043617427 
125 381 11 14 0.04326846 
646 289 14 20 0.0431746 
282 391 15 21 0.043005574 
337 230 9 11 0.04275015 
105 378 19 24 0.042485066 
478 63 10 11 0.0424617 
324 384 15 19 0.042315885 
254 374 10 14 0.04217544 
385 320 8 10 0.041930385 
403 366 12 17 0.041879043 
426 312 9 11 0.041851707 
321 339 12 14 0.041731913 
429 335 8 11 0.04172977 
487 322 11 14 0.041728497 
338 386 15 19 0.041642223 
389 333 10 13 0.041568987 
923 397 12 16 0.04143588 
497 73 20 28 0.041098054 
337 498 11 16 0.0407608 
871 407 9 11 0.040584475 
887 435 10 13 0.040388346 
19 381 16 21 0.040342744 
378 334 10 12 0.040311668 
638 269 10 12 0.039815873 
181 448 29 35 0.039784692 
390 349 9 11 0.03970731 
347 378 14 17 0.039154127 
357 380 13 15 0.03890992 
898 393 22 27 0.038770016 
574 323 12 15 0.038638562 
114 383 15 19 0.038515482 
327 205 12 16 0.03849026 
10 380 20 27 0.03776896 
441 366 11 14 0.037704542 
141 374 9 11 0.03743975 
309 340 9 12 0.037077356 
342 295 11 14 0.036694754 
423 350 8 11 0.036427896 
305 334 9 12 0.036230255 
536 350 12 16 0.036070663 
3 389 15 22 0.035605993 
384 325 9 12 0.035521735 
182 373 9 13 0.0354483 
422 323 10 13 0.035414085 
22 378 24 29 0.03535019 
399 359 9 11 0.03514243 
272 375 13 16 0.03513156 
292 398 25 27 0.03503783 
389 390 12 16 0.034901667 
545 319 9 11 0.03460574 
59 369 22 28 0.034500003 
581 325 13 14 0.03412558 
887 430 9 13 0.033864327 
413 380 13 16 0.03368478 
44 390 16 21 0.03366597 
327 382 21 27 0.0335002 
129 375 9 12 0.033395987 
908 400 13 16 0.03334607 
197 374 12 15 0.033213194 
854 436 9 11 0.03303454 
576 298 12 14 0.032484856 
341 425 14 19 0.03238576 
573 419 11 14 0.032240916 
148 398 13 14 0.032059226 
644 298 15 19 0.032037005 
63 358 10 12 0.031973083 
347 393 15 21 0.03174441 
479 78 23 25 0.03156281 
69 339 11 15 0.031512637 
543 91 12 14 0.031058595 
246 385 43 49 0.030153729 
201 380 21 24 0.029996712 
463 317 9 11 0.02997591 
424 382 18 24 0.029733067 
465 296 46 61 0.029678913 
583 308 11 14 0.029633796 
160 377 18 24 0.02956361 
470 340 10 12 0.029331202 
425 340 9 11 0.029326882 
464 311 9 12 0.029191356 
27 366 23 30 0.02888808 
325 328 9 11 0.028576793 
374 394 13 18 0.028527683 
456 379 12 16 0.028106881 
176 371 11 14 0.028015416 
71 357 10 12 0.02782817 
116 403 13 16 0.027697463 
300 381 15 19 0.027637467 
392 326 9 11 0.027252683 
480 336 12 15 0.027168192 
521 389 16 21 0.027160158 
417 350 8 10 0.026987782 
506 79 17 23 0.026969938 
336 361 19 23 0.026911872 
101 412 12 16 0.026863333 
463 63 11 14 0.026860727 
89 395 23 31 0.026782032 
198 368 11 13 0.026779745 
559 316 10 13 0.026768673 
214 368 10 13 0.02665153 
910 389 20 26 0.026633427 
673 277 8 12 0.026631149 
181 419 26 29 0.026344942 
414 44 23 29 0.026336126 
26 355 21 27 0.026282337 
900 382 13 17 0.026278216 
133 461 12 15 0.026272533 
395 396 12 17 0.026014442 
118 375 22 26 0.026010191 
194 401 16 19 0.025955856 
573 315 13 16 0.025883121 
780 414 10 14 0.025757257 
480 55 9 10 0.025535284 
419 366 12 15 0.025458287 
70 348 11 14 0.025438605 
573 330 13 14 0.025399508 
573 290 22 26 0.025208395 
365 318 9 12 0.025090422 
478 296 20 27 0.025056744 
319 388 21 29 0.024920728 
288 350 11 14 0.024815435 
386 373 20 26 0.024668956 
77 376 17 22 0.024580533 
357 365 20 25 0.024509016 
401 351 8 11 0.024455054 
101 400 15 19 0.024202824 
311 335 10 13 0.024022141 
527 375 19 28 0.023864636 
157 394 12 14 0.023819711 
407 350 7 10 0.023599975 
526 431 24 29 0.02349181 
364 377 17 23 0.023439538 
229 375 10 14 0.023411447 
373 327 10 12 0.023271961 
402 205 27 31 0.02319765 
419 319 8 11 0.023163525 
184 380 10 12 0.023145134 
750 429 11 14 0.023139741 
194 417 15 18 0.02291534 
837 430 9 12 0.022853002 
65 386 41 47 0.022753973 
396 55 32 37 0.022751395 
469 372 14 17 0.022727959 
472 62 10 12 0.022698948 
63 351 11 13 0.022637801 
383 296 9 11 0.022626175 
646 273 10 13 0.02242832 
357 387 15 17 0.022414668 
502 390 15 19 0.022412553 
107 410 14 16 0.022373937 
151 371 11 13 0.022251308 
263 365 11 14 0.022199938 
50 378 41 50 0.022182923 
366 351 11 12 0.022088835 
342 223 10 12 0.022016464 
254 366 10 13 0.021898167 
252 401 25 32 0.021888617 
534 319 9 12 0.021796431 
474 387 15 21 0.021781482 
896 388 40 53 0.021730674 
908 382 13 16 0.021618357 
401 341 9 10 0.021494018 
158 344 9 11 0.021487813 
233 277 11 14 0.021470426 
511 68 23 31 0.021443028 
711 263 10 13 0.021344976 
165 375 12 15 0.021189047 
312 232 9 11 0.02099806 
533 325 11 16 0.020968866 
552 313 8 12 0.020908425 
550 86 12 15 0.020875 
359 360 11 13 0.020818727 
451 0 15 14 0.02081197 
367 325 9 12 0.02077438 
631 315 11 14 0.020699238 
435 380 11 13 0.02058437 
5 382 12 19 0.020494506 
936 459 10 12 0.020171007 
472 316 9 12 0.020143615 
543 435 14 17 0.02008902 
999 336 8 10 0.020009251 
