17_Ceremony_Ceremony_17_852
107
507 213 28 44 0.99920243 
463 240 33 40 0.9990331 
853 237 28 44 0.99770606 
404 246 27 39 0.9752391 
494 470 50 65 0.9523773 
756 524 55 60 0.45660096 
30 436 13 19 0.41787425 
10 427 15 17 0.20421688 
458 230 29 39 0.18393797 
357 251 27 44 0.16774489 
184 562 36 47 0.15557738 
892 547 86 110 0.15325627 
231 1110 11 14 0.13150625 
294 1103 9 11 0.12633134 
486 474 35 53 0.11793921 
982 957 39 65 0.10382695 
0 428 9 14 0.10135168 
898 545 50 71 0.07716318 
320 544 77 77 0.07576457 
494 479 78 99 0.07069149 
378 243 40 50 0.069560654 
59 921 14 18 0.06838846 
22 432 18 25 0.06441025 
492 218 37 49 0.0621008 
295 1127 8 10 0.059156887 
269 1108 10 12 0.056251917 
927 526 46 64 0.056227554 
13 415 10 11 0.055268932 
233 584 61 67 0.05493684 
312 1108 9 10 0.05292237 
140 404 11 14 0.05030275 
907 523 36 50 0.04932196 
0 434 7 13 0.048289195 
22 420 10 14 0.046882655 
399 258 26 43 0.046172105 
570 486 35 54 0.044911142 
271 1104 8 10 0.043519445 
281 1120 8 11 0.043506946 
84 565 34 37 0.04283951 
864 529 82 116 0.040995803 
526 507 63 82 0.04027808 
738 533 86 92 0.039660506 
321 895 9 11 0.039136402 
652 390 9 13 0.038212627 
539 1143 25 31 0.038014352 
813 398 44 63 0.03790679 
255 887 11 11 0.03750868 
779 502 58 61 0.036267113 
248 1094 8 10 0.03605253 
303 1118 9 12 0.035826556 
270 886 10 12 0.035576403 
262 885 12 12 0.035539854 
8 422 12 15 0.034007374 
483 77 12 15 0.03333028 
278 1109 8 10 0.03302365 
554 1149 24 31 0.03248962 
745 576 71 79 0.031156948 
335 370 16 17 0.030752314 
503 499 38 57 0.030598637 
21 609 54 69 0.030544268 
304 1111 9 11 0.029662212 
641 457 36 40 0.029534712 
99 573 34 38 0.029514067 
595 421 12 15 0.029395983 
34 430 11 14 0.028898658 
58 479 377 413 0.028429184 
952 527 48 64 0.02807428 
14 409 9 11 0.028029617 
533 475 56 61 0.027534349 
835 454 29 46 0.027324492 
358 330 12 17 0.026885133 
757 558 42 41 0.026793342 
241 893 9 10 0.026627285 
507 1145 22 31 0.026456906 
853 524 54 69 0.026442 
449 529 52 67 0.026136162 
280 1086 7 10 0.026134979 
20 427 13 17 0.026063304 
269 902 10 13 0.025725842 
246 892 10 12 0.025234591 
565 1154 17 20 0.025172206 
11 438 15 18 0.025146892 
253 563 113 100 0.024539411 
279 1081 8 9 0.024446812 
236 1109 9 13 0.024304532 
141 409 13 16 0.024203764 
573 515 50 73 0.023966547 
546 1143 14 16 0.023771895 
629 444 31 39 0.023616994 
16 868 10 12 0.023228418 
326 364 11 14 0.023168923 
327 909 7 9 0.022761298 
174 573 48 71 0.022746395 
321 910 8 10 0.022645887 
523 482 36 43 0.022317648 
239 886 9 11 0.022289874 
257 1080 7 9 0.021855064 
525 219 30 41 0.021489723 
287 1096 9 10 0.021446077 
946 517 35 52 0.021260744 
321 901 8 10 0.021012878 
979 530 39 55 0.020925779 
93 259 12 15 0.020365542 
131 778 232 258 0.020341316 
285 1120 9 11 0.020081155 
265 1095 8 9 0.020079536 
546 945 32 48 0.020036897 
