17_Ceremony_Ceremony_17_765
281
91 473 36 55 0.9959273 
875 297 15 21 0.96861726 
398 293 10 12 0.9649823 
374 289 12 14 0.93825704 
137 310 10 12 0.88977176 
324 295 11 15 0.86973274 
377 400 20 32 0.85698247 
926 298 14 19 0.83556926 
670 290 12 15 0.82470614 
794 283 16 23 0.8140433 
558 276 11 15 0.8053176 
239 305 11 14 0.6396639 
79 305 11 14 0.6287851 
716 287 11 15 0.59452814 
835 310 11 16 0.4710118 
172 439 20 31 0.4392501 
70 331 25 29 0.27575597 
236 342 12 13 0.268223 
4 392 16 22 0.255647 
105 403 16 20 0.24568571 
210 385 14 19 0.23487738 
288 369 12 16 0.20303509 
424 287 8 11 0.18878354 
232 438 19 34 0.17993566 
341 383 11 15 0.17565621 
184 318 10 14 0.17544408 
452 287 9 11 0.16719487 
359 309 8 12 0.15049493 
243 393 17 21 0.1330247 
643 251 12 16 0.12332639 
244 398 24 30 0.118896335 
331 424 16 26 0.11656927 
198 402 11 15 0.111928806 
52 397 26 31 0.108447485 
140 342 13 15 0.10680622 
562 282 14 15 0.103904754 
182 323 11 14 0.100040734 
881 301 16 19 0.099689454 
119 398 11 13 0.099538915 
227 392 14 21 0.097377196 
190 396 13 16 0.095273316 
3 405 15 21 0.09392882 
80 411 20 33 0.0928567 
165 332 9 13 0.09266067 
767 275 10 12 0.09193205 
9 398 15 22 0.08968184 
119 325 12 16 0.0799272 
310 398 22 30 0.07946911 
369 379 10 13 0.07941986 
81 338 15 17 0.074413665 
161 334 9 12 0.071791574 
149 375 11 14 0.07176076 
124 396 10 13 0.07111152 
154 402 16 19 0.0695038 
220 387 15 21 0.06776539 
196 390 12 16 0.06718383 
432 308 11 13 0.065576196 
93 405 22 33 0.06506412 
515 269 10 14 0.064106315 
222 400 13 17 0.06364131 
143 394 14 18 0.060858652 
180 435 15 25 0.060273323 
161 313 8 11 0.059436746 
807 260 9 11 0.05845799 
417 481 13 16 0.058148462 
441 348 9 12 0.05796851 
177 326 9 13 0.056700632 
391 308 9 12 0.056363832 
288 338 12 17 0.056231514 
333 294 10 13 0.056139145 
789 365 8 11 0.055979747 
125 328 13 17 0.055611853 
182 409 21 28 0.05553316 
867 371 10 13 0.055169225 
776 292 10 12 0.054791898 
302 318 10 13 0.053563174 
401 333 9 11 0.053537417 
766 287 10 12 0.05218415 
84 324 15 17 0.051630512 
73 417 19 28 0.05122825 
767 293 9 12 0.051181104 
189 404 14 16 0.051146764 
448 291 10 11 0.050802715 
184 413 13 16 0.050698243 
316 322 14 16 0.04962619 
205 391 13 18 0.047708083 
67 424 17 24 0.047453053 
392 331 8 11 0.04625051 
63 406 22 30 0.045862403 
141 304 10 13 0.045227453 
784 269 8 11 0.04460615 
445 349 8 12 0.04446856 
237 389 15 19 0.04384795 
783 309 12 16 0.043033388 
722 285 12 15 0.042715784 
257 445 23 31 0.042178813 
366 404 15 21 0.04201593 
152 444 29 32 0.041781727 
147 390 24 27 0.04165425 
165 317 8 11 0.041648943 
144 325 11 12 0.04126606 
132 305 17 21 0.04080908 
75 299 20 24 0.040237594 
549 292 11 15 0.040037792 
437 309 10 13 0.039954618 
863 306 10 14 0.039891478 
184 350 10 12 0.039431196 
131 435 23 36 0.039132267 
820 286 11 15 0.039084002 
65 336 12 17 0.03905443 
291 251 11 15 0.03876937 
517 295 8 12 0.0377452 
37 327 9 12 0.036673803 
358 341 9 11 0.036254086 
54 409 25 34 0.036000762 
405 333 9 12 0.03599868 
370 386 17 21 0.035912856 
192 393 18 24 0.035686847 
781 288 10 14 0.035640392 
404 309 10 13 0.035629597 
246 324 12 15 0.03561544 
383 307 10 13 0.035578527 
165 311 8 10 0.035336163 
825 373 8 10 0.03523097 
392 301 11 13 0.035185724 
645 286 10 15 0.035163235 
63 432 23 29 0.03477648 
328 436 23 34 0.03474529 
174 331 10 13 0.034643125 
640 257 12 15 0.0344009 
184 312 9 13 0.034278646 
864 348 10 15 0.034257676 
8 300 9 11 0.034172893 
335 449 25 34 0.03407366 
133 333 14 17 0.034068447 
107 412 16 21 0.033850435 
454 279 8 10 0.033484332 
372 396 19 25 0.033224236 
360 409 14 17 0.032641646 
762 292 10 12 0.03207892 
360 375 10 13 0.032063115 
863 326 10 13 0.031972077 
399 327 9 13 0.031703264 
525 445 10 13 0.031686906 
78 312 14 17 0.031624828 
439 333 10 13 0.031349674 
512 297 10 12 0.031091014 
382 453 28 45 0.031041723 
401 315 9 13 0.030986445 
94 288 11 13 0.03091338 
87 255 10 12 0.03068586 
391 326 9 12 0.030436989 
167 340 9 12 0.029721228 
359 333 9 13 0.02960552 
863 391 9 13 0.029518286 
185 389 10 14 0.029435184 
552 281 12 16 0.029304653 
680 276 9 12 0.02929774 
831 303 11 15 0.02903212 
201 401 15 19 0.028995166 
125 336 13 17 0.028636059 
642 269 12 15 0.02858917 
356 470 30 38 0.02844975 
570 286 12 14 0.028340483 
42 404 29 33 0.02826581 
93 380 13 17 0.028258856 
312 317 12 16 0.02807521 
134 339 21 24 0.027833933 
161 288 8 10 0.027686555 
114 401 14 18 0.027559865 
181 424 16 24 0.02740994 
767 300 9 12 0.027338982 
446 309 9 12 0.02729265 
639 207 9 12 0.027283156 
0 391 13 18 0.027265407 
274 440 23 32 0.027253628 
430 315 12 14 0.027022926 
166 442 17 25 0.026825663 
214 400 14 19 0.026633954 
325 314 13 16 0.026445122 
405 315 10 13 0.026342046 
863 292 11 14 0.026330562 
120 268 8 12 0.026323583 
375 309 10 12 0.026245093 
383 387 21 34 0.026186785 
802 278 13 16 0.026082467 
134 395 12 16 0.025744652 
249 407 24 32 0.025638431 
823 309 12 15 0.025592793 
228 293 11 13 0.02558651 
837 304 11 15 0.025561126 
380 390 14 20 0.0255556 
407 354 8 13 0.025373802 
307 425 15 22 0.025335293 
334 332 12 15 0.025297675 
335 382 19 24 0.025225155 
829 390 8 11 0.025194988 
364 310 11 13 0.025184385 
709 277 13 15 0.025070723 
711 270 10 14 0.02501053 
313 312 25 27 0.02496947 
111 324 12 16 0.024957063 
367 300 9 12 0.02492927 
935 297 17 21 0.024863038 
112 455 29 47 0.0247329 
88 295 10 14 0.024588233 
78 296 11 13 0.0245054 
189 404 22 26 0.02442425 
565 289 14 16 0.024412397 
902 289 15 20 0.02439225 
237 431 25 37 0.024314478 
358 397 13 18 0.024287019 
62 296 9 11 0.024128728 
430 325 10 12 0.02402672 
318 307 13 16 0.023929203 
644 275 11 15 0.023861134 
169 348 9 11 0.02371474 
317 428 23 28 0.02371272 
782 300 12 15 0.02370013 
127 319 10 13 0.02366165 
253 417 25 35 0.023590429 
448 271 8 10 0.023444539 
297 319 10 12 0.023411918 
345 462 29 35 0.023122706 
441 287 9 11 0.02307062 
290 332 12 17 0.023036834 
152 318 9 11 0.022992324 
171 406 23 29 0.022927709 
430 294 9 12 0.022835711 
120 321 20 27 0.022827493 
78 286 10 12 0.022806078 
131 430 17 25 0.022745278 
224 333 10 14 0.022689415 
239 418 26 35 0.022688923 
373 333 10 12 0.022634558 
383 380 11 14 0.022558974 
831 293 10 14 0.022526875 
404 288 9 13 0.022500243 
406 327 9 12 0.022497835 
903 400 9 11 0.022493256 
862 319 10 14 0.022493215 
786 361 8 11 0.0224921 
725 276 11 16 0.022462625 
140 428 24 36 0.022440594 
326 331 13 15 0.022398083 
807 268 11 13 0.02230845 
367 316 11 13 0.022187216 
184 396 12 15 0.022081325 
48 437 27 32 0.022025537 
717 279 12 16 0.021879354 
824 405 8 11 0.021866873 
816 284 10 14 0.021795586 
231 337 20 23 0.021754747 
229 324 11 14 0.021737536 
432 381 10 12 0.021657621 
768 309 9 12 0.021530928 
999 477 8 10 0.021459488 
-6 401 33 51 0.021413842 
432 373 10 13 0.02129306 
72 239 9 11 0.021151412 
439 356 10 13 0.02114285 
394 289 10 14 0.021119239 
621 476 15 16 0.021102484 
259 399 22 31 0.021042528 
230 334 13 16 0.021035329 
132 324 12 15 0.021024978 
72 293 9 13 0.021016307 
871 295 12 18 0.020998057 
665 286 12 18 0.020890819 
783 388 7 10 0.020827089 
761 300 9 12 0.020787202 
825 396 9 12 0.020748869 
123 448 28 42 0.02061646 
241 340 13 15 0.02045939 
247 439 26 34 0.02039283 
294 325 10 13 0.020373482 
773 277 9 11 0.020330625 
316 301 23 27 0.02024769 
106 570 51 79 0.020091513 
324 322 12 15 0.020028362 
175 342 8 12 0.020006007 
