17_Ceremony_Ceremony_17_218
82
855 423 33 41 0.99984646 
292 320 30 37 0.9995906 
463 462 32 36 0.99945396 
40 419 35 43 0.99942183 
326 485 34 43 0.999366 
365 414 35 39 0.99927527 
705 428 33 38 0.99915123 
55 311 34 43 0.99914134 
641 325 29 33 0.9987135 
492 399 32 39 0.9986811 
822 327 31 34 0.9986797 
940 487 36 42 0.9985454 
563 331 26 34 0.99837303 
134 554 40 50 0.9983193 
513 519 45 62 0.9981567 
253 384 33 41 0.99812764 
548 434 33 38 0.99792933 
721 303 27 33 0.9978452 
924 351 31 38 0.9976173 
870 374 31 38 0.99750644 
155 367 35 40 0.99739194 
513 329 28 33 0.9973309 
182 311 33 40 0.99718434 
12 368 33 42 0.9966209 
963 422 34 40 0.99625754 
1000 363 25 41 0.995507 
641 473 45 56 0.995223 
893 508 39 48 0.994335 
248 499 43 55 0.9936725 
630 441 33 36 0.99265 
196 431 44 55 0.9925309 
764 463 42 55 0.99148977 
802 464 27 37 0.99033386 
390 530 39 50 0.99031013 
46 517 41 50 0.99029773 
367 362 35 37 0.9856391 
763 365 28 34 0.98370266 
69 459 40 50 0.95271003 
912 673 70 68 0.8743599 
1004 545 21 42 0.1464569 
910 498 43 52 0.14308482 
370 56 184 278 0.12996243 
1 708 44 68 0.124864586 
699 295 25 33 0.12027279 
957 341 21 30 0.10398941 
183 349 29 39 0.07565262 
792 349 17 23 0.067228705 
974 322 10 14 0.06575686 
743 458 22 31 0.058915466 
580 406 35 40 0.05152841 
435 451 26 35 0.04936031 
775 351 26 33 0.045672126 
299 4 373 443 0.044402428 
899 352 23 33 0.043991067 
1004 339 12 16 0.04249922 
500 325 24 34 0.042172503 
896 654 60 73 0.041063767 
868 535 25 33 0.038044743 
930 525 27 37 0.035637904 
981 378 14 18 0.032210477 
832 316 29 38 0.03160027 
876 676 83 86 0.03127791 
975 331 11 15 0.0285917 
177 367 28 39 0.02564583 
540 730 33 31 0.024682257 
614 314 26 33 0.024326632 
161 342 41 52 0.024037462 
845 307 24 32 0.023944883 
187 384 17 22 0.02351002 
491 321 24 33 0.023059024 
56 50 17 19 0.023024336 
362 385 43 50 0.022927457 
452 458 29 37 0.022560809 
992 349 27 40 0.021630904 
750 462 32 42 0.021308443 
973 307 10 16 0.02111812 
0 668 9 18 0.020831918 
976 341 11 17 0.020719709 
442 287 24 34 0.020546101 
0 682 36 64 0.020494245 
973 301 10 14 0.020133577 
-9 688 95 95 0.020100517 
