17_Ceremony_Ceremony_17_57
27
908 168 38 40 0.9992847 
286 98 40 48 0.9973609 
424 117 38 43 0.99575543 
731 124 36 42 0.99538887 
129 112 38 43 0.995288 
578 152 36 42 0.9822734 
553 207 18 20 0.11227316 
792 85 14 18 0.08704478 
604 18 31 34 0.08263747 
433 86 30 39 0.07502071 
892 327 16 20 0.06295798 
241 211 25 28 0.050096873 
216 189 23 28 0.0490512 
423 95 33 41 0.048522953 
865 286 17 19 0.04772837 
694 144 25 37 0.042889204 
444 88 17 21 0.042293783 
356 80 34 41 0.037444156 
556 201 24 29 0.033851083 
563 219 13 16 0.029611671 
509 79 28 37 0.029273804 
575 138 29 40 0.024897818 
438 85 13 18 0.02475827 
554 216 18 20 0.024148844 
775 96 24 29 0.023617178 
572 199 17 24 0.02099851 
125 98 33 43 0.020604515 
