17_Ceremony_Ceremony_17_300
50
187 155 45 57 0.99720347 
733 135 43 54 0.9956989 
314 155 42 53 0.99271375 
598 150 43 53 0.9920299 
426 141 42 51 0.9902507 
631 306 32 30 0.15623468 
864 0 9 10 0.07680184 
549 182 14 17 0.074383415 
578 193 21 38 0.05672677 
117 143 8 9 0.044610694 
176 402 26 30 0.042369615 
502 264 30 42 0.03963886 
651 180 18 23 0.03960257 
439 13 9 11 0.038196996 
925 0 11 10 0.037377637 
131 144 8 9 0.03246687 
858 0 9 10 0.032076757 
372 275 443 518 0.031409748 
181 406 13 16 0.031069487 
192 94 8 11 0.029294774 
455 0 10 10 0.027663378 
448 0 10 10 0.0267579 
380 23 9 11 0.025386106 
351 0 9 10 0.025189858 
167 92 9 11 0.02513507 
872 55 7 10 0.025014617 
874 61 8 10 0.024935408 
264 44 8 11 0.024871456 
608 5 10 12 0.024823941 
896 342 8 9 0.02482002 
30 0 11 10 0.024448236 
455 6 10 11 0.024263224 
106 127 7 9 0.023538014 
894 62 9 12 0.023488892 
330 24 7 8 0.02347629 
186 408 17 20 0.023455923 
306 0 8 10 0.023112858 
109 255 10 11 0.023070466 
830 110 9 11 0.022868307 
434 13 8 11 0.022836773 
191 382 12 14 0.02236656 
345 0 8 10 0.02213678 
778 160 16 20 0.022069052 
463 8 8 10 0.021681432 
360 6 7 9 0.02131283 
39 0 9 10 0.021275459 
871 191 8 9 0.020904614 
863 72 8 9 0.020445688 
464 12 8 10 0.020234743 
112 137 9 10 0.020207334 
