17_Ceremony_Ceremony_17_234
30
257 51 74 92 0.9984869 
105 381 76 89 0.9964521 
558 93 74 91 0.9961293 
873 461 59 90 0.989035 
645 282 185 280 0.20472044 
103 285 11 16 0.12682667 
74 282 13 17 0.123925336 
701 302 114 164 0.12230417 
871 382 58 72 0.094222076 
164 285 11 15 0.08727267 
343 322 33 51 0.08312583 
136 250 11 13 0.06520226 
844 416 58 95 0.05670579 
124 130 410 371 0.050025407 
143 253 11 13 0.047332384 
39 291 13 16 0.04691738 
101 323 9 13 0.04174229 
135 285 11 16 0.038965624 
548 207 350 449 0.034344826 
183 166 219 255 0.03347854 
856 388 92 111 0.033312567 
148 255 11 13 0.032752648 
0 252 9 14 0.03256843 
619 115 33 45 0.028320707 
853 311 72 69 0.02715529 
838 211 48 50 0.023299582 
29 262 14 16 0.0231446 
175 255 11 15 0.022829842 
103 261 12 16 0.022217685 
903 474 63 80 0.02044099 
