17_Ceremony_Ceremony_17_592
178
162 251 32 39 0.9884595 
300 284 16 19 0.9638512 
5 371 16 21 0.95343876 
509 288 14 18 0.94927293 
59 308 18 23 0.9381729 
698 185 24 38 0.8234308 
548 304 15 18 0.57537687 
790 339 11 15 0.4560442 
596 285 14 16 0.36077967 
784 337 12 16 0.3235432 
196 337 17 19 0.31415352 
592 320 11 13 0.22864157 
544 279 9 12 0.19576979 
554 302 12 15 0.16546446 
28 406 18 23 0.155199 
267 343 14 19 0.14590074 
280 331 12 15 0.12988247 
571 321 13 16 0.12043582 
854 126 31 40 0.1121379 
550 278 10 13 0.10333937 
715 337 28 29 0.08991282 
344 212 13 16 0.08308937 
247 309 11 14 0.08275886 
577 341 11 15 0.08046508 
128 285 28 42 0.08008838 
555 323 12 14 0.07921307 
543 311 13 16 0.078128636 
553 263 10 12 0.07373597 
247 354 24 31 0.072935894 
371 173 30 43 0.072463445 
277 335 14 19 0.06628334 
424 259 28 36 0.06365756 
251 309 14 16 0.061001305 
556 268 10 13 0.060185265 
597 254 10 13 0.05813757 
652 292 16 17 0.056735672 
707 345 14 17 0.05177838 
374 141 14 18 0.051634 
240 308 10 14 0.050932843 
685 191 34 46 0.05048864 
592 252 10 13 0.04989745 
557 277 9 13 0.049809363 
73 332 28 32 0.048111744 
279 286 10 12 0.04807047 
599 259 11 13 0.047939457 
397 275 25 32 0.047336645 
508 316 12 16 0.04670553 
378 269 32 39 0.045449656 
361 166 28 45 0.044661794 
1 386 11 17 0.04391895 
258 352 16 22 0.04357569 
283 335 15 20 0.043446742 
277 322 21 26 0.04319229 
706 314 44 43 0.042790476 
206 309 11 14 0.042453755 
796 335 12 15 0.04216078 
391 446 23 29 0.042036235 
384 174 29 39 0.041898835 
367 176 46 66 0.041716352 
601 288 14 17 0.04158443 
606 262 10 13 0.040928487 
407 493 13 16 0.04034385 
850 140 25 37 0.039576877 
535 331 12 15 0.039242193 
248 324 10 14 0.03858707 
419 333 30 29 0.037465412 
197 341 21 26 0.037304435 
767 355 12 14 0.036767356 
588 277 23 27 0.03674828 
289 331 13 15 0.036594935 
715 373 14 19 0.03626949 
783 357 10 12 0.03613403 
322 207 164 183 0.03465924 
239 315 10 13 0.034332193 
590 279 13 16 0.03389526 
54 319 32 37 0.033808704 
252 331 12 16 0.03364341 
385 249 55 58 0.033418547 
858 129 18 25 0.03341605 
591 246 10 11 0.033192992 
548 308 20 25 0.03277204 
711 301 13 16 0.032432325 
402 265 31 37 0.032413084 
491 290 13 16 0.03221573 
351 236 105 113 0.032013144 
706 346 28 31 0.031962235 
74 333 16 19 0.03128135 
266 352 17 22 0.030556578 
572 286 11 14 0.030434307 
184 256 17 22 0.030210221 
239 301 11 15 0.030030366 
604 278 12 16 0.029548708 
417 433 24 28 0.029448768 
223 326 11 14 0.029343141 
341 207 21 28 0.029182063 
525 284 12 15 0.028908279 
535 269 11 14 0.028804483 
850 133 43 56 0.028439157 
562 318 20 24 0.02819632 
466 275 17 20 0.027360952 
396 249 104 102 0.027055379 
177 53 37 36 0.02684706 
589 317 20 22 0.026667193 
778 332 10 15 0.02660955 
209 337 16 19 0.026608825 
419 264 18 25 0.02659412 
775 333 21 25 0.026399255 
213 330 15 19 0.026317675 
396 273 15 20 0.026147932 
597 247 10 12 0.025828091 
340 356 13 15 0.025733104 
761 372 8 12 0.025724646 
700 292 47 50 0.025716627 
273 342 16 19 0.02562439 
260 356 22 30 0.02562163 
789 270 12 14 0.025575778 
764 373 10 12 0.025232907 
548 327 23 28 0.025178958 
586 285 11 15 0.025173226 
832 325 13 15 0.025077248 
151 242 29 34 0.024802757 
245 338 14 19 0.024656031 
710 364 26 33 0.024458235 
298 267 25 32 0.024300534 
782 327 13 16 0.024115374 
786 330 21 24 0.024091614 
487 286 22 28 0.02398703 
407 304 29 34 0.023929458 
58 315 48 53 0.023904147 
567 278 10 13 0.023896586 
614 263 9 12 0.023882361 
405 491 23 25 0.023767725 
190 346 23 31 0.02354366 
777 340 11 14 0.023499625 
252 337 14 19 0.023480931 
53 337 47 48 0.023434041 
590 239 10 13 0.02342985 
771 349 13 16 0.023278916 
411 310 53 50 0.023212954 
545 182 10 13 0.023069143 
251 347 17 22 0.022659149 
568 270 8 12 0.0226491 
605 318 12 15 0.022504313 
232 309 11 14 0.022481414 
567 292 12 14 0.022359267 
540 317 21 27 0.022181084 
684 282 45 51 0.022168314 
389 261 30 34 0.022116775 
534 259 10 13 0.022105306 
613 202 11 13 0.02206059 
699 330 30 34 0.021892294 
238 324 11 14 0.021879317 
101 321 13 16 0.021819813 
236 356 25 31 0.021677209 
599 268 12 14 0.021608675 
572 328 14 18 0.02149742 
753 366 9 12 0.021347463 
585 246 8 11 0.02134474 
238 295 11 13 0.021275397 
202 347 25 31 0.02121071 
528 182 9 11 0.021156304 
702 303 27 34 0.021147579 
409 319 34 30 0.021143885 
-77 268 441 416 0.021062935 
341 351 11 13 0.021062689 
583 291 11 15 0.021047184 
402 260 64 64 0.021021614 
571 334 19 27 0.020851286 
36 381 25 32 0.020804008 
200 323 24 29 0.020802086 
855 301 12 15 0.020716764 
815 398 9 11 0.020709215 
615 267 9 13 0.020552665 
446 236 28 30 0.02025365 
78 360 23 33 0.020235088 
645 200 10 12 0.020188821 
684 215 19 22 0.020157332 
84 339 14 17 0.020058436 
