17_Ceremony_Ceremony_17_668
30
662 190 110 140 0.9998889 
229 97 138 202 0.9992988 
294 84 167 240 0.10558672 
39 203 25 31 0.085450426 
453 730 39 47 0.07064775 
52 110 16 21 0.05806901 
567 356 107 139 0.05634415 
591 18 11 14 0.0413518 
28 100 24 30 0.038122743 
478 704 52 52 0.036161076 
40 103 24 28 0.035749312 
52 100 14 18 0.03366314 
593 12 12 16 0.032828085 
592 6 11 14 0.0324739 
75 290 18 18 0.03230012 
412 725 25 34 0.031065913 
14 99 13 19 0.028649047 
437 283 28 36 0.028124724 
17 93 22 32 0.02699199 
93 182 9 13 0.025804577 
371 138 15 19 0.024837494 
450 741 57 61 0.024533492 
445 702 56 59 0.02419984 
445 761 46 58 0.024195855 
32 216 27 27 0.022100173 
86 206 13 18 0.022004412 
445 334 28 48 0.020819794 
20 92 13 19 0.020623807 
769 211 91 143 0.020188246 
79 203 23 29 0.020139242 
