17_Ceremony_Ceremony_17_944
363
815 460 11 14 0.81911546 
758 455 12 15 0.79860616 
230 459 13 16 0.78355193 
840 457 13 17 0.7220979 
707 538 24 30 0.6978327 
871 596 35 55 0.6722374 
516 426 11 14 0.62014353 
9 547 15 19 0.59603685 
211 505 13 18 0.54398155 
172 471 10 12 0.5229007 
225 461 12 15 0.5023658 
197 469 10 12 0.4871481 
883 571 32 38 0.4263177 
956 554 24 36 0.4050656 
875 522 14 23 0.38469332 
472 428 11 13 0.37394986 
153 469 9 12 0.31778356 
169 475 10 12 0.30214903 
311 509 12 15 0.30169943 
56 100 194 247 0.2789361 
276 477 11 15 0.27306595 
179 506 11 14 0.26270285 
1 526 16 24 0.26133227 
260 516 13 17 0.2292595 
218 485 15 18 0.22533116 
268 488 14 19 0.20193738 
190 528 17 20 0.19377372 
222 552 14 17 0.19113155 
540 428 10 13 0.18302318 
4 514 14 20 0.1730601 
276 537 13 19 0.16897085 
241 544 16 24 0.16887607 
344 531 10 14 0.16618092 
159 523 12 15 0.1523267 
712 457 12 17 0.15134357 
263 477 11 13 0.14887023 
157 541 12 17 0.13910891 
837 525 18 24 0.13600408 
176 503 11 14 0.13350803 
255 520 15 20 0.1275887 
262 470 12 14 0.12550312 
132 506 11 15 0.1181987 
250 501 13 16 0.11717709 
501 333 10 12 0.11348416 
227 546 15 20 0.11198663 
150 465 8 10 0.10949114 
231 518 11 14 0.10945536 
198 474 11 14 0.10944446 
639 448 13 16 0.10558825 
120 574 28 27 0.09430565 
542 390 10 14 0.093881674 
245 472 12 13 0.09364182 
6 525 22 30 0.09294832 
271 472 11 12 0.09241285 
823 671 38 34 0.091554634 
654 554 11 14 0.08788515 
318 492 11 14 0.08657498 
241 477 10 13 0.0856441 
145 462 8 10 0.08485842 
502 498 15 19 0.084182 
165 518 12 16 0.08305252 
753 457 13 16 0.079900004 
0 609 20 39 0.07873484 
150 522 12 16 0.07718541 
282 537 15 17 0.075950086 
691 464 14 18 0.075654276 
315 562 14 16 0.07364808 
311 503 12 14 0.07339191 
490 431 10 12 0.07332504 
293 503 10 12 0.072382644 
159 491 10 15 0.07206589 
258 477 9 12 0.07194108 
136 472 8 10 0.071602516 
633 551 8 11 0.07088467 
976 574 48 71 0.07005267 
318 484 12 15 0.06986842 
144 469 9 11 0.06807989 
167 484 10 13 0.06734725 
244 531 13 18 0.065309376 
526 406 9 12 0.06526048 
193 464 8 11 0.06479261 
19 532 15 18 0.06470639 
875 556 24 34 0.062340457 
277 546 13 17 0.061787527 
765 446 11 15 0.06169825 
257 470 9 12 0.061039127 
158 530 13 16 0.060616154 
862 603 29 37 0.060347535 
222 477 12 15 0.059802875 
191 493 10 14 0.059667338 
258 526 16 22 0.05962015 
716 466 13 15 0.059304617 
798 509 13 18 0.058678593 
219 507 14 17 0.058407333 
153 555 22 29 0.05813097 
164 491 11 16 0.057911973 
451 509 10 14 0.057328872 
289 504 9 12 0.05666071 
881 522 15 22 0.056129295 
168 465 7 10 0.055837303 
193 456 7 9 0.05556727 
167 501 10 13 0.055377863 
236 522 12 15 0.05383257 
292 507 11 14 0.053658724 
751 467 11 14 0.053562883 
227 484 12 16 0.052978758 
145 561 26 33 0.05272602 
101 524 13 15 0.05261294 
84 548 23 33 0.052592244 
315 499 12 15 0.05184825 
149 492 12 17 0.051041935 
205 484 10 13 0.05101677 
177 547 13 16 0.050774217 
312 482 12 15 0.0490047 
92 531 15 16 0.048982464 
554 428 11 15 0.048932344 
126 584 16 19 0.048756227 
83 552 14 23 0.04851788 
960 560 44 57 0.04843394 
217 462 10 13 0.04785123 
169 507 10 13 0.047453456 
174 484 9 13 0.04721137 
269 531 14 22 0.04693886 
488 436 10 13 0.04637641 
183 470 9 11 0.046336006 
160 475 9 12 0.04565346 
160 465 7 10 0.04563877 
144 456 8 10 0.045494825 
315 571 14 16 0.04520277 
328 508 10 14 0.045129113 
788 606 15 23 0.044367224 
267 514 13 17 0.04421886 
172 523 11 14 0.043879345 
810 455 19 24 0.043846577 
277 522 14 22 0.042857908 
214 546 14 19 0.042762958 
455 432 8 9 0.042718086 
444 397 10 13 0.042596493 
238 469 11 14 0.042355776 
139 573 27 33 0.041918706 
20 547 22 32 0.041268297 
225 560 17 20 0.04119342 
87 611 13 18 0.04117774 
266 521 15 21 0.041047893 
304 502 10 13 0.040643487 
304 507 10 15 0.040496618 
193 474 10 12 0.040388912 
93 538 16 20 0.040331237 
791 485 11 15 0.03968087 
292 514 13 18 0.03948812 
552 394 12 15 0.038829077 
701 460 11 15 0.038288966 
475 423 11 13 0.037938487 
333 513 14 16 0.03787053 
151 545 13 19 0.03771359 
495 415 8 10 0.037591953 
94 566 26 29 0.037384 
172 491 11 14 0.03728548 
763 464 14 17 0.036830112 
157 576 14 19 0.036679603 
494 436 11 13 0.036414154 
886 600 34 57 0.0361683 
871 515 15 22 0.03616485 
948 560 23 40 0.03612628 
276 501 10 14 0.036047637 
149 529 14 17 0.035947375 
710 434 10 14 0.0358256 
164 588 12 18 0.035818793 
542 434 9 12 0.03547518 
96 539 24 30 0.03525621 
29 69 120 138 0.03498773 
440 54 125 132 0.03495032 
11 542 23 29 0.03472686 
356 543 11 13 0.03431506 
196 518 14 18 0.03415448 
311 556 13 17 0.034096774 
966 550 33 40 0.03396804 
270 479 17 23 0.033965193 
235 540 17 22 0.033865325 
269 508 13 15 0.03381628 
238 456 10 13 0.033461824 
382 537 10 12 0.03324797 
110 560 26 34 0.03321627 
765 439 10 12 0.033208594 
216 468 10 13 0.03318805 
552 447 9 12 0.03309385 
207 511 13 16 0.032946967 
214 538 13 18 0.032708976 
282 521 17 25 0.03252653 
755 461 15 18 0.032512814 
789 478 11 13 0.032390956 
804 484 10 14 0.032170996 
264 482 12 16 0.032060027 
263 465 10 11 0.031929072 
676 513 16 22 0.0317281 
783 474 12 15 0.031693667 
100 531 14 17 0.03163295 
828 526 16 24 0.031424087 
200 483 11 13 0.03118291 
892 576 33 47 0.031176774 
741 478 11 13 0.031164277 
229 510 11 14 0.031153427 
161 566 15 22 0.03105875 
215 20 421 522 0.031005008 
155 514 20 27 0.03093615 
759 434 10 14 0.03083323 
797 484 12 15 0.030607862 
859 561 15 20 0.030574432 
162 554 23 28 0.030434975 
820 455 12 15 0.030354511 
260 535 16 21 0.030306108 
614 492 10 14 0.03001569 
637 585 10 14 0.029735528 
824 447 9 13 0.029723711 
821 465 12 15 0.02965149 
527 410 10 13 0.029624335 
290 529 14 19 0.029583132 
152 474 9 12 0.02958116 
353 543 8 12 0.029424194 
500 430 10 11 0.02939315 
924 -18 103 133 0.029363329 
867 555 21 30 0.029114282 
167 466 18 22 0.02906578 
900 489 13 18 0.028889121 
236 509 11 15 0.028774897 
892 509 11 15 0.028689682 
788 513 15 20 0.028658489 
337 531 12 15 0.028561587 
652 539 14 20 0.02820918 
215 478 10 14 0.028184263 
683 495 14 20 0.028157031 
204 469 10 13 0.028039278 
206 538 12 19 0.027923467 
2 508 13 18 0.027809305 
202 524 13 17 0.02730892 
342 536 11 15 0.027212255 
526 400 8 12 0.027020628 
122 513 15 18 0.026928961 
390 542 8 11 0.026788795 
637 555 10 14 0.026784664 
670 482 14 18 0.026771232 
132 588 31 38 0.026707167 
491 301 13 15 0.026679697 
253 484 11 14 0.026617547 
319 461 8 10 0.026462583 
108 540 14 18 0.026433777 
147 487 12 15 0.026429174 
537 424 9 13 0.026289787 
157 588 14 19 0.026239773 
820 548 14 18 0.026215991 
116 522 15 18 0.026131975 
826 546 16 19 0.026106983 
301 563 12 16 0.026080342 
496 422 8 10 0.02602051 
478 436 10 12 0.026016444 
750 445 12 16 0.025993498 
159 545 21 27 0.02596699 
301 492 11 13 0.025946628 
284 512 15 20 0.025843073 
175 466 8 11 0.02583566 
192 464 18 22 0.025682922 
508 275 15 24 0.025502054 
234 558 16 19 0.025501199 
264 499 11 14 0.025498135 
706 507 17 21 0.025455058 
246 452 12 15 0.025423557 
238 483 11 14 0.025363453 
140 540 15 18 0.02531544 
808 561 12 15 0.025217937 
173 502 17 23 0.025185488 
705 452 12 15 0.024997426 
219 496 15 19 0.024844067 
705 532 20 24 0.024829889 
655 542 20 28 0.024741447 
287 469 10 13 0.024642352 
135 462 8 10 0.024587145 
44 110 134 158 0.024557993 
502 423 8 10 0.024475593 
310 522 13 16 0.024432007 
555 435 10 12 0.024316583 
255 462 9 12 0.02428422 
94 518 13 14 0.024230251 
686 489 20 30 0.024183722 
124 502 19 24 0.024147952 
948 595 33 50 0.02409948 
199 508 13 16 0.024097465 
222 514 14 17 0.024062466 
679 492 12 18 0.024031729 
641 455 16 18 0.024025055 
-1 554 12 17 0.023941625 
159 485 20 27 0.023941126 
890 527 15 20 0.023819873 
557 470 8 11 0.023789939 
288 596 12 15 0.02376526 
872 534 13 19 0.023761496 
759 449 12 15 0.023726609 
2 600 15 22 0.023643192 
304 468 8 11 0.023486575 
706 460 20 25 0.023405563 
277 514 12 17 0.023161236 
252 493 12 16 0.022971744 
733 492 13 19 0.022824945 
865 576 28 41 0.022816857 
140 531 13 16 0.022752268 
219 539 15 21 0.022686822 
140 548 23 32 0.022662386 
287 461 10 13 0.02262755 
108 523 14 16 0.022598684 
328 515 11 14 0.022589585 
134 475 9 11 0.022571648 
92 605 13 17 0.022476157 
592 413 9 12 0.022454822 
742 470 12 14 0.022449413 
247 484 11 15 0.022283673 
556 390 10 13 0.022259515 
850 487 16 20 0.022215525 
735 477 12 14 0.022205323 
195 543 15 17 0.022193043 
725 507 24 33 0.022159655 
605 462 11 13 0.022159427 
111 540 23 29 0.022128038 
614 418 12 17 0.022112759 
178 509 20 26 0.022100054 
313 493 11 13 0.022035541 
199 473 19 23 0.021994097 
647 546 11 16 0.0219728 
314 580 12 15 0.02196397 
2 469 23 37 0.021945093 
171 545 21 26 0.021874895 
144 524 13 16 0.02182897 
197 499 12 15 0.021771928 
709 447 13 15 0.02173121 
127 545 24 32 0.021703446 
979 555 33 43 0.021654928 
0 546 22 30 0.021637069 
446 391 10 12 0.021617038 
545 366 9 11 0.02155321 
310 470 9 10 0.021512121 
180 539 13 17 0.021489559 
208 463 8 11 0.021467045 
697 456 19 26 0.021460783 
607 412 12 15 0.021451699 
228 476 11 14 0.021427913 
79 534 12 16 0.021406805 
327 502 10 13 0.021245254 
843 521 21 29 0.021034425 
750 476 10 13 0.020972762 
552 404 12 14 0.020938322 
309 479 21 25 0.020935956 
185 493 21 26 0.020926727 
552 412 12 13 0.020860547 
277 473 20 25 0.020821549 
857 564 22 30 0.020804595 
303 554 12 17 0.020781491 
116 531 14 15 0.020757483 
287 453 10 13 0.020635342 
730 493 21 29 0.020550083 
340 515 12 15 0.02035136 
221 637 12 17 0.020288508 
885 509 15 18 0.020202609 
135 455 10 12 0.020075483 
464 476 10 13 0.02004685 
854 561 70 102 0.02001474 
