17_Ceremony_Ceremony_17_588
38
263 217 27 37 0.9953046 
745 198 30 35 0.99493587 
197 346 25 38 0.99288505 
91 178 41 51 0.9910555 
574 220 19 31 0.9774574 
954 168 35 52 0.96769744 
491 274 18 23 0.89019966 
311 362 20 28 0.6520124 
442 239 17 30 0.46717474 
32 593 25 37 0.14304979 
87 319 52 53 0.09744679 
187 298 14 20 0.07333479 
331 442 14 16 0.06456764 
294 365 25 29 0.05195165 
24 598 46 76 0.05078031 
29 592 18 24 0.03906489 
60 137 13 16 0.03382254 
246 338 29 29 0.03055084 
798 256 30 42 0.030205144 
1 581 16 22 0.029362997 
303 355 14 16 0.027157448 
-39 511 208 213 0.02549424 
307 350 12 16 0.025438605 
35 603 30 45 0.025277272 
183 331 45 57 0.024987098 
183 293 14 18 0.024936175 
846 351 12 14 0.024760472 
83 168 37 47 0.024665665 
308 356 15 20 0.023851665 
317 355 22 33 0.023575915 
2 140 13 16 0.023205506 
298 355 25 31 0.023158781 
103 118 11 14 0.022722673 
202 331 45 52 0.022445159 
568 222 16 25 0.02239469 
110 314 37 41 0.021818295 
360 365 12 14 0.021080688 
135 321 14 19 0.02098542 
