17_Ceremony_Ceremony_17_211
290
552 233 34 47 0.9982114 
592 235 37 50 0.9946367 
840 158 51 64 0.9924077 
767 208 39 56 0.9901758 
686 223 41 52 0.987136 
588 370 40 55 0.98686594 
222 214 42 52 0.9611679 
128 201 37 58 0.62991285 
403 110 35 61 0.53969973 
104 205 44 62 0.33832195 
737 8 10 11 0.2864851 
750 84 13 16 0.2815665 
750 105 12 16 0.26549813 
771 3 10 13 0.23496456 
820 114 11 14 0.21421511 
362 5 12 13 0.20674601 
804 2 12 14 0.19376484 
409 0 10 10 0.18267405 
840 14 10 12 0.17004007 
816 79 8 11 0.16611686 
839 99 12 15 0.15925734 
816 84 10 12 0.14779802 
710 38 10 11 0.14370789 
922 461 29 33 0.14287147 
783 27 11 12 0.1303257 
742 21 12 15 0.12655197 
749 46 10 11 0.12549752 
719 0 12 11 0.12434648 
752 62 14 15 0.11513592 
838 27 9 12 0.11414636 
375 111 43 64 0.11162247 
846 13 10 12 0.108650275 
809 70 9 10 0.10795587 
709 16 10 12 0.10616406 
789 102 10 12 0.10525595 
398 37 8 12 0.09894793 
330 15 15 18 0.09859756 
695 32 8 10 0.09686761 
793 76 10 13 0.09642844 
775 83 10 12 0.09168639 
752 0 11 11 0.09068818 
864 47 10 12 0.090564184 
712 20 9 11 0.08918653 
814 71 9 10 0.08807654 
473 55 8 11 0.08791705 
838 21 10 12 0.08777085 
298 43 10 14 0.087739624 
382 1 10 9 0.08450959 
824 20 9 12 0.08343067 
512 36 15 18 0.08257058 
790 180 30 37 0.08163591 
439 63 9 11 0.080853604 
809 52 9 11 0.080330975 
359 36 10 11 0.07884331 
853 -1 11 11 0.07748408 
768 46 8 11 0.07702818 
833 30 10 11 0.07662084 
383 24 11 12 0.075064324 
732 73 13 17 0.0744444 
740 68 10 14 0.073514916 
687 8 8 9 0.07285513 
766 28 10 12 0.07272096 
686 46 10 13 0.07128425 
712 31 9 12 0.07090904 
433 0 9 9 0.07062871 
826 38 9 11 0.06726214 
848 93 11 15 0.06697182 
304 7 10 13 0.06567084 
457 71 8 11 0.06543786 
768 98 12 15 0.065358035 
977 12 10 13 0.064091004 
394 15 8 10 0.06296583 
448 20 8 11 0.06240646 
456 4 11 12 0.061882827 
806 123 11 14 0.061875217 
423 8 8 11 0.06181418 
832 21 9 11 0.061439604 
311 56 10 14 0.06141849 
359 62 10 13 0.06032261 
342 36 10 12 0.059488583 
705 14 9 11 0.058344163 
725 21 9 12 0.057679884 
319 10 12 14 0.05588671 
717 86 10 14 0.055694126 
717 22 10 11 0.054790176 
426 39 9 10 0.054701388 
434 21 9 11 0.05456042 
318 0 10 11 0.052929975 
696 0 8 9 0.052778944 
727 35 9 12 0.052699264 
833 96 10 13 0.05245268 
693 15 9 11 0.052047495 
784 101 10 13 0.05196686 
806 144 15 19 0.051921066 
743 62 8 11 0.051607396 
890 0 8 10 0.0513438 
438 68 9 11 0.05129635 
461 72 8 10 0.051038954 
768 123 10 12 0.05043811 
326 13 14 16 0.0496749 
781 77 11 13 0.04960377 
712 0 10 10 0.04949739 
813 48 10 11 0.049422983 
809 63 9 10 0.048929248 
745 27 11 13 0.048705995 
604 27 13 16 0.04821881 
734 62 9 11 0.047880083 
832 16 10 11 0.04696036 
633 12 11 13 0.046795227 
801 93 9 12 0.046599932 
448 70 7 10 0.04544381 
809 28 9 11 0.0452538 
409 46 9 12 0.044422902 
728 62 9 11 0.044224463 
680 22 9 11 0.04410637 
710 5 9 11 0.043815155 
807 100 9 11 0.04322182 
414 4 10 12 0.04271267 
326 28 12 14 0.04224818 
734 99 10 13 0.0415764 
845 5 11 13 0.041529726 
822 29 10 12 0.041246995 
718 29 10 12 0.04110424 
814 29 9 11 0.04107318 
886 4 10 11 0.0388063 
584 0 10 10 0.038563877 
413 24 9 11 0.038505364 
732 36 10 13 0.038036104 
347 135 32 47 0.037758864 
702 1 9 9 0.037580058 
377 0 10 10 0.03757533 
740 121 12 15 0.037515238 
528 1 9 9 0.037352607 
704 7 9 10 0.03732269 
864 6 9 10 0.037293494 
734 30 10 13 0.037199773 
610 14 8 11 0.036938038 
898 16 8 9 0.036646187 
856 48 9 11 0.03650194 
788 37 11 13 0.036406573 
694 20 9 11 0.036229905 
806 22 12 13 0.036088288 
841 8 10 12 0.036005925 
805 94 9 12 0.035999063 
824 0 10 10 0.03593593 
729 77 10 13 0.03582612 
622 0 10 10 0.0355938 
931 468 28 31 0.03526299 
791 0 10 9 0.03506452 
616 0 10 10 0.0346807 
782 51 10 11 0.034628425 
688 12 9 11 0.03458015 
408 28 10 11 0.034577575 
732 1 10 10 0.034077104 
788 125 12 14 0.033971373 
799 1 11 11 0.033915896 
799 110 9 11 0.0337736 
687 21 9 11 0.03366236 
769 83 10 13 0.032750327 
517 5 9 11 0.032704346 
997 456 15 19 0.03248982 
745 47 9 11 0.03237163 
344 66 10 14 0.032275394 
854 52 9 11 0.031812668 
783 44 10 13 0.03159886 
874 0 8 9 0.03159244 
865 21 9 11 0.030744584 
759 14 9 11 0.030292166 
835 97 22 26 0.02999781 
734 46 10 12 0.029939383 
847 89 10 11 0.029879227 
864 39 8 10 0.029860673 
415 12 9 11 0.029824018 
718 36 9 11 0.029807355 
376 5 10 12 0.029591454 
331 25 15 18 0.029509276 
720 55 9 12 0.029447345 
749 39 10 12 0.029205343 
824 44 10 11 0.029203547 
463 100 8 10 0.029139588 
790 13 10 11 0.028932571 
559 5 9 12 0.028753791 
797 73 10 12 0.028445255 
807 86 10 12 0.028410086 
773 108 12 14 0.028249 
839 46 9 11 0.02819342 
849 54 9 10 0.027981568 
777 29 10 12 0.027895907 
771 659 26 36 0.02786983 
481 94 8 10 0.027737465 
553 0 10 10 0.02769185 
865 14 8 11 0.027599754 
389 30 10 13 0.027513033 
754 102 11 15 0.027394352 
829 44 10 12 0.027357431 
390 1 9 9 0.026922222 
488 105 7 9 0.026588913 
302 27 11 14 0.026497224 
768 51 10 13 0.026458995 
361 1 10 11 0.026440723 
376 38 8 11 0.026406799 
680 13 8 10 0.026293034 
408 70 9 11 0.026290666 
314 1 21 25 0.02628775 
774 62 10 12 0.02626534 
889 47 9 11 0.02612776 
353 117 44 61 0.02610355 
689 1 8 9 0.02603842 
1006 1 12 13 0.025935978 
391 5 9 11 0.025934774 
935 0 9 9 0.025892055 
689 30 9 11 0.025808364 
783 6 10 11 0.025537902 
957 13 9 11 0.025499893 
852 98 11 13 0.025475362 
800 86 9 11 0.025392598 
472 60 9 11 0.025358427 
448 39 9 12 0.025243485 
809 77 9 10 0.025187723 
322 85 9 12 0.025009226 
388 21 10 12 0.024983454 
585 16 8 11 0.024955692 
782 130 26 30 0.024908906 
413 52 8 11 0.02478956 
488 109 8 10 0.024734907 
976 0 10 9 0.024717314 
329 64 8 10 0.0243795 
840 71 9 11 0.024287976 
366 36 9 12 0.024250967 
819 79 10 12 0.024154536 
456 24 8 9 0.023992853 
759 45 9 12 0.023981376 
804 130 13 17 0.023912102 
447 64 7 10 0.023882004 
782 70 10 13 0.023743235 
734 6 19 22 0.023732902 
831 4 10 12 0.023668928 
462 94 8 12 0.023655219 
398 14 8 10 0.023619533 
472 50 7 9 0.0235877 
438 28 8 10 0.023492018 
464 46 7 9 0.023268862 
558 0 10 11 0.023146154 
500 0 11 11 0.02314209 
439 56 8 9 0.023122834 
319 19 11 14 0.023039937 
839 77 9 12 0.023021713 
481 77 9 10 0.023015276 
477 55 8 12 0.02298909 
680 0 8 9 0.022970509 
813 111 19 24 0.022857027 
879 5 10 12 0.022832554 
799 118 22 29 0.022827523 
400 0 9 10 0.022740116 
339 15 12 16 0.02273165 
727 55 9 12 0.022719199 
790 96 10 12 0.022693934 
822 4 11 12 0.022649327 
216 189 16 24 0.022533061 
434 63 10 12 0.02244464 
854 63 9 10 0.022392975 
664 23 10 11 0.022258746 
703 32 9 11 0.022162428 
348 151 15 22 0.02202533 
669 24 10 12 0.022001391 
764 89 21 24 0.02198964 
744 55 9 11 0.021951277 
889 64 8 9 0.021846341 
972 492 27 34 0.021504784 
724 3 11 12 0.021354428 
488 40 7 9 0.021236466 
335 0 9 9 0.021210186 
721 62 10 12 0.021194534 
833 78 9 11 0.021146052 
775 69 10 13 0.020960266 
735 54 10 12 0.020956475 
773 52 11 13 0.020940375 
833 740 43 31 0.020930845 
615 670 26 36 0.020896982 
93 206 36 51 0.02084942 
878 0 9 11 0.020755986 
612 20 10 13 0.020640524 
717 15 10 11 0.02041654 
559 11 9 11 0.020382036 
352 56 10 12 0.020371027 
788 131 14 16 0.02031266 
639 29 9 12 0.020264117 
706 38 9 12 0.02022966 
639 501 10 13 0.02018275 
942 483 17 19 0.020067452 
