17_Ceremony_Ceremony_17_253
651
283 474 16 21 0.5108762 
884 700 12 15 0.4268729 
101 381 10 13 0.378977 
639 679 10 12 0.36652875 
920 684 12 15 0.35691592 
365 318 16 22 0.32520372 
913 656 8 9 0.3160457 
745 687 10 12 0.31406942 
146 530 18 23 0.2504769 
90 450 13 17 0.24820018 
953 678 10 12 0.24550581 
61 741 24 30 0.2209283 
477 701 12 15 0.22086757 
973 130 13 17 0.22020976 
798 664 10 13 0.2163205 
121 474 14 18 0.20840846 
745 692 12 13 0.20768808 
847 707 10 14 0.1943448 
401 709 9 12 0.18352361 
75 469 15 21 0.18314072 
871 140 10 12 0.18099 
0 558 14 22 0.17306246 
601 686 10 12 0.1708066 
963 751 13 16 0.17000817 
831 750 11 14 0.15900987 
411 679 10 11 0.15624826 
9 703 9 11 0.1474918 
600 680 10 11 0.14323816 
141 420 14 19 0.14226413 
786 423 9 12 0.14090216 
814 679 11 13 0.13807762 
832 661 12 15 0.13783155 
456 724 10 13 0.13728909 
464 685 12 16 0.13685086 
262 489 13 19 0.13420764 
420 726 9 11 0.13308385 
176 135 10 12 0.13257085 
75 409 12 16 0.13014254 
773 713 13 15 0.1293178 
952 656 9 10 0.124917194 
1001 653 10 12 0.124428734 
874 657 9 11 0.12238012 
771 355 11 15 0.12203938 
769 715 10 13 0.11815088 
730 727 10 12 0.1178079 
927 717 10 13 0.11639315 
459 715 11 15 0.11554957 
7 586 12 18 0.11164762 
60 714 12 15 0.11137599 
333 751 14 17 0.10869993 
935 669 9 12 0.10853535 
468 306 20 28 0.10826056 
26 749 12 15 0.10801756 
362 317 10 15 0.10786273 
655 729 12 14 0.1078542 
479 752 11 13 0.1068712 
905 359 9 12 0.10265175 
853 667 12 14 0.10244078 
806 668 9 13 0.10116652 
394 694 9 12 0.10057888 
734 709 11 15 0.10056118 
50 424 13 16 0.10046638 
80 148 8 11 0.09873 
940 124 13 16 0.09778677 
885 732 9 13 0.09768074 
365 357 11 17 0.09603832 
550 673 9 11 0.0953324 
448 708 9 12 0.09495255 
556 700 10 13 0.09436519 
840 733 9 11 0.093634814 
432 700 10 12 0.091944456 
834 423 10 13 0.09137894 
990 686 10 12 0.09022974 
195 754 14 15 0.088676415 
911 710 9 11 0.08859745 
190 397 11 15 0.08833201 
625 669 9 11 0.08748851 
125 368 10 13 0.08702787 
267 486 12 16 0.08648643 
231 187 13 17 0.084352806 
594 672 9 10 0.082915455 
469 690 13 15 0.08285359 
672 676 9 11 0.08259718 
903 656 8 10 0.08217456 
378 678 10 12 0.08143306 
878 660 9 11 0.081013426 
817 708 11 14 0.07985496 
39 722 11 15 0.079644926 
849 669 10 14 0.07802213 
920 755 13 13 0.07768842 
748 403 14 20 0.077650234 
599 691 10 12 0.07744222 
743 696 11 14 0.07697396 
893 710 10 14 0.07685677 
56 396 9 12 0.07628395 
587 708 11 15 0.07475779 
937 365 9 12 0.07420175 
929 725 9 11 0.07369111 
277 748 11 13 0.07367085 
156 142 12 16 0.073545076 
565 713 11 15 0.07325188 
96 155 9 11 0.07274254 
815 725 11 13 0.07256192 
876 682 12 14 0.072395846 
365 439 10 13 0.07203699 
172 438 13 16 0.07113803 
271 722 13 15 0.07085097 
747 469 11 15 0.070644565 
220 505 13 17 0.07063888 
782 691 10 13 0.07060358 
936 705 9 11 0.0705854 
973 655 10 11 0.06989532 
928 732 9 11 0.06977284 
952 737 9 11 0.06898258 
896 655 10 12 0.068486124 
884 755 12 13 0.06785009 
413 717 12 14 0.067615055 
880 727 9 12 0.06740636 
977 693 9 11 0.06691746 
412 684 11 14 0.066068925 
861 120 13 17 0.06585849 
838 428 11 13 0.065728374 
774 724 13 17 0.06526556 
933 733 10 12 0.0650698 
805 685 12 14 0.06506031 
198 197 12 17 0.06439845 
635 680 8 11 0.06260771 
734 157 9 12 0.06245294 
15 716 12 15 0.062420644 
318 111 8 10 0.06226989 
887 677 10 13 0.06152594 
867 118 12 15 0.061429884 
873 679 10 14 0.06114506 
464 308 13 18 0.06065889 
762 438 9 12 0.06041777 
848 135 10 14 0.059775993 
779 732 12 14 0.058955505 
765 746 13 16 0.058952227 
734 678 10 12 0.05857614 
614 693 10 12 0.058397654 
844 741 11 13 0.057911452 
662 708 8 11 0.057326432 
989 669 9 12 0.0566108 
660 168 24 34 0.056576937 
956 672 10 13 0.05612204 
709 669 10 12 0.05602459 
917 660 9 12 0.05598244 
607 691 11 14 0.05593967 
256 497 12 17 0.055842865 
813 669 11 14 0.05564742 
704 670 10 12 0.055406056 
408 716 12 14 0.055295765 
799 686 12 14 0.054873653 
399 704 9 11 0.0545842 
549 750 12 15 0.05441985 
153 145 10 15 0.054398604 
372 386 11 15 0.054116063 
893 678 10 13 0.053887013 
674 672 8 11 0.053815544 
455 711 9 13 0.053665057 
536 133 8 10 0.053500384 
816 702 10 13 0.053484924 
358 397 9 12 0.053413533 
375 683 10 12 0.053406127 
374 739 12 15 0.053192016 
305 716 9 12 0.052824188 
73 383 9 13 0.052712876 
494 744 15 18 0.052569557 
791 692 8 12 0.051858336 
968 660 9 13 0.051541906 
588 183 12 14 0.051376317 
615 103 7 9 0.051300496 
808 382 10 12 0.051100522 
906 87 7 10 0.050653633 
822 667 11 14 0.050551508 
74 143 8 11 0.050269686 
991 664 9 12 0.05006345 
888 171 12 16 0.049421083 
428 318 11 14 0.049364574 
276 157 15 17 0.04908655 
957 656 10 12 0.04903718 
233 136 9 11 0.04896554 
583 112 8 10 0.048725016 
777 382 9 12 0.0486187 
257 741 15 18 0.04855271 
578 693 11 13 0.04853164 
593 677 9 11 0.04829056 
775 134 8 10 0.048222087 
854 692 10 12 0.048122767 
585 137 8 10 0.048089117 
735 684 9 12 0.04798415 
881 672 9 11 0.047721893 
629 665 8 10 0.04765405 
768 420 12 14 0.047627028 
991 677 8 12 0.047616687 
655 694 8 11 0.04750673 
758 675 11 13 0.047441732 
87 164 8 11 0.04744117 
605 682 10 10 0.04743151 
807 726 10 13 0.047403622 
522 112 8 11 0.047345802 
332 425 12 16 0.04730674 
744 383 11 13 0.047121104 
482 754 13 15 0.04701629 
808 676 11 14 0.04701349 
574 127 7 11 0.046858076 
578 690 9 10 0.046694797 
88 142 8 10 0.046557054 
751 132 8 11 0.04629843 
881 695 11 14 0.046183333 
677 668 10 13 0.046178605 
3 173 9 12 0.04611173 
636 755 12 13 0.04592234 
337 337 21 33 0.04581747 
493 673 11 13 0.045657404 
272 138 11 15 0.045608602 
449 744 9 11 0.045567628 
231 517 12 16 0.045341164 
891 701 11 14 0.045326203 
129 157 9 11 0.045046825 
235 139 11 14 0.044839703 
975 731 9 12 0.04455419 
794 662 10 12 0.04436237 
456 731 9 12 0.04401535 
760 732 10 13 0.04393208 
704 703 10 12 0.043483812 
681 732 9 12 0.043317713 
765 428 11 13 0.043108076 
404 710 11 13 0.043013964 
325 701 10 12 0.042556513 
605 127 8 10 0.042377252 
857 118 10 13 0.0423661 
791 154 10 13 0.042336926 
583 700 12 14 0.042299144 
279 525 11 13 0.042255256 
339 447 11 13 0.042183455 
808 387 9 12 0.041984845 
651 750 15 16 0.04186029 
920 105 10 12 0.041842867 
228 502 13 17 0.041790336 
672 140 8 11 0.04170259 
775 692 11 12 0.041512206 
844 733 11 13 0.04138453 
722 749 15 16 0.041381758 
189 421 12 15 0.0413808 
283 756 12 13 0.040756267 
933 120 13 17 0.040619478 
437 728 11 13 0.040606298 
887 672 9 11 0.040550124 
870 741 11 14 0.040455397 
462 751 12 14 0.04030283 
886 149 10 13 0.040287804 
846 726 10 12 0.040245015 
616 110 8 11 0.04018709 
743 678 10 13 0.0401707 
745 671 9 12 0.040148377 
800 356 11 14 0.039992787 
224 524 12 16 0.039801545 
816 453 9 12 0.039342124 
770 135 9 11 0.039287124 
679 94 7 10 0.03911781 
841 118 9 10 0.039107688 
64 696 10 11 0.039059438 
470 319 12 18 0.038858753 
319 460 10 13 0.038779434 
333 471 13 14 0.038757186 
852 684 12 14 0.03861284 
695 712 9 11 0.038575813 
817 717 10 13 0.038359106 
357 451 11 13 0.03829381 
73 149 8 10 0.03809032 
417 731 10 13 0.03789022 
639 750 10 11 0.037743144 
373 747 12 13 0.037671592 
923 689 12 15 0.03764552 
77 383 10 14 0.037088476 
917 709 9 11 0.037083194 
358 715 11 13 0.03700733 
14 724 14 16 0.03685693 
361 445 10 13 0.036830142 
294 507 12 14 0.036713384 
957 681 11 14 0.03654732 
932 716 11 13 0.036493413 
813 693 11 12 0.0363361 
134 160 9 11 0.036317773 
624 693 8 11 0.036129862 
838 436 11 14 0.03596695 
765 694 12 13 0.03590124 
776 439 10 12 0.035854463 
470 742 11 13 0.03549457 
767 141 9 12 0.03548806 
8 734 25 30 0.0354061 
199 517 12 15 0.035076495 
561 677 9 11 0.034941055 
903 711 10 12 0.034933593 
44 720 11 15 0.034396145 
409 723 10 12 0.03431132 
685 734 10 13 0.03423287 
495 721 11 14 0.034157094 
999 677 11 14 0.034153394 
279 500 10 14 0.034130197 
76 451 13 16 0.034049347 
838 170 13 15 0.033764966 
54 214 10 15 0.03365624 
642 143 8 11 0.03348484 
851 674 13 15 0.033435218 
453 751 11 13 0.03342494 
342 724 12 14 0.03304611 
686 680 10 12 0.032978885 
536 189 12 13 0.03297637 
943 661 11 13 0.032877512 
887 128 13 18 0.03280072 
566 736 10 11 0.032792993 
945 656 10 11 0.03270263 
64 187 9 12 0.03252873 
432 727 8 11 0.0323609 
686 726 9 11 0.03228025 
790 414 11 13 0.032168206 
892 373 13 18 0.032148086 
702 676 10 13 0.032122333 
932 727 10 12 0.032088872 
275 133 14 18 0.03202962 
646 748 13 14 0.03197894 
568 335 7 10 0.031841945 
129 151 10 11 0.031821705 
869 166 12 15 0.03179241 
217 540 10 13 0.031573992 
558 708 13 15 0.03152897 
823 399 10 13 0.03149733 
234 411 14 17 0.03145704 
924 751 12 14 0.0313635 
766 444 9 13 0.031361848 
744 357 10 12 0.031335827 
438 755 11 13 0.031276226 
765 731 11 14 0.031255387 
797 415 10 13 0.031237146 
800 429 10 14 0.031231081 
704 348 9 11 0.031203998 
545 678 10 12 0.031180376 
397 734 12 13 0.031131675 
150 138 22 26 0.031076515 
471 369 21 28 0.030901076 
760 694 11 14 0.030843625 
644 685 11 14 0.030843304 
392 700 10 12 0.030819522 
985 687 8 12 0.03062132 
393 688 10 12 0.030605363 
631 694 9 12 0.030491373 
341 684 11 12 0.03048646 
277 149 12 16 0.030340746 
216 157 10 13 0.030329635 
221 530 14 19 0.030179271 
470 303 12 16 0.02996736 
95 173 10 14 0.029924963 
576 698 11 13 0.029918674 
1006 675 11 13 0.029897 
436 696 10 12 0.029784271 
369 738 11 15 0.029712193 
310 486 12 15 0.029507825 
934 130 13 16 0.029453881 
101 186 11 13 0.02944447 
630 162 11 14 0.029382959 
820 683 10 13 0.029366843 
703 684 9 12 0.029157031 
479 687 9 13 0.02913034 
783 663 9 11 0.029121412 
447 178 10 14 0.029016795 
407 405 9 13 0.0288891 
383 396 10 13 0.028777277 
821 446 9 13 0.0287719 
693 716 10 12 0.028765503 
704 125 8 11 0.02873529 
493 711 11 14 0.028659957 
181 160 13 17 0.028585635 
880 749 10 14 0.028490335 
592 695 9 11 0.028477924 
600 132 8 11 0.028379958 
677 676 10 13 0.028369881 
823 142 9 12 0.02830341 
303 414 11 12 0.02826386 
80 164 8 12 0.028254615 
670 694 10 12 0.02810288 
584 116 7 11 0.028043475 
270 729 12 15 0.02803947 
448 685 9 11 0.027930971 
853 724 11 13 0.027829261 
40 158 9 11 0.027759941 
163 140 13 15 0.027753042 
167 406 12 15 0.027697733 
367 469 9 12 0.027696848 
777 128 7 10 0.02768286 
12 709 11 14 0.027639357 
709 676 10 12 0.02763721 
679 695 11 12 0.027585544 
849 478 7 10 0.027532527 
602 118 8 11 0.027525185 
648 693 10 12 0.027515594 
471 749 12 14 0.027442722 
821 716 11 14 0.027409416 
901 701 10 12 0.027402008 
690 718 9 12 0.027333163 
607 740 10 11 0.027276604 
862 719 11 14 0.027260952 
810 456 8 11 0.027260832 
1015 165 8 12 0.027194187 
760 118 8 11 0.027193189 
425 694 9 12 0.027126057 
879 149 10 13 0.026980037 
767 725 11 14 0.026949672 
87 147 9 12 0.026929693 
817 135 7 10 0.026900757 
145 724 10 13 0.0268998 
880 124 10 14 0.026855644 
20 741 13 17 0.026730986 
447 678 10 13 0.026722841 
1006 659 13 14 0.026711863 
471 722 11 14 0.026656516 
273 124 8 12 0.026654232 
139 211 16 19 0.026618278 
911 747 12 13 0.02658149 
375 18 14 19 0.0265211 
303 474 11 14 0.026503654 
878 182 12 15 0.026486117 
944 678 10 13 0.026460445 
846 745 12 15 0.026399521 
831 696 11 12 0.02638802 
933 740 11 13 0.026381575 
188 161 11 15 0.026376994 
367 726 10 12 0.026346551 
465 739 10 14 0.02632007 
424 688 10 12 0.026300287 
268 490 24 29 0.026276046 
414 691 11 13 0.026261713 
887 437 10 13 0.026261616 
930 124 10 13 0.02626097 
888 655 10 12 0.02623632 
735 400 14 18 0.02619886 
141 324 27 44 0.026188673 
324 706 12 16 0.026162116 
270 119 9 13 0.026148356 
504 363 11 14 0.026003102 
943 685 11 13 0.025981897 
423 321 12 14 0.025972936 
813 739 14 17 0.025825692 
686 738 11 15 0.025797445 
359 699 11 13 0.025790608 
831 399 9 13 0.025758525 
389 176 14 16 0.025734749 
477 133 9 12 0.025699776 
462 732 9 13 0.025653107 
13 731 15 19 0.025616461 
727 707 11 15 0.025582246 
468 322 22 30 0.025543397 
227 220 15 17 0.025494583 
223 150 9 12 0.025493551 
53 710 21 25 0.025443964 
647 103 9 12 0.025433276 
390 408 11 16 0.025430026 
999 670 11 13 0.025425425 
808 376 9 12 0.025388626 
729 677 10 13 0.025318671 
129 461 20 26 0.025287423 
696 685 9 11 0.025286462 
477 333 12 16 0.025137981 
137 425 13 17 0.025006052 
246 499 14 18 0.024939222 
708 703 11 13 0.024931978 
839 181 12 16 0.02491004 
1000 57 11 16 0.024899852 
913 679 9 12 0.02485743 
100 443 14 18 0.024852557 
941 692 11 12 0.024823278 
607 133 8 10 0.024806004 
537 334 9 12 0.02477658 
525 116 7 10 0.024767399 
877 358 10 14 0.024762893 
616 116 8 11 0.024719983 
911 649 9 11 0.024678681 
973 86 14 16 0.024666427 
709 414 8 11 0.024610283 
119 422 12 14 0.024545306 
917 126 10 13 0.024518197 
150 168 11 13 0.02450872 
862 678 10 13 0.024502572 
815 662 11 13 0.024427874 
473 707 10 13 0.024332872 
779 709 12 14 0.024332823 
399 715 11 12 0.024296662 
265 229 210 280 0.02429355 
615 143 8 11 0.024270423 
813 375 9 12 0.024200685 
171 460 14 17 0.024182942 
749 714 12 14 0.024119044 
663 687 8 10 0.024002695 
487 341 9 12 0.023954736 
488 121 10 15 0.023948774 
876 166 10 13 0.023934959 
654 738 13 16 0.023919798 
236 507 14 17 0.023831174 
801 168 10 12 0.023813099 
793 136 7 9 0.023797702 
851 703 10 13 0.023784153 
606 117 8 11 0.023755068 
261 498 25 30 0.023742275 
488 718 11 14 0.023723347 
475 321 13 17 0.023701087 
93 405 14 18 0.023684485 
430 688 9 11 0.023642771 
63 203 9 12 0.023641644 
608 230 10 12 0.023638045 
980 727 10 12 0.023623034 
40 182 9 12 0.023570327 
592 159 7 10 0.023468098 
333 741 13 17 0.02344229 
358 733 10 14 0.023307526 
816 412 9 12 0.023271533 
216 502 13 17 0.023253031 
880 699 20 24 0.023236837 
940 707 10 13 0.023231028 
472 337 12 16 0.023196807 
852 138 10 13 0.02315637 
863 111 10 12 0.023112562 
909 87 9 11 0.023111384 
830 469 8 11 0.02307289 
935 674 10 13 0.022949308 
5 550 21 31 0.022937294 
848 126 9 11 0.02288728 
41 715 22 26 0.022857727 
75 743 18 22 0.022781342 
684 695 10 12 0.022755975 
780 669 11 14 0.022722464 
749 671 9 12 0.022681456 
567 724 11 13 0.022649128 
836 695 12 14 0.022647053 
807 159 10 11 0.022617586 
72 165 7 11 0.022491386 
799 699 10 13 0.022479175 
688 117 8 11 0.022472048 
64 198 9 12 0.022440972 
880 157 9 12 0.022436427 
881 430 10 13 0.022375707 
841 413 10 13 0.022373822 
469 690 20 25 0.022363324 
212 168 14 17 0.022356104 
301 406 11 13 0.02234768 
734 703 11 13 0.022333937 
592 119 7 11 0.022330271 
806 429 9 13 0.022266896 
775 168 9 10 0.02223612 
781 675 12 15 0.022138087 
391 755 11 13 0.022130119 
869 734 11 13 0.02209574 
857 159 9 11 0.022028705 
973 95 14 18 0.022023153 
380 712 10 12 0.021981401 
281 500 23 28 0.021963911 
664 693 9 11 0.021944104 
799 134 7 10 0.021920206 
380 683 10 12 0.021847224 
624 654 8 10 0.021817362 
610 144 8 11 0.02179617 
752 128 8 11 0.021756157 
398 679 9 11 0.021755205 
862 367 9 12 0.021743955 
33 159 8 11 0.021724917 
136 165 10 12 0.02170822 
790 428 10 13 0.021651773 
870 458 9 14 0.021613395 
832 435 11 14 0.021607218 
406 412 11 14 0.021564467 
737 390 22 30 0.021536933 
660 748 13 14 0.02149307 
986 676 8 11 0.021472555 
106 380 11 15 0.021438401 
862 164 13 15 0.021437785 
5 612 15 22 0.021414528 
917 132 10 14 0.021406723 
207 149 12 14 0.021331329 
279 531 12 14 0.021285696 
143 355 12 17 0.021272851 
179 138 11 15 0.021261755 
664 704 8 11 0.021249793 
670 126 8 11 0.021246394 
727 714 11 14 0.021218238 
346 749 14 17 0.021194762 
421 718 11 13 0.021141188 
333 738 23 31 0.021093586 
27 445 12 15 0.021085078 
641 743 9 11 0.021075178 
368 378 12 18 0.02107029 
824 749 13 15 0.021065278 
990 83 11 15 0.021050226 
87 189 9 12 0.0210381 
807 672 20 24 0.021019667 
928 622 10 12 0.020960404 
624 678 9 11 0.020925267 
711 102 9 12 0.020913202 
887 662 10 11 0.020906039 
337 686 9 10 0.020903105 
939 669 12 13 0.020886391 
9 714 11 14 0.020879414 
656 688 9 11 0.020867754 
794 668 10 13 0.020841852 
799 676 12 15 0.020813225 
614 755 12 13 0.020812554 
894 167 11 16 0.020792691 
219 519 21 27 0.02078722 
741 386 13 17 0.0207315 
97 694 9 12 0.020726744 
172 225 15 18 0.02068235 
0 167 10 15 0.020610312 
375 346 10 15 0.020541118 
878 132 10 15 0.020523494 
430 717 8 11 0.020522304 
845 430 9 12 0.020514946 
249 313 29 45 0.020503022 
624 702 9 11 0.020484565 
854 716 11 14 0.020482564 
959 727 9 11 0.020471463 
944 735 9 11 0.020453641 
871 146 10 13 0.020428574 
849 419 9 13 0.02041528 
647 181 11 14 0.02041526 
285 515 13 14 0.0204062 
40 165 9 12 0.020402303 
911 377 11 15 0.020327294 
951 747 12 14 0.020323204 
885 738 12 15 0.020308867 
617 669 8 11 0.020295009 
998 659 11 13 0.020267949 
286 484 23 29 0.020266935 
750 142 8 11 0.02024942 
639 148 8 11 0.020244427 
790 699 9 13 0.020239227 
614 688 9 11 0.020236919 
958 693 10 12 0.020236544 
583 183 20 26 0.020215532 
720 678 8 11 0.020210318 
799 178 11 13 0.020202186 
448 727 9 12 0.020188507 
704 691 9 12 0.02017702 
710 179 14 14 0.020165302 
358 660 13 15 0.020139316 
679 685 10 10 0.020124957 
674 94 8 11 0.020105308 
1007 691 10 13 0.020098785 
82 408 102 134 0.02006777 
568 702 22 26 0.020065017 
616 664 9 11 0.02003394 
352 103 11 12 0.02002382 
152 381 10 13 0.02002236 
