17_Ceremony_Ceremony_17_1048
23
467 98 109 144 0.99994564 
331 144 94 127 0.9997123 
29 421 34 43 0.9992424 
129 398 36 45 0.9914698 
733 182 210 275 0.14557564 
157 372 22 27 0.10916834 
655 38 373 447 0.10289899 
619 400 383 517 0.07140414 
804 792 13 18 0.06512312 
4 378 14 19 0.056583773 
-37 112 374 418 0.045627736 
209 1056 9 10 0.03721804 
5 797 15 17 0.036031216 
83 440 18 23 0.03579586 
822 277 54 61 0.030740354 
0 396 10 18 0.030349977 
743 474 203 354 0.02760244 
167 374 24 28 0.026345434 
83 421 16 19 0.025841165 
791 245 118 154 0.02542295 
294 727 463 463 0.02229851 
33 769 15 19 0.020383134 
94 393 12 17 0.02007872 
