17_Ceremony_Ceremony_17_271
226
731 371 22 28 0.9118089 
569 380 21 29 0.57795954 
604 376 16 23 0.5057861 
505 434 26 32 0.30166864 
587 380 12 16 0.2163725 
252 392 16 20 0.17492104 
652 523 228 265 0.12820438 
228 600 40 45 0.124696895 
515 387 21 29 0.119159 
579 379 16 22 0.116317354 
573 350 10 14 0.11022287 
260 394 12 16 0.10820325 
564 348 13 17 0.10522118 
254 383 12 15 0.09958249 
641 383 11 13 0.09317051 
460 334 10 14 0.09021662 
173 546 28 44 0.0895553 
463 357 13 16 0.083257236 
711 381 10 12 0.08278786 
405 366 8 12 0.0786934 
296 382 9 10 0.07668248 
485 376 12 17 0.075780876 
386 382 8 10 0.07428486 
623 387 12 17 0.07204635 
609 373 14 19 0.070464104 
229 393 12 16 0.06743607 
269 395 10 14 0.06719299 
550 427 14 19 0.06635857 
297 375 9 11 0.064397156 
680 373 9 12 0.06432337 
872 346 12 15 0.0633228 
664 381 11 13 0.05933248 
169 597 47 59 0.058588885 
692 374 10 12 0.057472218 
790 377 12 15 0.057020508 
876 412 13 15 0.055948503 
605 442 23 25 0.054280587 
233 411 27 31 0.054089863 
52 447 15 18 0.05379826 
705 383 9 12 0.052914944 
224 388 10 13 0.05214429 
500 364 16 19 0.04790756 
376 391 11 12 0.04775058 
123 429 11 12 0.047717433 
680 381 10 11 0.047572643 
853 388 12 16 0.047450416 
297 388 10 11 0.04740748 
281 383 8 10 0.04702037 
626 391 14 18 0.046975646 
819 388 13 15 0.046759438 
934 461 12 15 0.04673505 
217 414 11 13 0.04649461 
118 527 28 38 0.04612562 
747 464 25 29 0.045570493 
966 452 16 19 0.04534936 
656 367 9 11 0.0444703 
559 377 23 29 0.043649025 
623 373 11 14 0.043366898 
708 387 12 14 0.043011494 
230 403 12 15 0.042940892 
219 418 15 18 0.04292857 
133 526 17 23 0.04246901 
775 343 11 14 0.042239945 
622 381 11 15 0.04110249 
92 304 12 17 0.04062116 
604 369 14 17 0.040535897 
718 386 11 15 0.04029366 
286 366 8 10 0.04024823 
894 434 13 15 0.040202748 
614 404 13 15 0.039512396 
192 367 11 13 0.038978122 
448 357 10 14 0.03841698 
245 399 17 19 0.037985913 
485 352 14 17 0.037498903 
493 424 44 57 0.037268665 
125 478 11 12 0.036903102 
264 374 9 11 0.036297034 
383 333 9 12 0.036243547 
602 424 18 22 0.03573937 
245 373 11 12 0.035651885 
247 389 15 18 0.035188295 
427 585 37 44 0.035084113 
644 387 13 16 0.03494842 
146 586 84 106 0.03473586 
134 518 13 17 0.03439446 
242 418 15 19 0.034371015 
25 229 409 547 0.03433377 
270 375 8 9 0.034327015 
558 351 15 19 0.033947002 
703 388 10 12 0.03383579 
565 343 12 14 0.03378419 
480 310 10 13 0.033683434 
197 366 10 14 0.033529904 
223 336 8 11 0.033525854 
303 368 7 8 0.033255666 
260 382 11 14 0.03322639 
222 407 11 13 0.032865632 
86 299 15 19 0.032788128 
572 400 23 31 0.032732204 
773 403 12 15 0.03218158 
104 537 36 41 0.031945538 
387 567 29 42 0.031900786 
637 386 14 17 0.031721234 
755 472 15 18 0.03171593 
679 369 9 11 0.031608585 
237 394 14 19 0.031602435 
518 439 19 24 0.031423956 
871 406 11 15 0.031390682 
872 435 11 13 0.031047914 
313 383 8 10 0.030997949 
663 374 13 13 0.030989947 
118 333 13 14 0.03082836 
678 391 10 12 0.030360531 
229 383 11 16 0.030253923 
359 398 10 12 0.03018766 
455 299 15 18 0.029795518 
617 449 17 18 0.029659418 
893 445 12 16 0.02963321 
485 242 12 17 0.029116377 
602 400 15 19 0.028693661 
404 372 11 14 0.028587738 
111 493 11 13 0.028547306 
302 382 8 11 0.028536934 
603 433 20 23 0.028484711 
179 578 35 53 0.028341718 
117 498 11 13 0.028145043 
334 384 9 10 0.027862417 
750 346 14 17 0.027787907 
126 408 12 15 0.027414426 
419 333 11 13 0.027335402 
254 419 13 17 0.027317436 
390 388 10 12 0.027066128 
468 232 13 18 0.02691492 
80 446 10 11 0.02670751 
236 386 13 18 0.026672214 
588 344 10 13 0.02664046 
224 414 24 31 0.026585672 
572 372 15 20 0.026401754 
749 403 15 18 0.026259983 
564 402 15 19 0.026130635 
746 460 17 19 0.025881354 
486 369 24 28 0.025799923 
374 351 8 11 0.025594594 
285 390 9 11 0.025584359 
656 373 10 12 0.025486114 
286 383 8 10 0.025455387 
618 400 14 17 0.025240995 
665 319 9 10 0.025237447 
292 460 15 19 0.025150523 
672 326 9 10 0.025148114 
468 362 11 16 0.025124108 
486 251 13 17 0.025076358 
664 388 11 14 0.024909345 
220 415 46 44 0.02487297 
119 405 12 14 0.024860272 
668 389 12 15 0.024789816 
695 390 10 12 0.024764063 
668 371 12 13 0.024723995 
225 389 22 27 0.024700021 
562 389 24 31 0.024352962 
358 334 8 10 0.024255866 
184 358 9 11 0.02421706 
419 596 33 43 0.024158938 
280 389 8 11 0.024136223 
686 379 12 13 0.023986695 
655 381 11 13 0.023890078 
613 374 20 29 0.023788668 
706 402 14 18 0.023685535 
741 417 16 22 0.023684433 
215 406 10 12 0.023643661 
252 378 22 29 0.023634965 
336 328 8 9 0.02363228 
544 363 12 15 0.023624767 
243 417 25 28 0.02355612 
296 368 8 8 0.023512665 
651 648 16 20 0.023234805 
255 376 10 13 0.023222718 
727 560 129 185 0.023199653 
389 372 9 11 0.023138668 
881 399 10 12 0.023065522 
361 381 9 12 0.022925131 
901 445 11 14 0.022734424 
703 374 10 12 0.022694638 
551 293 9 12 0.022683367 
343 328 8 9 0.022580054 
202 366 91 100 0.022545815 
808 381 12 14 0.022516526 
240 587 32 45 0.02251559 
753 592 34 47 0.022483464 
566 345 19 26 0.022358097 
580 408 23 29 0.02234673 
454 348 12 16 0.022194244 
546 455 390 390 0.021861661 
892 552 32 41 0.021795763 
302 430 8 11 0.021700278 
260 49 388 475 0.021598877 
756 343 12 14 0.021574244 
524 388 21 30 0.021399422 
416 249 100 120 0.021397838 
672 335 9 11 0.021368554 
883 413 11 14 0.021324528 
230 357 8 10 0.02126112 
391 341 9 12 0.021160956 
717 376 22 26 0.021149501 
89 431 8 11 0.021083722 
549 571 12 14 0.02108308 
863 366 11 14 0.021042105 
261 384 20 27 0.021007787 
470 350 12 15 0.02092729 
244 411 15 18 0.020921366 
732 366 36 46 0.020776115 
599 332 10 13 0.020766774 
462 349 12 16 0.020766009 
490 343 208 231 0.020745229 
275 448 17 17 0.020603266 
787 422 26 31 0.020497302 
678 327 7 10 0.020497188 
399 574 33 47 0.020461205 
206 286 9 10 0.020412179 
862 409 12 16 0.02040066 
426 602 119 141 0.020264411 
264 367 9 10 0.020255156 
655 327 8 10 0.020244984 
246 382 14 16 0.02021248 
109 429 9 10 0.020022945 
822 381 13 16 0.020014675 
