17_Ceremony_Ceremony_17_444
18
304 224 363 510 0.9997272 
223 527 586 506 0.85870725 
34 988 88 139 0.18365216 
45 282 231 335 0.13765676 
767 1334 11 12 0.10211449 
152 752 604 626 0.10076402 
907 11 124 164 0.0767509 
773 1383 15 16 0.057980925 
766 1326 9 11 0.04480523 
733 1358 10 12 0.029167794 
733 1365 13 15 0.028865825 
735 1233 10 14 0.028635405 
783 1344 10 12 0.026320698 
798 1399 10 14 0.022482641 
123 228 308 432 0.022313623 
190 1018 504 551 0.022124795 
774 1340 12 14 0.02167982 
791 1342 10 12 0.02036206 
