17_Ceremony_Ceremony_17_452
230
309 367 22 32 0.9861692 
931 389 19 25 0.78350216 
218 381 16 25 0.5561682 
982 416 28 32 0.42536637 
307 334 14 18 0.29272422 
176 326 12 14 0.1626873 
702 430 12 16 0.15353079 
174 331 12 15 0.14528967 
980 393 14 18 0.14335857 
131 411 13 19 0.13651717 
835 382 16 22 0.1282488 
679 347 11 15 0.122776404 
944 404 24 30 0.11813741 
338 411 23 30 0.115458414 
579 350 13 16 0.11346007 
427 355 13 16 0.108635984 
411 372 13 18 0.09675362 
196 302 10 13 0.09151708 
726 454 11 14 0.09086138 
321 412 27 38 0.09005287 
86 468 14 19 0.08871115 
136 300 10 13 0.08854223 
354 440 16 19 0.07742861 
181 316 10 12 0.07425816 
182 311 10 12 0.07337648 
68 458 14 19 0.07331483 
65 663 9 11 0.07057702 
1 471 16 22 0.06979403 
790 330 13 17 0.06885944 
190 377 13 16 0.06445256 
630 390 10 12 0.06010127 
168 357 10 12 0.059998702 
97 629 9 11 0.05937446 
417 407 10 13 0.058822777 
730 481 14 18 0.05794761 
66 345 14 18 0.056948405 
955 20 49 89 0.056867175 
225 378 13 20 0.056656733 
711 446 12 15 0.056366287 
827 400 16 22 0.056354143 
718 451 11 15 0.056161877 
156 300 10 13 0.055879213 
348 426 24 31 0.055675406 
224 383 22 29 0.05555545 
86 621 10 13 0.05456563 
665 357 9 11 0.054415517 
192 387 11 15 0.053808723 
603 228 12 15 0.051625296 
660 388 10 12 0.05141763 
735 389 9 12 0.050755344 
17 317 10 14 0.05066072 
654 412 11 14 0.050565083 
298 374 22 29 0.050176594 
169 332 11 14 0.050105397 
932 398 24 30 0.049481023 
82 661 10 12 0.04944501 
902 384 24 29 0.049284145 
195 375 15 21 0.047173742 
355 384 15 18 0.047095954 
392 357 10 14 0.04633689 
182 442 11 16 0.046325658 
680 420 12 13 0.04524525 
5 628 11 14 0.045180872 
1 190 21 31 0.045129534 
508 48 92 151 0.044181146 
140 307 12 14 0.04381464 
348 379 15 18 0.042912584 
436 282 15 21 0.042887636 
210 348 10 13 0.042714946 
670 355 10 13 0.04269896 
64 629 9 11 0.042571843 
329 401 25 33 0.042555034 
169 341 10 12 0.042124365 
70 620 10 13 0.04198587 
843 385 14 21 0.041494712 
295 377 15 21 0.041445408 
291 405 23 30 0.04124841 
1012 332 10 15 0.041137405 
193 307 11 13 0.039944317 
981 399 26 32 0.039924968 
193 343 9 12 0.039920133 
673 348 10 15 0.03936636 
151 302 12 14 0.0393278 
101 412 13 16 0.039164294 
975 388 11 16 0.038972873 
153 294 10 12 0.038877193 
419 410 12 15 0.038748432 
157 295 10 12 0.038724426 
657 373 9 11 0.03856451 
887 387 11 15 0.038474366 
640 408 9 11 0.03833774 
695 417 11 12 0.038335193 
481 344 8 11 0.037782144 
587 364 12 16 0.037603296 
431 272 29 38 0.0372006 
149 307 12 14 0.036910318 
469 390 11 13 0.036511466 
783 442 15 19 0.03598362 
892 386 13 16 0.035890825 
657 383 10 12 0.03574744 
853 445 13 18 0.034540724 
671 301 9 11 0.034463163 
71 628 10 13 0.03445709 
137 325 9 12 0.03445182 
78 636 9 12 0.034397043 
822 394 15 23 0.034224372 
168 349 11 13 0.0340011 
414 368 10 15 0.033805504 
55 459 14 18 0.033765078 
197 316 10 12 0.033712495 
357 404 14 16 0.03368455 
313 424 26 33 0.033467714 
377 365 10 14 0.033149727 
700 421 11 15 0.03182678 
734 397 9 12 0.03161557 
198 334 8 11 0.031463888 
356 418 13 17 0.0314244 
346 -6 55 44 0.031223582 
62 646 9 12 0.03095248 
866 440 38 49 0.030564826 
206 376 20 27 0.030438453 
823 380 22 32 0.030142372 
820 419 14 19 0.029584937 
139 295 11 13 0.029493492 
703 292 9 11 0.029426506 
0 621 11 17 0.029134255 
71 615 10 12 0.028437693 
149 461 13 14 0.027907662 
638 397 10 12 0.027903859 
816 426 13 15 0.02788268 
203 368 15 20 0.027683083 
149 468 14 17 0.027475322 
630 385 9 10 0.027398031 
183 284 8 11 0.027356107 
170 322 21 25 0.027311722 
56 646 9 10 0.027126811 
679 426 12 13 0.027045565 
683 315 13 15 0.026965138 
915 380 16 20 0.026952695 
626 389 9 12 0.026797809 
208 343 9 13 0.026789565 
19 410 15 21 0.026656026 
136 317 10 12 0.02627289 
464 391 11 13 0.026236825 
971 398 22 28 0.02619078 
709 399 10 13 0.026167635 
362 442 14 17 0.026030952 
727 284 9 11 0.025985027 
833 401 17 23 0.025957042 
113 309 10 12 0.025819644 
557 349 11 14 0.025773073 
23 653 9 11 0.025759362 
300 344 15 18 0.025733838 
726 447 10 14 0.025666045 
740 493 15 20 0.025464538 
392 415 11 14 0.025358997 
631 327 22 28 0.025076473 
177 309 10 12 0.025033213 
944 416 28 38 0.024994174 
198 341 8 11 0.024965275 
3 462 15 19 0.024815558 
757 365 27 45 0.02479768 
720 292 9 12 0.024752652 
177 319 11 13 0.02457913 
695 433 13 17 0.024499618 
838 526 14 18 0.024425931 
487 380 8 11 0.024418969 
425 329 14 17 0.024414627 
80 621 10 12 0.024334408 
129 317 9 12 0.02431332 
270 612 13 13 0.02428111 
649 412 9 12 0.024244616 
348 405 15 17 0.024122994 
148 350 11 13 0.024004284 
162 358 9 12 0.023919782 
157 370 12 14 0.023740945 
161 333 9 12 0.023513533 
648 390 9 11 0.023494422 
141 286 10 11 0.023403382 
646 407 9 13 0.023296123 
733 414 12 15 0.023277264 
729 437 10 14 0.02323981 
592 340 9 12 0.023224859 
995 323 11 16 0.023216564 
486 374 9 12 0.023192225 
520 87 61 85 0.023086522 
640 370 11 14 0.022947907 
723 449 18 24 0.02284204 
660 397 10 12 0.022793181 
754 484 14 18 0.022780675 
363 404 11 13 0.022711692 
419 374 13 15 0.02266251 
317 382 25 33 0.022553204 
727 292 10 13 0.022513025 
239 422 12 17 0.022419672 
687 405 9 10 0.022394191 
347 396 15 18 0.022342758 
196 393 13 16 0.022330431 
341 402 15 18 0.02228386 
422 363 11 14 0.022087166 
41 628 9 12 0.02198297 
416 421 12 14 0.02192315 
87 656 10 14 0.021841364 
125 267 458 516 0.021829493 
686 437 12 15 0.021771787 
95 637 10 12 0.021735014 
902 382 15 18 0.021543298 
212 361 16 20 0.021517316 
223 302 11 12 0.021435786 
174 303 11 12 0.021398274 
140 314 12 14 0.021166317 
873 431 28 38 0.021129053 
821 404 16 23 0.020983579 
706 433 13 17 0.020963626 
197 296 9 13 0.0209093 
103 611 12 14 0.020846624 
661 374 9 11 0.020828964 
248 332 11 14 0.02071321 
199 367 11 15 0.020667775 
39 652 10 11 0.02055569 
214 310 10 11 0.02055 
729 389 10 13 0.020511087 
187 418 17 21 0.020285074 
21 648 10 12 0.020272639 
119 408 23 27 0.020143818 
133 618 13 14 0.0201147 
785 319 21 32 0.020114357 
222 351 12 16 0.02004801 
671 342 20 26 0.020036638 
933 382 15 19 0.020024812 
