17_Ceremony_Ceremony_17_1037
41
466 197 168 221 0.9985379 
762 796 51 81 0.2069043 
381 1782 137 123 0.1304804 
58 27 214 274 0.12526375 
9 527 60 81 0.11869939 
94 69 127 150 0.11653804 
285 115 44 61 0.09462417 
795 778 14 20 0.07623412 
298 875 124 140 0.070345916 
239 156 340 438 0.06220634 
273 1447 158 259 0.059170745 
264 150 53 65 0.057183765 
437 259 29 45 0.053635113 
0 -19 379 436 0.046900123 
720 155 398 535 0.04647618 
270 1583 452 480 0.046033353 
256 821 192 280 0.045459777 
21 140 229 261 0.04000412 
215 724 329 454 0.039949454 
275 162 25 37 0.035791166 
256 85 13 15 0.033625904 
562 139 96 132 0.033413563 
288 107 32 41 0.032699894 
237 171 59 64 0.030525131 
152 131 69 81 0.030450502 
732 833 14 17 0.029459521 
276 141 29 41 0.027122188 
53 1108 377 519 0.027000207 
254 107 82 107 0.026931355 
248 179 32 36 0.025603343 
152 75 121 144 0.025300287 
723 820 28 35 0.025081698 
789 777 24 36 0.025053376 
547 1709 147 184 0.023560654 
262 111 47 59 0.023358803 
814 814 13 20 0.022889009 
20 504 85 112 0.021674808 
554 115 61 71 0.021377536 
406 1456 370 473 0.021190727 
801 808 31 45 0.021052347 
254 119 29 37 0.020373313 
