17_Ceremony_Ceremony_17_406
18
715 375 60 101 0.99032706 
370 247 59 102 0.990293 
235 476 13 17 0.081079274 
431 73 240 254 0.044507742 
408 233 32 59 0.043506633 
640 541 12 14 0.039042674 
206 477 12 15 0.037657447 
691 421 11 15 0.031133456 
641 44 16 20 0.030291174 
557 495 26 29 0.029455464 
121 597 39 52 0.028141279 
200 474 12 15 0.02544789 
646 547 10 13 0.023572413 
361 194 97 129 0.022953395 
563 498 15 17 0.021182457 
561 508 15 18 0.020949606 
212 476 10 14 0.02089663 
270 478 11 13 0.020752331 
