18_Concerts_Concerts_18_251
17
395 269 226 327 0.99990416 
216 492 500 422 0.5660113 
668 704 249 259 0.21114127 
209 609 159 133 0.118245944 
86 532 524 615 0.07272999 
637 474 51 69 0.047721397 
188 344 98 134 0.044534095 
435 950 15 16 0.04027898 
482 611 455 557 0.038899615 
165 412 196 293 0.036529176 
285 859 14 16 0.03624476 
153 316 369 489 0.03447442 
524 208 118 90 0.02684478 
322 877 16 17 0.026388602 
437 448 266 334 0.02475797 
174 411 98 125 0.024540272 
144 532 117 146 0.023317521 
