18_Concerts_Concerts_18_612
30
211 388 396 496 0.99379843 
-73 495 440 525 0.63677716 
581 220 359 459 0.41531226 
476 553 478 432 0.34845892 
401 492 346 428 0.20263402 
89 398 161 156 0.17215149 
135 534 289 359 0.13953565 
383 797 415 534 0.114238895 
712 398 236 311 0.07326802 
590 490 289 372 0.066954486 
-134 697 537 558 0.05544053 
410 -28 333 429 0.05136529 
652 731 345 483 0.044339307 
508 81 339 451 0.042783998 
438 928 229 347 0.03955977 
398 91 48 58 0.03392241 
8 698 236 415 0.03356537 
411 74 47 59 0.033334676 
212 77 46 57 0.0309559 
398 58 45 57 0.030594697 
372 77 45 54 0.030586824 
359 59 44 52 0.028556041 
198 64 46 58 0.027958067 
135 174 62 52 0.025982257 
343 76 43 52 0.022559872 
753 241 70 84 0.021594157 
236 60 43 57 0.020922998 
431 60 44 58 0.020346588 
359 93 46 54 0.02031943 
967 308 33 38 0.020220466 
