18_Concerts_Concerts_18_665
23
513 161 252 288 0.99995327 
543 1277 208 153 0.48293197 
465 1101 476 348 0.38677737 
571 24 323 443 0.18140925 
660 1197 149 174 0.1587058 
108 1058 63 85 0.10488736 
591 554 370 477 0.09561577 
534 578 127 124 0.08916071 
3 197 483 600 0.08452485 
692 1079 277 306 0.05736529 
127 7 382 493 0.044785626 
283 957 17 23 0.039804827 
674 190 17 22 0.037129674 
505 564 252 228 0.03389849 
152 1016 93 116 0.02922842 
366 827 427 420 0.029028554 
168 990 27 34 0.02849295 
119 960 29 31 0.027143495 
105 1029 51 77 0.026029259 
693 1125 125 174 0.022795433 
506 724 388 451 0.021925798 
149 999 27 35 0.020853737 
119 1089 67 69 0.020212814 
