18_Concerts_Concerts_18_252
19
491 194 139 169 0.9995085 
644 330 327 472 0.1217818 
313 724 122 113 0.08416224 
594 271 125 145 0.08259186 
270 741 133 140 0.07692223 
721 380 191 317 0.0700062 
328 721 81 70 0.062061764 
93 93 37 41 0.03689738 
841 33 26 30 0.03678299 
226 700 24 32 0.035382602 
524 462 219 269 0.03495238 
863 146 26 33 0.028072815 
456 405 388 472 0.026356423 
336 412 25 31 0.022353467 
210 83 26 32 0.021781549 
140 673 362 356 0.021542775 
274 505 27 33 0.02072495 
146 420 24 29 0.02054522 
226 613 23 31 0.020047726 
