18_Concerts_Concerts_18_1015
20
153 627 51 63 0.99787617 
397 631 50 64 0.99751353 
824 595 45 55 0.9953408 
619 623 45 55 0.98179054 
779 636 29 34 0.3269584 
303 635 23 29 0.27422768 
262 634 25 33 0.0696363 
863 328 53 62 0.06044438 
798 587 24 35 0.054483343 
359 633 376 468 0.042173482 
231 40 210 299 0.036799666 
957 629 13 17 0.033384815 
963 742 26 33 0.028719166 
-3 21 417 430 0.028259685 
137 -74 366 434 0.028165149 
41 617 18 21 0.027495682 
975 0 29 24 0.027386554 
505 1109 53 79 0.02412998 
25 513 342 426 0.022882625 
315 666 25 33 0.02279096 
