18_Concerts_Concerts_18_389
18
432 138 131 162 0.9996958 
644 162 241 350 0.14115536 
564 244 89 66 0.10656101 
357 801 166 270 0.06937914 
351 902 230 345 0.06124211 
602 298 55 52 0.0594097 
86 176 224 263 0.057239104 
543 923 327 430 0.043272454 
287 885 391 512 0.0413315 
580 199 189 240 0.037110027 
664 987 118 200 0.03610044 
696 263 236 395 0.029043661 
550 256 123 101 0.028953208 
615 46 248 329 0.028733017 
753 1094 211 305 0.02252939 
419 745 202 294 0.022147942 
595 315 65 66 0.021394623 
571 254 33 41 0.020106994 
