18_Concerts_Concerts_18_38
549
67 416 30 44 0.99912137 
760 392 30 47 0.9978083 
292 532 47 82 0.980456 
528 266 28 35 0.9749687 
806 277 17 25 0.96048796 
594 301 22 32 0.95532084 
894 333 50 73 0.9342481 
643 184 21 30 0.8871332 
363 185 14 17 0.88580304 
877 237 11 13 0.8722678 
282 217 26 39 0.84547204 
559 345 23 36 0.8416655 
96 395 25 34 0.8280998 
417 504 73 112 0.7736504 
137 326 25 32 0.74635714 
545 489 55 82 0.6805436 
507 212 12 14 0.663334 
278 188 17 21 0.6544775 
519 415 29 36 0.6500716 
364 297 17 21 0.6179532 
726 316 15 20 0.61110634 
455 236 11 16 0.4551989 
733 284 11 14 0.39663586 
528 218 11 14 0.3714763 
689 259 10 12 0.3207115 
1012 226 11 19 0.29277033 
354 492 27 50 0.29234588 
532 215 10 13 0.29159963 
268 546 56 68 0.2660145 
570 359 24 34 0.26517808 
190 375 25 40 0.26060784 
535 414 25 36 0.25453013 
680 269 11 15 0.24499644 
823 251 10 12 0.241461 
219 287 17 23 0.23927318 
988 268 15 21 0.22679022 
769 279 10 12 0.22578825 
243 561 63 69 0.21264209 
845 247 9 12 0.20912457 
895 278 12 14 0.20906883 
568 197 9 12 0.20736988 
712 262 9 12 0.20592919 
409 442 53 66 0.18755947 
430 197 11 15 0.18215242 
861 278 11 14 0.18138826 
429 228 12 15 0.17230414 
768 284 12 15 0.16491254 
404 491 51 81 0.1634809 
531 227 13 17 0.16107066 
718 315 20 27 0.15788059 
745 245 9 11 0.15327336 
485 299 14 19 0.15315485 
730 215 8 10 0.14641051 
588 237 21 33 0.14530194 
901 246 9 10 0.14272271 
900 282 11 15 0.14161544 
446 236 13 17 0.13969634 
651 181 13 19 0.1368735 
734 215 7 9 0.13354121 
928 256 8 10 0.13159834 
945 278 10 14 0.13112202 
527 509 81 112 0.124491945 
79 407 25 39 0.12154684 
627 364 22 34 0.120985396 
705 262 10 13 0.118259095 
729 238 10 12 0.116152085 
186 334 14 16 0.11494259 
131 329 19 27 0.112735905 
583 237 12 19 0.11107019 
967 227 10 14 0.10777875 
505 206 12 15 0.10687658 
986 264 25 33 0.105309516 
151 325 19 28 0.10288196 
789 270 9 13 0.10245996 
486 175 8 9 0.10119761 
712 254 9 12 0.10007895 
814 231 8 11 0.098911755 
309 205 12 15 0.097605765 
638 280 16 19 0.09606119 
229 254 14 22 0.09577841 
511 196 10 12 0.09158323 
685 346 13 19 0.088010915 
785 276 9 12 0.0877881 
773 211 10 13 0.08719739 
373 509 46 51 0.0862643 
847 199 8 11 0.085313104 
944 192 8 10 0.08338146 
856 197 7 10 0.083162986 
806 271 13 17 0.08291121 
682 516 90 120 0.082665846 
266 201 14 17 0.0823324 
714 230 8 10 0.08162395 
867 303 13 20 0.081295565 
323 271 15 22 0.080785505 
422 532 34 62 0.080716625 
2 396 17 26 0.07912675 
549 408 21 39 0.07888623 
974 207 11 14 0.07865896 
798 235 8 11 0.07843012 
961 223 9 13 0.07835867 
573 198 10 13 0.077752955 
903 253 10 12 0.07762827 
513 192 9 11 0.07755939 
424 230 12 14 0.07691028 
244 233 15 21 0.07566102 
665 235 11 14 0.07527677 
125 370 15 21 0.07439226 
970 229 11 16 0.07398461 
552 227 11 17 0.07392436 
842 200 8 10 0.07273515 
574 368 29 33 0.07178992 
728 245 10 12 0.07096107 
318 456 42 57 0.07055977 
486 378 10 13 0.06950507 
864 198 7 9 0.06921611 
873 243 10 13 0.06905294 
734 245 8 11 0.06883442 
887 294 9 13 0.06873129 
504 217 14 16 0.0684761 
946 270 13 16 0.06843002 
542 226 12 18 0.06734954 
715 175 7 9 0.0672599 
528 206 9 12 0.06714155 
838 276 13 15 0.06656124 
739 292 11 14 0.06647519 
454 196 10 13 0.06642049 
459 240 11 14 0.06594746 
510 405 26 36 0.065677956 
694 326 23 29 0.06554704 
889 189 6 9 0.064583294 
801 190 7 10 0.06444071 
694 285 9 13 0.06431007 
716 261 10 13 0.06379936 
361 507 38 42 0.06338641 
110 363 10 14 0.06324482 
552 220 11 16 0.06320377 
747 238 10 12 0.062835835 
554 216 9 11 0.062599674 
841 251 9 12 0.0625925 
913 191 7 10 0.062483653 
719 224 8 9 0.06243627 
683 370 13 18 0.062272426 
395 511 40 50 0.060681008 
920 256 8 10 0.060582288 
419 456 58 83 0.06041682 
895 272 10 13 0.06004086 
831 239 9 11 0.05875227 
814 222 8 11 0.057676565 
0 599 58 100 0.057638288 
569 253 11 15 0.057399504 
855 193 7 10 0.057394497 
4 385 14 22 0.05687045 
469 373 14 16 0.056869864 
728 290 13 15 0.056741837 
980 267 39 53 0.05614025 
688 191 9 11 0.055919755 
793 235 9 12 0.055859294 
308 199 12 14 0.05552196 
237 394 12 16 0.055035513 
829 245 9 12 0.05482095 
405 182 10 13 0.05449799 
478 283 11 15 0.054393493 
929 247 8 10 0.05398016 
746 229 9 11 0.053344715 
744 223 8 10 0.05318776 
879 278 10 13 0.052849572 
950 180 7 10 0.052809775 
832 630 34 33 0.05226821 
713 322 21 30 0.05216287 
916 293 11 15 0.05191424 
339 472 40 60 0.05190842 
107 388 25 36 0.051877823 
919 260 9 12 0.051864572 
231 245 22 33 0.051729027 
990 175 8 11 0.051591564 
437 236 14 18 0.051298242 
477 378 13 15 0.050950147 
734 271 9 13 0.05044501 
719 248 10 11 0.050237685 
448 196 10 13 0.049690384 
850 191 8 10 0.049634665 
351 274 15 19 0.04951341 
769 207 10 12 0.04899689 
459 364 11 14 0.048949532 
869 269 12 13 0.0488924 
866 194 7 9 0.048081186 
801 185 8 9 0.047616303 
84 393 23 30 0.04729346 
767 247 12 14 0.047249608 
823 190 7 10 0.04706599 
386 456 62 65 0.046839196 
985 182 9 11 0.046364576 
298 511 74 112 0.046253983 
823 213 8 10 0.045835476 
3 351 12 19 0.045566548 
789 330 14 17 0.045306567 
717 252 10 12 0.045296583 
681 192 8 11 0.045134988 
712 249 9 11 0.045085676 
440 372 10 13 0.045016907 
694 359 24 31 0.044978384 
610 301 15 20 0.044957414 
197 339 13 17 0.04472156 
399 199 10 13 0.04415212 
629 266 28 31 0.044117436 
870 252 11 13 0.043927882 
352 295 22 26 0.043447148 
677 264 12 15 0.043430038 
214 293 17 22 0.042729232 
50 393 25 30 0.042648524 
902 241 9 11 0.042470265 
275 193 24 29 0.042453967 
324 181 12 14 0.04235251 
492 221 12 15 0.042293984 
809 236 9 12 0.04228247 
406 188 10 13 0.042181548 
382 166 12 14 0.041924473 
126 376 25 37 0.041797534 
516 196 10 12 0.04156885 
871 193 7 8 0.041566152 
509 345 29 34 0.041396186 
943 196 8 10 0.04092538 
710 265 10 13 0.039737303 
688 283 10 15 0.03941833 
911 255 10 12 0.039276417 
847 204 9 11 0.03921908 
348 229 13 18 0.039066277 
897 239 9 12 0.038893815 
905 223 9 11 0.03881943 
862 269 11 15 0.038525283 
25 407 16 20 0.038445618 
575 174 8 11 0.038334753 
704 331 22 30 0.03815638 
727 262 10 13 0.0381481 
446 212 12 15 0.037918493 
877 250 11 13 0.037784353 
814 198 7 9 0.037468605 
984 168 8 11 0.03714289 
327 196 12 14 0.03705695 
527 232 15 18 0.03702338 
736 209 7 9 0.03686302 
437 197 11 15 0.036801822 
595 230 23 35 0.03678598 
792 176 7 8 0.03673389 
943 224 9 11 0.036566503 
487 180 9 12 0.03642691 
725 320 21 27 0.03634228 
840 220 8 10 0.03608396 
355 392 23 34 0.035899628 
727 251 10 12 0.035888687 
728 219 8 10 0.035884615 
814 207 8 11 0.03580254 
926 223 10 12 0.035648365 
733 295 13 16 0.035561033 
783 324 10 15 0.03540498 
355 280 24 29 0.035276636 
734 252 10 12 0.03524752 
296 210 23 31 0.035014424 
516 213 12 16 0.03479972 
244 421 11 15 0.034700286 
816 280 16 22 0.034479894 
525 215 19 23 0.034415927 
383 222 11 17 0.034225445 
118 651 14 19 0.0341176 
462 372 12 16 0.03387549 
817 191 8 10 0.033810455 
288 230 29 38 0.033737686 
504 420 33 46 0.033552933 
895 280 21 28 0.03343908 
714 225 8 10 0.033395037 
910 197 8 10 0.033290688 
370 182 13 16 0.033226132 
845 270 10 13 0.033223912 
1005 212 20 29 0.03317613 
730 284 18 24 0.033131026 
771 288 13 17 0.032682326 
720 329 22 31 0.032644946 
695 292 11 14 0.0326395 
361 191 13 17 0.03255068 
871 197 7 9 0.032372415 
685 323 13 19 0.031944606 
259 208 14 19 0.03193518 
834 319 14 20 0.03166507 
701 292 11 13 0.031509683 
971 264 30 37 0.031417448 
632 187 14 23 0.03140109 
315 226 20 27 0.031191995 
889 269 10 13 0.031151269 
814 263 11 13 0.031120861 
1004 358 13 21 0.031098614 
679 375 14 19 0.031049836 
452 220 12 15 0.03100058 
189 319 11 14 0.030819949 
686 340 23 30 0.03077429 
445 218 14 17 0.030764299 
680 356 12 18 0.030726004 
423 202 12 16 0.030513594 
140 376 24 41 0.030383533 
881 214 8 10 0.03032663 
479 488 90 131 0.03031886 
686 367 24 31 0.030312436 
764 257 13 16 0.030244432 
562 197 9 11 0.030124519 
863 262 10 14 0.03011223 
676 267 19 23 0.030054519 
684 273 12 16 0.029940432 
476 289 22 29 0.02992615 
766 270 12 15 0.02992241 
446 500 75 102 0.029922381 
436 392 13 18 0.02977394 
425 223 21 25 0.029764848 
857 222 7 10 0.02959501 
902 287 12 18 0.029577602 
959 283 29 45 0.029492958 
888 285 10 13 0.02927149 
980 260 17 22 0.029269068 
333 269 13 17 0.029149199 
682 356 20 28 0.028973075 
488 205 10 12 0.02894213 
695 191 8 10 0.02860251 
912 260 9 12 0.028555036 
16 399 22 30 0.028523916 
897 252 11 14 0.028496118 
224 293 16 24 0.028491568 
867 260 12 15 0.028389264 
782 330 14 19 0.028384266 
795 331 15 17 0.028372882 
736 221 8 10 0.028335499 
543 159 10 11 0.028225524 
325 186 13 17 0.028198963 
297 224 16 25 0.028094461 
728 268 10 12 0.028090095 
533 208 9 11 0.028070964 
743 251 10 12 0.027986266 
903 259 11 13 0.027912538 
466 375 23 25 0.027894275 
888 214 7 10 0.027802149 
922 325 52 81 0.027695766 
694 238 10 12 0.027678348 
881 192 7 8 0.027673341 
117 374 21 29 0.027599312 
329 489 74 113 0.027594116 
932 255 9 11 0.027509727 
352 157 10 12 0.027445454 
880 294 10 14 0.027423982 
782 285 10 13 0.027407771 
492 433 31 40 0.027358262 
542 188 11 12 0.027341092 
832 190 8 9 0.027291873 
925 258 10 13 0.027165102 
679 196 9 11 0.027073978 
864 239 8 12 0.027048377 
437 222 12 15 0.026885943 
864 216 8 10 0.026857976 
273 206 28 36 0.026826981 
316 206 10 13 0.026808012 
716 338 15 20 0.02673364 
582 196 11 15 0.026589394 
437 379 12 16 0.026512267 
843 281 12 16 0.026445782 
690 334 18 21 0.026426813 
67 390 23 29 0.02641853 
823 185 7 10 0.026308944 
868 276 13 16 0.026233083 
364 283 24 33 0.026131911 
729 278 11 15 0.026083637 
797 252 10 14 0.026083564 
344 142 8 11 0.026004348 
597 293 16 22 0.025994442 
915 29 34 55 0.025951302 
792 246 9 12 0.025940008 
691 321 17 25 0.0258625 
585 359 28 33 0.025811218 
221 401 12 16 0.025802951 
884 231 11 13 0.025681337 
372 452 34 42 0.025672484 
262 201 23 29 0.025661824 
31 399 25 30 0.025530681 
517 205 10 14 0.025458544 
927 238 9 12 0.025267007 
130 340 27 33 0.025251554 
431 387 12 15 0.025214938 
438 203 12 15 0.02519772 
936 228 10 12 0.025151001 
75 380 13 16 0.025050502 
220 483 15 22 0.02502278 
671 261 12 16 0.024974212 
94 373 12 14 0.024956737 
799 208 8 10 0.024943836 
45 393 17 22 0.024924727 
887 221 10 11 0.024824623 
922 223 9 11 0.02482079 
124 464 27 39 0.024807433 
613 196 11 14 0.024758581 
319 150 9 11 0.024728216 
218 564 60 77 0.024674075 
468 385 16 17 0.024622116 
947 176 8 10 0.024584927 
341 268 14 17 0.024515282 
672 267 13 17 0.024491876 
610 363 26 36 0.024482172 
768 183 7 9 0.024479985 
806 184 7 9 0.024472985 
92 389 14 19 0.02447289 
888 277 11 13 0.024388805 
630 343 26 39 0.024337154 
639 232 22 31 0.024334379 
934 167 7 9 0.024331221 
400 157 8 10 0.02429221 
902 184 7 9 0.024245203 
719 175 8 10 0.024182804 
907 291 22 27 0.024164082 
197 323 11 15 0.024133079 
429 394 12 16 0.024117941 
871 296 20 31 0.024050554 
951 214 9 11 0.02400454 
556 410 27 43 0.02392672 
240 425 12 15 0.023907483 
599 179 11 13 0.02390606 
825 239 10 12 0.023857726 
814 214 9 10 0.023792518 
1001 181 9 11 0.02377766 
426 193 19 26 0.023704775 
468 268 15 20 0.023684543 
588 229 14 19 0.02366055 
900 272 22 27 0.023642614 
712 191 8 9 0.023607066 
504 200 10 12 0.02354431 
301 202 22 27 0.023536522 
717 284 11 14 0.023488916 
895 189 7 9 0.023456672 
307 517 32 54 0.023319177 
727 232 9 11 0.023288285 
198 318 12 14 0.023280777 
340 290 13 17 0.02327374 
548 218 19 26 0.02325897 
12 381 13 19 0.023233851 
509 403 15 22 0.023181185 
704 191 8 9 0.023162642 
1002 198 23 31 0.023086866 
664 276 10 14 0.023076678 
680 244 10 13 0.02302573 
985 173 9 12 0.02292498 
892 290 11 15 0.022923278 
1006 180 8 12 0.022901276 
335 166 9 11 0.022890853 
713 285 10 13 0.022888262 
102 371 11 14 0.022853907 
339 277 21 28 0.02284461 
809 214 10 11 0.022827411 
421 213 11 13 0.022789422 
848 221 8 11 0.022785818 
132 480 14 19 0.022745479 
400 546 81 118 0.02273875 
771 401 31 39 0.022717137 
942 273 19 23 0.022646047 
455 203 10 13 0.022592075 
857 282 11 14 0.022576518 
125 323 15 23 0.022575444 
494 182 10 13 0.022488112 
908 277 12 15 0.02246833 
876 270 12 13 0.022442274 
326 176 10 12 0.022430679 
343 190 10 12 0.022375513 
840 641 28 34 0.022328937 
807 192 7 9 0.022316154 
369 150 8 11 0.022270137 
773 308 13 16 0.022263464 
442 226 21 25 0.022250876 
655 533 14 19 0.022240447 
492 527 116 159 0.022240065 
404 197 12 14 0.02224004 
476 276 12 17 0.022214979 
742 216 8 9 0.022214137 
211 279 35 44 0.022133859 
489 291 15 20 0.022112722 
426 276 15 17 0.022082005 
886 332 25 43 0.022063563 
500 283 13 16 0.021994282 
944 262 11 13 0.021974484 
671 190 9 11 0.021972016 
388 166 10 13 0.021942994 
127 357 25 34 0.021915166 
407 175 10 12 0.021813879 
799 214 8 10 0.021805957 
606 229 21 32 0.021780903 
161 221 9 11 0.021743136 
597 189 11 14 0.02172226 
115 360 21 30 0.021709913 
590 408 27 38 0.021660594 
577 168 8 10 0.021651518 
949 192 8 9 0.021590699 
705 255 9 13 0.021543205 
699 342 18 22 0.021522623 
445 435 49 62 0.021505067 
884 245 11 14 0.02145637 
507 392 14 20 0.021444244 
735 230 8 11 0.021393336 
108 365 36 49 0.021352952 
669 273 13 16 0.021328634 
899 269 12 13 0.021277454 
594 375 27 29 0.021190856 
426 235 22 26 0.02105874 
349 289 15 21 0.021042729 
702 257 18 23 0.020958945 
13 381 23 33 0.020930259 
104 365 11 14 0.020928783 
878 293 21 30 0.020925947 
844 620 33 32 0.020918906 
311 556 36 60 0.020842336 
863 294 12 16 0.0208209 
583 165 9 11 0.020801255 
721 422 26 31 0.020783886 
376 164 11 13 0.020743906 
358 213 14 17 0.020742634 
593 246 24 33 0.020719105 
879 222 10 11 0.020718768 
800 276 14 21 0.020685118 
696 725 13 19 0.02061445 
252 379 46 66 0.02057576 
973 227 24 27 0.020565655 
231 593 68 68 0.020559475 
768 177 7 8 0.020557528 
792 251 10 14 0.020556716 
779 214 10 11 0.02054943 
493 337 15 21 0.02050378 
857 215 8 11 0.020468617 
694 266 11 14 0.020450173 
409 167 8 10 0.020440636 
582 204 10 14 0.02038554 
791 263 9 12 0.020384002 
457 230 13 17 0.020364704 
768 221 9 11 0.0202927 
466 430 42 59 0.02027783 
348 253 11 15 0.020259622 
880 198 7 9 0.020258626 
81 438 41 56 0.020238923 
389 220 11 15 0.02022008 
663 142 9 10 0.020215845 
376 159 9 12 0.020214144 
917 190 9 10 0.02021302 
826 282 15 19 0.020177044 
434 385 23 28 0.02015967 
365 465 57 58 0.020146966 
389 244 13 16 0.020124232 
125 509 14 18 0.020078529 
44 387 14 18 0.020061752 
684 255 17 22 0.020031558 
77 398 17 23 0.020030586 
