18_Concerts_Concerts_18_554
34
562 487 29 39 0.9979596 
208 250 459 413 0.5785966 
313 276 236 317 0.340318 
272 430 13 15 0.12361953 
-19 450 412 510 0.08153928 
584 198 83 63 0.07092216 
665 34 374 477 0.06918865 
353 379 122 157 0.06502422 
195 379 383 485 0.06338199 
864 555 131 227 0.056999307 
490 274 352 415 0.053572603 
521 533 44 55 0.052817877 
413 298 282 257 0.04913793 
414 0 405 492 0.047646433 
262 216 25 36 0.035335135 
500 559 61 85 0.03492661 
593 226 142 128 0.032089908 
139 219 47 58 0.031712223 
277 423 11 14 0.030492567 
806 525 15 17 0.028085764 
876 440 103 106 0.027713416 
814 445 121 141 0.027241202 
605 372 347 461 0.02670207 
552 180 125 107 0.02666764 
813 455 170 267 0.026222143 
219 494 30 37 0.025085589 
510 554 30 37 0.024843058 
373 405 74 94 0.023583839 
95 362 11 16 0.02333047 
256 461 26 33 0.02322425 
270 426 20 25 0.022742994 
61 428 11 18 0.02264021 
259 439 227 322 0.02080109 
45 600 236 286 0.020289471 
