18_Concerts_Concerts_18_670
20
293 178 31 35 0.98832756 
782 115 16 20 0.5093768 
337 272 383 457 0.49543202 
152 176 23 31 0.35903612 
806 316 36 28 0.26951805 
415 230 251 313 0.075449534 
338 499 243 275 0.075151846 
426 443 229 272 0.07459931 
567 454 22 28 0.05096443 
522 561 133 125 0.037898477 
61 202 15 19 0.03438512 
692 133 11 13 0.03308275 
774 115 17 20 0.027866231 
395 539 145 156 0.025491502 
820 308 30 29 0.023705203 
903 316 14 15 0.023491994 
146 187 20 23 0.022748213 
93 355 16 17 0.022691466 
322 311 36 33 0.022622405 
386 708 38 44 0.02147621 
