18_Concerts_Concerts_18_872
197
509 120 99 133 0.9992274 
167 1197 27 34 0.4700284 
99 1269 35 46 0.19700243 
673 1216 26 34 0.19349721 
235 1164 34 40 0.18552501 
276 1132 25 32 0.1571941 
269 1244 35 45 0.14333126 
64 1232 17 23 0.13406609 
19 798 12 15 0.1292233 
638 -17 377 454 0.120960645 
209 1185 43 54 0.1158034 
564 678 16 20 0.11089335 
130 1213 23 31 0.10261623 
75 1220 20 29 0.09615371 
68 1262 20 28 0.093319684 
189 1143 16 22 0.08652661 
218 1254 36 49 0.08490528 
571 949 16 16 0.0779889 
627 1141 16 19 0.07745203 
701 1168 16 18 0.07738929 
603 1153 16 18 0.07692345 
222 905 369 447 0.07232403 
670 1185 16 21 0.06828925 
510 646 15 19 0.06672472 
637 1142 20 25 0.06483633 
707 1195 24 31 0.063334726 
711 1227 25 32 0.061539464 
467 248 316 467 0.059012756 
218 1163 45 57 0.058419928 
624 663 10 13 0.058106225 
634 1208 23 29 0.05709914 
161 1206 29 36 0.05546513 
653 1140 14 18 0.05478709 
568 1166 12 15 0.054680727 
610 1221 23 27 0.05331662 
124 1218 16 23 0.052474048 
153 1230 27 34 0.05224658 
5 1209 14 19 0.050306547 
162 1176 23 32 0.04997088 
723 1187 14 17 0.049640644 
324 1256 30 36 0.049152147 
244 1245 42 54 0.04806117 
531 1133 12 16 0.04740759 
428 1170 16 20 0.047049582 
557 1183 14 18 0.04605225 
37 801 12 14 0.045500938 
158 1182 16 22 0.044971168 
383 686 89 104 0.043960497 
675 1161 15 18 0.04295866 
466 1208 16 19 0.042335022 
232 1142 31 38 0.04116043 
598 1141 14 18 0.040686496 
644 1150 16 21 0.040126298 
200 1149 46 61 0.040092107 
397 1322 23 27 0.039861057 
422 1211 15 19 0.039360505 
576 955 16 17 0.03928734 
656 1182 21 28 0.038555264 
413 1020 37 41 0.037934728 
644 1187 17 20 0.037846025 
571 943 14 15 0.037842546 
135 1261 34 42 0.037800826 
631 688 11 13 0.03741684 
557 1358 12 14 0.03703865 
143 1216 28 33 0.036679022 
909 954 25 28 0.036654007 
630 662 10 14 0.036573555 
293 1197 28 37 0.036160804 
729 1323 31 38 0.03614354 
500 1215 17 21 0.03609892 
672 29 235 282 0.03548267 
364 1296 15 18 0.035350285 
273 1033 96 109 0.035220265 
76 1147 24 31 0.03500405 
613 1197 12 16 0.03416429 
431 1294 12 14 0.034092195 
603 1178 16 18 0.033581994 
32 789 9 11 0.032959666 
432 1284 10 13 0.03245416 
718 1201 29 34 0.032240327 
428 796 12 17 0.032025807 
114 1324 32 36 0.03175004 
213 577 31 29 0.0314034 
440 1157 10 13 0.031313654 
56 768 9 11 0.031188775 
181 396 28 37 0.0310687 
414 1150 11 13 0.030592743 
314 384 387 491 0.030425671 
646 1138 23 29 0.030132504 
654 677 12 14 0.030010642 
667 1171 14 17 0.029977366 
464 1278 13 15 0.029725755 
492 1338 16 20 0.029504877 
632 1305 237 237 0.029071162 
381 1187 16 17 0.029056406 
369 1186 16 18 0.028962897 
583 1139 13 17 0.028949095 
355 1287 26 31 0.028857952 
374 1241 22 29 0.02874406 
331 1150 27 34 0.028665718 
421 1151 12 14 0.028394815 
545 692 27 30 0.027874263 
183 1149 39 55 0.027824579 
66 1190 18 23 0.027793208 
584 1349 10 13 0.027519487 
222 1130 53 59 0.027495505 
589 692 14 17 0.027400635 
549 1348 13 15 0.027387628 
732 1204 25 32 0.027178345 
165 1152 27 41 0.027140291 
706 1260 52 65 0.027073624 
583 1297 12 16 0.026550753 
35 26 429 493 0.02635077 
491 1367 27 34 0.026070232 
133 1202 15 19 0.025865937 
12 1206 12 17 0.02563667 
637 663 10 12 0.02560203 
694 1161 15 19 0.025482561 
556 1199 22 30 0.025437461 
630 1216 15 19 0.025423015 
315 1171 15 20 0.025138015 
430 1341 12 13 0.025024835 
24 932 407 464 0.024929805 
139 1198 13 16 0.024886226 
668 1150 106 107 0.024863536 
169 1176 30 41 0.024773963 
118 1265 41 49 0.024442032 
598 1155 24 28 0.024222014 
572 688 15 19 0.02418794 
659 1300 17 22 0.02414638 
277 1194 28 38 0.023791876 
501 701 14 16 0.023744488 
319 1138 51 59 0.02354535 
564 1145 14 18 0.023467483 
607 1144 21 26 0.023422105 
208 1209 36 42 0.023377422 
300 1187 16 20 0.023308586 
351 1235 12 15 0.023304798 
635 1191 25 27 0.023295026 
678 1141 13 16 0.023263803 
295 1195 49 57 0.022977775 
61 767 9 10 0.022975776 
515 1351 16 20 0.022965753 
178 1142 25 37 0.0229404 
48 1265 24 29 0.022767773 
23 792 10 12 0.022717776 
36 863 13 15 0.022692062 
194 1139 27 38 0.022652172 
645 1088 12 16 0.022584949 
411 1331 13 16 0.022534093 
431 1157 10 12 0.022504471 
587 1164 44 53 0.022457756 
710 1207 44 51 0.022365486 
83 1222 23 29 0.022295019 
96 1219 22 30 0.022290556 
605 1196 13 17 0.022242127 
485 1318 22 29 0.022233611 
323 1086 17 25 0.022107279 
324 1038 93 108 0.022065906 
717 1184 23 29 0.022060594 
462 1307 14 18 0.021953313 
300 1124 15 17 0.021938723 
608 1226 15 18 0.021889035 
122 1200 24 31 0.021816963 
658 1135 13 15 0.021815993 
-1 923 45 71 0.021728605 
306 1209 28 35 0.021684568 
832 961 96 102 0.021674348 
641 1204 17 20 0.02160636 
445 45 12 15 0.021474775 
587 1295 13 16 0.021444336 
419 1276 13 16 0.021442354 
637 1187 16 19 0.021408113 
134 1170 14 18 0.021385036 
406 1028 71 67 0.02127566 
415 1189 12 15 0.021274056 
587 807 11 15 0.021230504 
644 1113 13 16 0.021061704 
289 1126 29 38 0.021025158 
596 1179 23 30 0.020969259 
744 1151 23 29 0.020865388 
788 1251 27 31 0.02080606 
294 1117 13 16 0.020763878 
118 1221 16 22 0.020736702 
622 1212 13 16 0.020718986 
700 1196 15 21 0.020694088 
746 1209 16 21 0.0206141 
274 1175 46 52 0.020604897 
94 813 11 13 0.020556716 
660 1177 15 20 0.020513171 
581 691 13 18 0.020400362 
500 1185 13 16 0.020393891 
408 1142 11 13 0.020337813 
370 967 49 55 0.020319825 
527 731 14 21 0.020299153 
125 1201 15 19 0.020174261 
160 1139 26 36 0.020154929 
