18_Concerts_Concerts_18_60
48
503 400 24 33 0.98015666 
256 378 19 24 0.8613327 
718 405 15 23 0.24286307 
29 418 74 66 0.20891955 
505 442 29 33 0.19698025 
12 396 123 103 0.16942668 
477 432 25 31 0.14587203 
97 361 14 18 0.13229726 
949 587 10 13 0.11565085 
201 -1 203 297 0.08918964 
1002 628 22 34 0.08687805 
57 282 133 183 0.07840414 
667 593 63 70 0.06121346 
710 484 14 18 0.053820133 
983 607 9 12 0.05303288 
185 28 131 170 0.0463095 
976 621 9 13 0.04447178 
471 480 37 35 0.042841118 
456 510 35 32 0.041840717 
935 600 9 12 0.038682938 
83 73 226 345 0.03739684 
977 616 9 11 0.036030028 
981 613 10 12 0.035940118 
370 596 31 42 0.035413645 
25 433 37 51 0.034382798 
491 429 28 37 0.031476494 
710 479 23 29 0.031229783 
77 210 176 280 0.030452894 
945 604 8 11 0.030367773 
310 296 491 463 0.029348135 
41 322 208 260 0.02828646 
459 488 39 37 0.026870491 
979 493 12 15 0.026632018 
945 582 10 14 0.026466941 
986 588 10 13 0.026405903 
943 598 10 13 0.026004467 
264 466 27 34 0.024078917 
501 494 33 33 0.024060326 
124 35 142 194 0.023857938 
472 454 36 39 0.023826974 
471 443 30 34 0.023540407 
209 428 14 18 0.023009464 
959 635 9 13 0.021907937 
989 607 10 13 0.021392917 
944 576 8 10 0.02089433 
902 535 12 13 0.020445984 
662 570 58 64 0.020327063 
196 360 306 408 0.0201904 
