18_Concerts_Concerts_18_66
253
640 418 62 78 0.9985777 
440 365 64 91 0.99764293 
481 200 23 30 0.9967167 
625 247 39 50 0.9956375 
891 350 49 58 0.99473995 
808 264 38 49 0.9923298 
492 327 63 87 0.9833831 
927 293 36 45 0.9757867 
196 244 37 47 0.9746413 
438 255 42 52 0.9685763 
388 218 29 37 0.95259655 
758 335 42 58 0.94636106 
506 179 21 28 0.94245064 
71 317 50 58 0.9313677 
285 457 84 63 0.91565824 
211 169 21 24 0.8662087 
468 340 67 99 0.85859686 
216 312 54 74 0.79363453 
18 265 31 46 0.7931033 
229 202 19 24 0.742122 
574 312 51 61 0.73775303 
287 158 14 18 0.7145721 
188 321 39 49 0.6414593 
963 474 60 82 0.5910726 
457 166 14 18 0.3134206 
410 201 16 21 0.28960252 
358 187 20 26 0.27878717 
170 198 24 32 0.2626983 
726 274 44 53 0.25858542 
780 176 24 29 0.24724627 
378 154 13 17 0.23255849 
3 173 53 73 0.18305422 
529 169 17 22 0.18045938 
327 127 9 12 0.16078475 
333 153 13 15 0.16033885 
391 186 15 18 0.15258393 
399 206 25 32 0.14440471 
684 237 41 57 0.1383523 
640 183 16 21 0.13482556 
691 225 28 40 0.12548631 
237 199 21 27 0.12509374 
518 137 12 17 0.12411839 
707 253 54 65 0.12116823 
522 223 26 35 0.11999655 
660 117 12 15 0.1116057 
31 261 32 47 0.10955515 
377 150 11 14 0.10600456 
301 201 14 19 0.10252008 
187 68 27 36 0.102100186 
761 172 14 19 0.100431316 
509 164 13 15 0.09990527 
737 298 32 35 0.0994993 
429 128 9 11 0.098138414 
625 159 10 14 0.09250728 
105 253 27 33 0.09164685 
348 210 15 20 0.09092101 
575 185 21 28 0.0863137 
173 162 15 20 0.085404605 
443 107 11 15 0.08433341 
342 178 14 18 0.08064216 
912 303 46 61 0.07953601 
510 174 15 19 0.07900497 
310 278 72 103 0.07899944 
1004 184 17 23 0.07599066 
459 137 12 17 0.07559861 
822 218 22 29 0.07248523 
345 134 9 11 0.07198676 
874 276 29 37 0.07171091 
955 195 45 61 0.07154491 
785 166 26 30 0.06725322 
668 334 39 51 0.06723068 
525 163 16 20 0.06696826 
190 146 11 14 0.06577121 
350 164 11 14 0.065570004 
891 173 18 20 0.06479488 
525 313 74 98 0.06424826 
405 180 13 17 0.06244692 
181 178 14 19 0.06235101 
912 260 46 63 0.06086759 
287 110 8 11 0.05545038 
176 181 24 32 0.0540203 
289 165 16 20 0.052833185 
699 152 31 42 0.052676655 
281 110 9 11 0.052289214 
793 163 16 20 0.052238297 
346 172 13 16 0.051642668 
159 183 38 53 0.051548373 
521 171 20 26 0.051169276 
910 49 67 57 0.050451383 
347 183 15 22 0.048212435 
255 142 9 12 0.046628986 
561 188 22 30 0.04653676 
985 308 41 67 0.045354024 
881 326 46 61 0.045168277 
421 154 11 15 0.04426973 
180 158 13 17 0.044122424 
454 119 9 10 0.04400065 
207 164 15 20 0.04350325 
419 195 16 19 0.043336336 
437 217 23 30 0.043169606 
270 241 25 31 0.042738397 
774 171 43 49 0.042327385 
327 321 40 48 0.041850735 
302 120 8 10 0.041644078 
6 278 34 43 0.041481454 
264 110 9 11 0.04067555 
248 132 9 11 0.040557295 
1011 191 12 18 0.039538484 
195 143 11 13 0.038629353 
738 256 46 62 0.03808885 
867 29 108 103 0.037683785 
755 173 27 34 0.03758583 
888 253 41 52 0.037517004 
355 200 15 20 0.03737232 
738 343 46 60 0.037370633 
454 251 30 40 0.036892053 
246 189 15 17 0.03607199 
579 178 17 21 0.036049142 
426 132 11 14 0.035728544 
0 141 89 109 0.035473246 
511 128 10 12 0.035390623 
480 119 9 11 0.03523443 
287 276 57 80 0.034858517 
310 102 9 13 0.034703426 
585 186 15 21 0.034658242 
275 216 15 20 0.034312673 
765 205 46 54 0.033916768 
405 174 12 15 0.033905577 
178 170 15 20 0.033870935 
356 164 11 15 0.03374999 
16 206 34 38 0.03351611 
531 159 15 18 0.033082344 
179 306 75 93 0.0330766 
519 145 12 15 0.032917216 
716 285 33 44 0.03221446 
550 115 10 13 0.032135747 
551 191 24 31 0.032022025 
407 187 21 26 0.031864643 
306 197 13 18 0.03167203 
618 392 60 83 0.031531237 
269 186 12 16 0.031323295 
267 252 23 34 0.0309561 
561 292 29 36 0.030894171 
296 111 8 11 0.03062368 
502 132 10 13 0.0305761 
693 165 13 20 0.02998019 
787 250 28 36 0.02964016 
798 91 109 124 0.029345142 
396 176 23 29 0.029214874 
34 173 56 69 0.029163385 
608 172 11 14 0.028924266 
541 344 87 112 0.028909773 
80 179 37 47 0.028856816 
872 342 39 50 0.028792273 
664 166 10 12 0.02843226 
227 216 24 30 0.028013498 
749 152 84 100 0.027984476 
958 158 12 15 0.02788254 
287 152 13 15 0.027827363 
255 147 11 14 0.027778665 
321 117 8 12 0.027695164 
304 125 8 10 0.027491663 
288 132 9 11 0.027368214 
305 149 10 13 0.027114935 
751 239 45 60 0.026841776 
517 164 19 25 0.026833184 
504 127 9 12 0.026665252 
523 207 17 23 0.026560454 
924 156 89 105 0.026530113 
466 163 15 19 0.02638162 
380 167 15 19 0.026320277 
901 241 45 57 0.0263103 
254 135 9 12 0.026149912 
729 303 48 65 0.025827395 
818 161 45 54 0.025686985 
766 211 16 21 0.025616102 
225 171 16 20 0.025582325 
692 162 25 36 0.025533361 
460 158 14 17 0.02537606 
3 203 33 49 0.025309863 
556 185 17 20 0.025068663 
273 220 23 33 0.025060449 
892 66 66 59 0.024990922 
184 128 8 11 0.024990799 
373 126 10 12 0.024922121 
250 142 9 12 0.024886196 
448 114 10 13 0.024820957 
592 166 11 14 0.024659839 
392 125 10 13 0.024646113 
269 212 15 22 0.0243729 
218 181 16 20 0.024298493 
165 129 12 15 0.024253592 
320 133 10 14 0.024036903 
305 134 8 11 0.023998547 
244 194 22 30 0.023935251 
428 266 33 40 0.023920402 
3 238 47 68 0.02391407 
769 179 30 36 0.023879029 
173 133 10 12 0.02386237 
790 258 15 18 0.023714023 
341 214 16 20 0.023645338 
876 321 32 43 0.023529349 
437 132 10 14 0.02352031 
878 281 40 55 0.02343674 
311 135 9 13 0.023297941 
548 249 26 33 0.023012256 
436 186 13 17 0.023000723 
319 139 9 13 0.022990163 
291 194 21 27 0.02287896 
246 125 12 15 0.022837948 
335 321 59 75 0.022809533 
422 180 14 17 0.022804655 
351 192 15 22 0.022649981 
745 209 45 58 0.022548703 
385 119 9 11 0.022493612 
512 132 12 15 0.022419447 
630 344 53 68 0.022204645 
363 225 26 35 0.022172641 
217 185 23 28 0.022136314 
493 177 14 18 0.022125078 
227 186 14 18 0.02195985 
576 173 13 17 0.021774122 
338 150 12 15 0.021705765 
604 361 60 86 0.021676246 
319 156 12 14 0.021643134 
431 226 25 32 0.021622563 
459 145 13 17 0.02159126 
300 293 32 45 0.021559719 
283 73 29 31 0.0215394 
971 222 28 41 0.021411384 
352 228 26 35 0.021394035 
206 158 12 15 0.021266289 
750 165 12 16 0.021235289 
211 158 15 19 0.0211274 
378 152 21 29 0.02106286 
73 198 34 43 0.020860247 
210 242 42 54 0.02084871 
256 205 23 30 0.020836318 
429 134 12 17 0.020803694 
767 194 27 36 0.020757612 
442 178 14 17 0.020755012 
207 149 11 13 0.02066972 
863 452 55 62 0.020623373 
327 141 10 12 0.02060085 
250 301 52 74 0.020589892 
197 164 23 30 0.02051222 
334 177 20 26 0.020381877 
254 249 23 33 0.020354716 
458 173 16 20 0.020312613 
344 116 9 12 0.020257875 
378 187 24 29 0.020201702 
749 296 23 26 0.020030754 
253 118 10 13 0.020011272 
