18_Concerts_Concerts_18_469
29
9 301 40 53 0.99536824 
664 252 41 49 0.9828813 
478 268 38 48 0.9716864 
849 242 39 41 0.9610357 
104 365 11 14 0.32056886 
244 181 34 43 0.14289036 
634 288 26 29 0.13040906 
561 321 29 38 0.117069066 
843 263 48 61 0.079487115 
92 370 13 17 0.06364818 
561 341 27 32 0.059976336 
241 192 51 51 0.054238882 
96 365 12 16 0.042260397 
651 263 50 59 0.0378396 
97 361 20 26 0.035849985 
553 330 44 50 0.032925338 
811 303 15 22 0.032041766 
77 375 23 29 0.03133802 
638 295 30 32 0.029186748 
568 351 17 19 0.02867897 
1012 435 10 15 0.0279807 
636 277 48 54 0.025667392 
20 435 30 33 0.025611348 
926 545 14 18 0.024886912 
607 644 10 12 0.024404075 
281 -97 490 495 0.024121424 
30 416 26 35 0.022376264 
308 121 29 40 0.02223239 
331 115 13 15 0.020359086 
