18_Concerts_Concerts_18_815
57
316 13 162 239 0.9917327 
40 555 12 17 0.09568224 
273 666 27 37 0.061126404 
413 749 48 57 0.054519337 
944 557 13 17 0.051806755 
795 570 15 20 0.04956014 
426 536 56 78 0.04556836 
714 104 53 81 0.04506759 
255 652 30 39 0.044505652 
324 431 143 167 0.044467703 
392 517 100 136 0.04400765 
699 63 88 122 0.04354766 
532 610 27 36 0.04288827 
791 564 24 34 0.04254396 
22 616 26 34 0.041562755 
640 472 33 40 0.04052338 
1001 590 9 11 0.040349633 
339 -3 254 309 0.039871253 
563 464 233 269 0.03983282 
811 667 30 41 0.036886413 
281 30 127 191 0.035645004 
978 535 15 22 0.03489137 
942 557 22 30 0.03327716 
448 547 36 51 0.03278602 
604 412 24 33 0.032684635 
716 97 35 56 0.03235499 
598 65 110 142 0.031705733 
315 -39 441 553 0.030636763 
260 654 16 21 0.029355189 
40 587 14 17 0.02927439 
242 350 29 37 0.029156346 
515 634 28 40 0.028042305 
45 568 12 15 0.027725527 
397 407 16 19 0.027294068 
9 511 10 12 0.027265875 
964 481 11 14 0.026061775 
762 32 44 58 0.024263598 
334 546 12 15 0.02370829 
533 46 25 36 0.023166852 
1014 478 9 13 0.023135312 
722 502 29 35 0.022772184 
406 621 11 15 0.022615042 
997 529 12 15 0.021856088 
1001 447 9 11 0.02157405 
718 673 28 33 0.021440685 
339 453 18 19 0.021434465 
777 557 47 50 0.021404402 
412 552 14 16 0.02138388 
521 617 31 45 0.021184515 
124 563 15 17 0.021022981 
144 588 12 15 0.020953117 
219 460 34 42 0.020613523 
482 611 26 34 0.02029724 
620 442 109 128 0.020220682 
534 669 44 51 0.020112308 
398 562 63 80 0.020069828 
68 502 10 14 0.020044496 
