18_Concerts_Concerts_18_853
53
752 208 48 57 0.9852903 
913 217 47 56 0.98521686 
178 377 24 30 0.9718161 
315 377 22 25 0.9671764 
745 123 42 49 0.9626734 
102 376 22 27 0.90513515 
244 376 22 26 0.8916728 
600 238 42 56 0.83692014 
301 419 20 25 0.1567709 
348 617 17 23 0.08177867 
497 342 19 21 0.07898268 
644 235 30 49 0.056835353 
311 167 184 233 0.055641785 
112 434 28 33 0.0550252 
897 226 44 46 0.04441174 
326 463 13 15 0.03990387 
397 459 20 27 0.038811143 
332 354 21 27 0.035962023 
123 373 21 28 0.034477953 
890 224 26 43 0.034232333 
847 118 9 11 0.03412748 
91 406 23 29 0.032943614 
293 373 15 19 0.03209025 
0 587 11 19 0.032049946 
117 408 15 20 0.0318814 
772 414 37 36 0.0316196 
297 374 21 28 0.031411402 
376 488 17 20 0.030325485 
64 385 12 15 0.029847857 
619 229 43 61 0.028558657 
586 426 67 51 0.027885461 
48 405 12 16 0.026776616 
358 380 14 17 0.026441831 
774 396 36 40 0.026335977 
79 430 22 30 0.025600102 
274 379 15 19 0.025452053 
87 363 12 16 0.024962645 
358 396 13 15 0.024934722 
655 233 38 60 0.024645472 
593 227 32 54 0.023778955 
284 376 21 26 0.023707598 
863 63 21 27 0.023467833 
615 635 50 53 0.023074877 
796 643 14 15 0.022869736 
344 357 20 26 0.022410309 
256 376 16 22 0.022303898 
305 413 15 20 0.021794273 
401 424 14 18 0.021738475 
232 216 228 252 0.021672735 
180 135 10 14 0.021556184 
236 383 23 29 0.021553652 
293 341 13 15 0.020601584 
380 445 12 15 0.020354591 
