18_Concerts_Concerts_18_349
35
533 69 121 165 0.9997665 
425 141 387 535 0.3511694 
381 324 31 38 0.25911367 
526 969 115 161 0.20222862 
431 770 388 508 0.084911935 
447 331 25 31 0.07886846 
348 1045 22 27 0.07799364 
796 222 16 21 0.07417336 
499 911 206 267 0.05765594 
378 294 19 22 0.05752765 
531 440 380 456 0.047038704 
441 310 15 17 0.04247993 
477 449 17 20 0.041091256 
589 268 202 333 0.04069987 
333 316 12 15 0.04062707 
536 619 384 517 0.036126453 
442 317 24 30 0.03351025 
330 785 115 169 0.03302413 
739 198 15 16 0.032119084 
328 405 103 121 0.028008284 
574 984 100 164 0.026773691 
381 286 16 18 0.02546284 
466 436 15 17 0.025159275 
304 1006 28 32 0.025149463 
482 456 15 17 0.0248696 
659 674 30 36 0.024487473 
275 817 99 165 0.02319993 
653 665 51 59 0.022968413 
356 303 12 14 0.022749836 
659 718 39 42 0.022455595 
10 962 95 151 0.021840515 
365 368 16 20 0.020945938 
2 498 91 172 0.020287324 
679 855 120 183 0.020217834 
371 333 28 32 0.020059142 
