3_Riot_Riot_3_438
145
835 211 40 41 0.99412584 
452 151 16 21 0.72633594 
654 147 14 18 0.70107585 
191 160 23 26 0.5136304 
741 183 17 22 0.32902652 
273 189 9 11 0.26579776 
191 157 14 19 0.25744557 
655 210 24 30 0.23870358 
693 175 13 19 0.21091042 
574 174 9 11 0.20319702 
707 164 13 16 0.20153128 
530 222 8 10 0.14185753 
493 215 8 10 0.13046291 
553 240 16 20 0.109937474 
413 151 10 13 0.085167065 
212 161 14 18 0.07856609 
438 220 10 12 0.06912166 
489 222 9 12 0.06681964 
573 179 10 13 0.06461337 
243 214 28 37 0.06421709 
698 164 19 25 0.061817776 
753 161 12 17 0.060555156 
591 172 10 13 0.05879875 
543 229 10 13 0.05591875 
591 167 10 12 0.055802304 
445 222 10 13 0.05257388 
582 173 10 12 0.049036756 
408 149 11 13 0.048630375 
657 218 13 18 0.045080192 
735 181 15 18 0.043776095 
276 183 9 12 0.043709654 
545 223 10 13 0.042975828 
582 181 11 13 0.0426577 
366 228 12 15 0.041716713 
327 217 9 12 0.040960643 
182 223 34 32 0.040813804 
193 172 21 23 0.04077281 
694 164 15 20 0.040288977 
152 164 9 13 0.038306013 
550 230 11 13 0.037618335 
111 266 27 28 0.037045967 
752 156 11 15 0.036332145 
775 155 11 14 0.036034968 
190 151 12 17 0.03579367 
294 192 7 11 0.035489645 
749 183 22 30 0.034449838 
663 204 26 33 0.034384493 
572 553 53 64 0.03414578 
692 154 14 17 0.033974204 
655 152 24 28 0.032938167 
518 231 9 11 0.03240764 
397 191 25 29 0.032289367 
248 174 8 9 0.03211661 
479 220 10 12 0.03194091 
724 588 49 44 0.031642348 
751 151 10 13 0.03143253 
663 231 23 29 0.031405672 
494 220 9 12 0.03085607 
511 231 10 11 0.030582692 
700 184 13 18 0.030239064 
473 216 10 11 0.029998383 
676 202 16 20 0.029792866 
528 229 10 12 0.029758781 
391 142 7 9 0.029681442 
848 204 48 60 0.0295781 
666 202 16 23 0.02902485 
413 197 12 15 0.029000616 
774 203 12 18 0.028952235 
344 209 11 15 0.028813163 
290 192 8 10 0.027926153 
454 221 11 13 0.027611211 
759 170 13 16 0.027298266 
279 237 15 16 0.027056394 
343 228 12 14 0.02687072 
151 197 12 16 0.026712146 
397 171 11 13 0.026487187 
671 161 25 29 0.026416615 
702 159 13 16 0.02620416 
503 230 9 11 0.026159542 
520 223 8 10 0.026017172 
764 609 32 31 0.025831895 
701 180 24 33 0.025793953 
276 234 23 27 0.02577845 
889 11 166 233 0.025751838 
532 217 9 12 0.025705235 
758 144 8 11 0.025511105 
398 195 15 17 0.025323119 
763 188 13 16 0.025322389 
686 170 16 21 0.025312152 
685 185 14 19 0.025221545 
697 191 23 31 0.025147047 
590 178 10 14 0.025106369 
524 253 15 18 0.025064643 
733 172 14 17 0.025027728 
656 192 27 36 0.024355639 
597 165 9 13 0.024264894 
541 348 10 12 0.02419935 
597 577 32 48 0.024127722 
708 174 15 19 0.02405585 
399 211 13 16 0.023844669 
252 222 28 34 0.023837542 
765 180 13 17 0.023714872 
391 195 13 17 0.023583813 
518 235 11 13 0.023400139 
232 206 25 34 0.023327298 
645 163 13 18 0.023323402 
703 157 21 26 0.023186758 
543 235 26 31 0.022698482 
715 170 13 17 0.022615232 
157 164 9 13 0.022488642 
534 229 10 14 0.022450456 
470 220 11 13 0.022435598 
673 238 16 20 0.022395095 
732 570 69 55 0.022314548 
724 180 24 31 0.022314297 
656 163 28 32 0.022295622 
153 160 7 10 0.02223526 
343 198 9 12 0.022186618 
461 214 10 11 0.022069365 
574 156 9 11 0.022052519 
741 155 13 17 0.02195709 
767 167 12 15 0.021900645 
201 157 19 19 0.021883605 
577 169 20 24 0.021852082 
548 215 9 13 0.021780651 
639 173 10 13 0.021687416 
771 180 11 15 0.021603819 
460 220 13 15 0.021587797 
445 227 13 16 0.021486467 
377 164 9 11 0.02145664 
670 154 16 21 0.021364415 
511 127 8 11 0.021301901 
409 155 11 12 0.021257425 
396 234 27 29 0.021234045 
705 190 28 37 0.021161392 
745 169 24 28 0.021151891 
740 169 43 53 0.02102322 
590 159 9 11 0.020685093 
221 169 11 17 0.020621113 
239 174 9 10 0.020499377 
216 221 41 43 0.020363506 
557 452 34 36 0.020290617 
494 236 10 13 0.020165943 
690 152 22 27 0.020088155 
688 188 22 30 0.020058291 
