3_Riot_Riot_3_106
52
655 142 233 263 0.9969516 
776 688 28 31 0.2321089 
40 461 424 460 0.14063698 
595 41 352 469 0.11009524 
-75 87 425 522 0.10615257 
236 312 13 19 0.09101014 
1 659 382 402 0.071244024 
254 516 333 411 0.06992209 
784 718 37 48 0.06770884 
257 506 15 18 0.064542845 
185 266 397 541 0.061683863 
334 230 11 13 0.059387587 
318 82 29 39 0.056624066 
693 932 25 34 0.05096154 
107 746 147 146 0.05036195 
295 298 12 16 0.050324682 
453 407 15 18 0.047503963 
563 932 25 35 0.044750582 
220 280 16 20 0.043619145 
91 523 20 29 0.04082784 
320 541 211 247 0.040562738 
754 693 29 34 0.040080037 
250 235 12 15 0.038280554 
753 700 61 58 0.03720807 
354 285 13 16 0.036569323 
175 478 88 109 0.035670284 
332 76 45 63 0.034524243 
180 511 47 55 0.033888813 
475 390 17 17 0.029781373 
84 522 18 22 0.028843166 
145 517 27 39 0.028348375 
126 521 40 54 0.028310979 
395 198 185 258 0.027933078 
431 482 14 17 0.02739207 
245 88 31 39 0.026023014 
191 509 13 16 0.025691193 
611 930 27 33 0.025651202 
736 699 96 101 0.025280785 
394 381 12 14 0.02498014 
441 234 115 160 0.024887921 
313 422 12 14 0.024680696 
236 466 26 29 0.024054762 
100 523 23 35 0.023354828 
-1 521 21 37 0.023339128 
774 692 17 20 0.02317561 
323 502 14 17 0.02205059 
148 522 47 53 0.021036493 
795 698 17 20 0.021014683 
288 239 9 11 0.020548211 
113 924 36 41 0.020346548 
329 92 20 25 0.020279175 
150 513 15 19 0.020242477 
