3_Riot_Riot_3_186
49
209 27 64 75 0.99555796 
388 49 42 50 0.9849318 
789 144 17 20 0.6649061 
545 44 35 49 0.4456624 
379 297 88 110 0.1984643 
614 0 36 25 0.15160197 
344 14 38 45 0.1489994 
756 109 27 33 0.11986511 
588 26 16 19 0.09804512 
467 165 38 42 0.07679506 
218 306 49 71 0.07375619 
329 31 29 34 0.06572929 
758 115 16 19 0.053341556 
715 67 78 131 0.05313189 
739 86 46 77 0.05166773 
335 49 38 42 0.045388788 
1004 151 13 19 0.04235166 
360 24 30 45 0.041403394 
347 36 34 45 0.038855013 
784 145 14 21 0.035069205 
315 89 39 47 0.032389525 
315 110 40 47 0.03222581 
786 133 18 23 0.031226203 
424 307 59 83 0.0308404 
333 -2 31 27 0.03046089 
650 26 166 234 0.029917775 
7 237 391 471 0.029900577 
319 61 47 57 0.029238217 
609 1 47 52 0.028624026 
577 24 25 32 0.028361518 
486 97 26 33 0.027904557 
273 210 389 468 0.027650245 
551 61 21 27 0.025252419 
770 125 16 22 0.024879493 
774 124 24 33 0.024851156 
469 101 30 38 0.024279939 
582 27 15 19 0.024205899 
558 30 29 43 0.023292238 
337 2 37 37 0.023004534 
499 103 17 23 0.022984639 
177 249 28 37 0.022981364 
497 88 27 36 0.022969265 
209 125 33 38 0.022870673 
790 92 27 33 0.02219652 
0 164 98 193 0.021775018 
230 304 32 37 0.020795409 
389 302 32 38 0.020526256 
502 194 29 40 0.020459302 
835 213 16 21 0.020367464 
