3_Riot_Riot_3_765
76
695 353 109 149 0.99886286 
83 112 218 313 0.9979366 
217 593 241 344 0.4622487 
902 823 11 14 0.4077844 
609 99 424 509 0.24479191 
14 -35 399 501 0.14778942 
901 845 12 16 0.14197949 
911 578 13 18 0.10744441 
939 418 14 17 0.1061511 
906 679 14 19 0.09383032 
927 827 14 20 0.087984934 
459 391 13 17 0.08772982 
614 257 208 226 0.083777495 
982 1073 10 14 0.08346569 
825 790 18 23 0.079105906 
923 260 15 19 0.068425335 
955 891 14 19 0.066568576 
820 909 13 17 0.06630402 
1012 897 11 18 0.052766785 
480 48 356 475 0.052567277 
950 1070 11 14 0.05135392 
914 439 14 17 0.04993681 
933 650 15 20 0.04848884 
987 882 13 17 0.046406593 
335 1012 27 42 0.04547433 
963 569 14 17 0.04528067 
996 448 18 22 0.041556545 
143 46 245 323 0.040887058 
1002 372 13 18 0.03824681 
289 823 400 501 0.037171934 
952 990 11 14 0.037115306 
1001 523 11 15 0.037016317 
959 546 23 27 0.032564167 
917 416 12 15 0.03227493 
242 75 97 129 0.031520773 
859 772 12 15 0.03091252 
960 631 20 30 0.030540926 
771 800 13 16 0.030465763 
996 631 14 21 0.03027988 
917 424 15 19 0.030137558 
379 211 13 16 0.029665267 
859 944 15 20 0.029220227 
964 543 15 19 0.028858757 
937 589 13 15 0.028795032 
830 949 31 37 0.027131505 
969 394 15 19 0.02641999 
923 1072 13 15 0.026334168 
911 502 14 16 0.026331797 
972 372 15 19 0.026000807 
902 835 14 20 0.025681546 
991 792 11 13 0.025529662 
910 599 13 17 0.025304882 
316 1037 433 528 0.025000207 
319 104 31 40 0.024890902 
752 841 28 36 0.02479393 
990 806 12 17 0.02460735 
763 848 16 19 0.024534568 
114 1003 451 568 0.024502398 
952 985 10 12 0.024018664 
996 545 14 19 0.023904175 
943 863 9 12 0.023773734 
414 917 13 14 0.022868548 
653 613 124 147 0.022827778 
798 585 30 46 0.022404239 
419 916 15 17 0.022347225 
844 868 30 37 0.02216008 
967 459 15 20 0.021988112 
898 819 18 24 0.021683883 
270 109 56 63 0.02150328 
137 63 389 504 0.021408169 
1007 350 10 14 0.021171663 
277 727 110 173 0.020507952 
595 609 208 258 0.020283796 
358 352 16 23 0.020268554 
965 374 24 32 0.020204436 
895 990 11 15 0.02000983 
