3_Riot_Riot_3_415
130
841 416 28 36 0.9888715 
713 235 20 28 0.9608164 
390 266 23 30 0.92886424 
135 208 23 30 0.8875473 
515 266 23 31 0.87545353 
798 239 16 25 0.8287723 
653 243 17 24 0.82869405 
308 277 27 32 0.7968054 
979 361 16 24 0.7199462 
442 227 20 30 0.71989274 
902 217 25 35 0.68627363 
746 268 16 21 0.43616349 
289 239 21 31 0.38110653 
557 262 13 20 0.35785788 
755 304 27 33 0.23727125 
658 301 16 25 0.16608803 
275 190 16 22 0.14310557 
356 272 16 20 0.12947197 
396 257 25 31 0.1266351 
229 273 23 30 0.12469792 
909 216 13 20 0.11407097 
703 280 18 22 0.11198845 
135 204 16 21 0.094582744 
511 251 24 33 0.09259304 
379 271 26 31 0.091318436 
895 225 25 41 0.087699816 
742 297 25 34 0.0854551 
247 328 29 37 0.082572676 
710 330 14 20 0.08126117 
275 238 25 35 0.07729912 
915 423 35 31 0.06751286 
810 400 46 53 0.06450543 
554 264 22 28 0.063113846 
803 236 22 29 0.059635587 
618 317 13 21 0.056265082 
388 260 17 24 0.055925254 
306 273 19 23 0.053422883 
703 292 27 33 0.0525007 
829 252 13 18 0.05237153 
738 298 18 23 0.050853472 
973 385 28 30 0.050526977 
888 411 75 55 0.050304268 
980 369 26 31 0.0500628 
403 250 19 23 0.0494413 
1011 390 12 18 0.048181396 
1003 389 21 29 0.046723727 
292 260 24 29 0.044089455 
608 349 9 12 0.044062518 
296 236 17 21 0.043561205 
669 319 14 18 0.04350448 
444 223 14 22 0.04125223 
704 319 26 35 0.040684484 
372 289 18 23 0.039828364 
814 244 22 29 0.039748523 
646 297 25 36 0.039070725 
270 200 14 17 0.038381197 
837 258 14 17 0.037733868 
745 310 44 51 0.03713066 
988 385 18 21 0.036438476 
282 254 25 33 0.036153033 
710 231 14 20 0.035084285 
724 306 45 52 0.03496692 
756 300 16 22 0.033723585 
893 247 28 38 0.03318494 
967 370 47 45 0.033043507 
884 321 15 20 0.033018038 
795 385 49 51 0.033012386 
794 366 44 45 0.031989735 
334 312 29 33 0.031617556 
263 290 28 36 0.031480823 
883 406 32 34 0.031074053 
665 247 16 23 0.030463016 
872 392 30 34 0.030344041 
322 339 45 55 0.030284025 
279 184 12 16 0.029914254 
235 279 30 34 0.029849026 
234 269 15 19 0.029074064 
692 238 13 18 0.0286954 
724 341 23 36 0.028523916 
740 272 24 28 0.028451907 
833 400 46 56 0.028289663 
569 263 17 22 0.028201666 
972 389 16 19 0.027958587 
742 261 16 21 0.02767418 
143 203 18 22 0.027298003 
157 253 14 17 0.027195781 
210 266 15 18 0.027022846 
555 281 27 30 0.026941985 
381 266 18 24 0.02684179 
217 261 24 30 0.026001036 
510 265 17 24 0.02600093 
572 290 14 18 0.025547164 
598 183 218 252 0.025394974 
901 422 87 69 0.024979118 
673 241 16 23 0.024505215 
697 307 27 37 0.024423663 
154 252 25 29 0.024388142 
792 347 28 38 0.024327585 
359 275 21 28 0.023503667 
455 231 19 24 0.023414265 
960 432 33 41 0.023407051 
703 328 14 20 0.023394754 
366 296 15 20 0.023145195 
688 311 40 56 0.02306095 
994 379 15 18 0.022844242 
509 249 17 24 0.022790654 
812 325 207 189 0.02261896 
348 275 22 28 0.022453971 
705 237 19 26 0.022249518 
799 322 31 39 0.022110542 
736 330 37 45 0.022057328 
999 283 22 33 0.021902116 
676 338 17 19 0.021671766 
554 241 182 242 0.021526711 
514 245 18 22 0.021521583 
656 306 24 33 0.021497283 
303 336 14 20 0.021442328 
252 280 29 34 0.021364667 
880 310 23 36 0.021102792 
535 261 24 30 0.02109071 
968 361 22 29 0.021088395 
613 310 14 18 0.020828307 
271 224 25 37 0.020770315 
903 215 13 19 0.020533167 
762 330 31 40 0.020502962 
887 417 39 37 0.020486176 
851 308 29 34 0.020445595 
983 354 25 32 0.020091377 
449 361 108 123 0.020055128 
273 253 18 25 0.020019129 
