3_Riot_Riot_3_542
440
227 255 18 22 0.9799646 
172 259 21 27 0.97238094 
453 398 25 35 0.96549445 
197 334 30 35 0.921152 
102 254 18 21 0.8827496 
138 257 20 23 0.8809859 
788 258 15 18 0.82097095 
310 272 16 20 0.8069787 
766 260 14 16 0.71091723 
695 273 14 18 0.6253773 
297 214 8 11 0.59522015 
805 274 13 17 0.5851806 
342 260 11 15 0.56937295 
420 270 10 14 0.5369205 
397 247 10 12 0.51424456 
895 266 15 18 0.504219 
297 254 11 15 0.44639757 
939 263 23 28 0.43738395 
75 268 20 22 0.43463606 
722 257 13 16 0.35161072 
826 260 16 19 0.33960083 
349 229 10 12 0.33599302 
627 265 15 19 0.3262547 
437 247 11 13 0.32170293 
234 290 25 28 0.32094893 
345 231 8 11 0.28889582 
366 259 11 15 0.27747837 
744 270 10 13 0.26756504 
473 270 312 296 0.26745078 
348 294 28 39 0.25614515 
418 248 10 12 0.24931996 
314 221 10 12 0.24388286 
318 252 10 12 0.24175152 
212 249 12 17 0.23956518 
117 279 15 20 0.23589948 
369 415 54 59 0.23242736 
328 239 10 13 0.20842382 
124 256 13 17 0.20167698 
576 254 12 15 0.19597867 
760 257 14 17 0.18782237 
202 330 41 51 0.18577649 
360 267 13 17 0.18004143 
313 245 10 12 0.17851967 
280 229 11 13 0.17705274 
744 244 11 13 0.17129953 
684 255 12 15 0.16758564 
644 257 12 15 0.16658422 
458 260 13 16 0.16354284 
117 257 14 17 0.15945569 
421 293 14 20 0.15736532 
280 261 10 14 0.15517214 
670 253 12 16 0.15419613 
180 190 9 12 0.15162356 
267 277 11 17 0.15131527 
358 227 10 11 0.15000431 
357 245 9 11 0.14890574 
329 215 9 11 0.14710476 
253 265 13 16 0.14640507 
477 246 11 13 0.14617662 
400 275 10 12 0.14379878 
332 243 10 12 0.14177302 
162 229 14 18 0.14165868 
960 246 11 15 0.13648546 
263 245 11 15 0.13406259 
455 247 12 14 0.13350509 
255 210 10 13 0.13268355 
896 246 11 14 0.124352455 
408 262 9 12 0.12426942 
795 254 13 16 0.123490304 
441 282 13 16 0.12207629 
215 215 9 12 0.12076656 
243 233 14 18 0.11939384 
358 489 29 25 0.11870592 
847 245 14 18 0.11347312 
563 242 13 16 0.11281636 
613 254 12 15 0.11171525 
317 247 10 12 0.109403394 
747 253 13 16 0.10919609 
961 141 8 11 0.10858096 
268 244 11 15 0.1080142 
0 256 26 38 0.10785291 
311 241 9 11 0.106044754 
662 236 10 13 0.10498267 
372 259 10 13 0.10488154 
638 230 9 12 0.096887596 
860 247 20 26 0.095402166 
894 252 13 16 0.094955415 
835 266 16 20 0.09406155 
414 386 32 35 0.09375533 
297 219 8 11 0.09074345 
289 301 18 22 0.09020732 
869 248 15 21 0.08979524 
743 259 13 15 0.08876283 
624 229 9 11 0.08793226 
416 303 17 21 0.0865096 
43 223 12 15 0.08487944 
430 465 34 49 0.08372222 
679 257 13 17 0.07933611 
725 242 14 16 0.07717203 
624 224 9 11 0.075900346 
316 259 13 15 0.07563688 
642 359 33 32 0.07489552 
350 237 10 12 0.07451245 
288 253 10 13 0.073981345 
135 215 10 11 0.073354915 
322 229 8 10 0.07239149 
420 264 11 13 0.07143071 
59 289 17 22 0.070952825 
815 253 11 15 0.069716424 
219 273 15 20 0.068991296 
382 240 9 10 0.06769132 
827 271 16 20 0.067099035 
240 229 12 16 0.06675316 
302 268 16 20 0.06634189 
573 244 11 14 0.06581838 
415 263 11 14 0.06562052 
457 251 14 15 0.06530734 
360 255 11 13 0.064904846 
249 207 10 13 0.0648419 
621 259 17 19 0.06482043 
393 231 8 9 0.06467092 
324 231 9 11 0.064457625 
230 291 17 20 0.063450806 
631 230 10 13 0.0629732 
1002 270 21 34 0.061582744 
742 305 12 14 0.061421268 
254 243 14 16 0.06124574 
654 270 13 16 0.061225787 
309 260 15 19 0.06073198 
422 288 11 13 0.06071643 
259 267 12 15 0.059979074 
280 206 8 11 0.05992557 
557 251 12 15 0.058868773 
206 243 15 19 0.05700521 
406 268 11 14 0.056526784 
637 259 14 17 0.056229107 
862 227 11 13 0.05615848 
394 251 10 13 0.05608308 
835 252 24 28 0.05596939 
620 244 11 13 0.05575978 
310 250 13 16 0.055636965 
132 218 12 14 0.05502295 
543 272 14 17 0.05492823 
616 285 12 17 0.05354 
991 246 12 15 0.053019878 
595 261 10 12 0.05213363 
413 264 18 23 0.051948577 
837 243 14 18 0.05189597 
833 238 11 13 0.051846523 
280 254 11 14 0.051663864 
294 249 12 14 0.05154531 
807 235 10 13 0.05021427 
297 253 19 23 0.050187126 
660 274 13 16 0.050090462 
931 320 16 22 0.04989395 
313 217 9 11 0.049864687 
954 244 19 25 0.049796414 
746 276 12 14 0.04971565 
377 239 9 11 0.0488558 
952 239 10 14 0.04869635 
143 188 9 11 0.04839393 
379 511 33 40 0.04818433 
542 254 12 14 0.047207512 
158 240 15 18 0.046604 
376 245 9 11 0.046574507 
719 331 10 13 0.046452567 
500 514 18 20 0.046403725 
270 237 10 14 0.046143316 
214 255 13 18 0.04586937 
841 269 16 21 0.045800693 
659 292 14 17 0.045688603 
214 287 15 19 0.04554302 
296 350 24 32 0.04520133 
845 249 22 27 0.044851456 
994 249 15 18 0.044849396 
646 229 10 13 0.0444404 
393 239 9 11 0.044399496 
710 253 11 15 0.044250626 
0 264 14 23 0.044165 
226 340 32 40 0.04397222 
320 273 15 20 0.043953687 
263 238 11 15 0.04367923 
250 270 16 20 0.04361293 
702 245 11 15 0.043583155 
286 199 8 10 0.043517984 
446 246 11 13 0.043502115 
655 244 12 15 0.043501128 
596 269 11 14 0.043497715 
660 332 13 15 0.043292865 
217 282 21 27 0.043264862 
67 304 15 19 0.043227516 
281 200 8 9 0.042946674 
656 237 12 14 0.04243547 
741 283 14 18 0.042289983 
49 359 191 308 0.042172644 
495 238 10 13 0.04195415 
496 245 11 14 0.041583955 
772 256 12 14 0.04155979 
390 385 49 45 0.041013334 
983 279 26 34 0.040785406 
592 223 10 11 0.040648192 
397 284 13 16 0.04064358 
116 305 15 20 0.040393755 
258 212 11 13 0.040152673 
372 268 12 14 0.040130563 
701 261 14 18 0.040060326 
438 390 29 35 0.039580125 
250 292 15 19 0.039328273 
436 283 22 25 0.039223157 
938 321 31 34 0.03865803 
406 254 10 13 0.038311064 
432 250 12 14 0.037891913 
29 310 34 41 0.037660368 
572 248 18 24 0.037579514 
297 267 11 16 0.037408978 
653 251 11 15 0.037236873 
996 403 25 37 0.03714463 
1004 264 17 23 0.037026063 
846 228 11 12 0.03692378 
548 258 13 16 0.03691364 
284 258 12 16 0.036559712 
502 246 12 16 0.03648498 
693 252 12 15 0.036454286 
235 286 18 20 0.036232878 
286 224 8 11 0.036163133 
302 248 10 14 0.036079895 
417 578 30 46 0.03604729 
346 449 60 58 0.036027156 
320 239 10 12 0.03600707 
574 278 12 14 0.035446648 
84 305 15 19 0.03536905 
660 285 13 16 0.035300776 
353 224 10 12 0.035218224 
344 225 8 11 0.035120342 
251 237 14 17 0.035114948 
604 307 14 19 0.0349641 
798 283 13 17 0.034867678 
2 229 43 54 0.034776065 
565 249 12 15 0.034738734 
277 212 9 11 0.034570634 
253 250 14 17 0.034454297 
376 231 8 10 0.034325782 
598 209 382 391 0.034034405 
708 245 12 15 0.034011487 
695 246 11 13 0.03391882 
927 318 28 32 0.033917956 
302 208 8 10 0.033862982 
574 239 9 12 0.033580907 
451 417 31 39 0.03354859 
785 256 11 14 0.033364587 
383 379 35 41 0.03332372 
837 251 14 19 0.03313652 
261 220 11 14 0.03311372 
943 251 22 28 0.033075586 
646 290 14 17 0.03301706 
264 229 10 14 0.03300137 
652 285 15 18 0.032881178 
136 208 10 12 0.032761853 
65 275 25 30 0.032557454 
397 241 10 12 0.03242042 
720 235 13 17 0.032183405 
924 303 25 36 0.031899627 
321 207 7 9 0.031263746 
706 266 13 16 0.031118583 
486 238 11 13 0.03106013 
91 302 14 17 0.030894564 
334 221 9 11 0.030874794 
632 349 29 32 0.03011181 
621 238 11 13 0.02981414 
244 223 11 14 0.029795237 
327 208 8 9 0.02976517 
417 400 32 38 0.029644758 
406 246 9 12 0.029610483 
766 293 15 18 0.029558903 
738 265 20 25 0.029535957 
610 258 11 15 0.029437928 
990 247 24 30 0.02937264 
67 292 23 28 0.029335778 
737 269 12 14 0.029288463 
639 251 20 26 0.029097209 
247 280 23 27 0.028985709 
935 258 16 19 0.028974574 
806 254 10 13 0.028909119 
276 233 12 16 0.028905539 
702 251 12 15 0.02882444 
43 258 15 19 0.0288218 
164 223 13 16 0.028774675 
321 199 8 10 0.028743373 
740 240 19 24 0.028742887 
200 242 14 18 0.028508564 
691 259 14 17 0.028373985 
766 272 12 15 0.028330287 
268 288 14 19 0.028255232 
348 255 11 14 0.028133556 
268 661 32 41 0.028028037 
478 276 13 14 0.027948778 
366 223 8 9 0.027744276 
733 243 11 15 0.027644888 
798 268 13 16 0.027394177 
709 236 12 16 0.02722653 
459 312 13 19 0.027184408 
376 215 8 10 0.027146732 
439 242 10 12 0.026918666 
407 372 30 36 0.026898647 
789 292 13 17 0.026783768 
351 267 14 16 0.026776154 
789 275 12 16 0.026548328 
275 262 19 25 0.026452146 
82 262 15 17 0.026448926 
507 251 12 15 0.026142625 
323 262 400 479 0.026077509 
100 247 15 17 0.026035571 
664 258 13 17 0.02569986 
648 224 9 11 0.025630139 
656 231 10 13 0.025600642 
651 344 27 31 0.025585474 
732 253 12 16 0.025555305 
670 275 12 16 0.025530094 
245 261 13 16 0.025487304 
462 407 28 33 0.025384042 
253 262 21 26 0.025357964 
269 270 12 16 0.025213297 
214 208 9 11 0.025149247 
295 229 9 11 0.025086295 
199 187 10 12 0.025012616 
899 284 15 20 0.02497139 
240 189 10 11 0.024969893 
134 253 16 20 0.02488794 
649 263 21 27 0.024878953 
657 303 16 20 0.024765478 
707 254 21 25 0.024752911 
212 239 11 15 0.024716437 
172 212 11 13 0.024695177 
616 240 11 13 0.02469281 
344 255 19 23 0.024683626 
719 231 11 14 0.024656292 
629 222 10 12 0.024648987 
336 254 11 14 0.024627768 
645 336 26 29 0.024602182 
286 205 8 10 0.024584098 
628 255 14 18 0.024579471 
404 263 19 24 0.0245061 
237 256 20 25 0.024447525 
478 261 11 13 0.024441678 
367 245 10 11 0.024281407 
408 239 9 11 0.024131639 
748 258 216 270 0.024095755 
220 215 10 12 0.023969878 
452 284 14 17 0.023918414 
296 503 26 35 0.023838002 
747 239 11 13 0.023829237 
286 292 14 19 0.023813693 
850 239 14 16 0.023767535 
149 323 16 22 0.023748223 
324 260 12 15 0.023735983 
173 220 10 14 0.023702594 
258 244 19 23 0.023611657 
317 215 9 11 0.023606537 
580 244 11 14 0.02348066 
821 253 14 19 0.023441996 
431 241 10 11 0.023423044 
612 253 22 26 0.023385175 
35 217 22 28 0.023370901 
668 237 9 12 0.023363182 
1010 278 14 22 0.023341952 
550 228 10 12 0.023337133 
790 283 13 16 0.023223523 
375 274 13 17 0.02311969 
173 296 16 22 0.0230598 
448 240 9 11 0.023002101 
326 198 10 11 0.022982268 
379 282 13 19 0.022873638 
707 290 13 16 0.02278314 
626 360 32 32 0.022776863 
397 230 8 10 0.022754993 
874 254 15 22 0.022735195 
950 312 29 38 0.022697045 
82 277 17 21 0.022601288 
377 224 7 9 0.02257874 
323 252 11 13 0.022496248 
382 260 9 13 0.022386838 
140 267 16 21 0.022275519 
221 263 17 22 0.022239074 
230 352 37 50 0.022219254 
75 305 17 21 0.02213126 
954 256 17 21 0.022127422 
995 288 16 22 0.022084909 
359 216 9 11 0.022024488 
669 266 13 17 0.021912275 
333 412 99 84 0.021841435 
407 222 8 10 0.021807756 
697 267 21 26 0.02180287 
157 205 12 15 0.021802625 
591 253 13 16 0.021782441 
399 260 11 12 0.021703534 
393 225 7 9 0.021702096 
338 289 25 34 0.021700209 
55 271 43 48 0.021657303 
813 294 11 17 0.02164512 
270 230 10 14 0.02163162 
650 258 13 17 0.021563908 
473 251 11 13 0.021544604 
660 242 12 15 0.021537844 
867 260 17 23 0.021521764 
638 223 9 12 0.021507604 
957 239 12 15 0.021506445 
568 240 19 24 0.021443555 
374 206 9 11 0.021421732 
551 245 20 25 0.02139772 
717 261 14 19 0.021362754 
311 198 8 10 0.021250643 
658 337 16 18 0.021229306 
218 328 28 36 0.021221487 
670 317 11 15 0.021209942 
720 243 12 16 0.021164443 
535 259 24 30 0.021154301 
343 246 9 11 0.021049527 
276 224 18 23 0.021046411 
261 289 14 18 0.020972757 
16 188 11 12 0.020949258 
473 246 21 25 0.020915188 
352 215 8 9 0.020911857 
383 223 8 9 0.020822987 
782 277 12 15 0.02080073 
445 431 31 37 0.020787438 
702 237 12 15 0.020678973 
108 271 22 26 0.020582955 
773 273 13 15 0.020533668 
383 216 8 10 0.020525115 
326 473 54 48 0.020475384 
667 324 13 16 0.020415843 
613 278 13 16 0.020397203 
477 270 11 13 0.020389363 
399 271 21 24 0.020280821 
449 646 34 36 0.020224852 
886 255 21 27 0.020132842 
573 362 16 20 0.020104472 
814 246 11 15 0.020047357 
167 211 11 14 0.020046715 
276 297 14 18 0.02002907 
