3_Riot_Riot_3_522
84
116 162 27 31 0.9971198 
407 209 33 37 0.96496826 
413 150 15 19 0.9332537 
490 153 19 22 0.83486766 
629 210 30 36 0.7854408 
886 198 25 30 0.68973875 
219 208 19 28 0.6641558 
439 154 15 19 0.51830584 
186 197 27 33 0.23018636 
614 319 62 68 0.20208757 
460 153 11 15 0.18831046 
455 151 12 16 0.1447886 
461 179 11 16 0.12474922 
223 135 8 11 0.10717332 
270 175 8 11 0.10669583 
669 298 49 75 0.10394348 
540 180 15 19 0.096156605 
212 208 17 24 0.090023205 
478 188 13 18 0.08815087 
619 207 26 34 0.07701928 
182 332 75 61 0.0757995 
508 235 38 53 0.068395525 
478 148 11 14 0.06685832 
431 151 18 21 0.05790432 
206 157 10 15 0.057676207 
200 203 24 30 0.057299584 
11 154 14 21 0.049632527 
505 218 32 38 0.049516946 
610 211 16 25 0.045939047 
372 152 16 20 0.044311967 
241 214 17 23 0.0413226 
826 572 28 34 0.040656075 
713 96 9 12 0.04002577 
730 152 15 18 0.038982414 
810 168 24 30 0.038748186 
222 138 9 14 0.038702283 
454 186 22 31 0.038241085 
232 214 18 24 0.038138196 
467 188 21 31 0.038100492 
66 178 19 22 0.03535074 
261 208 16 20 0.03485043 
380 167 24 34 0.034817625 
0 146 24 36 0.034133926 
468 153 13 18 0.03369939 
179 184 29 36 0.03309271 
159 78 15 19 0.030934937 
217 212 34 45 0.03031884 
660 185 25 30 0.030202363 
70 176 27 31 0.030045016 
185 211 22 27 0.029194737 
475 190 24 33 0.029103292 
461 159 13 18 0.029009305 
198 185 24 35 0.028988153 
424 348 62 61 0.028539803 
206 231 29 36 0.028482184 
936 342 55 73 0.027967073 
450 199 14 20 0.027918117 
378 162 18 24 0.027391095 
632 196 27 35 0.027218573 
344 236 11 15 0.026688218 
172 199 30 36 0.026496718 
719 230 11 13 0.02631518 
496 150 21 27 0.026136188 
520 212 24 33 0.025730936 
217 141 10 14 0.025181219 
445 153 21 26 0.025089055 
633 302 70 91 0.024877375 
63 243 12 14 0.02436649 
672 94 11 14 0.024160802 
454 173 14 18 0.023892917 
207 192 23 34 0.023758946 
507 154 13 19 0.023252275 
260 216 16 20 0.022962475 
521 257 25 38 0.022879291 
517 224 32 42 0.022855204 
497 230 35 40 0.022837972 
477 152 14 19 0.022761192 
414 153 21 26 0.020817123 
251 207 19 28 0.020670619 
586 325 48 60 0.020374125 
214 156 11 16 0.020145224 
574 260 43 55 0.020089699 
654 111 23 25 0.020072572 
214 145 11 16 0.020014321 
