3_Riot_Riot_3_137
580
924 351 55 66 0.9994272 
107 410 36 46 0.9988444 
331 387 55 66 0.9980568 
923 315 27 32 0.9956463 
62 386 37 45 0.9916916 
270 362 42 50 0.9897048 
970 322 29 35 0.9874543 
658 355 50 59 0.9847798 
487 323 43 54 0.9797879 
401 337 29 38 0.91565233 
812 293 12 15 0.82528317 
789 298 13 16 0.77502066 
785 313 22 30 0.7738705 
777 312 21 26 0.7474302 
762 287 9 12 0.670786 
896 328 26 30 0.4699398 
872 376 24 32 0.46749076 
175 294 9 11 0.45274967 
388 341 15 19 0.41995403 
733 310 13 17 0.3371558 
670 302 16 18 0.31668207 
-3 395 23 39 0.2773766 
138 296 8 9 0.26805592 
1012 297 11 18 0.2590467 
231 296 8 10 0.2535587 
149 333 10 12 0.2451137 
189 315 10 13 0.24133947 
134 338 10 12 0.23507074 
973 283 10 13 0.22503863 
964 309 13 16 0.21697319 
893 329 17 19 0.20332216 
751 302 10 13 0.20140517 
546 307 15 18 0.19971532 
393 336 24 33 0.19739112 
986 366 38 53 0.19399461 
415 295 8 10 0.19369598 
248 294 8 10 0.19265597 
204 358 22 26 0.19235589 
21 328 10 12 0.19186161 
570 300 15 18 0.17855358 
230 319 11 13 0.16947724 
833 376 35 38 0.16540754 
774 309 16 21 0.16510805 
952 287 9 12 0.15601163 
608 291 9 12 0.15236408 
710 316 11 14 0.14635465 
46 309 8 10 0.1460383 
992 276 11 13 0.13691302 
202 342 23 29 0.13613462 
526 307 13 16 0.13335082 
461 308 16 21 0.13128668 
6 358 10 12 0.13012591 
829 271 8 11 0.1297753 
813 339 15 19 0.12697901 
197 359 15 20 0.12680712 
772 345 15 20 0.12610184 
119 295 7 9 0.124253966 
705 317 11 13 0.12388105 
100 339 13 15 0.123186074 
42 309 7 10 0.1195012 
175 300 9 11 0.11222205 
232 300 8 11 0.1117785 
337 324 11 14 0.111218244 
170 296 8 10 0.110426486 
720 323 10 14 0.108929954 
63 303 8 10 0.10891838 
791 255 7 9 0.10808948 
168 319 10 12 0.10705925 
391 325 12 17 0.10646634 
28 359 15 21 0.10596423 
373 332 11 15 0.105382994 
172 319 11 14 0.1052476 
626 310 18 22 0.104446046 
662 291 10 14 0.103378534 
348 327 17 21 0.10214637 
262 315 10 13 0.10100993 
389 331 15 21 0.099015005 
685 363 40 47 0.09895347 
261 335 12 14 0.098190494 
15 311 8 10 0.09736308 
786 230 8 11 0.09676395 
911 294 13 15 0.096631214 
750 292 10 14 0.09613432 
201 288 7 9 0.094353005 
113 295 7 9 0.09393901 
145 327 8 11 0.09179402 
439 305 12 16 0.09026697 
149 340 13 16 0.090112016 
564 325 24 28 0.087816104 
168 300 8 11 0.08763679 
969 279 9 13 0.087089024 
728 284 9 12 0.08485637 
806 272 9 11 0.08467651 
817 262 8 10 0.08458135 
718 318 10 14 0.08437358 
801 272 9 11 0.08422688 
753 351 21 30 0.0842101 
372 318 11 14 0.08396066 
156 347 11 14 0.08382207 
120 316 10 12 0.08329865 
180 379 15 20 0.08210599 
24 311 7 10 0.08094647 
662 330 15 18 0.08079045 
341 329 13 18 0.08006889 
946 278 8 10 0.0800641 
739 308 13 15 0.079833135 
793 323 17 23 0.07974294 
122 311 8 10 0.079586565 
734 254 11 13 0.0780475 
742 301 11 14 0.07632585 
588 293 9 12 0.075964645 
35 356 14 17 0.07520951 
10 309 7 10 0.07283933 
9 304 7 9 0.07248773 
247 288 9 11 0.07127693 
743 292 10 14 0.071126625 
112 328 9 11 0.070798814 
272 279 8 11 0.0705475 
71 307 8 11 0.07007984 
728 314 12 15 0.069906525 
555 302 20 26 0.06887552 
45 345 13 15 0.06870316 
960 309 23 28 0.068379395 
566 307 25 29 0.06789869 
983 320 26 34 0.06772605 
181 292 8 11 0.0675396 
118 326 11 14 0.06666491 
270 309 9 11 0.06626099 
80 308 7 9 0.06471101 
906 323 33 37 0.06450201 
892 298 14 18 0.06447504 
585 288 8 11 0.0639452 
1009 292 12 17 0.063881844 
782 277 8 11 0.06371093 
846 291 11 17 0.0636003 
687 180 8 13 0.063399546 
937 264 9 11 0.06311985 
143 319 8 12 0.06294808 
65 308 9 11 0.06275822 
777 278 8 11 0.062008366 
752 334 22 27 0.06183697 
58 301 7 10 0.0617023 
855 275 9 12 0.06151801 
371 322 13 18 0.060785487 
130 340 10 12 0.060532235 
410 295 8 10 0.060275722 
281 301 9 12 0.059957437 
186 311 9 12 0.05960355 
553 279 8 10 0.059502225 
52 341 11 14 0.05940356 
182 288 8 9 0.059189618 
266 303 8 9 0.058954705 
721 240 8 11 0.05869434 
264 311 9 12 0.05867921 
791 237 8 10 0.05826175 
840 292 10 13 0.058108624 
984 276 10 12 0.057851303 
271 303 8 10 0.057625663 
828 322 17 19 0.057564244 
883 327 37 46 0.057273712 
105 311 8 9 0.057198614 
761 342 21 27 0.056764342 
55 296 7 9 0.05666168 
48 305 7 9 0.056643844 
851 292 15 19 0.05647692 
870 356 36 48 0.056432825 
160 302 8 10 0.05630517 
457 298 25 36 0.05619 
22 356 13 18 0.05585796 
207 301 9 12 0.055818293 
803 340 21 27 0.055557907 
32 312 7 8 0.055367533 
104 361 22 31 0.05500985 
408 344 18 23 0.054852016 
581 299 13 16 0.054728985 
331 367 28 37 0.054489873 
735 292 11 14 0.053848468 
184 331 11 15 0.053769317 
16 317 9 11 0.0536911 
793 261 7 10 0.05335515 
218 278 7 10 0.053237855 
120 290 7 8 0.053224612 
561 296 8 11 0.05297656 
42 305 6 9 0.05287634 
17 325 11 13 0.052719966 
515 301 23 28 0.052686527 
159 295 8 10 0.052446242 
208 309 9 11 0.052418724 
-1 406 13 23 0.052201077 
734 286 10 13 0.052186415 
226 294 8 11 0.051404808 
226 318 8 11 0.05139503 
788 303 14 21 0.05111115 
766 281 9 11 0.050957236 
623 280 9 10 0.049907126 
129 335 9 12 0.04974659 
727 335 23 28 0.049718056 
159 286 7 10 0.049358718 
658 330 24 29 0.04920942 
237 308 9 11 0.04857481 
256 324 11 13 0.0482042 
996 279 14 17 0.047967337 
751 271 7 10 0.04794408 
906 272 8 10 0.047790818 
889 272 7 9 0.046834823 
139 413 28 40 0.046618875 
177 289 9 10 0.046400905 
110 302 7 10 0.046029393 
197 339 16 20 0.04584491 
889 314 27 34 0.045721 
339 319 11 13 0.045679506 
224 287 7 9 0.045627434 
612 293 10 14 0.04559466 
106 303 8 10 0.04538527 
192 355 12 19 0.04508731 
256 333 11 14 0.04485963 
821 317 12 17 0.044813864 
726 332 13 16 0.04464907 
723 325 13 15 0.04460028 
52 333 11 13 0.044355087 
818 292 11 14 0.04429952 
115 361 16 22 0.044180345 
311 310 10 14 0.04402409 
224 256 7 9 0.043997485 
120 302 8 9 0.043855745 
152 311 8 10 0.043779746 
232 309 9 11 0.043752555 
241 287 8 9 0.04374263 
760 281 9 11 0.043524407 
734 301 14 16 0.04334788 
985 272 8 10 0.043336343 
959 324 46 54 0.043003038 
756 300 11 14 0.042977124 
716 309 12 15 0.042878564 
778 270 8 10 0.042872354 
787 254 7 10 0.04284639 
886 336 15 19 0.042713765 
1008 271 9 12 0.04270068 
188 332 13 16 0.04242976 
662 300 14 18 0.04236251 
848 276 8 11 0.042330973 
961 271 8 10 0.04191369 
616 309 11 14 0.04116747 
257 317 10 13 0.04098847 
545 303 11 15 0.04092944 
747 342 23 31 0.040718965 
280 295 9 11 0.040499512 
200 294 8 10 0.04048328 
775 286 8 11 0.04029619 
186 371 16 22 0.040254604 
194 295 7 10 0.039990164 
902 311 28 35 0.039911527 
160 326 9 12 0.039798487 
614 300 10 13 0.03978769 
589 300 9 12 0.039764397 
52 348 11 12 0.039763656 
1 302 8 10 0.039615177 
81 288 7 9 0.03951825 
187 321 13 16 0.039458837 
529 350 30 35 0.039326787 
143 340 10 13 0.039059043 
745 270 8 11 0.03892901 
767 332 23 30 0.03890927 
168 349 10 14 0.03886903 
359 301 8 10 0.038864337 
154 426 39 49 0.03882579 
352 319 10 12 0.038810264 
1006 277 12 14 0.038743027 
999 272 9 12 0.03873595 
573 329 25 29 0.038600124 
198 333 12 15 0.038427092 
43 355 14 16 0.038259286 
144 349 11 13 0.03819309 
801 323 16 19 0.0381343 
686 291 12 16 0.038118325 
108 340 11 14 0.038108222 
237 303 8 11 0.03809905 
378 345 26 30 0.038058374 
974 289 11 14 0.038022313 
208 295 9 10 0.037991572 
771 318 24 31 0.037803695 
935 287 10 13 0.03774673 
752 288 10 12 0.037718784 
106 294 7 9 0.037710093 
779 337 15 21 0.03744865 
588 331 15 22 0.037434593 
64 317 9 11 0.03736278 
342 308 9 11 0.037326615 
226 323 9 12 0.03728209 
13 356 13 16 0.037189215 
96 336 11 14 0.037049383 
367 331 12 16 0.03700571 
327 302 9 11 0.036896672 
56 326 9 11 0.036835015 
798 262 8 9 0.036682524 
657 337 31 41 0.036657944 
955 291 11 13 0.036591846 
223 311 9 11 0.036384504 
215 310 9 13 0.036315184 
995 322 17 22 0.036266927 
742 345 40 50 0.036058743 
266 278 8 11 0.035769567 
944 284 9 13 0.03556451 
287 307 10 12 0.03546947 
0 333 8 15 0.035466567 
662 323 14 17 0.035132702 
909 293 22 25 0.035009854 
273 294 7 10 0.03495626 
32 317 8 9 0.034906294 
72 294 7 8 0.034884576 
343 302 9 12 0.03483129 
751 247 9 11 0.034830965 
139 318 8 11 0.03477085 
194 286 6 9 0.03475161 
179 316 20 24 0.03474206 
817 164 8 11 0.03448039 
202 301 8 11 0.034344733 
841 279 9 11 0.03423897 
878 292 13 17 0.034144234 
855 378 28 34 0.03408987 
197 365 21 26 0.03405429 
650 357 35 42 0.034004953 
272 285 8 10 0.033874735 
359 296 7 10 0.03376975 
237 350 11 13 0.033713847 
703 262 11 14 0.033663463 
1004 301 16 21 0.033428177 
87 287 6 8 0.033032026 
816 256 8 10 0.03267747 
967 279 18 23 0.032623317 
205 287 8 10 0.03247852 
732 333 13 17 0.03244594 
1006 283 12 15 0.032386407 
908 274 11 13 0.03236284 
885 292 14 18 0.032305088 
709 261 11 14 0.03199799 
727 244 9 11 0.031916194 
768 309 13 16 0.031746283 
901 294 13 16 0.03174208 
190 337 15 18 0.031598967 
104 317 8 10 0.03156621 
269 325 12 15 0.031494822 
781 271 9 11 0.031452354 
217 271 8 12 0.031442385 
160 309 7 10 0.031360343 
787 382 36 47 0.031119106 
953 241 7 9 0.031062126 
336 303 10 12 0.030943686 
38 348 14 16 0.030941159 
354 344 17 20 0.030932821 
575 296 11 14 0.030932361 
64 342 9 12 0.030846052 
0 364 10 15 0.030826552 
465 310 25 34 0.030807361 
21 317 9 11 0.030772733 
51 296 7 8 0.030617695 
10 351 22 26 0.030581973 
360 325 21 26 0.030539317 
897 294 23 26 0.030537821 
415 298 10 12 0.030298412 
816 327 20 26 0.03026227 
562 302 11 15 0.03023201 
239 293 8 11 0.030226793 
233 322 13 15 0.03021613 
174 309 10 11 0.03020152 
79 348 10 12 0.030176511 
268 332 12 14 0.030163212 
0 309 8 10 0.03002306 
297 295 8 10 0.03002215 
1014 270 9 12 0.029999338 
951 245 8 10 0.029970739 
2 254 8 12 0.02992977 
805 319 22 28 0.02985564 
734 279 8 11 0.029808879 
730 316 21 25 0.029749824 
57 318 8 10 0.029734846 
0 294 8 12 0.029690726 
558 286 8 11 0.029671498 
859 292 14 19 0.029543431 
259 335 22 26 0.029350977 
670 279 9 11 0.02932975 
791 247 8 10 0.02926204 
868 292 12 17 0.029127054 
756 282 18 22 0.02912605 
64 297 7 9 0.028967816 
310 370 30 39 0.028965902 
824 262 7 10 0.028877018 
424 309 13 15 0.02885822 
215 262 8 11 0.028852886 
960 276 9 12 0.028807657 
-2 414 24 38 0.028792333 
717 261 9 11 0.028699514 
1005 289 19 27 0.02869221 
96 303 7 9 0.028682817 
736 339 24 32 0.028669702 
197 317 11 13 0.028586991 
749 289 19 23 0.028580492 
14 304 6 9 0.028502902 
589 288 9 11 0.02847754 
797 343 16 21 0.028456341 
268 316 11 13 0.028311897 
399 301 11 13 0.02825252 
979 285 10 12 0.028214293 
722 345 43 55 0.028076924 
744 245 9 11 0.028067915 
790 79 45 62 0.027975235 
168 311 8 11 0.027956383 
624 284 9 12 0.027730972 
872 272 8 10 0.02771948 
563 340 24 29 0.027718652 
798 256 7 10 0.027717084 
0 230 8 12 0.027715178 
71 289 7 8 0.027656144 
135 289 8 10 0.02750557 
33 304 8 9 0.027437748 
223 271 9 12 0.027431216 
205 333 12 15 0.027418088 
162 317 8 11 0.027411954 
892 343 34 45 0.027362075 
452 306 17 22 0.027332481 
215 316 9 12 0.027286917 
936 255 8 10 0.027246118 
784 225 8 10 0.027059397 
285 296 10 12 0.02689897 
381 322 19 26 0.026882699 
667 295 14 18 0.02680211 
752 277 9 11 0.026588818 
920 264 8 9 0.026439656 
80 293 7 9 0.026425999 
137 299 8 11 0.026406784 
852 312 14 19 0.026364876 
971 317 16 20 0.026313625 
41 362 16 18 0.026278079 
340 331 23 29 0.026258253 
808 289 10 13 0.02624783 
140 160 14 20 0.026244124 
405 299 11 13 0.026140261 
608 278 7 10 0.026132649 
668 285 10 13 0.025869602 
167 356 11 16 0.02578551 
630 287 9 10 0.025600227 
955 300 21 27 0.025484225 
217 254 8 10 0.02547296 
949 307 15 18 0.025443504 
110 310 7 10 0.025333032 
762 356 22 28 0.025302937 
725 240 9 11 0.025247773 
734 248 10 11 0.025144035 
602 395 25 32 0.025081601 
729 286 20 26 0.02503338 
913 248 8 10 0.02500544 
955 320 30 36 0.024939228 
149 317 10 11 0.024921639 
862 277 10 12 0.024875553 
967 272 7 9 0.024860743 
614 287 10 12 0.024856303 
660 298 40 47 0.024838252 
639 288 9 11 0.024830146 
1014 330 11 17 0.024778577 
794 294 12 15 0.024668522 
222 278 8 10 0.024663419 
97 295 7 9 0.024644295 
655 279 8 10 0.02455663 
925 292 13 15 0.024481533 
176 269 7 10 0.024377612 
740 332 15 18 0.024316225 
574 277 9 10 0.024292188 
239 280 7 10 0.024242716 
89 340 10 14 0.024193507 
35 344 23 27 0.024109764 
785 236 7 10 0.024096007 
802 466 46 46 0.024093848 
270 273 10 13 0.024082288 
468 301 13 18 0.02407462 
421 293 10 13 0.024063198 
334 376 15 20 0.024058288 
29 327 9 12 0.024042282 
198 325 11 14 0.024037436 
706 312 18 24 0.023874419 
257 311 9 12 0.02387293 
40 317 8 11 0.023831384 
775 304 11 16 0.023800101 
718 302 11 15 0.023766385 
89 363 25 32 0.02375972 
601 287 8 12 0.023746325 
739 288 19 25 0.023654282 
959 265 8 9 0.023651697 
316 309 9 12 0.023646811 
1002 328 15 20 0.0234837 
155 287 7 10 0.023462605 
659 309 23 28 0.02345661 
336 309 9 11 0.023266174 
822 287 9 13 0.023147883 
214 295 8 11 0.023086393 
781 325 15 20 0.023074942 
923 299 14 17 0.022984844 
133 355 11 16 0.022866411 
911 253 8 10 0.022814738 
201 309 9 12 0.022777684 
811 289 19 24 0.022734191 
425 303 21 24 0.022681316 
123 367 14 19 0.022547506 
908 317 14 17 0.022505378 
248 300 8 10 0.022464294 
353 288 8 9 0.022427898 
134 347 12 16 0.02236069 
77 340 11 13 0.022353051 
754 306 14 15 0.022345787 
668 326 24 30 0.022340164 
398 323 25 29 0.02229864 
191 311 21 26 0.0221996 
231 262 8 10 0.022150125 
207 316 10 12 0.022137163 
366 339 13 17 0.022113232 
919 270 9 11 0.022108618 
615 303 22 27 0.022050345 
441 301 22 28 0.022049563 
95 339 22 26 0.022017088 
623 301 41 47 0.022006666 
657 287 8 11 0.021960715 
156 332 11 13 0.021862155 
309 301 10 12 0.021846611 
1000 300 12 15 0.021815574 
876 293 23 28 0.021784151 
456 377 32 39 0.021699496 
834 326 17 21 0.02169835 
81 356 11 15 0.021681078 
170 313 21 25 0.021565009 
717 327 23 27 0.021508144 
38 325 10 11 0.02146769 
70 348 12 14 0.021362217 
925 325 49 59 0.021338345 
743 308 22 27 0.02131316 
698 315 21 28 0.02130881 
634 308 15 20 0.021292603 
713 246 9 11 0.021150539 
86 349 10 13 0.021115042 
911 302 23 28 0.021053275 
303 295 9 11 0.021035563 
277 279 8 10 0.020953791 
247 340 11 14 0.020951156 
141 300 9 11 0.02092685 
746 297 19 23 0.020924108 
141 328 18 23 0.020910885 
128 289 7 9 0.02091052 
343 344 26 30 0.020861333 
616 271 8 10 0.020823585 
973 297 42 52 0.020819332 
69 355 13 16 0.02081043 
836 297 13 17 0.020793919 
997 306 23 32 0.020767873 
814 219 10 13 0.020710828 
232 278 7 9 0.020683244 
691 371 49 60 0.020682592 
214 325 10 12 0.020655064 
715 313 19 24 0.020608064 
6 324 10 14 0.020596914 
532 303 12 16 0.0205573 
224 260 8 10 0.020520097 
435 298 19 27 0.020458203 
752 252 9 11 0.020450234 
147 342 20 24 0.02042615 
825 255 8 11 0.020415194 
279 307 8 11 0.02036459 
254 288 8 10 0.020359974 
775 204 8 11 0.02034754 
529 306 21 27 0.020306567 
711 266 11 14 0.020299204 
954 264 8 9 0.020289717 
62 325 9 11 0.020216102 
556 332 24 31 0.020196786 
206 326 10 13 0.020192703 
790 345 13 19 0.020174077 
158 358 21 27 0.020158902 
0 287 8 12 0.020125058 
297 288 8 9 0.020082632 
826 276 9 11 0.020077089 
94 343 13 15 0.020076815 
786 336 23 30 0.02007069 
953 254 7 10 0.020030484 
