3_Riot_Riot_3_263
117
437 163 17 24 0.9745218 
863 220 26 30 0.9580473 
386 163 16 23 0.89290106 
419 163 15 21 0.64793456 
477 163 21 28 0.6380491 
547 174 15 17 0.6260016 
889 148 32 38 0.3852218 
8 134 19 23 0.30977523 
204 140 17 22 0.13253397 
349 142 12 16 0.11750287 
855 204 41 50 0.11380638 
118 109 32 46 0.10793546 
624 132 149 130 0.09285696 
735 378 37 52 0.08510149 
274 144 14 18 0.082812384 
476 176 14 19 0.080373995 
544 326 34 40 0.075284034 
926 213 13 17 0.06951857 
162 7 16 19 0.06552592 
528 178 11 16 0.061624475 
517 195 14 19 0.06036606 
488 167 16 22 0.055183582 
395 194 12 17 0.055035092 
193 96 17 21 0.055025317 
48 9 12 16 0.0535118 
834 197 26 40 0.053249773 
359 184 10 14 0.048692536 
795 155 54 65 0.04748062 
195 131 28 36 0.04733794 
841 194 38 50 0.04723085 
111 130 41 63 0.04586858 
199 2 25 35 0.04438839 
915 156 17 21 0.042696703 
220 -1 13 14 0.042545274 
494 256 28 35 0.041961145 
100 -1 31 28 0.041848794 
226 10 42 57 0.040335875 
767 160 54 64 0.03914381 
2 92 15 21 0.038393974 
538 310 35 43 0.03739806 
166 119 41 54 0.036996048 
516 302 44 54 0.036969386 
725 141 69 63 0.035891637 
808 191 45 54 0.03551435 
349 121 11 15 0.035366967 
350 164 11 16 0.034957487 
181 86 27 34 0.034887735 
190 92 15 19 0.03469612 
398 179 12 17 0.034683228 
487 286 44 45 0.033112485 
180 97 41 49 0.032268528 
478 158 15 19 0.03225623 
198 4 42 54 0.03216011 
547 344 30 36 0.030990897 
536 174 18 25 0.030957257 
400 105 9 10 0.03037258 
553 173 12 14 0.030354833 
2 121 22 32 0.030057173 
871 185 11 14 0.029858889 
862 178 12 16 0.029800944 
874 133 52 64 0.0295997 
43 84 30 30 0.02938852 
404 181 12 16 0.028887099 
697 140 106 114 0.028693665 
23 98 27 28 0.028422784 
533 175 12 17 0.028371612 
390 109 9 11 0.02823395 
427 157 14 17 0.027131485 
450 251 19 24 0.026917087 
17 141 17 24 0.026827369 
510 301 32 39 0.02611644 
51 85 17 18 0.02587829 
199 17 13 19 0.025588103 
220 -3 27 27 0.025440134 
490 276 31 34 0.02540372 
476 283 29 32 0.025133787 
517 196 25 30 0.025063004 
745 152 35 37 0.02481151 
106 115 28 40 0.024559764 
271 116 13 19 0.024552582 
137 132 45 61 0.02453121 
203 10 16 22 0.024232963 
571 362 15 18 0.024104156 
185 70 27 33 0.024066143 
246 8 33 42 0.023804754 
470 170 16 21 0.023735752 
922 204 24 30 0.023499193 
534 197 13 17 0.023479532 
319 193 11 15 0.023317093 
447 6 12 15 0.023115942 
524 186 15 20 0.023029936 
853 173 12 16 0.022526938 
5 124 13 17 0.022479786 
48 2 21 26 0.02247672 
41 3 38 51 0.022329614 
0 106 11 17 0.022299936 
899 185 41 58 0.022121776 
121 115 45 61 0.022109589 
490 211 25 29 0.022076737 
385 108 9 11 0.021963391 
157 -1 14 14 0.021956423 
901 156 29 34 0.021846958 
391 167 21 28 0.021827895 
515 130 14 18 0.021797985 
400 117 10 12 0.021731112 
188 73 17 20 0.02159207 
444 202 15 18 0.02151358 
24 190 12 15 0.021467652 
398 188 13 17 0.021062303 
6 202 23 34 0.020928718 
399 109 9 11 0.020928299 
641 157 72 87 0.020876555 
634 398 28 32 0.020819586 
187 6 27 34 0.02076294 
531 136 14 16 0.020356387 
512 202 14 18 0.020324204 
152 101 45 56 0.020233268 
