3_Riot_Riot_3_273
38
238 319 32 38 0.99857914 
307 235 25 34 0.99294996 
100 420 43 53 0.96448684 
348 337 23 29 0.92685205 
375 322 20 25 0.70766723 
173 101 44 49 0.65014815 
469 383 56 57 0.63826245 
63 172 19 25 0.2855385 
388 385 17 23 0.10199492 
359 325 25 32 0.08683433 
217 394 55 74 0.07236921 
429 260 67 60 0.06694801 
290 356 25 31 0.062216397 
400 106 36 47 0.06179407 
411 369 23 33 0.047151763 
331 344 22 28 0.039025974 
173 123 59 73 0.03416351 
289 292 31 42 0.03243259 
345 322 25 33 0.031061728 
461 399 43 53 0.027816562 
380 388 22 31 0.027747953 
184 155 51 61 0.027604347 
273 278 28 36 0.026334744 
335 443 32 37 0.02582765 
451 365 95 93 0.02482757 
347 328 39 49 0.024389176 
547 188 34 48 0.024142783 
414 438 33 39 0.023400322 
398 375 26 34 0.022433763 
278 355 25 29 0.022413034 
391 215 67 74 0.02193089 
349 440 29 35 0.021447768 
371 317 19 21 0.02083964 
292 405 27 39 0.020528655 
479 313 54 68 0.020407667 
370 308 14 17 0.020275168 
374 182 62 69 0.020054454 
200 410 51 70 0.020035043 
