3_Riot_Riot_3_1037
75
299 156 31 41 0.99917066 
679 138 30 41 0.9990752 
603 181 26 34 0.9989531 
970 208 35 43 0.9975925 
58 498 49 62 0.99752945 
771 174 31 35 0.9920442 
673 413 45 54 0.98151463 
716 150 30 37 0.95187116 
5 678 83 120 0.9370396 
304 433 29 38 0.36103353 
282 441 34 44 0.33195385 
273 434 32 42 0.3052802 
211 565 69 77 0.28742054 
34 128 113 125 0.25497583 
369 459 19 21 0.18570544 
806 571 48 63 0.14582197 
939 426 92 124 0.14562617 
411 489 15 19 0.13143937 
442 456 26 33 0.13020335 
436 442 14 17 0.11043075 
445 452 12 16 0.09085317 
409 484 12 15 0.081731714 
419 455 10 13 0.076318055 
750 567 46 74 0.06622514 
516 186 58 93 0.065451354 
314 440 18 23 0.054332867 
690 189 15 23 0.054132573 
465 427 11 13 0.04736847 
297 449 29 39 0.045972165 
67 168 94 105 0.04287219 
43 712 39 52 0.03913869 
381 466 14 18 0.038195517 
437 443 22 29 0.036141105 
453 433 27 35 0.035873465 
288 440 20 26 0.035611168 
323 440 15 21 0.035346612 
274 440 17 26 0.03465138 
981 909 14 17 0.03277562 
98 163 34 44 0.032561608 
439 439 43 57 0.032550562 
720 167 31 40 0.031346153 
685 785 221 242 0.030983057 
469 426 13 14 0.030438937 
360 945 79 74 0.028956635 
704 268 20 26 0.028614117 
397 122 26 34 0.02811752 
461 447 16 20 0.02759137 
379 454 15 17 0.027500074 
443 418 372 459 0.027361669 
332 980 12 19 0.027003556 
406 459 12 13 0.02682234 
403 138 15 19 0.026336268 
103 193 57 67 0.02591051 
786 549 81 96 0.025794143 
387 461 13 15 0.025623057 
376 453 26 32 0.025402447 
309 410 30 44 0.025163278 
471 437 12 15 0.024744745 
195 541 53 78 0.02444892 
732 155 38 48 0.024067368 
975 953 27 36 0.023986405 
388 469 11 15 0.0238398 
311 812 56 82 0.023698077 
346 141 16 22 0.0233823 
260 524 34 53 0.022951487 
469 442 14 19 0.022843197 
71 155 69 71 0.022626484 
211 423 11 15 0.022407446 
381 136 16 21 0.022071501 
481 178 105 145 0.02196994 
0 940 47 56 0.02173784 
662 644 15 18 0.021361453 
972 156 34 39 0.021356815 
730 196 27 35 0.020745004 
476 441 13 19 0.020358244 
