3_Riot_Riot_3_26
438
233 356 33 47 0.99957794 
790 62 25 31 0.99888426 
278 355 27 38 0.9987569 
249 229 31 39 0.99850583 
658 62 26 34 0.99838734 
327 355 31 44 0.9982419 
359 72 26 30 0.9982333 
204 207 33 39 0.9981546 
297 51 24 30 0.9979882 
674 229 27 32 0.9972982 
817 10 25 31 0.9955848 
936 160 29 39 0.9953595 
986 184 33 40 0.9949768 
717 391 33 46 0.994528 
855 388 26 38 0.99403125 
466 75 24 29 0.9936853 
782 211 33 38 0.99321765 
940 -1 25 26 0.9928409 
257 331 29 36 0.9923288 
762 36 23 29 0.9923219 
846 35 25 30 0.99188906 
251 93 22 28 0.98806775 
899 157 22 28 0.9879147 
1001 42 21 30 0.9864027 
194 45 20 28 0.9851752 
419 370 37 46 0.9843529 
355 222 32 37 0.9836225 
466 207 31 35 0.97846794 
337 420 26 44 0.97721124 
674 354 33 35 0.9741261 
972 13 27 31 0.97346556 
280 204 27 32 0.9569095 
538 99 19 22 0.94310385 
645 209 21 26 0.9341776 
892 46 24 29 0.9318023 
724 358 30 36 0.91908437 
940 413 23 33 0.91851354 
554 236 31 33 0.91229904 
644 -1 27 23 0.8986288 
18 101 24 26 0.89660376 
797 344 15 20 0.8877422 
97 359 23 34 0.76007384 
52 241 27 36 0.75113934 
415 350 30 39 0.73533726 
51 323 30 39 0.6909906 
149 337 23 29 0.67352307 
52 190 33 38 0.64011663 
424 212 30 39 0.5832487 
961 380 18 25 0.57588357 
210 495 23 35 0.488346 
863 356 14 19 0.45747527 
780 390 26 36 0.42986995 
122 416 22 33 0.4150435 
241 562 24 36 0.36374202 
924 369 14 20 0.35064766 
640 345 28 38 0.3490457 
204 434 24 40 0.34790826 
890 243 24 33 0.3117396 
898 477 23 37 0.3011557 
964 373 15 20 0.29147965 
731 489 26 37 0.27682352 
782 367 22 28 0.26777226 
525 518 24 34 0.2648515 
621 195 16 21 0.26390827 
758 437 17 24 0.25838983 
971 416 14 21 0.24917741 
981 385 15 21 0.23897788 
760 70 17 20 0.23643143 
959 416 22 33 0.23566523 
510 82 16 18 0.22573265 
465 544 24 38 0.21984541 
786 448 22 35 0.21748064 
309 577 31 34 0.21375358 
164 527 16 23 0.20764005 
404 437 24 37 0.20387362 
653 386 22 31 0.19434829 
919 366 14 20 0.18055621 
474 542 29 40 0.17497659 
152 349 17 23 0.16834411 
903 241 24 34 0.15851365 
559 513 21 31 0.15615116 
66 326 16 25 0.15537217 
912 342 11 15 0.14186558 
835 374 13 19 0.14108205 
889 335 16 18 0.13522485 
535 211 23 31 0.13380788 
221 561 28 32 0.1277491 
473 432 24 36 0.12595163 
730 341 29 35 0.123565085 
449 543 28 39 0.12170794 
792 397 26 32 0.11901667 
693 55 15 20 0.1174004 
123 522 15 21 0.11065005 
600 49 21 31 0.108096235 
235 564 18 26 0.10791395 
156 332 18 22 0.10763563 
59 471 23 34 0.100764886 
37 332 46 59 0.1000945 
324 198 24 33 0.10005905 
343 362 26 33 0.096495226 
855 472 14 20 0.095462985 
378 524 25 35 0.095287025 
949 418 24 36 0.094636105 
868 351 20 27 0.09429598 
939 401 13 17 0.09269401 
952 500 29 30 0.09020576 
996 380 12 15 0.08982515 
916 247 16 24 0.08936376 
801 369 21 29 0.08636117 
854 306 10 14 0.08533708 
883 360 14 19 0.083183646 
809 375 17 21 0.083139025 
787 381 17 24 0.08219979 
130 429 14 21 0.082125105 
239 494 29 35 0.081869125 
603 216 25 35 0.08128308 
878 8 16 21 0.07993798 
754 57 26 32 0.079639435 
820 356 15 18 0.07822447 
998 415 11 14 0.07486976 
708 250 27 38 0.07438968 
652 548 38 46 0.07385169 
658 452 29 39 0.073841736 
885 433 13 19 0.07297137 
91 448 17 19 0.07209564 
543 219 27 38 0.072066344 
254 494 23 36 0.07204319 
952 387 12 17 0.0717037 
427 487 15 21 0.07102674 
996 437 25 33 0.07072877 
872 419 22 33 0.0707137 
737 332 24 29 0.070518516 
590 494 12 17 0.0691776 
366 572 15 19 0.068359084 
508 63 23 28 0.067607865 
62 572 22 34 0.06720665 
127 520 25 30 0.067067295 
41 536 28 32 0.06253909 
129 361 22 28 0.061675202 
950 406 13 17 0.06161209 
152 525 25 30 0.060708612 
973 417 21 29 0.060556464 
538 481 17 19 0.06055064 
320 363 24 35 0.060416337 
35 503 16 25 0.05995719 
792 373 16 23 0.059931573 
242 343 36 47 0.05941695 
754 373 22 29 0.059248783 
591 387 24 32 0.058742706 
27 505 14 21 0.058182836 
603 46 13 17 0.05794761 
990 381 13 18 0.057486895 
134 423 23 33 0.05690917 
721 372 41 50 0.056881137 
969 383 16 21 0.056204986 
149 438 16 22 0.055818237 
341 406 27 37 0.055009753 
51 541 15 16 0.054914445 
206 503 16 23 0.054904535 
236 414 25 36 0.05489722 
635 198 24 30 0.05482822 
919 247 25 33 0.054775458 
59 444 12 15 0.054036364 
134 534 16 21 0.05389031 
339 210 34 41 0.053058792 
772 371 23 29 0.052670963 
911 355 12 17 0.052426007 
138 529 31 31 0.052337866 
855 464 23 33 0.052081715 
106 360 27 32 0.051856413 
726 492 15 23 0.051845893 
1011 409 12 19 0.05146756 
13 498 25 30 0.05054668 
472 441 14 22 0.05015009 
330 204 29 36 0.049923442 
914 346 13 17 0.049551256 
0 550 26 47 0.049222887 
878 346 14 19 0.049068697 
952 410 15 21 0.049001813 
768 443 25 35 0.048926827 
203 564 38 35 0.048083927 
929 374 15 19 0.04766986 
324 425 28 41 0.047481634 
621 538 14 21 0.046852794 
737 549 27 38 0.04675313 
545 514 27 33 0.04662426 
126 401 25 37 0.046314683 
579 527 28 40 0.04629791 
1007 403 13 17 0.046279725 
521 217 25 35 0.045794066 
815 370 20 27 0.04575239 
1006 315 12 16 0.045581825 
638 196 37 45 0.045541096 
80 414 23 34 0.045325585 
172 455 15 21 0.044358265 
979 364 15 17 0.044127133 
740 491 32 39 0.044084314 
114 182 29 36 0.04381481 
423 226 34 45 0.043672197 
218 492 17 25 0.043513168 
991 420 23 32 0.04350082 
414 568 14 21 0.043339755 
884 345 15 20 0.04318551 
689 42 25 34 0.042627774 
537 519 39 47 0.04185447 
495 511 15 18 0.041824352 
381 377 15 19 0.041438688 
962 6 29 33 0.041300718 
892 237 16 19 0.041189775 
7 535 26 38 0.040867224 
52 194 19 24 0.04077108 
885 503 16 21 0.04034315 
878 370 15 21 0.040172487 
741 367 27 33 0.03967792 
940 319 15 19 0.0393783 
612 500 16 17 0.039021447 
72 402 39 59 0.038980387 
263 207 29 38 0.03844433 
973 406 14 20 0.03844392 
972 364 15 19 0.0382725 
579 541 41 50 0.038233716 
858 383 15 20 0.038096003 
468 480 22 28 0.03800778 
93 418 14 20 0.037456725 
392 554 26 37 0.037406694 
956 438 14 21 0.037144005 
139 411 26 39 0.03713281 
984 19 30 35 0.03711732 
661 559 18 22 0.03708771 
233 512 35 39 0.03703791 
567 542 29 43 0.036416467 
149 423 22 34 0.03635876 
4 95 38 50 0.036274754 
-1 262 9 16 0.036187693 
138 355 21 31 0.035992205 
95 356 15 21 0.035653125 
379 445 17 25 0.03539375 
625 190 15 19 0.03535127 
985 415 21 29 0.03517619 
1006 355 9 13 0.03501398 
205 452 13 22 0.034988437 
345 402 19 24 0.03496058 
485 223 39 49 0.03488491 
792 364 15 19 0.034643132 
508 434 25 38 0.034620896 
848 302 12 17 0.03433465 
861 359 23 28 0.034279138 
931 248 27 32 0.03426336 
64 522 230 220 0.03410688 
347 528 13 21 0.03409644 
243 573 31 41 0.033978555 
516 231 14 19 0.03352179 
118 518 14 20 0.033516385 
664 569 18 21 0.033436462 
161 342 15 21 0.033428792 
821 361 21 28 0.033081938 
532 220 17 24 0.032810815 
27 433 25 30 0.032740556 
960 561 28 43 0.032732967 
571 523 24 34 0.03240359 
580 472 17 23 0.032121073 
798 408 15 20 0.03209885 
47 256 33 40 0.03209616 
998 411 20 28 0.032075014 
955 340 12 16 0.031966396 
982 445 14 18 0.031867445 
415 561 24 33 0.031736437 
714 485 29 37 0.031563405 
900 338 14 17 0.031519156 
348 484 23 31 0.03133152 
764 368 20 26 0.03108957 
196 559 23 34 0.030970708 
77 423 15 22 0.030930934 
902 353 13 18 0.030920247 
688 583 25 33 0.030762903 
874 498 24 31 0.030727623 
551 234 15 23 0.030576242 
781 315 15 19 0.030501338 
864 488 25 34 0.030492086 
879 0 23 25 0.030450502 
300 364 21 31 0.030431932 
84 365 24 35 0.03019684 
183 393 24 33 0.03016614 
891 352 13 19 0.030097902 
688 441 24 35 0.029774385 
39 490 20 36 0.029758444 
495 435 28 35 0.029742902 
1 472 16 23 0.029523507 
931 385 12 17 0.029331196 
370 377 26 33 0.029292483 
249 557 29 39 0.029287115 
70 477 24 34 0.029185371 
164 492 13 19 0.028893456 
781 48 28 36 0.028633911 
371 565 23 29 0.02849278 
267 339 37 46 0.028481668 
994 386 14 18 0.028472384 
895 481 16 26 0.028425548 
355 577 17 19 0.028259996 
745 342 19 24 0.02817152 
197 553 13 22 0.02795574 
859 401 27 38 0.027740862 
576 461 27 35 0.027667506 
602 392 17 21 0.027548902 
354 427 28 39 0.027491946 
606 496 28 31 0.027415754 
913 150 28 34 0.027286867 
800 449 28 37 0.027253117 
17 114 21 24 0.027217317 
217 574 38 46 0.027211811 
359 493 23 30 0.027205339 
147 356 24 31 0.027201422 
28 353 49 73 0.027170511 
605 532 29 33 0.026960049 
588 163 25 31 0.026935505 
85 434 22 30 0.026884733 
762 379 23 30 0.02681793 
296 209 15 20 0.026790472 
166 458 12 17 0.02665759 
64 332 28 37 0.026653746 
654 208 20 25 0.026401741 
14 527 28 37 0.026388686 
507 223 37 49 0.026349004 
911 358 18 26 0.026243532 
934 553 42 56 0.02618954 
989 431 14 21 0.026172968 
22 507 23 30 0.026162665 
21 538 30 38 0.02608956 
78 489 14 19 0.026026584 
330 380 30 38 0.025779236 
98 424 14 19 0.025746457 
694 473 34 44 0.02553259 
100 349 14 19 0.025409779 
382 559 24 34 0.02537843 
991 413 11 15 0.02536321 
34 442 15 17 0.02519296 
906 337 19 25 0.025185984 
554 527 39 49 0.02517766 
867 466 26 35 0.025112962 
892 304 21 28 0.02509492 
560 555 30 40 0.025091818 
381 441 27 33 0.025074232 
185 447 26 33 0.025017848 
619 499 15 18 0.02501307 
825 426 211 233 0.024961159 
367 428 26 38 0.02488709 
127 378 25 34 0.024827657 
873 307 16 20 0.024756135 
916 363 85 105 0.02459836 
440 210 32 42 0.024538996 
547 477 12 16 0.024530424 
931 366 23 29 0.024461418 
580 501 44 49 0.024396148 
91 413 23 31 0.024321597 
949 348 13 16 0.02429274 
784 532 33 47 0.02429027 
481 253 45 50 0.024273964 
429 476 23 29 0.024259891 
693 451 27 41 0.024236169 
951 -1 28 31 0.024213001 
216 440 15 23 0.024205323 
7 509 27 36 0.024055345 
989 403 11 15 0.023945175 
151 502 28 38 0.023937022 
112 514 22 32 0.023913337 
654 571 28 33 0.023889024 
801 395 16 22 0.023873111 
10 557 30 46 0.023868877 
775 38 25 32 0.02385424 
108 421 25 29 0.023799896 
788 351 22 26 0.023665072 
117 367 26 31 0.023571832 
953 402 39 51 0.023493432 
584 575 36 44 0.023443075 
599 470 208 230 0.023296585 
163 443 24 32 0.023295831 
1003 399 21 29 0.023288094 
224 426 27 39 0.023284927 
59 193 47 58 0.023284126 
585 454 28 35 0.023178197 
150 470 12 17 0.023143632 
310 429 29 42 0.023050787 
386 538 27 38 0.02297632 
936 418 15 21 0.022969294 
43 521 27 29 0.022890287 
167 521 25 35 0.022876915 
0 475 27 36 0.02270535 
11 543 14 22 0.022677552 
882 481 27 35 0.022627855 
571 521 14 21 0.02256679 
134 309 12 16 0.022544911 
320 203 14 19 0.022519838 
980 402 14 19 0.022442224 
651 349 31 43 0.02237461 
462 482 17 23 0.022265019 
589 492 23 29 0.022214727 
299 559 33 40 0.022203213 
917 235 15 21 0.022194864 
37 508 23 29 0.022189014 
695 566 44 49 0.02216365 
67 469 15 18 0.022126729 
634 531 44 53 0.022066576 
186 383 15 23 0.022056483 
645 457 30 42 0.021992544 
506 50 25 29 0.021921806 
45 444 12 16 0.02178136 
950 513 31 37 0.021698164 
252 505 38 48 0.021581164 
882 424 23 30 0.02157591 
139 372 16 23 0.021558482 
624 198 22 29 0.021500481 
575 371 52 56 0.021461952 
621 499 27 33 0.021392973 
268 498 14 23 0.021325335 
154 12 29 33 0.02123137 
370 517 25 34 0.021216815 
449 526 27 33 0.021148404 
812 362 17 21 0.021030106 
152 486 24 29 0.020930678 
881 304 22 27 0.020897208 
751 40 27 30 0.020632168 
748 358 25 31 0.020627402 
991 372 12 16 0.020592203 
576 482 23 29 0.02055374 
631 588 13 18 0.02053032 
635 475 27 39 0.02052572 
677 574 26 37 0.020514581 
734 325 13 17 0.020502703 
750 535 45 54 0.020465335 
435 525 28 35 0.020458562 
897 342 19 25 0.020345215 
480 592 45 46 0.020296102 
1005 380 11 14 0.020274388 
72 178 45 57 0.020238155 
988 441 15 22 0.020080324 
568 473 24 33 0.020032004 
318 99 25 33 0.020013604 
188 382 25 34 0.020002346 
