3_Riot_Riot_3_958
141
137 3 26 34 0.99927586 
234 10 29 37 0.9992434 
53 21 28 36 0.9982918 
403 24 36 49 0.99693274 
568 112 59 63 0.99617493 
519 41 29 40 0.99178314 
374 33 22 30 0.9876453 
864 19 35 40 0.98615205 
924 74 24 33 0.9851649 
13 7 37 47 0.9847439 
106 29 30 37 0.970109 
709 30 23 32 0.9461698 
775 40 29 35 0.9326424 
665 55 23 26 0.9036749 
67 3 28 32 0.90273577 
334 37 20 25 0.85626465 
313 38 17 23 0.8450794 
955 54 26 37 0.8126558 
209 27 20 24 0.71073633 
499 33 17 22 0.7039757 
306 0 17 19 0.6642365 
824 45 26 30 0.6151384 
461 35 19 30 0.5408337 
972 18 17 23 0.3948075 
173 35 14 18 0.3698356 
184 26 18 22 0.35506532 
593 122 62 65 0.3362971 
322 38 20 25 0.28992167 
868 60 28 34 0.19430198 
606 45 16 18 0.16896202 
968 59 19 23 0.16837488 
772 47 17 23 0.15121697 
299 113 26 30 0.14917637 
964 19 16 20 0.14604916 
741 0 14 12 0.14582805 
178 30 18 21 0.10747427 
290 39 17 21 0.10431756 
299 38 19 26 0.101470985 
758 62 22 30 0.095160104 
964 32 29 36 0.08215645 
769 121 28 32 0.07728907 
450 38 22 32 0.075917676 
490 40 22 29 0.073252805 
560 73 31 48 0.07153198 
193 28 21 25 0.06872667 
486 45 12 17 0.065031745 
1007 313 13 18 0.064265296 
940 658 14 17 0.060410704 
0 27 10 18 0.05974252 
935 58 27 38 0.05795647 
955 52 15 21 0.05608918 
469 41 21 27 0.056074303 
437 38 24 32 0.055510152 
758 61 14 17 0.055144973 
950 57 18 26 0.05484912 
308 4 22 26 0.05266173 
308 26 21 30 0.051493227 
278 67 13 18 0.05116191 
397 18 29 40 0.050822042 
324 1 18 20 0.05043348 
765 53 27 34 0.05040156 
842 29 37 51 0.050354537 
990 332 15 19 0.050230395 
748 53 12 15 0.04874196 
704 244 109 129 0.048652288 
638 56 11 13 0.047103252 
871 45 40 54 0.04424607 
213 18 27 33 0.043621104 
285 4 25 28 0.04248025 
596 44 24 27 0.042199552 
752 8 17 21 0.041591153 
990 355 15 18 0.04147501 
309 17 16 21 0.040358882 
197 65 26 32 0.03811676 
23 125 406 488 0.037970662 
870 71 17 20 0.037026964 
299 2 22 26 0.03655852 
295 119 19 22 0.03553589 
976 26 19 24 0.03528245 
647 61 11 14 0.03518536 
975 361 14 16 0.03486267 
4 15 25 37 0.034242768 
742 51 14 18 0.033637565 
228 -3 15 16 0.032964375 
286 112 43 47 0.032719947 
187 15 17 20 0.032676253 
398 42 31 44 0.03184321 
469 30 13 17 0.031533137 
546 70 15 21 0.030313373 
315 23 26 35 0.030160416 
186 41 17 22 0.029846827 
423 31 25 36 0.029646998 
734 -3 25 23 0.029585168 
258 0 16 20 0.029369064 
1001 61 25 34 0.029293552 
281 65 25 28 0.029293515 
683 50 14 17 0.028902756 
531 2 15 18 0.02880736 
387 24 22 34 0.02868147 
402 52 17 24 0.02866988 
567 90 37 54 0.02727611 
1013 51 11 17 0.026728576 
962 60 29 40 0.026657566 
721 39 26 32 0.026458737 
349 36 24 30 0.026353879 
578 49 18 21 0.025853274 
554 72 24 35 0.025668077 
109 0 17 19 0.025665006 
746 86 26 38 0.025502533 
747 55 22 28 0.02537909 
245 0 26 32 0.02522035 
321 27 38 46 0.024731735 
693 14 16 21 0.02440185 
658 44 39 45 0.024255984 
499 31 12 15 0.023716351 
908 -1 23 26 0.02345214 
266 64 17 20 0.023400571 
103 17 27 35 0.023211444 
764 56 16 22 0.023153713 
444 0 16 18 0.022707194 
987 339 24 28 0.02267453 
633 55 23 28 0.022636604 
912 56 40 54 0.022219189 
353 142 35 40 0.022199469 
1008 304 11 15 0.022151299 
663 53 16 20 0.022054961 
396 20 17 24 0.021942785 
730 0 18 17 0.021886019 
973 69 26 35 0.021752844 
773 36 16 21 0.021436745 
933 -2 15 14 0.021312201 
703 48 14 19 0.021186834 
707 41 18 26 0.021153728 
196 -3 16 15 0.021083059 
481 248 41 38 0.020955509 
176 40 24 30 0.020538326 
747 72 29 36 0.020530464 
521 0 23 25 0.020499276 
741 10 14 17 0.020445606 
304 28 14 18 0.02015987 
625 1 18 18 0.0201169 
