44_Aerobics_Aerobics_44_96
25
965 333 35 46 0.9848393 
516 350 16 21 0.95784473 
610 311 33 41 0.86394477 
171 108 41 67 0.38953015 
435 432 59 69 0.27041408 
398 372 97 118 0.117517486 
185 131 25 40 0.10219364 
610 319 20 25 0.084273696 
462 383 27 38 0.068336025 
548 336 15 19 0.046294436 
421 374 36 40 0.04554474 
937 336 31 38 0.03659581 
449 376 27 40 0.033359375 
559 264 26 35 0.030602366 
526 304 27 30 0.03042103 
420 367 63 74 0.02813336 
448 370 52 63 0.024284523 
472 378 28 39 0.023998385 
150 87 66 108 0.023827346 
950 331 34 43 0.023801653 
458 385 16 24 0.022477005 
523 315 18 21 0.022071656 
381 9 159 172 0.021937015 
539 308 15 18 0.021669116 
949 304 28 35 0.020295959 
