44_Aerobics_Aerobics_44_343
53
590 176 29 38 0.9995245 
289 180 36 45 0.9966487 
896 200 23 32 0.9828576 
385 161 21 27 0.90651685 
761 173 17 22 0.5854032 
798 179 11 14 0.35262412 
927 159 13 17 0.2582442 
835 168 14 19 0.21819587 
652 182 23 27 0.20325035 
945 237 12 15 0.19597176 
860 181 13 18 0.11575869 
1002 230 15 20 0.07973428 
974 278 16 21 0.059964016 
687 172 10 13 0.056728236 
527 175 24 33 0.05126683 
734 204 13 16 0.047949232 
661 185 24 29 0.042620774 
733 197 12 16 0.036858268 
940 232 19 26 0.036820486 
683 195 15 18 0.035876293 
663 164 10 13 0.03489417 
652 196 27 32 0.034627285 
805 187 11 14 0.03265181 
853 173 14 19 0.031549633 
962 332 19 22 0.03051503 
793 173 18 23 0.030258084 
673 193 24 27 0.029037232 
820 196 13 15 0.026929265 
1013 362 11 17 0.026729124 
889 220 25 34 0.026620384 
790 224 15 18 0.02651766 
853 184 16 19 0.026488712 
565 178 15 20 0.026230346 
539 184 17 23 0.025690962 
547 186 15 20 0.025160894 
932 242 23 31 0.024310617 
739 209 13 18 0.0243066 
923 159 22 26 0.023890374 
843 170 12 18 0.023550242 
758 143 14 17 0.023189852 
978 270 15 19 0.02256631 
933 253 14 18 0.022363039 
829 156 23 29 0.022219827 
1015 252 10 16 0.02210642 
379 173 27 35 0.021868352 
903 193 26 35 0.021787032 
1004 288 14 18 0.02161131 
-4 436 76 124 0.021552134 
815 180 10 13 0.021336434 
1014 370 10 16 0.02060807 
580 175 25 34 0.020429788 
0 454 43 82 0.02023397 
792 187 11 14 0.020087438 
