44_Aerobics_Aerobics_44_659
21
519 196 30 39 0.99868435 
1000 402 17 21 0.122750275 
918 482 73 85 0.090832196 
902 501 98 118 0.0834542 
588 243 14 19 0.07143059 
522 546 18 18 0.043295957 
829 116 179 251 0.042685013 
978 403 15 19 0.038241394 
19 263 14 20 0.03701415 
645 183 46 61 0.03661395 
791 494 180 227 0.036105543 
1010 409 14 20 0.031725053 
12 249 22 29 0.030564046 
951 496 65 85 0.030152723 
986 398 24 28 0.02870156 
-64 52 501 410 0.0256204 
892 160 108 137 0.025314735 
984 406 46 53 0.024919806 
994 408 26 33 0.023753371 
1011 419 13 19 0.022902336 
984 302 44 64 0.022673283 
