44_Aerobics_Aerobics_44_167
66
885 321 61 78 0.99904734 
891 486 134 192 0.99865097 
611 307 26 32 0.99760675 
683 268 23 30 0.9969626 
374 282 33 43 0.99596786 
272 307 69 97 0.99511766 
792 274 35 46 0.9936982 
926 243 21 31 0.9897321 
178 279 23 27 0.98919487 
844 233 18 21 0.9684295 
959 261 14 17 0.95874417 
573 244 18 22 0.9030796 
1003 266 18 23 0.8824657 
724 262 17 22 0.8656683 
749 246 13 16 0.80770594 
767 272 24 33 0.7038431 
875 258 17 20 0.6873056 
376 265 18 21 0.4137563 
906 279 19 21 0.282184 
375 269 26 34 0.24315573 
989 320 28 37 0.15734738 
870 264 22 28 0.0922804 
976 236 11 15 0.09080878 
774 270 15 20 0.08902584 
993 221 9 11 0.08669918 
998 262 15 20 0.08639259 
754 273 24 36 0.07795457 
828 259 15 20 0.07456989 
780 268 34 43 0.06450684 
949 286 16 21 0.060574908 
567 342 14 17 0.057948083 
1011 261 14 21 0.057429723 
991 261 12 16 0.056256264 
901 282 28 35 0.051571902 
721 132 25 29 0.050562184 
706 136 18 22 0.04892492 
188 375 27 26 0.044544216 
528 352 9 13 0.04227844 
864 272 24 33 0.041295227 
939 350 43 59 0.040243946 
571 348 14 18 0.038904477 
891 289 15 19 0.03644069 
594 103 26 31 0.034262676 
736 269 25 33 0.031684168 
531 67 96 114 0.031605385 
991 254 11 15 0.029790772 
628 134 18 23 0.028371658 
709 130 27 29 0.028024606 
981 232 10 14 0.02789672 
385 266 16 21 0.027605826 
1013 281 12 17 0.02737422 
743 277 25 34 0.026047451 
730 261 24 32 0.02586322 
894 283 47 59 0.02535309 
940 299 14 18 0.024973791 
979 239 14 17 0.024724897 
574 263 14 18 0.024462687 
790 549 95 149 0.024081284 
830 297 16 21 0.022707775 
992 226 11 15 0.022469137 
988 222 19 24 0.022118632 
963 270 14 20 0.021976272 
997 252 12 16 0.021648088 
1015 343 10 17 0.021452246 
882 267 39 48 0.020454729 
981 305 15 20 0.020306714 
