44_Aerobics_Aerobics_44_549
22
441 53 66 87 0.99872273 
801 42 45 60 0.9967259 
245 116 39 48 0.99425125 
562 319 16 25 0.915001 
358 165 14 17 0.27787337 
1007 258 18 36 0.10192474 
345 175 25 28 0.091585256 
607 340 12 15 0.05727396 
686 299 15 17 0.054639045 
596 361 15 22 0.047073174 
352 166 22 28 0.040706024 
547 344 19 22 0.03808662 
340 169 16 20 0.034610823 
611 332 14 16 0.0341115 
318 172 23 31 0.03310968 
307 213 12 16 0.028032755 
552 321 16 21 0.02783695 
541 338 17 22 0.023549749 
998 267 23 34 0.02217731 
691 303 15 18 0.021204492 
318 191 16 21 0.021023171 
1 194 9 15 0.020349309 
