44_Aerobics_Aerobics_44_585
61
819 210 36 50 0.9952676 
531 185 29 37 0.95144546 
179 208 27 37 0.8956359 
594 174 24 29 0.6856146 
307 152 29 32 0.6851241 
282 195 38 51 0.6759767 
127 414 172 284 0.2869257 
347 166 18 23 0.2714449 
245 145 27 34 0.16844402 
269 206 43 61 0.1254695 
322 183 17 22 0.08779139 
309 169 29 35 0.071940996 
282 158 26 35 0.06897102 
254 149 41 51 0.056946557 
257 245 44 63 0.05571833 
256 172 76 101 0.05471579 
665 140 51 61 0.049614627 
185 407 131 189 0.048759975 
273 199 30 39 0.047247034 
290 161 15 21 0.045902282 
347 156 16 22 0.044758797 
295 187 32 42 0.044274412 
249 189 17 24 0.042788688 
170 200 22 29 0.040065438 
248 165 29 42 0.039512895 
261 173 44 57 0.039235342 
154 209 16 19 0.03806002 
286 183 29 38 0.03603271 
188 185 15 18 0.034966066 
249 190 45 56 0.0347465 
293 161 28 34 0.03420377 
343 174 17 24 0.032093596 
277 240 27 44 0.0317513 
341 146 17 20 0.031708244 
170 198 14 19 0.030698722 
182 192 24 31 0.029094422 
794 233 83 112 0.028836235 
325 173 25 31 0.028741326 
48 313 351 479 0.028314391 
240 233 27 36 0.028310895 
124 166 17 22 0.027449118 
361 207 20 30 0.026641153 
265 210 31 41 0.026312934 
240 191 23 31 0.025477186 
630 271 24 31 0.025164703 
243 246 30 42 0.025067497 
853 270 34 49 0.024685612 
622 184 26 35 0.024386125 
252 187 23 34 0.024080332 
917 204 41 53 0.023975331 
101 167 13 15 0.023923323 
271 152 44 55 0.023891954 
253 217 29 37 0.022845436 
100 178 14 19 0.022696827 
257 203 27 33 0.022600671 
289 173 17 23 0.02256335 
323 156 28 33 0.022548467 
630 180 14 18 0.020941159 
182 182 13 14 0.020645542 
346 141 14 16 0.020599363 
558 262 210 354 0.020193402 
