44_Aerobics_Aerobics_44_329
37
324 70 17 22 0.8318917 
942 253 14 20 0.40701988 
83 403 31 34 0.38747606 
873 294 16 23 0.35652834 
947 256 14 21 0.3404109 
684 323 20 27 0.30341208 
678 251 13 18 0.17318048 
85 361 29 36 0.16985433 
820 262 11 15 0.1039623 
502 475 34 37 0.10335905 
804 336 16 25 0.081790514 
948 260 20 28 0.075582504 
837 273 12 16 0.06814678 
516 282 20 28 0.06398882 
675 254 21 32 0.044415794 
809 319 23 31 0.042595237 
45 7 172 209 0.042403802 
699 251 11 15 0.036247544 
811 340 47 55 0.034486845 
311 341 26 40 0.033597387 
826 263 21 26 0.029797807 
820 322 15 18 0.029153261 
502 495 33 37 0.028880907 
293 306 124 139 0.02644265 
634 270 16 19 0.025993504 
685 354 28 45 0.024956113 
935 257 22 29 0.024402967 
316 337 14 20 0.023721034 
696 331 15 20 0.023687068 
688 248 19 27 0.023252508 
815 260 20 25 0.023150837 
842 275 13 16 0.023070073 
828 261 13 15 0.022768619 
680 327 15 21 0.022242311 
45 428 13 17 0.021379216 
809 342 17 21 0.020819558 
959 283 22 30 0.020110074 
