44_Aerobics_Aerobics_44_17
61
824 336 55 71 0.9974795 
377 69 30 34 0.9941203 
273 323 54 62 0.99068767 
159 156 25 29 0.9288383 
216 187 29 39 0.67864597 
494 129 27 29 0.24049406 
385 272 38 37 0.18467548 
679 11 11 15 0.09868035 
46 87 44 53 0.09843703 
180 185 47 47 0.08070619 
134 132 29 37 0.058677725 
484 124 15 18 0.05478627 
481 246 32 34 0.053381763 
484 122 24 30 0.051470157 
140 145 32 40 0.05140084 
197 168 48 54 0.048728645 
673 11 11 14 0.04644646 
515 153 18 23 0.046427518 
481 132 32 36 0.04489722 
419 293 23 28 0.04448319 
478 121 15 18 0.04062718 
218 147 30 33 0.03960169 
495 131 47 49 0.03953485 
155 156 43 46 0.03944391 
137 129 17 21 0.039307285 
271 13 11 14 0.03920034 
637 11 12 16 0.037128888 
591 307 61 49 0.03515925 
474 102 53 62 0.034391105 
507 239 57 55 0.033818673 
186 188 20 22 0.03182324 
149 136 43 50 0.030390672 
147 135 29 33 0.030136999 
382 252 37 39 0.029650938 
509 158 15 19 0.02823417 
523 147 26 37 0.02762892 
228 180 14 18 0.027419664 
335 5 11 13 0.027295055 
171 194 30 35 0.026976595 
491 149 34 34 0.026517646 
226 186 18 26 0.025938943 
107 87 16 21 0.025916766 
410 45 24 30 0.02564798 
732 284 51 70 0.025435068 
361 256 46 49 0.025238294 
520 127 51 70 0.025113778 
498 171 30 36 0.024361705 
417 51 43 55 0.024167094 
327 282 41 54 0.024090352 
221 167 29 36 0.023396377 
295 5 13 16 0.023391433 
254 181 55 64 0.023223357 
510 226 15 18 0.02280874 
474 287 26 31 0.022733048 
231 189 35 43 0.022694321 
210 193 21 28 0.022544175 
49 17 51 56 0.022488704 
147 132 17 19 0.021991927 
311 20 25 33 0.02121889 
-125 -157 415 466 0.020893881 
632 12 12 15 0.02026921 
