44_Aerobics_Aerobics_44_629
27
555 260 50 65 0.9990576 
351 260 56 69 0.99900705 
827 244 48 63 0.99728024 
711 283 53 65 0.9963561 
322 93 40 54 0.99058986 
418 110 23 34 0.36797073 
264 75 25 27 0.12231864 
793 611 41 49 0.07462955 
282 79 13 17 0.05772609 
533 52 227 239 0.053577926 
662 628 26 34 0.048049584 
666 316 34 51 0.045575958 
658 640 17 20 0.045262247 
210 78 15 20 0.04131609 
656 640 27 35 0.036000345 
127 135 342 460 0.035779458 
-84 345 345 470 0.034001898 
686 289 32 48 0.029827522 
667 624 18 21 0.024797007 
515 -68 354 423 0.02357211 
794 641 39 48 0.023228262 
805 614 49 55 0.022950226 
761 293 31 50 0.021368729 
166 208 195 299 0.020821283 
646 660 25 32 0.02077515 
253 89 12 17 0.020448757 
675 306 36 47 0.020161869 
