44_Aerobics_Aerobics_44_332
155
426 305 29 37 0.99824476 
179 305 23 29 0.9703504 
547 303 15 24 0.9702949 
700 308 24 29 0.9626511 
124 301 13 19 0.9535186 
750 305 14 20 0.9435735 
75 301 10 12 0.91932744 
833 303 16 22 0.9171358 
210 299 14 19 0.8594251 
22 294 13 16 0.852236 
299 305 12 14 0.82063144 
768 294 10 14 0.7980325 
394 299 16 22 0.77914286 
987 303 13 17 0.7746639 
655 299 11 14 0.7620089 
870 303 10 13 0.6584597 
238 290 16 20 0.6237616 
533 285 11 14 0.36705223 
384 303 15 21 0.28709757 
50 309 9 12 0.21754405 
333 291 8 12 0.19520403 
934 302 10 12 0.1630369 
36 335 10 13 0.15875176 
329 287 9 13 0.14967929 
230 284 14 20 0.14676629 
524 301 13 18 0.14407735 
940 322 11 17 0.13098875 
645 326 10 14 0.114503786 
143 315 14 17 0.109607406 
311 300 10 13 0.10698412 
262 316 12 16 0.08702376 
933 316 14 18 0.08214768 
296 262 11 13 0.079192 
77 324 10 13 0.073728435 
520 298 11 17 0.07244921 
901 326 11 15 0.06686798 
0 299 7 13 0.06566932 
934 296 10 12 0.062496103 
821 300 15 22 0.06157163 
535 305 14 18 0.05962359 
257 318 10 13 0.05906163 
171 301 17 24 0.058731724 
941 302 10 13 0.05653025 
927 317 13 16 0.056462716 
933 307 13 17 0.056216 
55 305 8 11 0.054001033 
841 299 13 19 0.053972054 
18 -1 439 494 0.05309046 
745 301 14 19 0.05248728 
995 302 11 15 0.0522705 
48 315 10 12 0.05182337 
649 295 9 13 0.05011965 
868 296 11 15 0.050071307 
333 315 12 15 0.050023507 
16 287 10 12 0.049146008 
966 350 12 15 0.049020886 
259 359 13 15 0.04748691 
677 307 11 13 0.046248123 
88 310 10 12 0.04602961 
764 290 17 23 0.045353822 
567 360 12 15 0.045330927 
887 326 10 13 0.044299837 
865 294 9 12 0.04406605 
642 331 9 13 0.04363084 
670 302 10 13 0.04275944 
72 324 10 12 0.042305633 
979 333 14 18 0.04072255 
937 330 9 13 0.038912978 
168 299 12 20 0.03846107 
340 314 12 17 0.037862092 
148 309 13 15 0.03719755 
1006 299 13 17 0.03657536 
903 307 13 16 0.036461134 
93 310 10 12 0.03575492 
538 291 15 19 0.03500509 
783 317 9 12 0.033938482 
161 395 30 37 0.033641018 
767 371 13 16 0.033488315 
273 343 9 12 0.032927543 
96 366 10 12 0.032503802 
319 286 11 14 0.032395814 
856 354 12 15 0.032316476 
197 294 12 17 0.03223589 
65 324 9 12 0.03196855 
861 356 11 14 0.031498946 
62 342 9 11 0.03069045 
970 349 15 18 0.030370863 
819 332 14 17 0.030207573 
959 356 11 14 0.030109668 
976 302 11 15 0.030093335 
652 291 19 24 0.030092925 
711 310 17 24 0.02997144 
316 292 10 13 0.029870259 
316 301 10 13 0.029451944 
930 299 10 13 0.029418392 
725 349 27 29 0.0293165 
378 306 13 17 0.029302131 
895 325 12 15 0.028787216 
672 307 10 13 0.028578602 
947 325 12 16 0.028572075 
630 294 9 12 0.02800192 
64 319 9 12 0.027922772 
533 14 401 459 0.027882107 
326 326 11 13 0.02778625 
70 320 10 13 0.027749196 
646 319 10 14 0.02764765 
846 295 10 14 0.027509166 
928 341 8 11 0.027330741 
935 340 9 12 0.027302328 
855 291 9 13 0.026523853 
510 298 12 16 0.026451614 
641 295 8 11 0.026333278 
62 310 9 11 0.026241785 
303 294 18 23 0.025868641 
333 299 11 14 0.025784547 
945 387 11 14 0.02559152 
857 285 9 13 0.025492609 
101 367 9 13 0.025452878 
231 294 14 17 0.025279762 
96 302 9 12 0.025026452 
102 302 10 12 0.02500989 
700 284 14 15 0.024780992 
694 307 17 25 0.02444136 
149 278 12 16 0.024092427 
151 270 11 14 0.02396266 
919 317 11 16 0.023959817 
864 305 14 16 0.023856638 
940 306 12 17 0.023819048 
816 301 11 16 0.02379768 
639 318 10 14 0.023721993 
45 342 9 11 0.023528604 
901 268 9 13 0.023037812 
525 291 13 18 0.022892172 
245 280 11 14 0.022839937 
224 285 11 16 0.022640023 
847 295 21 27 0.022509212 
864 291 20 24 0.022496413 
120 312 12 15 0.022351738 
42 310 10 12 0.0223502 
996 174 27 44 0.022340503 
304 284 10 13 0.02191456 
995 324 12 17 0.021809507 
775 317 10 14 0.021752428 
310 307 11 14 0.021627277 
110 315 10 13 0.021545306 
855 273 12 16 0.02132426 
324 281 18 25 0.021276025 
530 284 19 25 0.02101683 
318 308 9 13 0.020946782 
692 301 39 48 0.020789377 
1012 454 10 15 0.020708732 
763 349 13 16 0.02066836 
698 290 25 29 0.020548016 
48 324 9 12 0.020546617 
807 426 13 17 0.020330468 
