44_Aerobics_Aerobics_44_443
53
381 261 101 142 0.99953437 
837 403 212 353 0.36010337 
870 791 135 192 0.36007896 
70 304 59 65 0.2608727 
517 1110 41 41 0.24279927 
735 969 303 436 0.2372012 
247 827 56 54 0.21768646 
24 357 127 150 0.19537696 
4 201 37 51 0.17935084 
461 1143 48 66 0.12507536 
34 503 28 41 0.111801416 
427 207 58 62 0.10561744 
-2 458 22 37 0.095127426 
810 703 219 303 0.055998545 
50 295 97 120 0.05465636 
593 1146 44 48 0.054308318 
27 440 28 29 0.05114284 
763 865 234 359 0.044623937 
2 522 29 44 0.04027055 
-44 328 221 271 0.04017653 
502 1083 59 56 0.038679525 
8 210 52 63 0.036414325 
0 458 14 21 0.035664707 
518 1126 32 43 0.034046665 
18 512 44 58 0.032775536 
468 1139 31 44 0.03227985 
113 558 38 45 0.031021064 
30 551 48 58 0.030492183 
63 480 26 30 0.02974487 
-72 122 326 423 0.02852332 
41 403 73 76 0.027581625 
516 1097 34 37 0.02728421 
86 179 32 39 0.026703991 
24 457 26 31 0.025831249 
12 503 87 111 0.02573097 
68 435 32 35 0.025704265 
7 437 108 134 0.025492357 
902 602 123 121 0.02523172 
31 404 17 18 0.024368409 
20 179 50 60 0.024229938 
323 1248 15 17 0.02312791 
101 552 33 47 0.022739746 
52 507 27 32 0.02171989 
72 189 33 39 0.021534184 
13 515 28 40 0.021338355 
74 488 20 26 0.021324387 
0 474 26 36 0.021298874 
703 953 180 265 0.020862913 
38 503 48 56 0.020829974 
3 446 27 38 0.020638684 
493 1130 53 61 0.020460678 
898 874 116 141 0.020434141 
36 473 18 19 0.020310098 
