44_Aerobics_Aerobics_44_339
23
515 138 31 43 0.9996013 
132 41 59 73 0.99939346 
811 52 47 63 0.9986205 
365 138 41 52 0.9921753 
665 166 25 34 0.9910643 
253 161 29 38 0.9171154 
4 202 22 29 0.41539747 
613 192 26 36 0.08874233 
707 299 29 36 0.074933365 
230 145 44 59 0.067586474 
893 157 27 34 0.04830077 
696 234 25 35 0.046840888 
604 181 29 38 0.04478932 
213 151 32 40 0.042577013 
405 172 25 34 0.038768988 
715 233 28 36 0.038153328 
691 220 28 38 0.031518247 
700 250 16 22 0.02815402 
57 189 41 54 0.028023303 
65 202 15 19 0.024877703 
503 383 27 33 0.022788603 
399 175 18 22 0.020577632 
0 190 39 49 0.020236477 
