44_Aerobics_Aerobics_44_127
44
786 253 38 53 0.9814503 
717 237 29 41 0.21105665 
90 268 34 51 0.0720454 
245 297 14 18 0.06324244 
317 310 11 15 0.05325563 
533 306 13 19 0.04521485 
675 384 18 24 0.0426469 
614 285 26 40 0.042131484 
232 373 21 33 0.040041327 
929 358 10 11 0.03943636 
955 42 51 61 0.03928358 
851 140 14 18 0.037502427 
1005 369 14 19 0.037003897 
795 154 23 30 0.03632216 
904 366 8 11 0.035752073 
222 369 40 52 0.035150822 
501 274 11 16 0.035033338 
284 393 15 21 0.033824924 
1001 371 11 14 0.03227593 
560 125 52 56 0.030910108 
292 312 13 19 0.03082689 
230 377 15 21 0.02832137 
160 256 42 54 0.028317904 
836 249 30 49 0.027619325 
943 359 10 11 0.026843397 
934 358 10 11 0.025542855 
492 305 16 20 0.025362676 
807 248 43 59 0.025293514 
897 366 8 11 0.02433495 
1013 357 9 14 0.024086323 
768 240 44 62 0.024083937 
604 274 47 64 0.023991674 
942 364 11 13 0.023020426 
539 304 14 20 0.022923516 
667 244 56 58 0.022886384 
233 391 27 37 0.02189504 
621 287 12 18 0.02187971 
262 418 12 16 0.021633673 
656 273 35 38 0.021329237 
666 218 19 20 0.021202588 
614 292 14 21 0.020816052 
541 -9 364 476 0.020579549 
308 377 16 20 0.020398125 
661 385 34 33 0.020338641 
