44_Aerobics_Aerobics_44_216
107
728 65 23 30 0.96976066 
334 244 34 42 0.7824595 
793 81 16 18 0.5603368 
581 138 27 30 0.5354619 
236 393 13 15 0.5273372 
81 473 14 19 0.35718304 
732 76 29 33 0.22564588 
324 340 12 15 0.20027228 
152 384 21 32 0.19009042 
174 426 30 39 0.13202609 
795 64 64 70 0.118866675 
797 78 24 26 0.09380022 
771 37 241 258 0.09094484 
159 393 30 31 0.08705388 
764 60 11 17 0.07773832 
567 166 27 37 0.07597869 
746 67 25 35 0.0740443 
164 404 35 44 0.069302924 
830 63 128 148 0.067087375 
202 380 15 24 0.06285882 
803 69 42 38 0.06145428 
563 151 44 63 0.058407385 
403 187 14 18 0.05504114 
341 257 41 46 0.054344118 
316 363 12 15 0.051672637 
636 5 427 529 0.049849242 
756 64 25 33 0.04822591 
577 146 34 39 0.045621872 
377 198 35 50 0.045558047 
591 142 33 37 0.04351311 
250 329 16 20 0.043391593 
181 431 50 56 0.04193696 
110 529 14 18 0.04018507 
571 170 16 22 0.03960491 
206 57 391 428 0.039147858 
829 21 32 37 0.03866365 
330 363 33 33 0.03828661 
204 375 24 33 0.03817546 
798 31 61 52 0.03805862 
727 61 15 22 0.037537906 
271 211 422 492 0.036227647 
251 415 15 19 0.035720162 
235 396 25 28 0.035408553 
223 409 14 17 0.035382904 
0 344 17 22 0.03512511 
836 18 17 21 0.034914564 
607 112 24 34 0.03448216 
149 378 16 25 0.03348799 
612 119 14 20 0.033483647 
678 129 17 22 0.03293442 
216 384 24 31 0.03285847 
717 70 26 32 0.03285656 
740 92 17 22 0.032545846 
782 60 48 52 0.031516694 
220 392 14 19 0.031073278 
399 183 23 29 0.030723505 
790 84 30 35 0.02957826 
204 372 14 20 0.027431093 
5 339 23 29 0.027381696 
389 189 26 31 0.027288044 
770 29 99 93 0.027251123 
744 84 31 36 0.027099403 
243 408 16 21 0.026684627 
411 185 18 21 0.026626715 
5 390 28 32 0.026222771 
195 365 23 33 0.026171025 
259 323 16 19 0.02604475 
98 500 14 17 0.026018832 
317 340 24 30 0.025942462 
197 386 15 22 0.025695724 
812 75 70 79 0.025482597 
124 478 13 16 0.025415933 
651 91 15 19 0.024623383 
480 249 51 56 0.024231372 
635 97 28 32 0.023787888 
576 128 21 32 0.02360821 
433 211 58 55 0.023225483 
-2 417 181 223 0.02306502 
796 95 32 40 0.022781469 
591 114 30 42 0.022706714 
392 199 31 41 0.022678135 
418 223 54 56 0.022654768 
667 124 26 33 0.022562781 
643 88 25 31 0.022432985 
178 538 18 25 0.022423401 
584 146 53 65 0.02232842 
636 105 17 20 0.022228498 
466 212 63 56 0.022225859 
321 355 28 32 0.022217274 
604 113 16 22 0.021920687 
100 409 16 20 0.021902906 
167 375 99 109 0.02185478 
797 55 33 36 0.021803811 
176 326 95 107 0.021773422 
354 221 41 50 0.02173117 
179 385 30 33 0.021504615 
200 364 48 52 0.021224264 
7 449 102 136 0.021168573 
605 143 34 39 0.021086821 
489 247 30 34 0.020964505 
54 448 43 55 0.020880152 
327 235 25 42 0.020537857 
218 379 18 23 0.020424347 
667 105 15 20 0.02034393 
217 401 25 31 0.020332983 
355 268 39 39 0.020195056 
831 34 39 44 0.020037148 
