44_Aerobics_Aerobics_44_246
87
273 607 58 72 0.99965334 
775 644 57 72 0.9994824 
658 640 60 75 0.9992694 
791 1029 36 43 0.99917716 
243 1180 21 30 0.99113375 
547 174 38 49 0.8929663 
102 1205 12 17 0.8085339 
881 149 11 14 0.6786704 
10 1203 13 16 0.67364156 
383 195 11 14 0.40365776 
485 1152 40 61 0.28746212 
317 1215 11 15 0.20740291 
78 1211 9 13 0.16125551 
635 199 12 16 0.15570033 
200 23 111 88 0.13382526 
170 1200 15 18 0.12128944 
217 1190 16 21 0.11413405 
185 1212 10 14 0.11088832 
339 223 14 18 0.10732774 
324 213 14 17 0.1072652 
55 15 51 66 0.09129631 
764 160 24 36 0.09097498 
324 215 23 27 0.08635868 
829 153 13 18 0.07937929 
43 73 175 209 0.07719124 
387 196 12 15 0.07579138 
675 175 24 29 0.07142415 
107 36 59 65 0.070857726 
389 202 12 16 0.06623058 
424 1171 30 37 0.06580934 
93 1207 15 19 0.057975743 
13 1217 11 14 0.054435432 
536 -32 416 526 0.04788058 
932 221 25 31 0.04677798 
764 147 15 21 0.04674492 
87 1211 11 14 0.044084094 
40 -4 56 55 0.043620266 
186 1217 14 19 0.04205307 
5 227 21 30 0.041959323 
183 1206 10 14 0.04097244 
308 1188 14 17 0.040515855 
78 1218 11 14 0.03890163 
448 1155 26 40 0.0378573 
979 715 12 18 0.03490263 
404 1208 13 17 0.033560015 
71 27 58 69 0.033098307 
406 212 13 16 0.032941878 
3 247 13 21 0.032450113 
99 1246 14 20 0.032424364 
73 1207 9 13 0.03233158 
341 201 12 16 0.031335905 
380 196 20 25 0.030909961 
143 530 111 134 0.030478993 
804 195 16 17 0.028396325 
336 1209 11 16 0.02818825 
335 193 15 19 0.027491871 
124 22 53 61 0.027188597 
220 1198 16 19 0.02712153 
47 0 33 34 0.026944028 
93 1218 12 17 0.026229227 
401 1206 10 14 0.026019726 
126 48 54 76 0.025195738 
774 172 23 32 0.025076186 
63 1248 12 16 0.024664873 
945 227 14 16 0.023640301 
0 1231 9 12 0.023537291 
330 197 22 27 0.02340417 
246 1178 13 18 0.023241526 
172 1207 15 18 0.023111427 
188 1207 11 15 0.023078335 
86 1218 12 15 0.022642028 
438 1169 34 40 0.022359096 
106 1198 13 18 0.02227716 
106 31 37 46 0.022267066 
232 1187 22 27 0.02196157 
9 1217 9 14 0.021844206 
77 1203 19 26 0.021814182 
270 1200 23 30 0.021557758 
153 2 36 51 0.021452002 
0 1236 9 13 0.021253312 
339 212 14 17 0.021205725 
852 693 10 17 0.021132648 
16 1264 9 11 0.020915525 
96 1251 11 15 0.020437349 
33 1243 10 13 0.020297088 
283 1291 19 19 0.020246934 
100 1212 15 21 0.020171966 
