44_Aerobics_Aerobics_44_597
30
327 346 25 31 0.9942536 
564 316 23 29 0.99424815 
780 284 36 48 0.99142116 
417 320 42 53 0.989061 
1 313 45 46 0.9801737 
727 330 23 31 0.9151398 
152 342 13 19 0.8176489 
966 316 28 29 0.80049616 
106 348 21 26 0.7600993 
929 309 16 19 0.1183467 
123 348 15 20 0.10980716 
716 317 39 55 0.087059356 
895 353 14 17 0.083491154 
598 312 14 17 0.050087642 
730 323 17 22 0.040808354 
757 294 30 35 0.031962596 
984 319 19 23 0.03172554 
29 313 36 45 0.03153592 
835 330 24 30 0.029530803 
678 286 78 106 0.029342 
635 249 33 35 0.028747618 
119 353 26 28 0.026217181 
336 357 26 31 0.025175283 
147 680 16 19 0.025093528 
768 286 31 39 0.024203658 
575 315 24 32 0.024074474 
725 310 28 38 0.023457732 
595 280 25 31 0.022243414 
288 414 11 13 0.022204163 
825 299 22 32 0.020306917 
