44_Aerobics_Aerobics_44_937
20
303 165 251 331 0.99976104 
215 328 543 442 0.75718623 
408 1081 228 283 0.13876495 
678 981 116 138 0.08887043 
536 707 402 535 0.079285376 
252 8 70 76 0.072476625 
333 992 381 432 0.06585878 
12 58 29 31 0.055879362 
514 486 472 542 0.044723872 
41 249 25 32 0.03719135 
251 35 44 43 0.034382246 
30 913 14 19 0.03427636 
236 -2 110 128 0.030714005 
505 1000 355 438 0.02998783 
306 1004 269 284 0.028598418 
36 908 13 18 0.025671117 
34 417 28 39 0.024090316 
144 933 265 274 0.02281303 
148 841 419 435 0.021066066 
203 1 55 64 0.020976027 
