2_Demonstration_Demonstration_Or_Protest_2_242
66
161 523 59 84 0.92236674 
18 488 31 33 0.89327425 
803 337 55 86 0.6847772 
269 505 31 40 0.65701234 
781 310 12 16 0.19225743 
263 597 32 37 0.14344043 
761 450 17 20 0.13028653 
1 501 10 14 0.11434313 
469 76 9 13 0.113889806 
255 509 33 42 0.06774351 
226 472 19 25 0.06446694 
424 551 27 47 0.056695525 
749 430 11 14 0.056584146 
3 534 14 22 0.05423932 
753 455 25 27 0.053480275 
563 588 110 141 0.051810414 
487 71 11 13 0.050495572 
494 344 31 39 0.047950853 
60 464 15 22 0.046300642 
18 173 11 13 0.046029508 
773 416 16 19 0.044375625 
463 82 10 14 0.044149548 
763 401 24 31 0.039066643 
332 502 31 39 0.038957484 
1 542 21 37 0.038167447 
715 531 14 19 0.03666259 
796 342 91 122 0.035773538 
815 378 138 182 0.035681866 
942 367 13 17 0.033051245 
209 464 28 30 0.032060802 
96 627 31 32 0.03138477 
572 360 35 33 0.031369474 
4 493 11 18 0.030551298 
9 469 22 34 0.029781744 
214 511 88 124 0.029243706 
13 512 13 18 0.028867278 
207 471 16 20 0.027977549 
797 450 14 19 0.027558375 
254 510 85 117 0.027402276 
847 443 138 163 0.02736441 
0 557 14 22 0.026994657 
4 477 40 57 0.02662803 
764 422 14 18 0.025424644 
224 216 7 8 0.025325049 
275 493 44 55 0.025186889 
881 396 115 131 0.024489485 
8 189 8 10 0.024312397 
344 646 36 46 0.024219701 
156 546 41 51 0.023742931 
18 473 16 22 0.023127617 
780 388 108 153 0.023102444 
818 267 15 17 0.023082336 
1 485 22 32 0.022678746 
805 497 121 121 0.022549791 
781 341 52 76 0.022518052 
210 471 197 216 0.022460394 
7 505 12 17 0.022276158 
260 488 34 48 0.02220831 
8 183 9 11 0.022000741 
802 350 13 22 0.021339541 
102 496 29 42 0.021335995 
248 509 54 67 0.021214662 
342 619 37 42 0.021158753 
758 411 21 28 0.020380348 
0 198 7 10 0.020294528 
859 347 57 65 0.020139912 
