2_Demonstration_Political_Rally_2_791
182
393 348 66 79 0.99854714 
647 272 71 91 0.99806243 
204 406 77 96 0.9971206 
404 137 57 80 0.9960452 
778 367 67 86 0.9950059 
590 32 73 93 0.99478614 
542 294 75 92 0.9941393 
995 520 24 31 0.9902598 
488 539 39 43 0.98065245 
320 468 31 35 0.9795558 
23 543 36 46 0.97265446 
40 466 26 30 0.9725116 
925 494 20 26 0.9578965 
960 513 24 27 0.9574736 
861 523 24 30 0.9054259 
961 428 23 30 0.8980807 
331 541 39 46 0.8045753 
681 516 30 44 0.7712504 
58 439 19 24 0.6921458 
973 389 22 28 0.6109731 
586 481 23 31 0.5999933 
35 421 23 30 0.5131488 
15 508 23 31 0.5105464 
1003 409 19 26 0.5057496 
628 464 48 61 0.35647142 
475 518 26 31 0.35016206 
50 3 93 152 0.3442323 
1002 495 21 31 0.3401615 
720 522 47 53 0.3322863 
293 398 78 102 0.3195179 
396 524 36 40 0.24251345 
654 485 29 36 0.24115475 
706 463 16 23 0.22845553 
698 513 30 45 0.20401788 
486 42 52 70 0.16926536 
944 253 28 33 0.1630696 
893 493 14 21 0.16275245 
1012 464 12 19 0.16273662 
85 472 15 22 0.15960976 
625 483 29 37 0.1562567 
46 516 22 27 0.14999329 
32 455 23 32 0.1440997 
127 522 26 32 0.1436624 
983 389 17 24 0.1341052 
484 525 30 33 0.13234505 
83 514 25 30 0.11581679 
1004 442 17 20 0.11195672 
1012 472 14 23 0.106294386 
670 521 49 60 0.10269799 
917 535 24 30 0.10017579 
626 501 18 22 0.09795479 
1004 433 16 20 0.09782682 
961 335 16 21 0.09768137 
995 342 23 29 0.09343436 
690 480 15 22 0.088512205 
613 470 15 20 0.08843623 
981 301 14 20 0.08728121 
947 471 14 20 0.08533701 
28 451 17 19 0.08201453 
349 370 14 18 0.07989328 
891 222 26 29 0.079882786 
611 466 24 33 0.07950753 
105 454 16 22 0.07943351 
383 529 30 36 0.07461908 
1010 490 14 22 0.07295458 
994 339 16 20 0.07178751 
78 391 22 29 0.06789066 
33 402 25 33 0.0674495 
940 547 33 39 0.06732419 
825 545 35 43 0.06508999 
0 501 17 23 0.06264121 
334 370 15 19 0.060206547 
880 518 22 29 0.059738826 
1010 451 13 19 0.059198946 
991 60 26 34 0.057382762 
324 392 29 37 0.05595242 
616 473 28 38 0.05545704 
29 431 25 31 0.0549542 
692 469 25 34 0.054898657 
349 533 45 52 0.05354858 
305 426 38 51 0.05325425 
37 397 16 18 0.052187063 
9 2 169 218 0.050003592 
637 458 32 43 0.04936486 
670 429 15 19 0.048785064 
939 350 14 21 0.048103355 
860 497 15 20 0.04786113 
967 394 17 21 0.04576604 
988 207 17 23 0.04574034 
934 255 25 33 0.044587716 
1000 418 22 31 0.04425301 
993 395 21 28 0.044080857 
26 470 27 34 0.04373142 
959 84 29 36 0.043725464 
393 487 36 44 0.042691983 
387 507 36 42 0.041830644 
295 209 34 37 0.041493844 
379 538 17 21 0.041474197 
85 475 23 30 0.041245896 
107 489 15 21 0.041022748 
1004 337 16 22 0.040449202 
23 315 14 17 0.039582644 
98 482 25 34 0.039233632 
957 363 22 30 0.03913105 
962 344 17 22 0.038774878 
710 518 39 45 0.038024746 
331 400 18 22 0.037746716 
115 519 27 38 0.037641607 
64 565 25 28 0.03733579 
26 461 19 24 0.03670334 
944 324 14 19 0.03638626 
951 248 22 25 0.03580236 
986 449 17 22 0.03512658 
659 495 47 59 0.034585886 
665 499 18 23 0.034446895 
321 55 29 39 0.03415766 
957 418 15 19 0.033688605 
348 504 18 23 0.033648808 
53 358 28 35 0.033146653 
1015 371 11 18 0.031156193 
963 372 23 31 0.031107835 
995 443 20 26 0.03040905 
310 437 52 67 0.030067695 
1000 508 22 34 0.02979344 
611 440 80 99 0.028898863 
990 349 18 23 0.02889826 
88 489 29 35 0.028643766 
122 438 47 66 0.028440526 
595 476 26 34 0.028124847 
778 -1 35 30 0.027866334 
285 71 83 129 0.027811063 
77 529 13 19 0.027277453 
946 324 21 28 0.026832992 
971 367 28 37 0.026749691 
626 522 17 22 0.026575465 
978 296 25 31 0.026267558 
777 214 10 15 0.02606106 
472 531 31 39 0.025997745 
374 537 30 35 0.025945649 
959 350 23 30 0.025505798 
934 258 14 19 0.025442272 
1011 342 14 22 0.02469904 
886 402 28 33 0.024570562 
670 474 28 38 0.02439197 
69 429 23 29 0.024377266 
70 531 14 19 0.024232809 
312 99 51 73 0.023857977 
444 489 27 34 0.023776298 
4 493 24 32 0.023592742 
982 486 22 30 0.023436006 
338 367 21 26 0.023299383 
924 487 17 20 0.02307647 
637 508 30 34 0.022888122 
868 516 25 31 0.022881767 
889 525 16 23 0.022496194 
986 66 19 22 0.022488028 
26 93 60 108 0.022459958 
929 245 44 53 0.022326596 
885 429 12 16 0.022274625 
13 538 33 40 0.02218712 
953 519 30 37 0.022087077 
984 432 23 30 0.021830522 
530 548 14 17 0.02181006 
915 482 16 18 0.02152895 
103 517 26 33 0.021487113 
641 473 18 22 0.021379555 
746 154 49 79 0.021328488 
342 493 43 52 0.021280183 
149 266 26 35 0.021257618 
939 250 16 21 0.021141643 
4 314 28 38 0.021050913 
297 51 57 79 0.020983128 
106 448 25 33 0.020951053 
47 11 54 99 0.020915575 
980 483 16 19 0.02089833 
953 471 16 20 0.020883339 
348 364 22 31 0.020614715 
971 355 15 19 0.020410985 
971 434 24 31 0.020291725 
737 539 35 42 0.02003041 
963 85 17 21 0.020028265 
850 192 16 20 0.020025903 
