2_Demonstration_Protesters_2_57
85
385 235 36 45 0.9995938 
711 190 31 42 0.99884653 
222 228 40 44 0.9976133 
28 238 35 45 0.9973416 
516 262 29 35 0.9957681 
71 222 40 46 0.98173136 
933 264 23 33 0.86363345 
653 242 22 29 0.6558962 
943 271 31 45 0.59098524 
152 285 28 43 0.57398987 
362 263 23 30 0.54664755 
885 224 28 47 0.52335584 
471 267 22 33 0.3633584 
482 267 26 35 0.19544236 
902 181 10 13 0.14716397 
570 297 26 32 0.1314276 
835 175 11 15 0.105334856 
869 223 34 54 0.09062846 
501 250 14 18 0.08773883 
461 267 21 31 0.08764134 
984 272 22 34 0.07740465 
951 283 35 46 0.06811641 
992 265 22 38 0.0649613 
436 273 27 32 0.061855122 
879 207 30 48 0.059571646 
163 302 18 25 0.052851997 
498 269 24 32 0.052475214 
501 274 14 20 0.049228005 
430 492 14 19 0.048740298 
143 264 45 71 0.04829634 
685 551 8 10 0.045922443 
583 308 23 34 0.045913972 
584 221 9 11 0.04460972 
4 326 48 87 0.04293561 
901 229 12 21 0.038326155 
558 295 45 52 0.037495732 
582 216 9 11 0.035226572 
991 266 14 23 0.03376672 
449 269 24 31 0.033623666 
462 3 95 115 0.033300713 
980 282 15 20 0.033198744 
609 195 12 16 0.03302827 
963 275 26 35 0.032145765 
505 245 14 17 0.03164708 
508 259 24 31 0.030342728 
570 221 9 11 0.030089188 
822 249 13 18 0.029685477 
454 273 14 19 0.029665967 
609 188 12 16 0.028565196 
593 189 8 11 0.028490255 
664 241 17 24 0.028322157 
1000 260 21 36 0.028166873 
496 596 11 13 0.027812013 
635 245 22 28 0.027601346 
108 204 27 30 0.027205555 
50 235 44 49 0.026375808 
646 247 17 23 0.026083043 
898 235 17 27 0.025673939 
471 491 11 14 0.025223648 
1006 298 12 17 0.025112776 
895 186 14 17 0.024723478 
542 254 437 503 0.02448796 
645 199 14 20 0.023340454 
502 246 22 28 0.022603812 
369 256 32 35 0.022310074 
982 589 14 15 0.022310026 
541 222 10 13 0.022161173 
535 220 11 14 0.02186263 
831 169 20 27 0.02174048 
467 276 31 45 0.021737471 
462 311 13 19 0.021273144 
572 293 18 19 0.020814635 
607 150 47 57 0.020779403 
928 270 14 22 0.02066937 
1005 211 14 19 0.020658812 
115 545 17 18 0.020579971 
451 471 30 36 0.020520503 
638 245 12 17 0.020485952 
813 37 14 17 0.02044401 
557 282 12 16 0.020361282 
933 261 15 23 0.020305606 
618 271 14 21 0.020302935 
511 219 12 14 0.02027238 
630 210 13 18 0.020224495 
573 228 9 11 0.020156525 
