2_Demonstration_Demonstration_Or_Protest_2_615
89
759 255 28 34 0.9990206 
429 248 34 41 0.99896574 
3 266 31 40 0.998906 
288 219 33 43 0.9978771 
896 242 32 39 0.99768543 
559 243 25 31 0.9971348 
825 249 29 36 0.99672914 
37 248 34 43 0.99662775 
942 243 32 38 0.9964271 
117 248 36 45 0.9956827 
611 258 24 31 0.99416155 
507 269 24 32 0.99241287 
675 256 21 25 0.9151484 
653 269 22 29 0.4940597 
720 266 20 27 0.48985115 
533 244 21 27 0.26661497 
375 214 35 45 0.25994843 
177 249 26 33 0.1968833 
491 240 22 26 0.14534926 
625 263 17 23 0.10904331 
661 261 22 27 0.09661862 
590 293 14 18 0.09563826 
426 221 18 20 0.07858779 
531 237 18 21 0.077441074 
730 266 16 21 0.06028489 
194 255 17 23 0.060225185 
35 164 12 14 0.056809288 
584 187 10 13 0.049170192 
564 191 10 12 0.044618506 
980 257 16 20 0.042164918 
701 278 16 21 0.04069145 
426 228 27 34 0.038901366 
344 194 51 68 0.037662275 
635 252 14 17 0.03744652 
574 274 11 16 0.036860436 
206 161 14 15 0.036837954 
340 214 30 43 0.03668526 
497 253 24 30 0.036552444 
499 237 16 21 0.036546133 
711 269 19 27 0.03625429 
546 249 23 29 0.036178272 
172 250 19 26 0.035797484 
347 177 30 37 0.03535141 
358 186 34 41 0.034810394 
539 228 14 16 0.034798566 
231 193 13 16 0.034207154 
853 257 26 29 0.033782065 
587 250 16 19 0.032934085 
367 197 34 42 0.03136459 
509 236 12 17 0.031209271 
794 227 24 36 0.030960951 
517 206 12 14 0.02996109 
516 230 23 28 0.02936341 
532 227 16 19 0.028712984 
486 163 11 13 0.02755528 
1011 399 12 18 0.027403157 
633 265 14 19 0.027264966 
492 196 10 11 0.026042078 
149 251 13 18 0.025535842 
524 226 15 17 0.025521524 
677 234 14 16 0.025404759 
255 194 12 14 0.025018051 
1006 429 18 33 0.02486721 
620 245 14 18 0.024616774 
410 231 44 53 0.024609288 
986 262 16 19 0.024559181 
638 173 416 472 0.02446057 
340 222 18 23 0.024437776 
166 257 14 21 0.024310838 
652 262 18 21 0.024190811 
669 238 13 15 0.024169771 
662 238 12 16 0.023566427 
619 255 15 18 0.023530489 
417 206 11 14 0.022972709 
614 275 28 33 0.02238439 
533 220 14 18 0.022268191 
499 229 14 17 0.022190565 
682 333 11 14 0.022009365 
538 284 19 22 0.021917557 
306 263 15 19 0.02190245 
669 244 22 30 0.021695327 
500 221 12 15 0.021350218 
535 214 11 13 0.020868303 
536 190 8 11 0.020771198 
510 229 12 16 0.020513676 
866 225 14 16 0.020363282 
139 289 25 32 0.020180864 
19 257 31 40 0.02016873 
525 205 9 12 0.02010327 
