2_Demonstration_Political_Rally_2_659
80
34 242 104 116 0.9998363 
731 238 50 59 0.9988984 
192 275 35 49 0.99789834 
497 190 144 150 0.99731416 
163 288 26 33 0.99694556 
960 242 65 80 0.9968232 
-1 324 33 42 0.9893882 
367 272 20 26 0.9385285 
231 282 27 47 0.9348054 
458 266 46 56 0.4838854 
407 278 15 21 0.43711722 
209 276 38 54 0.36096612 
1 293 21 25 0.33658558 
259 248 30 33 0.16736774 
864 254 41 62 0.15913394 
771 211 37 45 0.13063681 
167 277 37 49 0.091606185 
340 274 15 19 0.09062704 
0 657 21 56 0.08988062 
896 221 22 33 0.078378506 
428 410 24 30 0.0707805 
338 278 22 26 0.06429165 
139 289 26 34 0.062794454 
736 206 9 11 0.06146468 
841 257 48 63 0.061072152 
406 272 11 15 0.05584443 
267 257 31 39 0.055653792 
894 227 14 20 0.048193514 
933 258 33 46 0.046116233 
1 260 8 15 0.044406477 
892 264 53 71 0.04404179 
445 223 228 253 0.039127525 
437 276 10 14 0.03879238 
209 241 25 34 0.037979938 
255 251 15 19 0.036332045 
274 243 27 33 0.035187356 
885 221 24 32 0.034674358 
718 246 12 19 0.03320794 
872 210 10 13 0.032961592 
620 111 24 29 0.0327996 
431 417 15 18 0.032770507 
586 104 29 34 0.032415736 
765 221 48 61 0.03115985 
447 269 11 15 0.031123305 
901 198 12 14 0.031001974 
934 239 29 43 0.030882401 
798 165 10 14 0.03014588 
420 277 11 16 0.029864457 
882 232 28 41 0.029612467 
335 281 15 20 0.029408766 
826 174 17 21 0.028396212 
906 220 14 19 0.028335443 
192 300 33 45 0.02818937 
452 259 36 46 0.027551698 
741 183 10 12 0.027357906 
400 277 12 16 0.02715682 
389 276 13 18 0.026846014 
359 277 20 26 0.026721844 
894 204 11 15 0.026633661 
236 297 32 45 0.026494835 
454 235 89 105 0.025417196 
718 242 31 39 0.024908094 
333 270 14 18 0.024574392 
886 186 13 18 0.024454048 
345 287 17 21 0.024391571 
918 223 39 53 0.024312595 
912 255 51 68 0.023702158 
779 234 48 63 0.023099711 
412 274 20 26 0.023040762 
781 177 12 15 0.022795742 
939 255 59 72 0.022765085 
903 217 27 36 0.022242269 
241 281 32 43 0.02087762 
18 298 15 19 0.02084382 
891 241 45 63 0.020748882 
390 289 15 19 0.020664733 
397 283 21 26 0.020583201 
452 622 27 34 0.020529889 
158 290 19 26 0.020275054 
244 258 37 49 0.020144586 
