2_Demonstration_Protesters_2_345
81
439 66 58 80 0.99961144 
680 87 68 76 0.99946254 
250 42 65 75 0.9984257 
602 161 30 47 0.46313962 
821 115 40 60 0.2402254 
548 166 32 50 0.19423708 
418 512 8 10 0.15489246 
499 521 8 9 0.14128262 
480 520 8 10 0.1294211 
150 46 13 17 0.09692404 
449 512 8 11 0.092971474 
620 141 15 19 0.089197114 
196 64 33 45 0.08128311 
377 94 45 63 0.07848344 
616 154 29 45 0.076362535 
235 11 37 41 0.0656835 
545 184 45 57 0.06402616 
167 43 9 12 0.058175474 
147 43 22 26 0.05426528 
742 652 110 120 0.05129968 
473 480 8 9 0.049253434 
617 138 23 34 0.04856461 
917 123 10 14 0.045635715 
437 477 8 10 0.043667816 
270 356 34 43 0.043079745 
175 44 9 12 0.042189814 
505 192 52 70 0.04135569 
486 520 8 10 0.04124644 
1012 4 10 17 0.040187962 
437 516 8 11 0.040045872 
450 487 7 9 0.03994526 
238 12 60 79 0.039613236 
773 390 35 33 0.038777635 
206 31 12 15 0.038399056 
190 43 10 12 0.03813465 
440 513 8 11 0.038068045 
392 510 7 10 0.03742028 
183 44 10 12 0.03475329 
475 520 9 10 0.033964705 
200 38 8 13 0.03343828 
781 139 15 17 0.033054646 
456 518 8 10 0.03261733 
465 479 7 9 0.03254969 
854 79 14 18 0.032296177 
541 519 8 11 0.032244567 
529 481 9 10 0.0321298 
605 181 27 47 0.031991623 
101 268 44 66 0.031081822 
527 521 7 8 0.030827371 
551 152 32 43 0.029206578 
521 521 7 8 0.028560223 
602 134 24 30 0.028227372 
455 487 7 9 0.027849188 
599 132 11 16 0.027795354 
550 502 52 70 0.026799932 
734 466 134 151 0.02661507 
538 521 7 9 0.026264373 
150 40 10 13 0.026042126 
599 197 28 41 0.02532483 
539 180 29 44 0.024670547 
778 152 17 21 0.024306946 
549 201 13 20 0.024240907 
121 46 10 12 0.024208859 
631 128 24 36 0.024015946 
585 174 41 52 0.024013426 
637 129 14 21 0.023985937 
837 114 34 49 0.023736954 
920 108 11 13 0.023652513 
413 447 10 11 0.023545446 
543 163 24 36 0.023405174 
623 142 29 44 0.023251636 
340 184 14 16 0.023154048 
448 463 9 11 0.022190366 
841 149 52 71 0.021831438 
4 101 51 63 0.021547543 
600 126 11 15 0.021455651 
219 52 58 70 0.02142732 
373 504 9 11 0.021314444 
358 503 9 12 0.02121596 
768 131 47 54 0.02059953 
477 480 8 9 0.0202168 
