2_Demonstration_Protesters_2_91
79
962 209 33 41 0.99938 
342 242 23 29 0.9842265 
785 242 19 24 0.9349445 
396 242 17 22 0.8412351 
589 307 26 33 0.7474536 
633 251 11 15 0.6858841 
592 258 13 16 0.537597 
817 248 19 23 0.5175515 
658 272 16 21 0.4972166 
534 249 14 20 0.40938693 
541 244 12 16 0.27493814 
314 310 17 18 0.24005276 
535 257 17 21 0.2030312 
8 65 174 290 0.19180654 
759 462 54 49 0.16621114 
526 249 13 18 0.11909421 
922 224 15 18 0.11490105 
730 256 17 21 0.10930524 
255 182 8 10 0.07414943 
859 218 17 22 0.0683377 
666 273 14 19 0.06745478 
724 461 52 51 0.063572116 
532 276 13 16 0.062076356 
903 247 14 17 0.060561072 
519 249 12 17 0.059409615 
901 262 29 40 0.058892675 
814 462 31 44 0.056188155 
534 240 13 16 0.052203707 
601 234 10 14 0.04642773 
547 249 12 16 0.04567138 
806 248 23 28 0.04370401 
668 26 14 16 0.043469835 
535 322 11 13 0.041733623 
239 189 9 11 0.04055298 
614 189 8 10 0.039531805 
636 255 14 18 0.0368197 
341 237 16 22 0.036572214 
812 218 15 18 0.0359175 
622 277 13 15 0.035000097 
820 216 16 19 0.03492498 
902 249 22 29 0.0335725 
623 261 11 14 0.032568913 
803 217 16 21 0.031310115 
925 362 27 31 0.030223098 
828 286 26 34 0.027119001 
603 261 11 15 0.027031353 
575 276 11 15 0.02653794 
734 198 12 13 0.026293669 
609 190 8 10 0.026270129 
860 229 15 22 0.026088253 
752 175 12 14 0.025837742 
316 298 25 32 0.025369143 
752 197 11 13 0.025173541 
603 317 15 22 0.025028924 
822 250 23 31 0.024828658 
657 278 23 29 0.024568243 
605 241 11 16 0.0245615 
793 466 34 44 0.024495179 
833 250 15 20 0.024452427 
236 181 11 12 0.023892345 
539 272 13 16 0.023770811 
527 180 9 12 0.023640178 
732 216 25 34 0.023453848 
643 253 12 16 0.02332191 
622 267 11 15 0.023245854 
628 266 13 17 0.023087118 
584 253 10 14 0.022807661 
701 233 13 17 0.02254937 
829 363 15 19 0.02251469 
639 265 13 18 0.022255255 
768 307 12 16 0.022132188 
644 259 13 18 0.021738801 
545 259 13 17 0.021595899 
813 317 11 15 0.02154585 
774 237 14 17 0.021309933 
604 301 22 34 0.02073465 
751 189 10 13 0.020284101 
502 277 12 18 0.020151153 
406 232 22 29 0.020083465 
