2_Demonstration_Demonstration_Or_Protest_2_395
136
874 339 55 77 0.9747167 
799 489 115 123 0.9235818 
971 280 53 85 0.64058167 
747 339 48 61 0.57253486 
507 337 99 155 0.3396003 
896 233 17 20 0.29315734 
606 70 39 44 0.25629127 
960 261 52 71 0.24291681 
967 249 26 36 0.14680903 
955 244 45 58 0.14521502 
940 248 16 19 0.12357136 
564 222 24 29 0.11195078 
916 185 12 17 0.10797208 
979 264 31 43 0.106979996 
337 89 13 16 0.106879346 
919 279 26 30 0.10295809 
608 108 50 81 0.09963204 
700 528 34 44 0.09258285 
256 102 14 16 0.08703194 
827 317 42 52 0.08637083 
900 287 25 35 0.084035695 
392 652 33 41 0.08389984 
181 66 17 21 0.08111659 
477 129 28 38 0.07489126 
908 282 27 34 0.069472104 
833 361 45 65 0.06928203 
321 559 60 73 0.063618466 
861 185 16 21 0.0632653 
911 199 14 19 0.058077157 
309 45 12 15 0.057710342 
777 360 37 45 0.05640811 
845 320 50 68 0.05626084 
416 16 382 492 0.0549965 
687 496 49 69 0.05469079 
78 11 50 80 0.05030064 
994 252 24 36 0.04924341 
831 269 24 31 0.048605807 
753 327 36 47 0.0483285 
893 244 23 29 0.048303157 
860 230 14 21 0.04816391 
313 124 116 168 0.04795797 
937 175 17 21 0.047039658 
954 254 28 34 0.047024857 
199 102 26 32 0.046194732 
780 440 209 192 0.045657907 
887 232 43 53 0.044848274 
972 245 15 18 0.044108853 
447 350 136 182 0.043639887 
762 259 36 49 0.04188125 
992 270 28 42 0.03969877 
552 99 29 43 0.039686214 
1006 255 12 19 0.03912704 
843 272 15 23 0.03820367 
793 240 24 34 0.037867438 
965 -13 57 75 0.036026336 
777 255 47 59 0.035990205 
898 256 15 18 0.03598759 
808 267 45 55 0.03548974 
971 322 50 85 0.03497973 
560 88 28 40 0.03497927 
917 250 14 18 0.03489325 
915 298 27 35 0.034745637 
893 266 16 21 0.03434647 
334 76 188 284 0.034297414 
700 210 88 114 0.033057097 
833 326 17 22 0.03304534 
910 268 43 51 0.032745358 
946 244 14 18 0.032706246 
835 265 16 22 0.03263693 
798 225 29 38 0.032550197 
819 271 26 36 0.031887807 
713 317 86 119 0.030854786 
277 106 15 17 0.03072396 
974 367 46 87 0.029631266 
898 272 16 21 0.029505545 
539 170 16 20 0.029385645 
808 331 46 59 0.029356616 
554 116 18 26 0.02929559 
828 283 45 58 0.0291876 
271 -10 319 447 0.029175984 
966 250 16 21 0.029173512 
401 148 101 147 0.028933141 
735 239 54 74 0.028825006 
919 310 30 36 0.02868236 
879 331 38 51 0.028311692 
228 0 14 12 0.028279927 
807 355 53 69 0.028185293 
953 270 28 37 0.027806982 
850 280 43 58 0.02771433 
438 181 93 123 0.027025046 
92 9 30 43 0.026940636 
533 85 45 66 0.02693508 
942 250 23 30 0.026807036 
792 244 46 59 0.026541797 
911 183 21 28 0.026527656 
924 305 16 20 0.026419338 
554 202 17 20 0.025946328 
905 234 16 19 0.02544654 
748 284 57 76 0.025032653 
1011 273 12 18 0.024762789 
978 277 20 25 0.024734173 
937 286 18 21 0.024710992 
761 347 59 73 0.02422036 
955 360 48 73 0.02415286 
848 312 31 38 0.02410386 
300 107 15 17 0.024085712 
998 258 14 19 0.023749564 
946 263 24 33 0.023647688 
27 -11 82 123 0.023647318 
918 177 23 25 0.023032479 
837 215 29 37 0.022792235 
908 226 46 55 0.022736937 
938 236 26 30 0.022720287 
1001 241 24 37 0.022608755 
793 276 36 45 0.022498315 
721 216 54 69 0.022207534 
487 134 29 40 0.02219252 
774 281 52 69 0.022127308 
931 270 24 31 0.021769837 
178 69 29 33 0.021656828 
948 286 16 23 0.021630429 
542 72 17 20 0.021551875 
850 263 24 35 0.021459166 
947 236 15 18 0.021454072 
429 263 108 127 0.021360673 
922 255 15 19 0.021271214 
933 262 48 59 0.02122124 
914 275 19 24 0.021068117 
331 93 18 21 0.020999406 
932 252 18 21 0.020807892 
837 254 23 37 0.020672522 
214 75 13 16 0.020383064 
268 0 14 14 0.020367041 
723 282 59 72 0.020315785 
601 82 51 77 0.020292822 
549 69 30 38 0.02024178 
