2_Demonstration_Demonstrators_2_713
184
363 386 26 40 0.9657485 
89 367 56 82 0.68721 
556 341 25 34 0.43284574 
515 325 30 43 0.40397897 
461 381 28 37 0.38525158 
399 308 20 29 0.34563777 
547 366 27 34 0.2771196 
602 271 8 10 0.14591712 
575 264 9 11 0.1434446 
558 271 9 11 0.13592367 
330 385 27 38 0.13319738 
19 346 42 63 0.12433741 
500 282 14 20 0.11944696 
576 284 8 11 0.115817524 
860 315 14 17 0.111338295 
299 314 13 17 0.10559753 
591 259 9 12 0.10509659 
301 301 11 13 0.10244316 
299 307 14 17 0.10197256 
902 323 12 18 0.09496054 
462 292 9 12 0.09190616 
275 416 15 23 0.091633625 
274 407 23 37 0.088174246 
339 298 14 17 0.08347174 
36 321 17 21 0.08207367 
670 414 12 15 0.08003648 
444 300 10 14 0.0784566 
372 376 27 44 0.076770686 
369 244 9 11 0.07371401 
551 291 12 14 0.07362542 
429 441 34 54 0.07145583 
517 345 30 41 0.0651692 
526 258 10 13 0.06432525 
453 384 44 56 0.06421178 
347 390 27 35 0.062490515 
479 312 13 19 0.06060661 
848 326 10 12 0.059219014 
274 289 16 22 0.05896273 
356 235 13 18 0.05821522 
672 393 20 21 0.057865217 
351 237 11 16 0.057157014 
68 330 92 128 0.05715125 
684 329 17 19 0.05584644 
863 381 12 13 0.055621445 
188 277 10 13 0.05453348 
468 370 26 32 0.0543984 
285 261 9 12 0.054311022 
483 320 14 21 0.052115783 
528 333 31 37 0.051793117 
517 277 12 16 0.05147587 
445 296 8 10 0.051416185 
528 312 26 39 0.051010292 
314 388 23 37 0.051004782 
375 325 11 14 0.04952203 
137 280 27 40 0.048823487 
845 332 11 14 0.04855873 
518 271 10 13 0.04798626 
312 477 29 41 0.047871906 
410 306 14 21 0.047571752 
267 239 9 12 0.04675245 
383 270 10 13 0.046683833 
592 296 8 10 0.045229346 
545 425 16 18 0.04472086 
382 323 11 16 0.044716522 
303 295 11 13 0.044176135 
507 280 14 19 0.043297216 
560 264 8 10 0.043272074 
269 245 9 13 0.04153161 
584 261 9 12 0.04122256 
288 316 12 17 0.04120359 
501 386 25 37 0.04061892 
389 304 22 32 0.040578503 
327 238 9 13 0.04037368 
594 269 8 10 0.04022323 
511 380 28 38 0.039217677 
518 403 27 34 0.038929246 
286 313 22 28 0.03860054 
365 258 12 16 0.038475208 
436 422 48 64 0.038327985 
876 348 10 14 0.037471596 
41 364 35 53 0.0373176 
477 356 27 32 0.036707267 
115 284 23 36 0.03629184 
374 307 13 18 0.03571606 
569 269 8 11 0.03413997 
274 352 23 33 0.033782937 
666 383 38 33 0.03297042 
499 267 12 16 0.03290202 
357 227 12 18 0.03274685 
392 271 9 11 0.03258312 
569 263 9 12 0.03256388 
372 240 10 12 0.03246084 
86 306 16 19 0.03240324 
837 339 12 14 0.032233905 
602 312 7 9 0.03147903 
325 243 10 13 0.031442415 
53 234 12 15 0.031437937 
582 269 9 11 0.030998684 
469 387 34 37 0.030764641 
549 297 15 17 0.030652897 
6 367 42 71 0.030298078 
4 320 75 107 0.030068824 
493 244 9 13 0.030030617 
853 321 11 15 0.029770201 
584 294 9 12 0.0292344 
335 292 14 18 0.029093444 
31 316 14 17 0.028840799 
555 55 227 236 0.028804993 
600 276 8 10 0.028755007 
379 311 22 29 0.028719539 
429 261 9 12 0.028178204 
457 263 7 10 0.028125448 
276 356 14 20 0.02809008 
481 256 9 10 0.027807428 
387 351 15 20 0.027691735 
447 270 9 11 0.027653567 
600 264 9 11 0.02744024 
514 364 28 37 0.027260084 
848 317 11 16 0.02725684 
538 314 28 32 0.027201438 
542 335 30 34 0.027118053 
332 287 25 31 0.026904482 
399 270 9 11 0.02689433 
370 324 25 31 0.026312731 
323 394 26 39 0.02616817 
556 316 12 14 0.026069535 
624 320 9 11 0.025880966 
574 289 10 15 0.025852483 
27 321 45 62 0.025782935 
30 333 26 36 0.02568702 
319 234 12 16 0.02542166 
431 295 9 10 0.025130732 
13 352 25 34 0.025015777 
486 384 28 35 0.024988828 
216 261 10 13 0.024945073 
896 318 21 28 0.024833638 
517 409 43 50 0.024584223 
29 341 13 18 0.024335919 
536 261 9 11 0.024263166 
374 331 12 15 0.024236124 
41 314 16 21 0.024175573 
381 331 13 16 0.024107724 
900 330 22 31 0.02397744 
364 325 40 51 0.02397004 
93 231 9 12 0.023942979 
570 284 10 12 0.023925126 
463 262 8 10 0.02384344 
275 338 15 19 0.023792405 
18 358 15 20 0.023780549 
524 329 17 26 0.023292758 
534 413 26 29 0.023284927 
325 392 16 25 0.023037104 
391 320 25 31 0.02290363 
889 303 10 14 0.022653073 
592 287 8 10 0.022543188 
292 297 22 28 0.022489093 
375 275 10 14 0.022039412 
77 301 27 30 0.021917967 
455 268 8 11 0.021892358 
461 378 16 23 0.021890845 
389 319 15 19 0.021732006 
442 271 9 11 0.021678433 
354 400 35 48 0.021597318 
285 368 15 20 0.021564638 
373 347 25 31 0.021438476 
543 296 24 30 0.02108442 
544 294 12 15 0.021081757 
30 329 15 20 0.020991383 
892 306 12 16 0.02093368 
394 345 15 20 0.02063168 
581 285 9 12 0.020554276 
922 436 26 30 0.020482976 
534 314 15 22 0.02045897 
297 389 28 42 0.020426104 
332 235 11 15 0.020402497 
122 280 17 25 0.020301811 
365 305 15 21 0.020290272 
532 380 13 17 0.020221395 
451 320 13 17 0.020163026 
215 268 9 12 0.020115057 
158 236 9 12 0.020110976 
84 285 12 15 0.020057963 
42 332 53 73 0.02005198 
456 287 10 12 0.02002317 
