2_Demonstration_Demonstration_Or_Protest_2_30
43
770 77 50 66 0.92956674 
597 79 19 23 0.8820695 
437 65 14 18 0.29574847 
161 423 42 49 0.16228807 
141 406 36 53 0.11620793 
357 292 101 144 0.08843518 
301 270 90 129 0.06361258 
438 213 44 66 0.05594639 
441 59 15 20 0.04081634 
802 77 48 70 0.040171023 
378 284 67 95 0.037169196 
52 341 403 467 0.03600587 
635 270 46 42 0.03555674 
347 354 15 23 0.03505754 
179 413 38 49 0.03499293 
571 137 16 20 0.03266064 
153 166 51 68 0.032229602 
570 144 23 31 0.031661764 
78 -36 384 486 0.031112136 
127 150 87 102 0.030287566 
401 183 90 119 0.030224312 
603 146 17 19 0.02808312 
318 285 51 78 0.02782054 
439 80 12 15 0.027310783 
212 431 96 120 0.02566676 
774 164 34 44 0.025053112 
345 530 30 39 0.024311572 
912 348 118 149 0.024279855 
212 181 58 72 0.023060596 
192 101 52 59 0.022637047 
587 124 27 36 0.02256851 
176 178 37 50 0.022415413 
481 51 14 17 0.0222748 
946 400 65 79 0.022095246 
592 75 16 23 0.02186935 
208 607 39 40 0.021794531 
575 133 45 56 0.02174565 
380 56 24 33 0.021298785 
322 355 129 122 0.021031516 
284 180 116 146 0.020865846 
323 292 30 50 0.020666718 
940 205 105 128 0.020465072 
633 309 117 126 0.020388346 
