2_Demonstration_Demonstrators_2_170
76
869 192 53 66 0.9987834 
733 140 64 79 0.9977239 
929 174 77 87 0.99745494 
587 104 47 60 0.9883887 
317 114 66 95 0.98733586 
5 121 20 25 0.8548619 
191 112 37 41 0.7174315 
40 117 27 33 0.7091928 
718 123 39 45 0.33647496 
90 128 14 18 0.28389546 
239 98 25 31 0.23120855 
75 121 16 23 0.227412 
589 74 37 42 0.21639785 
85 124 14 20 0.16810495 
102 185 31 41 0.13723762 
213 193 56 94 0.12759964 
537 161 40 59 0.09506964 
436 8 17 21 0.090840176 
300 135 9 12 0.088210255 
726 120 53 68 0.07906149 
296 134 9 12 0.077822804 
939 105 26 32 0.07275789 
646 14 45 72 0.07196087 
251 130 31 37 0.070370905 
286 131 11 13 0.060239833 
316 508 188 281 0.05862091 
64 119 23 31 0.058277905 
496 147 22 32 0.05443801 
594 81 19 21 0.047632154 
926 101 44 54 0.045905348 
496 191 32 43 0.04571074 
993 108 32 44 0.045145243 
687 122 32 49 0.042703737 
441 16 15 20 0.042620208 
0 114 13 20 0.042593114 
539 142 13 16 0.03680534 
209 426 387 404 0.03565449 
521 234 27 38 0.035214067 
698 179 37 46 0.03492194 
818 76 42 54 0.034105137 
181 112 29 34 0.033543225 
424 2 30 30 0.03351931 
297 139 9 12 0.033065148 
39 125 16 22 0.032939572 
950 340 43 52 0.03281009 
678 160 44 66 0.032152306 
850 176 31 38 0.03076044 
100 186 46 68 0.03029635 
562 309 16 17 0.03013314 
248 560 58 96 0.029744098 
649 115 43 63 0.029690092 
11 195 187 218 0.029607056 
805 95 29 42 0.029298937 
715 163 51 68 0.029208876 
547 282 32 33 0.028907873 
534 140 13 16 0.028542593 
38 115 15 23 0.028018076 
259 133 16 19 0.025962505 
661 180 44 65 0.025747972 
507 26 39 53 0.025728794 
177 96 73 92 0.02436807 
3 110 16 19 0.023471199 
532 39 40 56 0.022721278 
848 123 46 60 0.022314813 
893 352 16 22 0.022238277 
0 121 15 22 0.021986948 
32 199 46 51 0.02193153 
4 90 11 15 0.021472039 
505 151 49 70 0.02146703 
97 126 13 17 0.021462012 
571 96 12 17 0.021052392 
45 212 13 16 0.021045087 
229 102 17 23 0.02093492 
233 683 26 31 0.020688836 
653 53 36 46 0.020593293 
506 134 30 42 0.02012184 
