2_Demonstration_Demonstration_Or_Protest_2_32
319
455 1061 52 71 0.99920243 
516 1059 29 38 0.99918765 
727 1100 62 77 0.99784565 
524 1147 63 92 0.9966137 
628 1063 27 35 0.9915888 
166 1085 60 76 0.9904694 
895 1022 23 28 0.9903082 
427 1031 32 45 0.9882315 
239 1240 83 107 0.9877737 
335 1030 32 41 0.98667866 
301 1086 54 72 0.9788896 
866 1106 29 34 0.9784399 
284 1071 52 67 0.93078595 
937 1080 19 24 0.88519466 
531 1112 35 48 0.86683154 
702 1096 53 68 0.656624 
980 1060 16 21 0.57810843 
49 1047 39 49 0.5688876 
968 1112 25 36 0.5097727 
295 1030 28 36 0.48957548 
924 1027 21 26 0.40410972 
575 1081 22 27 0.38627815 
831 1098 24 36 0.3799991 
724 1054 18 21 0.35251528 
631 1035 13 15 0.3444612 
372 1032 21 28 0.32900158 
663 1048 11 13 0.32564813 
587 1037 15 18 0.27757326 
691 1042 14 17 0.26460597 
911 1149 26 38 0.26224723 
939 1052 17 21 0.24896778 
772 1057 22 28 0.24707083 
985 1050 23 28 0.23832196 
552 1021 12 15 0.234806 
-1 1248 57 116 0.23384666 
969 999 22 30 0.23347196 
491 1018 15 21 0.22755843 
271 1057 49 63 0.21129951 
-1 146 24 46 0.20322753 
531 1058 25 34 0.19260101 
548 1056 16 24 0.1865418 
695 1101 34 53 0.17334916 
604 1014 10 13 0.17197928 
975 1040 16 22 0.16842595 
196 1040 29 35 0.16775328 
632 1159 18 21 0.16720334 
400 1029 27 36 0.16404453 
977 1048 21 26 0.16308153 
524 1029 23 27 0.15377413 
962 1064 15 20 0.15321499 
748 1075 24 29 0.15263718 
750 1012 13 16 0.15217468 
943 1052 22 28 0.12975416 
1013 988 11 17 0.11390063 
958 1057 17 22 0.11137615 
315 519 132 139 0.10586556 
601 1018 11 13 0.10523627 
601 1049 13 18 0.10203587 
449 1151 50 67 0.100140914 
954 1146 18 21 0.09406974 
544 998 9 11 0.0926363 
944 987 11 15 0.09141572 
282 1038 35 39 0.090306304 
880 1075 25 27 0.08658118 
862 1028 14 16 0.08390285 
929 1065 22 28 0.08114386 
993 1043 18 22 0.0810042 
609 1038 9 11 0.07997664 
865 1032 15 18 0.07881388 
915 740 29 32 0.07465234 
925 1020 17 22 0.074464545 
197 480 212 230 0.07211257 
925 1074 23 28 0.071082346 
718 1063 25 33 0.06884697 
584 1068 17 20 0.06838502 
963 1050 15 19 0.068329446 
441 1049 45 67 0.06742995 
911 1023 23 30 0.06717577 
361 851 12 16 0.06708072 
594 1039 19 26 0.06605061 
615 1039 8 11 0.06537441 
322 1047 47 58 0.06528671 
894 1051 14 16 0.06398545 
568 1044 11 15 0.06360852 
924 973 15 19 0.06322249 
844 1057 11 17 0.0627555 
758 1030 10 12 0.062301893 
423 1001 40 52 0.060310815 
966 1008 15 19 0.059481923 
933 996 15 18 0.058757167 
994 1034 16 19 0.058066297 
687 1037 13 15 0.058051236 
537 1038 23 33 0.05665459 
688 1045 20 25 0.055924535 
624 1023 9 11 0.05588248 
589 1123 13 19 0.05571684 
318 1105 58 77 0.054003313 
823 1056 13 16 0.053085897 
753 1019 12 14 0.052907627 
637 1038 15 19 0.052711558 
0 999 49 86 0.0523489 
116 1082 25 30 0.052050732 
575 1115 29 39 0.050866317 
862 1083 15 17 0.05067815 
257 1139 32 48 0.050358534 
933 1056 17 20 0.050091475 
580 1022 12 13 0.04965797 
571 1049 13 18 0.048980862 
344 1035 38 52 0.04894157 
983 1091 15 19 0.04764178 
575 982 8 11 0.04524613 
625 1037 10 13 0.045123007 
652 969 13 19 0.044770956 
681 1045 9 12 0.043611977 
320 1040 30 39 0.04327913 
868 1086 29 33 0.043048453 
807 1059 11 15 0.042593013 
1010 1104 13 20 0.04258775 
605 1123 15 20 0.04241593 
581 1027 14 18 0.042162076 
839 1053 13 17 0.04195613 
645 1040 10 13 0.04195455 
328 928 26 31 0.041780762 
375 1048 39 52 0.041613214 
881 973 9 12 0.04156221 
523 1046 28 36 0.041525483 
271 1049 33 42 0.041228127 
888 966 11 12 0.04119905 
382 848 8 11 0.04067598 
756 1006 12 13 0.04019546 
382 1034 26 34 0.039981328 
382 853 10 13 0.03991884 
589 1118 23 31 0.039868057 
449 494 434 482 0.038932063 
939 993 14 17 0.038588285 
853 933 12 16 0.03844002 
616 1003 8 12 0.03813354 
999 1011 13 16 0.0379507 
252 1038 27 35 0.037435107 
932 1041 23 29 0.037389185 
442 908 13 18 0.03735761 
630 1062 16 22 0.037208088 
499 979 29 41 0.036519 
666 1049 14 16 0.036254395 
711 1074 30 35 0.036174443 
970 1170 15 21 0.036107842 
817 1091 30 41 0.036087386 
958 1127 26 32 0.035780262 
764 1056 16 19 0.035711557 
811 1065 14 17 0.03563138 
976 1095 24 30 0.03507169 
629 1022 11 13 0.034934677 
847 1104 28 36 0.03485465 
505 1101 44 62 0.03439824 
864 1079 23 26 0.034329522 
772 1051 17 19 0.034168255 
716 1045 41 48 0.033934098 
35 195 17 20 0.03386095 
389 1038 39 53 0.03381513 
766 1031 10 11 0.03381017 
734 1030 11 14 0.033695355 
575 1078 15 18 0.03361582 
828 1046 12 15 0.03360172 
414 1037 38 56 0.033452 
-3 946 38 55 0.03305434 
535 1013 10 12 0.032645326 
725 1047 15 18 0.032577418 
699 977 13 15 0.03249816 
608 1031 9 11 0.03242061 
439 862 10 14 0.032417294 
999 1056 17 21 0.032392375 
162 1054 34 36 0.032321848 
703 1088 27 34 0.032196525 
376 847 9 11 0.032142058 
778 1128 49 63 0.032058213 
674 1071 15 20 0.03187476 
1006 1012 14 18 0.031749584 
615 1031 9 12 0.03170223 
46 1120 37 42 0.03151847 
625 1029 10 12 0.031180715 
589 1003 9 13 0.030864693 
368 929 13 17 0.030687563 
377 853 10 13 0.030632969 
752 1027 10 12 0.030624222 
548 1064 24 29 0.030445673 
512 846 10 13 0.030436354 
444 875 12 16 0.030401077 
1013 1080 12 17 0.030378569 
572 1031 21 28 0.030285632 
752 1114 57 69 0.030280627 
899 1149 25 34 0.030101124 
315 864 28 34 0.029991824 
739 1050 14 18 0.029796494 
812 1059 12 15 0.029774787 
966 1067 21 26 0.029601427 
948 982 12 17 0.029527858 
530 693 16 17 0.029510379 
654 1045 13 16 0.029446669 
1010 1018 13 18 0.029386852 
732 1046 14 17 0.02931993 
692 942 14 19 0.029121984 
253 1046 16 21 0.029001987 
938 1063 18 23 0.028881418 
1005 1077 16 18 0.0288605 
31 197 30 35 0.028788866 
758 1036 11 13 0.028460015 
584 1004 9 12 0.028329233 
537 996 9 14 0.028195037 
976 994 17 22 0.027973717 
432 894 21 28 0.027877517 
398 1033 18 24 0.027860757 
236 1073 23 37 0.027853414 
718 1028 11 15 0.027789155 
659 1045 19 24 0.02775515 
662 752 16 19 0.027753357 
699 1036 13 15 0.027680594 
708 1036 11 14 0.027663229 
427 891 15 21 0.027420633 
876 1076 18 20 0.02712639 
722 1033 24 31 0.027126318 
428 839 10 13 0.027093945 
270 1147 44 57 0.02698743 
672 946 12 15 0.026915897 
608 1008 9 12 0.026794987 
727 1030 11 13 0.02672265 
998 1157 14 16 0.026713686 
981 1041 39 45 0.02665795 
420 985 16 19 0.026589418 
856 1028 23 28 0.026510973 
558 1014 9 12 0.026415866 
469 1157 51 68 0.026111005 
796 1040 14 18 0.026093893 
573 1035 12 16 0.02605611 
135 989 15 16 0.026051382 
614 1042 12 16 0.025871016 
766 1036 12 13 0.025732437 
616 1022 10 12 0.025669383 
252 1033 17 20 0.02564434 
614 945 11 14 0.025452703 
948 1023 15 19 0.025236811 
558 1051 22 29 0.024929032 
686 1029 12 15 0.024762243 
575 1027 13 15 0.024706926 
716 1075 50 62 0.024483128 
875 1029 14 16 0.024337946 
684 1067 13 16 0.024320632 
546 1114 39 45 0.024194757 
200 1024 25 31 0.024182156 
169 1159 25 38 0.024091972 
695 973 13 15 0.02401606 
947 1151 23 30 0.0239362 
547 1045 15 20 0.02391149 
786 1060 14 17 0.023895914 
383 865 14 17 0.023860328 
303 1022 27 36 0.023839278 
117 1030 17 24 0.023676874 
680 1037 10 13 0.023605604 
412 1023 32 45 0.02355756 
838 1027 12 14 0.023490973 
771 1039 26 30 0.02347122 
93 1060 15 19 0.023455538 
947 990 15 19 0.023431955 
745 1020 11 13 0.023431448 
608 1039 21 26 0.023332495 
159 1061 49 64 0.023312446 
995 1116 14 19 0.023265123 
972 1130 17 24 0.023238137 
925 1061 15 20 0.023030557 
9 1010 85 109 0.022923172 
326 1072 52 66 0.022870203 
775 1043 15 16 0.022802051 
931 978 12 16 0.022785863 
885 1014 37 45 0.0227168 
817 1049 22 27 0.022676053 
349 851 12 16 0.02221794 
613 975 11 16 0.022102026 
122 1171 27 33 0.022038154 
881 1150 28 34 0.021998046 
623 1015 8 12 0.021966405 
679 1028 10 14 0.021903703 
493 998 25 34 0.021859337 
836 1045 12 17 0.02183925 
541 1016 20 23 0.021825504 
533 1024 21 25 0.021737939 
3 651 25 46 0.021701591 
214 1092 45 64 0.021594679 
730 1072 16 19 0.021558905 
697 1043 14 18 0.021553496 
611 1126 16 21 0.02148856 
904 736 28 34 0.021466931 
692 1030 14 15 0.021466915 
388 1056 18 22 0.021370608 
589 1022 10 13 0.021317635 
543 1002 11 14 0.021253169 
852 1059 13 19 0.02121738 
729 932 9 13 0.021146903 
52 283 183 301 0.021143472 
622 1139 12 15 0.02089365 
709 1021 14 17 0.020802524 
641 1161 16 19 0.020706829 
437 1023 44 55 0.020685064 
952 1141 14 17 0.020644018 
542 1012 12 15 0.020626213 
887 1026 16 20 0.020621534 
689 867 11 16 0.020610023 
746 825 15 18 0.020516781 
447 890 13 17 0.020477442 
438 875 12 17 0.020443454 
990 1092 21 29 0.020387214 
552 1039 23 33 0.020241875 
425 844 11 13 0.020193312 
129 986 25 27 0.020149836 
937 1033 14 19 0.020149203 
1001 1021 20 25 0.02014333 
662 972 12 17 0.020107886 
736 1067 27 32 0.020058662 
617 1106 26 33 0.02005596 
848 928 20 28 0.020032043 
249 1067 42 59 0.020007003 
