2_Demonstration_Political_Rally_2_224
34
781 251 62 92 0.9990959 
104 178 72 97 0.9973183 
605 118 81 103 0.9970951 
899 263 55 80 0.9909334 
343 95 72 105 0.97981286 
454 297 50 62 0.6734828 
768 553 50 63 0.17709228 
273 144 26 41 0.06576691 
838 246 49 68 0.064703144 
205 300 25 35 0.047960192 
700 190 29 38 0.04397852 
997 543 26 49 0.043094445 
185 115 46 61 0.04254335 
805 241 55 76 0.041994464 
985 233 17 20 0.035097342 
231 130 43 63 0.03169934 
978 413 26 36 0.030023076 
957 276 40 57 0.029840628 
938 273 42 62 0.029428639 
906 223 44 59 0.028816264 
976 246 32 41 0.028611822 
878 261 53 76 0.02633663 
898 537 56 63 0.02606612 
957 226 12 15 0.023971729 
216 109 48 62 0.02357968 
207 133 13 17 0.023325816 
986 241 17 22 0.02302643 
52 255 50 58 0.022875523 
87 216 365 482 0.02272605 
219 164 14 21 0.022499712 
901 295 35 51 0.022115655 
89 542 131 154 0.02202298 
241 130 16 19 0.020353505 
1014 398 9 13 0.020242142 
