2_Demonstration_Political_Rally_2_117
253
587 194 34 43 0.9984086 
381 215 26 33 0.9962914 
840 203 26 33 0.98105705 
285 195 21 29 0.97611237 
730 216 26 36 0.9728546 
65 196 17 26 0.92236096 
791 213 22 24 0.91838473 
452 195 13 16 0.899296 
879 191 28 39 0.8895505 
25 204 19 24 0.8638161 
807 188 12 15 0.8557836 
142 208 15 20 0.80917454 
636 203 20 27 0.8089298 
416 206 16 22 0.77861375 
955 185 24 32 0.6945066 
780 201 13 15 0.557597 
477 194 10 14 0.49146307 
407 152 8 11 0.45005742 
542 224 14 18 0.41511822 
730 182 9 12 0.413267 
249 191 19 27 0.37770528 
471 173 9 11 0.33030817 
541 187 10 13 0.31610075 
22 156 11 14 0.29701966 
116 210 14 18 0.2969708 
372 182 8 11 0.22658743 
416 170 9 12 0.20941857 
537 190 10 13 0.20471604 
765 181 9 11 0.20168982 
175 198 10 12 0.1888586 
82 229 16 18 0.18563896 
527 190 8 12 0.16697535 
399 188 8 11 0.16203828 
359 197 10 13 0.16113189 
265 215 15 20 0.16018265 
402 205 21 27 0.13213746 
258 194 16 21 0.1308468 
406 184 9 11 0.12812597 
123 223 13 17 0.12722006 
246 189 13 20 0.124500774 
137 210 13 16 0.11435348 
627 193 18 22 0.11401727 
801 190 11 14 0.10536623 
822 176 12 16 0.101408765 
187 229 28 28 0.09753926 
622 194 15 20 0.096157365 
745 190 8 11 0.09476983 
119 324 25 37 0.09361313 
421 187 10 12 0.09310469 
851 202 23 31 0.09131695 
521 191 8 10 0.09065605 
635 196 17 21 0.08934959 
692 202 14 20 0.08066571 
260 205 19 25 0.08029128 
93 323 24 40 0.07991356 
429 143 8 10 0.07860326 
109 213 16 21 0.0784507 
640 137 13 15 0.07668961 
123 211 14 19 0.07519348 
534 194 10 13 0.0730671 
812 181 10 15 0.07266386 
392 212 23 30 0.07213373 
868 197 22 33 0.07087622 
402 156 9 12 0.06820949 
763 207 12 15 0.06747308 
827 173 13 14 0.06738347 
512 191 8 10 0.06735882 
781 208 15 18 0.06621696 
792 181 8 9 0.065000705 
395 189 8 11 0.06446838 
117 216 16 21 0.062004983 
635 308 108 128 0.05951102 
783 195 20 25 0.05856025 
793 192 9 12 0.058411185 
792 175 8 9 0.05833837 
709 167 10 12 0.057767235 
461 201 11 15 0.057324626 
744 228 18 25 0.05719955 
487 174 7 10 0.056480102 
472 179 9 12 0.05504999 
720 172 8 11 0.054408144 
12 181 11 14 0.053650606 
696 205 20 29 0.05301743 
477 295 13 15 0.052387588 
869 208 13 20 0.051334202 
5 148 12 16 0.051211793 
448 192 11 14 0.050381407 
550 183 9 11 0.04985791 
914 135 8 11 0.049462944 
734 178 9 12 0.04864834 
806 186 20 26 0.048050936 
402 185 8 11 0.047923576 
819 173 21 23 0.04704208 
683 201 20 27 0.04629483 
678 295 16 22 0.045446876 
58 133 10 13 0.04483961 
368 219 12 17 0.044607587 
143 199 11 13 0.0439237 
945 185 23 34 0.04384283 
493 197 11 13 0.043567833 
824 150 7 9 0.04318967 
102 211 15 20 0.042999703 
718 182 10 13 0.04268763 
430 198 11 14 0.042137586 
87 226 20 26 0.041527152 
916 124 10 12 0.041313212 
2 205 9 13 0.041119467 
439 198 11 14 0.040865954 
536 220 15 19 0.04073394 
470 204 10 13 0.040366057 
761 177 9 12 0.040002108 
485 190 10 15 0.039859813 
195 229 16 18 0.039818082 
447 155 10 12 0.038762104 
110 224 25 30 0.038582418 
421 167 9 13 0.03831765 
950 166 11 13 0.03786846 
136 197 10 12 0.037800644 
63 139 9 11 0.037743695 
204 278 11 17 0.03767208 
728 176 8 11 0.03755179 
713 181 9 12 0.0375175 
85 174 11 13 0.037116125 
479 173 9 12 0.037081458 
200 196 10 12 0.036622517 
541 225 22 27 0.036445413 
400 165 8 11 0.036318514 
758 196 11 14 0.03611406 
1013 50 9 15 0.03609649 
241 196 10 14 0.03565241 
25 141 10 13 0.035544854 
998 256 14 17 0.035521224 
538 184 9 13 0.035201143 
503 198 9 12 0.034902196 
878 181 12 17 0.034423005 
871 182 10 15 0.033971436 
518 194 9 12 0.033349566 
939 40 15 17 0.033138137 
959 192 28 40 0.03307747 
242 277 11 15 0.032602176 
781 192 11 14 0.032496948 
478 201 11 13 0.03222965 
428 204 12 16 0.032214534 
479 183 9 12 0.03203931 
878 179 25 34 0.03191979 
693 191 9 12 0.031845775 
870 167 8 11 0.03182559 
529 194 10 12 0.031489693 
900 165 11 12 0.03120864 
799 175 8 10 0.030978078 
751 196 10 13 0.030975185 
596 289 15 19 0.030790474 
963 181 17 25 0.030702105 
797 190 21 24 0.030634994 
143 191 9 13 0.030570123 
896 197 24 34 0.030534009 
424 155 9 12 0.02989749 
742 194 11 13 0.029890079 
110 206 14 18 0.029844597 
988 363 24 33 0.029087733 
501 205 10 13 0.029032955 
507 355 15 17 0.029003626 
101 175 9 13 0.028916422 
784 92 9 11 0.02882861 
400 172 8 12 0.028548224 
760 188 10 12 0.028499175 
808 69 9 12 0.027611863 
733 185 11 13 0.027599588 
466 168 9 12 0.027534172 
496 204 11 13 0.027480429 
942 167 10 13 0.027385416 
425 149 10 13 0.027343072 
412 150 9 12 0.027289238 
816 176 9 11 0.02725524 
864 181 10 13 0.027190806 
397 197 12 14 0.026738869 
700 198 12 16 0.0266848 
989 482 34 48 0.026564438 
73 184 21 29 0.026534233 
557 234 16 19 0.026531534 
454 156 8 11 0.026218269 
408 174 9 12 0.026174065 
504 173 9 11 0.026109075 
8 185 11 15 0.02601513 
831 169 10 11 0.025963966 
416 183 9 11 0.025794208 
936 166 10 12 0.025582017 
526 183 9 12 0.025486683 
534 184 18 22 0.0253607 
277 188 36 45 0.025339257 
853 189 12 15 0.025332082 
57 190 11 14 0.02529196 
7 174 10 13 0.025235083 
865 173 8 11 0.02512986 
705 147 10 13 0.024988718 
546 213 16 18 0.024867883 
407 143 10 14 0.024819214 
691 211 16 24 0.024523726 
99 223 15 20 0.024505146 
313 390 10 12 0.024278756 
931 460 26 33 0.024211284 
816 160 7 9 0.023957452 
511 174 8 11 0.023941657 
440 150 9 11 0.023912342 
816 165 8 10 0.023791412 
855 182 9 12 0.023735555 
931 32 25 31 0.023725169 
345 189 9 11 0.023688594 
922 25 46 59 0.023348182 
677 201 17 22 0.023153411 
95 227 25 29 0.023130829 
852 195 15 22 0.02311357 
245 182 11 17 0.023066323 
85 179 12 16 0.023012742 
56 199 23 31 0.02294053 
654 65 25 31 0.022683308 
759 204 21 25 0.022671752 
102 319 26 39 0.02264696 
487 169 8 10 0.022620492 
626 194 37 45 0.022381866 
705 171 10 13 0.021962862 
725 177 17 22 0.021956498 
324 213 13 17 0.021897838 
25 134 10 12 0.021841018 
404 195 13 17 0.02176617 
737 231 33 38 0.021743573 
801 183 9 13 0.021697717 
135 183 8 11 0.02159568 
686 197 14 18 0.021569429 
817 63 8 11 0.021474669 
495 173 9 11 0.021442546 
809 85 9 12 0.021417903 
398 141 11 13 0.0213914 
741 183 9 13 0.021331863 
548 186 10 14 0.021292105 
373 186 10 13 0.021257259 
840 186 27 36 0.02121506 
786 174 7 9 0.020907903 
130 212 19 24 0.020748293 
941 187 16 24 0.020726005 
683 233 14 18 0.020667905 
837 172 11 14 0.020573365 
95 180 11 14 0.020459108 
727 166 9 12 0.020435907 
689 190 9 12 0.02034938 
584 172 13 15 0.020311747 
5 163 10 14 0.020161098 
864 189 10 14 0.02014064 
479 168 9 11 0.020088682 
259 221 17 21 0.020084707 
396 206 14 18 0.020020507 
486 179 10 13 0.020012505 
15 200 21 27 0.020006325 
