2_Demonstration_Political_Rally_2_391
24
675 267 112 136 0.9998977 
315 101 87 110 0.99897707 
24 106 82 121 0.9954255 
869 673 136 95 0.9609054 
583 368 46 65 0.78760266 
983 225 42 63 0.7860455 
429 652 128 125 0.55991477 
500 306 42 53 0.33522487 
529 389 50 61 0.14556734 
433 -10 169 252 0.0572182 
474 627 131 131 0.053669497 
395 586 194 216 0.04849008 
584 359 29 47 0.042906217 
440 709 38 42 0.041193042 
480 308 50 74 0.03899901 
47 287 226 257 0.03508836 
1012 320 12 23 0.03401606 
913 277 52 70 0.03231193 
696 622 145 108 0.031170068 
-44 154 356 437 0.027858555 
356 220 207 271 0.022448817 
988 206 36 51 0.020296728 
1004 310 21 37 0.020118164 
533 388 33 36 0.020034976 
