2_Demonstration_Protesters_2_456
55
660 478 53 69 0.99952996 
306 472 118 164 0.9978344 
853 448 93 122 0.99695885 
764 515 47 55 0.92218584 
15 472 55 85 0.48167703 
854 336 32 38 0.37395337 
270 388 10 15 0.31896204 
235 396 14 17 0.19055347 
34 458 47 80 0.13243759 
448 520 52 69 0.12482743 
243 410 17 22 0.109317645 
268 392 14 19 0.10495122 
59 434 33 41 0.10444279 
513 339 44 63 0.091676064 
245 402 43 56 0.069791466 
665 14 356 460 0.064539865 
231 396 24 29 0.060855705 
619 530 18 22 0.058377285 
237 410 29 38 0.054660264 
1003 341 20 38 0.0532551 
651 263 27 38 0.05125563 
544 331 28 44 0.048810303 
639 461 29 40 0.048184425 
702 111 174 251 0.047949135 
634 293 36 43 0.047016717 
-1 480 40 69 0.046032436 
392 369 44 56 0.042557627 
278 368 14 18 0.041716203 
72 441 18 21 0.040618706 
264 377 22 29 0.03969293 
334 435 39 49 0.03792064 
841 343 26 32 0.034907278 
748 220 59 73 0.034684613 
339 379 41 55 0.03426995 
719 189 102 133 0.032836773 
264 395 24 35 0.032285195 
697 468 36 51 0.03100674 
839 347 13 16 0.029830405 
501 362 43 69 0.029219344 
51 448 34 62 0.027486784 
742 231 28 35 0.0272715 
453 324 44 55 0.026623514 
330 404 38 46 0.025735404 
855 343 17 23 0.025686324 
123 265 16 20 0.025010202 
471 493 37 55 0.02396131 
399 387 50 57 0.023382416 
395 264 14 16 0.023261823 
231 382 40 56 0.02304876 
523 372 27 40 0.022671973 
377 380 34 45 0.022184229 
488 397 40 62 0.021631606 
980 475 42 79 0.021081958 
430 476 58 77 0.020565242 
501 343 35 47 0.020127518 
