2_Demonstration_Protesters_2_370
44
701 181 60 72 0.9987803 
574 240 73 74 0.9933469 
43 268 42 53 0.98992985 
505 214 58 78 0.9818339 
124 245 40 51 0.96238583 
452 224 24 31 0.9284047 
264 235 53 63 0.9190255 
213 240 23 31 0.7206485 
339 226 33 58 0.30211887 
523 217 73 90 0.25631526 
679 221 13 18 0.15983787 
410 229 31 45 0.11326415 
509 516 112 91 0.10507146 
639 229 26 34 0.076491274 
343 230 51 73 0.06358457 
402 387 35 40 0.053363666 
675 216 21 30 0.04659692 
691 346 109 97 0.046185754 
435 214 26 35 0.044254746 
571 214 61 72 0.03553237 
442 314 27 36 0.034841247 
400 386 53 69 0.032980055 
422 215 28 39 0.030319529 
415 345 33 51 0.03021227 
388 231 46 59 0.029955763 
324 234 33 53 0.02890637 
569 254 39 44 0.028606012 
603 360 62 91 0.028487122 
456 308 30 38 0.028046776 
293 208 66 99 0.027111163 
564 189 54 62 0.027059535 
360 246 54 71 0.025319189 
208 129 24 30 0.025044529 
348 208 32 54 0.024797505 
444 214 16 21 0.024135508 
424 231 30 43 0.023052862 
361 206 33 45 0.02287148 
26 382 49 49 0.02277521 
312 246 29 43 0.022263004 
397 216 34 47 0.021454314 
657 221 43 55 0.021305526 
554 242 34 42 0.021081915 
464 298 31 35 0.02092641 
545 516 40 34 0.020819124 
