2_Demonstration_Protesters_2_738
90
732 1015 115 153 0.9996014 
243 868 122 153 0.9995542 
465 98 105 126 0.99865913 
776 181 58 90 0.9980204 
309 57 55 69 0.9962675 
215 26 83 104 0.99484336 
928 1020 96 197 0.9944613 
4 1211 109 220 0.9894131 
815 79 37 45 0.977178 
677 682 34 45 0.6427384 
595 899 18 23 0.35447687 
515 1041 70 74 0.28205273 
36 730 29 39 0.26322147 
982 15 38 43 0.22566573 
578 691 26 26 0.20707159 
801 812 110 139 0.20575336 
680 551 29 33 0.16302173 
687 1 25 29 0.1473414 
236 565 231 277 0.11763845 
42 1128 195 245 0.115137994 
62 1035 217 263 0.11352224 
4 11 35 41 0.11227223 
295 705 30 49 0.09925528 
-1 719 21 43 0.09813216 
1005 737 11 14 0.09195881 
631 708 10 13 0.072758876 
147 790 63 69 0.065735035 
7 719 39 50 0.05614768 
117 722 37 52 0.05285251 
269 401 29 36 0.05110017 
910 779 33 45 0.048685953 
1013 734 10 15 0.04765528 
154 119 15 20 0.04539767 
755 311 249 333 0.042659137 
163 101 23 29 0.041208047 
615 701 15 20 0.041138668 
-28 864 364 450 0.040518265 
977 780 32 44 0.040463045 
261 701 56 70 0.03986551 
727 701 13 19 0.039533816 
0 733 29 41 0.03875986 
554 877 15 19 0.037351415 
51 734 16 25 0.037125655 
304 703 54 70 0.03497696 
881 157 60 74 0.03421468 
129 734 50 59 0.03402841 
946 725 15 18 0.033981785 
571 700 44 52 0.032435805 
27 750 47 60 0.03221122 
646 714 12 15 0.03205351 
728 50 29 40 0.03131779 
595 704 16 20 0.03091497 
1001 735 10 15 0.030168185 
584 702 19 21 0.030076403 
605 706 13 17 0.029781979 
276 34 73 91 0.02884761 
781 302 93 131 0.028747858 
869 72 86 115 0.027791973 
318 13 30 34 0.027739638 
809 190 53 80 0.027608167 
937 813 93 126 0.027326632 
749 187 59 80 0.026160406 
685 724 26 31 0.026139118 
675 6 51 62 0.025866369 
209 691 38 39 0.025548885 
941 5 14 16 0.025427165 
966 740 11 14 0.024894372 
720 699 22 31 0.024793237 
126 138 15 19 0.024712097 
227 731 47 62 0.023988437 
682 706 31 39 0.02392781 
281 709 55 78 0.02378717 
246 725 53 67 0.023752874 
1014 726 9 14 0.023486169 
191 699 45 47 0.023450708 
67 487 413 444 0.023386853 
1002 730 18 25 0.022953836 
131 708 32 46 0.022841277 
208 734 42 59 0.022543145 
571 704 26 34 0.022310803 
869 170 51 79 0.022245664 
183 696 36 34 0.021897292 
271 483 29 31 0.021441583 
598 696 24 28 0.020883357 
692 689 29 35 0.020839538 
985 4 31 36 0.02061126 
171 1055 18 20 0.020546138 
684 14 29 40 0.020443933 
949 718 13 18 0.020275168 
686 732 14 19 0.020157063 
