2_Demonstration_Protesters_2_221
475
517 204 58 80 0.9994419 
387 55 36 46 0.9974105 
690 96 34 48 0.99714017 
709 372 52 83 0.996567 
909 108 38 50 0.99624676 
2 200 52 85 0.9960039 
204 121 52 67 0.9937152 
572 144 51 64 0.9936952 
120 13 26 37 0.99333584 
135 56 35 41 0.9923564 
281 328 54 81 0.9920317 
923 182 34 59 0.9896242 
831 126 32 48 0.9884256 
410 282 53 85 0.98296726 
722 54 38 43 0.9816553 
410 131 35 57 0.9813007 
310 10 31 43 0.9795289 
119 96 36 51 0.9789781 
462 86 36 49 0.97822225 
12 15 30 40 0.9756866 
741 179 47 71 0.97281915 
717 5 27 30 0.9615263 
988 155 35 58 0.96076924 
223 514 87 64 0.9569011 
856 171 39 50 0.9544855 
545 72 30 42 0.9490915 
779 331 72 71 0.93172044 
673 55 31 40 0.90714616 
0 108 23 57 0.8956377 
744 140 46 65 0.87696105 
177 13 21 28 0.8696049 
885 301 90 112 0.8660578 
413 245 57 82 0.8652148 
655 93 24 35 0.8550486 
85 176 39 70 0.8545291 
594 -1 20 21 0.8294153 
298 128 34 51 0.80020666 
893 49 26 34 0.7918783 
143 247 44 60 0.78853565 
443 62 31 42 0.773931 
234 75 34 48 0.7594123 
425 26 30 38 0.7510893 
348 111 31 46 0.7501233 
960 72 26 31 0.7472812 
733 105 28 45 0.7138817 
156 137 25 33 0.6889119 
41 2 29 31 0.6745573 
403 210 50 75 0.67265326 
447 0 34 29 0.6720915 
722 210 31 44 0.589577 
314 0 28 29 0.5745538 
507 41 27 33 0.55711687 
83 344 30 61 0.5112297 
77 313 45 60 0.4532014 
921 0 21 21 0.45243573 
994 2 20 21 0.4231962 
251 0 19 21 0.41694164 
680 247 34 39 0.4060874 
626 230 38 51 0.36459744 
190 136 36 49 0.35860577 
901 0 26 25 0.3252524 
508 86 25 31 0.30277038 
529 1 23 27 0.28110167 
399 235 31 50 0.2761625 
117 243 53 67 0.27007756 
675 5 23 28 0.2648762 
846 6 24 28 0.24406402 
970 70 31 37 0.24389231 
628 -1 18 15 0.20424493 
225 71 27 43 0.20380518 
158 129 38 52 0.2025867 
26 4 41 47 0.20174447 
469 139 31 46 0.19969717 
675 268 47 59 0.19830756 
0 83 26 53 0.1935195 
779 0 17 16 0.18420373 
241 4 24 27 0.18107848 
186 107 30 40 0.18008389 
528 430 43 50 0.17750251 
290 237 45 68 0.1711883 
874 227 38 42 0.1670534 
556 60 37 53 0.16667402 
168 374 88 106 0.166434 
843 158 40 56 0.1655474 
84 361 49 67 0.16448505 
233 15 16 23 0.15390494 
218 422 52 67 0.14630404 
812 89 27 31 0.14535157 
556 38 24 30 0.14265671 
514 24 26 34 0.14088714 
686 1 28 29 0.1389018 
70 176 37 61 0.13758087 
59 2 18 21 0.13667001 
900 34 29 41 0.13201323 
482 137 33 47 0.12995574 
22 338 37 61 0.12966818 
248 24 27 32 0.12874548 
88 254 50 69 0.12773097 
741 54 26 36 0.11723363 
431 35 32 43 0.114002675 
700 1 29 30 0.11385665 
579 16 19 24 0.11222189 
741 149 30 45 0.11215563 
370 191 44 63 0.11207378 
747 131 32 49 0.10960228 
969 2 33 28 0.10914119 
578 57 30 42 0.10905833 
744 101 28 45 0.1078966 
871 183 48 56 0.106484376 
781 372 47 83 0.10598822 
128 83 39 49 0.102402516 
438 9 35 36 0.101696685 
679 292 46 65 0.09708853 
144 309 47 63 0.096941784 
226 105 52 60 0.09533752 
411 11 27 34 0.09492287 
905 -1 16 16 0.08823142 
851 0 17 14 0.087115824 
-1 358 24 47 0.085515305 
320 76 25 34 0.08493587 
111 330 52 66 0.082897194 
731 0 26 24 0.08236657 
751 320 78 94 0.08192188 
745 0 19 19 0.08157636 
301 23 31 42 0.0802449 
598 2 29 28 0.07931364 
940 158 47 65 0.07911927 
224 138 53 68 0.07879965 
850 71 31 35 0.07877851 
372 -1 15 14 0.07855895 
229 174 36 46 0.077198334 
249 81 33 37 0.07577933 
918 121 44 53 0.07541822 
181 6 14 18 0.075180724 
327 116 38 55 0.07495749 
3 8 14 20 0.07444655 
365 17 29 35 0.07395366 
91 430 56 80 0.07235782 
173 63 28 39 0.07150662 
754 17 22 30 0.07111919 
93 216 49 72 0.07064455 
604 545 18 22 0.07038334 
127 48 30 37 0.06874895 
641 249 28 35 0.06865959 
253 292 75 109 0.067966916 
857 11 16 19 0.06714718 
375 11 31 33 0.06621186 
68 284 79 102 0.066159695 
681 311 71 115 0.06589885 
246 11 27 31 0.06573776 
121 2 21 25 0.06508609 
133 117 41 55 0.06480917 
409 31 36 50 0.063902654 
157 119 31 41 0.06335698 
349 -2 16 15 0.062939614 
663 94 39 49 0.06255217 
204 211 48 67 0.062307797 
179 80 33 44 0.061880056 
381 209 46 68 0.061210763 
552 55 25 37 0.06063251 
426 42 20 28 0.060571354 
46 12 33 40 0.060235586 
295 154 30 44 0.059920866 
462 0 22 21 0.0595503 
233 18 25 33 0.059349164 
770 19 17 22 0.059088636 
862 9 27 29 0.058920808 
216 60 26 44 0.05818898 
167 318 81 114 0.058032878 
195 9 16 20 0.05774531 
177 114 29 40 0.057703126 
797 -2 26 26 0.057250194 
716 70 31 40 0.056040484 
561 29 31 35 0.055667948 
182 6 24 28 0.0551035 
226 0 17 18 0.0541181 
559 -3 26 23 0.05323778 
492 40 26 34 0.053064052 
662 72 29 38 0.053007264 
808 0 19 19 0.052733928 
625 39 26 37 0.052514873 
930 -1 28 25 0.05234138 
501 68 35 41 0.052329876 
837 185 30 40 0.052161783 
983 40 25 32 0.052158687 
444 1 21 18 0.05189985 
21 0 15 12 0.05160545 
431 53 34 46 0.051593736 
187 491 104 95 0.051477317 
42 28 29 39 0.051400315 
986 77 18 25 0.050983902 
80 398 53 79 0.050735258 
786 41 23 33 0.050594274 
891 1 26 28 0.050377697 
125 2 31 40 0.050326284 
237 28 27 35 0.050277036 
313 262 31 46 0.04987298 
517 19 19 21 0.049837198 
45 128 40 53 0.04967375 
556 -1 16 14 0.04942937 
131 297 83 103 0.04892663 
163 59 27 40 0.04886175 
162 263 38 44 0.048438586 
145 -4 29 29 0.048143055 
393 232 52 81 0.048052203 
457 143 29 42 0.047232527 
809 76 27 29 0.046902988 
794 1 17 20 0.04650506 
484 31 27 30 0.046487648 
1010 9 14 19 0.046472542 
814 41 27 42 0.04642703 
6 351 39 61 0.046215735 
147 268 57 68 0.046133894 
60 319 48 73 0.045288023 
442 44 30 44 0.044885095 
171 214 54 65 0.04481865 
462 68 35 43 0.044660233 
907 96 16 20 0.044590224 
385 12 18 20 0.044327527 
679 294 27 39 0.044301044 
448 76 37 49 0.044278126 
572 8 18 22 0.04406382 
219 194 48 67 0.043722685 
955 138 34 44 0.043651115 
541 0 25 26 0.04338776 
659 0 17 19 0.043245237 
138 199 53 72 0.0431692 
726 130 27 42 0.043115444 
182 17 29 32 0.043081462 
234 129 38 49 0.042573586 
990 7 27 29 0.0425604 
733 207 42 53 0.04235901 
925 241 47 58 0.042296227 
419 3 28 31 0.04183838 
258 19 20 25 0.041554913 
577 2 24 24 0.04152498 
571 21 29 34 0.041134313 
237 4 16 20 0.040745765 
137 331 49 73 0.040492453 
634 132 27 41 0.040180214 
264 332 36 50 0.039987195 
950 74 26 32 0.0397578 
1000 0 24 30 0.0397362 
15 116 31 40 0.039630625 
18 -2 26 25 0.039544832 
398 8 31 34 0.039532773 
63 200 44 78 0.03951786 
911 94 34 40 0.039372828 
761 130 19 27 0.039253857 
247 256 57 84 0.03913685 
82 246 85 108 0.038840182 
255 4 20 24 0.03878592 
187 60 31 41 0.03872867 
933 138 47 58 0.03859819 
188 92 35 40 0.03839303 
270 244 54 83 0.038380433 
480 0 17 19 0.038374428 
481 42 26 36 0.037580945 
874 6 27 30 0.037430916 
182 151 33 49 0.03719856 
668 2 19 23 0.037087962 
188 244 54 69 0.03696739 
221 243 58 82 0.036922544 
988 145 28 39 0.036787253 
960 81 42 49 0.03678147 
836 1 16 19 0.03674541 
114 90 30 36 0.036536817 
82 165 32 48 0.03629934 
591 62 42 50 0.036293905 
165 1 27 33 0.03601722 
697 0 18 17 0.035934895 
703 85 40 51 0.035843734 
455 55 33 42 0.03580348 
842 78 28 34 0.035663042 
158 296 43 50 0.03564392 
420 -1 16 14 0.035610326 
400 262 33 47 0.035484172 
761 154 37 46 0.035456996 
992 30 24 33 0.03520629 
120 189 47 64 0.03505933 
195 185 49 66 0.03498721 
374 302 56 69 0.034885086 
617 29 26 36 0.03475329 
141 70 40 52 0.03445404 
681 82 33 43 0.034365427 
376 0 26 25 0.034284092 
958 475 53 64 0.034275174 
643 146 28 41 0.034171816 
152 146 41 58 0.03404956 
64 143 29 38 0.03404875 
689 256 35 40 0.03397328 
597 81 29 43 0.033307504 
517 0 26 27 0.03312757 
730 334 75 109 0.033012394 
540 13 16 21 0.03261987 
369 31 34 41 0.032619763 
672 260 31 38 0.032546863 
347 313 59 64 0.03252387 
389 189 27 43 0.032301392 
614 -1 26 23 0.03211519 
770 4 25 28 0.032011714 
417 214 69 82 0.03188936 
987 34 16 22 0.031852167 
717 102 29 40 0.031249858 
798 355 39 58 0.031146195 
5 1 23 27 0.031136429 
855 147 32 39 0.031036697 
513 454 67 69 0.030966291 
474 118 34 48 0.03088254 
386 5 30 31 0.030807361 
493 82 41 52 0.030721875 
103 117 43 59 0.030380843 
898 183 32 44 0.030261066 
477 83 35 44 0.030167503 
492 127 28 43 0.030130645 
524 18 26 34 0.030129168 
747 5 26 32 0.03000679 
954 194 47 68 0.029965537 
194 67 35 46 0.02990266 
21 16 16 19 0.029837295 
342 150 27 32 0.029745078 
867 207 43 48 0.029322803 
888 288 57 77 0.029293245 
357 1 14 17 0.029288093 
174 139 33 46 0.029254396 
865 20 42 47 0.029189855 
398 192 35 48 0.029154887 
282 277 56 79 0.02915471 
101 193 36 52 0.02899461 
427 1 17 18 0.028966 
586 120 34 52 0.028908614 
610 227 39 45 0.02882853 
30 118 30 39 0.028774656 
426 142 33 41 0.028706374 
69 430 52 71 0.028596893 
687 208 29 37 0.02853934 
175 169 33 47 0.028428432 
302 72 29 38 0.028266598 
725 39 30 40 0.028237607 
88 150 47 63 0.028222112 
658 82 19 23 0.028146852 
289 173 29 36 0.027942332 
114 452 53 60 0.02788104 
804 78 16 21 0.027781485 
147 110 30 39 0.027751725 
346 167 26 33 0.027705427 
311 274 50 59 0.027523123 
844 41 26 38 0.027506217 
921 213 34 49 0.027416697 
949 0 45 50 0.027389983 
620 173 34 44 0.027340757 
439 22 22 26 0.027259024 
694 27 16 19 0.027201457 
478 460 105 101 0.027112273 
1003 0 16 15 0.027011527 
984 16 26 34 0.026758898 
607 14 21 23 0.026745118 
2 288 29 37 0.026673732 
938 133 27 35 0.026392588 
977 48 39 50 0.026389401 
760 399 55 81 0.026111422 
981 193 41 66 0.026104908 
182 167 45 66 0.026077246 
917 299 61 73 0.026069246 
635 171 41 53 0.026030317 
695 18 26 30 0.025928669 
855 3 17 19 0.02570301 
863 72 21 23 0.02562101 
133 222 80 97 0.025504554 
255 205 38 44 0.025502415 
421 49 30 42 0.02546939 
36 3 20 20 0.02546597 
337 334 58 74 0.025422502 
54 329 72 108 0.025322825 
816 305 92 115 0.025304565 
636 40 16 24 0.025284601 
707 208 27 40 0.025221135 
558 40 44 51 0.025209513 
361 0 25 25 0.025048299 
11 479 53 75 0.025034754 
681 248 19 24 0.025024569 
547 3 15 17 0.025021564 
57 25 28 39 0.024939569 
143 173 44 62 0.024881586 
730 114 21 28 0.024771135 
7 234 54 77 0.024764044 
1011 57 12 20 0.024743872 
746 22 23 31 0.024733989 
961 514 38 53 0.024553599 
477 21 25 32 0.024490964 
760 1 24 27 0.024481647 
534 73 27 36 0.024480999 
688 327 35 47 0.024359753 
780 -1 29 28 0.024307441 
803 58 28 36 0.024253288 
498 50 31 38 0.024081767 
136 273 38 52 0.024012785 
926 165 36 51 0.023840422 
904 135 34 44 0.023816114 
33 420 47 61 0.023674127 
276 -1 16 15 0.023670362 
1 233 36 57 0.02363431 
133 303 38 48 0.023632541 
247 141 39 48 0.023602821 
412 318 35 62 0.0234982 
216 151 39 52 0.023462769 
229 39 30 41 0.023457918 
522 33 24 32 0.023450634 
818 1 14 16 0.023401292 
234 213 55 76 0.023397114 
910 286 35 42 0.023374509 
232 538 55 39 0.023353377 
197 12 24 29 0.023334632 
54 426 87 113 0.02323874 
358 108 41 59 0.023237873 
299 41 31 39 0.02321444 
516 289 87 106 0.02318552 
225 52 29 44 0.023097396 
980 237 47 68 0.02293614 
875 3 17 18 0.02291523 
92 290 41 57 0.022780567 
283 -1 15 14 0.022705482 
287 69 31 41 0.02268955 
598 517 49 59 0.02265216 
397 137 30 40 0.022509735 
723 87 30 44 0.022504516 
608 126 36 42 0.02245697 
268 169 46 58 0.022293657 
550 0 14 12 0.022264028 
135 440 39 57 0.022065228 
24 77 43 54 0.02186672 
657 148 31 40 0.021834435 
460 110 35 49 0.021795193 
352 -3 24 26 0.021727627 
501 109 26 39 0.02166136 
260 0 22 21 0.021652145 
849 227 188 221 0.021646999 
415 115 33 44 0.021550616 
652 297 51 64 0.021546124 
26 210 53 78 0.02153974 
291 119 33 41 0.021505352 
396 -2 17 16 0.02139152 
939 0 32 30 0.02135315 
595 159 52 62 0.021299504 
396 -1 30 27 0.021281281 
373 124 46 57 0.021273274 
51 41 40 51 0.021227458 
314 346 61 77 0.021171076 
262 205 55 75 0.021143116 
107 105 34 44 0.021120135 
698 188 25 34 0.021100821 
107 22 27 35 0.020975431 
194 126 19 26 0.020964187 
985 224 33 48 0.020963017 
560 71 20 27 0.020894554 
830 38 25 39 0.020816006 
706 11 27 35 0.020795157 
699 166 15 21 0.020689284 
321 136 30 40 0.02067504 
438 151 34 42 0.020664973 
285 10 15 17 0.020595687 
178 133 19 28 0.020518372 
273 139 32 45 0.020512067 
65 22 19 24 0.020458616 
519 46 18 24 0.020431736 
668 237 28 37 0.020389497 
382 24 35 41 0.020352153 
578 36 32 42 0.02025022 
624 0 24 27 0.020239837 
401 163 49 70 0.02008806 
801 43 26 35 0.020065863 
436 3 18 17 0.020064235 
199 145 81 105 0.020030947 
705 58 28 37 0.020016687 
586 13 27 33 0.0200144 
