2_Demonstration_Protesters_2_817
58
290 558 35 45 0.99850744 
524 89 31 33 0.94626 
380 543 38 45 0.85303074 
297 607 42 60 0.450808 
480 137 179 213 0.20962334 
538 98 27 29 0.1843488 
553 101 16 18 0.14739428 
540 555 16 20 0.14722626 
335 582 25 33 0.09340949 
485 198 113 122 0.07518161 
469 183 34 37 0.07283207 
336 569 49 55 0.069980405 
532 613 14 18 0.06838475 
540 634 27 27 0.060266048 
355 548 51 54 0.057673004 
532 87 17 19 0.05521932 
521 93 61 56 0.05252025 
548 95 16 17 0.05084763 
541 640 15 17 0.050273933 
792 556 191 182 0.044674724 
664 566 10 12 0.043988314 
571 134 57 64 0.04125273 
522 102 32 39 0.040808313 
674 594 31 36 0.040714238 
356 60 29 32 0.04001443 
318 584 49 63 0.03980265 
598 612 14 16 0.03907064 
218 560 32 41 0.038155057 
538 118 19 25 0.036421288 
490 185 29 36 0.034543745 
530 117 32 41 0.03219208 
501 181 42 45 0.032006737 
539 126 58 67 0.030637827 
554 100 25 28 0.030037276 
552 108 101 96 0.029917076 
235 169 469 479 0.029653115 
681 543 26 33 0.029036377 
557 635 25 28 0.027873892 
415 95 342 366 0.026815234 
180 557 23 29 0.02560942 
573 141 30 38 0.025548803 
350 554 32 40 0.024760861 
495 197 34 41 0.024557585 
552 641 17 18 0.024035204 
562 99 14 17 0.023912478 
552 585 13 17 0.023708545 
566 573 117 117 0.023265762 
532 611 22 29 0.022734288 
529 624 25 29 0.02248955 
597 607 12 14 0.02239502 
491 608 27 31 0.022219114 
540 173 133 135 0.022135375 
488 548 174 183 0.021954777 
370 66 17 19 0.021504864 
611 573 60 53 0.02138374 
560 553 13 15 0.020855306 
211 554 30 34 0.0206837 
413 592 31 33 0.020310936 
