2_Demonstration_Political_Rally_2_695
648
584 364 33 45 0.9991799 
766 555 56 72 0.9978556 
806 226 23 30 0.9956773 
496 373 34 42 0.99548244 
405 372 37 44 0.9948484 
326 472 39 48 0.99438536 
439 344 31 37 0.994107 
44 238 29 34 0.9933561 
1 382 34 38 0.972071 
297 423 39 41 0.94166744 
683 181 22 26 0.9261422 
426 466 39 51 0.9235226 
18 269 25 31 0.91160566 
962 86 17 21 0.90157354 
0 17 17 19 0.89699334 
190 225 21 26 0.87622404 
882 475 30 39 0.8686011 
143 131 11 13 0.85985386 
169 210 22 27 0.848874 
214 318 26 29 0.83112735 
135 395 35 39 0.8005965 
501 471 28 30 0.7914489 
226 347 27 41 0.7896253 
658 202 20 28 0.78900826 
407 298 25 32 0.77976584 
273 249 16 21 0.74835396 
21 123 14 17 0.73769045 
704 197 18 24 0.70938134 
104 234 19 24 0.69617665 
281 404 29 35 0.6883703 
315 532 41 49 0.6522185 
364 421 30 41 0.64913267 
965 641 51 50 0.6474224 
471 460 31 40 0.6412881 
162 257 22 25 0.6211936 
239 100 12 15 0.5994361 
684 149 15 17 0.59687036 
8 433 41 45 0.5856574 
187 454 41 45 0.5745521 
567 323 25 34 0.5532237 
848 173 29 34 0.5152485 
812 177 14 18 0.503627 
398 527 38 41 0.49924612 
113 359 26 35 0.49592215 
527 444 33 40 0.48560455 
59 132 15 20 0.42198822 
347 316 25 35 0.42100033 
192 146 11 14 0.3858909 
903 526 43 60 0.3219163 
608 580 30 37 0.32128853 
63 58 15 18 0.31947502 
167 434 35 44 0.3162308 
42 220 39 44 0.28505918 
655 124 10 14 0.27639195 
795 195 17 22 0.26882362 
59 223 25 31 0.2642656 
684 276 22 29 0.25047448 
269 156 16 18 0.24762195 
303 370 23 29 0.24071635 
135 111 10 11 0.23993035 
259 206 16 21 0.23762453 
696 110 10 12 0.23402213 
296 259 23 29 0.23355806 
115 261 14 18 0.23228735 
629 157 13 16 0.22983612 
252 386 16 22 0.22151494 
113 83 12 14 0.21979259 
0 499 22 38 0.21914637 
183 268 23 30 0.21595328 
108 130 11 13 0.2128713 
242 459 27 34 0.20901534 
324 261 16 19 0.20737378 
61 421 15 20 0.20737043 
10 224 25 32 0.20461982 
234 101 11 14 0.19461575 
4 351 15 17 0.19383726 
145 277 16 22 0.1923912 
811 294 23 31 0.19135186 
209 266 25 28 0.19054277 
288 411 35 41 0.19002293 
335 318 27 37 0.18878058 
18 228 16 20 0.18435664 
101 61 11 13 0.18162218 
162 303 17 23 0.17385623 
781 136 13 16 0.1709322 
176 117 7 10 0.16669463 
245 93 14 17 0.16351137 
274 285 24 33 0.16229331 
346 396 26 31 0.15762906 
199 119 10 11 0.1567024 
187 367 28 33 0.15667984 
613 128 9 11 0.15382731 
611 203 14 17 0.1536351 
480 611 28 43 0.14849533 
39 213 13 15 0.14481927 
327 259 21 29 0.14284317 
252 188 23 25 0.1407375 
158 119 8 11 0.13890713 
219 133 12 13 0.13441132 
204 462 35 45 0.13402821 
588 181 12 15 0.13140096 
957 128 14 16 0.13063055 
511 458 40 47 0.13017544 
43 318 28 34 0.13010903 
300 254 16 18 0.12635642 
24 607 33 31 0.12591873 
631 126 8 10 0.12245911 
387 343 27 36 0.12227548 
284 400 20 24 0.12097728 
701 326 27 35 0.119783774 
174 262 24 31 0.11816626 
245 213 15 20 0.1160438 
324 331 24 30 0.11163579 
26 128 13 16 0.110245176 
73 362 32 40 0.109424286 
608 126 9 11 0.108465835 
874 350 26 39 0.10837715 
253 210 15 19 0.10633622 
184 38 9 12 0.10610518 
701 125 11 15 0.10427571 
225 461 37 40 0.10283585 
695 126 12 14 0.10255591 
680 113 10 11 0.10215983 
759 117 11 16 0.102079354 
775 137 12 15 0.10167757 
207 241 15 20 0.10078086 
107 369 22 32 0.099559665 
643 193 14 17 0.09872735 
817 274 21 29 0.0987075 
757 179 13 16 0.09826425 
68 222 15 21 0.09786009 
639 173 14 18 0.09669261 
680 141 13 16 0.09647914 
127 117 9 11 0.09588248 
1008 101 11 16 0.09440592 
286 195 14 18 0.09364939 
107 243 22 28 0.09245562 
685 116 10 12 0.09191344 
232 106 9 13 0.09178719 
113 70 8 11 0.091609165 
651 510 13 18 0.091393135 
18 282 27 32 0.09081835 
179 216 26 30 0.08711981 
166 421 30 39 0.08625218 
770 171 15 20 0.08592708 
726 459 28 42 0.085703224 
491 624 25 29 0.0844119 
640 186 13 18 0.08409683 
541 313 23 32 0.08239319 
486 467 35 38 0.08233815 
649 125 11 15 0.081681535 
417 306 20 27 0.08140417 
426 348 36 47 0.08115981 
552 321 25 33 0.079807706 
471 307 12 15 0.079071455 
307 331 14 18 0.074924774 
333 0 12 11 0.074911006 
670 484 45 68 0.07479603 
470 67 10 12 0.074308276 
769 248 15 19 0.07331503 
0 201 11 16 0.07258144 
84 318 28 35 0.07169379 
655 104 9 11 0.07140738 
625 492 42 59 0.07028288 
385 0 9 10 0.06989844 
724 138 16 21 0.06919798 
532 457 34 41 0.06834875 
916 540 45 63 0.06785663 
699 239 23 32 0.06743451 
290 252 24 27 0.06706246 
670 118 10 12 0.06683326 
145 406 42 47 0.066308714 
126 132 10 13 0.066187836 
122 120 10 12 0.065820046 
143 210 10 15 0.065142326 
109 63 9 12 0.06510368 
158 351 28 34 0.06503407 
93 221 11 15 0.06488285 
614 200 20 26 0.06432438 
597 108 8 13 0.06397383 
754 512 25 35 0.06379537 
218 329 28 36 0.06359712 
720 163 11 16 0.06330362 
708 240 17 22 0.06325577 
61 222 15 19 0.06314054 
13 415 32 38 0.0630973 
735 110 8 11 0.06304358 
409 292 19 22 0.062442217 
317 263 16 21 0.06179528 
249 133 9 12 0.061595805 
87 212 13 17 0.06146701 
172 14 10 14 0.0611962 
228 357 36 50 0.06115668 
280 249 15 20 0.06064612 
22 585 48 47 0.060584474 
96 227 12 16 0.060182564 
181 119 8 10 0.05997708 
974 116 16 19 0.059704006 
145 265 23 30 0.059231386 
187 44 12 14 0.058994856 
791 448 25 30 0.058749735 
743 500 39 58 0.058725636 
105 279 23 30 0.058219176 
22 378 28 36 0.05787858 
758 521 15 21 0.057782006 
335 334 17 23 0.057342526 
119 374 41 55 0.056726016 
79 109 11 14 0.056724627 
666 203 22 28 0.05594243 
353 415 31 40 0.055498153 
121 31 8 11 0.05501808 
642 203 21 28 0.05444317 
884 354 16 24 0.054034576 
709 482 30 37 0.05339699 
733 324 29 38 0.053032495 
261 246 22 27 0.05282669 
501 304 13 17 0.0526379 
601 124 9 13 0.05249555 
574 163 14 18 0.05241912 
87 139 12 15 0.05226026 
37 214 23 28 0.05222375 
859 408 14 19 0.051953115 
314 326 24 29 0.05171116 
819 291 15 20 0.05054097 
247 193 14 16 0.050450414 
742 126 11 15 0.05037904 
660 123 12 15 0.050217252 
150 386 34 34 0.050093513 
703 277 25 31 0.049987774 
203 29 13 16 0.049969003 
798 377 25 31 0.04979729 
182 439 36 39 0.0496441 
580 159 12 17 0.049219638 
206 125 9 11 0.049061064 
761 102 9 11 0.04897273 
165 39 9 11 0.04873731 
257 456 29 38 0.04869522 
580 180 23 28 0.04865725 
654 197 13 19 0.048533212 
118 91 11 14 0.048352 
464 40 8 11 0.04804459 
204 249 16 20 0.047047153 
4 392 44 50 0.047000587 
289 388 29 34 0.046917997 
129 111 10 12 0.046741568 
244 244 26 29 0.046594232 
176 257 17 21 0.04655322 
728 110 9 12 0.046040665 
694 115 12 15 0.045924906 
809 488 28 33 0.045812406 
190 153 13 16 0.04558708 
189 51 12 15 0.045570657 
629 204 13 18 0.045502204 
470 45 8 11 0.045362893 
103 78 9 11 0.04524277 
242 371 28 38 0.04521359 
722 280 25 28 0.045003284 
140 116 11 12 0.0448544 
216 129 9 12 0.044274334 
585 128 9 12 0.044056904 
96 365 25 33 0.04401213 
95 336 24 30 0.04392444 
102 228 17 20 0.04381756 
713 193 17 25 0.04381661 
583 132 12 15 0.04358766 
201 232 16 21 0.04355914 
211 262 16 19 0.043466855 
480 60 9 12 0.04301124 
162 288 26 33 0.042541474 
632 204 21 28 0.042219467 
338 3 13 13 0.041991863 
723 477 32 47 0.041962296 
80 103 9 12 0.04166923 
691 481 32 41 0.041334905 
715 236 23 31 0.041333057 
671 148 12 14 0.041220848 
632 133 10 13 0.041135732 
726 116 11 14 0.04102084 
472 14 8 10 0.040883824 
264 157 24 29 0.040851247 
101 340 14 18 0.04084005 
131 274 25 34 0.0406669 
194 118 8 10 0.040581748 
686 134 12 14 0.04040447 
169 119 8 10 0.040281866 
43 333 18 22 0.040236343 
639 127 10 13 0.04016654 
217 47 11 12 0.040101655 
801 175 22 29 0.039955556 
378 424 30 42 0.03982001 
87 102 10 13 0.039407037 
70 215 12 15 0.039312225 
130 504 47 47 0.03926823 
286 272 24 33 0.039097525 
484 350 17 23 0.03900214 
472 29 9 10 0.038779378 
198 251 14 18 0.038701393 
690 140 14 15 0.03869061 
694 268 26 36 0.038502082 
637 163 13 18 0.03849382 
635 518 27 36 0.038232706 
669 124 12 15 0.038211033 
1011 105 11 16 0.038145315 
240 345 19 25 0.03792947 
406 27 9 12 0.03791496 
97 67 11 13 0.037728507 
79 131 12 15 0.037616283 
671 179 12 16 0.037580203 
759 110 11 15 0.03755313 
260 278 20 31 0.037477117 
297 330 22 27 0.03727393 
630 118 9 12 0.037131548 
306 262 17 23 0.036887426 
600 584 27 42 0.03686283 
221 189 13 16 0.036805697 
8 132 10 13 0.03680287 
676 194 24 27 0.036727957 
451 424 30 39 0.036678944 
149 203 11 14 0.036644068 
85 134 12 13 0.036579054 
787 178 26 35 0.03632337 
767 100 10 12 0.036290552 
760 519 31 36 0.036282297 
725 284 15 17 0.03610848 
264 160 14 17 0.03595667 
282 445 37 49 0.035879344 
37 507 40 49 0.03585868 
687 125 12 14 0.03568445 
490 365 27 36 0.035646982 
205 258 16 20 0.035591546 
475 301 12 15 0.035531167 
134 403 18 22 0.035492036 
665 180 36 47 0.03546062 
278 194 15 19 0.03541425 
641 508 23 31 0.035371415 
95 13 10 14 0.035344906 
193 267 17 23 0.035342645 
764 174 15 20 0.035295416 
586 169 14 18 0.03528246 
85 346 26 34 0.035149068 
150 255 24 29 0.03514656 
595 83 12 15 0.035123426 
383 3 10 12 0.03508226 
124 29 10 12 0.035050012 
749 132 11 15 0.035031885 
597 79 10 12 0.034829285 
718 142 16 20 0.03453388 
815 375 25 34 0.034523763 
148 127 10 14 0.03448957 
118 250 22 30 0.034364466 
135 208 14 18 0.034308683 
1014 83 10 15 0.034144554 
239 213 14 18 0.03407234 
470 395 27 30 0.034003653 
2 483 15 18 0.03399454 
559 621 32 38 0.03393679 
470 40 8 11 0.03391726 
50 424 26 35 0.03379742 
866 444 16 23 0.033737328 
587 163 13 16 0.033591766 
405 50 13 16 0.0335815 
757 528 47 64 0.03355988 
162 271 29 34 0.03353172 
463 299 12 16 0.03332422 
200 326 28 35 0.0332312 
153 366 31 36 0.03311816 
167 124 7 10 0.03310699 
571 157 22 29 0.032960135 
0 355 13 18 0.03293993 
339 258 15 22 0.032889795 
214 137 12 14 0.032817155 
940 577 19 22 0.03278779 
9 293 29 34 0.03277851 
855 261 13 16 0.032740794 
115 371 29 40 0.032731347 
259 131 14 15 0.032712083 
6 291 14 20 0.032669567 
749 125 12 15 0.03243506 
125 101 10 12 0.032218147 
151 302 23 28 0.03216412 
602 492 47 61 0.032049827 
80 215 21 26 0.032018065 
628 199 12 15 0.031956118 
762 119 14 18 0.031894494 
167 134 9 11 0.031866666 
773 129 20 25 0.031816453 
267 461 32 40 0.031785943 
102 380 15 19 0.031785883 
253 129 13 16 0.031729843 
84 106 12 16 0.031686075 
80 78 10 13 0.031452965 
469 600 31 48 0.031105392 
170 112 8 10 0.031099577 
701 116 12 15 0.031058984 
177 38 8 12 0.031022511 
125 242 16 22 0.030922143 
440 52 10 13 0.030876085 
195 212 17 20 0.0308468 
773 169 25 31 0.030703034 
88 19 11 14 0.030640706 
119 34 9 12 0.03060363 
452 463 33 46 0.030543229 
170 310 15 20 0.030536465 
695 491 39 51 0.030453892 
198 113 10 11 0.03043336 
885 476 43 57 0.030424478 
223 110 10 12 0.030418083 
907 522 30 38 0.03040958 
731 144 13 17 0.03032456 
119 98 11 15 0.030188171 
403 360 30 40 0.030106157 
392 16 9 11 0.03009843 
55 126 12 14 0.030093072 
990 105 13 17 0.029982954 
189 30 10 13 0.029903399 
142 270 15 20 0.029852329 
56 54 12 15 0.029843133 
30 273 19 24 0.029829912 
473 23 8 10 0.029602554 
854 344 25 33 0.029589934 
7 282 24 34 0.029585706 
207 14 12 14 0.02956028 
168 139 10 12 0.029466396 
173 64 12 15 0.029407525 
217 116 8 11 0.029406395 
733 133 12 16 0.029397134 
97 55 10 13 0.029316513 
336 402 32 39 0.029269489 
650 120 19 24 0.029187696 
50 218 25 29 0.029186964 
374 409 26 37 0.029151343 
22 199 12 16 0.029150689 
189 142 19 22 0.029101938 
299 380 28 32 0.028977389 
796 359 15 21 0.0288484 
851 416 15 19 0.028625922 
589 127 9 12 0.028572807 
820 284 24 33 0.028517006 
124 124 10 13 0.028378654 
86 303 28 35 0.028366048 
101 139 12 14 0.028270481 
0 368 28 38 0.028251039 
642 498 41 61 0.028157556 
168 6 10 13 0.028040132 
25 217 21 27 0.028034857 
796 226 17 23 0.028005108 
691 248 27 35 0.028001549 
183 126 9 11 0.027903046 
640 151 10 14 0.0278779 
678 179 18 23 0.027714843 
239 229 22 30 0.027642736 
35 386 16 22 0.027516725 
631 110 9 11 0.027492715 
399 26 11 14 0.027477965 
670 111 11 13 0.027464347 
104 347 30 36 0.027310912 
566 134 9 11 0.027290788 
350 431 28 36 0.027267216 
200 36 10 13 0.027264073 
732 169 15 20 0.027256614 
299 444 42 47 0.027233128 
-1 510 32 47 0.027162313 
-2 479 23 34 0.027091611 
281 280 18 24 0.027029308 
847 408 24 33 0.02701895 
425 299 16 21 0.026847875 
134 105 11 12 0.0268426 
2 354 23 28 0.02684239 
455 23 8 10 0.026821857 
735 171 21 29 0.026710782 
269 280 18 25 0.026672265 
109 362 19 23 0.026663871 
795 84 17 21 0.026559707 
529 299 41 51 0.026395995 
778 439 30 47 0.02638198 
657 186 24 33 0.0262397 
364 0 12 11 0.026236966 
814 278 45 52 0.02610732 
389 4 9 10 0.026090525 
623 125 9 11 0.026071554 
123 94 10 14 0.025959915 
109 107 11 14 0.025889868 
790 162 37 47 0.025880594 
179 205 16 20 0.025873661 
243 389 25 31 0.025755215 
454 350 20 25 0.025664493 
3 447 43 56 0.025626218 
247 140 10 13 0.025611643 
675 212 17 23 0.025608014 
716 287 15 19 0.025576476 
229 235 15 18 0.025566781 
785 517 42 52 0.025562339 
359 311 26 36 0.025473446 
767 132 12 16 0.025388865 
860 348 15 20 0.025316423 
85 355 15 20 0.025314111 
225 212 21 27 0.025244942 
272 300 23 33 0.02521923 
796 407 28 34 0.02520079 
231 96 19 23 0.025197608 
804 565 30 45 0.02512617 
127 142 10 12 0.025034942 
592 102 11 16 0.02495656 
318 255 14 16 0.024653219 
332 276 17 22 0.024588626 
8 192 9 11 0.024578998 
639 105 8 10 0.024549384 
44 133 13 16 0.024474008 
312 342 26 33 0.02447308 
159 30 9 12 0.0243252 
683 137 22 26 0.024314512 
452 603 52 69 0.02427014 
612 163 11 15 0.024223384 
114 282 27 38 0.024217503 
979 54 27 33 0.024178544 
244 221 17 23 0.024171695 
222 116 10 11 0.024123985 
38 132 12 15 0.024081957 
93 223 21 26 0.024046255 
438 24 9 10 0.024041835 
663 146 12 15 0.02395792 
747 177 16 20 0.023934262 
91 343 18 20 0.023918062 
826 281 16 22 0.023882752 
999 102 12 16 0.023879781 
858 265 16 19 0.02384405 
507 360 29 36 0.023825843 
982 92 11 13 0.023810312 
1003 99 18 27 0.023802856 
493 482 34 39 0.023790363 
45 36 9 14 0.023768941 
67 464 27 37 0.023752252 
101 125 18 22 0.023740863 
156 203 13 16 0.023688165 
675 264 25 34 0.023529746 
623 198 12 16 0.023522034 
869 333 29 43 0.02351328 
464 44 10 12 0.023493782 
219 446 34 44 0.02348502 
736 510 28 39 0.023444857 
35 133 22 25 0.023444623 
689 195 22 27 0.02342854 
85 348 15 18 0.023424378 
71 94 9 11 0.023401782 
357 -1 14 12 0.023377946 
1006 73 12 17 0.023358399 
719 324 29 36 0.02335833 
638 524 13 17 0.02332503 
110 99 12 15 0.023250522 
221 217 15 19 0.0232495 
161 43 9 13 0.023231031 
590 158 12 15 0.023225695 
464 405 29 33 0.023217635 
230 94 13 15 0.023174625 
193 111 9 11 0.023138925 
661 138 13 18 0.02311957 
46 69 11 13 0.023073304 
723 164 22 30 0.023033282 
250 274 21 28 0.02298237 
438 426 29 35 0.022965876 
839 47 42 54 0.022963105 
55 220 15 19 0.022897853 
11 5 13 16 0.022865249 
393 20 11 14 0.022818953 
734 115 10 14 0.022816353 
664 111 10 12 0.022800997 
731 241 17 21 0.02278598 
100 231 36 45 0.022765076 
862 464 42 55 0.022711217 
707 259 31 41 0.022705767 
721 146 22 28 0.022665381 
73 106 21 26 0.022564495 
236 339 17 21 0.022515625 
306 363 18 23 0.022513336 
354 416 17 21 0.022491109 
405 286 16 19 0.022481436 
764 202 14 17 0.022468487 
71 109 11 13 0.022440773 
980 107 23 31 0.022435658 
97 496 42 50 0.022422107 
254 154 13 16 0.022384666 
22 18 13 17 0.022250652 
315 419 39 48 0.022247707 
113 229 14 17 0.022232154 
125 367 18 24 0.022210158 
416 290 26 33 0.022189809 
752 169 21 28 0.022135392 
248 126 10 14 0.022101624 
213 18 12 16 0.022098204 
131 412 33 41 0.022097323 
304 336 25 32 0.02209268 
193 254 23 30 0.022022353 
484 356 24 32 0.021987114 
403 493 44 55 0.021918967 
858 38 32 50 0.021885835 
906 494 31 42 0.021795211 
655 136 13 18 0.021795146 
4 305 34 41 0.02178744 
1 226 22 36 0.02177319 
62 357 31 41 0.02175929 
859 455 27 38 0.021688132 
185 32 9 13 0.021675093 
229 133 11 12 0.021673186 
490 502 30 36 0.02153848 
746 324 23 29 0.021536093 
313 379 18 23 0.021514503 
694 231 40 50 0.021475166 
594 181 12 14 0.021472463 
202 210 15 17 0.021470133 
726 514 42 61 0.021441983 
291 337 16 20 0.021390485 
600 118 8 12 0.0213887 
682 245 25 32 0.021362586 
843 342 26 32 0.02129538 
187 259 16 20 0.021291154 
213 203 13 16 0.021262832 
42 386 13 19 0.021243097 
888 361 17 23 0.021235827 
203 142 13 15 0.021156674 
129 249 18 22 0.021025864 
31 371 30 39 0.020921608 
71 229 18 22 0.020906607 
427 308 23 29 0.020898487 
464 307 12 15 0.020833997 
-11 333 359 433 0.020806214 
173 135 10 12 0.020761302 
845 291 47 60 0.02074866 
707 124 13 17 0.020718234 
387 337 18 24 0.020690056 
756 106 21 28 0.020685682 
632 176 13 17 0.020682713 
214 355 32 45 0.020666147 
35 229 27 35 0.02066457 
52 371 37 41 0.02063907 
680 134 11 14 0.02061204 
691 104 19 24 0.020610012 
62 215 13 16 0.02060961 
262 138 16 19 0.020364871 
31 435 33 38 0.020291552 
71 309 30 35 0.020281268 
220 234 15 18 0.020223357 
864 180 18 22 0.02019904 
258 172 24 30 0.0201808 
197 138 21 25 0.020104641 
247 258 24 31 0.020084672 
152 158 10 13 0.020078616 
18 427 20 22 0.020075291 
933 577 30 37 0.020023704 
