2_Demonstration_Demonstrators_2_413
159
130 241 24 31 0.9872366 
381 184 21 25 0.89559746 
281 224 18 24 0.84030426 
494 178 14 20 0.8137968 
110 238 11 18 0.6063258 
524 166 11 13 0.56281734 
181 261 13 17 0.49294993 
20 239 14 19 0.47306252 
147 224 14 17 0.37337878 
414 203 15 19 0.3320571 
467 153 13 17 0.32603478 
362 192 13 18 0.29310757 
97 286 18 22 0.26954514 
246 212 10 13 0.20399038 
0 260 14 26 0.1960267 
116 318 29 34 0.18324327 
34 226 27 34 0.17501068 
165 251 15 20 0.1636362 
26 232 50 56 0.15260988 
564 168 13 20 0.14513916 
631 90 48 67 0.14300323 
314 206 15 18 0.12996064 
124 308 29 37 0.12584493 
284 292 12 15 0.11824069 
50 255 34 43 0.108713076 
19 231 25 31 0.10378085 
111 236 20 28 0.09507974 
289 205 10 14 0.09195647 
103 232 16 22 0.08488452 
962 80 49 72 0.08344192 
243 256 14 20 0.07483628 
405 200 17 21 0.074684925 
171 253 19 26 0.072612636 
1 252 25 37 0.07174615 
46 234 27 33 0.06944686 
134 307 16 19 0.068887606 
8 239 27 37 0.067835465 
275 258 13 18 0.06105135 
425 199 16 22 0.060909823 
299 215 15 20 0.06085521 
253 238 12 16 0.060278624 
342 197 11 14 0.058838263 
559 187 42 58 0.057624787 
221 228 12 17 0.05725275 
65 304 33 44 0.057230547 
355 200 15 20 0.056141526 
512 167 8 10 0.05498653 
447 158 11 13 0.053773604 
432 192 24 29 0.052473173 
292 211 14 19 0.051959224 
587 177 29 34 0.051836934 
26 229 15 21 0.051657073 
487 181 16 21 0.05015688 
885 111 32 38 0.049124487 
156 246 21 28 0.047835514 
350 204 14 18 0.047520228 
618 151 33 35 0.046959378 
253 212 11 14 0.044701964 
94 230 17 23 0.043973126 
951 93 27 40 0.04378756 
277 215 15 19 0.04307484 
166 292 39 53 0.042599976 
334 210 14 18 0.042560387 
821 341 216 363 0.041789975 
910 122 58 75 0.04110548 
569 203 29 32 0.040224977 
522 212 15 18 0.03997135 
458 171 24 28 0.038642645 
444 148 12 14 0.03851204 
901 111 45 57 0.03810812 
230 253 23 29 0.037681162 
469 178 14 18 0.036823902 
461 158 16 19 0.035961278 
323 209 14 18 0.035203714 
83 285 26 32 0.035047796 
618 121 52 69 0.03501289 
341 200 21 27 0.034856364 
446 179 24 30 0.034450818 
147 231 15 21 0.03435491 
930 100 44 71 0.03413402 
555 168 23 30 0.03394025 
204 249 15 18 0.03378418 
476 174 21 28 0.03364238 
569 166 16 20 0.03345298 
115 332 19 21 0.03328417 
473 156 12 15 0.033244073 
77 269 13 17 0.032919697 
75 296 27 36 0.03290095 
392 186 15 19 0.032444052 
476 179 12 16 0.03176623 
118 241 23 30 0.031297714 
222 222 12 16 0.031247936 
154 226 11 16 0.030902557 
84 299 40 55 0.030886732 
228 233 13 18 0.030609062 
171 288 17 22 0.030600412 
284 212 14 20 0.03048019 
450 164 26 28 0.030432142 
243 291 16 21 0.03018015 
82 272 13 17 0.030090595 
277 253 24 31 0.029816698 
480 139 12 14 0.029729081 
172 246 14 20 0.029461678 
447 163 13 16 0.029117774 
244 242 22 28 0.028613687 
948 91 45 73 0.02838332 
349 197 14 17 0.028263494 
241 207 20 24 0.028214855 
957 99 14 20 0.027791463 
68 264 24 30 0.027786775 
403 185 15 19 0.027425053 
575 165 26 30 0.027232355 
487 175 13 16 0.025840549 
511 172 10 12 0.02552398 
453 185 25 31 0.025455216 
531 212 13 16 0.025361491 
462 144 12 15 0.0253496 
505 166 8 11 0.025093988 
443 193 25 32 0.024981452 
180 251 22 27 0.024936995 
509 180 10 14 0.024760181 
163 262 15 19 0.024608167 
178 268 18 21 0.024272088 
271 253 14 18 0.0242071 
139 239 17 20 0.024006797 
221 257 15 19 0.024005659 
82 231 22 29 0.023429789 
238 217 12 17 0.023391716 
979 92 48 75 0.023366613 
530 158 82 102 0.023318175 
559 167 12 17 0.023181453 
340 260 14 21 0.022948716 
765 173 383 511 0.022899073 
70 281 29 37 0.022856237 
28 194 17 20 0.022460457 
268 259 22 28 0.022172544 
651 573 55 71 0.022099435 
261 213 11 14 0.0220291 
520 162 18 22 0.022027157 
290 254 25 31 0.021629762 
876 108 26 41 0.021524461 
357 184 13 16 0.021246074 
649 154 105 130 0.0210655 
209 244 21 27 0.02104326 
392 194 24 26 0.02091917 
352 274 13 16 0.020808108 
267 244 15 19 0.02078726 
58 247 25 33 0.020733368 
149 249 90 102 0.020711197 
575 189 31 36 0.0206729 
174 227 12 14 0.020620877 
889 119 19 25 0.020549543 
430 164 10 13 0.020483984 
238 260 22 29 0.02044786 
502 202 15 18 0.020446444 
101 237 22 30 0.020445637 
228 220 12 16 0.020125944 
508 166 21 26 0.02007077 
317 214 15 20 0.020030173 
