2_Demonstration_Protesters_2_213
164
593 548 63 83 0.9969117 
959 589 52 76 0.9960377 
755 543 34 49 0.99327266 
366 309 69 95 0.99116373 
853 707 55 65 0.9145003 
526 470 19 26 0.7982733 
274 293 42 52 0.78792685 
114 457 22 28 0.66955245 
774 609 46 56 0.56114876 
48 398 12 14 0.44643897 
0 421 11 16 0.3900897 
101 405 11 14 0.31237075 
119 454 15 18 0.29873276 
18 398 14 17 0.22753245 
494 476 15 21 0.22464912 
68 392 9 11 0.2065825 
996 378 11 15 0.20354871 
6 470 16 23 0.16701421 
822 724 62 47 0.13182363 
948 385 13 16 0.12576592 
712 375 8 12 0.11354971 
97 397 9 12 0.10689101 
912 649 17 24 0.1065403 
88 266 36 41 0.10028505 
62 13 48 58 0.09965031 
2 412 15 18 0.08914367 
68 424 13 15 0.08664146 
0 398 8 12 0.07605408 
67 409 14 18 0.0664874 
0 434 12 18 0.062217206 
31 438 9 13 0.061784085 
726 495 23 29 0.061416436 
88 397 10 13 0.06078895 
639 45 13 17 0.059127115 
94 420 11 14 0.056061644 
4 405 12 14 0.055701178 
64 403 14 17 0.055315286 
2 424 14 18 0.054520447 
55 577 16 20 0.054393508 
488 472 25 34 0.052631695 
656 63 25 29 0.052604754 
155 471 24 29 0.050969034 
839 615 25 37 0.050549965 
101 421 12 14 0.05020518 
964 401 14 17 0.05002669 
97 489 16 19 0.049946528 
971 381 14 15 0.04893233 
22 420 11 14 0.047574516 
25 383 9 10 0.046455793 
738 502 16 22 0.045989677 
117 433 14 18 0.045459535 
68 469 24 27 0.044438843 
808 384 8 10 0.04420548 
886 382 12 16 0.04356959 
83 442 13 18 0.042222865 
89 415 11 14 0.042061564 
123 489 15 20 0.040371284 
94 392 11 13 0.039981812 
94 413 11 14 0.039688855 
13 420 13 16 0.039142605 
100 49 16 21 0.038164005 
50 569 26 35 0.037431635 
107 405 11 15 0.036807276 
892 380 13 17 0.036781948 
900 381 11 15 0.0367097 
769 623 35 52 0.036042273 
956 382 11 14 0.035830855 
571 123 15 16 0.03536107 
975 376 11 12 0.035345096 
145 475 24 33 0.035337802 
29 419 11 14 0.03505928 
734 382 12 15 0.034828544 
593 81 30 42 0.034277372 
147 464 21 29 0.03408709 
695 557 46 56 0.03360449 
992 385 12 17 0.033580646 
96 400 20 24 0.033541895 
808 389 8 10 0.033353146 
573 105 27 33 0.033092905 
637 41 23 30 0.033014353 
120 447 25 31 0.03255921 
23 407 21 27 0.03222108 
53 531 17 22 0.03215062 
790 398 8 11 0.032121755 
21 411 13 17 0.031862054 
1015 380 8 12 0.031625893 
817 391 7 9 0.03145266 
75 420 12 15 0.030968245 
561 95 50 55 0.030893149 
901 636 38 51 0.030659359 
911 390 11 13 0.030588228 
846 625 15 24 0.029734107 
4 476 25 37 0.029656023 
718 488 23 31 0.02921016 
759 326 10 13 0.02903268 
21 437 11 14 0.02838295 
23 390 11 13 0.02822049 
15 435 12 15 0.02814679 
599 382 11 13 0.027693225 
643 180 16 16 0.027528562 
109 436 14 17 0.027036294 
841 383 9 11 0.026932072 
117 444 14 20 0.02683154 
124 417 13 16 0.026225656 
800 712 62 54 0.02594034 
503 502 45 59 0.025836648 
918 379 10 13 0.025694514 
150 459 14 19 0.025520891 
116 404 21 30 0.025380535 
742 493 23 32 0.024936955 
519 468 14 20 0.024913654 
4 399 10 14 0.024790183 
556 408 13 19 0.024728699 
37 415 11 15 0.024651293 
477 351 18 22 0.02462353 
106 439 22 28 0.024563558 
583 93 29 35 0.024449151 
32 410 21 27 0.024396637 
6 463 11 16 0.024259454 
949 379 21 25 0.024254702 
979 388 13 16 0.02425354 
980 379 13 16 0.023893865 
27 397 11 14 0.023723625 
568 118 28 31 0.023721773 
733 271 31 37 0.02358226 
844 734 29 33 0.02357784 
510 493 26 33 0.023573404 
127 482 23 30 0.02356771 
8 406 20 25 0.023511274 
1005 380 10 13 0.023353979 
85 466 12 16 0.02328018 
826 672 54 62 0.023111355 
500 468 26 32 0.023007851 
124 433 14 19 0.022828193 
107 470 22 29 0.02279707 
118 429 23 31 0.022462454 
914 393 13 15 0.022399088 
867 695 34 50 0.02232078 
825 610 28 43 0.022139082 
717 502 16 22 0.022105755 
75 460 16 19 0.021850428 
0 402 12 15 0.021816399 
647 53 28 35 0.021561956 
119 419 11 16 0.021557758 
53 459 12 16 0.021388376 
462 352 31 39 0.02137745 
138 437 14 17 0.02137513 
12 486 23 33 0.02136823 
1 442 13 17 0.021279996 
156 467 17 21 0.021122629 
481 200 390 470 0.021072365 
90 40 27 34 0.02101801 
449 355 32 45 0.021008871 
15 413 21 25 0.020980068 
85 409 21 27 0.02088477 
733 548 43 57 0.020864539 
533 483 28 35 0.020697596 
19 396 21 26 0.020584606 
105 482 22 28 0.02047149 
102 443 14 17 0.020457828 
773 374 8 11 0.020455342 
68 414 20 27 0.020173583 
241 286 48 61 0.020154404 
581 112 14 18 0.020020617 
