2_Demonstration_Demonstration_Or_Protest_2_54
331
981 230 35 41 0.9989587 
775 135 35 41 0.997849 
444 134 36 46 0.99779475 
733 163 29 39 0.9974964 
106 160 24 30 0.99268794 
242 150 29 38 0.98920655 
860 131 39 49 0.98518014 
195 58 18 23 0.98491216 
669 137 26 28 0.98074853 
372 91 14 18 0.9667263 
171 110 20 24 0.95864207 
322 206 45 50 0.94451606 
579 207 28 40 0.93579704 
181 175 21 27 0.9299304 
533 150 18 24 0.92269576 
566 152 20 25 0.910854 
103 89 22 26 0.8964266 
267 144 19 23 0.85692084 
691 164 23 29 0.83523166 
132 154 22 29 0.83176666 
317 154 18 24 0.8243775 
505 140 21 25 0.8107197 
171 147 21 28 0.79896265 
615 163 17 21 0.7758874 
357 173 22 29 0.7638394 
274 197 18 24 0.72212666 
644 156 15 18 0.6894823 
115 154 25 32 0.6843695 
401 170 18 23 0.6634327 
631 92 11 13 0.55062217 
125 96 15 20 0.47259128 
244 118 11 15 0.43172446 
490 59 14 20 0.42456445 
650 182 18 23 0.342861 
554 171 13 18 0.27451292 
622 124 13 17 0.25624782 
583 114 10 14 0.24874267 
724 163 25 31 0.24592783 
717 155 23 31 0.22360171 
437 27 11 14 0.2065053 
201 134 17 22 0.2002278 
593 94 9 12 0.18132196 
587 196 17 20 0.1810148 
495 110 14 19 0.17740004 
614 99 9 12 0.1747195 
707 158 22 28 0.16949719 
597 93 9 12 0.16816992 
391 43 11 13 0.14055723 
639 160 15 18 0.13963166 
404 117 9 13 0.13771328 
10 423 67 60 0.13727848 
505 28 11 13 0.1276994 
906 148 23 31 0.12728001 
999 191 27 45 0.11064291 
398 66 9 12 0.109370664 
556 124 10 13 0.10458864 
0 421 116 98 0.1038946 
380 67 10 14 0.100977965 
972 67 10 12 0.09713655 
621 159 19 24 0.09294093 
532 143 15 19 0.08948129 
509 23 11 14 0.08767433 
714 204 25 31 0.08699478 
384 1 10 10 0.08397083 
405 43 10 13 0.08261842 
486 31 9 11 0.08173459 
604 154 14 17 0.08163465 
399 43 12 14 0.081296355 
278 167 12 15 0.07949852 
613 130 11 16 0.076827265 
603 139 14 17 0.07669766 
393 100 11 14 0.07476579 
309 211 39 41 0.07427414 
64 393 32 42 0.07410949 
260 152 23 29 0.07369656 
366 115 9 12 0.0732504 
653 172 16 20 0.07257992 
148 138 13 17 0.07249366 
616 124 11 16 0.072047755 
332 5 11 13 0.0720387 
698 169 25 30 0.0720119 
557 118 9 12 0.07081442 
398 102 9 12 0.06752431 
672 215 18 23 0.06739436 
488 12 9 11 0.06488996 
526 90 12 15 0.06471958 
283 171 11 13 0.06251288 
608 135 11 14 0.062436406 
17 440 36 40 0.060910586 
535 42 10 13 0.060297508 
738 155 19 23 0.059747435 
990 205 34 50 0.058309108 
322 149 15 17 0.058287956 
333 39 9 12 0.057580907 
313 161 13 16 0.0564291 
584 94 9 12 0.05632195 
562 65 9 11 0.05593443 
314 14 11 13 0.055536285 
534 125 11 14 0.053346917 
653 107 10 12 0.051876314 
599 145 14 19 0.050270654 
334 44 9 13 0.05009628 
292 185 11 16 0.049292322 
342 174 38 49 0.048513893 
708 196 24 31 0.048096314 
717 137 14 19 0.047459632 
563 209 26 34 0.047223877 
581 54 8 11 0.047167495 
276 187 13 18 0.047059998 
557 76 11 13 0.04625373 
627 105 12 16 0.046147425 
483 164 16 21 0.045304358 
436 32 15 18 0.042110264 
541 44 10 11 0.042089913 
442 69 13 15 0.042042762 
702 181 24 31 0.04142416 
893 143 27 35 0.040911812 
579 142 12 15 0.040864132 
430 147 11 15 0.040714785 
115 95 17 21 0.040713377 
509 110 11 15 0.04068423 
204 104 17 22 0.040485114 
381 74 11 13 0.04019287 
610 138 13 16 0.04008847 
698 158 15 18 0.039927464 
623 22 9 12 0.039853077 
627 209 22 30 0.039407797 
543 0 11 10 0.039179586 
382 164 13 18 0.03904999 
541 21 9 11 0.038999833 
711 168 23 30 0.038984235 
375 14 9 13 0.03878509 
725 124 10 12 0.038239483 
357 157 13 17 0.03816945 
275 178 16 20 0.037657417 
351 13 9 12 0.037298642 
578 47 7 10 0.03670624 
327 64 11 13 0.036673516 
475 112 15 18 0.036532637 
491 69 15 21 0.036510758 
519 38 9 12 0.036468476 
213 111 15 20 0.036261793 
455 29 11 15 0.036039166 
337 172 26 33 0.03578465 
359 5 10 12 0.035602473 
446 3 10 13 0.03557691 
416 0 12 12 0.035298217 
326 145 11 13 0.03506116 
174 163 24 31 0.03467252 
535 0 10 10 0.034643125 
558 91 9 12 0.034635544 
283 183 20 27 0.034042284 
584 88 7 10 0.033993296 
296 132 10 12 0.033880174 
552 131 11 15 0.033802632 
282 195 15 20 0.033608973 
489 22 9 11 0.0335452 
556 109 11 13 0.033332907 
344 132 10 13 0.033306964 
533 99 13 17 0.033210713 
332 148 12 14 0.033190604 
494 23 9 11 0.033171773 
533 86 10 14 0.03307869 
400 109 10 13 0.032676496 
726 135 11 15 0.032623455 
345 126 9 12 0.032566436 
581 199 18 28 0.031928025 
583 100 11 14 0.031844497 
144 164 14 17 0.031730093 
577 123 10 13 0.03165792 
354 0 10 10 0.031647246 
615 172 19 22 0.03157119 
230 135 22 29 0.031407893 
442 26 13 16 0.03111044 
399 29 12 13 0.031049706 
613 105 11 14 0.03079975 
614 117 11 15 0.030782262 
578 117 11 13 0.03075224 
480 29 11 12 0.03059103 
344 118 8 11 0.030132191 
527 96 13 18 0.03009834 
273 28 9 12 0.029928016 
595 191 26 29 0.029834324 
221 113 13 17 0.029691508 
63 439 40 36 0.029607978 
406 112 9 13 0.029333502 
590 98 10 12 0.029279726 
649 102 11 14 0.029213918 
636 206 16 26 0.029160528 
631 9 10 13 0.029137112 
393 61 12 15 0.02911801 
630 28 10 13 0.029066686 
557 102 10 12 0.028989919 
576 40 7 9 0.028768113 
525 141 14 19 0.028548047 
603 141 23 28 0.028476043 
269 169 15 19 0.028376069 
333 186 32 43 0.028347094 
464 22 10 13 0.02830408 
420 2 13 15 0.028157137 
344 102 9 10 0.028124742 
-3 403 60 58 0.028033402 
472 108 12 16 0.028026666 
344 95 9 10 0.027907565 
389 164 22 26 0.027768198 
405 149 14 15 0.027646514 
533 78 9 12 0.027644772 
512 36 10 12 0.027629625 
388 0 11 11 0.027538883 
804 92 16 18 0.027441097 
390 92 12 17 0.02743871 
504 134 14 17 0.027339311 
365 7 10 12 0.027334156 
606 117 12 14 0.027256418 
19 421 32 44 0.02714527 
367 12 10 12 0.026998596 
286 111 9 11 0.026873123 
973 110 7 10 0.026819743 
650 161 16 19 0.026594412 
592 89 8 11 0.02652961 
353 5 10 12 0.026485035 
369 173 24 31 0.026471624 
473 14 10 13 0.026463531 
510 149 24 31 0.026368834 
420 312 376 438 0.026350647 
292 192 13 19 0.026243566 
609 179 24 29 0.026189575 
514 152 15 19 0.02612688 
654 126 10 13 0.026087556 
535 15 9 11 0.026035681 
528 44 9 12 0.026016457 
309 39 8 11 0.025938 
471 21 11 13 0.025892524 
374 38 8 11 0.025817322 
624 101 11 13 0.02578902 
625 87 9 11 0.025782397 
91 10 30 38 0.025639752 
582 220 33 39 0.025494885 
490 55 12 15 0.025446896 
987 248 28 38 0.025373925 
1004 457 13 18 0.025364324 
524 157 17 21 0.025265442 
610 126 20 26 0.025233896 
328 178 26 32 0.025040314 
634 98 11 14 0.025033953 
397 149 14 14 0.024949502 
478 12 10 13 0.02494624 
607 162 15 18 0.024839997 
608 125 11 13 0.024833027 
329 112 8 11 0.02481634 
317 19 10 12 0.024771497 
529 79 10 13 0.02467867 
382 15 11 13 0.024574123 
718 149 13 18 0.024539918 
380 87 10 15 0.024406912 
684 118 12 16 0.024404828 
541 118 10 14 0.024389302 
570 38 8 9 0.024267713 
986 87 8 11 0.024266623 
712 133 12 16 0.024249328 
484 110 19 23 0.024226472 
492 80 12 17 0.024210062 
138 148 15 20 0.024086978 
990 87 8 10 0.023954496 
373 163 23 29 0.023951465 
581 48 8 11 0.023869112 
558 159 20 25 0.023708329 
243 126 16 21 0.023673773 
777 155 19 24 0.023610022 
719 136 21 26 0.023532532 
654 116 10 12 0.023351585 
556 84 11 14 0.02333776 
608 85 9 11 0.023307359 
500 104 12 15 0.023094224 
343 141 10 13 0.02306015 
376 6 9 12 0.02298324 
398 52 11 14 0.02295503 
974 537 29 34 0.02290506 
590 207 30 34 0.022874068 
399 119 13 16 0.022858376 
502 150 18 21 0.022839965 
304 109 8 10 0.022816388 
403 156 17 18 0.022736855 
198 122 13 19 0.022692937 
233 124 20 26 0.022685902 
541 107 10 14 0.02264475 
615 87 9 10 0.02252527 
624 27 10 13 0.022509787 
351 161 24 32 0.022487639 
989 93 9 11 0.02236523 
539 101 11 15 0.022359282 
726 147 23 28 0.022313798 
284 148 12 15 0.022306371 
518 44 11 12 0.022282913 
36 276 13 16 0.02222938 
334 69 10 11 0.022154877 
626 116 13 18 0.022044173 
923 430 93 130 0.021957204 
493 14 10 11 0.021925839 
222 21 14 18 0.021863608 
548 126 19 25 0.021851938 
559 54 8 9 0.02155579 
516 161 15 19 0.021537265 
462 29 11 14 0.021509487 
618 205 23 29 0.02142735 
609 95 9 11 0.021360768 
529 38 10 12 0.021299938 
659 164 15 19 0.021263914 
569 31 8 10 0.02125298 
516 5 11 13 0.021224998 
935 432 25 33 0.02109425 
607 79 8 11 0.021072404 
287 141 11 14 0.020994758 
384 93 20 28 0.020978738 
511 44 11 13 0.020973247 
1011 79 13 20 0.020936 
480 7 10 12 0.020745337 
713 193 16 20 0.020689584 
455 6 10 13 0.020604784 
628 154 21 26 0.020582816 
502 22 19 23 0.02056748 
552 53 8 11 0.02048298 
56 410 37 42 0.02045334 
473 6 9 12 0.020440303 
974 428 15 17 0.020370776 
550 0 10 11 0.020347128 
228 114 13 17 0.020340722 
33 422 38 38 0.020267883 
429 4 10 13 0.020174986 
545 4 10 11 0.02011444 
331 154 14 17 0.020043993 
