2_Demonstration_Demonstrators_2_414
352
483 25 24 31 0.99387217 
685 53 26 31 0.9569859 
400 34 20 22 0.9525485 
202 42 19 21 0.9228602 
596 36 25 29 0.9103448 
307 39 30 34 0.8491524 
764 47 18 23 0.8462421 
928 43 29 33 0.8159543 
135 41 22 26 0.7893471 
249 50 21 23 0.741011 
816 49 21 27 0.7134919 
293 3 24 24 0.7089249 
19 32 24 30 0.647574 
96 60 18 24 0.5389845 
942 80 26 34 0.47255847 
842 112 18 21 0.4511566 
530 0 16 18 0.44306302 
105 61 21 28 0.43145168 
861 63 16 21 0.431129 
538 57 23 29 0.3676315 
4 90 16 21 0.36269084 
122 104 28 33 0.34881464 
227 45 17 25 0.33437783 
115 65 21 27 0.33167505 
180 61 22 29 0.29994327 
489 102 25 30 0.29711878 
158 129 28 34 0.25476658 
171 55 21 31 0.24696012 
350 5 14 18 0.22747862 
822 85 20 28 0.226254 
12 41 24 31 0.21784407 
797 55 15 20 0.21013011 
591 101 25 29 0.20457648 
771 76 16 20 0.20058337 
410 99 26 32 0.20020027 
354 17 12 18 0.19207574 
319 5 13 16 0.19032453 
854 101 14 17 0.18440324 
740 50 13 18 0.18388309 
942 36 27 34 0.18326932 
475 63 18 23 0.1765056 
850 108 16 20 0.17569236 
401 69 23 30 0.1739002 
354 31 15 19 0.16930039 
0 50 12 22 0.16711402 
868 21 14 18 0.16149785 
777 101 17 21 0.15618616 
502 -2 17 16 0.15334094 
48 112 28 34 0.15282804 
46 49 15 20 0.14718916 
689 43 40 49 0.14369617 
528 125 13 17 0.1431707 
911 53 13 17 0.13135858 
290 91 16 20 0.11978341 
916 47 23 30 0.11807063 
806 54 19 23 0.11690837 
8 91 26 30 0.11614861 
423 30 12 17 0.109632604 
3 47 18 28 0.10729892 
954 36 16 20 0.1011056 
929 83 29 37 0.09968646 
827 46 18 22 0.09821954 
34 34 16 21 0.098053984 
228 38 14 18 0.097993016 
221 202 36 47 0.097499534 
854 64 15 18 0.093273535 
15 36 16 21 0.09290451 
233 116 23 30 0.091177344 
450 123 15 18 0.08925044 
383 47 12 16 0.08718221 
106 23 16 22 0.08545326 
496 98 17 20 0.08240912 
366 68 11 15 0.08228289 
742 17 14 20 0.08186786 
788 97 15 20 0.081646144 
91 3 15 18 0.08079869 
355 142 19 28 0.08001073 
354 2 19 24 0.07628271 
89 31 16 20 0.075146936 
192 98 25 30 0.07423215 
410 65 18 24 0.072095774 
32 40 24 31 0.071712345 
263 46 19 27 0.07017925 
242 70 23 31 0.06949751 
246 57 22 30 0.06906595 
303 3 19 19 0.067902066 
352 52 13 17 0.067585066 
395 -1 14 13 0.06742513 
363 0 15 14 0.06433539 
454 31 13 17 0.064259574 
426 173 17 19 0.06167283 
685 109 14 16 0.061448403 
165 63 16 21 0.05882326 
530 27 16 19 0.05812673 
365 36 12 16 0.056761734 
800 129 13 17 0.055735428 
27 -1 14 15 0.055340335 
285 91 28 34 0.055023756 
439 21 12 15 0.053753152 
277 46 16 23 0.053392194 
102 0 14 15 0.053016394 
188 65 22 28 0.052424356 
612 0 16 20 0.052079123 
746 46 20 26 0.0520344 
11 84 18 23 0.051948253 
583 0 17 19 0.051569127 
123 100 18 20 0.051477738 
86 65 15 20 0.05118436 
323 113 31 37 0.050946195 
830 79 22 29 0.05071948 
126 59 24 30 0.049946222 
769 84 20 27 0.04878817 
188 0 15 15 0.04863907 
287 28 12 15 0.047977965 
511 -1 24 23 0.047879554 
393 204 19 19 0.04765904 
388 -1 15 13 0.04743019 
406 1 12 15 0.0473713 
409 86 25 33 0.04721006 
725 61 13 17 0.046745945 
765 79 16 22 0.046537537 
626 47 15 20 0.0464579 
16 251 32 45 0.046299525 
246 121 14 18 0.04603365 
845 61 16 23 0.045838717 
234 191 17 20 0.045303367 
268 99 16 21 0.04524784 
709 49 26 33 0.04476941 
356 40 13 18 0.04473053 
275 94 22 30 0.044229463 
715 142 15 18 0.043897722 
351 41 22 30 0.04318708 
360 -2 24 24 0.043054875 
381 0 14 12 0.04266882 
296 13 17 20 0.04226132 
77 67 14 20 0.041982085 
838 118 15 19 0.041805472 
528 38 26 32 0.04142441 
194 55 29 34 0.04109443 
574 63 16 20 0.040839348 
387 27 14 18 0.040318124 
340 72 13 18 0.03997289 
342 132 27 37 0.03947373 
867 127 14 21 0.039086264 
24 45 18 24 0.038786598 
914 265 13 17 0.038525276 
458 55 16 21 0.038521644 
304 129 45 54 0.0384657 
523 48 15 19 0.038135722 
546 51 18 21 0.03810447 
301 26 28 35 0.038048264 
179 42 14 20 0.03793488 
808 182 10 14 0.03778327 
51 119 17 20 0.037738804 
951 115 15 19 0.037522145 
292 38 22 30 0.037341934 
927 56 43 55 0.03718552 
717 46 13 16 0.03706955 
681 103 23 29 0.036312487 
956 41 24 32 0.03571371 
343 3 15 19 0.035410777 
863 55 23 30 0.035238784 
806 71 14 18 0.035218883 
220 34 21 30 0.035109494 
164 41 14 19 0.034863714 
204 97 17 22 0.034700572 
601 100 16 19 0.034642052 
318 48 25 33 0.034575425 
867 17 26 32 0.034249663 
375 52 13 16 0.033718213 
182 46 25 33 0.033544607 
398 21 13 16 0.033374086 
447 162 12 15 0.033265635 
525 118 13 17 0.033260033 
367 19 13 18 0.033236086 
103 32 14 20 0.03304436 
468 60 18 21 0.03299471 
270 43 13 17 0.032329205 
371 36 12 16 0.03218578 
614 9 13 18 0.03216893 
371 225 14 17 0.032142557 
966 49 14 19 0.032103647 
361 13 22 30 0.032050237 
764 57 22 28 0.032025337 
299 205 18 20 0.03193547 
944 110 27 32 0.031923074 
171 67 24 32 0.031909198 
272 277 31 36 0.031800162 
65 123 16 18 0.03170737 
293 16 25 30 0.031628493 
797 124 22 28 0.031615674 
459 148 13 18 0.0314157 
412 36 21 29 0.031292036 
360 67 12 17 0.03107718 
412 3 11 14 0.030862356 
445 117 16 20 0.030752528 
806 62 24 30 0.030632077 
731 58 13 18 0.030255333 
767 114 12 15 0.030249747 
371 12 13 17 0.030154256 
418 58 16 20 0.029965058 
973 55 14 20 0.02993203 
486 60 21 29 0.029922107 
204 84 15 20 0.029862942 
257 45 17 22 0.02973704 
627 123 22 27 0.029718658 
329 49 16 23 0.029528765 
163 40 22 31 0.02952225 
356 56 13 17 0.029311735 
41 35 14 21 0.029058326 
422 41 15 22 0.028991649 
690 107 16 18 0.028986216 
668 74 15 21 0.028806716 
782 146 12 16 0.028697984 
559 60 23 30 0.0286624 
321 36 17 21 0.02851462 
338 127 18 20 0.028448856 
1004 53 14 22 0.028443413 
459 34 14 19 0.028318934 
526 52 21 29 0.028290413 
178 394 43 66 0.028279914 
390 37 22 26 0.028242659 
604 94 15 17 0.028111424 
92 54 16 19 0.027895235 
109 39 15 22 0.02770859 
433 171 15 17 0.027612094 
149 38 21 30 0.027577272 
437 119 26 34 0.027564965 
551 -4 23 24 0.027484989 
379 42 21 26 0.027270846 
370 -3 27 25 0.027249843 
797 175 10 12 0.02722918 
901 50 17 19 0.027148442 
97 36 23 29 0.02714645 
15 96 27 33 0.02697895 
521 115 22 29 0.02697704 
397 78 18 22 0.026949191 
428 92 14 19 0.02693453 
66 33 15 19 0.026909826 
246 44 16 22 0.026908096 
990 264 15 19 0.026842427 
92 19 14 18 0.026797049 
297 85 14 16 0.026698787 
669 57 22 31 0.026513178 
101 9 14 18 0.026441487 
814 78 22 28 0.026332194 
749 43 14 18 0.026213337 
244 86 17 23 0.026158456 
566 29 496 474 0.026011646 
670 65 13 18 0.025850207 
474 30 22 29 0.025815587 
359 24 20 28 0.025766147 
1007 1 14 13 0.025740333 
971 170 22 33 0.02558523 
323 1 14 14 0.025319591 
489 141 26 35 0.025285674 
789 63 14 19 0.025232362 
716 241 16 23 0.025220716 
495 27 23 32 0.025019094 
786 75 13 16 0.02483025 
284 3 17 21 0.024817143 
222 55 16 21 0.02476569 
55 37 23 31 0.024753448 
964 35 14 19 0.024753187 
719 166 13 17 0.024727367 
28 6 14 18 0.024692116 
87 161 15 19 0.024386795 
58 121 30 37 0.024338642 
382 35 13 18 0.024284575 
389 -4 25 23 0.024234742 
235 55 23 32 0.02420377 
302 84 25 30 0.024165224 
371 25 14 18 0.024123961 
500 66 15 21 0.02406715 
313 85 17 23 0.023951165 
84 5 17 23 0.023950469 
770 41 20 28 0.023948494 
15 39 39 44 0.023825467 
952 67 30 41 0.023674412 
924 44 18 23 0.023597421 
84 0 14 15 0.023519348 
806 316 54 52 0.023475543 
430 105 28 34 0.02338122 
371 58 14 17 0.023358045 
91 39 17 21 0.023210272 
620 56 16 22 0.023193192 
804 134 12 17 0.023146467 
203 29 17 20 0.023101998 
855 118 21 29 0.02306105 
348 139 17 22 0.022984222 
537 0 17 15 0.022960024 
607 36 17 22 0.022948038 
894 50 13 17 0.022912633 
182 486 29 44 0.022859314 
973 177 14 20 0.022817494 
308 63 27 37 0.022632034 
292 24 14 18 0.022272626 
454 242 18 19 0.02224611 
616 42 22 29 0.022199921 
795 24 15 20 0.022170419 
776 30 12 15 0.022144666 
457 122 14 17 0.022072129 
680 63 28 38 0.022062 
360 55 21 27 0.022046622 
140 56 25 32 0.022038663 
200 213 10 15 0.021990268 
418 89 26 33 0.021781975 
194 0 16 19 0.021764949 
534 0 24 27 0.021718465 
47 56 24 30 0.02170203 
780 42 13 19 0.021692602 
855 210 12 14 0.02167216 
297 214 25 31 0.021580592 
487 126 26 33 0.021534631 
188 38 23 30 0.021532118 
779 35 13 17 0.021517124 
577 56 22 29 0.02150915 
394 63 38 51 0.021425664 
765 39 15 19 0.021371823 
317 83 24 31 0.021360418 
703 0 13 12 0.021348465 
180 -1 16 15 0.021309784 
844 50 14 20 0.021307679 
66 63 22 28 0.021247586 
834 55 24 32 0.021110943 
138 69 17 22 0.021054933 
6 32 22 32 0.021038815 
930 25 44 54 0.021023817 
298 95 16 21 0.02097491 
935 37 21 25 0.020957962 
214 212 49 66 0.020911232 
581 67 23 29 0.020851344 
443 24 15 20 0.020838711 
370 -1 17 14 0.020817181 
862 137 14 18 0.020795157 
7 68 25 34 0.02071801 
147 12 390 459 0.020712422 
760 53 16 21 0.020606175 
77 125 13 15 0.020580422 
476 40 26 32 0.020576676 
110 50 13 20 0.020546973 
121 90 27 33 0.020453196 
156 -1 16 16 0.020419812 
843 72 16 20 0.020348566 
260 266 29 37 0.020320872 
508 6 17 20 0.020167403 
366 10 13 17 0.020161929 
715 56 16 20 0.020092355 
712 133 12 14 0.020091923 
220 66 16 21 0.020046271 
798 72 14 17 0.020031806 
965 215 9 12 0.02001814 
