2_Demonstration_Protesters_2_12
85
50 304 55 66 0.99627113 
21 351 51 68 0.9958845 
919 330 52 64 0.9958521 
295 281 49 62 0.99488467 
484 308 51 64 0.9938571 
826 324 45 69 0.99336207 
375 321 44 61 0.9912916 
632 340 53 74 0.99039745 
396 264 38 46 0.9839797 
682 276 41 54 0.95707965 
769 288 40 45 0.94218886 
421 336 43 56 0.88710934 
170 304 45 53 0.84324616 
640 317 46 63 0.83234584 
634 533 12 15 0.81062144 
662 581 33 55 0.6903912 
594 311 43 55 0.4959422 
544 572 13 19 0.4496068 
614 323 53 69 0.18053132 
766 330 38 58 0.16652219 
610 601 34 47 0.163595 
910 312 25 34 0.12890685 
729 322 36 54 0.118601605 
747 329 36 54 0.09866313 
161 317 35 53 0.09027451 
720 330 28 46 0.089042485 
222 292 21 29 0.08702845 
932 398 29 40 0.08267714 
476 262 16 22 0.07308114 
678 587 43 60 0.06863049 
468 582 26 32 0.06694814 
594 568 29 31 0.061002243 
151 337 28 41 0.054049138 
170 340 31 44 0.051969446 
1 222 25 45 0.051878456 
625 595 39 57 0.051819347 
797 329 44 64 0.05064514 
725 271 16 22 0.04640663 
372 297 29 32 0.045450248 
546 261 24 33 0.043651022 
628 572 11 12 0.042473894 
710 608 50 64 0.040607143 
320 306 43 58 0.038313653 
593 335 38 46 0.03681691 
622 599 13 18 0.036447678 
747 511 104 131 0.036332432 
1007 312 19 38 0.035603046 
606 590 27 38 0.03467179 
717 395 31 46 0.033103112 
551 263 12 17 0.032794174 
698 592 47 66 0.032476462 
912 317 34 44 0.03193283 
344 318 43 57 0.031156713 
506 284 14 18 0.0306474 
597 571 15 17 0.030141061 
727 567 37 58 0.028942894 
968 293 13 16 0.028876469 
261 503 37 43 0.028446738 
141 338 25 32 0.02758193 
788 512 121 143 0.026393536 
338 323 30 44 0.026083583 
476 255 16 19 0.025971858 
489 356 36 41 0.025667557 
-8 12 104 155 0.025600055 
854 300 11 16 0.025598014 
740 558 43 67 0.025558896 
762 302 41 53 0.025495423 
153 322 27 39 0.02491588 
717 562 33 49 0.02491317 
791 662 8 11 0.024810547 
822 284 29 37 0.024754668 
587 327 31 42 0.024360817 
652 373 36 44 0.024084745 
393 313 46 64 0.023867862 
378 288 45 59 0.023821814 
622 592 26 41 0.023391481 
645 590 36 50 0.023370227 
725 312 18 24 0.022078259 
122 346 16 21 0.021937797 
393 501 28 33 0.021811556 
791 668 9 11 0.021783182 
771 349 18 28 0.021751134 
671 519 13 18 0.020970881 
190 313 42 54 0.020843234 
661 305 43 65 0.020518208 
