2_Demonstration_Demonstrators_2_307
1995
111 254 13 15 0.84715146 
118 180 13 17 0.829198 
649 117 11 14 0.8181997 
89 118 9 11 0.78867275 
921 236 12 18 0.77840185 
700 77 11 14 0.7771035 
244 67 11 13 0.76924855 
752 166 11 15 0.75437516 
203 452 12 15 0.7397762 
907 215 11 15 0.7392919 
741 60 10 12 0.7347706 
257 93 11 16 0.73398113 
241 31 10 12 0.71879935 
797 6 9 12 0.7111874 
720 172 13 16 0.70542 
856 17 10 12 0.7029367 
724 22 9 11 0.6993278 
191 382 11 15 0.6965408 
33 155 14 18 0.6897474 
744 116 10 12 0.66530913 
436 71 9 11 0.66329914 
617 102 11 13 0.6623848 
49 126 9 12 0.6601661 
357 123 9 13 0.65612835 
552 29 12 14 0.6452621 
645 85 11 14 0.64185107 
586 92 11 13 0.6418302 
1008 348 13 17 0.62656355 
739 194 11 15 0.6148342 
880 231 10 13 0.6044194 
113 29 9 12 0.6017605 
468 83 9 12 0.5966895 
430 107 9 11 0.5902504 
683 92 10 14 0.58569413 
800 212 10 13 0.5845262 
793 189 11 14 0.5739268 
152 18 11 13 0.57128596 
403 71 10 11 0.5670591 
249 166 12 15 0.56095475 
268 148 15 18 0.55996513 
871 269 13 15 0.5508462 
678 119 11 13 0.5269698 
196 88 12 13 0.5235511 
914 257 13 17 0.50823283 
609 59 10 13 0.4893834 
984 85 11 13 0.48305544 
534 503 12 14 0.47610852 
177 155 12 15 0.4491635 
488 539 12 17 0.4446322 
297 190 9 12 0.43443573 
847 323 12 15 0.42357475 
135 5 8 10 0.42114276 
173 234 12 15 0.4133187 
384 5 10 12 0.41306067 
927 197 11 14 0.40162706 
524 69 12 15 0.40157288 
998 242 12 16 0.39419731 
735 131 12 15 0.38792482 
110 298 14 20 0.37799007 
260 22 10 13 0.37743336 
143 78 9 11 0.3690337 
606 147 10 12 0.36734524 
329 156 11 13 0.35732624 
532 314 12 16 0.34930474 
891 163 13 15 0.34408128 
691 59 11 13 0.34000134 
553 56 15 20 0.33966255 
504 5 9 11 0.33716056 
819 219 10 13 0.33458492 
984 78 10 14 0.33361748 
689 54 9 12 0.3324945 
935 495 11 13 0.33203182 
344 46 9 12 0.3293849 
936 110 11 14 0.32352543 
188 53 11 13 0.32132578 
101 504 10 14 0.30949694 
317 138 10 13 0.3087577 
375 45 8 10 0.3060857 
844 211 10 12 0.3035954 
553 537 18 23 0.30006155 
190 14 9 11 0.29379734 
728 56 8 9 0.2929708 
1013 79 8 11 0.29275718 
649 0 11 11 0.29249743 
874 45 12 14 0.28817913 
680 30 10 13 0.28116578 
952 220 12 15 0.27344245 
709 8 10 13 0.2728431 
913 477 10 13 0.27184874 
759 595 14 18 0.2688245 
542 132 9 12 0.26730484 
579 19 12 14 0.2659026 
618 31 11 13 0.26557115 
630 14 12 14 0.26440978 
885 477 14 17 0.25787196 
961 471 10 12 0.25508872 
767 158 11 15 0.2548163 
742 21 8 10 0.25405335 
682 35 10 12 0.2508669 
712 141 12 15 0.24963035 
394 87 8 10 0.24877611 
190 4 10 11 0.2479238 
388 395 13 16 0.24652857 
526 32 9 11 0.24035145 
143 102 10 12 0.23991428 
942 178 12 15 0.23763122 
618 167 10 12 0.23626094 
77 431 12 15 0.23470981 
181 161 12 14 0.23449446 
860 304 13 16 0.23344886 
353 9 9 13 0.23337959 
847 77 9 11 0.2329531 
296 142 10 12 0.23146708 
481 127 8 11 0.22697166 
823 301 13 15 0.22602412 
55 197 10 14 0.2247766 
711 59 9 11 0.21833304 
191 127 12 15 0.21816997 
832 238 9 12 0.21302898 
623 8 10 12 0.21187846 
884 234 10 14 0.21126947 
849 270 10 13 0.2067522 
300 32 10 13 0.20608683 
496 39 10 13 0.1996267 
497 44 11 12 0.19918746 
743 220 12 15 0.19708686 
934 54 10 12 0.19676937 
101 60 8 11 0.19619402 
125 186 11 15 0.19568548 
321 14 10 12 0.19490378 
473 16 9 11 0.19429241 
669 66 10 14 0.192824 
119 284 11 15 0.1913757 
124 47 9 11 0.19006588 
348 43 10 13 0.19004668 
942 149 9 12 0.18719612 
792 21 9 13 0.18688034 
428 335 15 18 0.1862104 
381 95 8 10 0.1851112 
32 96 9 12 0.18440762 
1008 85 10 12 0.1843731 
117 93 9 12 0.18225752 
432 525 11 15 0.17976964 
861 527 15 17 0.17906518 
849 6 10 12 0.17882463 
270 521 20 30 0.1768488 
974 390 9 11 0.17681983 
713 135 9 13 0.17607866 
279 19 9 11 0.17480275 
847 52 9 12 0.17449278 
741 15 9 12 0.17404586 
671 9 10 11 0.17227045 
671 48 9 11 0.17095701 
207 21 8 11 0.17038389 
373 164 9 12 0.1692407 
983 22 10 13 0.16763166 
671 124 11 13 0.16597354 
749 149 10 12 0.16383353 
390 61 8 11 0.16326602 
716 147 12 16 0.16149779 
936 252 12 15 0.1608025 
187 474 16 20 0.15815145 
144 83 9 12 0.15750434 
149 85 10 13 0.15728113 
758 12 8 11 0.15727298 
634 65 15 19 0.15701626 
807 25 10 14 0.15671676 
1002 92 11 15 0.15538377 
412 86 9 11 0.1552816 
601 82 10 13 0.15464373 
754 12 8 11 0.1540129 
270 117 11 14 0.15260412 
936 94 10 13 0.1524706 
65 21 10 12 0.15169391 
487 586 15 18 0.15031947 
792 214 11 14 0.14982106 
797 37 10 13 0.14961071 
192 20 9 11 0.14921124 
560 339 25 34 0.1491813 
364 6 10 12 0.14847818 
950 165 10 12 0.14471999 
936 21 10 13 0.14361186 
525 412 13 17 0.14330913 
480 108 9 13 0.1421802 
135 101 9 12 0.14211884 
97 56 8 11 0.14181265 
805 525 12 14 0.14149797 
157 73 11 12 0.14104517 
257 14 9 12 0.14076039 
31 109 11 14 0.14069085 
508 517 15 20 0.14048828 
688 21 8 10 0.14041835 
573 132 9 12 0.1400873 
360 6 9 12 0.13993247 
790 524 12 15 0.13991074 
96 83 9 12 0.13966055 
826 188 10 15 0.13846907 
239 200 11 15 0.13779798 
539 387 16 22 0.13757616 
916 287 14 18 0.13662668 
102 103 9 11 0.13607211 
116 289 14 20 0.13540266 
294 79 10 13 0.13524272 
982 90 10 12 0.13514523 
894 43 11 14 0.13496698 
953 133 9 12 0.13336048 
111 134 10 13 0.13331766 
150 357 12 15 0.13311538 
830 490 23 28 0.13196105 
960 0 10 10 0.13155104 
576 14 11 14 0.13115196 
889 15 9 12 0.13104314 
612 44 11 13 0.13070615 
629 540 15 19 0.1300213 
414 109 8 10 0.12985569 
830 512 15 20 0.12959105 
321 103 9 11 0.12865597 
776 1 9 9 0.1275801 
918 35 10 13 0.12742054 
121 79 8 10 0.12637383 
304 104 10 13 0.1262314 
666 132 13 16 0.12607951 
696 82 12 14 0.12586507 
533 4 10 12 0.12571523 
483 45 10 12 0.12559812 
943 157 9 12 0.12402989 
605 67 11 12 0.12367188 
173 56 9 11 0.12340343 
195 592 17 18 0.1229015 
190 47 10 13 0.12202107 
320 76 10 13 0.121642806 
670 157 12 15 0.1215246 
256 134 10 13 0.1212003 
646 20 13 16 0.12062192 
80 95 8 10 0.1201734 
409 171 12 16 0.11997053 
737 190 11 15 0.11885609 
770 162 13 15 0.1180867 
121 53 8 10 0.118073955 
750 45 9 12 0.11760127 
188 299 12 15 0.11701411 
154 262 10 14 0.1167798 
102 39 9 11 0.11538123 
216 30 9 12 0.11503904 
827 195 12 14 0.11471112 
333 302 13 18 0.11470356 
804 500 11 14 0.11297437 
384 61 8 11 0.11284814 
849 560 27 27 0.112739965 
646 42 11 13 0.112624496 
544 30 11 13 0.11256794 
959 232 13 18 0.112231396 
73 85 7 10 0.1113957 
424 0 10 9 0.11122751 
892 6 9 11 0.11051155 
167 212 9 12 0.110211775 
413 118 11 13 0.11003268 
263 132 9 12 0.10985303 
815 514 13 18 0.109457575 
454 527 15 19 0.10806829 
968 316 10 13 0.10734638 
150 35 10 12 0.10721764 
112 26 8 10 0.107188985 
206 37 11 14 0.10671981 
842 454 14 17 0.10658983 
447 3 10 13 0.10647986 
784 112 9 12 0.10610399 
644 188 9 12 0.10585764 
311 91 9 11 0.105818 
344 221 9 12 0.10571674 
685 87 11 15 0.10531604 
878 75 9 11 0.10523887 
687 47 9 10 0.105213635 
150 118 10 13 0.105145484 
846 356 12 15 0.104983516 
879 182 10 13 0.10493304 
321 108 10 12 0.10467796 
471 0 10 10 0.10451309 
809 151 8 12 0.10440001 
262 14 9 12 0.10417247 
904 135 12 14 0.10388616 
613 515 15 18 0.10336049 
221 13 12 13 0.10256447 
334 198 9 12 0.10245396 
1009 476 11 13 0.102402635 
760 563 12 15 0.10178787 
766 564 12 15 0.10171555 
631 8 11 12 0.100566074 
152 30 11 12 0.10041618 
960 23 9 11 0.100102134 
982 0 14 12 0.09915744 
267 431 14 19 0.097718894 
218 6 10 12 0.097206995 
369 78 9 11 0.09702672 
750 158 12 15 0.097013555 
370 158 9 12 0.09672074 
837 454 24 30 0.09651037 
246 5 9 11 0.096407734 
102 80 8 11 0.096378595 
934 167 10 11 0.096226014 
665 63 9 12 0.0961553 
278 46 10 13 0.09612223 
1006 54 11 14 0.09603261 
148 301 11 13 0.09597335 
265 5 9 11 0.09531875 
736 56 9 11 0.09527629 
977 479 10 13 0.09525916 
913 14 10 13 0.09524961 
295 135 12 13 0.0949823 
520 46 9 12 0.09475002 
119 61 8 11 0.09458869 
606 77 11 15 0.09345697 
880 209 11 15 0.093371384 
797 21 12 15 0.09326731 
522 126 10 12 0.09264143 
472 356 16 18 0.09246408 
484 321 13 17 0.09232099 
346 38 11 13 0.09227315 
302 569 21 30 0.09180818 
849 12 11 13 0.09136574 
96 108 9 12 0.09135622 
296 193 12 16 0.090948075 
991 376 10 12 0.09093563 
198 21 9 12 0.090794705 
780 62 10 14 0.09079408 
402 75 9 11 0.09070939 
200 110 10 13 0.090683214 
485 126 8 11 0.09023188 
845 221 13 17 0.09015777 
265 127 9 11 0.08996592 
63 482 12 15 0.089832835 
118 86 10 12 0.089529045 
485 108 9 12 0.08949963 
449 140 9 11 0.08929562 
38 37 13 16 0.08884163 
895 179 13 16 0.08865795 
828 204 11 14 0.08849101 
391 587 11 14 0.08826415 
880 60 10 13 0.08775844 
185 59 10 12 0.08774962 
880 492 13 16 0.08774188 
452 572 12 16 0.08773642 
760 237 11 13 0.08731413 
222 20 11 14 0.08721105 
882 465 15 18 0.08684815 
937 127 9 11 0.08678324 
332 162 10 14 0.08625567 
705 524 22 32 0.08613243 
1008 124 10 14 0.08598616 
430 11 11 13 0.08598496 
644 183 10 12 0.08589265 
427 6 12 14 0.085846886 
390 55 9 11 0.08570835 
423 78 8 10 0.085659966 
629 69 15 20 0.08546903 
89 79 8 11 0.08526372 
743 122 12 14 0.084958635 
150 91 10 13 0.0849328 
501 448 15 22 0.0846019 
522 30 9 12 0.084474206 
345 164 10 14 0.084446535 
197 14 9 11 0.084424324 
166 135 12 14 0.08438427 
645 77 12 17 0.08428896 
931 195 13 16 0.08406901 
241 6 9 11 0.08405293 
855 62 10 13 0.083411016 
3 174 14 18 0.083190575 
717 154 13 15 0.08311751 
631 578 15 18 0.083077796 
805 219 10 12 0.08299589 
918 181 10 14 0.08245419 
976 19 10 14 0.08237302 
758 133 10 14 0.08234225 
392 168 9 12 0.08233265 
606 183 11 13 0.08198276 
413 338 12 17 0.08158393 
749 179 13 14 0.081536084 
422 338 13 17 0.0814859 
393 599 11 13 0.080988266 
949 258 13 16 0.08084117 
929 494 12 14 0.08071431 
199 30 9 11 0.08048861 
751 0 8 9 0.080186285 
819 508 20 28 0.08012516 
550 516 13 16 0.08000909 
793 1 10 11 0.0799751 
1005 97 12 15 0.07986657 
93 149 11 15 0.079805054 
534 36 10 12 0.079734795 
375 88 9 9 0.07924573 
796 217 12 14 0.07920239 
441 94 9 10 0.07915 
614 79 9 12 0.07913823 
783 132 9 12 0.07901922 
696 37 8 11 0.078842975 
597 321 16 21 0.07769092 
587 389 27 35 0.07739874 
864 253 10 14 0.07706716 
288 15 9 11 0.07698932 
143 5 8 11 0.07692641 
1 146 12 18 0.0768926 
452 412 12 15 0.07683225 
520 23 10 12 0.07679877 
950 217 21 27 0.07623127 
145 123 9 13 0.07623014 
325 53 9 12 0.07613077 
535 30 10 12 0.07582813 
509 490 16 20 0.07580588 
965 195 14 16 0.075769715 
939 193 14 18 0.07571737 
137 86 8 10 0.07569831 
177 32 8 11 0.07554124 
460 588 12 16 0.07553403 
221 28 10 13 0.07549733 
145 38 10 12 0.075477265 
790 111 9 12 0.07534286 
526 496 21 25 0.07531146 
922 0 8 9 0.075166956 
765 230 10 13 0.074647464 
320 171 10 14 0.07452653 
556 516 14 18 0.074016094 
244 115 12 16 0.073922396 
186 14 8 11 0.073880985 
990 165 12 17 0.0738066 
309 103 10 13 0.073679164 
219 78 10 13 0.07364837 
792 206 9 12 0.073627524 
637 4 10 12 0.07360117 
352 143 11 14 0.07356139 
125 52 9 11 0.0730774 
1001 54 10 13 0.07290259 
726 17 10 12 0.07284548 
937 276 26 35 0.07274627 
800 496 11 13 0.07248781 
145 21 9 11 0.07237191 
126 193 12 15 0.072045684 
590 506 13 17 0.07200958 
797 525 13 16 0.07188113 
839 292 10 14 0.07179844 
233 309 11 14 0.07179186 
450 149 10 13 0.07171901 
272 30 10 12 0.071667284 
292 548 14 17 0.07163985 
926 0 8 9 0.071593136 
320 6 10 12 0.07150089 
395 195 12 14 0.07139407 
940 185 14 18 0.07075332 
525 520 13 17 0.070676714 
276 36 11 13 0.070093766 
945 218 11 16 0.06991964 
888 44 12 14 0.06988706 
426 86 8 11 0.06983581 
804 206 12 15 0.06977366 
357 220 10 15 0.069634356 
509 396 13 19 0.06957106 
715 505 13 18 0.069425076 
976 86 12 15 0.06938631 
852 78 10 12 0.06918141 
983 197 12 14 0.06904426 
852 221 13 17 0.068889014 
472 4 10 12 0.068850406 
102 44 8 11 0.06850324 
310 52 10 12 0.068223186 
552 82 11 14 0.06808987 
527 45 9 12 0.0680624 
444 87 10 11 0.06791132 
371 45 7 10 0.06769677 
574 7 8 10 0.06764377 
935 487 11 13 0.06763445 
166 170 11 14 0.067606 
797 184 11 17 0.0674248 
104 132 9 12 0.0671833 
325 4 12 13 0.06716346 
929 54 10 13 0.06695554 
135 95 8 11 0.066482365 
149 233 13 17 0.066465735 
447 136 9 11 0.066367604 
909 289 22 29 0.066361226 
884 62 11 13 0.066260986 
701 579 15 20 0.06623415 
126 210 11 13 0.06620652 
729 47 8 11 0.06609498 
750 228 10 13 0.06604987 
814 588 14 16 0.06598147 
542 514 13 17 0.06593737 
945 325 11 14 0.065625906 
138 78 8 11 0.0653614 
293 61 11 14 0.065196276 
535 390 23 33 0.06498425 
474 111 8 11 0.06486766 
502 395 13 17 0.06485627 
679 52 9 11 0.06476076 
829 93 11 12 0.064608485 
864 417 12 16 0.064509325 
940 259 14 17 0.06448408 
166 240 10 14 0.06432743 
585 112 9 11 0.06432391 
79 112 8 10 0.06415982 
333 151 9 13 0.0638544 
35 0 15 13 0.06384315 
894 276 13 17 0.063820146 
960 28 10 12 0.06376198 
935 172 11 14 0.06363454 
188 307 14 16 0.06342616 
374 587 11 13 0.06288967 
823 501 11 14 0.06273112 
145 16 8 10 0.062695764 
515 519 14 19 0.06267832 
895 140 10 13 0.062653296 
112 71 8 10 0.062423572 
166 317 12 15 0.062412895 
681 46 9 12 0.062333338 
136 158 10 13 0.062170118 
952 0 9 10 0.062163256 
869 298 12 17 0.062052067 
231 558 25 35 0.06176023 
454 465 15 21 0.061698943 
671 110 10 13 0.06163901 
928 20 10 13 0.061584115 
875 295 13 19 0.061550416 
760 22 8 11 0.061525032 
154 53 9 11 0.061517466 
840 208 10 12 0.061380014 
624 183 9 12 0.061315987 
727 186 11 14 0.061227612 
637 570 15 22 0.06113822 
156 15 9 11 0.06106925 
500 386 13 18 0.060831595 
739 271 12 13 0.060554996 
342 71 9 12 0.06051608 
810 519 16 19 0.060142152 
790 50 11 14 0.06006686 
724 147 10 14 0.05992251 
521 74 11 14 0.059920363 
935 0 8 9 0.059904188 
310 20 9 11 0.059573714 
948 522 11 15 0.05945237 
152 5 8 11 0.05940032 
551 605 12 16 0.059325293 
775 472 10 12 0.059279937 
89 4 9 12 0.05904279 
320 20 9 10 0.058834963 
604 95 10 12 0.058798537 
149 77 11 13 0.058750026 
328 36 9 11 0.058731806 
823 182 11 15 0.058717784 
885 249 14 20 0.05865817 
127 22 8 11 0.0583505 
379 63 8 10 0.058337506 
357 148 10 13 0.058249522 
479 0 11 11 0.058130357 
184 386 12 14 0.05812959 
533 320 14 18 0.058087923 
638 38 11 14 0.057943188 
765 530 10 14 0.05767159 
207 29 10 12 0.05752839 
683 117 11 13 0.05725008 
926 498 12 15 0.05721339 
622 60 12 16 0.057193033 
313 134 10 14 0.057192016 
116 135 9 13 0.05716652 
589 608 13 15 0.056991663 
997 451 11 13 0.056916904 
167 340 11 15 0.05670563 
656 53 11 14 0.056512278 
669 150 11 14 0.05646541 
727 141 10 14 0.056411047 
666 139 10 14 0.056401175 
188 490 23 31 0.056327228 
527 52 10 12 0.056078885 
158 54 9 11 0.05606127 
233 294 11 13 0.0559828 
128 14 8 11 0.055848934 
359 60 8 11 0.0557846 
862 505 13 17 0.055707492 
720 55 9 10 0.055682942 
293 442 11 15 0.055668063 
431 133 9 11 0.055664457 
398 23 9 13 0.055562384 
704 368 10 12 0.05547585 
904 63 10 13 0.05547483 
1008 148 13 18 0.055473305 
758 159 11 14 0.055269632 
791 43 10 14 0.055163234 
550 501 11 14 0.055075314 
382 149 10 13 0.05502342 
184 309 11 15 0.055012293 
169 54 9 11 0.05500582 
148 101 10 13 0.055001408 
830 84 11 13 0.054983646 
766 12 9 11 0.054887213 
262 468 12 17 0.0548669 
169 60 8 11 0.054850522 
741 97 12 14 0.05478943 
72 127 8 11 0.054737512 
993 243 11 16 0.054736502 
309 15 9 12 0.054723587 
453 612 10 16 0.054657932 
320 125 9 11 0.054574616 
996 168 13 17 0.054476682 
621 95 10 13 0.054473873 
1013 59 9 13 0.054295536 
198 114 10 13 0.054265797 
478 318 11 16 0.05422707 
134 54 9 11 0.054083742 
273 35 9 12 0.0540062 
416 106 7 8 0.05384683 
475 23 11 13 0.053819697 
369 84 9 11 0.053768028 
461 581 12 15 0.053643484 
328 59 8 12 0.053619094 
311 5 10 12 0.053577658 
38 50 13 16 0.053551126 
167 229 14 19 0.0534951 
501 70 9 12 0.053472254 
631 93 9 12 0.05346353 
494 32 8 11 0.053447243 
132 190 11 14 0.053395256 
217 556 27 37 0.05333334 
129 62 8 11 0.053206787 
238 26 11 13 0.053177558 
703 0 10 10 0.052917913 
312 46 9 12 0.05281816 
368 103 9 11 0.052760594 
204 85 10 14 0.052619193 
959 126 9 12 0.052565616 
681 380 31 35 0.052531082 
471 143 8 10 0.052450355 
636 538 14 18 0.052382212 
140 378 16 19 0.052067164 
137 28 7 10 0.051970754 
538 507 14 17 0.051892616 
833 350 10 12 0.051892087 
749 52 10 12 0.0518552 
744 37 8 10 0.051793605 
751 143 10 13 0.051661164 
934 518 12 15 0.051648196 
711 0 9 9 0.051596306 
644 537 13 17 0.05152709 
323 212 11 15 0.05150962 
616 134 12 15 0.051506918 
623 19 12 15 0.05144179 
205 500 14 18 0.051131304 
967 158 11 13 0.051102538 
135 226 10 14 0.050927706 
277 77 10 14 0.05085421 
253 68 10 13 0.050810646 
697 32 8 11 0.050699636 
967 21 10 12 0.050680444 
503 11 9 12 0.050657712 
971 221 12 16 0.05064454 
497 63 10 12 0.05056589 
877 330 15 18 0.050561395 
348 157 10 12 0.050528117 
963 226 15 20 0.050495185 
546 339 21 30 0.050431184 
431 95 8 9 0.050380155 
989 24 9 12 0.050329063 
934 506 13 16 0.050287608 
135 70 9 11 0.050111588 
840 221 12 14 0.05008317 
945 164 10 12 0.04994866 
614 67 10 14 0.049935378 
239 44 10 12 0.04990515 
426 95 7 9 0.049888447 
942 62 11 13 0.04985915 
750 476 12 14 0.049845442 
270 0 10 11 0.049803376 
773 151 11 12 0.049770825 
135 44 10 12 0.049713586 
520 52 9 12 0.049673054 
775 78 10 13 0.04962751 
149 205 12 16 0.049565297 
509 475 14 19 0.04952079 
666 12 9 12 0.04950482 
743 181 11 15 0.049375225 
828 78 11 13 0.049351327 
270 163 13 16 0.049339984 
344 150 11 13 0.0493394 
101 214 11 13 0.049291983 
973 100 12 15 0.049290836 
318 207 12 14 0.04925069 
744 30 9 11 0.04923229 
313 38 9 11 0.049114544 
880 27 11 13 0.04908245 
149 465 12 18 0.04899118 
264 38 8 11 0.04897711 
318 148 11 15 0.048937723 
823 100 11 15 0.048839655 
201 494 22 31 0.04883485 
2 183 15 23 0.04877455 
776 115 9 12 0.048711475 
291 562 14 19 0.048645623 
767 6 9 12 0.048559103 
911 386 11 15 0.048549607 
139 387 16 19 0.048534084 
478 331 11 16 0.04850295 
22 157 12 15 0.048485816 
93 143 11 13 0.048454646 
950 415 8 13 0.04844505 
481 53 8 10 0.04844423 
240 110 11 14 0.048437033 
445 523 16 18 0.048387315 
343 110 9 12 0.048355643 
849 2 9 9 0.048249196 
485 0 10 10 0.04823591 
285 555 15 17 0.048214894 
961 492 9 13 0.047988128 
522 37 9 12 0.047986086 
488 23 9 11 0.04786453 
591 588 15 17 0.047764927 
835 474 15 17 0.047756065 
706 52 9 12 0.04758699 
111 127 9 12 0.04752973 
424 47 10 12 0.047402978 
960 76 10 13 0.047377586 
50 172 12 17 0.047369916 
339 242 12 15 0.047237918 
557 570 12 16 0.047209136 
761 27 9 13 0.04720338 
158 232 12 18 0.047174167 
919 5 9 11 0.047107134 
490 29 9 12 0.046998255 
782 101 9 12 0.046965867 
586 554 14 18 0.046773855 
429 301 12 15 0.04666866 
660 517 24 29 0.046654202 
663 223 12 15 0.04662837 
48 103 10 13 0.04659254 
263 568 23 33 0.046577107 
487 40 10 12 0.046468865 
120 71 8 10 0.046420805 
213 53 10 12 0.046413925 
588 97 11 13 0.04641135 
957 44 11 15 0.046372678 
268 133 12 14 0.046340197 
541 340 14 20 0.04630483 
132 7 7 10 0.046298936 
266 117 9 14 0.046274845 
916 284 23 29 0.046260078 
367 41 9 11 0.04619123 
718 103 10 14 0.04618423 
222 70 9 11 0.04610126 
430 128 9 11 0.04603399 
915 480 12 16 0.04600335 
966 500 11 15 0.04594372 
98 103 9 12 0.04586008 
878 4 9 11 0.045821287 
975 202 12 16 0.04581122 
644 68 11 15 0.045794357 
391 109 8 11 0.045721464 
23 77 10 13 0.045695424 
263 178 13 17 0.045464642 
602 70 10 13 0.04544301 
316 217 14 17 0.045297842 
399 93 8 10 0.045261595 
764 257 13 16 0.04518459 
259 86 12 15 0.045179214 
258 27 10 12 0.045068223 
37 57 12 16 0.044944253 
53 131 11 13 0.04475262 
829 38 10 13 0.044745803 
191 580 26 31 0.04457109 
276 557 15 17 0.044558138 
384 77 9 10 0.044434268 
384 31 9 11 0.044230394 
522 404 21 27 0.04420914 
747 188 14 17 0.044164658 
325 538 15 19 0.04411759 
166 332 12 16 0.044111565 
626 532 15 19 0.04407284 
144 30 9 11 0.04391124 
274 46 9 12 0.04388493 
759 510 13 18 0.043851316 
838 94 10 12 0.04384191 
417 53 9 11 0.043776594 
182 37 9 11 0.04377046 
472 94 9 11 0.043725282 
156 565 25 33 0.043663766 
520 131 10 12 0.043629423 
852 85 10 13 0.043544263 
600 46 10 12 0.04352554 
881 483 13 16 0.04350662 
636 13 10 14 0.043471925 
324 70 9 13 0.043426868 
131 101 8 11 0.043241385 
276 123 11 14 0.043223485 
758 110 8 11 0.04322263 
997 380 10 12 0.043221567 
146 408 14 20 0.04319761 
741 66 11 13 0.043193992 
406 140 9 10 0.043152053 
105 258 13 16 0.043115955 
750 111 10 12 0.043102928 
951 471 11 13 0.042973157 
206 387 12 16 0.04296789 
793 13 10 13 0.04295977 
603 622 13 17 0.042943068 
981 455 9 12 0.042898707 
304 20 10 12 0.04286102 
133 162 11 14 0.04280506 
721 28 8 11 0.04279562 
926 59 12 14 0.042773202 
396 583 11 14 0.042762153 
753 236 11 13 0.042539846 
64 493 11 16 0.04247936 
391 28 10 12 0.04227367 
872 229 12 14 0.042250823 
417 80 8 10 0.04221047 
767 475 12 15 0.042210113 
318 38 9 12 0.042083826 
511 391 22 32 0.042057503 
188 394 13 17 0.04204536 
653 2 11 12 0.042038523 
1015 482 9 14 0.041996326 
937 246 12 15 0.04194794 
733 157 12 15 0.041905444 
559 350 16 22 0.041888673 
89 312 17 21 0.041839674 
136 12 8 10 0.041787017 
743 156 12 14 0.041786995 
223 134 9 13 0.04169173 
751 77 10 13 0.041616894 
808 166 10 12 0.041606788 
708 501 25 32 0.04160266 
113 56 9 10 0.04158933 
550 63 15 19 0.041578345 
780 0 10 11 0.041450996 
661 94 11 14 0.04137229 
124 288 12 17 0.041369945 
734 588 11 14 0.041364066 
959 71 10 12 0.041310474 
427 109 8 10 0.041242916 
150 275 11 14 0.041185975 
577 26 12 14 0.04109596 
710 47 9 11 0.041053027 
839 353 13 17 0.04102693 
128 164 10 12 0.041025043 
197 4 10 12 0.04101253 
952 127 10 12 0.040980585 
62 132 10 13 0.04091388 
645 53 12 15 0.0408917 
696 0 10 10 0.040868457 
195 52 11 14 0.040839925 
695 91 12 15 0.040808152 
803 53 12 15 0.040780842 
767 23 10 12 0.040743884 
194 504 24 35 0.04074281 
183 75 11 14 0.040742274 
737 9 8 10 0.04073862 
624 67 13 17 0.040703543 
423 9 12 14 0.040664468 
261 202 13 15 0.04062523 
573 84 11 14 0.0405713 
187 547 23 29 0.0405497 
319 46 10 12 0.04044105 
186 294 11 14 0.04037279 
738 187 19 23 0.040324878 
711 36 9 12 0.040271223 
798 58 12 13 0.040222127 
889 444 11 14 0.0401984 
990 201 11 15 0.04015932 
112 278 12 15 0.040136807 
937 5 9 10 0.04005042 
784 127 10 12 0.03998878 
775 133 10 12 0.039943118 
289 141 10 13 0.039936095 
834 505 16 21 0.039902497 
860 69 10 13 0.03983419 
512 490 22 28 0.039821524 
749 123 10 13 0.039789412 
254 125 10 13 0.03975348 
876 226 18 22 0.03971784 
764 590 12 16 0.039715715 
286 19 9 12 0.03970751 
814 87 9 12 0.03970672 
159 139 11 14 0.03963799 
940 14 11 13 0.039628804 
942 476 10 12 0.039497465 
749 39 9 12 0.03941918 
171 299 11 15 0.039405685 
607 156 9 11 0.039395727 
677 369 12 15 0.03939058 
801 135 8 13 0.03932056 
392 104 7 10 0.039244294 
943 0 9 9 0.039201785 
207 16 8 11 0.03914571 
789 225 13 15 0.03913409 
640 91 12 13 0.039113615 
110 162 11 14 0.039102975 
966 106 11 15 0.039063897 
651 111 12 16 0.039051402 
246 54 10 12 0.038987055 
934 178 15 17 0.03889789 
598 486 11 12 0.03887703 
607 101 11 13 0.038872752 
930 246 19 25 0.038775064 
568 69 10 14 0.03876545 
973 212 12 16 0.038745422 
979 483 12 14 0.038733374 
942 201 12 16 0.038657162 
650 551 23 30 0.038639978 
735 37 9 11 0.0385929 
884 25 14 16 0.038528632 
794 296 8 11 0.038514 
1000 493 12 15 0.038497757 
950 139 12 14 0.038407102 
279 429 19 25 0.03840321 
350 32 8 11 0.038401958 
231 3 9 12 0.038323253 
78 87 8 10 0.038276356 
990 468 10 13 0.038237028 
863 264 20 24 0.038216602 
247 561 23 34 0.03819978 
276 166 12 16 0.0381492 
199 261 10 12 0.0381474 
150 190 10 13 0.038137753 
1013 91 11 15 0.038058087 
74 96 8 10 0.03804645 
492 502 11 14 0.038034797 
952 487 9 11 0.037987977 
491 315 13 18 0.037827056 
941 507 10 14 0.037785023 
940 485 10 12 0.03777869 
231 93 10 12 0.037770018 
80 116 9 11 0.0377202 
233 301 10 14 0.037639022 
774 523 11 15 0.037621755 
197 444 15 22 0.037620332 
823 117 10 12 0.037570592 
677 70 12 14 0.037499715 
929 493 20 24 0.037491854 
718 60 9 11 0.037467197 
721 46 8 11 0.03743478 
662 0 8 9 0.037432723 
935 58 11 14 0.037429918 
256 5 9 11 0.037409984 
212 35 11 13 0.037399456 
324 47 9 12 0.03738586 
120 111 9 12 0.03735565 
273 565 22 32 0.03729769 
663 157 11 15 0.037248578 
410 122 9 12 0.037244994 
426 103 9 10 0.037196476 
133 62 9 12 0.037116446 
864 43 12 15 0.03711338 
110 5 9 12 0.037110977 
278 69 10 13 0.037050247 
207 268 12 14 0.037049662 
940 499 12 15 0.0369531 
918 513 12 17 0.036942374 
382 116 9 12 0.03691828 
725 157 10 14 0.036907822 
836 483 16 17 0.03689755 
887 1 8 9 0.03689595 
392 46 9 11 0.036873914 
447 110 8 11 0.036815584 
854 205 12 14 0.036796674 
216 69 11 13 0.03677322 
361 70 8 10 0.036766466 
433 75 9 11 0.036758482 
174 6 9 11 0.036739126 
917 523 12 17 0.036719043 
151 47 10 12 0.036685165 
143 43 10 13 0.036671773 
116 35 9 12 0.03665276 
473 116 8 10 0.036624704 
917 43 10 13 0.036620624 
871 40 12 16 0.036588572 
290 189 11 13 0.036585752 
862 121 11 15 0.03654605 
392 81 8 10 0.03650157 
705 48 9 12 0.03648921 
745 175 10 13 0.036405526 
912 306 13 16 0.036399327 
4 8 16 23 0.03637105 
262 60 9 12 0.03636218 
114 87 9 11 0.036358573 
143 94 9 12 0.03632805 
335 190 10 13 0.036316056 
431 62 8 10 0.03630835 
968 15 9 12 0.036293242 
868 253 13 15 0.036171224 
287 544 23 28 0.036156654 
181 31 8 11 0.036127966 
712 32 9 10 0.035990454 
256 54 9 13 0.035942145 
860 509 22 27 0.035922814 
566 30 10 13 0.03592278 
384 101 8 9 0.03591607 
525 24 10 12 0.03581899 
900 284 23 30 0.035764966 
733 45 10 12 0.035761263 
767 125 9 11 0.03574408 
782 522 12 16 0.035723645 
150 110 10 12 0.035706483 
343 225 12 15 0.03569988 
842 70 9 12 0.03569008 
983 72 10 13 0.035689935 
32 38 20 25 0.03567947 
853 212 12 14 0.03565527 
844 264 19 25 0.035636496 
737 32 9 11 0.03556589 
528 507 20 24 0.035563216 
439 134 10 11 0.035544135 
114 61 9 11 0.035481226 
383 157 10 11 0.035479598 
430 52 8 12 0.03544917 
7 516 9 13 0.035406724 
85 304 16 20 0.03536494 
320 52 11 12 0.035331544 
734 84 10 11 0.03525975 
282 456 14 18 0.035250198 
301 4 12 13 0.03520691 
784 284 9 12 0.035197683 
73 111 9 11 0.035139754 
910 69 9 12 0.035124194 
319 118 9 11 0.035113435 
885 265 14 17 0.03511078 
815 502 11 14 0.035088688 
509 386 12 17 0.035076454 
700 101 12 16 0.035060376 
144 1 9 10 0.035046037 
457 37 9 11 0.03504152 
874 494 20 25 0.034977958 
350 1 9 10 0.03494655 
528 1 9 10 0.034928247 
167 294 11 14 0.03491063 
62 13 12 15 0.03489542 
791 166 10 12 0.03485979 
816 208 20 24 0.0348343 
822 614 9 12 0.03474603 
861 227 11 14 0.034719903 
334 293 14 19 0.034714423 
998 515 13 18 0.034699727 
934 189 13 16 0.03462192 
941 524 11 14 0.034610283 
832 109 10 13 0.03460478 
974 38 9 12 0.03459961 
353 62 8 11 0.034574036 
473 26 9 13 0.0345093 
206 172 15 17 0.034504376 
412 571 13 17 0.034501273 
159 211 11 13 0.034455873 
394 92 7 10 0.034444157 
377 116 10 13 0.03444242 
229 62 10 13 0.034413505 
236 189 13 17 0.034389917 
464 0 9 10 0.03437369 
913 179 11 15 0.034330145 
885 324 13 18 0.03432229 
269 514 17 22 0.034265243 
473 100 9 13 0.034263887 
928 486 10 14 0.03424509 
96 124 9 12 0.034214996 
550 494 11 14 0.034176894 
617 14 11 13 0.034165204 
967 171 13 17 0.034120675 
936 15 10 13 0.03409625 
893 29 11 14 0.03409554 
446 101 8 11 0.03406912 
160 183 10 14 0.034001146 
586 0 8 9 0.033978567 
455 457 24 31 0.03396082 
339 46 9 11 0.033927273 
378 0 9 10 0.033847794 
569 6 9 11 0.033813905 
361 1 9 10 0.033804644 
26 109 11 14 0.033779394 
181 314 12 16 0.033771344 
665 6 9 11 0.033768184 
756 538 12 16 0.033762477 
821 554 10 14 0.033760365 
790 172 10 12 0.033750538 
311 68 9 12 0.03371674 
325 321 29 46 0.033699226 
77 304 14 19 0.03367372 
929 109 11 14 0.03365927 
873 263 14 17 0.033635724 
349 109 9 11 0.033582106 
639 0 10 10 0.033575915 
597 74 19 25 0.033538155 
830 241 12 16 0.033528004 
866 391 15 19 0.03352497 
525 389 23 33 0.033451494 
504 383 20 29 0.03343611 
213 123 11 15 0.03343557 
918 19 9 12 0.033424795 
674 526 23 30 0.033424348 
387 237 13 16 0.03341893 
620 523 14 16 0.03337353 
958 507 10 14 0.033368785 
746 46 9 12 0.0333238 
387 176 13 15 0.03327714 
377 110 10 13 0.03324404 
457 593 12 16 0.033229038 
555 77 12 15 0.03321881 
534 45 9 12 0.03320434 
664 116 11 14 0.03315859 
798 495 21 26 0.033141524 
189 430 14 23 0.033057567 
424 147 9 12 0.033049952 
136 39 9 12 0.033024725 
1016 70 9 13 0.03300062 
861 493 11 12 0.03296338 
169 49 7 9 0.032920875 
976 80 19 24 0.032911304 
1005 512 13 19 0.032851346 
439 168 8 11 0.032847278 
612 138 13 15 0.032780286 
449 579 11 13 0.032777376 
366 72 9 11 0.03275627 
851 54 11 14 0.032699708 
672 113 19 22 0.03267639 
912 31 10 13 0.032648608 
773 23 10 13 0.032627262 
861 76 10 11 0.032625947 
319 95 9 10 0.032608766 
794 13 20 25 0.032585513 
685 78 11 14 0.032565396 
927 369 13 17 0.032553133 
445 548 12 16 0.03254469 
387 284 13 17 0.03253505 
768 0 9 10 0.03251973 
190 522 16 21 0.032471474 
240 52 9 12 0.032393325 
185 20 9 11 0.0323853 
555 107 14 18 0.032333724 
53 10 12 16 0.03229175 
377 216 10 14 0.032268185 
645 15 11 14 0.03222001 
830 354 11 14 0.0321508 
172 140 11 13 0.03211649 
768 119 8 10 0.032095753 
709 85 13 14 0.032088075 
1001 237 14 19 0.032065764 
201 36 10 12 0.032051507 
871 5 10 11 0.032026276 
90 54 8 11 0.032022618 
925 179 12 16 0.03197716 
182 342 11 14 0.03196207 
946 349 10 13 0.031955708 
757 558 21 27 0.031865444 
191 99 10 13 0.031863388 
870 477 12 15 0.031832818 
836 242 12 15 0.031803057 
732 145 12 15 0.0317744 
65 128 9 11 0.031769283 
255 1 9 9 0.031766307 
808 84 9 13 0.03174441 
862 300 19 25 0.031711515 
937 143 10 14 0.031690568 
610 109 10 12 0.031647794 
936 468 10 13 0.03163561 
263 140 12 16 0.031635363 
343 115 9 13 0.03160102 
126 139 10 13 0.031595852 
775 101 9 12 0.03159518 
616 0 10 11 0.031508412 
890 20 11 13 0.031460084 
489 118 8 11 0.031459086 
958 500 11 15 0.031446856 
920 499 11 15 0.03143005 
843 289 13 17 0.031332865 
526 307 20 27 0.031332828 
864 498 20 27 0.031309873 
463 111 9 11 0.031302713 
352 132 10 12 0.03128278 
665 149 9 12 0.03128245 
618 5 11 13 0.031280838 
86 94 8 12 0.03127468 
732 124 20 25 0.031173179 
119 204 11 14 0.031123864 
22 67 10 13 0.031104159 
111 1 7 9 0.031090107 
945 414 8 11 0.031079967 
996 231 12 16 0.031079581 
831 115 12 15 0.031079115 
954 255 12 16 0.031069977 
68 484 11 14 0.03106828 
919 494 10 14 0.031063562 
1012 471 11 15 0.03105601 
143 188 10 14 0.031031672 
912 6 9 11 0.031001003 
758 1 9 9 0.030981079 
551 12 10 13 0.030921144 
990 157 11 15 0.030916274 
82 204 13 16 0.030900588 
80 99 8 11 0.030874925 
43 43 12 15 0.030822065 
408 93 8 10 0.030794172 
863 196 10 13 0.030779177 
679 75 11 13 0.03076318 
20 179 13 18 0.030756116 
711 101 12 16 0.03073194 
455 52 9 12 0.030723464 
262 44 9 11 0.030717596 
619 372 14 18 0.03069701 
444 331 12 17 0.030641133 
151 1 8 9 0.030625088 
302 125 11 12 0.03061522 
978 0 11 11 0.03060152 
951 4 8 11 0.030578345 
543 44 10 13 0.03054042 
100 299 20 27 0.030538045 
180 360 12 18 0.030529154 
781 165 11 13 0.030515593 
722 164 13 16 0.030491048 
438 110 9 11 0.030478371 
56 118 8 11 0.030453661 
80 173 10 14 0.030425895 
23 219 9 12 0.030422049 
506 453 16 22 0.030415198 
824 159 8 10 0.030337503 
478 117 9 11 0.03028865 
261 525 21 30 0.030259078 
485 403 13 16 0.030258177 
502 483 16 19 0.030256651 
758 241 11 15 0.030205201 
71 132 9 12 0.030199494 
78 127 8 11 0.030184967 
681 88 18 23 0.030176772 
447 420 9 13 0.030163694 
243 197 11 16 0.030151106 
421 72 9 11 0.030137207 
586 511 17 23 0.030093517 
383 35 9 12 0.030083038 
642 558 24 31 0.030074915 
601 102 9 11 0.030053675 
494 393 14 18 0.030037098 
492 426 14 20 0.029987892 
729 133 12 15 0.029928073 
454 547 11 15 0.02990458 
406 65 9 12 0.029876864 
872 0 9 10 0.029845657 
213 277 22 29 0.029734232 
105 70 8 10 0.029721476 
710 172 14 15 0.029703708 
800 202 20 23 0.029693102 
259 459 15 20 0.029653836 
718 0 10 10 0.029641824 
198 44 10 13 0.029634845 
47 11 13 16 0.029618662 
376 101 10 12 0.029614974 
773 141 10 12 0.02959318 
250 93 11 15 0.029590884 
615 19 11 15 0.029563475 
174 172 11 14 0.029548442 
603 509 22 28 0.029532189 
557 500 13 15 0.029489068 
268 563 15 21 0.029481182 
789 235 11 14 0.02948088 
934 47 10 14 0.029479563 
535 21 9 13 0.029475577 
661 74 12 14 0.02946559 
733 78 10 12 0.029457496 
851 318 12 16 0.029449303 
103 140 11 14 0.029445184 
681 24 9 12 0.029401334 
620 56 21 28 0.029382586 
776 95 8 11 0.029337911 
30 169 14 18 0.029309545 
804 4 10 13 0.029248005 
260 535 14 21 0.029242812 
78 133 9 12 0.029186267 
189 496 15 19 0.029181993 
375 13 10 13 0.029125532 
513 46 10 14 0.02912331 
325 127 9 11 0.029107356 
758 611 13 17 0.029093591 
573 77 10 14 0.029089926 
980 99 12 14 0.02906614 
542 36 10 12 0.029062623 
950 76 11 14 0.029041808 
902 158 12 14 0.029040935 
728 196 11 13 0.029023157 
704 77 13 15 0.028967176 
933 219 13 17 0.028929794 
238 331 9 13 0.028908437 
462 547 11 14 0.028871642 
800 277 8 11 0.028862966 
631 0 10 10 0.028859919 
801 519 19 24 0.028857388 
269 172 13 16 0.028846223 
965 475 11 13 0.028823718 
175 68 10 13 0.028811393 
311 167 9 13 0.028794877 
972 195 14 18 0.028790953 
112 175 13 16 0.028780876 
104 0 9 9 0.028772071 
305 54 9 11 0.028748449 
493 117 8 11 0.028728258 
515 446 16 20 0.02871803 
885 186 12 14 0.028693309 
860 244 11 14 0.028678017 
985 335 11 14 0.028660985 
280 560 24 27 0.028659452 
158 59 11 12 0.028631326 
485 614 11 15 0.02861259 
949 110 12 15 0.028612394 
815 61 10 14 0.028586287 
927 213 13 16 0.028556433 
260 54 10 14 0.0284673 
637 73 20 27 0.028464379 
400 13 9 11 0.028412975 
434 228 15 21 0.028379563 
290 85 9 12 0.028366486 
794 24 21 26 0.028331693 
643 59 14 17 0.028319158 
335 170 11 15 0.028315812 
952 507 10 14 0.0283121 
137 391 20 28 0.028287927 
589 21 9 12 0.028274922 
910 432 11 13 0.028270386 
825 84 10 12 0.028260116 
593 54 9 12 0.028252665 
574 595 12 15 0.028250504 
798 107 10 12 0.028229935 
233 29 11 12 0.02822036 
336 53 8 11 0.028220069 
400 135 9 11 0.028202502 
124 305 13 19 0.028176636 
884 139 12 16 0.028172504 
533 530 12 16 0.028114023 
328 296 22 29 0.028098857 
496 13 8 11 0.028094718 
541 493 12 14 0.028050883 
215 141 9 12 0.028038723 
97 498 18 23 0.027981998 
668 389 57 65 0.027979236 
794 208 17 21 0.027951906 
672 29 11 14 0.027920578 
513 53 10 13 0.02791267 
840 1 9 10 0.027890332 
767 169 13 16 0.027835924 
81 21 9 12 0.027834307 
919 204 12 14 0.027828705 
377 53 8 10 0.027810562 
727 159 21 25 0.027809313 
192 180 10 14 0.027802423 
377 141 10 13 0.027781222 
665 125 10 12 0.027774304 
827 211 11 13 0.027759166 
65 96 8 11 0.027748875 
406 7 10 12 0.027743254 
489 14 9 11 0.027723074 
932 104 18 23 0.027712736 
1008 141 12 16 0.027695455 
125 79 8 11 0.027689891 
839 261 11 13 0.027628927 
1 192 11 18 0.027627442 
775 126 9 12 0.027624315 
950 500 11 15 0.027619325 
788 309 12 14 0.0276164 
111 119 9 11 0.027613463 
293 561 25 32 0.027606666 
922 503 22 27 0.027597623 
737 93 11 14 0.027595242 
147 239 13 18 0.027592095 
570 328 26 42 0.027581612 
1013 100 10 15 0.02754056 
827 240 9 11 0.027526595 
783 214 10 13 0.027488953 
567 76 12 15 0.02746314 
383 88 9 11 0.027452692 
808 171 12 15 0.02744919 
230 302 18 26 0.027432416 
106 32 9 11 0.027415998 
172 316 11 16 0.027397 
565 493 12 15 0.027396305 
253 62 11 13 0.027351184 
444 400 13 18 0.02732547 
497 75 10 13 0.027312685 
112 78 8 11 0.027283628 
587 115 11 14 0.027275598 
277 0 11 11 0.027261436 
493 614 10 13 0.02724393 
1001 87 12 13 0.027232377 
54 102 8 12 0.027196608 
493 508 13 17 0.027195813 
861 409 21 27 0.027185598 
143 364 13 17 0.02716166 
492 355 11 14 0.02715138 
63 300 13 15 0.027150877 
97 46 9 11 0.027110199 
21 52 10 14 0.027060896 
105 119 8 10 0.027057327 
189 418 20 29 0.027032707 
418 0 9 10 0.026991248 
383 70 8 10 0.026964962 
535 11 9 13 0.02695662 
128 95 8 12 0.026955197 
383 110 9 12 0.026944116 
767 579 12 15 0.02694186 
166 126 11 14 0.026891557 
493 449 16 21 0.026882602 
982 165 13 17 0.02687348 
188 158 11 14 0.026859583 
917 436 11 13 0.026847845 
926 47 11 14 0.026836833 
436 14 9 11 0.026833655 
1012 117 12 17 0.026784506 
999 115 11 14 0.026771344 
813 226 12 13 0.02676676 
336 220 11 14 0.026754715 
531 334 21 30 0.02670942 
70 306 12 17 0.026709383 
417 6 10 12 0.026686585 
189 77 11 15 0.026684318 
772 565 11 14 0.026683178 
877 285 15 19 0.026676923 
823 183 17 25 0.026598811 
475 127 8 10 0.026596231 
834 223 22 26 0.02659327 
-1 137 19 30 0.026578337 
722 135 19 25 0.026574304 
552 497 225 229 0.026561573 
829 142 10 13 0.026558667 
830 231 21 26 0.02655775 
909 223 14 18 0.026544753 
976 76 12 15 0.02653903 
740 139 12 15 0.026505105 
427 408 13 18 0.026481677 
756 149 10 14 0.026469558 
461 536 13 18 0.026435727 
89 84 9 11 0.026434403 
787 214 19 24 0.026431689 
446 31 10 13 0.026414854 
251 116 11 16 0.026409207 
321 31 8 10 0.026406914 
104 557 12 17 0.026393965 
992 36 11 15 0.026392223 
495 0 10 10 0.026385987 
712 153 12 15 0.026381932 
939 54 11 14 0.026379893 
532 52 10 12 0.026317319 
923 28 12 15 0.02631571 
542 138 10 13 0.026289642 
115 296 20 26 0.026272006 
943 68 11 13 0.026242243 
688 526 27 34 0.026210258 
627 547 22 27 0.026209144 
471 316 13 16 0.026153522 
526 528 13 16 0.026112584 
839 61 10 12 0.026094195 
516 384 13 18 0.026072308 
933 87 13 16 0.026057957 
56 480 14 17 0.026020873 
638 585 12 16 0.026007574 
984 469 11 13 0.025999226 
148 196 11 15 0.025962759 
716 4 10 12 0.025951535 
924 506 12 17 0.02593775 
157 163 12 15 0.025934756 
959 464 12 14 0.02593317 
564 499 13 17 0.025929088 
592 14 9 12 0.0259233 
157 222 12 15 0.025904387 
958 35 12 16 0.025903285 
573 61 10 13 0.025872476 
837 22 12 15 0.025848486 
261 78 11 14 0.025802292 
23 152 20 25 0.02580128 
260 406 14 18 0.025792506 
765 491 12 18 0.025778687 
965 4 10 11 0.025772756 
842 498 14 18 0.025760112 
608 41 9 13 0.025757471 
72 117 9 11 0.025754733 
781 76 11 14 0.025753992 
31 48 13 17 0.02574704 
1 17 10 18 0.02573656 
628 576 23 29 0.025706463 
871 245 12 15 0.025706092 
604 55 18 21 0.025675965 
540 515 21 27 0.025657214 
861 212 11 13 0.025656428 
310 63 10 12 0.025644025 
850 498 23 27 0.025614057 
926 132 9 12 0.02558983 
928 128 9 12 0.025571125 
547 384 16 23 0.02552825 
537 125 11 14 0.025527412 
334 0 11 11 0.02552414 
928 523 11 15 0.02552248 
646 577 13 17 0.025508976 
292 226 13 17 0.025506658 
760 531 11 16 0.025505686 
344 172 9 12 0.025502224 
292 136 18 22 0.025498504 
419 0 21 23 0.02546322 
415 136 9 11 0.025433147 
663 100 11 13 0.025397051 
29 83 10 13 0.025386525 
102 12 10 13 0.025386177 
755 505 21 29 0.025376625 
816 300 11 14 0.025376488 
511 77 9 12 0.025373235 
471 340 12 14 0.025361475 
295 126 10 13 0.02535789 
910 411 12 17 0.025355741 
47 139 10 14 0.025326462 
456 47 10 12 0.025317552 
787 519 19 25 0.025315173 
836 86 10 12 0.025279012 
803 187 14 17 0.025269108 
183 372 13 18 0.025235785 
6 175 19 28 0.025227612 
471 333 11 15 0.025219528 
230 325 9 12 0.02521736 
917 277 14 18 0.025202777 
584 500 14 19 0.025197998 
927 430 10 12 0.025193032 
982 243 12 18 0.025161382 
804 195 14 18 0.02515067 
358 166 11 13 0.025141006 
567 84 11 15 0.025138753 
937 446 8 12 0.025120746 
784 228 11 14 0.025110401 
325 20 10 12 0.02509729 
383 179 11 13 0.02508777 
1005 2 12 14 0.025074666 
42 126 11 14 0.02507349 
855 535 24 27 0.025064416 
561 7 9 12 0.02503798 
493 519 15 20 0.024997655 
899 37 11 15 0.024995169 
982 459 11 13 0.0249898 
459 403 15 19 0.0249733 
439 102 9 12 0.02496609 
380 298 12 17 0.0249607 
998 445 12 14 0.024908189 
740 151 20 25 0.024897862 
164 566 15 20 0.024893994 
476 340 13 15 0.02489045 
530 73 13 16 0.024889585 
50 316 12 14 0.024876615 
413 325 13 18 0.024873083 
789 69 11 14 0.024869898 
677 137 13 16 0.024852648 
157 36 9 11 0.024852369 
365 152 9 13 0.024850417 
726 27 8 11 0.024850158 
532 329 16 20 0.024840867 
63 116 9 13 0.024819791 
463 555 11 15 0.024784569 
236 474 14 17 0.02477104 
834 200 20 25 0.024740646 
399 65 10 12 0.024719603 
872 236 12 13 0.024716983 
542 84 11 14 0.024707766 
1006 107 12 16 0.024702609 
461 38 9 11 0.02464097 
287 54 9 12 0.024637433 
231 192 21 26 0.02463589 
431 141 9 12 0.024610959 
189 534 22 31 0.024608184 
446 564 14 18 0.024577744 
846 209 20 25 0.024576163 
367 10 9 12 0.024503453 
134 451 14 18 0.02450295 
916 508 20 27 0.024498833 
433 520 20 24 0.024447575 
759 252 13 15 0.024439769 
752 131 11 15 0.024431625 
957 148 12 15 0.024388352 
100 148 11 15 0.024369074 
149 261 18 25 0.02436408 
543 52 12 16 0.024359768 
814 531 13 16 0.024338365 
462 4 11 14 0.024331221 
898 280 15 21 0.024314238 
425 126 9 11 0.024307488 
6 168 11 14 0.024277193 
221 124 10 14 0.024264688 
792 1 19 22 0.024249598 
559 493 12 15 0.02424495 
42 166 21 28 0.024230484 
848 59 11 14 0.024221107 
525 385 15 20 0.024196444 
131 306 13 17 0.024196288 
799 149 9 13 0.024194347 
110 101 9 12 0.024191668 
782 476 11 15 0.024161546 
921 197 12 14 0.024141388 
806 227 10 13 0.024125958 
854 189 10 12 0.024091609 
993 390 10 13 0.024091322 
988 190 13 16 0.02408374 
797 227 11 14 0.024077779 
734 200 13 16 0.02405521 
367 54 8 10 0.024032362 
776 613 12 15 0.024019474 
693 115 11 14 0.02400078 
785 220 11 14 0.023989754 
752 386 28 37 0.023989696 
785 140 9 12 0.023986142 
798 166 9 12 0.023968227 
923 259 14 16 0.023958307 
205 103 11 14 0.023955181 
655 68 10 14 0.023953551 
893 147 13 15 0.02394762 
440 5 10 13 0.023940153 
186 5 9 11 0.0239232 
751 72 9 11 0.023912448 
882 450 21 27 0.02390345 
476 411 13 17 0.023903271 
935 39 10 12 0.023899768 
534 381 15 18 0.023889275 
156 93 10 13 0.023876479 
722 179 20 25 0.023871858 
19 149 13 16 0.023870857 
88 268 10 13 0.023862546 
133 339 13 17 0.023861654 
298 145 12 15 0.023856172 
219 490 15 21 0.023842657 
381 588 11 13 0.023833869 
120 24 8 10 0.02383037 
299 200 14 17 0.023799159 
759 116 8 11 0.023796806 
542 610 12 16 0.023795297 
408 330 20 28 0.023783766 
184 1 10 10 0.023780517 
326 441 14 17 0.023774816 
382 214 10 14 0.023753837 
770 110 8 11 0.023733836 
671 37 11 14 0.023725312 
356 268 13 15 0.02370085 
884 52 13 15 0.023687962 
463 30 9 11 0.023663603 
401 140 10 12 0.023638012 
790 126 9 12 0.023633743 
854 0 8 9 0.023599988 
374 182 10 13 0.02359347 
400 159 9 11 0.023587232 
181 169 12 15 0.023587111 
766 132 10 14 0.023577938 
227 12 11 13 0.023564897 
243 560 18 25 0.023563843 
687 55 18 22 0.023550076 
281 335 27 35 0.023546431 
759 128 10 13 0.023538439 
274 538 24 31 0.023531515 
749 171 21 25 0.023525493 
569 12 9 12 0.023512267 
792 76 9 13 0.023497812 
236 183 12 15 0.023474017 
85 197 13 15 0.02346989 
188 122 19 25 0.023453588 
824 175 10 13 0.023443384 
967 437 9 12 0.02344305 
815 107 11 15 0.023434443 
772 482 11 15 0.02342351 
240 59 18 23 0.023414299 
117 163 12 14 0.023412284 
828 100 11 13 0.023403998 
606 72 19 24 0.023400038 
449 563 20 27 0.023397664 
727 38 10 12 0.023375254 
414 93 8 10 0.023358017 
737 51 19 22 0.02335327 
834 286 19 24 0.023352705 
173 124 9 12 0.023340516 
416 158 8 11 0.023319373 
920 58 11 14 0.023317434 
854 512 16 20 0.023314325 
965 35 11 14 0.023304686 
103 96 8 11 0.023304641 
350 102 9 12 0.023298185 
231 150 9 13 0.023296077 
222 279 13 17 0.023282075 
335 20 11 13 0.023271333 
670 103 10 13 0.023268744 
134 183 11 14 0.023264514 
186 163 12 15 0.02325853 
285 36 9 13 0.023212261 
258 559 22 31 0.023201777 
159 48 9 11 0.023193574 
615 24 19 25 0.023193132 
864 0 8 8 0.023175308 
407 158 9 11 0.023157824 
1000 90 20 25 0.023156274 
137 515 17 20 0.023139136 
247 134 11 14 0.023128532 
706 574 14 17 0.023125904 
166 218 11 15 0.023106553 
484 432 17 22 0.023106273 
695 106 13 17 0.023082659 
868 275 21 25 0.023076465 
256 39 9 11 0.023069808 
862 190 10 13 0.023062132 
899 162 12 15 0.02306053 
821 494 24 32 0.02305879 
351 225 10 16 0.023024455 
491 533 14 18 0.023018168 
210 496 23 32 0.022996295 
1001 125 10 15 0.022985945 
41 132 11 13 0.022982242 
105 5 10 13 0.022974832 
942 210 20 26 0.022963041 
909 307 23 29 0.022941543 
140 340 13 17 0.022925723 
7 79 9 12 0.022918588 
923 515 21 27 0.022912141 
359 39 10 13 0.022898652 
972 500 13 18 0.02289669 
141 182 11 13 0.022866486 
600 94 10 11 0.02286062 
740 481 14 18 0.02286037 
143 352 21 26 0.02282747 
910 392 11 15 0.022823913 
496 6 11 12 0.02280322 
999 155 12 17 0.022801213 
29 177 13 17 0.022799622 
272 22 9 12 0.022798646 
232 102 10 12 0.022797547 
664 58 20 24 0.0227965 
766 482 13 17 0.022795465 
837 228 12 16 0.022769598 
33 162 20 26 0.022755668 
743 9 8 10 0.022739904 
774 228 10 14 0.022729581 
453 323 13 17 0.022728076 
943 37 10 14 0.022725567 
918 52 10 14 0.022725292 
910 261 15 19 0.022705799 
903 431 11 14 0.022698253 
209 51 10 14 0.022691993 
469 420 16 19 0.02268668 
591 156 9 11 0.022682702 
324 151 17 23 0.022681251 
846 263 11 14 0.022667792 
79 79 8 11 0.022665726 
520 416 14 18 0.02266165 
676 6 10 12 0.022643253 
935 478 10 12 0.02264178 
139 257 14 17 0.022635877 
159 0 9 10 0.02262619 
212 166 14 16 0.022612464 
1000 347 20 25 0.022575708 
195 372 16 20 0.022569178 
174 119 10 12 0.022565395 
78 209 12 16 0.022544917 
601 28 9 12 0.022544758 
768 152 11 14 0.022537736 
72 45 9 12 0.02253563 
814 317 9 12 0.022496182 
192 119 10 13 0.02247041 
871 212 10 14 0.02246844 
549 318 13 16 0.022467157 
481 41 9 12 0.022460429 
938 158 11 13 0.022459561 
846 416 11 16 0.022448646 
391 158 8 10 0.022446783 
982 75 18 23 0.02242493 
918 244 19 25 0.022424627 
791 27 11 15 0.022404596 
53 139 11 14 0.022400653 
534 63 10 13 0.022387626 
158 6 9 11 0.022381736 
719 38 10 11 0.022379357 
727 0 9 9 0.022379216 
849 546 26 29 0.022376493 
418 71 8 11 0.022341903 
814 205 12 15 0.022337066 
378 5 9 12 0.02232867 
940 5 11 12 0.022323407 
876 243 14 16 0.0223149 
94 261 11 15 0.022310605 
1006 446 8 11 0.022290474 
85 28 9 12 0.022286842 
55 37 10 13 0.022256663 
735 69 11 13 0.022256473 
784 235 11 13 0.022255918 
118 98 10 13 0.022252733 
23 213 9 13 0.022241894 
893 170 14 16 0.022231858 
168 5 10 12 0.02222976 
121 15 7 10 0.022198202 
531 467 22 30 0.022187397 
798 75 11 14 0.022182228 
289 134 10 12 0.022163937 
856 242 11 14 0.022161946 
248 12 9 12 0.022155683 
229 23 11 14 0.022151578 
783 36 10 14 0.022142783 
747 126 19 25 0.022131627 
648 492 229 235 0.022127617 
105 500 14 18 0.022126833 
717 93 11 13 0.02212619 
232 108 10 13 0.022124218 
838 188 12 16 0.022099482 
789 60 11 14 0.022091957 
876 251 14 17 0.022087405 
278 189 11 15 0.022064194 
307 129 18 24 0.022060836 
136 120 9 11 0.022060746 
88 101 8 11 0.022052845 
879 203 20 24 0.022042623 
181 396 14 17 0.022025423 
112 184 13 16 0.02202052 
420 118 10 12 0.022015663 
728 71 10 13 0.022004357 
293 3 12 14 0.021989299 
139 250 14 16 0.021984637 
639 211 12 13 0.021971427 
448 53 9 11 0.02196411 
933 510 21 26 0.021957848 
168 29 10 12 0.02193445 
599 20 9 13 0.021929653 
437 326 21 28 0.021917786 
456 32 9 11 0.021904146 
726 190 22 26 0.021896757 
775 462 9 12 0.021892235 
95 213 12 14 0.021887593 
958 487 10 13 0.021884866 
693 21 9 11 0.021882847 
165 307 13 17 0.021862652 
598 492 11 14 0.021832656 
504 616 10 13 0.02182892 
511 379 12 18 0.021818627 
940 518 11 14 0.0218012 
907 477 19 24 0.021793023 
947 170 14 17 0.021786377 
1005 128 12 17 0.021766497 
181 243 10 14 0.021750974 
390 37 10 12 0.021747548 
751 22 8 11 0.021744428 
345 143 10 14 0.021720761 
381 46 9 12 0.02169659 
654 92 11 14 0.021696413 
950 68 10 13 0.021661557 
35 101 11 14 0.021652447 
176 12 8 11 0.02165188 
841 46 10 14 0.02163021 
571 8 247 255 0.021628998 
926 4 10 11 0.021625914 
341 181 10 12 0.021624452 
302 62 9 13 0.02160882 
885 282 14 18 0.021600856 
985 55 9 12 0.021599637 
458 394 14 18 0.021598551 
60 2 14 17 0.021594187 
51 84 10 13 0.021593602 
439 127 8 11 0.021562934 
555 549 15 21 0.021533098 
696 4 10 12 0.02152767 
984 439 9 12 0.021508858 
535 180 11 13 0.021493975 
727 77 9 12 0.021477466 
927 515 12 16 0.021408947 
447 315 11 16 0.021403985 
990 52 10 13 0.021379102 
950 260 20 28 0.02137839 
497 523 21 26 0.021376817 
304 84 10 13 0.021363763 
686 109 11 15 0.02134869 
72 100 8 11 0.021337772 
450 538 20 28 0.021314453 
781 531 12 15 0.021308582 
224 63 10 13 0.021303453 
991 462 10 13 0.021288756 
516 500 21 28 0.021282975 
782 307 12 15 0.021280494 
626 477 18 22 0.02126705 
985 375 10 12 0.02122796 
454 605 12 17 0.021193672 
630 99 11 14 0.021192638 
435 460 14 16 0.021185953 
396 202 12 15 0.021183917 
42 121 18 22 0.021170411 
309 197 12 15 0.021168698 
746 0 8 9 0.021161541 
346 30 9 11 0.021155957 
806 78 10 12 0.021126473 
463 54 9 11 0.021122338 
675 26 18 24 0.021121716 
1013 128 12 18 0.021115374 
157 116 10 13 0.0211024 
811 27 11 14 0.021088287 
565 60 12 16 0.02107472 
616 362 25 33 0.02107382 
549 44 12 14 0.021055622 
670 63 21 24 0.021051532 
231 67 9 13 0.021042189 
213 337 13 17 0.021031363 
702 36 10 12 0.021029044 
837 99 11 14 0.021015242 
131 291 12 16 0.021005318 
287 126 10 13 0.02100154 
190 41 9 11 0.020977488 
917 470 12 15 0.020964244 
690 86 20 23 0.02094244 
286 91 10 13 0.020927802 
669 389 34 39 0.020919673 
270 159 21 28 0.020903058 
336 182 10 13 0.020891292 
980 16 12 14 0.020890566 
483 328 13 19 0.0208796 
401 8 9 11 0.020872217 
739 112 18 23 0.020866951 
173 92 11 13 0.020863818 
923 35 11 14 0.020856904 
669 20 11 13 0.020850852 
958 109 11 14 0.020847986 
889 34 20 25 0.020825595 
637 48 21 26 0.020817198 
591 78 10 13 0.020812135 
105 554 28 43 0.020805666 
409 105 7 9 0.020800572 
294 253 14 16 0.020792248 
94 0 9 10 0.020770293 
937 262 22 28 0.020763775 
541 397 25 37 0.020759543 
807 309 11 14 0.020741869 
423 158 9 12 0.020739602 
734 593 13 16 0.020734785 
710 481 51 58 0.02072316 
36 115 12 14 0.020716485 
157 110 10 12 0.020714507 
138 444 20 29 0.020706147 
927 174 11 14 0.02070393 
345 103 8 12 0.020693697 
812 307 11 14 0.020690285 
960 197 21 26 0.020676685 
389 151 9 12 0.020667 
681 103 21 25 0.020650096 
313 77 9 12 0.020642951 
200 382 20 26 0.020617923 
869 197 10 13 0.020604948 
268 450 13 20 0.020602629 
358 154 11 13 0.02058843 
286 30 10 13 0.020577773 
376 149 10 13 0.020575363 
97 134 9 12 0.020574473 
963 100 19 26 0.020573415 
433 275 23 33 0.020567002 
702 162 11 15 0.020558255 
80 29 9 11 0.020554844 
174 307 10 15 0.020551354 
685 134 11 15 0.020538982 
555 391 15 20 0.020538172 
293 22 10 12 0.020517992 
841 5 9 11 0.020511087 
743 211 20 27 0.020508947 
319 83 10 12 0.020508545 
108 263 14 17 0.02050402 
309 214 22 28 0.020489272 
1013 542 10 15 0.020479357 
492 39 17 21 0.020465877 
200 61 8 12 0.020462483 
951 449 12 15 0.02042779 
184 284 11 15 0.020410473 
700 510 41 49 0.020407667 
13 229 10 12 0.020398395 
68 293 12 15 0.020388149 
376 124 10 12 0.020382846 
163 178 12 16 0.020375967 
93 -54 242 249 0.020362863 
704 132 10 13 0.020355236 
454 405 13 18 0.02034011 
288 148 11 14 0.02030848 
942 75 12 14 0.020269364 
944 511 21 27 0.020268302 
1013 109 11 15 0.020264411 
892 490 13 17 0.02025372 
550 334 12 17 0.02024953 
546 102 19 26 0.02023853 
870 494 12 14 0.020236267 
286 437 16 19 0.02023066 
764 517 23 28 0.020223241 
104 21 9 12 0.020223053 
293 491 13 17 0.020214938 
693 583 20 28 0.02021061 
830 250 11 15 0.020199755 
863 275 12 15 0.02019971 
167 71 9 12 0.020189485 
93 283 11 14 0.020180924 
405 586 11 15 0.020168088 
822 197 20 25 0.020165592 
840 145 10 14 0.020165533 
222 149 11 15 0.02015408 
227 285 12 15 0.020152356 
673 128 19 24 0.020152023 
782 471 10 13 0.020149121 
268 187 13 16 0.02014586 
450 406 22 28 0.020093845 
694 67 11 15 0.020088935 
519 479 24 32 0.020088883 
693 595 19 28 0.020086912 
782 540 11 14 0.02008279 
650 85 11 14 0.020036297 
859 237 12 15 0.020008788 
459 572 13 18 0.0200072 
