2_Demonstration_Protesters_2_508
153
949 175 34 38 0.9983724 
955 110 23 30 0.99204844 
313 179 30 37 0.9915388 
870 141 22 37 0.98495704 
717 166 38 43 0.9769404 
653 155 26 31 0.9568194 
785 140 28 28 0.9417244 
91 176 23 32 0.934877 
988 145 24 30 0.89476216 
235 187 23 31 0.8657235 
181 208 30 31 0.7454647 
865 123 15 19 0.4224264 
935 155 21 28 0.31826478 
442 200 35 39 0.2639184 
180 194 25 35 0.2471509 
544 166 23 36 0.21426149 
272 73 16 19 0.20612516 
700 184 29 38 0.19133855 
612 198 29 44 0.18650882 
183 221 25 30 0.16165344 
176 87 11 13 0.1521567 
300 183 28 37 0.14268021 
253 179 24 33 0.124528795 
638 148 12 16 0.11430039 
26 182 30 35 0.10943833 
706 198 27 36 0.09941502 
262 176 26 33 0.09525869 
259 196 25 32 0.08560837 
590 143 13 16 0.083715074 
741 210 31 39 0.07996247 
711 181 38 45 0.07443171 
566 232 40 45 0.07398461 
619 200 40 52 0.073135085 
357 220 42 52 0.073013574 
189 181 26 33 0.0712574 
100 177 26 35 0.07067492 
802 175 24 31 0.06795301 
865 126 21 29 0.067415245 
439 119 14 19 0.067081966 
499 201 16 20 0.06677438 
94 158 28 36 0.061517995 
277 179 25 35 0.060358305 
665 153 20 23 0.05982046 
749 214 16 19 0.059171718 
353 159 28 40 0.058612432 
454 207 43 50 0.055534147 
766 175 13 19 0.054211855 
781 147 19 22 0.053381 
491 207 17 20 0.047031026 
364 167 24 36 0.045730963 
227 299 31 42 0.04537129 
925 149 21 30 0.04489954 
434 109 14 18 0.043689676 
979 120 15 20 0.042115685 
573 207 44 53 0.04144295 
390 167 28 33 0.040978137 
73 172 39 47 0.040786203 
115 226 16 18 0.039916843 
30 189 17 22 0.03918869 
698 186 15 23 0.038763903 
343 150 27 37 0.038471136 
224 248 41 55 0.038244743 
190 238 16 19 0.038014323 
652 134 27 32 0.037773754 
767 172 21 30 0.037415095 
562 207 32 40 0.037159864 
246 194 25 35 0.03656893 
445 296 32 44 0.036018968 
861 166 16 21 0.03571199 
105 158 18 21 0.035623714 
814 177 24 35 0.035564315 
155 355 24 29 0.035419032 
36 170 37 42 0.034822084 
584 147 22 29 0.034356836 
641 144 24 30 0.034258135 
290 188 25 34 0.034153268 
532 177 27 43 0.03328483 
434 192 27 34 0.033162273 
729 189 46 53 0.03265904 
644 146 14 19 0.032475386 
457 202 18 22 0.03243373 
554 243 45 58 0.032172136 
364 148 25 36 0.03211415 
15 185 50 61 0.031240037 
999 152 17 22 0.030868705 
485 220 43 49 0.030785477 
175 195 13 22 0.03065746 
868 164 17 25 0.030383699 
207 517 13 17 0.029931327 
518 185 27 39 0.029410332 
365 182 15 20 0.028781349 
790 136 16 19 0.028266901 
642 162 31 37 0.028256996 
503 193 23 28 0.02751858 
264 204 29 34 0.027268315 
58 167 33 41 0.02707419 
641 168 43 56 0.02689006 
1013 538 10 15 0.026819356 
581 140 15 17 0.026607616 
200 177 18 24 0.02659479 
948 412 14 20 0.026570842 
349 197 25 34 0.02643282 
750 169 24 31 0.026369613 
725 210 34 40 0.026257075 
278 60 23 30 0.025953608 
84 176 19 27 0.025787186 
551 192 32 41 0.025434682 
221 187 26 32 0.025340889 
429 191 15 24 0.025305236 
552 156 29 38 0.025167083 
29 160 29 41 0.024616042 
330 157 30 43 0.024365582 
745 289 18 19 0.024339797 
584 159 23 36 0.024230205 
769 137 41 48 0.024216061 
601 182 30 45 0.024166465 
632 189 43 56 0.023928825 
532 289 40 56 0.023926117 
482 211 23 32 0.023888592 
596 209 45 59 0.023647359 
375 165 26 35 0.02357498 
182 163 14 17 0.023422629 
636 156 24 30 0.023353979 
216 247 29 42 0.023352489 
672 158 17 23 0.023317538 
507 153 16 21 0.023316583 
1012 132 13 18 0.023227273 
245 170 26 36 0.023094513 
691 258 45 55 0.022965234 
534 233 45 56 0.022889085 
655 363 13 17 0.022706024 
338 188 29 36 0.022377029 
999 517 11 16 0.022362728 
828 165 15 19 0.022247411 
469 197 26 36 0.02205094 
477 146 24 35 0.021974484 
232 170 28 37 0.021795321 
563 291 47 64 0.021776123 
784 179 26 31 0.021573786 
149 354 16 22 0.021519318 
580 136 11 13 0.021515403 
707 298 27 32 0.021482332 
811 174 14 19 0.021467099 
944 153 18 22 0.021362837 
253 207 29 38 0.02106237 
617 223 32 53 0.020999616 
429 211 43 52 0.020891583 
392 144 37 47 0.020880891 
196 172 16 20 0.02086135 
845 132 11 14 0.02068063 
632 145 22 27 0.020257836 
1011 200 12 19 0.02025036 
500 187 40 51 0.020082919 
