2_Demonstration_Demonstration_Or_Protest_2_183
34
288 326 92 117 0.9992048 
103 510 50 54 0.943135 
849 596 42 54 0.24234296 
0 500 21 33 0.20911808 
798 433 18 20 0.10097963 
11 508 41 53 0.08897071 
164 798 214 262 0.070120744 
117 903 40 63 0.047185615 
363 477 505 490 0.04410777 
8 498 29 38 0.043569885 
32 517 51 55 0.042910155 
163 572 37 41 0.041538615 
108 754 375 431 0.039011884 
40 524 30 35 0.038883068 
28 505 32 36 0.036893856 
564 713 13 17 0.03587691 
18 527 17 21 0.035698142 
212 652 12 15 0.032568 
155 549 27 38 0.02948799 
81 498 81 88 0.028145058 
836 808 14 21 0.027888555 
694 464 10 12 0.027058054 
46 501 47 58 0.024568792 
44 523 20 22 0.02439678 
138 902 46 71 0.02409948 
991 433 27 38 0.02240936 
274 735 17 23 0.022308772 
848 739 45 75 0.022195123 
759 361 13 14 0.02161622 
682 620 45 55 0.021453563 
310 1452 27 30 0.021093277 
206 853 99 123 0.020627735 
829 803 24 34 0.020406747 
656 476 17 19 0.020097643 
