2_Demonstration_Demonstration_Or_Protest_2_120
852
901 508 39 47 0.99868923 
995 480 30 37 0.9985846 
820 512 31 38 0.9977381 
5 487 79 83 0.997162 
661 443 27 30 0.99464947 
714 427 23 28 0.9894215 
937 473 28 32 0.98637486 
470 256 18 21 0.97666115 
839 385 14 17 0.96922374 
758 327 11 13 0.96743596 
980 368 15 19 0.96722645 
748 377 15 18 0.967065 
891 393 19 22 0.9600906 
958 398 16 18 0.955998 
483 293 21 26 0.93418306 
910 372 16 18 0.93292046 
963 348 13 17 0.9298942 
799 381 12 16 0.9234793 
817 394 16 19 0.9006793 
1001 371 14 17 0.9005503 
505 266 18 21 0.884706 
396 261 11 17 0.883154 
965 582 46 52 0.87660164 
806 325 10 12 0.85794806 
919 343 12 13 0.8534688 
362 282 13 17 0.8307281 
203 414 25 34 0.825486 
120 295 13 15 0.82518274 
883 356 11 13 0.82411647 
856 349 11 13 0.81614673 
774 362 13 15 0.80508584 
987 341 13 16 0.7917317 
291 301 13 14 0.76812595 
725 338 10 13 0.7574584 
936 427 21 20 0.7478988 
983 420 24 25 0.74602675 
839 467 23 31 0.7210331 
775 337 13 15 0.7192578 
693 360 11 16 0.7096304 
723 561 36 37 0.6846506 
869 389 14 18 0.6797558 
723 397 17 18 0.6737099 
917 392 15 18 0.6207847 
838 303 7 9 0.6072991 
560 327 10 12 0.5989651 
30 286 13 16 0.5953749 
821 371 13 16 0.5762132 
894 466 20 27 0.5600165 
859 419 22 24 0.5547487 
790 302 9 11 0.5402602 
782 310 9 11 0.4921088 
790 572 50 63 0.48579383 
753 311 10 11 0.48203585 
276 291 10 13 0.47003224 
784 302 10 12 0.43162635 
582 357 25 32 0.42905155 
621 531 23 30 0.41040862 
853 419 16 21 0.40959984 
847 342 8 10 0.40878445 
898 342 9 11 0.40464976 
144 325 10 13 0.3871807 
205 282 13 15 0.38614878 
748 361 13 14 0.38460907 
895 328 9 11 0.37969708 
769 406 17 20 0.37150374 
855 309 7 10 0.35879925 
221 270 12 13 0.35196245 
198 348 14 19 0.32369846 
138 307 13 16 0.3102174 
422 266 11 16 0.297927 
737 303 8 10 0.29670444 
1013 351 9 13 0.29270068 
716 355 12 14 0.29242834 
765 355 11 14 0.29030156 
809 349 11 13 0.27933624 
830 319 8 9 0.27933273 
524 277 10 12 0.27207923 
150 279 9 10 0.25629568 
750 316 8 11 0.25236097 
742 304 8 9 0.25037882 
568 289 8 10 0.25034204 
345 291 12 16 0.24972151 
870 312 7 9 0.24042001 
845 366 10 13 0.23731889 
325 278 10 13 0.23331474 
141 300 12 15 0.22117089 
757 309 8 10 0.21892352 
746 319 9 10 0.2187889 
847 326 8 11 0.21622856 
710 370 13 17 0.21388613 
560 308 10 11 0.20545156 
777 303 9 10 0.20451622 
300 302 10 12 0.20166427 
934 328 9 11 0.20073201 
144 332 11 14 0.19712195 
870 351 9 12 0.19643722 
326 284 10 13 0.18988055 
815 366 12 14 0.18924515 
141 265 9 11 0.18739732 
639 350 11 14 0.18576656 
816 309 8 10 0.18572883 
885 352 11 13 0.1855138 
174 300 10 14 0.18549392 
870 381 13 16 0.18280733 
212 275 13 14 0.18277948 
861 342 10 12 0.18125182 
104 324 11 15 0.1807255 
712 302 8 10 0.17656 
137 264 9 11 0.1762679 
760 303 8 11 0.17382483 
522 271 10 13 0.1731561 
737 327 8 9 0.1671905 
258 278 9 11 0.16628025 
983 336 12 15 0.16561067 
743 326 8 10 0.16354123 
104 269 7 9 0.16284844 
101 329 11 15 0.15750359 
862 336 9 11 0.1574596 
847 334 8 10 0.15671471 
139 315 13 16 0.15647782 
929 328 9 10 0.15328461 
854 344 10 13 0.1494992 
515 267 15 18 0.14866722 
759 348 10 12 0.14849304 
461 237 10 14 0.14531326 
200 277 11 14 0.14514373 
169 301 9 12 0.14423607 
701 334 9 12 0.1411159 
569 272 7 9 0.13489963 
544 270 8 11 0.13476668 
589 359 13 16 0.13267702 
705 286 8 10 0.1310735 
814 303 9 11 0.13068633 
710 320 10 12 0.12750138 
1000 388 13 16 0.12712342 
120 323 11 15 0.12606254 
167 272 8 9 0.12604286 
907 353 13 16 0.12565315 
65 286 9 11 0.12563999 
96 279 8 10 0.12546723 
926 364 13 16 0.12539557 
988 349 16 19 0.12506512 
135 287 8 12 0.12468851 
96 271 7 9 0.124421075 
887 313 7 10 0.124165036 
286 261 7 10 0.12344027 
254 263 8 10 0.1206225 
1 302 10 16 0.119904846 
903 349 11 14 0.1196017 
759 321 10 12 0.11952325 
518 459 14 17 0.116207995 
24 287 11 14 0.11525069 
797 317 9 12 0.114423454 
713 271 7 9 0.11422791 
47 278 9 12 0.112332076 
141 337 13 17 0.11128494 
761 295 7 9 0.11046946 
646 349 11 16 0.110233575 
767 319 9 11 0.10874281 
717 301 8 11 0.10806004 
575 289 8 11 0.10713409 
0 257 11 15 0.10700506 
847 370 11 14 0.10681978 
1008 355 11 15 0.106292985 
958 344 14 16 0.10588047 
228 270 11 13 0.10583181 
828 366 11 14 0.105493486 
593 316 9 11 0.10522316 
583 310 8 10 0.105117925 
812 325 9 12 0.10508877 
145 285 9 12 0.1048909 
744 308 9 12 0.1048176 
215 412 40 45 0.10356273 
333 359 22 27 0.10343495 
335 308 10 15 0.10186775 
1010 302 10 12 0.100643694 
782 316 8 10 0.09990845 
815 296 7 10 0.09990333 
8 122 11 14 0.099400565 
202 292 11 14 0.09914261 
884 473 28 34 0.098480485 
303 272 8 9 0.09826766 
840 364 11 14 0.09710973 
865 311 7 10 0.09695542 
583 335 10 12 0.09578118 
841 320 8 10 0.095554404 
850 304 8 11 0.09532726 
179 300 11 14 0.094779015 
814 355 11 13 0.09465045 
108 319 11 15 0.094043486 
527 282 9 12 0.09353793 
136 293 9 12 0.09347222 
244 352 22 26 0.091973625 
849 347 10 12 0.091770954 
793 472 28 35 0.09058837 
110 294 10 13 0.09041631 
801 254 9 10 0.089547634 
728 264 7 9 0.08950095 
536 287 9 12 0.089466795 
847 320 8 10 0.08944692 
694 297 8 10 0.0885248 
753 344 9 11 0.088514164 
941 339 11 14 0.088046685 
842 325 9 11 0.087605834 
976 341 9 12 0.08688153 
186 411 34 39 0.08685121 
855 333 9 11 0.086794995 
302 277 8 10 0.086704575 
545 464 26 32 0.08670319 
581 326 9 11 0.085599706 
79 287 7 10 0.08559787 
727 320 8 9 0.08536136 
576 272 6 9 0.08524382 
560 272 8 9 0.08522495 
790 341 9 11 0.084645085 
325 272 8 11 0.08449445 
592 279 7 9 0.084150285 
640 364 11 14 0.08409352 
417 267 11 16 0.083771 
822 358 9 12 0.08354769 
159 308 8 11 0.083144225 
71 287 7 9 0.08302329 
833 334 8 11 0.08264046 
786 498 34 42 0.082321696 
954 294 8 10 0.08221175 
881 300 7 9 0.081981204 
188 346 16 20 0.08053659 
557 350 9 13 0.08022528 
542 276 9 10 0.08002018 
963 454 16 20 0.07975653 
700 362 12 16 0.07879315 
119 263 7 9 0.07860797 
320 265 7 9 0.07850872 
840 335 9 10 0.078372695 
114 281 8 10 0.07764774 
737 248 9 10 0.077638924 
233 401 32 40 0.07673673 
321 270 8 10 0.07656842 
126 320 12 14 0.076448105 
297 272 8 9 0.07642232 
882 361 13 15 0.07613505 
715 361 16 18 0.075873196 
199 272 10 12 0.07576083 
552 288 7 9 0.07516708 
95 325 13 18 0.07462052 
751 304 9 12 0.0743685 
246 279 9 11 0.07425116 
908 390 19 24 0.07417882 
297 277 8 11 0.07393533 
16 288 9 11 0.07374615 
711 296 8 10 0.07349879 
593 295 6 9 0.07237037 
550 269 9 11 0.07224735 
791 308 9 11 0.071807176 
600 325 7 11 0.07173265 
797 311 9 11 0.07158175 
113 264 8 10 0.07091659 
239 254 9 11 0.07090276 
943 286 8 10 0.07088305 
96 284 9 11 0.070766345 
111 269 8 9 0.07076377 
561 287 9 10 0.07066392 
920 300 8 11 0.07055086 
727 269 7 9 0.07037554 
577 325 8 11 0.069676444 
1014 294 8 12 0.06962216 
753 328 9 11 0.06895057 
104 353 27 30 0.06893383 
810 303 8 10 0.068806246 
402 261 13 18 0.06758546 
334 239 9 10 0.06715085 
162 272 7 9 0.06698009 
101 279 10 11 0.0666774 
701 557 31 35 0.06660832 
181 345 15 21 0.066298895 
758 404 16 18 0.065879606 
181 278 10 12 0.06558379 
910 327 9 12 0.065498196 
561 278 7 9 0.06547949 
308 322 13 17 0.06537296 
803 375 14 17 0.06534186 
808 344 10 11 0.06455846 
814 345 9 11 0.064477816 
767 296 8 10 0.06433219 
727 325 9 10 0.06391647 
694 302 7 10 0.063732944 
103 293 12 14 0.063614935 
766 302 8 10 0.063147664 
977 335 10 13 0.06270079 
276 338 12 16 0.06268576 
823 311 8 9 0.06258246 
112 285 9 11 0.062366605 
118 288 10 13 0.062227584 
6 386 10 15 0.0621879 
79 327 16 21 0.06215778 
560 319 11 14 0.061998 
822 444 22 27 0.06173569 
543 288 9 12 0.06164071 
318 292 9 11 0.061518278 
720 296 8 10 0.06128416 
695 380 12 16 0.061143033 
556 325 9 12 0.060767792 
720 320 9 11 0.060519926 
457 243 11 15 0.05999736 
842 342 8 11 0.059776705 
349 286 13 17 0.05855644 
2 253 13 15 0.05854532 
440 293 12 16 0.05849769 
776 316 8 11 0.05818734 
150 273 8 8 0.05816195 
894 317 10 11 0.057942014 
133 320 13 17 0.05763122 
565 317 9 12 0.057570428 
240 261 9 11 0.057046972 
790 484 26 37 0.05699198 
564 330 10 12 0.056763742 
321 287 9 12 0.056696948 
719 270 7 10 0.056687262 
728 303 9 10 0.05602278 
651 350 11 15 0.055932466 
478 229 12 15 0.055879574 
951 537 32 39 0.055388965 
691 351 11 14 0.055043597 
690 296 8 10 0.054985873 
813 318 9 12 0.054949336 
1006 403 13 16 0.054912277 
896 347 10 13 0.054448 
822 304 8 10 0.054153565 
830 456 25 32 0.053874116 
38 278 12 14 0.05381693 
630 533 28 30 0.053527303 
148 360 14 18 0.05338699 
82 338 13 15 0.053374987 
809 295 7 9 0.05334736 
282 255 9 11 0.0532934 
802 325 9 12 0.05322085 
634 348 10 14 0.05283675 
838 308 8 9 0.052789304 
241 277 9 12 0.052686267 
902 327 10 12 0.052661113 
207 263 7 10 0.052620437 
829 378 14 17 0.052549656 
935 338 12 15 0.052479573 
840 350 8 10 0.05235533 
102 285 10 12 0.05230279 
150 318 10 14 0.052256398 
791 336 9 12 0.052098148 
996 341 11 15 0.05202255 
880 352 11 14 0.05201278 
779 359 11 14 0.051648714 
263 296 10 12 0.051598333 
196 397 41 57 0.05151198 
879 332 9 11 0.05141627 
833 311 8 10 0.05141007 
863 375 11 15 0.051368672 
951 340 11 13 0.050948817 
138 245 7 9 0.050714433 
313 291 10 13 0.050688896 
144 294 10 13 0.050519563 
799 356 9 11 0.050240673 
577 334 9 12 0.05019295 
313 264 7 9 0.050085235 
555 304 8 11 0.049962953 
470 230 11 13 0.049838025 
833 325 7 10 0.04970291 
911 317 9 10 0.04965568 
365 237 8 12 0.04960026 
537 263 8 11 0.049472246 
94 254 8 10 0.049433716 
727 294 7 9 0.04938062 
149 300 10 13 0.049315646 
869 315 9 11 0.04925416 
585 294 7 8 0.049248 
735 333 9 11 0.049209375 
823 351 9 12 0.049107898 
727 288 7 9 0.049077865 
712 277 8 9 0.049009155 
743 332 8 11 0.04885049 
945 453 26 32 0.04831901 
807 354 11 12 0.04800005 
1008 339 12 17 0.047854897 
704 282 8 9 0.0477622 
606 438 21 29 0.047391567 
593 274 8 9 0.047280163 
941 440 24 29 0.047205236 
168 307 10 13 0.04692462 
865 317 8 10 0.046732884 
880 484 28 37 0.046502665 
330 238 9 11 0.046486206 
945 278 9 11 0.04617995 
1007 306 10 13 0.04614609 
915 368 15 17 0.045958865 
294 285 11 12 0.04590258 
257 406 31 38 0.045716994 
832 350 9 10 0.045462806 
64 291 9 11 0.045359455 
631 364 12 15 0.045191143 
485 463 48 54 0.045178726 
797 302 8 11 0.045088425 
886 302 8 9 0.045048505 
168 322 12 14 0.04504703 
887 342 9 12 0.04504429 
719 325 9 10 0.044985898 
597 311 8 10 0.044847306 
925 480 28 31 0.044671062 
753 374 14 17 0.044616092 
852 372 12 15 0.044602003 
637 349 18 24 0.04454323 
813 379 12 15 0.044296853 
128 263 8 10 0.043999042 
255 269 9 12 0.043949116 
799 333 9 12 0.043874137 
810 309 8 10 0.04377877 
768 370 12 16 0.04375801 
853 328 8 11 0.04330128 
695 311 7 9 0.04318143 
759 288 7 10 0.04304564 
258 353 15 21 0.042949475 
598 319 8 10 0.042937193 
303 319 13 16 0.04285587 
733 373 12 15 0.04275105 
180 283 13 14 0.0427253 
109 309 12 16 0.04261861 
580 365 18 21 0.042580567 
706 302 8 10 0.04245364 
791 374 13 16 0.04243538 
713 351 12 14 0.04241355 
831 358 9 13 0.04228356 
705 370 11 15 0.042257227 
446 283 13 17 0.042188115 
833 255 8 9 0.04203812 
882 317 8 11 0.04189242 
126 247 8 9 0.041888863 
717 557 53 72 0.041683022 
569 263 7 9 0.04139028 
712 265 7 9 0.04135779 
861 353 11 13 0.041194335 
342 269 9 11 0.040986925 
129 270 8 9 0.04096074 
655 329 9 11 0.040911786 
595 361 15 20 0.04084876 
785 297 8 11 0.04068924 
318 311 10 13 0.040661167 
896 312 8 11 0.040625762 
245 283 10 12 0.04053256 
970 348 12 14 0.040485058 
924 370 12 15 0.040393047 
903 470 17 22 0.0403512 
736 321 8 10 0.040296756 
338 307 15 18 0.04021941 
999 390 20 26 0.03988788 
95 247 8 10 0.039768633 
341 263 8 11 0.03976142 
599 272 7 9 0.039610513 
775 327 9 10 0.039422713 
577 248 8 9 0.03928589 
356 324 14 19 0.03920028 
743 270 10 12 0.0391692 
695 340 9 13 0.03913164 
543 264 9 12 0.039125394 
61 149 14 15 0.039115965 
776 255 8 9 0.039094646 
712 309 8 10 0.03897031 
775 296 8 11 0.038951144 
876 393 13 17 0.03890749 
588 335 10 12 0.03884326 
999 317 10 13 0.038699437 
705 294 8 10 0.03857392 
722 264 7 9 0.03840216 
309 346 15 19 0.038365807 
127 288 10 13 0.038337227 
840 269 8 10 0.038259074 
833 342 9 11 0.038231898 
577 253 8 9 0.038179185 
230 263 10 12 0.03815646 
174 323 11 15 0.038128544 
856 298 7 9 0.03811438 
551 292 9 11 0.03805806 
585 277 8 10 0.037841413 
1 380 10 14 0.03781973 
951 287 9 10 0.03774742 
583 272 7 9 0.037745293 
805 254 9 10 0.037665132 
567 278 7 9 0.037626382 
335 244 8 10 0.03758267 
241 248 7 10 0.03753585 
260 317 13 17 0.03744057 
754 288 7 9 0.037392914 
990 338 19 26 0.036882162 
80 292 8 11 0.03686383 
812 469 34 38 0.03683189 
697 332 10 12 0.036809042 
146 279 9 11 0.036808982 
745 564 31 47 0.036798228 
799 297 8 9 0.036604702 
812 362 20 25 0.036548126 
950 387 17 17 0.03636665 
115 318 18 23 0.03634584 
791 261 9 11 0.036306746 
349 330 14 17 0.035904672 
732 341 10 12 0.03587903 
654 364 11 16 0.035823204 
839 359 9 13 0.03576345 
620 523 15 25 0.035720654 
839 297 8 11 0.035584558 
230 237 8 11 0.035540573 
119 269 8 9 0.035442177 
584 289 7 10 0.03540874 
744 297 7 9 0.03540695 
169 333 22 29 0.03529941 
888 333 9 12 0.035269264 
954 301 8 11 0.035209127 
89 270 7 9 0.035199977 
1015 333 9 13 0.035067122 
583 254 8 10 0.034969486 
249 269 8 10 0.034927476 
30 279 12 15 0.034800794 
958 374 13 16 0.03467477 
168 276 8 10 0.03457706 
942 293 8 10 0.03451298 
278 298 11 13 0.03447954 
553 278 8 10 0.03446459 
750 270 9 10 0.034428827 
827 471 30 36 0.03439942 
56 284 9 12 0.03439095 
705 327 8 11 0.03438235 
918 604 43 54 0.034375723 
185 246 8 10 0.034276817 
728 310 8 10 0.034198284 
54 130 12 15 0.03417341 
205 270 11 13 0.034080032 
764 398 17 20 0.034033295 
649 328 8 11 0.033943295 
272 263 7 9 0.033886153 
153 308 10 14 0.03370856 
136 340 13 16 0.03359669 
440 251 10 13 0.033389963 
823 295 8 10 0.033372354 
706 319 9 11 0.033125617 
854 316 9 10 0.033054247 
797 391 14 18 0.032823984 
736 297 8 10 0.032684285 
633 404 12 15 0.032484133 
592 287 7 9 0.032406908 
96 263 8 9 0.03239544 
800 478 32 39 0.032303847 
239 284 12 14 0.03216107 
79 270 7 9 0.03205413 
176 284 11 12 0.03199137 
999 323 11 15 0.031971604 
913 302 8 10 0.031943142 
337 262 9 10 0.03165349 
326 290 11 13 0.03151924 
418 260 18 26 0.031470478 
27 127 25 31 0.03136418 
847 286 7 10 0.031298827 
870 344 10 12 0.03124555 
158 358 14 17 0.031242613 
561 295 8 9 0.03113046 
264 338 20 29 0.030961212 
696 328 7 11 0.03090698 
275 318 14 16 0.030901946 
607 280 7 9 0.030873667 
0 103 8 14 0.03087167 
465 231 10 15 0.030863592 
722 358 12 14 0.030636055 
330 232 8 10 0.030493846 
743 287 8 10 0.030492678 
833 294 8 10 0.03048902 
791 356 11 14 0.030478226 
538 268 9 13 0.030474767 
121 255 8 10 0.030424424 
558 341 10 14 0.030419698 
1007 344 17 26 0.030418083 
326 357 37 48 0.030394934 
1001 310 9 11 0.030378243 
771 374 16 19 0.030342747 
239 271 8 10 0.030303927 
484 229 9 12 0.030169768 
905 373 14 16 0.03013315 
287 294 22 24 0.03009058 
826 394 14 17 0.030027824 
199 285 20 24 0.02996579 
72 263 6 9 0.029892141 
296 341 24 29 0.029832589 
165 346 12 15 0.029830405 
235 403 18 26 0.029797744 
288 296 12 14 0.0297649 
645 370 11 14 0.029724536 
239 353 16 20 0.029651908 
698 543 25 35 0.029598162 
792 325 9 12 0.029545426 
907 573 42 47 0.029326834 
214 266 18 21 0.029260477 
768 310 9 11 0.029014133 
736 286 8 10 0.029005706 
600 279 7 9 0.029000293 
15 377 11 14 0.02888848 
271 333 22 26 0.028759602 
908 471 25 27 0.028747024 
663 332 9 10 0.02862284 
53 278 9 12 0.028588844 
409 246 9 12 0.02856181 
519 226 10 14 0.028521664 
175 270 9 10 0.02839846 
362 244 8 11 0.02838712 
169 254 8 11 0.028363856 
904 304 7 9 0.028272282 
937 277 8 11 0.028236756 
913 312 8 10 0.028234866 
734 262 8 10 0.028212724 
782 327 9 10 0.028212266 
782 347 11 13 0.028210307 
344 238 7 10 0.028209029 
322 255 7 10 0.028159577 
926 301 8 11 0.02809491 
270 318 12 15 0.027911872 
125 253 9 11 0.027873117 
245 335 26 32 0.027772078 
893 356 12 14 0.027767196 
39 205 10 13 0.027687678 
871 419 16 19 0.027628573 
886 388 17 22 0.027594795 
399 272 12 16 0.027589144 
884 466 19 24 0.02758839 
591 255 8 11 0.027541285 
743 343 10 12 0.027537478 
882 312 8 10 0.027535953 
110 289 19 23 0.027438326 
337 268 9 12 0.027382065 
802 320 18 21 0.02733107 
561 371 10 14 0.027318764 
631 356 11 15 0.027220068 
256 282 9 12 0.027168876 
957 334 13 14 0.027061215 
879 341 11 13 0.026767557 
172 338 13 18 0.026725862 
169 264 7 8 0.026696645 
172 317 12 15 0.02668821 
285 347 27 37 0.026618257 
919 214 8 10 0.02655963 
837 371 14 17 0.026538013 
414 211 9 13 0.026471183 
63 246 9 12 0.026423642 
118 304 12 15 0.026393477 
775 287 8 9 0.026379175 
869 376 11 16 0.026372723 
289 277 8 10 0.026362231 
800 260 9 11 0.026345907 
701 560 17 23 0.02630274 
135 279 9 11 0.026207373 
736 252 9 11 0.026113287 
777 405 13 18 0.026073096 
565 303 10 11 0.026011422 
603 419 13 16 0.026000058 
792 256 9 9 0.025993614 
859 400 17 20 0.025914399 
333 279 11 14 0.025848258 
327 255 8 11 0.025821099 
142 246 6 9 0.02579227 
902 317 10 12 0.025743522 
617 437 22 29 0.02573356 
576 339 10 13 0.025681764 
794 512 35 39 0.025660006 
327 261 8 10 0.025647629 
589 352 11 15 0.025503116 
1013 304 10 15 0.025470769 
918 317 9 11 0.025454206 
142 240 7 9 0.025424346 
696 318 7 9 0.025396397 
106 328 13 17 0.025361385 
751 263 9 10 0.02535996 
634 506 28 33 0.025331324 
299 313 21 26 0.025316117 
116 351 13 16 0.025252234 
737 279 8 10 0.025197376 
561 472 16 22 0.025145905 
71 279 8 10 0.025098907 
628 416 24 32 0.025077987 
742 276 9 11 0.02504277 
997 355 12 16 0.025035996 
851 366 11 13 0.024974033 
201 263 9 11 0.024892848 
70 292 9 11 0.02488169 
176 264 7 9 0.02485889 
91 309 12 14 0.024739556 
263 283 8 11 0.024707502 
1014 326 10 14 0.024703123 
267 333 39 47 0.024686558 
918 311 8 10 0.02467658 
365 230 8 11 0.024669243 
529 246 9 11 0.02466372 
169 301 19 22 0.02463793 
728 280 7 9 0.024629265 
287 286 10 12 0.024625696 
159 353 22 28 0.0245531 
525 262 10 12 0.024507817 
776 347 11 13 0.024436876 
552 319 10 13 0.024430966 
141 310 20 25 0.024429843 
924 286 9 11 0.024420466 
289 272 7 9 0.024290612 
990 412 23 26 0.024253283 
755 363 13 15 0.024185168 
259 357 25 30 0.024151057 
1007 317 12 14 0.02414913 
1013 371 11 15 0.02413925 
321 279 19 22 0.024118613 
174 332 12 16 0.024096673 
4 292 12 15 0.024063155 
124 313 20 26 0.024035828 
273 287 18 22 0.024028888 
579 308 8 11 0.02398434 
992 326 10 11 0.023984006 
246 256 10 12 0.023975926 
1000 400 23 27 0.02390927 
24 236 10 13 0.023820726 
902 310 8 10 0.023797082 
640 387 9 12 0.023787724 
600 332 9 11 0.023729239 
977 294 8 10 0.023647863 
741 252 9 11 0.023645697 
687 410 14 19 0.023638729 
969 455 18 22 0.023634827 
277 309 11 12 0.023545122 
24 227 12 15 0.023519723 
172 346 41 49 0.023517292 
170 349 22 28 0.023493327 
248 232 7 9 0.023486065 
722 289 7 9 0.023474924 
550 189 9 13 0.023459688 
769 247 8 9 0.02344145 
121 246 8 10 0.023390643 
653 420 13 19 0.023385296 
797 340 10 13 0.023334557 
133 327 21 26 0.023332832 
106 306 21 26 0.023331286 
934 384 13 17 0.023318635 
190 291 11 15 0.023307724 
628 516 29 35 0.023282696 
14 237 11 13 0.023230545 
891 328 9 12 0.023217818 
411 251 12 15 0.023186887 
805 345 18 22 0.023104891 
164 308 21 26 0.023069054 
159 276 8 10 0.02296764 
325 323 13 15 0.022933811 
908 494 33 42 0.022924079 
535 278 9 12 0.022906994 
197 381 31 42 0.022856621 
1 156 8 13 0.02281838 
832 288 9 11 0.022800228 
73 270 7 9 0.022753086 
613 541 26 32 0.022750508 
575 264 7 9 0.022708781 
304 322 21 26 0.022623371 
786 263 8 10 0.022617308 
193 276 10 13 0.022606516 
161 264 7 9 0.022547422 
646 348 18 25 0.022530321 
137 255 8 9 0.022513501 
40 259 10 13 0.022508776 
421 293 13 15 0.02246432 
553 461 18 20 0.02245582 
819 488 35 42 0.022435807 
833 262 8 10 0.022434536 
23 268 11 14 0.022423247 
572 419 26 31 0.022389187 
559 263 8 10 0.02238487 
534 298 11 14 0.022382423 
983 294 7 10 0.022286901 
469 246 15 19 0.022284778 
309 301 9 13 0.022212546 
29 222 10 12 0.022206914 
863 305 7 10 0.02214972 
625 332 8 11 0.022143072 
47 244 9 12 0.022117456 
940 327 10 12 0.02210919 
759 174 10 12 0.021979704 
46 256 9 11 0.02188639 
1008 286 10 13 0.021871893 
952 473 17 22 0.021859765 
859 272 7 9 0.02185478 
902 364 13 16 0.021851618 
349 316 24 31 0.021851303 
847 359 9 12 0.021786978 
92 353 29 36 0.021752141 
304 264 8 9 0.021736909 
65 264 7 9 0.021695778 
112 246 8 11 0.021682076 
581 247 9 10 0.021654425 
413 220 10 15 0.021649156 
300 345 14 18 0.021636395 
919 327 10 11 0.021602523 
193 271 9 10 0.021592429 
230 302 11 15 0.021562334 
784 286 7 9 0.021530192 
921 295 10 12 0.021523558 
722 405 18 21 0.021522226 
758 564 48 64 0.021443335 
176 327 23 30 0.021382961 
183 272 8 10 0.021310497 
642 522 27 33 0.021291917 
726 379 14 17 0.02128819 
584 349 11 15 0.02121926 
817 248 6 9 0.021217247 
102 337 12 14 0.021196414 
239 223 7 10 0.02111158 
349 279 13 15 0.021101747 
110 300 10 14 0.021057071 
54 270 9 11 0.021018337 
760 256 7 8 0.02100444 
593 324 9 11 0.021000322 
315 322 12 17 0.020951454 
165 392 26 37 0.020902853 
895 365 12 16 0.020898852 
898 479 30 33 0.020890946 
833 270 9 11 0.02087262 
848 463 26 33 0.02086656 
726 372 13 16 0.020853944 
842 367 18 24 0.020841364 
817 373 20 23 0.020841358 
325 353 23 28 0.02083615 
244 291 13 15 0.020828415 
689 343 10 14 0.020788886 
844 461 16 21 0.02077286 
863 272 7 9 0.020719523 
139 432 30 39 0.020711536 
584 262 8 9 0.020701105 
576 320 7 10 0.020578189 
607 262 9 10 0.020574216 
273 269 8 10 0.020566314 
443 286 19 25 0.02052583 
201 267 20 24 0.02051795 
120 240 7 8 0.020507494 
238 289 13 16 0.02044971 
174 346 14 20 0.020427847 
576 278 7 9 0.020391038 
936 273 8 10 0.020353258 
931 591 50 57 0.02031466 
90 263 6 9 0.020304793 
280 340 25 29 0.02026884 
146 303 19 24 0.020259794 
735 241 8 10 0.020251172 
551 197 9 11 0.02022816 
881 348 19 23 0.020213472 
272 255 7 9 0.020060696 
798 404 13 16 0.020060418 
280 278 9 11 0.020052256 
78 317 14 20 0.0200513 
624 317 8 10 0.020013118 
30 276 21 26 0.020003457 
