2_Demonstration_Demonstrators_2_781
124
544 140 57 82 0.9990971 
253 167 52 70 0.9987697 
393 195 25 34 0.9980229 
465 203 38 51 0.9952493 
534 212 34 45 0.986902 
695 224 45 52 0.9859657 
930 230 25 29 0.9529949 
236 133 32 45 0.9359329 
925 276 31 39 0.91112363 
817 232 18 19 0.8866 
859 244 15 19 0.8221248 
752 240 29 40 0.8057915 
994 238 18 21 0.45221484 
132 220 11 14 0.43753982 
705 13 53 75 0.38479218 
531 190 18 24 0.33304888 
440 224 11 15 0.30384246 
945 271 31 37 0.296296 
979 251 14 20 0.24845195 
206 125 31 45 0.2393557 
792 239 10 14 0.22638889 
109 229 13 17 0.21155313 
122 269 10 13 0.14616607 
47 197 10 13 0.14422797 
131 224 14 19 0.14173357 
1013 250 12 20 0.14083907 
758 227 26 34 0.13241896 
71 223 12 14 0.13041864 
530 194 28 37 0.12777881 
129 215 11 14 0.12659602 
117 229 13 17 0.11727212 
922 231 22 25 0.117188305 
532 182 46 63 0.106488936 
711 229 48 54 0.10469969 
890 243 14 17 0.09996917 
765 222 15 18 0.09631059 
41 205 9 12 0.089198746 
414 186 14 20 0.08274239 
938 236 29 35 0.08210067 
843 292 30 35 0.07875393 
765 185 14 17 0.07421138 
242 146 43 62 0.073144 
75 226 12 15 0.07235699 
845 356 35 42 0.07153717 
42 200 7 10 0.06825164 
665 145 8 11 0.06646311 
508 174 10 14 0.065559655 
86 207 10 11 0.06303007 
210 123 17 23 0.058789354 
917 229 17 21 0.058559295 
81 206 10 11 0.05715125 
924 248 32 40 0.05649794 
954 409 79 143 0.056451112 
44 202 11 14 0.055876095 
404 188 23 30 0.054357417 
986 242 20 26 0.052089468 
664 160 24 31 0.051321406 
149 193 11 15 0.050231855 
125 233 12 14 0.0501183 
853 240 15 19 0.049678076 
782 241 12 17 0.04918022 
665 165 12 16 0.04884369 
985 256 18 21 0.04784928 
959 273 20 25 0.040923465 
493 212 29 39 0.039848715 
771 181 12 17 0.03892572 
61 242 14 17 0.038857415 
837 312 14 19 0.037795544 
741 226 16 21 0.037599165 
6 32 28 35 0.03737979 
495 339 38 44 0.03706735 
86 212 10 12 0.036634285 
145 293 13 19 0.03550189 
71 200 10 12 0.034907177 
941 231 20 24 0.03488551 
40 210 9 12 0.03343783 
113 244 10 13 0.032680724 
35 242 12 15 0.032411456 
438 218 18 25 0.032381512 
11 39 16 22 0.032252476 
888 239 12 14 0.03181719 
1001 242 15 20 0.030868277 
118 221 12 16 0.030465044 
0 12 32 45 0.030434202 
715 154 19 20 0.029698927 
947 218 15 19 0.029644692 
818 222 18 22 0.02948082 
668 159 14 17 0.028812967 
785 237 19 24 0.028594797 
85 228 11 15 0.027963627 
913 575 51 66 0.027883358 
875 244 14 17 0.027264139 
65 233 16 17 0.026534982 
134 278 12 14 0.02619882 
79 214 10 12 0.02578284 
55 243 13 16 0.02532199 
143 190 13 15 0.025187526 
764 203 12 15 0.025164919 
93 228 11 15 0.025129871 
9 238 9 11 0.024816183 
776 237 20 27 0.024400815 
776 169 8 11 0.024153197 
848 248 15 20 0.02410695 
51 192 10 14 0.02404093 
954 594 31 32 0.023828719 
405 181 14 17 0.02365631 
1013 227 10 14 0.023492849 
746 226 25 32 0.023366032 
940 248 31 40 0.023150623 
217 118 30 39 0.023030948 
77 199 11 14 0.02279416 
124 273 12 16 0.022564244 
770 234 16 21 0.022061741 
501 205 14 20 0.021904098 
137 173 11 13 0.021712221 
117 263 19 24 0.02159057 
1001 219 22 29 0.021495728 
153 173 10 13 0.02145666 
974 245 14 20 0.021277726 
120 214 10 13 0.020602396 
210 132 19 27 0.02032443 
1014 237 11 16 0.020156324 
405 370 15 17 0.020133546 
859 247 24 27 0.020106027 
