2_Demonstration_Protesters_2_561
685
202 82 17 21 0.99062866 
402 131 16 20 0.9827214 
139 311 17 23 0.9779478 
339 446 15 21 0.9762053 
499 322 18 22 0.97443175 
161 423 17 23 0.9737221 
490 135 18 23 0.9737128 
300 337 17 22 0.9720395 
642 379 18 21 0.9699467 
286 90 16 23 0.96736276 
746 234 16 21 0.9668873 
725 411 15 19 0.9652365 
444 460 18 24 0.96418697 
642 219 18 24 0.9640861 
235 291 17 22 0.9629395 
104 385 18 22 0.9556876 
533 130 18 21 0.9479724 
26 378 18 22 0.94512796 
177 393 18 23 0.94422245 
105 429 16 22 0.9411301 
289 437 18 22 0.9376629 
791 456 18 24 0.937271 
130 214 18 22 0.9359364 
858 314 17 23 0.92363334 
40 411 16 20 0.9229916 
394 256 16 22 0.9190198 
782 411 16 21 0.9152624 
864 495 18 26 0.91045874 
445 139 16 19 0.9039337 
379 401 17 23 0.89972514 
553 139 19 24 0.8983373 
577 415 18 24 0.8959527 
710 236 19 24 0.89522266 
463 379 15 20 0.89240026 
814 262 17 21 0.8887103 
774 225 18 21 0.88442045 
667 499 19 21 0.8816047 
257 387 16 22 0.8815881 
951 652 18 25 0.8771126 
940 502 20 24 0.8731233 
186 358 18 22 0.87255186 
887 190 16 23 0.8723524 
16 259 17 22 0.8710862 
178 308 18 23 0.8690503 
873 642 18 22 0.8647536 
753 442 17 21 0.8600449 
92 317 21 25 0.8447307 
647 471 17 22 0.8416936 
440 285 19 23 0.832798 
825 427 16 21 0.8291994 
261 235 16 19 0.8139968 
866 607 15 21 0.8124715 
496 483 20 22 0.8078778 
286 316 18 24 0.8025339 
546 493 17 20 0.7862448 
20 324 17 20 0.776286 
479 301 14 18 0.7656129 
648 423 17 22 0.7482566 
603 496 17 19 0.7460276 
95 221 14 20 0.7345803 
624 441 17 22 0.7172605 
737 515 20 22 0.7098011 
582 384 20 26 0.6772739 
718 468 16 20 0.6726656 
993 463 16 20 0.66955245 
307 407 15 19 0.65297335 
682 427 20 25 0.6267942 
320 86 18 23 0.6183575 
546 304 17 21 0.61259377 
75 267 14 18 0.6082582 
783 248 20 26 0.6071745 
433 435 17 22 0.5630018 
426 368 16 22 0.52433336 
803 491 17 22 0.51636523 
396 330 21 25 0.50851357 
27 302 14 17 0.48050612 
820 403 13 17 0.46761194 
901 519 22 24 0.45993394 
217 262 15 18 0.45397824 
955 536 15 21 0.446223 
852 416 15 18 0.43647847 
837 450 15 22 0.4287532 
950 483 17 21 0.4221912 
851 531 19 24 0.4201455 
834 398 15 19 0.39154172 
585 459 18 22 0.38549834 
283 398 15 20 0.38320795 
898 667 17 21 0.3808541 
735 370 14 16 0.37974316 
115 201 14 18 0.3744794 
768 390 14 18 0.35360894 
933 624 16 21 0.3526941 
528 561 14 16 0.3352193 
120 358 17 21 0.31500313 
771 525 18 21 0.31002775 
813 410 12 18 0.30981728 
211 448 14 18 0.3052207 
409 302 16 18 0.30141002 
931 235 15 20 0.28871778 
225 342 17 22 0.28066415 
853 481 17 23 0.27596098 
524 486 11 13 0.27490994 
239 370 19 21 0.27364442 
20 335 16 22 0.26160264 
172 219 13 17 0.25809878 
921 476 23 29 0.24297616 
776 336 13 17 0.24143338 
-1 337 12 21 0.23012823 
59 311 15 19 0.22723839 
375 261 10 14 0.2267729 
879 472 11 15 0.226141 
211 381 17 24 0.2252102 
439 227 15 20 0.21232867 
802 336 13 16 0.2083774 
278 267 10 13 0.20485844 
797 612 15 18 0.2046286 
334 109 16 18 0.19091657 
206 228 12 15 0.18334001 
936 477 22 28 0.18296407 
831 646 9 13 0.18148893 
384 280 13 18 0.18082628 
166 242 15 20 0.17848302 
53 315 15 19 0.17687759 
166 275 15 19 0.17629394 
218 328 14 19 0.1753773 
828 400 14 19 0.1738303 
219 126 17 23 0.17027652 
100 295 18 21 0.16749817 
313 307 18 22 0.16657776 
969 79 46 62 0.16160789 
251 324 16 20 0.16046998 
878 259 12 16 0.15674885 
463 550 13 18 0.15351574 
538 449 16 19 0.1535065 
700 419 14 17 0.1499107 
73 261 11 16 0.1495992 
690 313 29 29 0.14487258 
766 578 16 23 0.1425717 
855 353 14 20 0.14160553 
76 213 12 15 0.14088081 
244 323 15 19 0.14057457 
612 457 14 17 0.13604838 
266 285 14 18 0.13248506 
324 384 14 18 0.13172206 
115 256 13 18 0.12822805 
749 403 12 17 0.127206 
300 261 13 15 0.12274405 
751 438 14 18 0.12209177 
758 468 20 27 0.12146632 
392 330 15 19 0.12045919 
614 425 16 20 0.11906821 
847 412 13 19 0.11887913 
830 571 14 19 0.118795194 
148 232 17 21 0.11789905 
911 473 14 19 0.11262668 
82 445 16 24 0.11256556 
857 526 17 18 0.10914165 
294 258 12 15 0.1085389 
531 442 16 20 0.10780191 
0 245 10 12 0.10498308 
419 371 16 20 0.10260788 
330 89 14 19 0.10208442 
499 362 15 20 0.10111428 
15 253 13 20 0.09969607 
470 283 13 18 0.09872676 
263 277 12 14 0.09852329 
172 270 15 19 0.097078964 
92 309 18 19 0.09683996 
332 327 15 18 0.09671881 
910 478 22 30 0.09450992 
1011 75 12 20 0.092337735 
147 281 15 18 0.09160456 
34 359 16 18 0.091226995 
1012 473 11 17 0.09095653 
205 246 12 15 0.090458676 
247 222 10 12 0.08925822 
142 326 15 19 0.08696119 
955 647 15 19 0.08648041 
461 255 15 21 0.08618543 
577 394 22 29 0.08584988 
428 536 15 20 0.08483978 
762 544 15 20 0.083995655 
14 388 12 17 0.0830467 
737 377 15 17 0.080506444 
347 306 15 19 0.08036691 
46 315 14 19 0.080037974 
212 456 14 19 0.07967217 
2 453 18 28 0.07934282 
853 553 20 27 0.079193704 
228 460 16 19 0.076009884 
517 348 17 22 0.07541025 
378 390 19 24 0.07500277 
894 262 13 15 0.07474999 
5 253 11 15 0.074535 
340 301 13 19 0.07422727 
673 476 15 18 0.07365112 
248 261 11 16 0.07337409 
24 259 14 18 0.07332977 
977 109 25 30 0.07122947 
991 486 12 15 0.07092739 
790 513 13 20 0.0707538 
289 396 19 25 0.07052521 
293 326 20 25 0.06956263 
904 326 11 15 0.06934236 
257 237 11 15 0.06904592 
124 202 14 18 0.068755135 
799 606 24 25 0.067540325 
84 272 13 16 0.0672575 
434 371 17 23 0.067133054 
830 449 15 21 0.06652003 
700 413 12 16 0.06628121 
271 268 11 15 0.065991 
216 435 17 20 0.065284126 
179 324 16 21 0.06527053 
501 274 11 14 0.06351933 
635 449 14 18 0.06340819 
506 350 20 27 0.06325216 
145 264 17 19 0.06293349 
123 366 16 22 0.062858835 
841 400 14 18 0.062285487 
1011 605 12 16 0.062194686 
911 420 13 17 0.061673027 
1 333 15 20 0.06147651 
164 221 16 20 0.06147116 
454 245 13 18 0.060814243 
1006 505 15 21 0.06067734 
403 325 15 18 0.060474988 
828 563 14 20 0.060205083 
333 300 15 19 0.059683822 
884 260 13 15 0.05924259 
280 246 9 13 0.059057932 
362 537 17 20 0.05850118 
968 64 9 12 0.057503574 
528 436 13 18 0.05724364 
686 458 14 19 0.057137877 
348 250 13 17 0.056590598 
385 271 20 26 0.056470796 
532 299 13 17 0.056435693 
205 261 14 16 0.056230247 
30 226 11 13 0.056014355 
173 238 13 18 0.055714842 
688 420 20 27 0.055489145 
102 213 12 17 0.055099387 
294 507 14 18 0.054596398 
178 218 13 17 0.05430255 
87 211 12 17 0.054254603 
562 468 15 19 0.0542196 
591 385 16 21 0.05400045 
201 222 11 15 0.053519335 
630 459 15 19 0.053318523 
337 319 17 23 0.052784692 
126 376 14 19 0.052296445 
860 425 12 16 0.051795717 
623 468 14 18 0.051757332 
246 244 11 14 0.051327225 
622 490 12 16 0.051124692 
938 629 15 18 0.050758973 
86 207 10 13 0.050038807 
245 238 12 13 0.049962223 
232 372 13 18 0.04978818 
527 448 13 18 0.049061164 
749 246 14 19 0.0489708 
247 227 10 13 0.048838794 
628 466 16 20 0.048702236 
1011 66 12 19 0.048634056 
807 258 16 22 0.048592534 
306 396 18 22 0.048537474 
117 264 12 17 0.048419885 
655 425 17 21 0.04797842 
111 251 14 20 0.04781095 
239 221 10 12 0.04753558 
79 207 10 13 0.047471367 
123 470 14 17 0.04718819 
574 449 12 16 0.04685018 
740 463 14 20 0.04662532 
332 529 12 16 0.046435874 
644 389 16 20 0.046045084 
314 403 14 17 0.045462143 
256 213 10 12 0.04544538 
1 372 10 13 0.045353323 
93 214 14 19 0.04531089 
420 281 14 18 0.045228582 
634 467 20 24 0.045189556 
79 231 11 13 0.04507524 
896 192 16 21 0.04499551 
973 81 14 16 0.04467104 
103 205 13 15 0.04452424 
448 296 16 20 0.043912325 
645 398 15 18 0.04382081 
307 383 22 27 0.0437873 
756 552 15 20 0.043661207 
442 370 14 20 0.043505307 
341 86 10 15 0.043284036 
830 379 12 15 0.043229647 
286 260 11 14 0.04320166 
85 232 12 17 0.04304498 
254 252 11 14 0.042803295 
645 367 14 17 0.0428025 
793 502 21 27 0.04275211 
913 390 9 12 0.04270319 
246 391 15 20 0.042650655 
496 571 12 15 0.042407352 
315 377 20 24 0.042302947 
183 442 15 19 0.042203844 
1007 57 15 20 0.04214186 
896 660 15 21 0.042022128 
714 545 16 21 0.04194436 
867 599 15 19 0.041860793 
315 234 15 20 0.04176897 
346 108 12 15 0.041438058 
178 383 16 20 0.041355386 
1012 509 13 20 0.04127257 
598 502 15 18 0.04124528 
843 461 15 19 0.040957354 
87 226 15 18 0.040671587 
328 521 23 28 0.04049864 
324 306 15 19 0.0404773 
198 244 13 17 0.040462807 
73 218 11 13 0.04036631 
540 139 20 24 0.040320672 
429 283 13 18 0.04015347 
550 466 12 16 0.040045526 
287 253 9 13 0.04002489 
998 507 15 19 0.03997512 
959 651 16 22 0.03983075 
715 316 17 20 0.039733436 
924 466 17 21 0.039574884 
836 404 16 23 0.039486427 
382 267 13 16 0.03948295 
307 483 14 18 0.039454147 
747 458 15 20 0.039210454 
732 467 14 18 0.039202664 
897 267 14 14 0.039019015 
340 121 12 16 0.0389475 
232 221 10 12 0.038904812 
490 153 16 20 0.038818516 
667 328 16 20 0.038803175 
820 457 16 21 0.038793124 
442 521 15 16 0.038733765 
775 412 14 19 0.03855049 
650 413 17 20 0.03844367 
1007 525 12 16 0.038294114 
251 338 15 19 0.038242474 
1002 466 14 19 0.038014658 
851 601 15 19 0.037994124 
153 273 21 26 0.037943587 
548 556 15 21 0.037906855 
99 215 19 25 0.03781111 
1011 500 12 18 0.037682403 
173 300 17 20 0.037644617 
443 151 16 19 0.037532486 
411 293 17 20 0.037376847 
400 253 16 20 0.037233185 
771 427 13 17 0.0372038 
85 484 12 17 0.037005864 
957 548 15 22 0.03676591 
294 311 19 26 0.03675665 
454 221 12 15 0.03670037 
290 310 15 20 0.036691148 
477 294 13 16 0.036642052 
453 324 12 17 0.03655295 
883 334 15 20 0.03637917 
206 372 15 18 0.035890587 
37 222 12 14 0.035806958 
904 660 19 21 0.03580181 
157 236 20 25 0.035792388 
873 609 14 19 0.035789985 
152 224 21 25 0.03578089 
307 298 17 22 0.035730038 
515 533 14 18 0.035628855 
753 452 21 27 0.035393175 
324 292 14 17 0.03536372 
766 534 20 26 0.03534562 
796 323 15 21 0.03520013 
367 284 10 15 0.035125658 
871 259 14 17 0.0350728 
326 530 12 15 0.03496299 
814 381 11 14 0.034790058 
779 516 16 20 0.034676105 
861 366 14 18 0.034675937 
158 305 15 21 0.03466652 
757 409 14 19 0.034655012 
252 222 11 13 0.034625724 
763 411 15 19 0.03451078 
261 212 9 11 0.034450457 
246 347 14 16 0.034424298 
299 498 16 20 0.034318183 
825 579 22 29 0.034301843 
7 256 18 25 0.034199942 
548 460 13 16 0.034192283 
331 312 18 25 0.034106832 
927 229 15 18 0.034064163 
341 253 16 22 0.033945296 
227 266 14 17 0.033940516 
866 530 14 17 0.033871304 
3 324 14 19 0.03384196 
793 411 13 18 0.0337146 
525 477 13 17 0.03368683 
123 507 17 19 0.033552647 
814 330 12 16 0.033428837 
171 158 17 23 0.033296216 
535 300 21 28 0.03320962 
95 291 15 19 0.03309402 
549 149 17 20 0.033059612 
924 266 13 17 0.033038724 
641 372 14 20 0.032943442 
461 246 13 19 0.0329147 
279 86 15 20 0.03272561 
405 491 13 18 0.032607242 
499 283 12 17 0.032567546 
828 552 15 21 0.032423425 
0 310 9 15 0.03211786 
327 259 10 15 0.032095693 
220 459 14 18 0.03206721 
460 324 14 19 0.032001 
465 250 14 20 0.031797092 
61 346 13 18 0.031780176 
82 475 13 18 0.03170512 
502 525 12 15 0.03156717 
278 523 12 15 0.03154139 
916 606 10 13 0.031496067 
541 488 15 19 0.031464916 
314 317 15 21 0.031451482 
69 331 14 17 0.031439573 
380 307 14 19 0.03142101 
38 315 14 18 0.031280074 
542 557 14 17 0.03120105 
996 498 14 18 0.031059414 
199 224 21 25 0.031041348 
125 232 15 19 0.030825328 
230 237 10 13 0.030760573 
491 128 16 18 0.03058619 
128 224 14 17 0.030556178 
946 627 15 18 0.030520191 
186 350 16 20 0.03036125 
258 266 22 27 0.030319413 
266 295 16 22 0.030310418 
53 386 15 19 0.030302022 
379 338 15 19 0.030203229 
837 288 15 21 0.03013799 
814 388 12 15 0.03001691 
604 428 21 25 0.029963033 
45 220 10 13 0.029892895 
134 260 12 16 0.02987076 
1012 525 12 17 0.029779507 
420 289 15 20 0.02976552 
333 337 13 17 0.029733337 
400 180 10 12 0.029640734 
106 302 16 20 0.029595042 
679 282 12 16 0.029505437 
180 336 17 20 0.029463723 
357 131 14 20 0.029447475 
258 468 15 21 0.029346647 
27 345 14 18 0.029338293 
44 361 14 18 0.029305115 
271 263 10 13 0.029186454 
102 285 15 18 0.029123861 
842 449 19 25 0.029031651 
733 384 16 18 0.02892941 
13 302 13 17 0.028920587 
147 289 16 19 0.028745621 
437 155 16 17 0.028711768 
49 409 16 21 0.028694218 
883 421 16 17 0.028637497 
475 275 14 18 0.028597713 
229 275 14 16 0.028584495 
650 366 15 16 0.02856816 
456 350 12 15 0.028324716 
580 452 16 17 0.028292822 
137 206 15 18 0.02829241 
819 336 13 18 0.028250463 
820 391 13 15 0.028212316 
213 255 12 16 0.028192926 
158 220 15 17 0.028105775 
197 234 14 18 0.028064616 
54 243 13 17 0.027999394 
172 292 14 18 0.027992083 
5 381 13 16 0.02795874 
914 467 17 19 0.027886067 
572 401 15 21 0.027702548 
534 257 12 16 0.02769889 
229 428 14 18 0.027657554 
628 482 16 20 0.027535565 
808 484 17 20 0.027509687 
262 250 11 14 0.027467437 
422 541 14 20 0.027419839 
332 293 13 17 0.027408898 
405 378 15 21 0.02725664 
224 221 10 12 0.027192622 
95 419 14 18 0.027123248 
15 385 21 28 0.026957963 
460 170 13 18 0.026925758 
828 592 17 21 0.026765494 
46 215 9 11 0.026744341 
47 228 12 14 0.026689036 
474 554 14 18 0.026681848 
885 325 12 17 0.026675902 
35 307 14 18 0.0265851 
817 398 12 15 0.026570933 
67 395 15 18 0.026549496 
773 235 21 27 0.026542768 
847 539 19 27 0.026538845 
231 229 11 13 0.0265361 
437 404 12 16 0.026434837 
373 281 13 18 0.026428618 
413 375 15 20 0.026379151 
743 410 14 17 0.026376178 
549 294 14 17 0.026357846 
83 466 12 17 0.0263066 
25 222 11 13 0.026298413 
255 524 12 14 0.026298337 
444 330 16 21 0.026280105 
860 598 14 17 0.026267732 
254 299 13 18 0.026206156 
1000 526 23 34 0.026058216 
872 473 14 17 0.025962664 
835 574 14 20 0.025927076 
566 402 12 18 0.025858583 
788 432 13 17 0.02585486 
0 380 11 16 0.025749102 
877 329 16 21 0.02574136 
411 336 14 19 0.025734961 
724 441 13 17 0.0256816 
280 252 10 13 0.02564427 
254 242 11 15 0.025629742 
340 519 30 32 0.025621908 
501 349 13 16 0.025611594 
218 448 14 19 0.025591917 
853 308 17 22 0.02556216 
750 255 13 18 0.025445104 
716 402 16 20 0.025428666 
917 612 13 16 0.025383793 
410 311 16 21 0.025380982 
411 321 14 18 0.025335515 
660 553 26 30 0.025268864 
284 267 12 15 0.025215946 
552 302 14 17 0.025192423 
982 670 13 16 0.025088742 
33 480 17 19 0.025086196 
749 370 12 16 0.024974333 
419 306 13 16 0.024973255 
267 475 13 18 0.024953691 
215 196 12 17 0.024870774 
190 292 14 18 0.024838023 
741 398 19 25 0.024746574 
286 516 11 15 0.024663817 
890 204 16 20 0.024607228 
350 535 28 30 0.024594257 
234 327 20 25 0.024557037 
630 434 19 26 0.02448754 
991 486 19 25 0.02441251 
535 457 13 16 0.024362821 
454 404 16 18 0.024354696 
917 390 9 11 0.024346897 
380 256 18 24 0.024337787 
340 130 12 16 0.024273206 
598 581 29 28 0.024246054 
245 252 21 28 0.024213452 
339 101 15 20 0.024153415 
252 272 20 25 0.02412711 
71 208 11 12 0.024122288 
763 435 16 20 0.024062868 
836 372 13 16 0.024048904 
394 269 17 22 0.02399852 
532 467 13 16 0.023870898 
895 597 12 17 0.023849243 
308 267 10 13 0.023806943 
805 343 14 18 0.023768626 
52 250 13 17 0.023756696 
48 259 13 16 0.023719622 
302 414 15 19 0.02361339 
233 465 16 18 0.023607405 
759 557 24 30 0.023564188 
8 285 11 13 0.023555718 
291 255 20 24 0.023554448 
534 532 12 15 0.023547882 
709 267 13 18 0.023491627 
822 372 13 15 0.02348102 
389 286 12 17 0.02343743 
59 407 15 21 0.023432918 
941 611 13 17 0.023400633 
956 627 15 18 0.023384804 
722 321 14 17 0.023267262 
452 370 17 21 0.02326151 
499 329 22 27 0.023104424 
253 410 15 20 0.023060294 
783 459 15 20 0.02304184 
780 396 12 16 0.02298994 
76 252 15 18 0.022984244 
418 457 15 20 0.022976728 
413 276 14 18 0.02297198 
860 324 15 20 0.022961983 
95 427 15 19 0.02295182 
286 220 10 14 0.022858655 
110 330 13 18 0.02282203 
347 114 12 17 0.022812562 
407 476 14 16 0.022799063 
823 258 15 23 0.022790324 
196 306 14 20 0.022709973 
836 390 15 18 0.022677265 
430 526 23 26 0.02266432 
577 235 10 13 0.022657905 
330 387 13 17 0.022568759 
546 445 13 16 0.022558637 
675 469 15 18 0.022460852 
634 577 15 22 0.022403313 
342 266 13 18 0.022399928 
253 283 13 16 0.022375997 
200 468 11 15 0.022262726 
580 445 14 16 0.022119755 
0 431 11 21 0.02211386 
647 372 17 21 0.022065556 
199 260 13 15 0.021980774 
163 490 13 17 0.021943638 
330 96 17 22 0.02194348 
701 321 29 31 0.021941 
813 337 12 17 0.021936368 
494 524 11 14 0.02192725 
810 590 23 31 0.02191063 
166 385 14 21 0.021908842 
790 292 12 17 0.02183808 
814 584 16 19 0.021796215 
373 203 13 20 0.021749947 
510 451 12 17 0.0217427 
926 619 15 20 0.021653948 
253 228 11 15 0.02158418 
29 402 15 21 0.02158285 
236 377 21 27 0.021542009 
0 350 10 17 0.021521537 
989 471 14 19 0.02152152 
748 556 23 29 0.021514574 
1002 74 24 36 0.021474695 
59 392 17 21 0.021462003 
78 480 14 19 0.02142659 
870 299 14 18 0.021406155 
262 259 11 14 0.021380557 
876 645 23 29 0.021348324 
218 379 14 20 0.021343434 
803 323 16 22 0.021320757 
316 290 15 19 0.021304237 
891 422 13 15 0.021277567 
238 260 13 17 0.02123244 
541 464 13 17 0.021226518 
851 465 15 19 0.021169068 
923 335 11 14 0.021159897 
254 457 178 198 0.021120321 
385 402 20 26 0.021089064 
784 225 15 20 0.021081928 
947 564 14 18 0.021071574 
40 215 11 12 0.021036934 
47 266 13 17 0.020964928 
108 208 13 18 0.020941116 
619 452 19 25 0.02086998 
216 332 19 26 0.020825803 
557 462 13 16 0.020799158 
855 503 25 29 0.020791313 
575 459 12 17 0.020791078 
172 261 14 17 0.020785173 
5 388 19 28 0.020756112 
867 362 13 18 0.02069129 
237 215 12 13 0.020689642 
462 439 237 232 0.020576425 
150 212 11 15 0.020563764 
308 370 17 21 0.020519918 
428 296 13 18 0.020493241 
54 222 10 13 0.020469606 
481 309 15 20 0.020457326 
114 291 15 20 0.020419683 
892 330 13 18 0.02039959 
823 537 21 29 0.020386238 
110 378 19 25 0.020355484 
519 480 19 25 0.020345774 
303 299 13 17 0.020280965 
786 328 19 25 0.02026962 
407 393 13 20 0.020257983 
461 196 14 19 0.020225644 
842 564 22 29 0.020215917 
240 237 10 13 0.020207748 
459 366 14 18 0.02013539 
287 461 21 29 0.020115435 
-1 387 11 16 0.020096961 
227 434 14 19 0.020059641 
100 422 16 19 0.020039031 
717 324 22 28 0.020023815 
71 229 12 14 0.020013386 
