2_Demonstration_Demonstration_Or_Protest_2_402
513
476 125 45 52 0.9883061 
794 125 54 61 0.9867922 
389 110 50 58 0.9803458 
184 151 55 62 0.9754072 
311 148 55 63 0.95776916 
607 112 49 55 0.8875718 
917 11 16 20 0.6241651 
671 139 52 60 0.60408384 
485 72 15 19 0.5995595 
479 54 11 13 0.57491827 
521 29 9 12 0.4198927 
309 15 10 13 0.40895057 
153 156 17 21 0.3038596 
393 69 9 12 0.2989739 
841 61 30 37 0.29811028 
498 15 9 11 0.2853623 
157 9 23 28 0.25677136 
971 180 12 15 0.25662923 
176 95 16 20 0.25529513 
445 23 9 10 0.24389154 
977 14 11 15 0.22976284 
415 28 12 13 0.22965914 
478 31 9 11 0.21904738 
979 283 13 16 0.21591033 
445 29 10 12 0.21375237 
443 69 14 17 0.20265183 
707 13 9 11 0.19753341 
498 20 10 11 0.19301115 
471 37 10 12 0.18881562 
683 90 13 15 0.18713978 
310 6 10 12 0.18413219 
444 60 12 14 0.17587656 
519 24 9 12 0.17135204 
694 28 11 13 0.16818027 
970 73 14 17 0.16451678 
726 87 9 14 0.16146874 
453 54 11 13 0.15973634 
845 30 13 18 0.15936093 
326 39 10 12 0.15493158 
650 67 11 14 0.15178369 
164 126 14 18 0.14279228 
527 23 9 12 0.14069562 
392 36 9 11 0.13979325 
594 28 15 15 0.13536084 
353 24 9 10 0.13132513 
414 45 10 12 0.12812893 
173 105 17 20 0.12705083 
1007 212 12 16 0.12499245 
432 30 8 11 0.12452295 
165 70 14 19 0.12363896 
251 249 15 18 0.123620704 
320 37 10 11 0.1210081 
420 21 10 12 0.11765993 
352 86 11 14 0.11759467 
357 21 9 11 0.11639071 
473 32 10 12 0.11632529 
361 62 7 9 0.11508027 
153 99 15 18 0.11479632 
353 29 9 11 0.11464474 
496 45 9 11 0.112986855 
979 101 13 17 0.11100197 
329 60 8 11 0.1068826 
478 48 11 13 0.10410381 
415 62 10 12 0.10374707 
594 83 11 14 0.10207889 
638 63 11 13 0.09989623 
397 70 10 12 0.09928491 
863 243 13 17 0.09760068 
685 54 11 13 0.09516848 
240 204 17 20 0.09373725 
432 61 10 13 0.09154797 
375 15 8 10 0.0887437 
212 254 18 19 0.087828636 
463 13 10 12 0.08771471 
692 34 12 13 0.08685047 
369 16 8 10 0.08638823 
391 20 11 12 0.08537261 
155 154 24 34 0.08276331 
979 205 14 18 0.081387356 
392 65 9 11 0.077625 
397 31 8 12 0.07737569 
533 69 10 13 0.076942205 
517 14 8 11 0.07587204 
991 254 11 13 0.07467353 
457 13 9 11 0.07453772 
415 37 11 12 0.07447662 
344 21 9 10 0.07444438 
518 34 9 12 0.07434076 
487 13 9 11 0.0743051 
415 13 11 12 0.07428077 
398 75 12 14 0.07353679 
357 77 8 12 0.07291849 
478 36 9 12 0.07284747 
440 16 9 10 0.072710186 
127 316 10 13 0.072533056 
507 106 16 18 0.06983178 
432 21 8 11 0.069049224 
318 32 9 10 0.06879627 
728 23 8 11 0.06861135 
95 213 9 11 0.06808621 
319 55 10 12 0.06646275 
672 22 9 10 0.06620937 
154 57 15 17 0.06604943 
236 3 14 15 0.0658428 
687 46 10 12 0.06550832 
992 125 11 15 0.06514459 
391 74 11 14 0.06488219 
154 5 15 18 0.0647201 
397 21 8 11 0.06423722 
361 36 8 11 0.063872784 
423 62 9 12 0.06380668 
345 54 10 11 0.063055605 
172 50 17 21 0.06235639 
528 13 9 10 0.062355027 
367 37 8 11 0.06181946 
333 56 9 11 0.06178382 
393 0 8 9 0.061500426 
357 31 9 11 0.06125878 
976 52 13 15 0.060772266 
383 9 9 10 0.060710553 
154 211 16 18 0.060319073 
449 55 11 15 0.060193382 
1001 205 11 14 0.05977853 
919 228 11 14 0.059697963 
728 14 8 10 0.058950003 
334 38 9 11 0.058939103 
93 222 10 13 0.05865628 
313 56 9 11 0.058258004 
1000 211 12 15 0.057308886 
446 15 9 11 0.05644311 
164 55 23 29 0.05559116 
855 60 15 18 0.055250913 
486 61 10 12 0.055131756 
633 62 10 13 0.054654635 
837 14 11 14 0.054214448 
1011 231 12 19 0.054117784 
286 43 9 13 0.05402023 
360 56 9 11 0.053290248 
406 69 10 12 0.052844156 
991 220 12 16 0.052809373 
335 85 9 12 0.05251992 
832 252 12 13 0.0518465 
618 30 11 13 0.05158352 
360 15 9 11 0.051581316 
177 42 15 18 0.0514724 
522 177 26 34 0.051000193 
374 20 8 10 0.050929386 
996 114 12 17 0.050297514 
857 4 13 14 0.049625866 
461 20 12 12 0.049233757 
385 37 9 11 0.0490618 
606 71 10 13 0.048981797 
391 14 10 12 0.04870409 
484 30 10 11 0.048648052 
622 15 10 12 0.04841409 
318 21 10 12 0.048320524 
726 64 8 10 0.048299782 
1012 243 10 17 0.048179045 
163 115 24 28 0.047931895 
497 7 10 12 0.04786079 
1014 355 9 12 0.04774127 
651 103 18 21 0.047653597 
840 234 10 13 0.04754868 
440 5 10 12 0.04730585 
728 28 8 11 0.047146764 
313 71 11 13 0.04704796 
151 149 13 16 0.04689001 
655 23 8 10 0.046577215 
479 76 24 31 0.046543177 
312 37 9 12 0.046272162 
485 21 10 11 0.0461971 
133 313 13 15 0.045763623 
677 85 20 26 0.04573445 
772 9 21 26 0.04568559 
973 59 14 17 0.045443673 
575 15 8 10 0.0454294 
623 35 10 12 0.045410868 
318 14 9 12 0.045304056 
979 206 25 30 0.04530283 
401 54 8 10 0.04522635 
1011 217 12 17 0.045225404 
171 5 17 21 0.04494765 
973 208 16 22 0.044857442 
176 367 10 13 0.04483689 
984 301 10 12 0.044673666 
409 62 9 12 0.044248313 
44 190 11 13 0.043973625 
552 59 12 14 0.043909334 
94 146 12 14 0.043904718 
551 13 10 12 0.043896135 
982 94 11 15 0.043491397 
560 23 9 11 0.043383688 
977 0 11 10 0.043336906 
152 48 22 28 0.042942703 
285 35 11 15 0.04281238 
284 60 11 13 0.042690422 
285 23 11 14 0.042560555 
484 88 14 18 0.042461332 
366 92 12 16 0.04242892 
1007 116 11 17 0.042392716 
311 45 8 11 0.041607443 
335 79 9 11 0.041544512 
702 84 11 14 0.041544277 
333 93 10 11 0.041504335 
409 23 11 13 0.041423388 
150 87 15 18 0.041339368 
100 157 13 17 0.04128799 
324 22 10 11 0.04118916 
285 98 11 17 0.041120686 
280 293 10 11 0.04108146 
315 30 8 11 0.04082683 
535 39 10 12 0.040639665 
385 77 9 12 0.04021587 
623 68 9 12 0.040070884 
792 221 10 12 0.040048223 
286 7 11 15 0.039925523 
376 8 8 10 0.039851546 
637 93 27 34 0.039355393 
365 56 10 11 0.03928207 
314 95 9 12 0.0391866 
672 13 10 12 0.039041996 
413 52 12 13 0.038953982 
386 21 9 11 0.038740158 
595 77 12 14 0.038505077 
519 62 10 13 0.038449813 
704 21 10 12 0.03804344 
349 48 9 11 0.038017903 
629 108 34 38 0.037986133 
464 44 9 11 0.03786742 
94 157 13 18 0.037816655 
465 38 10 12 0.037718304 
499 105 28 32 0.037668105 
690 24 10 12 0.03725049 
980 28 12 15 0.037210803 
552 19 9 12 0.037012026 
421 36 9 11 0.036886837 
152 205 13 16 0.036762457 
420 333 10 13 0.03654041 
357 70 8 12 0.03634664 
398 47 8 10 0.036065206 
696 68 11 13 0.03603929 
713 472 11 13 0.03602165 
652 203 28 40 0.035797834 
439 0 9 10 0.035744477 
759 250 10 12 0.03574032 
519 68 10 13 0.035572387 
453 30 11 13 0.03551577 
643 62 20 22 0.035502918 
393 45 9 11 0.035502363 
727 69 8 11 0.035457883 
151 178 25 36 0.035448715 
150 97 24 28 0.035360485 
1013 331 10 15 0.035258643 
648 0 8 10 0.035220224 
1007 303 10 12 0.03517505 
856 52 14 18 0.035135787 
368 45 8 10 0.035103492 
919 155 11 13 0.03499971 
980 340 10 13 0.034799863 
1000 283 10 14 0.034569677 
153 44 15 18 0.03454804 
994 206 24 29 0.034441624 
989 301 10 12 0.034312904 
164 177 13 18 0.03417926 
161 168 16 21 0.034095626 
693 44 11 13 0.033720296 
998 293 9 12 0.03368701 
328 79 9 11 0.03359483 
329 85 9 12 0.033529714 
448 73 14 17 0.033523284 
326 13 9 11 0.033381894 
514 20 10 14 0.033358697 
447 32 11 14 0.033248026 
356 90 12 16 0.033134203 
820 222 12 14 0.033050608 
102 149 11 15 0.03297147 
343 13 10 12 0.03270289 
703 46 11 14 0.032407254 
991 293 11 13 0.03239308 
431 36 9 11 0.032312386 
1004 213 20 28 0.03228649 
344 84 10 13 0.032205902 
310 125 12 14 0.03216071 
598 70 11 13 0.032048695 
678 71 10 13 0.031982288 
384 46 8 11 0.03194537 
836 5 12 15 0.031942647 
701 28 10 13 0.03193106 
984 166 13 15 0.03193093 
433 16 7 11 0.03185489 
1014 338 10 14 0.03183833 
352 60 9 11 0.031784438 
421 15 10 12 0.031689465 
398 63 9 12 0.031525955 
531 21 10 12 0.03148097 
585 71 8 10 0.031381316 
992 244 13 17 0.031272803 
368 32 8 10 0.031220399 
867 193 13 16 0.03109357 
992 108 12 16 0.031078884 
987 283 12 15 0.03104464 
286 54 9 12 0.031013396 
471 44 10 11 0.030858628 
756 270 10 14 0.030821051 
648 38 7 9 0.030723518 
998 259 11 14 0.030703377 
973 10 19 26 0.030668966 
519 52 9 13 0.030560315 
471 74 12 15 0.030556513 
433 7 8 10 0.030349659 
649 21 8 10 0.030252347 
163 98 21 28 0.030203465 
542 93 9 11 0.030037913 
393 71 20 23 0.02998801 
762 112 15 20 0.02991806 
546 14 9 11 0.029797692 
636 122 49 60 0.029415997 
966 320 13 17 0.02939748 
979 4 14 16 0.029366728 
664 30 9 11 0.02923453 
151 35 11 14 0.029155865 
542 39 10 12 0.029034529 
540 126 10 13 0.029017191 
89 226 10 14 0.02896981 
573 86 8 11 0.028909545 
718 373 12 15 0.02890087 
583 14 8 10 0.028879503 
397 15 8 10 0.028811267 
725 78 10 15 0.028743504 
987 110 21 26 0.028726943 
557 112 11 13 0.028676366 
284 73 12 19 0.028565131 
844 78 18 21 0.02838386 
925 237 10 14 0.028358094 
917 223 11 14 0.028312866 
318 99 10 13 0.028300827 
479 8 9 11 0.028258162 
696 77 10 13 0.02813633 
768 50 11 14 0.02807365 
599 45 10 11 0.028027238 
781 60 12 16 0.02800381 
990 196 12 14 0.027958183 
838 31 25 31 0.027936563 
679 36 10 13 0.027933532 
461 29 11 13 0.027886668 
568 14 9 11 0.027832983 
348 82 18 24 0.0278128 
832 51 27 35 0.027805392 
374 39 8 10 0.027763974 
727 46 9 12 0.027566932 
375 586 15 16 0.027533589 
102 222 10 13 0.027366411 
455 20 10 12 0.027281778 
850 51 24 33 0.027232911 
366 60 10 12 0.027211322 
622 22 11 12 0.027186655 
150 23 24 30 0.02718395 
150 196 24 31 0.027165722 
376 45 8 10 0.027098745 
574 150 10 13 0.02697508 
328 8 8 10 0.026966471 
342 103 12 14 0.026940776 
333 108 24 27 0.026940417 
983 189 13 15 0.026922323 
693 85 12 14 0.026771283 
515 30 9 11 0.026741123 
622 0 10 10 0.02670627 
568 61 9 11 0.026625259 
398 83 13 15 0.026563864 
700 62 11 13 0.026535636 
485 46 11 13 0.026531886 
974 113 13 17 0.02651233 
409 12 10 12 0.026485367 
1015 107 9 14 0.026459357 
415 9 9 10 0.026403017 
623 43 10 12 0.02639325 
431 45 10 11 0.026317524 
386 443 24 30 0.026214376 
576 37 8 11 0.026211055 
655 30 8 10 0.02618732 
1011 85 11 17 0.026078807 
681 59 10 13 0.026066223 
390 6 10 12 0.025995156 
535 92 10 12 0.025985802 
727 38 8 12 0.025957694 
685 68 12 15 0.025877856 
143 114 44 61 0.025796397 
414 429 14 18 0.025777062 
639 30 9 11 0.025776558 
655 38 7 10 0.025769154 
1009 249 12 16 0.025745396 
467 403 14 16 0.025739443 
845 21 12 17 0.025729546 
153 110 26 30 0.025684329 
328 100 11 14 0.025617862 
647 14 8 11 0.025505863 
603 29 10 14 0.025488459 
336 70 9 10 0.025475867 
622 6 9 10 0.02547397 
669 29 10 12 0.025287831 
97 5 15 16 0.025273208 
671 70 11 14 0.025228115 
335 32 9 11 0.025195591 
454 47 11 14 0.025137786 
593 34 11 14 0.025086954 
918 106 14 17 0.024996543 
641 0 9 9 0.024990004 
631 22 9 10 0.024974246 
374 62 9 11 0.02497332 
645 67 24 27 0.024691287 
551 45 10 11 0.024325758 
399 65 21 23 0.024237577 
164 4 16 19 0.024206305 
455 8 10 11 0.024187641 
830 39 24 30 0.024150671 
337 13 9 11 0.024149893 
901 122 11 15 0.024135498 
138 311 13 15 0.024135225 
591 8 11 11 0.02409685 
582 39 8 11 0.024063438 
999 301 10 12 0.024022568 
430 318 9 11 0.02394701 
501 28 9 11 0.023940241 
968 79 13 17 0.023934579 
982 123 12 16 0.023907695 
333 106 15 17 0.02383837 
88 222 24 32 0.023791363 
440 58 19 24 0.023750186 
386 31 9 11 0.023694474 
525 64 13 14 0.0236626 
317 6 10 12 0.023438597 
347 106 14 16 0.023435168 
282 138 26 41 0.023405721 
494 52 11 13 0.023376655 
326 31 10 12 0.023356507 
159 65 15 20 0.023354355 
156 69 25 32 0.023336949 
576 21 8 10 0.023332093 
485 37 10 11 0.023316681 
974 7 13 15 0.02325167 
437 71 24 29 0.0230737 
981 218 24 32 0.022964902 
20 120 11 13 0.022938859 
569 101 9 11 0.02288018 
414 285 10 13 0.022757119 
421 359 10 12 0.022713095 
454 0 10 10 0.022687953 
977 301 10 13 0.022598935 
998 338 11 14 0.022595469 
1004 308 12 14 0.022576386 
766 98 25 30 0.02253995 
169 17 16 20 0.022488134 
695 52 11 13 0.022468414 
235 9 14 17 0.02244864 
831 44 12 15 0.022421693 
533 45 10 11 0.022298034 
687 160 56 63 0.022227101 
672 36 9 12 0.022182094 
582 22 8 10 0.02215645 
375 56 9 11 0.022119131 
993 221 24 31 0.022057688 
490 80 15 20 0.021990769 
180 87 12 15 0.021935714 
686 30 20 24 0.02186109 
132 391 9 12 0.021840194 
345 47 9 11 0.021835402 
701 79 11 13 0.02182081 
833 19 13 15 0.02179972 
680 63 24 30 0.021767698 
718 453 12 16 0.021739589 
558 28 10 11 0.0217087 
981 83 13 16 0.021698179 
493 61 11 13 0.021543767 
1014 316 10 14 0.021536373 
868 246 14 18 0.021507053 
727 6 10 12 0.021464515 
158 125 25 31 0.02143577 
864 211 13 15 0.021416174 
637 56 10 12 0.021410258 
629 62 20 23 0.021400532 
360 84 21 27 0.02139261 
640 7 9 11 0.02132974 
569 56 8 10 0.021310112 
589 144 11 16 0.021305272 
581 45 9 11 0.02130158 
569 37 8 11 0.021290839 
990 100 12 17 0.021216588 
246 103 15 19 0.021191139 
461 60 11 14 0.020982938 
7 183 8 11 0.020936621 
664 22 9 10 0.020933425 
420 44 10 12 0.02087607 
305 10 18 23 0.020837374 
251 325 12 16 0.020836886 
687 223 12 15 0.020829236 
650 73 14 17 0.020808132 
333 44 10 12 0.020789513 
1004 282 10 14 0.02066726 
639 24 8 11 0.02063386 
320 44 10 11 0.020581914 
676 21 9 11 0.020527897 
904 230 9 12 0.020527491 
990 92 11 16 0.020502843 
344 29 9 11 0.020493733 
686 77 12 14 0.020478953 
282 28 11 14 0.020456746 
1010 356 9 12 0.020440666 
292 7 10 12 0.020398336 
847 254 12 14 0.020390566 
389 333 9 12 0.020383146 
628 38 8 12 0.020269144 
368 7 9 11 0.02017064 
446 0 10 10 0.020155272 
