2_Demonstration_Protesters_2_1033
30
108 45 92 112 0.9992286 
417 315 28 37 0.9970451 
314 204 52 71 0.99703574 
359 268 33 44 0.9755215 
496 344 24 34 0.8533902 
549 416 10 13 0.17486997 
833 422 12 17 0.13080846 
267 401 52 54 0.10239822 
562 429 9 11 0.09344737 
351 558 13 17 0.07645708 
427 404 17 22 0.051751435 
67 46 17 22 0.051471658 
800 465 11 13 0.03657855 
69 336 92 111 0.0355937 
461 425 51 61 0.034458786 
559 423 10 12 0.033091802 
481 373 18 23 0.032392915 
201 460 53 58 0.026856104 
484 337 29 37 0.026469633 
402 386 47 54 0.026371064 
290 196 12 16 0.026193079 
807 428 10 13 0.02433371 
483 357 25 31 0.024153335 
552 368 9 10 0.023615412 
492 355 29 42 0.023563808 
84 321 52 63 0.022955045 
487 328 44 57 0.02166378 
35 359 87 68 0.021343155 
360 556 16 19 0.020484861 
892 421 15 21 0.020268718 
