2_Demonstration_Demonstration_Or_Protest_2_304
107
193 276 48 68 0.9984357 
302 385 38 46 0.99588937 
526 344 49 67 0.99494547 
374 362 36 46 0.99408203 
763 285 105 126 0.9900732 
431 376 42 54 0.985857 
681 401 47 58 0.98390085 
261 381 39 53 0.97255874 
78 383 36 47 0.96989083 
919 379 31 50 0.9626786 
553 348 43 63 0.922888 
702 396 44 55 0.7756178 
865 653 55 68 0.7624372 
37 407 25 33 0.7510831 
727 397 32 41 0.7418066 
607 368 30 37 0.2053963 
124 742 169 245 0.17129935 
37 354 23 31 0.11489782 
287 326 25 35 0.112057745 
615 323 12 16 0.109827474 
27 396 29 36 0.1057507 
774 585 75 70 0.10369231 
715 348 17 21 0.0953122 
564 296 15 20 0.07145459 
291 778 14 18 0.0658342 
936 395 29 45 0.064636886 
0 403 9 19 0.06282634 
510 253 14 15 0.06072124 
966 417 45 65 0.059230283 
211 241 12 17 0.056426328 
189 254 10 14 0.056369007 
147 265 15 22 0.055739637 
2 396 27 36 0.054008488 
379 345 34 44 0.051897228 
1000 397 26 43 0.051587977 
101 659 53 61 0.050050262 
0 558 9 16 0.049043603 
207 347 43 51 0.04632488 
13 389 28 37 0.043594703 
210 658 50 69 0.043289468 
59 120 31 39 0.04129119 
363 373 33 38 0.041179087 
577 262 15 21 0.04040739 
526 267 12 15 0.039998733 
276 264 12 15 0.03725626 
422 279 29 35 0.03696852 
992 411 30 43 0.036837503 
3 378 25 39 0.03663929 
77 627 311 441 0.036356222 
666 355 13 17 0.036124308 
618 241 19 23 0.036093224 
690 203 52 65 0.036037482 
221 300 32 41 0.035763424 
27 403 16 22 0.035231616 
51 366 16 23 0.034538936 
0 396 9 17 0.0343641 
1000 107 21 31 0.033337686 
970 445 46 64 0.032604948 
341 -7 103 107 0.032127075 
40 391 27 40 0.031908482 
440 286 35 38 0.031127185 
662 36 9 10 0.031086342 
603 414 38 52 0.030945037 
211 734 42 42 0.030076386 
643 369 12 15 0.029414851 
48 409 17 24 0.02938825 
693 386 33 44 0.029385217 
942 407 44 60 0.028616145 
237 299 27 39 0.02860807 
20 715 14 16 0.027930593 
611 316 22 28 0.027642978 
956 395 29 41 0.027594915 
857 43 10 13 0.027419742 
400 366 43 56 0.027305376 
328 281 27 38 0.026904318 
10 392 16 23 0.026313819 
998 2 13 15 0.026284989 
661 360 14 17 0.025971496 
890 658 34 49 0.025441587 
541 455 19 23 0.025324224 
697 368 29 37 0.025095746 
599 266 12 16 0.024878563 
504 252 22 27 0.024554944 
354 313 27 32 0.024137797 
580 247 12 15 0.024122963 
50 402 15 21 0.02386598 
631 364 22 27 0.023861129 
176 294 30 39 0.023591101 
40 368 27 35 0.023526413 
573 364 31 42 0.023250824 
608 320 14 18 0.023112455 
191 652 84 107 0.023029024 
927 414 29 43 0.02284608 
45 396 14 21 0.022551153 
317 377 29 43 0.021964654 
104 637 78 99 0.021920128 
605 352 31 37 0.021738851 
17 403 29 35 0.021608718 
178 265 15 19 0.021425681 
577 317 29 39 0.021400606 
580 258 23 29 0.021367365 
520 256 22 27 0.021339824 
702 345 43 57 0.0208573 
764 341 124 164 0.02064573 
971 397 26 34 0.02053725 
782 611 40 46 0.0201538 
0 366 9 15 0.020113844 
