2_Demonstration_Political_Rally_2_90
163
535 269 56 78 0.9985934 
789 381 21 27 0.964929 
299 363 11 14 0.5536662 
4 326 13 19 0.3491154 
920 377 13 16 0.34810826 
876 378 10 14 0.32478476 
235 379 14 18 0.30330113 
156 361 12 15 0.29294685 
195 334 11 14 0.2625979 
112 357 15 18 0.25683898 
43 371 13 16 0.25586605 
23 316 10 14 0.23056342 
204 355 12 16 0.1673442 
341 382 9 12 0.14575297 
318 372 11 14 0.13455297 
326 357 10 13 0.122740135 
260 355 11 15 0.118032195 
302 298 15 20 0.11799397 
796 177 17 20 0.11620377 
289 390 9 12 0.101167016 
22 323 11 16 0.08533477 
327 363 10 14 0.084742524 
407 420 8 11 0.07964878 
324 373 11 14 0.06865234 
329 404 11 13 0.06553732 
296 382 8 10 0.06502763 
248 301 12 14 0.064937234 
171 387 14 19 0.06464796 
304 381 8 12 0.06312786 
152 311 14 18 0.06127143 
40 348 10 12 0.061215393 
256 351 11 14 0.05884832 
236 349 12 16 0.058037456 
199 350 12 17 0.05712431 
326 333 8 11 0.051880147 
273 390 9 12 0.051670298 
730 432 22 33 0.05159873 
878 430 13 16 0.05140313 
212 355 14 18 0.05081358 
876 401 12 18 0.050776314 
38 366 14 17 0.04965157 
46 326 9 11 0.048395254 
204 361 14 19 0.047598884 
951 427 41 56 0.046666004 
296 371 10 13 0.046600632 
218 337 16 19 0.046567112 
917 368 12 14 0.045325417 
230 364 14 17 0.043581594 
288 384 9 12 0.041971102 
64 322 10 13 0.04177928 
220 386 11 15 0.041494306 
14 324 10 15 0.040816423 
933 465 36 41 0.040595043 
953 421 27 39 0.040242653 
322 326 9 10 0.040191554 
40 327 9 12 0.039896473 
942 444 44 59 0.03988982 
940 404 12 16 0.03968358 
956 327 10 14 0.039415054 
876 392 13 19 0.038262494 
845 395 16 18 0.037642375 
259 373 12 14 0.037438557 
1004 382 20 35 0.037102178 
277 390 10 13 0.037052847 
287 366 11 12 0.037020672 
360 380 9 11 0.035557803 
209 341 25 29 0.035305906 
264 342 9 11 0.035031747 
327 398 11 13 0.034518726 
301 371 10 13 0.034241628 
872 377 19 27 0.0340394 
174 285 11 14 0.033652328 
918 333 10 13 0.033442073 
150 354 21 26 0.032734584 
392 358 9 13 0.03235408 
822 377 14 19 0.03230708 
229 371 15 20 0.032186333 
219 346 15 18 0.03214711 
192 331 20 25 0.031949192 
27 325 12 15 0.0318439 
269 356 10 13 0.03163385 
309 368 20 23 0.031281717 
309 399 9 12 0.031152897 
102 381 12 17 0.030460775 
81 374 9 12 0.03018595 
230 354 14 18 0.029955449 
308 405 10 11 0.02983458 
284 309 11 12 0.029819507 
151 389 10 13 0.02979157 
93 349 14 17 0.029626146 
261 389 10 13 0.029614845 
310 367 11 14 0.029476695 
260 362 11 14 0.028902723 
52 381 12 15 0.028888425 
8 321 18 27 0.028617067 
283 357 12 14 0.028398342 
279 356 11 13 0.028165177 
297 301 12 16 0.027911052 
165 362 12 16 0.02785331 
994 458 30 51 0.027669711 
889 333 8 10 0.027637761 
251 306 13 16 0.027606945 
374 372 9 12 0.027332723 
335 301 10 13 0.027325451 
204 336 22 26 0.027128497 
364 421 9 13 0.02708076 
196 344 20 27 0.026973091 
88 353 13 17 0.026827646 
368 373 10 12 0.026781738 
200 360 23 32 0.026661612 
259 380 12 14 0.026646348 
110 333 11 13 0.026417134 
302 352 11 14 0.026323609 
837 388 14 17 0.026219929 
219 357 13 15 0.026177112 
402 421 9 11 0.02601868 
910 297 9 9 0.025906531 
0 333 13 20 0.025805667 
15 318 10 14 0.025697973 
28 312 10 13 0.025329305 
967 420 33 41 0.02504113 
343 326 8 11 0.024753539 
996 390 28 46 0.024716133 
870 387 23 32 0.024689917 
158 348 13 17 0.024543833 
264 335 9 12 0.024126967 
327 409 12 14 0.024004841 
216 356 23 29 0.024003094 
255 342 9 11 0.023879336 
97 350 19 24 0.023768242 
237 311 11 14 0.023727195 
911 300 9 11 0.023649778 
222 361 13 18 0.023604566 
19 320 19 26 0.02356026 
256 389 10 13 0.02350489 
32 372 10 14 0.02336401 
491 406 112 139 0.023285108 
724 432 17 22 0.023251569 
296 354 19 24 0.023093255 
392 353 8 12 0.022611964 
249 364 20 25 0.022547683 
308 377 12 15 0.022431199 
336 309 11 14 0.022198102 
271 335 10 12 0.022196436 
341 302 10 12 0.022055738 
220 375 22 27 0.021630112 
995 370 24 39 0.021548335 
39 332 10 13 0.021456113 
159 342 11 15 0.021388542 
953 330 10 13 0.021311337 
222 340 24 29 0.021268355 
277 395 10 14 0.021127472 
827 373 13 17 0.021036727 
327 341 10 12 0.02097729 
800 379 16 22 0.020929253 
317 366 20 25 0.02088773 
740 449 24 31 0.020840885 
253 296 11 13 0.020415021 
270 351 10 13 0.020245405 
378 432 8 11 0.020179892 
253 351 19 24 0.020162843 
337 326 8 11 0.020045647 
350 380 10 13 0.020025795 
