2_Demonstration_Demonstration_Or_Protest_2_604
177
403 133 57 73 0.99885213 
288 30 81 119 0.98994446 
828 405 131 168 0.9891867 
654 120 61 110 0.98747665 
98 165 40 57 0.9720519 
13 177 24 30 0.9329129 
538 138 21 24 0.90074193 
170 172 25 30 0.72450274 
472 306 65 97 0.6361635 
468 151 16 21 0.5106949 
704 104 27 35 0.4325199 
36 210 17 22 0.42656595 
40 128 16 20 0.39478442 
518 97 13 16 0.38926777 
12 134 13 15 0.30075246 
101 129 16 21 0.21381953 
778 -22 117 148 0.1979898 
87 125 24 29 0.18412235 
84 123 15 20 0.17736979 
249 290 53 65 0.16825339 
71 134 14 18 0.16118 
19 171 18 24 0.15411201 
73 130 23 28 0.1532682 
475 190 17 22 0.13555796 
517 148 14 16 0.11022791 
82 146 45 61 0.10513797 
310 185 29 37 0.10053677 
454 335 65 83 0.09976311 
554 150 52 82 0.099535234 
4 229 25 39 0.096918404 
778 2 62 95 0.08459171 
561 93 11 14 0.08120268 
563 136 76 114 0.080129035 
765 173 16 20 0.07985184 
401 382 31 39 0.07933754 
77 119 41 51 0.07660231 
48 175 28 33 0.07205168 
343 158 28 42 0.0710182 
164 170 20 25 0.07011618 
111 88 16 21 0.06808428 
805 144 120 186 0.06469011 
687 104 29 46 0.063418895 
681 108 46 79 0.06335761 
797 173 28 36 0.06257672 
510 123 97 119 0.06219949 
27 113 14 16 0.05736579 
4 182 25 33 0.056100372 
83 136 19 22 0.055738453 
778 56 191 253 0.053528503 
3 152 16 21 0.05277191 
474 107 13 16 0.05245179 
416 362 53 64 0.049379658 
6 166 24 32 0.047256324 
539 171 27 33 0.04556336 
88 478 25 40 0.044906337 
126 104 31 35 0.044214092 
38 145 16 20 0.043406285 
695 97 40 63 0.04277901 
771 96 29 34 0.042552605 
248 70 40 46 0.041986264 
42 152 17 20 0.041935712 
324 119 50 77 0.041610796 
133 482 129 160 0.041042734 
25 178 26 33 0.041000884 
220 257 90 120 0.039886292 
461 154 22 31 0.039741002 
366 0 32 28 0.03969108 
564 95 13 16 0.039552473 
62 172 25 32 0.03925598 
10 145 14 19 0.039235495 
423 473 41 60 0.039078478 
321 166 18 21 0.038037185 
554 138 16 21 0.03781443 
600 125 74 120 0.03763595 
31 132 15 17 0.03739896 
338 423 63 78 0.037113264 
818 -6 150 123 0.036399778 
563 147 13 18 0.03584974 
164 111 28 32 0.035849344 
26 427 27 36 0.03580827 
722 531 34 38 0.035728246 
802 266 187 288 0.03548096 
803 168 18 22 0.035086714 
47 158 23 31 0.034847155 
39 404 29 34 0.034656018 
620 56 31 38 0.03458176 
138 113 18 21 0.034379315 
38 187 28 31 0.033131767 
525 115 14 19 0.032818656 
474 157 16 21 0.032736983 
507 118 16 20 0.032485154 
780 158 97 128 0.03218148 
78 178 15 20 0.031906072 
725 90 14 19 0.030946258 
0 216 23 35 0.030938197 
177 161 27 36 0.030110335 
172 167 17 19 0.02984501 
13 412 44 61 0.029842142 
110 183 35 51 0.02934364 
14 129 20 24 0.029276896 
40 200 30 31 0.029204767 
504 173 47 57 0.029040966 
61 120 14 17 0.028985301 
523 107 14 18 0.02861152 
764 174 26 33 0.02857299 
5 153 23 32 0.02843128 
317 -2 63 72 0.02834921 
91 117 15 18 0.028016055 
533 166 54 65 0.027787467 
470 30 10 13 0.02712222 
731 10 89 110 0.026920684 
691 68 14 20 0.026711915 
513 94 14 16 0.026669063 
44 423 24 29 0.026445143 
516 234 22 29 0.026328616 
48 129 15 19 0.02588448 
314 174 30 35 0.025566451 
12 227 16 22 0.025537979 
368 443 57 78 0.025384912 
731 87 14 19 0.025086043 
153 161 26 34 0.025045304 
76 145 33 44 0.024671217 
29 156 25 29 0.024420904 
462 147 16 23 0.024258187 
582 77 12 17 0.02420997 
710 91 25 33 0.02395614 
307 146 54 71 0.023679437 
525 164 14 17 0.023665221 
16 157 24 31 0.023619596 
16 215 22 32 0.023575794 
514 139 24 27 0.023182612 
793 170 52 64 0.023097673 
462 276 51 67 0.022829045 
516 194 17 22 0.022771308 
524 155 15 18 0.022597758 
312 83 58 92 0.022529764 
542 127 50 69 0.022245267 
60 189 17 23 0.022234295 
514 114 17 20 0.022218663 
11 155 14 19 0.022130866 
1 201 17 22 0.022086311 
722 107 28 33 0.022059157 
486 247 45 54 0.0220473 
100 117 15 19 0.02196764 
469 177 23 29 0.021697419 
436 316 65 82 0.021639053 
37 118 13 16 0.02144423 
474 305 34 46 0.021443881 
531 164 15 19 0.021395054 
20 138 12 16 0.021365162 
32 116 23 29 0.021319658 
511 122 27 33 0.021279369 
348 -5 46 47 0.02112989 
509 178 26 34 0.021094853 
148 150 26 33 0.021065593 
15 141 23 29 0.02103001 
62 126 78 103 0.020974578 
782 6 41 55 0.020843558 
523 140 52 61 0.020829616 
659 36 16 20 0.020711115 
332 172 28 37 0.020691076 
484 118 14 17 0.020653777 
146 141 13 17 0.020653078 
544 123 27 35 0.02061282 
505 240 34 45 0.020556413 
526 136 23 27 0.02044478 
494 10 12 14 0.020444112 
59 169 15 21 0.020430928 
20 209 16 22 0.020398917 
780 180 13 19 0.020249652 
458 130 14 17 0.020246912 
158 148 42 52 0.020159164 
78 167 28 37 0.020107884 
150 175 16 22 0.02009737 
113 112 26 29 0.02008071 
721 98 17 22 0.020079574 
468 158 42 54 0.020042649 
