2_Demonstration_Demonstrators_2_188
216
4 423 36 47 0.99949825 
372 450 97 129 0.99921 
875 362 31 44 0.9989114 
220 346 51 58 0.9988913 
189 287 35 44 0.998669 
225 241 34 45 0.9976273 
288 338 38 51 0.9973907 
482 384 40 49 0.99499714 
150 407 47 60 0.9840509 
777 1093 99 96 0.93103844 
1006 368 15 19 0.8100576 
852 224 23 27 0.7457975 
957 380 14 18 0.68473315 
108 352 18 24 0.67008615 
301 273 28 42 0.51100105 
18 394 29 34 0.50173575 
980 376 16 20 0.47312975 
502 538 59 73 0.4225801 
965 406 24 30 0.3559129 
546 407 26 38 0.3334785 
81 473 82 105 0.29436368 
924 368 18 23 0.23047423 
823 284 31 37 0.23024358 
134 950 46 62 0.21658555 
59 920 16 22 0.16712366 
1009 334 10 12 0.15226515 
162 1205 400 467 0.1440961 
1001 402 22 33 0.13492227 
990 343 11 13 0.124717444 
392 336 35 40 0.12306373 
626 372 25 30 0.12067089 
852 1145 104 112 0.101057716 
818 1110 103 119 0.09662847 
911 326 11 13 0.09363498 
952 406 23 29 0.091045454 
513 332 26 30 0.09085211 
940 407 23 29 0.08980964 
918 370 16 20 0.0873125 
693 1289 203 241 0.085905716 
924 378 21 27 0.08330226 
954 349 12 15 0.07882472 
750 301 12 16 0.07515903 
890 331 14 17 0.073061414 
923 520 23 27 0.07178778 
554 414 31 34 0.07115579 
101 211 35 47 0.06809078 
757 301 12 17 0.0673965 
90 132 27 35 0.06539137 
358 357 23 29 0.06508665 
914 450 25 34 0.06326081 
411 374 29 36 0.06160953 
945 334 10 12 0.056938414 
167 1282 234 318 0.056852445 
682 333 28 43 0.05628008 
241 484 357 514 0.056150917 
1000 371 13 17 0.05565837 
378 346 42 51 0.055014186 
658 368 15 20 0.053307522 
763 349 49 57 0.05294418 
631 373 15 19 0.05282526 
567 409 30 37 0.050958205 
101 143 16 20 0.050106812 
950 383 17 20 0.04861586 
916 328 10 12 0.04859134 
930 393 15 20 0.046806477 
984 341 9 13 0.04639742 
945 390 22 28 0.045441188 
907 397 17 20 0.04524576 
72 951 12 17 0.044997685 
1 398 11 16 0.044517435 
934 744 48 56 0.044419162 
41 972 29 39 0.04365081 
986 374 13 17 0.043118764 
1014 346 10 14 0.0428552 
937 373 12 16 0.042746425 
141 923 15 19 0.04247694 
933 400 15 22 0.04156744 
74 427 29 40 0.04148087 
952 354 12 16 0.041429754 
960 327 9 12 0.040537376 
1008 310 9 11 0.039940752 
999 333 10 13 0.039807726 
942 325 9 11 0.0395178 
163 288 29 41 0.03885618 
613 395 16 19 0.03870265 
957 366 11 15 0.038103886 
1012 339 11 16 0.038079362 
951 342 10 12 0.03807452 
746 309 25 34 0.03732343 
44 380 25 32 0.03706659 
936 324 10 12 0.036723576 
975 316 10 14 0.03670477 
492 1256 472 443 0.036524046 
996 372 21 25 0.035938937 
363 363 27 33 0.03582138 
915 391 22 29 0.035469364 
81 123 47 61 0.03544852 
932 373 21 29 0.03536429 
966 332 10 13 0.034982383 
821 238 13 17 0.03497168 
0 366 11 17 0.034558345 
532 402 26 37 0.03435374 
348 185 13 15 0.03400844 
325 563 199 293 0.033758324 
977 340 9 11 0.033450276 
996 425 26 32 0.0330948 
32 383 27 33 0.032462694 
1013 384 13 18 0.032435227 
54 905 23 33 0.03219366 
539 416 40 48 0.0320599 
931 416 25 35 0.03201972 
910 371 14 19 0.03182048 
895 387 26 31 0.03147556 
991 585 14 17 0.03105616 
111 342 27 34 0.030751817 
808 1074 77 84 0.03072957 
253 917 91 131 0.030726058 
943 339 11 15 0.030375442 
222 -3 61 62 0.029946612 
999 327 9 12 0.029744098 
937 382 22 29 0.029671073 
285 327 32 42 0.029643485 
862 225 18 22 0.029576603 
615 387 26 27 0.029269956 
986 380 17 21 0.029269062 
409 478 85 119 0.029263245 
961 373 14 18 0.029152086 
64 946 25 35 0.029125892 
126 383 75 96 0.028872639 
742 328 28 46 0.028863408 
975 334 10 13 0.028563416 
1012 360 12 16 0.02840204 
498 88 86 122 0.028146597 
139 346 23 34 0.028145432 
107 153 23 32 0.02792899 
941 320 9 11 0.027809208 
95 402 29 44 0.027620569 
955 388 18 22 0.027538264 
54 960 31 41 0.027470205 
641 371 15 19 0.027453747 
1005 361 14 16 0.027365597 
1004 328 18 24 0.027299277 
231 738 356 449 0.027127312 
79 394 27 36 0.026867362 
501 340 33 37 0.02684372 
957 345 9 11 0.026759071 
44 918 27 35 0.02667622 
971 398 16 19 0.026635671 
177 284 31 41 0.026546823 
179 611 82 107 0.026270509 
326 683 123 184 0.026178237 
920 447 18 22 0.026114851 
131 770 98 129 0.026059724 
236 3 33 38 0.02590394 
83 385 16 19 0.025602939 
927 334 9 11 0.02554174 
108 203 14 18 0.025318913 
825 268 27 33 0.02519966 
158 275 26 40 0.025033306 
739 302 24 30 0.024781575 
99 143 25 35 0.024734363 
1 397 22 29 0.024338411 
70 156 83 113 0.024323305 
160 225 25 33 0.024036499 
985 694 41 48 0.02392752 
988 576 24 33 0.02381481 
91 386 13 18 0.02380086 
981 369 12 15 0.023792336 
372 368 29 36 0.02368386 
847 225 17 22 0.02361814 
116 190 48 61 0.023600118 
173 305 43 58 0.023579359 
85 408 28 48 0.023567595 
110 451 64 73 0.023462558 
120 354 17 20 0.02337446 
779 364 226 251 0.0233414 
269 1301 235 310 0.023273498 
755 337 27 41 0.023101894 
0 926 11 14 0.023029914 
140 258 26 35 0.022976637 
245 19 15 18 0.022861116 
468 531 34 52 0.022574317 
320 1192 123 128 0.02252315 
260 337 47 57 0.022422506 
841 225 39 43 0.022401867 
900 332 12 15 0.022273706 
865 349 23 33 0.022265647 
43 425 29 39 0.022249911 
41 1374 133 112 0.022246065 
111 301 41 54 0.02219596 
933 479 27 32 0.02217975 
754 303 20 29 0.022072947 
950 350 20 26 0.022072151 
922 433 23 34 0.022004755 
93 139 17 20 0.02190202 
984 404 25 31 0.021475172 
921 397 26 35 0.021444477 
970 419 17 23 0.021238735 
939 433 17 22 0.021212788 
996 340 11 14 0.02108749 
591 397 24 34 0.02089953 
302 1130 179 238 0.020654688 
981 334 10 13 0.020653259 
134 265 39 50 0.020592317 
952 327 9 12 0.020490553 
824 1178 115 112 0.020488488 
725 299 12 14 0.02047108 
292 285 33 44 0.020421399 
933 461 27 32 0.02040289 
273 406 39 47 0.020398876 
985 518 23 31 0.020285798 
853 1210 35 36 0.020277772 
12 349 17 22 0.020220682 
622 373 13 17 0.02012355 
0 363 22 30 0.020081282 
975 388 25 32 0.020058492 
