2_Demonstration_Political_Rally_2_107
204
227 489 29 37 0.99957305 
165 588 65 80 0.99805707 
237 561 43 52 0.96329725 
861 505 21 29 0.9597922 
734 557 38 45 0.81286734 
522 539 64 101 0.77282184 
921 537 22 27 0.6044169 
890 605 36 42 0.5496697 
623 492 94 108 0.49447522 
701 598 109 114 0.3312961 
297 491 21 27 0.26983353 
262 494 21 28 0.26917496 
961 589 26 37 0.19177619 
982 575 14 20 0.18310307 
964 581 39 56 0.15803362 
893 513 14 19 0.14197622 
818 522 13 17 0.13587679 
142 570 60 80 0.13327098 
290 495 17 26 0.12518735 
935 490 12 16 0.119913414 
887 481 14 16 0.11626558 
284 495 15 24 0.11430637 
704 515 30 43 0.104072876 
-5 458 81 118 0.10286889 
843 499 13 17 0.1025413 
672 496 56 74 0.09801561 
245 491 25 34 0.09751159 
915 510 17 20 0.096271016 
791 498 10 12 0.095722 
907 617 53 56 0.09120425 
138 516 30 36 0.08796075 
128 522 45 61 0.08671415 
866 500 16 21 0.08401012 
137 581 34 51 0.081884995 
535 520 96 133 0.08162082 
584 507 111 130 0.0801891 
714 545 60 83 0.076668814 
839 476 10 12 0.07656043 
905 535 27 34 0.07417334 
893 500 13 17 0.073573776 
970 543 22 25 0.07134016 
880 510 21 27 0.0693381 
841 494 10 14 0.06893196 
275 496 15 24 0.06584957 
834 524 15 18 0.06383429 
760 617 61 76 0.06245897 
857 457 8 10 0.06225055 
649 521 105 113 0.061002217 
880 482 11 14 0.060733736 
171 498 25 30 0.060706086 
305 486 16 19 0.059723735 
170 519 29 34 0.058208752 
357 522 14 19 0.05787912 
134 537 53 71 0.055835154 
377 595 46 64 0.055393983 
364 529 15 21 0.054991536 
855 461 9 10 0.053187896 
102 514 53 87 0.052556567 
879 467 10 12 0.0525507 
982 588 28 43 0.05195011 
764 507 12 15 0.051389754 
117 546 52 85 0.050209425 
607 380 16 20 0.048902363 
324 514 28 33 0.046183396 
855 473 13 16 0.044158176 
69 436 39 41 0.043839388 
823 464 7 9 0.043805324 
814 493 11 15 0.043259423 
903 595 33 42 0.042948894 
874 511 16 23 0.042819165 
814 485 10 13 0.042667042 
654 560 177 184 0.04254105 
973 575 25 35 0.042392213 
892 492 13 16 0.04230492 
155 517 30 35 0.04149283 
281 501 24 32 0.04114655 
306 490 23 28 0.040356833 
414 517 41 54 0.039972905 
891 543 29 35 0.039848953 
749 493 10 12 0.03979606 
896 506 20 26 0.03926697 
146 514 17 22 0.03852742 
901 492 11 15 0.037237745 
202 478 23 28 0.03657435 
889 497 21 29 0.036470853 
212 613 51 72 0.036417104 
500 526 65 94 0.036263343 
871 479 10 13 0.03578332 
383 598 30 36 0.035537787 
409 516 29 38 0.035396446 
934 507 13 18 0.03488472 
965 413 13 16 0.034227587 
365 532 25 30 0.03419507 
886 489 14 17 0.034093387 
892 445 12 14 0.034041654 
860 493 15 18 0.033992533 
797 523 13 17 0.033936493 
918 635 53 53 0.033847935 
902 486 9 13 0.033647973 
686 542 105 127 0.033028472 
845 446 8 10 0.03289817 
97 567 58 87 0.03269683 
833 533 15 21 0.03249479 
570 -26 474 497 0.032439504 
919 497 22 30 0.03218747 
927 531 17 21 0.032129418 
859 484 14 15 0.032119565 
946 592 28 35 0.03199985 
795 554 27 30 0.031995058 
211 564 55 67 0.03168191 
918 530 18 23 0.031425 
809 480 8 11 0.031261813 
150 521 48 57 0.031189216 
342 519 25 30 0.030478936 
970 562 24 32 0.030416576 
915 520 18 20 0.030033173 
80 526 62 100 0.029877799 
908 499 22 29 0.029431274 
735 498 10 13 0.02885871 
156 497 43 51 0.028691906 
939 484 14 19 0.02864191 
264 442 16 18 0.028592886 
876 492 13 16 0.028440777 
836 504 16 19 0.02831677 
354 528 26 32 0.028176062 
854 499 14 20 0.02783755 
818 464 7 9 0.027766725 
871 487 22 28 0.02767418 
392 508 14 15 0.027593354 
887 343 9 12 0.027562365 
170 523 18 21 0.027396835 
769 531 22 31 0.027224023 
347 526 42 50 0.02720492 
923 524 15 19 0.027018975 
255 481 27 34 0.026873915 
893 522 25 29 0.02676788 
476 544 97 125 0.026754584 
796 494 11 13 0.026388876 
-6 469 49 77 0.026137868 
233 555 33 40 0.02601349 
579 540 66 87 0.025879147 
958 534 13 17 0.025694761 
936 227 11 13 0.025619823 
874 499 14 18 0.025445309 
817 522 22 27 0.025352966 
801 461 8 11 0.025253797 
333 506 24 30 0.025240831 
323 493 12 15 0.025193078 
933 592 28 36 0.024979897 
284 576 47 59 0.024874926 
215 529 28 35 0.02483954 
809 499 11 14 0.024477292 
430 521 44 58 0.024452046 
944 423 10 11 0.02444446 
820 492 11 14 0.024354877 
361 551 29 40 0.0243214 
819 539 25 31 0.02428139 
917 501 14 19 0.024117673 
864 480 21 27 0.023878062 
855 506 17 23 0.023734406 
469 556 60 80 0.023730468 
952 554 28 33 0.023702195 
130 508 28 35 0.023698287 
400 539 41 56 0.023682198 
789 507 12 16 0.023562344 
228 607 27 37 0.023354858 
839 485 11 14 0.023247907 
879 476 20 26 0.0231548 
956 542 23 29 0.023136247 
788 631 38 57 0.023115348 
932 490 20 26 0.023059785 
821 486 10 13 0.023042107 
326 508 15 18 0.02303808 
856 497 36 47 0.022953542 
925 430 9 12 0.022657603 
939 513 13 18 0.0226072 
886 498 14 18 0.0225285 
772 507 10 14 0.022448985 
321 507 88 102 0.022257568 
324 615 58 73 0.022257017 
854 481 22 27 0.021988694 
182 519 30 40 0.021941192 
943 478 20 27 0.021923384 
133 495 12 14 0.021733271 
234 612 15 21 0.02171661 
916 590 29 38 0.021696929 
863 454 9 13 0.021581149 
193 542 44 57 0.021456145 
882 551 28 35 0.021297473 
356 499 14 17 0.021288896 
383 475 47 59 0.021228954 
335 515 41 49 0.021036778 
871 447 8 12 0.021010866 
393 582 32 42 0.021000288 
943 427 11 14 0.020841232 
804 517 12 15 0.020758873 
31 478 97 127 0.020290852 
895 437 11 13 0.020278193 
366 519 23 30 0.02027598 
632 582 138 114 0.020202348 
911 492 11 14 0.020168511 
425 525 18 22 0.020102851 
920 429 9 11 0.020067705 
800 518 20 25 0.020007502 
