2_Demonstration_Demonstrators_2_41
101
203 187 51 63 0.99960583 
394 369 97 157 0.99889153 
633 441 39 56 0.9892804 
825 495 40 58 0.987357 
405 183 41 52 0.97966236 
955 499 38 59 0.9739016 
253 89 37 44 0.97257 
560 546 16 19 0.73642635 
887 510 14 20 0.25238964 
138 542 8 11 0.16569899 
142 549 9 11 0.1653723 
83 539 11 14 0.13721636 
872 505 25 32 0.10841596 
827 340 14 19 0.07971339 
624 269 11 14 0.072951615 
755 507 25 34 0.07145817 
566 508 13 17 0.06435036 
95 551 10 13 0.06339494 
764 449 15 22 0.063048005 
141 544 9 12 0.061011117 
731 355 26 30 0.057676684 
759 432 26 37 0.057384774 
724 504 16 24 0.05534539 
938 452 23 28 0.05158396 
47 558 13 16 0.05111559 
80 536 10 14 0.051004507 
151 543 9 12 0.049908914 
876 541 30 36 0.048811086 
997 544 21 29 0.048518274 
543 487 12 14 0.046811562 
662 285 8 11 0.045608755 
723 445 14 17 0.043887027 
576 261 23 29 0.043658216 
845 504 34 43 0.043197572 
831 335 24 33 0.04147247 
524 514 15 18 0.040888313 
690 257 14 17 0.040786013 
145 486 8 9 0.040504437 
759 508 14 18 0.039883632 
149 548 10 12 0.037554033 
891 499 24 38 0.037550732 
71 526 9 10 0.036661483 
518 549 11 14 0.036484417 
484 498 13 16 0.03625298 
445 232 41 51 0.03602152 
986 536 25 33 0.03600043 
717 510 15 21 0.035146967 
44 548 13 17 0.035004407 
892 504 35 51 0.034892578 
886 482 10 12 0.034568913 
65 519 8 10 0.034125596 
855 439 9 12 0.03213689 
59 553 14 17 0.03192774 
594 293 12 15 0.031905033 
132 594 14 17 0.031532142 
967 519 34 46 0.030938389 
1009 550 14 21 0.03090606 
887 352 14 18 0.030821495 
879 538 13 16 0.030736517 
560 509 13 15 0.030383756 
869 511 16 22 0.030051066 
717 447 15 20 0.029918328 
164 557 10 15 0.029832406 
79 545 13 16 0.02971317 
528 590 8 12 0.029211257 
952 279 9 11 0.028968152 
906 452 13 16 0.028444137 
807 405 11 14 0.02809939 
524 549 12 15 0.027891755 
49 554 20 23 0.0272422 
622 317 12 14 0.027149528 
495 515 11 13 0.026818115 
900 529 28 43 0.026584951 
54 549 13 17 0.02587985 
905 444 10 13 0.02567832 
527 563 12 16 0.025371866 
759 455 14 19 0.025158284 
436 350 56 99 0.024945486 
952 428 13 16 0.024738085 
656 285 9 11 0.024042966 
135 511 11 12 0.024007017 
341 461 109 150 0.023633946 
991 600 14 16 0.023407124 
745 362 13 17 0.02319528 
588 272 13 18 0.02315686 
135 537 9 11 0.023084586 
575 590 11 16 0.02264152 
756 491 24 29 0.022582369 
78 535 18 24 0.022454374 
539 484 22 27 0.022083199 
599 126 12 16 0.021980545 
513 549 10 13 0.02194738 
568 547 14 17 0.021832999 
289 408 92 135 0.021643845 
527 555 12 16 0.021089204 
533 590 8 11 0.021010436 
95 527 9 10 0.020972932 
89 545 20 26 0.020713596 
583 606 10 12 0.020572057 
553 547 11 15 0.020454768 
575 162 14 19 0.020302257 
