2_Demonstration_Protesters_2_840
60
916 156 20 31 0.97278273 
793 172 19 24 0.8915023 
678 192 19 26 0.8649564 
322 172 19 24 0.8519259 
258 199 14 19 0.67889756 
101 188 17 22 0.64864206 
181 184 20 24 0.38508728 
49 20 52 69 0.35262713 
955 219 15 18 0.30656323 
445 213 16 20 0.16126116 
712 172 12 15 0.11983564 
265 203 14 18 0.09891865 
906 158 22 28 0.074792564 
70 195 11 15 0.072298385 
878 162 13 19 0.06808174 
93 185 18 24 0.06543027 
311 216 13 18 0.060764905 
883 158 15 23 0.059375204 
865 169 18 23 0.05429825 
319 167 13 18 0.050311513 
889 152 16 22 0.046432037 
320 145 10 14 0.045820907 
191 185 16 21 0.04283322 
389 116 11 17 0.042608406 
169 138 23 28 0.040048644 
454 101 13 18 0.039613582 
175 189 14 20 0.034368493 
172 145 15 18 0.033150353 
49 237 15 16 0.032480627 
860 124 11 15 0.03241603 
1007 138 12 18 0.03228052 
1010 278 10 12 0.032074302 
244 214 13 15 0.031192789 
887 159 24 29 0.029962575 
713 167 18 24 0.02952602 
229 214 11 15 0.029473731 
2 266 9 13 0.029343871 
175 172 24 30 0.028779568 
106 337 14 17 0.02830037 
824 132 12 15 0.02779334 
908 141 12 15 0.027371176 
135 134 8 11 0.026710983 
59 183 23 30 0.02564922 
169 139 13 18 0.024228869 
1013 282 10 14 0.02376502 
315 100 12 16 0.023712303 
308 105 22 30 0.023382436 
439 206 13 16 0.02286508 
69 201 11 16 0.022658676 
838 130 13 15 0.022474436 
1014 163 9 15 0.021615071 
459 210 14 19 0.021598483 
315 113 13 19 0.021596156 
259 192 14 17 0.021586854 
251 204 20 25 0.021479255 
899 153 17 24 0.021366036 
884 149 15 20 0.020960221 
855 120 13 16 0.020626085 
996 137 22 33 0.02029817 
407 31 30 38 0.020239575 
