2_Demonstration_Political_Rally_2_410
356
2 525 63 77 0.9994301 
636 448 91 111 0.99931 
251 499 70 86 0.99900925 
467 456 35 40 0.998725 
504 490 38 50 0.99731296 
932 446 29 39 0.9951362 
856 417 39 51 0.99431616 
729 472 51 63 0.99056506 
559 515 39 61 0.99049735 
351 426 42 51 0.98699284 
179 491 52 62 0.98239845 
116 427 17 21 0.98004556 
150 411 17 21 0.85038364 
213 412 15 20 0.7996535 
507 427 20 25 0.7878019 
832 429 16 20 0.6497713 
957 428 17 18 0.6434235 
805 447 23 28 0.5854113 
404 467 26 31 0.47148603 
39 410 24 32 0.46351206 
99 401 12 16 0.45447028 
329 419 9 11 0.3777632 
682 453 77 101 0.3580103 
205 415 16 19 0.33584937 
3 417 31 36 0.33041528 
259 431 23 27 0.32859987 
564 424 16 23 0.27296823 
253 418 13 17 0.250151 
460 420 12 15 0.2474515 
439 407 9 12 0.24328202 
318 442 12 15 0.23642282 
23 409 29 36 0.22401547 
320 429 9 12 0.22268076 
286 425 13 16 0.21250902 
405 452 28 34 0.20396881 
610 438 15 21 0.1858458 
697 98 15 19 0.17849952 
950 437 25 30 0.17442663 
208 388 9 11 0.17152517 
123 456 15 18 0.17131847 
388 409 14 18 0.16313878 
264 406 11 13 0.16149989 
181 421 13 17 0.15854709 
769 128 14 19 0.15809329 
62 410 13 20 0.15676244 
406 440 23 31 0.14404592 
53 410 15 23 0.14008209 
403 422 12 16 0.13690332 
267 411 14 16 0.12873347 
594 360 48 61 0.12296138 
292 428 12 17 0.11834108 
387 411 21 28 0.11651466 
176 408 11 14 0.115847744 
631 101 12 14 0.11446033 
256 398 8 10 0.11426866 
6 373 28 33 0.11318552 
433 413 10 12 0.11133997 
433 421 8 11 0.106172636 
48 379 13 18 0.10467038 
199 412 15 19 0.104444064 
500 336 22 28 0.102521874 
250 413 9 12 0.096899346 
927 583 30 39 0.096691795 
468 421 13 16 0.096599124 
170 374 9 11 0.09478115 
558 385 14 19 0.09461833 
285 431 16 23 0.09460918 
308 393 13 16 0.09392096 
384 369 9 11 0.08737833 
395 416 19 26 0.08684446 
275 434 16 21 0.08652411 
-1 383 33 39 0.08429778 
120 398 11 13 0.0842073 
286 415 11 13 0.08416039 
137 526 32 40 0.08399136 
123 497 27 33 0.08354128 
313 359 8 11 0.08348418 
281 421 11 15 0.08301627 
553 411 22 31 0.081055984 
730 131 13 16 0.08066667 
195 405 13 16 0.07978519 
289 438 16 21 0.07888578 
276 422 21 25 0.07880104 
396 413 12 17 0.078135744 
352 388 9 10 0.07809327 
258 420 16 18 0.07721866 
263 400 9 10 0.0761639 
805 433 24 30 0.07585177 
712 107 12 15 0.074636206 
118 453 14 17 0.074085064 
253 425 16 20 0.07400292 
717 346 12 14 0.072006196 
332 415 10 13 0.07070332 
280 390 8 10 0.07047453 
295 414 8 11 0.07037794 
763 292 13 18 0.069873355 
385 404 13 17 0.069869824 
548 401 15 18 0.069667995 
78 417 14 18 0.069664985 
213 389 9 10 0.06886866 
159 395 12 15 0.06711113 
336 376 8 11 0.06681503 
150 423 15 19 0.065588884 
180 412 12 16 0.06549551 
471 400 10 12 0.062139615 
540 404 25 32 0.062075745 
279 414 10 13 0.06159635 
312 412 8 11 0.060911052 
993 431 17 21 0.059227668 
540 528 30 42 0.05859755 
415 438 13 16 0.058281846 
458 418 20 24 0.058058903 
502 333 15 19 0.057998985 
962 438 16 21 0.055971153 
542 442 15 16 0.053805083 
570 136 14 20 0.053704426 
433 406 10 14 0.05364479 
406 404 10 11 0.053354595 
173 422 15 21 0.051983114 
982 414 11 14 0.051740907 
154 405 17 20 0.05161906 
478 399 10 12 0.051595062 
311 403 10 14 0.05125103 
894 454 25 36 0.051010758 
818 425 21 27 0.04935422 
301 422 9 11 0.04852863 
782 298 14 17 0.04813642 
163 403 12 16 0.047590014 
425 405 8 11 0.04694818 
555 391 16 21 0.04649877 
318 451 12 15 0.046141878 
998 424 11 15 0.04566944 
314 363 9 12 0.04566572 
541 416 27 33 0.045324657 
327 408 8 11 0.04518458 
149 391 11 13 0.04485265 
246 428 14 19 0.044550363 
456 415 11 14 0.044291403 
593 403 44 61 0.04427857 
970 435 13 18 0.0436112 
743 297 13 16 0.043451723 
295 398 10 12 0.043428425 
165 391 10 12 0.04339629 
262 375 9 11 0.043111335 
79 425 15 20 0.042651623 
766 99 10 12 0.042305734 
1003 555 22 48 0.041980404 
262 416 23 26 0.041790012 
603 426 26 30 0.041703288 
296 422 10 15 0.041308396 
129 515 30 40 0.04123987 
151 464 25 36 0.041089844 
389 367 8 10 0.0409927 
915 450 30 35 0.040823545 
313 438 12 16 0.040632147 
528 400 13 16 0.040168785 
606 418 16 18 0.040155154 
325 427 10 14 0.04015205 
239 433 12 16 0.039348636 
385 399 9 13 0.03886219 
257 376 9 11 0.03825606 
440 401 8 11 0.037975382 
129 452 14 19 0.03752506 
287 373 9 10 0.037521213 
738 412 30 33 0.037228137 
320 415 8 11 0.036844578 
534 388 40 51 0.036765043 
549 416 13 17 0.036571056 
455 425 14 17 0.03635438 
619 105 15 20 0.035609003 
160 420 20 26 0.03483399 
437 428 10 12 0.034640614 
345 366 8 10 0.03448047 
248 409 9 11 0.034349613 
569 422 24 31 0.03429373 
188 387 12 14 0.034245543 
965 425 20 25 0.033980977 
220 408 12 16 0.03384893 
87 350 12 14 0.033845656 
1015 452 10 13 0.03369979 
85 386 14 15 0.033616975 
294 406 9 12 0.033586893 
1008 414 10 11 0.03344978 
486 400 10 12 0.033419594 
254 440 15 20 0.033394847 
466 421 25 27 0.033352055 
113 455 25 28 0.033234928 
543 412 13 18 0.03315784 
230 430 12 16 0.033097208 
321 424 9 12 0.032913152 
539 449 27 31 0.032805458 
424 399 8 11 0.032663856 
796 439 41 48 0.032656338 
540 394 21 28 0.03250193 
177 390 9 11 0.032228056 
151 511 44 52 0.03193156 
100 444 16 19 0.031910855 
259 445 18 20 0.03169946 
323 438 12 17 0.031688884 
111 421 15 20 0.031526916 
555 412 13 19 0.03129076 
227 411 12 16 0.031161744 
396 433 14 20 0.031132698 
255 406 10 13 0.030459354 
207 396 10 12 0.030306855 
598 435 24 32 0.030284751 
535 217 8 11 0.030195 
11 372 18 22 0.029959708 
898 457 15 21 0.029930903 
318 458 13 15 0.029919054 
108 446 20 27 0.029841745 
977 413 11 14 0.0297787 
414 406 9 11 0.029766124 
539 437 24 29 0.029766116 
259 402 19 23 0.029605411 
271 382 9 11 0.029528987 
285 390 9 11 0.02950165 
203 443 24 30 0.02943368 
611 401 14 16 0.02942035 
561 428 25 34 0.02938444 
433 427 9 12 0.029379418 
812 423 14 16 0.02928641 
272 373 9 10 0.029168602 
155 431 14 17 0.028913923 
279 372 9 11 0.02883395 
92 388 11 13 0.028714327 
165 433 14 18 0.028708747 
198 381 11 13 0.02869388 
269 399 10 11 0.028517323 
464 405 10 12 0.028370276 
396 406 12 14 0.028313784 
411 422 10 12 0.028080903 
359 397 10 12 0.028012453 
198 399 11 13 0.02780708 
341 411 11 15 0.02780136 
20 342 12 15 0.027716087 
456 132 46 62 0.027712157 
255 393 8 11 0.027626187 
407 433 38 47 0.027579315 
433 402 18 24 0.027561571 
494 387 11 13 0.02754517 
118 372 15 19 0.027298495 
84 413 13 17 0.027204884 
254 410 42 49 0.027177773 
30 375 24 29 0.026994852 
660 129 16 20 0.02682992 
533 413 13 17 0.0268147 
425 412 10 13 0.026748946 
839 401 14 19 0.026746986 
119 513 27 38 0.026700584 
968 288 11 15 0.026640976 
239 406 11 14 0.02654701 
288 368 8 10 0.026536971 
545 435 15 18 0.02652989 
957 488 29 35 0.026383592 
163 411 13 17 0.026343122 
437 422 10 12 0.026285967 
527 392 21 26 0.026242701 
399 449 15 20 0.026202453 
263 380 9 12 0.026120806 
288 407 9 12 0.026113978 
343 382 8 10 0.026101237 
961 447 16 20 0.02581233 
185 425 14 18 0.025618853 
760 96 10 12 0.02552634 
401 496 30 40 0.02546345 
400 383 9 11 0.025379136 
183 389 10 13 0.02536305 
402 366 7 10 0.025262736 
115 496 16 19 0.025228357 
391 358 8 10 0.025128467 
250 397 8 11 0.024961757 
68 406 13 19 0.024896963 
343 374 9 12 0.024718096 
303 414 9 12 0.024492048 
981 464 25 32 0.024435077 
432 399 8 10 0.024430392 
249 391 9 11 0.024182 
351 373 7 11 0.02410132 
928 435 27 34 0.023901138 
278 407 10 13 0.023892654 
230 389 9 11 0.023870813 
25 377 18 21 0.023847358 
417 441 18 23 0.023834174 
229 384 9 10 0.023829095 
616 101 13 17 0.023699202 
525 516 31 41 0.023697127 
702 98 20 26 0.023643741 
584 458 32 40 0.02364231 
716 103 11 15 0.023613973 
333 305 11 13 0.023537904 
116 413 15 16 0.02351687 
600 405 27 32 0.023507485 
597 402 14 17 0.02345489 
273 390 9 10 0.023386555 
585 432 28 35 0.023253608 
617 362 33 50 0.023225022 
695 295 10 12 0.023207864 
312 434 19 26 0.02315711 
443 407 11 13 0.023139605 
93 401 21 25 0.023072908 
374 341 9 12 0.023057481 
288 398 8 11 0.023035347 
109 492 13 16 0.023021376 
981 427 23 29 0.023 
352 368 8 10 0.022946956 
120 421 18 21 0.022842322 
83 395 14 17 0.02282112 
996 466 23 32 0.022799524 
314 444 21 26 0.02278427 
205 408 13 17 0.022781186 
541 -38 456 484 0.022759555 
168 380 9 11 0.022531483 
279 437 24 30 0.02229247 
507 404 14 18 0.022259556 
597 452 32 44 0.022255484 
417 481 14 19 0.022221226 
273 409 21 27 0.022162275 
700 295 9 11 0.022103108 
357 391 9 10 0.022090966 
982 407 10 13 0.022053141 
243 -128 435 473 0.022003781 
69 410 20 25 0.021937793 
484 507 31 37 0.021888386 
246 440 14 20 0.021862915 
198 375 10 10 0.021850184 
171 404 19 24 0.021818401 
280 396 9 11 0.021786245 
980 427 14 17 0.021721303 
547 426 14 17 0.021720266 
563 372 78 102 0.021663142 
413 428 11 14 0.021653565 
404 415 11 15 0.021542689 
85 425 21 27 0.021512054 
745 71 7 10 0.021364719 
538 534 19 25 0.021261184 
304 402 11 14 0.021115866 
191 409 19 26 0.021086266 
0 398 25 38 0.021042809 
593 383 30 37 0.02091471 
117 436 21 25 0.02089748 
997 422 20 26 0.020833382 
985 419 22 27 0.020816628 
433 374 8 10 0.0207929 
548 443 27 34 0.020757144 
953 452 30 36 0.0205501 
391 464 23 33 0.02049438 
494 326 10 13 0.02045893 
624 97 19 24 0.020390939 
49 396 23 33 0.020355133 
401 375 9 10 0.020349123 
836 401 24 32 0.020322818 
318 405 8 12 0.020277368 
62 398 11 13 0.020185485 
156 413 19 25 0.020129794 
702 301 9 12 0.02004237 
