2_Demonstration_Demonstration_Or_Protest_2_176
69
752 275 30 49 0.9983348 
542 291 31 39 0.9982381 
66 298 33 43 0.99241406 
572 292 28 37 0.9222313 
132 330 15 19 0.6166255 
480 320 18 22 0.57136995 
812 320 23 26 0.5001348 
356 303 28 33 0.46275985 
631 309 25 26 0.44749177 
938 325 16 19 0.30114326 
556 290 29 39 0.29314908 
256 325 12 16 0.24327888 
192 333 12 15 0.17742755 
141 316 14 20 0.14240661 
135 320 19 27 0.10927 
7 314 13 21 0.101452745 
611 496 12 16 0.09254502 
935 316 13 16 0.054971784 
-1 359 24 38 0.05409964 
254 319 20 27 0.049749393 
591 492 10 13 0.044735923 
395 316 16 25 0.04449991 
367 278 10 13 0.04370985 
319 333 13 16 0.04303811 
345 294 44 54 0.039911184 
584 303 18 24 0.039761897 
987 21 16 23 0.036545888 
469 322 23 27 0.035280872 
320 272 9 12 0.033255786 
440 247 9 12 0.032737367 
490 317 13 16 0.032722905 
623 301 43 47 0.032686345 
869 506 17 25 0.03176094 
336 264 9 12 0.031042496 
713 304 23 31 0.030812284 
250 138 15 18 0.029423313 
983 356 8 12 0.029370343 
628 318 20 22 0.028738633 
459 334 14 15 0.02772867 
723 303 16 21 0.027613789 
188 334 20 23 0.027516056 
231 331 13 15 0.027447008 
730 300 14 18 0.026591565 
266 321 14 19 0.026522903 
622 293 13 16 0.026416417 
919 358 10 14 0.024997162 
376 189 11 15 0.024626538 
428 262 11 14 0.023698494 
822 320 18 21 0.0233386 
145 317 16 23 0.023307906 
628 531 47 80 0.02328956 
200 374 8 11 0.022881748 
224 374 8 12 0.02242766 
647 306 16 20 0.021871706 
807 321 18 20 0.021816073 
586 492 9 13 0.021572864 
446 260 10 11 0.021568883 
483 311 15 19 0.0215108 
628 302 16 19 0.021496227 
92 273 14 18 0.021351125 
415 253 10 12 0.021314941 
137 29 10 13 0.02124295 
442 251 10 14 0.021000812 
813 311 15 17 0.020895813 
597 499 12 16 0.020795507 
598 572 12 16 0.02072878 
945 324 14 16 0.020694591 
606 492 20 26 0.020308614 
341 263 10 12 0.020274874 
