2_Demonstration_Demonstrators_2_666
27
918 128 38 47 0.9929467 
244 193 51 54 0.35699242 
533 182 28 37 0.17901054 
553 27 362 461 0.13778324 
8 57 201 261 0.13713323 
-46 35 333 449 0.089495294 
929 187 28 33 0.08414815 
634 115 196 257 0.0553704 
235 119 49 53 0.052950323 
368 114 86 115 0.049191438 
384 -19 370 487 0.047476623 
757 85 204 263 0.04551866 
13 337 177 257 0.034058344 
534 138 12 17 0.033837106 
715 610 42 30 0.030758273 
257 116 35 44 0.028457878 
749 288 15 20 0.026784044 
518 184 31 41 0.026314922 
961 504 44 62 0.025237862 
32 498 150 126 0.02386237 
416 183 25 38 0.023010422 
418 144 55 81 0.022995936 
142 218 112 158 0.02266031 
228 173 80 89 0.02247547 
238 156 64 67 0.020785749 
451 79 216 317 0.020694513 
243 220 519 467 0.020329375 
