2_Demonstration_Protesters_2_369
100
536 359 114 150 0.9995473 
263 431 119 139 0.99889827 
186 79 50 61 0.984312 
648 352 45 62 0.98081285 
968 205 55 96 0.96378154 
660 310 36 42 0.92949873 
617 305 26 36 0.85717326 
612 270 19 24 0.52812004 
637 262 15 20 0.39280277 
630 257 15 19 0.3333447 
913 150 38 56 0.30205706 
279 295 13 16 0.1641125 
1004 77 20 33 0.13301764 
87 323 70 69 0.124656275 
282 297 16 21 0.12250219 
924 108 53 63 0.1136405 
315 231 32 30 0.10934438 
518 271 175 221 0.1037235 
788 330 38 47 0.09928576 
185 370 216 205 0.08410368 
619 266 22 28 0.08313364 
330 290 53 62 0.07437305 
660 335 48 62 0.06936575 
685 209 132 96 0.06585522 
456 52 11 12 0.062165562 
655 307 27 34 0.06139511 
313 252 93 116 0.058805898 
696 277 25 32 0.055902388 
638 307 24 32 0.05490539 
604 277 19 21 0.0534825 
728 405 91 125 0.05237724 
600 259 28 36 0.052037124 
922 284 46 70 0.046680138 
259 294 210 248 0.04429563 
646 323 40 45 0.043688647 
703 235 13 16 0.043002427 
682 356 34 48 0.042647004 
603 306 41 59 0.041836016 
289 304 15 20 0.041109484 
423 55 12 14 0.04099753 
676 318 35 44 0.04054421 
605 295 31 41 0.039067473 
619 286 28 34 0.038975585 
586 367 102 130 0.038570594 
651 306 17 21 0.038528323 
645 312 14 21 0.03667041 
314 298 15 21 0.03642078 
687 195 80 74 0.035782102 
685 245 9 13 0.034941565 
696 214 11 12 0.034040473 
835 215 16 19 0.03337076 
706 269 27 36 0.032362018 
1003 61 23 36 0.032350197 
784 313 29 43 0.031743895 
608 350 36 45 0.030785829 
764 280 44 60 0.02983423 
921 271 104 163 0.029461 
547 305 98 142 0.029403687 
314 292 24 36 0.029366646 
722 239 62 77 0.02916959 
671 246 10 13 0.029034194 
769 223 34 33 0.028918432 
626 347 39 49 0.02863635 
419 139 199 305 0.028590972 
612 279 26 30 0.028244484 
112 309 33 35 0.027581165 
6 611 12 18 0.027260857 
660 151 217 189 0.027098807 
668 250 12 16 0.026888214 
663 257 11 15 0.026797228 
562 257 86 113 0.026732236 
687 250 9 13 0.026641227 
627 313 43 54 0.026076103 
680 316 21 28 0.026045905 
78 59 48 81 0.026041117 
924 137 42 53 0.026035663 
673 390 47 66 0.025481861 
681 298 29 39 0.024293192 
706 249 49 64 0.024153255 
636 228 9 11 0.023889218 
611 261 16 20 0.023604238 
631 312 19 25 0.023298934 
659 298 17 20 0.023025699 
293 293 25 31 0.022940451 
590 330 52 73 0.022351058 
323 288 36 48 0.022303766 
714 303 26 35 0.02226006 
625 253 12 16 0.02209619 
388 46 13 18 0.021794138 
891 294 48 56 0.021433542 
173 197 30 43 0.021370161 
914 74 81 105 0.021142792 
844 -7 90 90 0.021067621 
611 252 13 16 0.020832058 
567 191 11 16 0.020803325 
706 274 16 22 0.020435253 
610 338 89 113 0.020372225 
691 288 25 33 0.020278612 
694 286 16 22 0.02025077 
436 109 12 13 0.020109506 
