2_Demonstration_Political_Rally_2_752
44
14 396 50 62 0.9993474 
803 171 197 317 0.9986098 
349 141 83 116 0.22771761 
647 293 102 114 0.178168 
404 422 356 461 0.16774832 
173 147 16 19 0.085593134 
190 473 172 230 0.08530275 
99 423 13 18 0.08416155 
942 83 15 20 0.08020577 
63 382 11 14 0.0544359 
98 401 14 18 0.048613835 
93 394 25 35 0.04714367 
688 209 180 216 0.047074262 
493 150 99 128 0.040007267 
999 344 24 58 0.035867054 
442 177 45 61 0.035564203 
568 307 29 35 0.03515054 
496 114 29 39 0.035024136 
3 430 14 19 0.034600437 
405 601 27 39 0.033404734 
60 434 24 32 0.032603163 
259 460 13 18 0.031933524 
617 392 379 392 0.029732948 
66 443 14 19 0.02944829 
838 0 13 11 0.029371401 
517 167 23 29 0.029307667 
287 481 15 19 0.028384695 
830 0 13 11 0.028317329 
607 650 40 40 0.024975304 
991 96 10 13 0.024820587 
962 94 12 15 0.024741963 
613 191 169 222 0.023643771 
559 621 12 18 0.022858856 
844 0 11 11 0.022802254 
444 154 94 120 0.02264862 
82 404 28 38 0.022479424 
514 170 55 72 0.021945275 
0 413 22 35 0.021745367 
722 268 15 18 0.021730684 
100 445 12 18 0.021662686 
388 146 83 107 0.021416798 
670 155 370 428 0.021306394 
92 416 22 30 0.020463962 
633 653 28 36 0.020108432 
