2_Demonstration_Demonstrators_2_517
186
465 361 63 75 0.9994136 
704 127 52 64 0.99889755 
136 289 79 93 0.9978528 
800 108 36 44 0.9975702 
885 99 31 34 0.99731344 
503 111 39 51 0.9968747 
168 126 44 54 0.9949049 
110 89 30 39 0.99474466 
776 291 79 99 0.99445313 
655 146 30 44 0.9936056 
255 120 42 62 0.98604476 
989 86 23 27 0.9828386 
789 89 25 27 0.9644238 
426 74 18 23 0.9416166 
217 104 28 32 0.93167377 
921 106 23 27 0.8105152 
472 113 26 34 0.8028385 
613 67 17 20 0.7349046 
699 80 13 17 0.6836911 
897 309 30 39 0.57580864 
767 65 15 19 0.50824255 
859 85 14 19 0.37203848 
486 98 14 19 0.36404017 
617 359 41 44 0.2718388 
588 119 23 31 0.26408482 
552 66 10 13 0.25034505 
148 98 12 16 0.24805076 
636 61 12 14 0.17534906 
568 90 19 21 0.16782802 
558 68 9 12 0.15786345 
240 88 17 20 0.13369457 
517 80 12 14 0.12058203 
744 77 11 16 0.10887234 
544 118 21 29 0.10669147 
610 75 17 22 0.10278149 
1014 92 11 17 0.093362115 
671 46 9 12 0.087501615 
542 77 11 14 0.082490236 
550 29 8 12 0.07774164 
928 132 18 22 0.07579442 
481 102 22 31 0.07459482 
627 -1 26 30 0.07282332 
749 81 13 17 0.070466585 
529 69 8 11 0.06770098 
921 119 25 31 0.06663583 
5 493 67 82 0.06564307 
890 82 29 35 0.06274856 
220 101 17 22 0.059405286 
180 77 10 15 0.056993257 
726 117 28 36 0.056034148 
494 36 10 11 0.053962134 
197 65 12 14 0.05246658 
538 77 8 12 0.051427063 
802 86 27 30 0.05117716 
462 59 11 13 0.050956085 
455 74 12 15 0.050945017 
136 91 22 27 0.050510257 
552 112 23 32 0.05038257 
720 86 9 12 0.04986159 
545 70 10 12 0.047330275 
674 128 28 41 0.047328647 
534 70 8 10 0.04687473 
710 77 11 14 0.04675062 
862 81 19 27 0.046747416 
263 110 32 39 0.045103367 
228 109 42 57 0.04337377 
718 76 9 12 0.043170698 
699 70 12 16 0.04231349 
625 55 20 23 0.04227209 
973 114 26 35 0.04114066 
902 27 12 16 0.041011382 
463 85 11 15 0.039860032 
198 108 41 53 0.039535813 
644 0 11 11 0.039394215 
755 84 13 17 0.038776264 
269 96 32 40 0.038275853 
86 59 17 21 0.037107307 
688 33 11 15 0.03569818 
456 34 11 15 0.035505693 
789 89 39 50 0.03544093 
712 62 8 12 0.035365097 
636 17 12 16 0.035342444 
636 0 16 14 0.035256173 
486 34 11 15 0.034798816 
446 75 12 17 0.034764815 
483 21 10 12 0.03473782 
737 60 10 13 0.033762373 
541 52 9 12 0.03363215 
440 63 11 14 0.03329093 
636 8 15 19 0.033272758 
427 35 12 16 0.032652795 
680 114 24 34 0.03257396 
782 91 17 20 0.032564737 
574 17 45 54 0.03247624 
566 108 27 37 0.0324258 
462 117 26 36 0.031869493 
275 109 20 24 0.031845134 
468 124 32 39 0.03174926 
510 71 9 11 0.0314095 
443 68 12 15 0.031307228 
688 82 11 15 0.031016575 
722 92 13 15 0.030993666 
828 85 13 19 0.030674981 
736 55 9 11 0.030522605 
480 35 11 14 0.030504685 
171 512 112 131 0.03043259 
513 79 19 24 0.030401127 
307 42 11 15 0.030366033 
979 106 29 34 0.03006949 
525 76 10 12 0.029892424 
175 81 13 18 0.029888736 
895 29 9 13 0.029789945 
496 15 9 11 0.02966178 
485 114 29 39 0.029593946 
513 78 10 13 0.02949859 
193 67 10 13 0.029439075 
559 74 11 14 0.029252307 
655 53 9 13 0.02898922 
456 43 10 14 0.02883682 
480 16 9 12 0.028787116 
702 63 10 12 0.028754083 
750 88 15 19 0.02866332 
619 61 22 25 0.02836623 
794 76 26 32 0.028005386 
812 89 28 33 0.027707357 
737 116 17 22 0.027639965 
256 39 17 20 0.027555292 
487 15 9 11 0.027464628 
672 138 45 57 0.026510479 
1 225 37 41 0.026293194 
820 31 16 21 0.026245626 
724 87 11 13 0.025975216 
1005 110 17 23 0.02594307 
210 312 31 45 0.025824495 
702 73 18 24 0.025782 
879 93 25 32 0.025656484 
558 86 23 29 0.025617806 
490 96 26 31 0.025611524 
741 99 12 15 0.025590539 
495 4 9 12 0.02547595 
176 550 63 81 0.02544845 
745 593 33 37 0.025341604 
427 366 28 41 0.025107179 
903 14 10 13 0.024651054 
-2 25 27 50 0.024552053 
467 87 12 14 0.02431385 
537 48 9 12 0.024304055 
757 158 42 54 0.024127835 
420 27 14 18 0.024102125 
877 90 14 21 0.02381198 
413 26 13 18 0.023796368 
85 48 28 38 0.023780787 
457 52 9 12 0.023711655 
720 56 8 11 0.023507735 
717 61 9 12 0.023436472 
742 70 12 16 0.023315877 
519 37 8 11 0.02310086 
548 59 18 24 0.022976557 
563 69 10 13 0.02289939 
399 0 11 12 0.022644207 
448 4 10 13 0.022586731 
365 0 11 11 0.022548392 
486 67 10 13 0.022423664 
764 51 27 32 0.02216933 
894 22 9 13 0.021926055 
79 37 43 62 0.021676516 
677 46 11 14 0.021598954 
680 53 9 12 0.021417214 
131 132 30 39 0.021382563 
140 564 34 44 0.021375367 
694 84 14 19 0.021249129 
713 56 8 11 0.021128481 
545 63 9 12 0.02081586 
656 61 9 13 0.020751778 
893 3 12 15 0.020704245 
558 92 13 15 0.02063469 
565 78 12 15 0.020558828 
518 62 9 12 0.020491622 
746 91 21 28 0.020440431 
813 71 11 14 0.020437354 
565 61 12 14 0.020436948 
458 68 13 16 0.020395525 
646 66 11 14 0.020392455 
736 84 11 13 0.020371474 
538 70 20 25 0.020146307 
460 45 10 14 0.020117022 
