2_Demonstration_Protesters_2_16
47
626 586 84 111 0.9949745 
290 507 85 100 0.99447775 
125 422 34 39 0.15480085 
106 743 122 131 0.11950009 
138 934 25 31 0.100545265 
923 306 29 41 0.090449914 
61 982 25 32 0.054981176 
136 251 92 122 0.049928747 
268 549 13 18 0.049041606 
-77 484 404 503 0.04885191 
91 905 99 121 0.0485482 
241 594 34 38 0.046490107 
552 1085 13 16 0.04287856 
63 19 15 17 0.04132043 
73 932 31 38 0.04058695 
124 0 20 20 0.039490715 
158 744 36 39 0.038708273 
15 77 23 31 0.03773753 
111 903 27 36 0.037096087 
916 282 15 18 0.0331118 
120 981 26 34 0.031717207 
130 759 75 73 0.03054112 
1004 947 12 15 0.028643714 
103 0 105 129 0.028001392 
193 649 23 32 0.027995957 
144 417 16 20 0.026655462 
94 934 63 69 0.026324172 
14 932 30 35 0.025604717 
412 666 44 55 0.024856335 
89 1014 27 30 0.024347447 
799 690 29 35 0.024194492 
49 903 29 38 0.023816274 
982 488 28 45 0.023508271 
61 4 97 125 0.023300257 
-10 1124 467 493 0.022704918 
813 857 30 44 0.021792255 
20 1169 15 19 0.021600433 
56 925 54 62 0.02158894 
226 -26 408 526 0.02124318 
441 715 14 17 0.021093786 
964 303 15 21 0.020965498 
33 837 172 233 0.02055196 
482 605 15 18 0.020254884 
2 980 28 39 0.020152504 
155 363 30 35 0.020127866 
133 638 25 32 0.020098701 
29 43 14 17 0.02008341 
