2_Demonstration_Protesters_2_156
109
248 315 45 56 0.99642783 
433 318 46 66 0.9960497 
739 438 54 57 0.99348724 
135 324 38 46 0.9905268 
612 340 47 53 0.9896881 
55 289 38 44 0.98717993 
982 -2 43 50 0.66463363 
-1 315 22 32 0.4463602 
354 122 14 17 0.25601903 
779 132 14 18 0.20842932 
-2 417 30 45 0.1588793 
704 148 11 14 0.15120593 
510 500 32 37 0.13801226 
724 130 15 18 0.13402477 
669 162 11 16 0.10254621 
673 134 8 11 0.093982406 
719 132 12 16 0.0845983 
679 117 10 13 0.08187764 
628 115 13 17 0.07943651 
821 100 10 12 0.076873995 
707 141 11 13 0.07008867 
559 129 14 18 0.0668531 
754 156 14 16 0.065295085 
658 206 17 22 0.06433047 
820 91 13 15 0.061140765 
37 410 27 37 0.060910847 
709 132 11 14 0.06000774 
282 501 16 20 0.05827041 
760 140 10 13 0.057066165 
678 124 9 12 0.056637064 
686 117 9 12 0.056282222 
696 159 10 13 0.055742834 
664 157 12 15 0.054063275 
701 153 12 16 0.053478107 
679 142 11 13 0.046409074 
685 143 10 13 0.043042634 
719 124 13 16 0.042709716 
840 119 11 13 0.041473113 
540 262 15 22 0.041332047 
673 140 9 11 0.04099509 
769 304 17 21 0.040639825 
72 293 32 41 0.040196657 
299 87 10 16 0.039647557 
561 122 15 20 0.038971517 
744 151 10 13 0.038509768 
766 121 12 15 0.03795108 
704 127 10 13 0.036901794 
672 126 10 13 0.036313884 
129 404 429 454 0.03607033 
852 130 11 15 0.03601034 
711 444 12 15 0.035926137 
679 111 9 12 0.03552208 
563 135 13 18 0.0339569 
841 111 8 11 0.033586815 
624 120 13 16 0.033215743 
719 119 11 12 0.032466758 
673 110 8 11 0.032199875 
638 134 12 15 0.031212708 
663 285 40 50 0.031067858 
731 126 12 16 0.030522998 
759 116 13 16 0.030337054 
751 150 11 15 0.03020622 
695 132 9 13 0.030122535 
863 141 13 15 0.02995138 
619 105 22 29 0.028949153 
46 514 31 32 0.028842881 
646 132 10 13 0.027906898 
662 116 10 12 0.027867563 
790 139 11 15 0.027857399 
526 134 11 15 0.027600994 
776 125 11 15 0.027205288 
478 273 24 29 0.027016452 
672 118 10 12 0.026999837 
343 98 13 19 0.026942648 
622 377 31 36 0.026857743 
347 103 23 31 0.02656091 
280 493 27 31 0.02628829 
687 123 9 13 0.026195304 
219 21 211 253 0.024798127 
817 84 14 17 0.024700994 
615 134 10 11 0.024392175 
671 277 25 36 0.02433789 
653 300 41 52 0.024216307 
563 116 14 16 0.023948517 
763 149 11 14 0.023891369 
636 248 26 32 0.023767121 
794 203 18 22 0.023660237 
774 118 10 14 0.02327818 
565 248 13 20 0.023157174 
593 132 9 12 0.023091976 
47 404 27 36 0.02307576 
664 152 10 13 0.022846216 
60 135 26 32 0.022482904 
149 345 44 51 0.022472141 
786 133 13 16 0.022339012 
652 169 12 18 0.022302056 
676 163 11 16 0.022170424 
239 164 13 17 0.021838803 
646 126 11 13 0.021823786 
672 253 26 32 0.02175076 
742 127 9 13 0.02138909 
844 119 11 16 0.021323727 
630 140 10 12 0.021186622 
658 252 25 30 0.021066587 
700 161 11 14 0.020650057 
687 155 10 15 0.020436661 
654 164 11 16 0.020352386 
830 85 9 12 0.020148138 
938 279 15 15 0.020089326 
