2_Demonstration_Demonstration_Or_Protest_2_200
319
277 217 36 48 0.9995913 
72 264 38 52 0.99824035 
85 130 30 40 0.99373573 
808 488 57 62 0.9915105 
175 223 34 40 0.9908058 
792 383 43 50 0.98865765 
388 224 22 30 0.98322463 
853 323 39 52 0.9776654 
284 169 27 33 0.9695813 
949 179 35 37 0.9509287 
882 160 29 37 0.947157 
225 190 28 34 0.9413225 
11 363 43 54 0.93427026 
945 305 40 53 0.927371 
462 10 14 18 0.8762181 
276 67 11 16 0.852631 
399 47 14 20 0.80203956 
679 36 20 25 0.80093724 
357 27 10 13 0.7864996 
394 165 24 30 0.7538641 
842 132 24 28 0.7218746 
356 158 20 25 0.6895889 
22 69 15 18 0.6674529 
890 300 31 42 0.6643487 
997 74 26 43 0.6455033 
351 122 13 17 0.6429555 
365 114 13 16 0.62220347 
407 140 14 18 0.55837566 
318 373 38 49 0.55776715 
311 97 14 18 0.482476 
517 161 39 47 0.4565312 
91 29 11 17 0.3649561 
904 0 16 18 0.34812924 
669 62 36 41 0.34199923 
119 259 22 29 0.32845148 
668 395 44 59 0.32234105 
365 186 21 29 0.30278054 
477 28 12 14 0.26470235 
406 484 51 50 0.26149294 
904 115 22 27 0.2591766 
73 93 16 19 0.22840644 
306 166 23 30 0.20199554 
61 255 26 34 0.19569764 
316 320 18 22 0.18627548 
502 5 11 16 0.18276349 
3 90 14 18 0.176154 
316 171 16 20 0.16576532 
64 53 11 14 0.162707 
357 115 13 18 0.15739286 
542 75 12 16 0.15189376 
366 143 11 16 0.14973202 
700 43 14 22 0.14918979 
318 77 11 15 0.13198428 
844 183 27 35 0.123604506 
903 301 31 37 0.113735564 
344 201 26 31 0.111457124 
893 145 27 35 0.10989654 
690 40 17 20 0.1081723 
59 139 26 32 0.10771931 
960 320 36 50 0.10648158 
365 156 21 29 0.104674675 
288 81 14 18 0.09846452 
929 78 16 20 0.096648365 
883 189 18 21 0.096463345 
306 360 42 50 0.09558965 
506 159 33 41 0.094526745 
486 36 13 16 0.094418816 
3 331 13 20 0.091906466 
28 39 9 12 0.08815587 
672 378 34 53 0.08593026 
777 339 30 36 0.0838599 
1 85 11 17 0.08178018 
393 144 22 28 0.08019344 
670 36 15 21 0.079888955 
355 187 23 31 0.07611991 
919 396 34 42 0.075711936 
917 304 27 35 0.074973084 
3 223 22 36 0.0746809 
9 243 27 45 0.07284109 
17 127 16 21 0.07111043 
30 43 10 13 0.07035981 
363 29 9 13 0.06900171 
210 186 14 20 0.06820973 
443 103 50 63 0.06798821 
14 22 9 11 0.06718105 
36 137 14 19 0.06613565 
353 1 9 10 0.06596873 
400 501 68 62 0.0658835 
692 2 15 19 0.06511742 
324 314 25 29 0.064707614 
83 390 14 20 0.06412032 
813 0 9 10 0.06260314 
47 113 14 22 0.06249831 
760 70 10 14 0.061936628 
341 314 17 20 0.060746823 
436 24 13 16 0.060122248 
872 151 25 41 0.059908617 
989 250 13 16 0.058556203 
308 359 18 23 0.058251478 
70 36 9 12 0.057884146 
471 83 27 34 0.057716697 
397 141 15 18 0.057566628 
6 129 24 31 0.056786362 
778 77 27 32 0.0567077 
434 491 46 45 0.055999786 
878 175 27 34 0.055857122 
758 84 10 14 0.05579054 
387 146 16 20 0.055732254 
522 104 24 35 0.055730853 
65 252 18 22 0.055661995 
513 86 39 57 0.054946277 
870 315 37 44 0.05438553 
380 151 36 45 0.0540565 
765 0 12 12 0.053851224 
92 -1 15 14 0.052684817 
81 91 14 17 0.05204538 
712 12 12 15 0.05093012 
23 23 9 10 0.050887406 
1 210 11 18 0.0506879 
24 130 19 28 0.050493542 
945 11 10 12 0.05034219 
901 138 28 35 0.050119705 
528 87 11 17 0.049740084 
900 122 29 34 0.049713157 
379 524 93 61 0.049488112 
707 40 15 23 0.04942798 
373 271 27 33 0.048989125 
575 60 11 14 0.048629295 
859 34 11 16 0.04860876 
394 538 137 99 0.04813598 
10 91 13 18 0.047590595 
393 29 7 10 0.04684497 
459 342 15 19 0.04613227 
62 74 13 17 0.04593732 
358 1 9 11 0.045417614 
846 60 12 16 0.04502568 
375 167 25 34 0.04476641 
85 20 14 18 0.04455703 
427 282 12 15 0.04430256 
758 75 11 17 0.04407333 
929 307 26 35 0.043735035 
431 27 11 13 0.043480262 
471 31 14 18 0.04276881 
382 147 13 18 0.042534016 
77 88 12 16 0.042225678 
10 22 9 11 0.042173453 
359 141 12 16 0.04140734 
856 156 38 48 0.041402597 
5 15 9 11 0.041295312 
716 20 11 14 0.04118237 
40 127 23 34 0.0409209 
71 86 11 14 0.040629048 
10 228 14 21 0.040533844 
977 243 25 30 0.03997643 
403 41 21 28 0.03955481 
1002 282 21 32 0.039454736 
926 314 14 19 0.039390028 
798 16 15 17 0.039306037 
47 167 15 19 0.03916764 
507 10 12 15 0.038429227 
318 54 8 10 0.03823403 
379 151 21 29 0.03815172 
48 128 28 38 0.037960194 
80 29 11 14 0.037952315 
346 123 12 17 0.037927758 
525 25 12 17 0.037099734 
535 157 31 47 0.037094012 
0 45 7 14 0.03684258 
848 176 19 23 0.036604244 
1 79 9 13 0.03629246 
197 184 14 18 0.036137685 
716 35 11 17 0.03608119 
1 14 8 12 0.035907872 
912 113 25 35 0.035528325 
71 31 11 13 0.035427287 
524 86 22 35 0.03508783 
262 71 10 14 0.034865946 
680 55 29 32 0.034394514 
899 303 18 26 0.0341426 
469 18 21 27 0.03392991 
402 154 16 20 0.033860847 
15 17 9 10 0.03379863 
478 29 20 25 0.033135474 
788 76 13 16 0.03292703 
412 44 12 17 0.032895993 
353 170 24 28 0.03281584 
908 111 15 18 0.031583257 
848 63 17 21 0.031532355 
81 256 31 37 0.031492326 
354 208 16 20 0.031492114 
71 126 27 35 0.031239018 
360 148 14 17 0.031193858 
1003 20 21 32 0.03102869 
854 291 13 17 0.030814108 
56 7 8 10 0.030760616 
235 142 18 21 0.030684423 
783 9 13 16 0.030372571 
-1 93 15 22 0.030195573 
371 132 13 16 0.030152502 
584 55 9 13 0.03006198 
525 113 13 19 0.030013798 
325 63 10 12 0.029989516 
62 131 13 18 0.029981585 
368 137 20 26 0.029907389 
79 76 10 12 0.029362721 
39 51 11 14 0.029183758 
35 150 14 20 0.029024823 
112 267 25 36 0.028997744 
581 60 11 15 0.028733416 
904 297 21 24 0.028445309 
97 0 16 16 0.028437734 
773 6 11 13 0.028367478 
803 3 14 16 0.028327582 
466 340 16 19 0.028250832 
84 12 14 15 0.028135628 
991 195 22 34 0.028048636 
546 346 24 35 0.027715305 
906 119 38 51 0.027652733 
46 156 24 31 0.027510071 
605 357 50 64 0.027268875 
696 3 21 27 0.027199026 
464 12 19 24 0.027168266 
321 48 8 10 0.027071262 
526 4 11 15 0.026869666 
404 389 13 17 0.02685824 
319 60 10 13 0.026740054 
31 144 16 20 0.026737474 
480 94 17 20 0.026669968 
0 4 9 14 0.026656294 
913 285 16 19 0.026628977 
393 24 8 10 0.026562037 
62 0 9 10 0.026545996 
284 69 11 16 0.026347237 
396 207 16 21 0.026252618 
913 345 18 24 0.026171751 
383 30 9 11 0.026163014 
996 198 14 19 0.02593505 
960 242 31 35 0.025925223 
915 1 13 17 0.025901524 
657 330 44 58 0.025864767 
975 26 12 15 0.025813028 
388 131 12 16 0.025739178 
388 160 18 22 0.025708318 
792 83 14 17 0.025665993 
501 0 21 25 0.025547834 
351 47 10 12 0.025491191 
262 209 14 20 0.025382767 
717 28 12 16 0.025371287 
322 82 13 16 0.025337355 
621 386 52 65 0.025263283 
756 71 20 27 0.025133582 
211 186 23 31 0.025095504 
580 19 10 13 0.025085755 
397 133 12 16 0.025016882 
413 353 13 17 0.02493455 
371 176 18 22 0.024923006 
874 26 14 18 0.024854714 
85 -3 25 24 0.02474317 
188 216 38 51 0.024718154 
412 136 13 17 0.02471019 
840 137 40 54 0.02452761 
31 309 12 16 0.024420636 
383 140 14 18 0.02432751 
430 254 11 14 0.024138482 
777 345 19 22 0.02413332 
759 0 14 14 0.023861041 
417 140 13 17 0.023787336 
876 11 14 16 0.02375561 
376 29 10 12 0.023701632 
432 22 12 14 0.023661742 
546 81 12 17 0.02362539 
909 6 12 16 0.023620687 
452 121 52 73 0.023523996 
344 68 9 11 0.023509042 
360 127 21 26 0.02336261 
74 131 16 20 0.02305616 
314 350 28 34 0.023050962 
299 88 20 26 0.023043968 
981 11 14 18 0.022997862 
898 315 18 26 0.022981234 
315 73 21 26 0.0228255 
2 321 23 34 0.022739127 
296 341 45 53 0.022738812 
154 204 12 17 0.022648845 
369 15 9 10 0.022612892 
771 0 11 10 0.022598047 
788 4 23 26 0.022430653 
879 217 14 18 0.02241927 
400 42 11 16 0.022162622 
938 75 15 17 0.022154495 
918 11 11 15 0.021934813 
538 76 22 28 0.021813598 
142 438 30 41 0.021755 
973 340 24 35 0.021716705 
959 198 30 36 0.02163424 
31 50 11 14 0.021612229 
122 253 18 20 0.021538524 
38 145 24 32 0.021505332 
935 221 46 53 0.02137041 
7 37 10 13 0.021292962 
861 143 25 37 0.021247212 
782 18 12 15 0.021245357 
263 174 13 16 0.021041362 
474 339 16 19 0.020980503 
468 189 14 18 0.020972492 
835 117 41 51 0.020872992 
70 1 10 10 0.020744989 
911 50 11 15 0.02074489 
169 121 42 56 0.020679217 
609 328 49 62 0.020584777 
25 28 8 11 0.02046521 
975 10 13 17 0.020435868 
435 16 25 27 0.020435404 
959 273 31 38 0.020384554 
706 5 21 27 0.020339742 
307 387 41 52 0.020301782 
806 -1 23 25 0.0201076 
1005 275 16 23 0.02004006 
141 0 12 11 0.020005502 
