2_Demonstration_Demonstrators_2_309
51
815 286 44 59 0.9967012 
993 385 30 46 0.98552424 
232 297 45 52 0.78598434 
152 235 19 21 0.7063619 
137 264 22 31 0.58434373 
619 548 97 137 0.5339758 
453 173 104 121 0.5285588 
81 230 22 26 0.3577875 
118 267 16 20 0.18183894 
910 355 13 15 0.14717594 
931 361 13 18 0.13443176 
150 242 22 28 0.113775045 
143 254 23 34 0.09900718 
124 267 22 28 0.09272173 
129 273 35 54 0.07883788 
179 129 31 38 0.06661107 
0 263 10 18 0.066090316 
187 260 13 19 0.060647774 
31 224 14 17 0.06022444 
388 133 191 246 0.05959709 
958 387 23 29 0.05142128 
296 264 10 13 0.048146147 
46 101 29 40 0.043844536 
103 267 23 29 0.043175895 
132 247 15 20 0.041233417 
495 449 10 15 0.039495885 
94 268 23 32 0.039178237 
330 183 42 66 0.038173787 
328 294 26 29 0.035186224 
677 149 35 47 0.03499005 
301 293 13 18 0.03496291 
762 630 29 37 0.032983776 
978 390 29 35 0.03221255 
161 247 16 22 0.030059818 
65 228 25 33 0.029962702 
984 318 9 11 0.029432094 
188 258 24 37 0.02919898 
963 378 14 18 0.028319584 
214 272 50 64 0.027514257 
289 293 28 33 0.027250439 
985 378 30 38 0.0263248 
0 263 17 30 0.02540616 
133 276 17 23 0.024929548 
914 350 14 17 0.024051158 
989 317 10 12 0.023334181 
226 231 23 28 0.021578245 
14 191 21 31 0.021477966 
54 235 23 30 0.021399442 
967 388 26 31 0.02124021 
81 209 27 34 0.020899033 
12 229 11 14 0.020144125 
