2_Demonstration_Demonstration_Or_Protest_2_476
2629
749 468 25 30 0.9908812 
332 221 14 18 0.9900373 
125 291 17 20 0.98834103 
275 502 21 26 0.98671603 
642 323 22 28 0.98534054 
192 553 22 27 0.9835413 
622 559 28 34 0.9834714 
693 599 32 35 0.981043 
992 595 23 29 0.9800955 
459 426 24 30 0.97883177 
994 521 24 29 0.97689545 
81 342 17 22 0.97479206 
754 576 31 35 0.97439516 
475 283 15 20 0.9705455 
946 444 25 30 0.9685191 
577 326 19 23 0.9660967 
621 300 23 27 0.96606946 
625 455 25 29 0.96400106 
691 377 22 26 0.96391076 
740 373 25 28 0.96385974 
943 288 23 29 0.9624035 
428 366 17 23 0.9614444 
847 323 22 26 0.96084255 
900 387 25 29 0.9597884 
514 397 22 27 0.9583132 
822 587 27 32 0.95822215 
799 413 26 29 0.9566349 
122 358 17 23 0.95573366 
100 303 18 22 0.9552079 
908 188 15 18 0.95448416 
807 246 21 24 0.9534416 
274 295 19 22 0.9523274 
905 290 21 26 0.9517842 
403 223 18 22 0.95161 
193 502 19 23 0.94968915 
723 147 16 19 0.94921964 
320 251 17 21 0.94895315 
268 227 14 18 0.94880456 
173 304 18 22 0.947488 
132 405 17 23 0.94558233 
262 204 14 17 0.94494164 
523 568 23 29 0.9447221 
823 432 26 31 0.9444341 
603 332 18 24 0.944348 
35 417 23 28 0.94000494 
862 390 24 28 0.93934476 
751 260 23 27 0.93898547 
986 372 28 33 0.9378882 
928 402 26 28 0.93750614 
983 318 25 30 0.9344233 
784 442 26 29 0.9311693 
137 496 20 24 0.92691535 
590 386 23 25 0.9268672 
578 254 19 24 0.9267512 
238 309 20 24 0.9259508 
246 483 21 27 0.92572665 
880 471 24 31 0.9216434 
423 490 26 28 0.9213493 
780 502 28 31 0.9204055 
363 404 23 26 0.9185016 
301 279 16 21 0.91714036 
196 261 15 18 0.9132904 
165 347 20 23 0.9121821 
435 211 17 21 0.90868026 
416 404 23 26 0.9052139 
319 200 14 17 0.9043648 
537 362 25 29 0.9039128 
493 291 20 24 0.90305036 
676 463 26 31 0.9007635 
699 244 17 20 0.89947546 
572 502 23 27 0.89769244 
107 426 22 26 0.8971547 
197 445 22 27 0.89633 
887 355 25 29 0.8962396 
329 618 21 28 0.89470565 
637 371 24 27 0.89325523 
9 330 16 21 0.8931489 
767 402 25 28 0.8925106 
212 646 30 32 0.8903709 
812 289 19 22 0.88961947 
781 181 16 18 0.88910323 
875 530 31 38 0.8888905 
728 507 25 28 0.8851809 
45 378 16 20 0.8845695 
178 157 16 19 0.8799333 
133 155 13 17 0.8745288 
552 460 25 31 0.8744566 
384 276 17 21 0.8706844 
293 245 14 17 0.8706092 
940 356 33 37 0.86990565 
281 359 18 22 0.86844707 
136 381 19 23 0.8657135 
588 622 28 34 0.86473674 
652 530 29 34 0.8637582 
217 481 17 22 0.8627663 
660 242 21 25 0.86001337 
867 294 22 26 0.8596107 
440 345 18 22 0.8584025 
789 100 16 19 0.85227025 
290 208 16 20 0.8512397 
731 417 26 32 0.85087186 
522 467 20 23 0.8483989 
50 253 16 20 0.8472605 
304 610 22 29 0.846462 
527 162 14 17 0.84513414 
339 353 18 22 0.8450339 
283 405 18 23 0.84471 
578 435 23 28 0.8413515 
110 131 14 17 0.83999974 
401 171 15 18 0.838978 
402 456 23 27 0.8380306 
667 428 27 31 0.8372678 
341 397 21 25 0.83692485 
28 223 15 17 0.8326505 
990 149 22 25 0.82874703 
661 215 17 21 0.8274044 
226 426 19 26 0.8272061 
478 216 17 20 0.8271451 
28 356 16 22 0.82622576 
63 439 19 23 0.8235332 
359 441 23 28 0.81931835 
191 328 16 20 0.81850386 
386 342 20 24 0.8168173 
515 607 22 25 0.816814 
87 193 14 17 0.81641257 
519 297 20 25 0.8146246 
575 363 19 23 0.81404275 
530 249 17 21 0.8116404 
13 252 15 19 0.80985767 
170 121 15 17 0.8044196 
150 163 16 19 0.8011991 
498 496 25 28 0.80083597 
630 234 21 25 0.8005144 
733 104 15 18 0.7990164 
688 212 19 24 0.79887086 
885 176 14 18 0.7945018 
425 51 13 16 0.79379964 
313 169 15 17 0.7914492 
510 216 14 17 0.7898752 
375 376 20 21 0.7865206 
734 206 16 20 0.78304565 
421 339 17 21 0.7830322 
940 190 18 22 0.7824377 
444 461 18 24 0.78175646 
499 351 18 24 0.78056854 
922 257 18 22 0.7789001 
446 149 15 18 0.77871925 
654 188 13 16 0.7756948 
276 554 27 31 0.7700621 
323 133 13 16 0.76912534 
131 187 15 16 0.7656127 
185 428 17 22 0.7646031 
554 315 22 25 0.7643452 
144 428 22 26 0.76408166 
906 239 18 21 0.759836 
934 227 16 19 0.75972897 
415 264 19 22 0.7594399 
221 404 18 24 0.7594394 
237 165 14 17 0.7567125 
359 245 19 24 0.7550978 
337 268 18 21 0.7524005 
239 385 20 24 0.75208527 
207 376 15 19 0.74682206 
878 416 28 34 0.74647564 
638 428 20 26 0.7431706 
825 180 15 18 0.7415817 
467 374 17 22 0.740783 
383 188 16 20 0.73676574 
92 480 19 23 0.7366381 
326 332 21 25 0.73213416 
804 221 18 21 0.7310988 
137 233 17 20 0.72917926 
556 224 19 23 0.7275511 
46 233 13 16 0.7262922 
395 113 14 16 0.7190416 
389 606 19 23 0.71593016 
912 316 24 27 0.7150434 
551 296 19 20 0.706371 
650 497 22 25 0.7028625 
45 324 20 24 0.70244896 
81 380 16 20 0.6994988 
372 294 16 20 0.69722164 
366 323 17 21 0.69632506 
170 68 13 16 0.69538105 
112 178 13 16 0.6942983 
927 163 15 19 0.69024867 
503 179 14 17 0.686492 
628 123 13 16 0.68629664 
621 176 14 17 0.6861633 
771 548 29 34 0.6857647 
455 263 15 20 0.68276024 
395 432 24 26 0.6827064 
252 343 20 22 0.6807834 
42 280 18 21 0.6780065 
305 341 20 24 0.67242837 
562 554 22 30 0.6600959 
323 291 22 24 0.659322 
311 234 13 16 0.656224 
88 262 14 18 0.65491956 
230 198 14 18 0.65406024 
920 625 25 30 0.652799 
257 73 16 19 0.65230036 
82 420 17 21 0.64519596 
700 146 14 16 0.6450972 
541 206 16 21 0.6342569 
879 208 17 19 0.6336944 
600 158 15 17 0.63129634 
770 91 16 18 0.62993956 
1003 217 17 23 0.62932897 
606 194 14 16 0.62042487 
142 211 15 16 0.6182436 
506 331 18 21 0.6168517 
515 105 14 17 0.6167747 
382 222 18 20 0.61545396 
800 157 15 18 0.61272806 
469 543 19 23 0.61211556 
589 291 18 21 0.6083876 
940 150 16 19 0.6082359 
215 220 14 17 0.60228753 
261 429 18 24 0.599876 
845 130 14 18 0.59890264 
486 648 31 34 0.5986267 
944 243 19 23 0.59668 
730 281 22 24 0.5956156 
335 179 15 19 0.5948001 
681 156 14 16 0.5891944 
738 233 19 23 0.58761334 
489 472 28 32 0.5872919 
705 549 29 33 0.58681893 
855 178 19 20 0.58640766 
213 281 14 18 0.5826548 
221 259 15 18 0.58156013 
662 93 11 14 0.5789899 
365 204 14 15 0.578214 
136 466 24 28 0.5780095 
792 131 16 18 0.5754513 
662 362 22 25 0.575345 
169 273 15 17 0.57096094 
181 403 17 22 0.5708822 
258 264 18 21 0.56866634 
834 48 16 19 0.56830275 
1004 265 15 20 0.56291634 
454 304 17 22 0.55356544 
502 235 19 22 0.55285805 
445 86 12 15 0.5509021 
683 336 22 24 0.55072397 
92 229 16 17 0.54958636 
149 310 20 24 0.54157543 
538 116 13 15 0.5392752 
470 330 20 24 0.5363091 
927 123 14 17 0.534524 
363 366 21 24 0.53041136 
292 30 12 15 0.5292855 
992 114 13 15 0.5182957 
482 101 13 17 0.5155019 
674 181 13 15 0.51511055 
711 92 14 16 0.5129687 
432 298 19 23 0.5091214 
599 132 14 16 0.5083614 
716 126 14 16 0.5075502 
687 170 14 18 0.5058583 
312 370 20 22 0.49951982 
171 186 15 18 0.49930152 
844 138 13 18 0.49300936 
140 105 12 15 0.49051195 
232 279 19 20 0.49030662 
99 402 21 25 0.4832631 
591 109 12 14 0.48313117 
209 139 12 15 0.48033702 
866 240 17 21 0.47968656 
246 590 18 24 0.4794875 
551 98 13 16 0.4738216 
683 162 15 17 0.46812078 
187 283 18 19 0.46741942 
612 225 16 20 0.46450838 
756 148 15 19 0.46386138 
182 221 14 15 0.4637192 
671 115 13 15 0.46330997 
317 94 14 17 0.46041986 
771 151 15 19 0.4589012 
332 498 18 20 0.45454532 
113 153 14 17 0.45081958 
230 116 13 15 0.44560006 
252 189 14 16 0.44144735 
838 201 17 19 0.43572754 
405 61 11 13 0.433773 
358 165 15 16 0.42976266 
190 233 14 19 0.42973158 
575 195 14 17 0.42961332 
294 158 14 16 0.4289585 
763 154 15 18 0.42832246 
363 173 14 15 0.42814133 
414 196 15 18 0.42728192 
243 233 14 17 0.42684323 
829 234 19 20 0.42254755 
597 373 23 27 0.41902944 
801 66 15 16 0.41852188 
675 119 13 14 0.41679516 
297 59 12 15 0.41434368 
195 186 16 19 0.4140905 
426 124 15 17 0.40818164 
970 225 17 20 0.40674186 
331 110 14 16 0.4038746 
691 204 16 18 0.40313837 
865 227 16 19 0.40257403 
518 197 15 17 0.40237063 
127 83 12 14 0.39462745 
518 146 13 15 0.3909217 
898 200 14 18 0.38964128 
975 273 21 26 0.38034394 
375 7 12 14 0.37941298 
769 113 15 17 0.37937915 
367 68 12 15 0.3745368 
700 117 14 15 0.3737413 
554 304 21 24 0.3733074 
387 61 10 13 0.37019512 
132 260 16 19 0.3700247 
625 197 14 17 0.36955708 
642 212 15 18 0.36701652 
439 101 13 15 0.36545685 
59 214 14 16 0.36181885 
640 164 14 16 0.3617359 
204 107 13 16 0.3613221 
748 67 12 14 0.35863882 
951 497 28 33 0.3585916 
423 149 12 15 0.35857618 
798 319 20 23 0.3544479 
301 85 14 17 0.35442942 
131 330 14 17 0.35319835 
377 35 14 17 0.34547114 
679 149 14 16 0.34324527 
582 100 12 15 0.34292236 
610 67 13 15 0.34189522 
1003 92 13 16 0.34174606 
624 52 11 14 0.3408445 
695 122 15 17 0.33968574 
206 62 11 13 0.33933106 
21 271 16 19 0.33851743 
672 274 16 20 0.33678153 
365 122 13 16 0.3343742 
298 190 14 16 0.3339667 
538 181 15 18 0.33300975 
453 240 16 19 0.33255452 
559 115 12 14 0.332464 
254 165 14 15 0.331246 
600 83 13 17 0.32781658 
579 169 14 17 0.32733014 
761 192 15 19 0.32609984 
645 14 11 15 0.32558268 
153 187 15 17 0.32385287 
89 131 12 15 0.32245135 
454 179 14 17 0.32199404 
476 125 12 14 0.3205991 
645 139 14 16 0.31982785 
727 30 11 14 0.31976622 
91 221 15 16 0.3148671 
336 475 22 25 0.31418508 
773 218 18 18 0.3141192 
415 84 13 16 0.3120927 
910 298 24 28 0.3106596 
185 637 26 31 0.31027058 
255 246 13 16 0.308006 
646 76 12 15 0.30789456 
479 82 12 14 0.30711925 
87 451 22 28 0.30682415 
98 234 14 15 0.30665094 
606 208 16 18 0.3064068 
558 68 11 14 0.30590558 
372 556 23 29 0.30563933 
891 227 16 18 0.30362248 
744 117 13 16 0.30289757 
523 83 12 14 0.30289564 
142 71 10 13 0.3012173 
387 303 17 22 0.29708913 
661 196 14 16 0.29703137 
581 387 22 27 0.29396978 
520 283 19 20 0.29231313 
945 382 26 30 0.2901619 
741 163 13 16 0.28950512 
602 170 14 16 0.2880428 
458 171 14 18 0.28468046 
974 170 15 20 0.2829097 
248 116 13 15 0.2824592 
708 171 14 17 0.2820732 
205 102 12 14 0.28179574 
168 100 12 14 0.28081605 
438 231 14 18 0.27887955 
600 180 13 16 0.27885818 
658 157 14 17 0.27861443 
210 242 15 17 0.27824518 
651 271 17 21 0.27779976 
440 51 10 13 0.27628255 
691 259 17 20 0.2761402 
312 336 21 26 0.276006 
552 259 14 17 0.27547857 
486 145 15 16 0.27483517 
207 79 12 14 0.2741502 
348 244 14 18 0.273266 
410 35 13 16 0.27268 
841 146 15 19 0.2719218 
456 75 12 14 0.2700031 
39 204 13 16 0.26944187 
525 130 12 15 0.2689648 
760 172 16 19 0.26783922 
243 15 11 13 0.26744092 
329 436 21 26 0.26616347 
651 42 11 14 0.264433 
716 172 13 16 0.26332688 
470 126 12 15 0.26079175 
234 90 13 15 0.25936085 
695 44 11 13 0.25790402 
476 187 13 15 0.25679845 
203 170 16 18 0.2561661 
878 141 15 18 0.25604793 
270 154 14 15 0.25325897 
414 91 14 17 0.25236785 
953 170 15 19 0.24973665 
773 67 12 15 0.24954697 
916 135 18 22 0.2484417 
278 44 11 14 0.24678735 
826 74 13 15 0.24603537 
493 196 13 17 0.24511173 
434 313 17 22 0.24487029 
995 247 18 20 0.24307021 
520 368 18 22 0.24301481 
923 129 16 20 0.24238092 
45 464 19 26 0.24014708 
570 53 10 12 0.23976621 
790 125 15 18 0.23959953 
953 101 14 16 0.2394994 
683 86 13 14 0.23948768 
839 263 20 23 0.23823947 
565 76 12 14 0.23823778 
269 113 12 14 0.23737885 
918 97 15 18 0.23593704 
780 45 13 16 0.2352855 
504 163 12 16 0.23442599 
779 250 20 23 0.23172751 
947 140 15 16 0.230455 
751 293 20 24 0.22903432 
277 571 25 29 0.22876556 
850 234 14 18 0.22854723 
648 108 11 15 0.22830951 
341 157 11 14 0.22812678 
283 95 14 16 0.22753593 
19 162 15 17 0.22706039 
700 45 10 12 0.22557889 
561 147 15 16 0.22509615 
900 78 12 15 0.22380817 
566 84 12 14 0.22244714 
765 130 15 17 0.22197576 
12 220 13 16 0.22131224 
188 94 13 15 0.22076352 
457 236 17 19 0.22070351 
68 298 15 18 0.21974893 
564 173 12 15 0.21972872 
398 243 15 18 0.21949975 
431 73 13 16 0.21845296 
398 123 13 16 0.21834472 
325 157 12 14 0.21561222 
563 140 13 15 0.21483058 
333 63 14 17 0.21453059 
133 253 14 17 0.21386902 
338 174 14 17 0.21343623 
303 113 13 16 0.21304671 
591 11 10 12 0.21295573 
630 94 13 15 0.21247824 
489 36 10 13 0.21245138 
826 114 17 22 0.21226355 
983 417 29 34 0.2120103 
240 44 9 13 0.2119758 
477 195 15 16 0.21140096 
688 109 11 13 0.20884286 
814 269 14 18 0.20848541 
505 45 10 12 0.20798095 
280 433 20 22 0.20760795 
351 100 12 15 0.20676924 
445 196 14 16 0.20605524 
397 252 16 18 0.20602934 
578 188 15 18 0.20575817 
326 77 14 15 0.20422848 
837 84 13 16 0.20395161 
591 247 20 25 0.20334001 
73 130 12 16 0.2030658 
65 192 14 17 0.2027816 
583 141 13 14 0.2017075 
148 100 11 14 0.19972253 
359 157 13 14 0.19947478 
63 67 11 14 0.19922093 
505 224 17 20 0.19807297 
150 265 14 18 0.1980327 
565 133 12 14 0.1977631 
640 61 10 13 0.19766349 
622 92 13 15 0.1962534 
620 148 14 17 0.19572736 
725 188 14 17 0.19571587 
889 109 13 16 0.19381218 
415 180 13 16 0.19326846 
573 12 11 13 0.19317771 
349 90 14 16 0.19301835 
627 4 12 13 0.19154415 
577 125 11 14 0.19118874 
536 95 11 13 0.19043216 
588 134 13 16 0.19028775 
604 418 23 27 0.18711694 
611 114 14 17 0.18669692 
486 155 13 16 0.1863537 
450 117 14 16 0.18616019 
119 100 11 13 0.18550767 
567 6 10 12 0.18496153 
894 155 14 18 0.18490678 
868 140 15 17 0.18454999 
364 131 14 16 0.18337479 
622 23 11 12 0.18318227 
183 26 12 14 0.18314871 
274 170 13 16 0.18249096 
286 125 12 14 0.1823318 
891 123 16 19 0.18219429 
635 95 13 15 0.18111883 
342 27 12 14 0.18107267 
693 102 11 13 0.18096802 
402 257 16 20 0.18088505 
752 275 21 27 0.1798818 
909 218 14 16 0.1793796 
864 413 28 34 0.17916982 
866 468 24 31 0.17640209 
225 69 12 15 0.17620346 
479 70 11 12 0.175875 
798 72 16 18 0.17275967 
576 166 12 16 0.17242458 
247 108 13 16 0.1724177 
682 93 11 12 0.1721492 
852 165 13 16 0.17202576 
199 113 13 15 0.17096964 
403 127 11 15 0.17079036 
351 128 10 13 0.170115 
603 126 14 16 0.16974106 
992 121 13 17 0.16916116 
6 289 14 18 0.16910125 
485 385 21 25 0.16874182 
895 374 27 32 0.16714513 
488 60 9 11 0.16707875 
619 165 14 17 0.16693416 
55 108 12 14 0.16622023 
173 2 13 15 0.16599698 
99 109 12 14 0.1659129 
191 181 14 17 0.16427596 
275 149 14 16 0.16424617 
762 559 32 38 0.16292481 
203 188 16 19 0.16261789 
660 301 21 25 0.16224921 
397 149 12 14 0.16137457 
970 205 15 17 0.16134578 
744 91 12 14 0.16121732 
536 110 11 14 0.16097906 
478 130 13 15 0.15959413 
83 154 14 16 0.159186 
701 171 14 16 0.15892646 
972 89 18 20 0.15643953 
552 13 9 11 0.15639758 
677 77 12 14 0.15635225 
76 102 10 12 0.15607333 
864 257 18 21 0.1554024 
893 82 14 19 0.15524836 
302 430 19 22 0.1550547 
677 55 10 12 0.15482967 
258 189 14 17 0.15442553 
621 139 15 17 0.15427946 
91 70 13 15 0.15390465 
812 171 16 19 0.15338741 
535 123 12 15 0.15297244 
506 40 10 12 0.15294315 
608 13 11 13 0.15225224 
476 118 11 13 0.1521804 
445 7 11 13 0.15212524 
847 162 13 18 0.15168746 
897 57 13 17 0.15167023 
700 195 13 17 0.15158582 
862 265 17 20 0.15133943 
866 74 15 17 0.15082276 
370 116 14 16 0.15078795 
696 6 11 13 0.1507503 
365 61 12 15 0.15052803 
2 532 30 39 0.15035488 
208 302 18 22 0.14890061 
284 70 12 14 0.14830825 
192 132 13 15 0.1480912 
77 85 10 12 0.14785542 
261 133 13 16 0.14785413 
620 264 17 19 0.1478195 
1 486 17 23 0.1477608 
541 148 13 16 0.14760084 
803 83 14 17 0.14708056 
726 101 12 16 0.1470014 
502 69 11 13 0.14640366 
733 188 14 16 0.14630575 
210 172 14 17 0.14604208 
739 190 14 16 0.14568822 
648 133 14 15 0.14519437 
871 284 23 26 0.14517073 
283 76 13 16 0.14473608 
227 338 16 19 0.14454293 
525 232 15 18 0.14446974 
157 293 15 16 0.14437132 
78 150 12 15 0.1442793 
317 67 14 16 0.1438432 
451 162 15 18 0.14321037 
823 358 21 28 0.14308311 
706 186 15 17 0.14299676 
668 147 14 15 0.14165053 
614 155 13 16 0.14139986 
554 193 14 17 0.14112057 
579 177 15 17 0.13969731 
272 165 12 15 0.13899212 
726 4 13 16 0.13879687 
331 84 12 15 0.13879618 
813 144 16 19 0.13872954 
68 324 17 20 0.13826029 
399 288 15 19 0.13817732 
481 76 13 15 0.13727053 
398 445 24 28 0.13665077 
588 244 15 18 0.13650423 
385 69 11 14 0.1364921 
277 82 13 14 0.13633063 
582 154 12 15 0.13618751 
678 556 25 32 0.13587938 
253 39 10 12 0.13577504 
699 69 12 14 0.13508764 
594 216 15 18 0.13487323 
937 231 19 24 0.13487104 
778 226 18 20 0.13485211 
502 293 19 26 0.1347697 
404 196 14 17 0.13467222 
412 172 13 16 0.13456754 
957 155 13 17 0.13455169 
488 32 9 12 0.13373849 
315 159 14 15 0.13357289 
517 63 11 13 0.1333713 
234 289 17 20 0.13333678 
639 197 13 16 0.13330284 
669 185 15 16 0.13281767 
477 202 16 19 0.13209449 
374 221 15 18 0.13195649 
974 263 18 22 0.13176566 
772 34 14 16 0.1316964 
238 139 13 15 0.13115643 
379 146 14 17 0.13114008 
428 29 11 13 0.13112731 
188 83 13 15 0.1305739 
584 62 11 13 0.13027982 
534 69 10 12 0.13009894 
869 84 14 16 0.13002326 
747 161 14 17 0.12958342 
864 249 15 19 0.12957111 
169 0 11 12 0.12947963 
718 186 14 18 0.12907687 
853 173 15 19 0.12898068 
461 211 13 16 0.12881945 
687 116 11 14 0.12856998 
255 44 10 12 0.12841032 
95 171 13 15 0.12776518 
221 344 17 20 0.12741913 
573 338 22 27 0.12632094 
227 74 12 14 0.12537551 
678 142 14 15 0.12518208 
447 143 13 15 0.12489466 
100 242 15 18 0.124881506 
740 180 13 15 0.12393112 
957 177 14 19 0.12386086 
199 166 14 17 0.12384135 
587 75 11 15 0.12311759 
611 279 19 22 0.12221254 
301 270 15 19 0.12167506 
543 76 10 12 0.12166413 
180 232 15 20 0.121407 
413 78 13 15 0.121033475 
890 114 15 19 0.121027924 
56 86 9 11 0.12042774 
359 45 11 15 0.1202807 
402 467 19 24 0.1201733 
884 241 15 19 0.119901426 
227 60 12 14 0.11987151 
820 153 15 18 0.119861566 
737 45 11 13 0.119674854 
441 302 18 24 0.119567595 
191 126 13 14 0.11947584 
484 197 14 17 0.11946871 
957 226 16 19 0.11904809 
630 31 9 12 0.11899611 
150 69 10 12 0.1189495 
874 239 15 20 0.118691824 
525 46 10 11 0.118246764 
601 249 18 21 0.11818405 
442 201 16 20 0.11786293 
574 209 16 19 0.11752439 
998 255 20 24 0.11703723 
248 38 11 13 0.116742425 
482 230 15 20 0.11590005 
602 90 14 16 0.11555655 
604 77 13 15 0.1154982 
700 505 26 32 0.11466621 
309 92 13 16 0.11458503 
316 46 13 14 0.11438217 
160 24 10 11 0.114138596 
901 268 16 19 0.113760464 
740 170 14 17 0.11364221 
265 29 9 11 0.113428965 
397 196 14 18 0.113347344 
587 103 13 16 0.11315518 
223 27 14 16 0.11309149 
151 76 11 13 0.11288661 
585 251 18 22 0.112728715 
200 100 11 14 0.11267722 
878 57 13 16 0.11195005 
519 79 10 14 0.111886345 
333 133 13 15 0.11150485 
459 83 13 16 0.1114099 
838 78 13 15 0.111056894 
685 102 12 14 0.11074303 
316 53 14 16 0.1104771 
852 79 14 17 0.11029097 
710 87 12 13 0.11028387 
717 227 16 20 0.11002889 
338 116 13 15 0.10983209 
520 132 11 14 0.109792516 
157 224 13 18 0.10962532 
780 69 13 16 0.10959158 
551 126 12 15 0.109242536 
446 188 15 17 0.10913957 
472 68 10 13 0.109119765 
657 30 11 12 0.10830061 
834 220 15 18 0.10779124 
737 448 20 25 0.10755301 
645 101 13 15 0.10724387 
364 185 13 16 0.10681505 
228 142 13 15 0.10676306 
511 126 10 13 0.106692344 
247 103 11 13 0.10653229 
333 27 13 15 0.10641527 
427 138 13 16 0.10637969 
695 11 9 12 0.105824545 
886 84 14 17 0.10567745 
141 114 13 16 0.10554384 
399 93 13 15 0.10549215 
704 53 9 11 0.10492989 
1001 99 13 15 0.10453031 
364 218 14 17 0.10449441 
734 181 13 15 0.104477815 
593 54 9 11 0.10425201 
69 221 13 15 0.10420176 
804 27 13 15 0.10415548 
836 249 16 20 0.10398102 
150 63 9 11 0.103962 
628 211 14 17 0.103909664 
334 90 11 14 0.10389046 
425 23 10 12 0.10374902 
82 292 16 18 0.10373949 
866 404 19 24 0.10350267 
162 309 18 23 0.103436746 
482 450 20 23 0.103432484 
82 198 17 18 0.10332896 
822 315 16 20 0.10323807 
113 108 10 13 0.10294006 
303 134 12 14 0.102933094 
87 138 13 15 0.10278798 
831 84 12 15 0.102666 
804 194 16 18 0.102631316 
346 44 13 16 0.10166722 
263 53 10 12 0.10129638 
697 141 12 15 0.100932755 
522 108 12 14 0.10084174 
183 46 9 11 0.10062912 
96 100 12 14 0.09927741 
373 153 13 16 0.099222586 
915 211 14 17 0.09905909 
622 117 12 16 0.09888583 
150 95 11 13 0.0987894 
712 130 13 16 0.09859047 
273 468 23 28 0.09858024 
734 196 14 17 0.098580174 
151 193 14 16 0.098482326 
722 125 14 16 0.098167524 
769 62 12 14 0.098062515 
534 61 10 12 0.097894095 
645 60 10 12 0.097632736 
224 53 11 13 0.097542666 
278 96 13 16 0.097515024 
260 94 11 13 0.097403206 
328 506 22 28 0.09707232 
915 105 16 18 0.09698853 
94 165 13 15 0.09637253 
139 150 13 15 0.096100055 
137 589 26 30 0.09609708 
371 108 13 15 0.09556397 
184 62 11 13 0.095284 
503 343 20 24 0.095216855 
75 222 14 16 0.09516713 
719 140 15 18 0.09515496 
913 39 17 20 0.09460981 
787 232 14 19 0.0945628 
441 5 9 12 0.09372617 
885 154 15 18 0.09369726 
723 179 14 18 0.09321325 
406 140 12 15 0.09312939 
872 395 28 33 0.09293664 
627 149 13 15 0.09284447 
144 63 9 10 0.09261754 
226 252 15 19 0.09255347 
222 141 14 15 0.09194923 
329 281 21 25 0.091432184 
950 68 10 12 0.09126632 
167 106 14 15 0.0912144 
324 67 14 16 0.091117 
27 180 12 15 0.09098678 
177 29 10 12 0.09066152 
17 71 11 15 0.09055557 
511 115 12 15 0.09045381 
325 35 11 14 0.09014023 
478 92 14 17 0.090117134 
59 113 12 15 0.09003218 
646 179 14 17 0.08996209 
441 13 10 12 0.08955492 
93 241 15 18 0.08951597 
351 71 12 14 0.089408696 
132 203 14 18 0.089020796 
722 132 14 16 0.08897438 
799 641 36 43 0.08896268 
260 327 21 26 0.08886499 
69 138 15 16 0.088703796 
790 431 27 31 0.08866158 
768 121 16 19 0.08860017 
923 271 16 20 0.08849743 
454 30 9 13 0.088461585 
440 92 14 17 0.08838595 
811 91 13 16 0.08823718 
583 132 13 15 0.08822659 
292 134 12 14 0.087996505 
641 19 10 13 0.08791195 
430 35 10 13 0.08762844 
374 165 12 14 0.08759394 
882 217 17 18 0.08741108 
703 61 11 13 0.08717557 
464 132 12 14 0.08668671 
102 61 9 11 0.08665706 
820 27 13 17 0.08661289 
92 157 13 16 0.08660223 
858 474 25 31 0.08634767 
702 179 15 17 0.086331785 
436 70 12 15 0.08630345 
413 166 14 15 0.086164065 
339 139 13 15 0.08591783 
822 100 13 18 0.08587037 
678 69 10 11 0.085705094 
126 203 13 16 0.08553923 
852 201 15 19 0.0855214 
739 49 13 15 0.08546227 
470 148 13 17 0.08543921 
139 319 16 19 0.08501227 
201 44 11 13 0.08434531 
341 125 12 15 0.084143765 
140 122 13 16 0.08400537 
95 94 12 13 0.08390067 
617 172 13 16 0.08378665 
294 148 14 15 0.0834246 
228 266 17 18 0.0834091 
231 99 12 13 0.08340832 
150 148 12 15 0.083312586 
746 85 13 16 0.08323387 
687 62 10 13 0.083121635 
856 117 14 16 0.08308602 
356 91 13 14 0.08306307 
531 169 14 17 0.08306302 
656 91 11 14 0.08297363 
79 203 13 16 0.0822796 
194 239 14 18 0.082179435 
254 52 10 13 0.08214257 
698 130 14 17 0.082006924 
628 189 14 16 0.08173764 
70 147 12 15 0.081630714 
862 35 11 14 0.08156372 
389 149 13 15 0.08136765 
844 77 13 16 0.08133171 
686 12 10 13 0.080977686 
375 30 13 15 0.080760516 
965 220 17 21 0.080671206 
387 242 15 17 0.08043612 
835 38 15 16 0.08035256 
277 189 13 16 0.08012953 
76 297 16 19 0.08007854 
756 159 16 19 0.080028094 
603 139 13 16 0.07999222 
231 233 14 17 0.079902515 
238 52 11 13 0.079853594 
645 94 12 13 0.079758324 
494 347 17 23 0.079754464 
930 211 18 19 0.07971228 
967 208 20 25 0.07961074 
402 518 23 28 0.079448074 
500 265 16 19 0.07934388 
234 110 12 14 0.07930811 
187 70 13 14 0.07923439 
692 177 12 15 0.078913234 
269 52 11 13 0.07889282 
478 138 15 16 0.07879587 
513 84 9 12 0.07864228 
445 67 10 13 0.07862633 
262 127 14 15 0.07857748 
261 421 16 20 0.078523226 
814 134 13 16 0.07833963 
762 137 15 17 0.07829949 
803 204 18 19 0.078230806 
359 211 14 17 0.07821379 
71 276 14 17 0.07815384 
558 124 13 15 0.07796573 
223 22 11 14 0.07791779 
555 475 18 22 0.077872306 
752 44 13 16 0.077831395 
642 170 15 17 0.07774599 
301 236 13 16 0.07763876 
365 227 14 17 0.0773905 
724 54 12 14 0.07681465 
575 99 12 15 0.07672797 
334 157 12 14 0.076329656 
398 77 12 14 0.076203145 
528 53 9 11 0.07618129 
817 163 15 16 0.07610063 
483 161 14 17 0.07588782 
86 253 13 17 0.0758831 
184 97 13 15 0.075808056 
102 30 8 11 0.07547905 
748 171 16 18 0.07532011 
372 102 12 14 0.07516169 
294 109 13 15 0.0751321 
680 432 20 22 0.075124204 
168 181 14 17 0.07501464 
189 138 14 15 0.0749936 
196 148 14 15 0.0749521 
911 59 13 16 0.07492471 
583 28 9 12 0.07491983 
301 260 14 17 0.074854724 
297 249 15 18 0.07481949 
404 147 12 15 0.07472634 
296 85 12 15 0.074645415 
779 85 13 15 0.0745701 
522 312 17 22 0.074454755 
437 240 15 19 0.07442592 
773 74 14 17 0.07440689 
107 242 15 18 0.07435612 
2 470 22 33 0.0740651 
642 157 14 16 0.07376793 
934 153 19 24 0.07372497 
334 124 12 14 0.073546804 
744 62 11 13 0.07340861 
585 147 14 17 0.07340742 
359 419 24 28 0.07321185 
564 125 12 14 0.073024124 
485 473 17 23 0.07300788 
798 33 13 17 0.07298915 
310 133 11 12 0.07292142 
211 313 16 21 0.0728818 
155 181 15 17 0.072749786 
694 248 17 21 0.07260998 
651 258 22 28 0.07260125 
654 148 12 15 0.07244385 
393 0 18 18 0.07206914 
294 140 13 14 0.071989104 
860 153 16 19 0.07190957 
68 203 14 16 0.0718196 
319 36 12 14 0.0717472 
10 180 12 15 0.07168615 
1000 227 22 29 0.07167269 
165 280 16 18 0.07159115 
559 131 12 14 0.07155844 
38 141 13 15 0.07141272 
263 24 9 11 0.07123824 
507 174 13 17 0.071178034 
408 15 11 13 0.07114438 
183 417 19 24 0.07108501 
106 275 14 18 0.071056016 
229 190 14 17 0.07102347 
311 13 10 13 0.07100032 
372 20 12 14 0.070890054 
356 138 12 15 0.070848435 
360 179 13 16 0.07069757 
76 389 16 20 0.0705837 
929 77 11 13 0.07048046 
287 157 13 15 0.07034263 
246 180 13 16 0.070146374 
236 238 14 18 0.06996778 
525 235 21 26 0.0698914 
907 272 15 19 0.06982922 
129 182 12 16 0.06923325 
155 84 12 13 0.069166906 
248 32 10 11 0.06916045 
605 98 12 14 0.06914389 
823 227 14 19 0.06909585 
532 129 13 15 0.069053695 
606 369 20 24 0.068953425 
549 197 16 18 0.068783626 
646 514 30 36 0.06820332 
193 287 17 20 0.06818533 
67 213 14 15 0.06810334 
726 114 12 15 0.067975566 
574 141 11 13 0.06793664 
667 100 11 14 0.06792105 
196 637 30 35 0.067914054 
88 93 9 12 0.06791104 
714 508 25 30 0.067826405 
557 213 16 19 0.06781704 
311 98 13 15 0.067664966 
930 250 20 24 0.067625724 
473 378 20 25 0.067572825 
595 265 16 21 0.06756042 
613 142 13 16 0.0675081 
989 243 16 22 0.06747311 
77 211 13 15 0.06729832 
14 272 15 18 0.06722512 
565 166 13 16 0.06717134 
1004 445 19 26 0.06714842 
342 92 12 15 0.06707533 
827 191 15 18 0.06698912 
829 147 15 19 0.066964604 
523 189 14 16 0.066877216 
72 227 13 16 0.06680654 
358 69 12 14 0.06679618 
583 37 10 13 0.066711195 
361 52 13 15 0.06669463 
233 298 20 22 0.06656572 
288 4 10 12 0.06655458 
690 45 9 12 0.06650944 
445 158 16 19 0.06641678 
320 127 12 16 0.06629928 
250 227 14 17 0.066296756 
446 131 13 15 0.06624835 
246 44 10 12 0.06623734 
200 39 9 12 0.06619532 
348 76 13 16 0.06616886 
342 149 12 15 0.066031344 
387 74 13 15 0.06595678 
624 131 13 15 0.06560919 
190 370 14 19 0.065546826 
501 246 18 20 0.06545571 
876 195 15 17 0.06545568 
542 72 9 11 0.06544077 
669 133 15 15 0.065371744 
127 193 14 17 0.06535341 
848 264 20 23 0.065123014 
357 150 12 14 0.06491739 
70 117 11 15 0.064862184 
727 23 10 14 0.06471912 
271 101 11 13 0.064692296 
902 89 13 16 0.064563036 
783 123 14 18 0.06428213 
54 104 10 12 0.064279266 
269 140 13 14 0.06415514 
212 61 10 13 0.06409558 
819 52 14 17 0.06394976 
358 124 13 16 0.06388482 
675 110 12 15 0.06388412 
979 172 22 26 0.06370936 
687 54 10 11 0.06360585 
672 69 9 12 0.06360287 
223 147 14 16 0.06354044 
851 123 16 20 0.06349214 
476 364 16 18 0.06333904 
383 86 11 14 0.063319 
680 99 11 14 0.06331436 
58 549 25 27 0.06325502 
372 210 15 18 0.06313699 
708 117 11 14 0.0629642 
151 141 12 15 0.062946334 
656 280 17 22 0.062895074 
968 111 13 17 0.06284187 
60 87 10 12 0.06282477 
605 149 12 15 0.062773876 
322 92 13 15 0.06271424 
702 111 12 14 0.06265376 
392 122 13 17 0.062614374 
132 316 15 19 0.06248753 
785 315 18 22 0.062484585 
906 225 17 19 0.062393077 
860 80 15 17 0.06221293 
920 467 26 34 0.062206738 
572 390 21 27 0.062194455 
136 62 9 11 0.06214791 
608 111 13 14 0.062105235 
195 139 14 16 0.062051687 
294 91 12 16 0.061793685 
858 495 23 31 0.061780944 
221 156 14 16 0.061602928 
53 156 12 14 0.06158245 
471 63 10 13 0.061566573 
720 53 10 12 0.06128871 
789 19 14 18 0.06127225 
261 219 16 20 0.06125651 
647 55 11 12 0.06125279 
611 122 12 15 0.06123713 
191 115 12 13 0.061180357 
62 180 12 14 0.061029125 
27 163 11 15 0.060869284 
242 169 14 17 0.060640827 
315 116 12 14 0.060624227 
125 46 9 11 0.06056253 
876 132 15 18 0.06052974 
11 284 14 19 0.060522072 
350 188 13 17 0.06035191 
910 102 13 16 0.0603487 
622 109 11 14 0.06026643 
562 280 16 19 0.060263596 
176 12 9 11 0.060242843 
708 265 16 20 0.060196187 
102 178 13 16 0.06015529 
114 183 14 18 0.06003997 
635 117 13 15 0.05981049 
731 36 13 15 0.05968371 
742 139 13 16 0.0595795 
28 187 12 15 0.05954531 
446 242 15 18 0.059541542 
374 141 13 16 0.059528567 
394 299 16 21 0.059295226 
771 231 19 22 0.059275087 
441 19 9 12 0.059260372 
597 116 11 14 0.059113953 
30 196 11 13 0.059052937 
798 164 15 20 0.059031475 
892 266 16 19 0.059000075 
781 189 16 20 0.058965612 
572 130 12 14 0.05886393 
876 273 17 21 0.05886311 
477 45 10 13 0.058862556 
346 18 14 16 0.05875671 
511 68 10 13 0.05868032 
732 60 12 14 0.05867585 
494 45 9 11 0.05858988 
229 55 11 13 0.05853891 
557 179 14 16 0.058069084 
628 86 12 14 0.058031864 
549 149 12 16 0.057997048 
694 63 11 13 0.057952102 
433 109 13 15 0.057922337 
139 263 16 19 0.05784523 
523 138 12 15 0.057823043 
127 39 8 10 0.057764992 
343 13 12 14 0.05774235 
134 76 11 13 0.057728343 
343 99 12 14 0.05769474 
920 393 25 32 0.05768173 
418 173 13 15 0.057653148 
738 217 16 21 0.057621635 
388 250 16 19 0.057601355 
470 213 13 16 0.057570692 
777 148 14 19 0.057513326 
259 183 13 15 0.057482466 
589 126 12 14 0.05746073 
229 156 13 16 0.057425514 
294 42 12 14 0.05737326 
560 29 9 12 0.057235766 
201 52 10 14 0.057234865 
317 137 13 15 0.057220872 
411 311 17 21 0.057188164 
855 507 25 32 0.057124823 
342 34 13 15 0.057036918 
436 125 12 16 0.05701953 
997 126 14 18 0.057001173 
360 58 13 16 0.056978066 
203 158 15 16 0.056922905 
325 55 12 13 0.056888368 
773 141 13 17 0.056884393 
672 12 11 13 0.056836214 
458 251 16 20 0.056732345 
380 165 13 14 0.05671614 
853 461 25 32 0.056589924 
581 13 10 13 0.0565691 
883 40 15 17 0.056560803 
862 146 15 18 0.056519434 
723 171 13 16 0.0561878 
286 119 12 13 0.056127474 
152 544 16 23 0.05611955 
750 155 15 18 0.056115746 
45 180 12 15 0.056056645 
572 48 10 12 0.05605361 
363 264 16 21 0.05604611 
846 241 14 18 0.055939388 
92 250 14 18 0.055709153 
418 184 15 18 0.055694077 
774 50 13 15 0.055677976 
583 67 13 15 0.055626318 
221 396 16 20 0.055581883 
495 361 21 26 0.05556757 
258 251 14 16 0.0555473 
549 189 15 17 0.055533823 
495 12 9 13 0.055513445 
862 69 15 18 0.055511538 
898 226 16 17 0.055480845 
292 99 13 15 0.0551983 
46 62 10 11 0.05518351 
846 28 13 16 0.055135548 
851 281 15 21 0.05507394 
749 189 14 17 0.055061776 
470 76 10 14 0.054993723 
308 125 12 13 0.054991383 
405 85 12 15 0.05498889 
145 204 15 18 0.05476151 
471 38 9 11 0.054679323 
75 306 16 20 0.054671697 
501 87 11 13 0.05466586 
789 73 13 16 0.054651383 
315 379 20 24 0.054648634 
73 315 17 18 0.054494675 
148 230 14 17 0.054447807 
332 102 14 16 0.054322544 
815 26 12 15 0.05428036 
92 460 22 28 0.05419113 
343 6 11 13 0.05415603 
619 220 14 19 0.054066572 
210 191 15 18 0.054065835 
452 4 11 12 0.053991146 
654 287 23 28 0.053979527 
117 259 15 20 0.05389438 
182 53 11 11 0.053861868 
882 128 16 20 0.0538461 
155 298 17 20 0.05365213 
99 361 16 20 0.053615436 
307 258 14 17 0.05359082 
617 274 19 21 0.053556435 
85 305 14 18 0.053416505 
85 212 15 16 0.05339 
119 22 8 11 0.05338051 
412 68 12 14 0.05326617 
222 134 12 14 0.053265158 
418 225 16 20 0.053246126 
831 57 15 17 0.053175934 
286 214 15 18 0.05310635 
557 163 15 16 0.05307151 
125 53 10 12 0.05305477 
262 45 9 12 0.053035725 
264 38 9 11 0.053035587 
725 233 15 19 0.052978676 
424 117 13 16 0.05296679 
1001 187 16 18 0.052732836 
136 19 10 13 0.052602556 
571 491 20 22 0.052477654 
256 624 28 35 0.05241109 
447 80 11 14 0.052344937 
468 430 23 31 0.052250665 
660 171 14 16 0.052195296 
659 181 14 17 0.05209817 
121 78 10 12 0.052094188 
205 54 11 13 0.052083686 
911 282 20 25 0.052011438 
429 223 16 19 0.05193871 
419 164 13 16 0.051904216 
935 90 13 16 0.05152049 
714 258 16 21 0.05151804 
708 140 13 16 0.05146356 
764 11 15 18 0.05143605 
472 101 12 15 0.05135285 
706 147 14 16 0.051226445 
779 92 15 18 0.05118838 
311 141 12 13 0.05104593 
164 28 10 13 0.050985817 
256 5 9 12 0.050935194 
515 223 15 20 0.050906736 
598 12 10 12 0.050898876 
482 181 13 15 0.05079555 
617 20 10 13 0.050725427 
643 278 17 21 0.050597906 
841 275 20 25 0.05058129 
250 391 18 22 0.050573092 
903 99 13 16 0.050561715 
534 56 9 11 0.05055503 
885 269 14 16 0.050511703 
579 268 16 22 0.05050399 
564 30 10 12 0.05036529 
371 171 13 15 0.050318535 
276 142 13 14 0.050203383 
148 218 14 18 0.05004021 
852 156 13 17 0.050012007 
744 228 17 21 0.04998825 
697 262 18 23 0.04995056 
773 18 14 15 0.04993705 
165 301 16 19 0.049909662 
293 3 12 14 0.049872365 
513 318 20 24 0.04985513 
574 19 10 13 0.049746506 
625 27 10 12 0.04972685 
916 84 12 14 0.049650706 
382 54 11 14 0.049607772 
198 377 15 19 0.049549475 
138 70 10 12 0.049399998 
54 80 9 11 0.049352106 
889 394 29 31 0.049265668 
860 213 16 19 0.049229734 
707 237 16 20 0.04917675 
277 3 11 12 0.04911264 
55 31 11 14 0.049104027 
735 51 12 14 0.049083553 
660 149 14 16 0.049064003 
243 134 13 15 0.048846833 
583 235 15 19 0.048757363 
810 213 16 19 0.048747193 
315 149 13 15 0.04873664 
485 482 25 32 0.04858398 
517 172 13 15 0.048501875 
672 19 9 13 0.048478164 
478 163 14 17 0.0482608 
29 330 13 17 0.04824204 
813 43 14 17 0.048228618 
113 13 9 11 0.048215028 
284 147 13 16 0.04819969 
972 304 18 22 0.048140462 
693 188 14 17 0.048132483 
853 313 22 29 0.048054338 
542 85 10 11 0.047979783 
162 226 15 18 0.047916863 
313 59 13 15 0.047872543 
241 146 14 15 0.04786712 
260 169 11 15 0.047798503 
397 99 14 16 0.047759958 
557 4 11 13 0.047748726 
372 62 12 15 0.047732685 
185 161 15 17 0.047679767 
308 363 20 22 0.047576226 
811 186 14 16 0.047571946 
325 410 16 21 0.04754078 
732 9 12 15 0.047513615 
405 97 13 17 0.047507256 
513 335 17 22 0.04749645 
978 96 15 18 0.047474023 
133 91 11 13 0.04740896 
121 44 9 12 0.04733791 
144 307 16 21 0.047296744 
404 157 13 15 0.047294583 
519 94 11 12 0.047233295 
258 539 19 23 0.04714826 
503 52 9 11 0.04711693 
596 535 24 30 0.047100976 
482 189 14 16 0.047063675 
357 185 14 17 0.04703712 
426 334 15 18 0.0470179 
77 175 12 14 0.047004722 
280 13 9 12 0.046990827 
539 196 16 18 0.04697306 
867 269 21 23 0.04692155 
928 456 27 32 0.04689741 
512 79 9 12 0.04688268 
756 51 13 16 0.046882246 
895 292 20 27 0.046833508 
414 156 14 16 0.046764478 
654 212 15 20 0.046705347 
137 330 16 19 0.0466981 
908 82 12 15 0.04668482 
913 269 22 27 0.046610463 
780 115 13 18 0.046539 
119 39 10 12 0.046419922 
483 126 12 14 0.046410758 
525 116 12 15 0.04640869 
497 88 10 13 0.046392772 
819 18 13 18 0.046340473 
78 106 11 14 0.046251774 
229 388 15 19 0.046193812 
477 173 14 17 0.046111275 
272 46 9 13 0.04606752 
85 110 11 13 0.046040583 
15 456 27 32 0.0460383 
166 146 13 16 0.046024416 
476 155 16 18 0.045979857 
749 74 13 16 0.045967694 
688 197 14 17 0.045963164 
589 212 15 19 0.045943625 
890 208 16 18 0.04592033 
452 13 9 12 0.04591809 
723 221 14 17 0.04584843 
535 192 15 17 0.045832165 
223 2 12 13 0.04571435 
287 248 15 19 0.04568728 
313 353 18 21 0.045662954 
448 31 9 12 0.045661375 
956 122 13 15 0.045651432 
265 76 13 16 0.045624133 
590 85 10 13 0.045618903 
221 180 13 15 0.045601837 
349 395 24 29 0.045525882 
528 68 10 13 0.045523517 
733 165 13 17 0.045505594 
745 249 23 29 0.04547294 
203 252 14 18 0.045467287 
605 275 15 20 0.04544963 
76 119 12 14 0.045411352 
953 131 14 17 0.045408472 
372 72 13 16 0.045386758 
654 172 13 16 0.045348518 
445 36 10 12 0.045313083 
852 27 14 17 0.04527819 
311 253 14 17 0.045264784 
991 434 26 33 0.045187585 
188 148 14 17 0.04514896 
301 99 12 15 0.04506061 
1005 283 16 21 0.04496373 
802 124 14 17 0.044898637 
240 5 11 13 0.044895764 
332 34 13 15 0.044841222 
981 128 14 18 0.044799823 
901 192 18 21 0.044645593 
568 101 11 13 0.044559963 
193 12 10 12 0.04454951 
173 94 11 14 0.0445433 
607 5 13 15 0.04449019 
639 68 12 15 0.04443856 
652 21 12 12 0.044168755 
966 169 14 18 0.04414755 
875 88 15 17 0.04413654 
592 47 10 11 0.04406888 
838 125 14 17 0.04405617 
586 263 16 21 0.044044927 
468 164 13 16 0.04395679 
127 62 9 11 0.043941144 
220 388 15 20 0.043913946 
955 291 24 31 0.043834236 
669 174 15 16 0.04381403 
62 92 10 12 0.04376394 
899 160 15 18 0.043742113 
262 157 12 14 0.04372193 
265 272 16 20 0.04368767 
734 125 13 14 0.043646377 
664 115 13 17 0.043626335 
870 431 26 33 0.043572847 
237 60 11 13 0.043549985 
111 161 14 17 0.0434996 
332 403 21 26 0.043445095 
127 323 14 18 0.043439027 
135 130 12 15 0.043308944 
489 43 10 12 0.043302365 
181 224 19 22 0.04329075 
509 3 11 12 0.043290593 
274 116 12 15 0.043287203 
460 376 20 25 0.043266542 
412 140 12 15 0.043232862 
136 54 9 11 0.043142937 
372 2 19 23 0.043114003 
670 354 22 26 0.04311019 
564 111 12 14 0.043107715 
708 60 11 13 0.04305859 
343 50 13 14 0.042920046 
916 113 15 18 0.042919792 
586 171 12 16 0.042786386 
468 137 14 17 0.04265305 
588 227 15 17 0.04264331 
901 324 16 19 0.042619545 
599 148 12 16 0.042600404 
727 204 15 19 0.042565763 
183 86 12 14 0.042565044 
507 535 22 29 0.042522106 
445 384 17 21 0.042461295 
355 106 12 15 0.042458136 
664 13 9 12 0.04245075 
114 138 14 16 0.042426992 
74 81 8 10 0.04242676 
348 467 23 28 0.042356573 
214 55 10 13 0.042341575 
957 67 12 15 0.04233681 
265 261 16 19 0.042315617 
877 65 14 18 0.042262748 
941 84 12 15 0.042199142 
636 4 12 13 0.042165153 
267 282 15 19 0.042094335 
231 46 11 12 0.042019602 
278 133 13 14 0.04199663 
534 86 11 13 0.041972954 
398 141 13 15 0.041948467 
414 147 13 16 0.041939855 
316 391 17 22 0.04193014 
899 69 14 17 0.04185303 
419 242 14 18 0.041739583 
33 458 23 30 0.041652728 
239 79 12 13 0.041642204 
607 215 20 23 0.041611202 
768 85 14 17 0.041579526 
664 108 11 14 0.04152005 
212 248 15 21 0.04151588 
545 13 9 11 0.041504685 
350 165 13 15 0.04148409 
804 167 18 20 0.04138034 
266 323 23 25 0.04135127 
179 186 14 17 0.041350495 
519 155 13 16 0.041335087 
819 203 15 17 0.041290596 
635 245 16 20 0.041220367 
266 121 14 16 0.041142557 
228 394 18 24 0.041132763 
271 178 13 15 0.04104213 
324 385 15 20 0.04098949 
663 432 18 23 0.040870782 
198 299 15 18 0.040850002 
528 14 9 11 0.040837787 
950 124 14 16 0.040802326 
869 455 26 32 0.040756814 
736 227 16 20 0.04074563 
4 384 14 20 0.040742904 
627 164 12 15 0.040688355 
142 4 12 13 0.04064784 
198 155 14 16 0.040534582 
821 82 13 15 0.04051823 
179 250 15 18 0.04043504 
747 112 14 16 0.040425383 
743 10 12 15 0.040397238 
247 53 10 12 0.04035565 
720 5 12 14 0.040330745 
516 179 15 17 0.0403282 
820 10 15 19 0.04028946 
244 78 11 13 0.040289443 
533 433 24 28 0.04020735 
794 272 17 22 0.040078238 
149 410 17 20 0.040074624 
43 6 12 13 0.040049855 
988 127 15 18 0.040041354 
461 90 12 14 0.0399842 
249 233 16 21 0.039967492 
179 315 19 23 0.039925832 
805 149 16 19 0.03991558 
403 214 17 19 0.039864685 
300 4 13 14 0.039858833 
534 14 9 12 0.039819248 
53 127 15 18 0.039801735 
646 127 13 14 0.039763406 
252 330 21 27 0.03975685 
669 156 13 15 0.039735507 
121 84 11 13 0.039690133 
566 90 13 15 0.039668303 
384 232 16 18 0.03965332 
575 156 12 15 0.039645065 
255 14 9 12 0.039634883 
367 28 12 15 0.039606776 
292 254 16 20 0.039577954 
443 47 11 14 0.039538074 
369 397 20 23 0.039505657 
622 15 10 12 0.03949914 
362 236 17 20 0.03946648 
672 439 29 37 0.03945308 
403 1 14 15 0.03941177 
718 45 11 15 0.039397888 
583 86 10 13 0.039372664 
654 367 24 28 0.03935788 
266 69 12 15 0.039341584 
704 252 20 25 0.039328203 
493 133 12 14 0.039287575 
725 163 14 17 0.039241984 
949 150 20 25 0.039239783 
556 237 16 19 0.03923256 
229 244 15 18 0.039195456 
351 140 12 15 0.039186765 
502 3 11 13 0.039178308 
87 517 24 32 0.039152157 
350 148 11 15 0.039077554 
276 550 17 22 0.039049618 
12 50 11 14 0.03904884 
302 363 15 20 0.03903736 
499 201 14 18 0.03899743 
166 261 15 17 0.038972598 
568 21 9 12 0.038893245 
223 47 10 13 0.038838025 
102 86 10 12 0.038817137 
59 125 13 16 0.038768295 
950 163 16 19 0.038759187 
426 154 13 15 0.0387576 
222 349 21 25 0.03875729 
355 290 15 19 0.038724594 
205 94 12 14 0.038698442 
756 60 12 14 0.038693093 
830 29 13 15 0.038682003 
191 274 18 20 0.038658906 
820 370 22 27 0.038597953 
283 276 14 16 0.038571473 
452 367 15 20 0.038509972 
464 53 10 12 0.038462766 
71 107 10 13 0.038454276 
157 203 13 17 0.03837495 
948 511 30 35 0.03836434 
144 94 11 13 0.03835892 
97 221 15 17 0.03834726 
322 209 15 17 0.03827164 
69 181 13 14 0.03824412 
367 100 11 16 0.03824358 
270 24 9 11 0.038223073 
115 243 14 18 0.038191166 
392 12 12 14 0.038180284 
261 61 13 14 0.038161274 
782 18 13 16 0.038134526 
405 78 12 14 0.038127206 
690 268 18 22 0.03810891 
808 234 21 24 0.03806288 
176 46 10 12 0.03804632 
661 35 12 15 0.038040433 
712 175 19 23 0.038021177 
877 152 15 19 0.03798871 
271 3 11 13 0.037937164 
986 279 17 22 0.03786857 
101 259 13 18 0.037839685 
18 245 13 16 0.037813712 
595 224 15 18 0.037738517 
369 11 11 15 0.037675496 
310 6 11 13 0.037665997 
485 313 15 19 0.03762526 
311 429 20 26 0.037606806 
559 22 9 11 0.037555408 
71 155 13 14 0.037536047 
732 435 25 30 0.03752185 
526 41 10 11 0.03751673 
631 60 10 13 0.037512053 
469 14 11 13 0.037500843 
701 11 10 13 0.037498876 
508 265 16 19 0.03745274 
85 160 14 16 0.03744212 
323 162 13 16 0.03742916 
116 536 28 32 0.03736614 
689 38 10 14 0.037317704 
97 30 8 10 0.037298847 
102 148 11 15 0.03722648 
787 279 17 22 0.03722097 
445 18 11 13 0.037173852 
180 289 17 19 0.0371067 
142 0 11 11 0.037088107 
245 68 11 14 0.037038535 
148 291 15 18 0.037035603 
839 43 16 20 0.03701874 
143 378 18 22 0.036998175 
708 54 10 13 0.03699797 
279 123 13 15 0.03694571 
269 37 9 11 0.03693875 
493 6 11 12 0.03692058 
949 219 13 16 0.03691239 
193 341 16 20 0.03683548 
796 116 14 17 0.036828756 
464 4 10 12 0.03682225 
344 84 12 16 0.03676018 
86 88 10 12 0.036751494 
228 206 16 19 0.036737427 
580 5 13 14 0.036714062 
106 236 14 16 0.036704216 
466 421 20 23 0.036676597 
518 4 10 12 0.03666187 
560 1 10 10 0.03649175 
93 148 12 15 0.036478378 
785 242 18 22 0.036412273 
782 61 13 15 0.03640262 
889 248 16 20 0.036394093 
101 156 12 15 0.03637419 
577 38 9 11 0.036331676 
465 12 10 13 0.03632742 
521 164 12 15 0.036317244 
764 260 22 27 0.036003526 
801 302 23 26 0.035959437 
574 58 11 14 0.035956394 
89 291 16 17 0.03592305 
41 541 17 22 0.03592047 
393 279 18 24 0.035848908 
159 212 13 17 0.035843786 
463 31 10 12 0.035839807 
413 132 12 15 0.03582114 
900 117 14 18 0.035801984 
934 352 27 31 0.035794392 
805 270 20 24 0.035679657 
598 205 14 16 0.035647836 
69 432 21 26 0.035642646 
184 109 13 14 0.035641 
495 241 15 19 0.035597265 
813 12 14 17 0.035589214 
805 132 13 17 0.03553951 
375 189 13 16 0.035497822 
126 90 11 13 0.035457354 
806 99 13 17 0.03545483 
651 298 19 21 0.03544529 
439 60 11 14 0.035438333 
897 50 23 27 0.035378117 
14 94 10 13 0.035351705 
513 64 10 11 0.035346095 
890 238 19 22 0.035322588 
447 171 13 16 0.035320215 
126 262 16 20 0.03531369 
311 222 13 17 0.035294525 
531 262 17 21 0.03526768 
750 37 14 16 0.03524306 
874 76 15 17 0.0352359 
570 78 12 14 0.035229914 
880 172 14 19 0.0352299 
243 94 12 14 0.03520775 
454 229 15 19 0.035198655 
436 114 12 16 0.03519739 
588 156 13 16 0.035168074 
628 46 11 13 0.035157703 
143 162 13 17 0.03513581 
807 139 14 17 0.035125487 
772 339 21 28 0.035125013 
49 84 10 13 0.035113417 
714 241 15 19 0.035054445 
113 72 9 11 0.035037734 
565 1 10 10 0.035023406 
496 21 10 12 0.034990016 
487 5 9 12 0.034948602 
202 73 20 23 0.034912203 
423 129 14 16 0.034909986 
977 231 17 22 0.034894712 
209 288 20 22 0.034889597 
525 91 12 13 0.034865994 
940 253 17 20 0.034742612 
49 277 16 18 0.03473572 
325 399 21 26 0.034721475 
597 210 19 21 0.034716893 
843 314 20 25 0.034695588 
68 63 10 13 0.03467718 
655 201 13 16 0.03467536 
298 36 12 15 0.034660984 
962 175 20 23 0.034660805 
552 70 10 12 0.03463318 
430 206 14 18 0.03463213 
391 255 19 23 0.034593318 
621 209 15 19 0.034587026 
915 64 13 16 0.03457976 
134 218 15 16 0.034577884 
138 612 30 35 0.034577094 
294 229 12 15 0.0345524 
683 79 12 14 0.03453748 
909 155 14 17 0.034497052 
248 193 13 17 0.03448691 
97 451 19 24 0.034339108 
87 29 8 10 0.034336973 
769 28 12 15 0.034316253 
61 225 13 17 0.034281783 
285 140 13 14 0.034266893 
146 577 26 32 0.03423424 
84 335 16 19 0.034233343 
942 77 11 14 0.034204505 
462 61 12 13 0.03417141 
73 485 22 27 0.034142297 
437 187 14 17 0.03410874 
61 203 14 17 0.03407723 
481 633 33 37 0.03407062 
63 147 11 13 0.03406943 
285 226 14 17 0.034050092 
421 304 19 23 0.03399224 
285 189 13 16 0.033923145 
959 386 18 21 0.03391419 
139 338 17 19 0.03390906 
149 133 12 15 0.03389578 
334 395 17 22 0.033886377 
191 172 14 17 0.03385885 
127 20 9 12 0.0338482 
197 84 11 13 0.033845153 
154 326 17 22 0.033826206 
121 62 10 11 0.033804625 
548 140 13 16 0.033800375 
723 66 14 17 0.033791203 
858 162 15 18 0.033727102 
306 304 16 20 0.03372414 
589 38 10 12 0.033692725 
613 1 11 11 0.03368174 
142 14 12 13 0.033678405 
915 482 25 31 0.03367656 
502 124 12 16 0.033652347 
400 69 12 14 0.033627152 
171 376 17 20 0.033607915 
221 187 14 17 0.03360689 
155 70 12 14 0.033596165 
156 149 13 15 0.033595566 
330 341 20 24 0.033580586 
525 649 16 21 0.033580348 
713 313 19 23 0.03354058 
468 171 14 18 0.033522807 
750 141 14 17 0.033490296 
122 411 20 25 0.033474855 
947 275 18 19 0.033473007 
483 172 14 16 0.033471942 
7 254 15 20 0.03346831 
891 6 20 23 0.03342751 
252 121 12 15 0.03342466 
603 231 21 24 0.03341217 
45 239 15 19 0.033400178 
636 223 22 26 0.03339969 
882 52 14 19 0.03339194 
552 203 16 18 0.033386234 
567 59 10 12 0.033357352 
797 247 20 25 0.033337224 
293 116 12 14 0.033313997 
828 9 15 19 0.03328043 
55 325 18 23 0.03320549 
845 190 13 17 0.03319214 
199 69 11 13 0.033170354 
945 69 10 12 0.033160225 
119 585 27 35 0.03315 
465 37 9 11 0.033129632 
154 265 19 23 0.03310817 
175 37 11 12 0.033107948 
758 18 13 16 0.033107687 
922 280 18 22 0.033076607 
473 641 29 35 0.03305583 
389 141 13 16 0.033044007 
673 216 18 23 0.033032365 
528 62 10 12 0.033028975 
88 245 13 17 0.03302326 
616 93 11 15 0.032994848 
694 51 10 13 0.032989994 
797 329 23 27 0.032910265 
582 366 22 27 0.032898825 
262 12 10 12 0.03288475 
78 29 9 11 0.032882154 
524 180 14 17 0.032875158 
98 168 19 23 0.0328604 
430 186 14 17 0.032850876 
349 117 13 16 0.03285066 
952 247 17 20 0.03273988 
873 310 17 24 0.032730512 
241 157 15 16 0.03268489 
79 190 13 16 0.032678053 
365 149 13 15 0.032676082 
238 176 13 17 0.032666378 
920 162 14 18 0.0326643 
533 75 11 13 0.03262807 
543 101 10 13 0.032567218 
885 77 13 17 0.03254382 
790 35 12 16 0.032530025 
95 63 10 12 0.032514542 
818 211 15 17 0.032504987 
803 41 15 18 0.032504983 
674 62 10 12 0.03247587 
150 537 14 20 0.032464627 
932 140 14 18 0.032444943 
572 372 19 24 0.032438975 
27 278 15 19 0.03241185 
453 110 13 17 0.032348406 
982 240 15 20 0.032340884 
551 117 11 14 0.032339867 
267 60 12 14 0.032327484 
719 22 11 14 0.03232464 
219 245 14 18 0.0323243 
441 292 14 16 0.032319143 
693 28 12 14 0.03231492 
296 204 16 19 0.032300908 
221 362 17 20 0.032290816 
324 42 12 15 0.03228088 
280 205 12 15 0.032273978 
694 21 11 13 0.032273203 
418 98 13 16 0.032229625 
719 10 11 14 0.03221647 
549 77 10 12 0.03221146 
127 150 13 16 0.032200165 
442 231 18 21 0.03218069 
429 4 12 14 0.032085534 
176 53 10 12 0.032038644 
141 353 14 19 0.032036923 
665 142 12 14 0.03198976 
782 258 20 25 0.031989228 
257 209 14 16 0.031964455 
327 414 23 27 0.031907998 
342 247 16 19 0.031880733 
219 172 14 17 0.031814516 
53 150 12 14 0.03180711 
484 239 16 20 0.031800102 
912 146 13 17 0.03177309 
205 28 10 12 0.031765975 
391 44 11 15 0.031762745 
21 118 13 15 0.031757426 
498 141 13 15 0.031733464 
465 235 14 17 0.03171517 
453 89 13 16 0.031710822 
254 60 11 12 0.03169507 
556 284 20 24 0.031648602 
470 92 13 16 0.03162198 
665 70 9 13 0.031522285 
183 36 11 12 0.031504408 
44 426 22 30 0.031502236 
117 250 14 18 0.031500906 
737 290 21 26 0.03146437 
502 22 9 11 0.03145203 
18 328 16 20 0.031451657 
789 115 15 18 0.031421095 
710 79 12 14 0.03139877 
174 319 15 19 0.03139203 
382 350 18 22 0.031352356 
123 348 18 21 0.031327706 
107 260 16 19 0.031270653 
540 313 15 20 0.03126197 
382 379 20 25 0.031227212 
445 286 13 15 0.03112312 
530 229 14 17 0.031090783 
311 175 13 17 0.031089028 
28 398 13 17 0.03106897 
220 214 13 17 0.031001547 
437 139 13 17 0.030998461 
511 204 14 18 0.030987157 
254 220 14 16 0.030978078 
175 227 14 18 0.03094981 
303 11 11 14 0.030919448 
261 5 11 13 0.030884555 
229 36 11 14 0.030840617 
38 278 15 18 0.030782197 
811 153 16 18 0.030779134 
13 173 12 15 0.030762065 
261 316 14 20 0.030760624 
497 69 10 13 0.030754928 
491 373 22 26 0.030714378 
629 24 10 11 0.030693473 
390 163 13 16 0.030682938 
853 228 20 23 0.030676614 
621 184 15 19 0.030668847 
861 133 13 16 0.030604895 
190 431 19 26 0.030598622 
466 243 14 17 0.030532083 
923 106 13 15 0.03052128 
796 362 23 29 0.030495549 
101 77 10 12 0.030493466 
927 50 13 17 0.030484375 
280 212 12 16 0.030483894 
533 216 15 18 0.03047445 
42 199 14 16 0.030461174 
589 205 13 16 0.030460794 
299 29 12 15 0.030432105 
463 46 9 11 0.030412303 
411 61 11 14 0.030375347 
673 84 10 13 0.030374588 
125 337 17 20 0.030306455 
309 460 23 28 0.030305782 
607 19 10 12 0.030303212 
921 41 16 20 0.030278828 
588 196 13 17 0.030266378 
414 252 15 18 0.030263629 
117 284 16 18 0.030261038 
549 350 23 28 0.030247007 
299 45 12 14 0.030222049 
469 252 13 17 0.03019074 
186 77 12 14 0.030172933 
799 187 13 18 0.030171541 
479 1 10 10 0.030152548 
502 464 26 32 0.030141717 
35 365 19 24 0.030105753 
979 203 14 18 0.030105364 
441 37 9 11 0.030068362 
94 180 13 16 0.030065041 
879 124 14 18 0.030063162 
562 548 17 22 0.030047905 
223 16 11 12 0.030047031 
440 149 13 16 0.029998383 
475 146 17 18 0.02995984 
213 127 12 13 0.029927794 
468 4 11 12 0.029925412 
402 109 13 17 0.029902168 
311 197 13 17 0.02989957 
497 611 29 33 0.029868538 
655 247 17 20 0.029845878 
406 433 18 21 0.029741181 
186 212 16 18 0.02965541 
535 139 12 15 0.029645275 
173 294 15 17 0.029638141 
477 257 13 18 0.029570641 
505 118 11 15 0.029540315 
772 172 15 17 0.029522598 
781 105 14 17 0.02952113 
94 308 18 21 0.029475275 
153 29 10 13 0.029301425 
583 56 10 12 0.029274613 
564 341 21 27 0.029265197 
662 6 11 12 0.029251179 
475 268 16 20 0.029236834 
891 102 15 18 0.029223807 
61 32 9 12 0.029204696 
875 299 22 27 0.0291976 
85 116 11 14 0.029195001 
861 41 13 17 0.029173424 
751 559 29 34 0.029172702 
997 376 20 23 0.029127944 
6 275 13 17 0.029040335 
897 149 15 17 0.02901212 
917 155 14 18 0.02899494 
564 397 23 26 0.028994424 
599 287 20 24 0.028967444 
587 271 17 22 0.028936453 
723 94 12 14 0.028914148 
1013 130 12 19 0.028909879 
387 564 15 21 0.028868608 
269 188 13 15 0.028858114 
587 186 14 17 0.028835779 
766 54 12 15 0.028805362 
293 265 16 18 0.028759496 
33 204 11 14 0.028750924 
811 422 26 32 0.028745292 
933 202 19 22 0.02873874 
9 410 17 23 0.028720962 
610 460 24 29 0.028707718 
146 118 13 15 0.028701242 
197 94 11 13 0.02868637 
168 192 14 18 0.028652232 
166 46 11 13 0.028643839 
367 36 12 15 0.028636822 
837 29 14 16 0.028592527 
438 163 14 17 0.028563835 
286 424 22 26 0.028558172 
636 178 15 17 0.02855312 
552 20 9 11 0.028479856 
609 255 21 25 0.028468577 
724 42 13 16 0.028466983 
256 399 17 21 0.028442878 
577 482 17 21 0.028438197 
875 228 15 19 0.028433245 
598 100 11 14 0.02842925 
810 67 14 16 0.028403513 
140 55 12 12 0.028393537 
818 384 18 23 0.028364923 
630 11 11 12 0.02834874 
277 584 23 27 0.02834611 
638 83 12 13 0.028335623 
930 272 16 20 0.028328823 
896 72 20 25 0.028300395 
552 105 12 15 0.028299175 
87 377 18 23 0.02829448 
774 238 21 24 0.028280156 
116 573 25 31 0.028273668 
479 39 8 11 0.02826742 
102 266 14 18 0.028260373 
33 226 15 18 0.028237496 
590 29 9 12 0.02823708 
578 214 16 20 0.02815161 
493 124 12 14 0.02813804 
379 309 19 23 0.028132817 
471 1 10 10 0.028063236 
750 28 12 14 0.02799567 
181 117 12 14 0.027988702 
116 210 15 17 0.027983604 
820 220 15 18 0.027979553 
94 47 9 12 0.027974514 
508 159 12 14 0.027924336 
569 515 27 31 0.02790289 
91 284 15 17 0.027869197 
740 476 27 34 0.0278561 
641 56 10 12 0.027850207 
277 252 13 17 0.02784206 
420 77 12 15 0.027825449 
812 59 15 17 0.02781301 
315 107 12 15 0.027809445 
638 44 10 12 0.027798252 
299 593 25 33 0.02777853 
1004 77 12 15 0.02777057 
203 145 15 17 0.027746134 
196 77 12 15 0.027724238 
274 108 12 15 0.027714714 
265 477 23 29 0.027707417 
489 12 9 12 0.027690325 
357 0 12 12 0.027689176 
844 57 14 18 0.0276834 
442 106 15 17 0.02767558 
264 109 13 15 0.027656194 
477 465 17 23 0.027647 
478 64 10 13 0.027636308 
836 16 16 20 0.027619576 
318 87 13 15 0.027614748 
914 49 15 17 0.027594123 
112 93 9 11 0.027562818 
536 31 8 10 0.027562281 
55 163 11 13 0.027482156 
364 547 25 32 0.027452443 
722 29 19 23 0.027415464 
877 187 14 18 0.02741345 
739 38 14 15 0.027388431 
180 13 11 13 0.027387386 
457 184 14 19 0.027387349 
639 146 13 16 0.02733868 
825 346 19 24 0.027265588 
494 276 17 19 0.027263576 
852 249 15 18 0.027263176 
47 57 10 11 0.027252333 
98 193 13 17 0.027252294 
321 363 16 20 0.027246041 
878 314 23 28 0.027230065 
138 69 19 22 0.02721147 
54 261 20 26 0.027199727 
694 36 20 24 0.027198343 
276 220 13 18 0.027194368 
574 148 13 15 0.027173152 
153 611 18 22 0.02717229 
730 153 14 18 0.027152713 
286 24 10 12 0.027149517 
38 181 11 14 0.027146252 
691 86 11 14 0.027079668 
502 211 16 21 0.027064495 
622 70 11 13 0.027039396 
732 132 13 15 0.027022839 
391 131 13 14 0.027017597 
567 499 17 21 0.027013538 
377 289 16 21 0.02698924 
864 179 16 19 0.026988158 
506 365 20 25 0.026973827 
140 196 14 18 0.02692357 
38 165 12 14 0.026899446 
300 375 17 21 0.026875928 
144 320 21 25 0.026874548 
965 263 16 21 0.026823549 
359 38 10 14 0.026796019 
11 394 13 17 0.0267909 
423 36 11 13 0.026788203 
470 202 15 17 0.026780995 
483 497 25 29 0.026766611 
156 92 12 14 0.026762312 
590 21 10 11 0.026752012 
131 345 16 20 0.026729597 
999 75 12 15 0.02671181 
785 43 14 17 0.026695032 
435 221 18 23 0.026693285 
128 70 9 11 0.0266895 
797 289 16 21 0.026679019 
915 181 16 20 0.026662845 
625 272 16 20 0.026649848 
426 397 17 20 0.026640566 
277 286 16 19 0.026637407 
38 288 16 19 0.02662169 
178 124 12 16 0.026613137 
820 278 21 26 0.026600935 
978 182 16 20 0.026587507 
749 449 26 32 0.026552634 
424 70 11 14 0.026534496 
79 93 10 12 0.026529644 
372 197 14 18 0.026526824 
594 283 17 21 0.026515296 
286 53 11 13 0.026509142 
544 250 20 24 0.02647971 
577 144 19 23 0.026479421 
302 22 10 12 0.026463263 
280 22 9 12 0.0264621 
379 24 13 14 0.02644181 
256 22 9 12 0.02643425 
470 52 11 12 0.026403375 
543 295 20 24 0.026396155 
421 3 13 14 0.026351813 
733 68 12 14 0.026349748 
804 106 14 19 0.0263425 
356 556 24 31 0.026334208 
217 36 10 13 0.026279548 
157 3 12 14 0.026277186 
364 92 12 15 0.026231814 
805 11 15 17 0.026210645 
393 386 18 24 0.026184516 
673 196 15 18 0.026165176 
979 428 27 34 0.026155086 
576 30 9 12 0.026143076 
545 6 9 11 0.026130803 
666 454 26 33 0.026105346 
914 226 16 19 0.026065817 
379 214 17 20 0.026065493 
98 376 17 21 0.026042601 
272 93 10 13 0.026017148 
95 53 10 10 0.026016243 
284 256 16 21 0.025998332 
3 402 14 19 0.02599226 
100 70 11 12 0.025983315 
45 30 12 14 0.02598009 
877 164 13 17 0.025972106 
129 15 8 12 0.025969904 
711 13 9 12 0.025968203 
714 273 16 20 0.025933564 
223 84 13 16 0.025919542 
110 116 12 15 0.025912294 
401 304 20 25 0.025844049 
348 439 23 28 0.025835082 
932 72 13 14 0.02581575 
294 64 12 15 0.02577727 
662 23 11 13 0.025775056 
386 284 17 22 0.025761629 
197 12 12 14 0.025740063 
40 35 11 13 0.025712831 
60 164 12 13 0.025692387 
637 38 10 13 0.025684055 
925 205 17 20 0.025674144 
836 67 14 17 0.025665352 
75 282 15 18 0.025643945 
143 84 10 12 0.025583657 
335 455 25 32 0.025576228 
215 15 10 13 0.025549658 
927 218 16 19 0.025523204 
836 189 14 18 0.025520071 
684 102 19 23 0.025501668 
400 233 15 19 0.02546804 
798 209 16 19 0.025425836 
580 277 21 27 0.025418624 
704 406 22 28 0.025404472 
157 62 11 12 0.02538897 
860 110 14 17 0.0253824 
566 215 20 25 0.02536864 
4 315 14 17 0.025353061 
119 28 9 11 0.025343213 
407 41 13 16 0.025339497 
588 396 24 32 0.025306111 
187 297 17 20 0.025291784 
372 438 22 28 0.025274165 
963 120 15 18 0.025263645 
476 323 22 27 0.025254104 
868 161 15 18 0.02525098 
893 328 19 21 0.025207546 
113 21 8 10 0.02517396 
518 29 9 11 0.025167862 
117 434 23 28 0.025144758 
1011 273 13 18 0.025080098 
783 407 25 31 0.025064416 
995 281 17 22 0.025016181 
637 304 23 28 0.025000397 
662 44 11 15 0.024943843 
256 1 9 9 0.024932338 
472 178 13 18 0.024925265 
845 18 13 17 0.024923751 
452 318 16 20 0.02491529 
900 44 14 17 0.024898063 
212 144 13 16 0.024894312 
174 240 16 19 0.024888737 
786 199 16 20 0.024874972 
290 395 18 22 0.024861846 
440 30 9 13 0.024852706 
543 46 8 12 0.024846947 
112 401 18 20 0.024845632 
701 26 12 16 0.024823802 
159 16 10 11 0.024822583 
117 193 14 16 0.024805347 
453 22 9 12 0.024800733 
188 203 15 18 0.024768176 
638 202 18 22 0.024762282 
884 12 15 19 0.024755936 
23 195 12 15 0.024751008 
177 214 12 16 0.024750212 
332 467 18 24 0.024729177 
350 60 13 15 0.024727605 
257 140 12 15 0.024714192 
227 135 13 14 0.024710365 
125 301 17 20 0.024682792 
708 45 11 14 0.024674755 
103 24 8 10 0.024673535 
587 178 13 17 0.024645535 
949 95 15 16 0.024639213 
599 69 9 13 0.024636935 
907 91 14 16 0.024635691 
323 171 12 16 0.024624722 
517 591 25 33 0.024603827 
816 302 22 27 0.024583079 
205 318 16 20 0.024551079 
912 132 15 18 0.02451125 
175 85 11 13 0.024479603 
742 76 12 15 0.0244582 
893 42 12 16 0.024454866 
130 173 14 15 0.024443777 
765 73 14 17 0.024435097 
759 124 13 16 0.024412572 
564 188 12 16 0.0244077 
280 30 8 10 0.02438461 
348 155 12 15 0.024360465 
963 185 14 19 0.0243517 
531 321 16 20 0.02433674 
666 408 27 34 0.024314808 
345 347 16 21 0.024302384 
44 172 12 15 0.02428891 
859 451 24 30 0.024288058 
826 307 17 21 0.024264205 
252 101 12 14 0.024251223 
724 74 13 17 0.024237556 
963 69 12 13 0.024235258 
356 454 23 31 0.02421417 
56 442 21 29 0.02421106 
117 70 10 12 0.024204126 
112 555 25 31 0.024194697 
118 203 15 18 0.024189752 
141 142 13 14 0.024183491 
56 44 10 12 0.024164993 
551 54 9 12 0.024142846 
204 389 17 21 0.024137985 
487 23 10 12 0.024117649 
906 630 26 32 0.024110628 
235 209 15 18 0.024090193 
558 66 20 24 0.024067985 
446 265 16 19 0.024065157 
24 93 11 13 0.02405964 
862 62 14 16 0.024057662 
69 234 14 17 0.024039846 
521 40 9 11 0.024009624 
131 272 16 19 0.023989383 
48 103 10 12 0.023981566 
678 329 19 23 0.023969937 
901 107 14 18 0.023967894 
116 6 11 12 0.02396266 
273 85 10 13 0.023957748 
917 126 16 18 0.023945523 
253 32 10 11 0.02394535 
933 240 16 19 0.023941591 
478 21 9 12 0.023928862 
549 182 13 16 0.023925751 
740 579 26 33 0.023888214 
570 546 26 34 0.023868445 
369 330 21 25 0.023867896 
381 495 22 28 0.023856038 
612 133 12 14 0.02384999 
516 275 18 22 0.02384966 
30 88 10 13 0.023849074 
653 102 12 14 0.02382762 
502 324 16 20 0.023815755 
988 90 12 17 0.0238155 
552 333 22 29 0.023788547 
811 358 25 30 0.023779176 
411 20 11 14 0.023775158 
908 52 23 26 0.02376273 
609 331 23 29 0.023752907 
362 471 16 22 0.023745267 
286 105 13 16 0.023697875 
67 335 16 20 0.02367519 
638 107 13 16 0.023674173 
997 270 17 20 0.02365697 
686 121 13 16 0.023650916 
584 43 9 12 0.023634674 
401 49 19 25 0.023598421 
185 398 16 19 0.023589574 
651 342 16 22 0.023562541 
732 249 16 20 0.02351082 
833 180 14 16 0.023507744 
235 121 13 15 0.02350619 
342 0 10 11 0.023500001 
1000 85 13 16 0.023488065 
517 244 14 19 0.02346605 
501 131 12 15 0.02344926 
139 181 13 15 0.023436103 
260 289 16 19 0.023418589 
940 207 21 25 0.023404479 
211 82 13 15 0.023392264 
551 164 13 15 0.023375457 
947 373 22 26 0.023371883 
73 29 9 12 0.023365997 
439 1 10 11 0.023352792 
431 93 12 16 0.023348112 
889 37 22 28 0.023328446 
724 287 23 28 0.023272721 
475 403 17 22 0.023266437 
972 198 15 17 0.023234516 
213 157 12 15 0.023213143 
901 182 16 19 0.02320809 
6 115 11 15 0.023204464 
140 414 21 26 0.023186231 
240 427 23 30 0.023157174 
580 117 13 15 0.023152182 
574 71 10 12 0.023148226 
356 74 13 16 0.023141365 
869 61 15 16 0.023139939 
820 325 22 27 0.023077596 
111 30 9 11 0.023066571 
172 -1 24 22 0.023049137 
50 287 16 20 0.02302573 
735 77 11 14 0.02302389 
223 196 14 18 0.02300627 
110 86 10 11 0.023001356 
402 296 16 21 0.02297991 
36 297 16 19 0.022977842 
892 339 17 19 0.022941044 
951 116 13 15 0.02293286 
293 387 16 20 0.022923656 
142 28 10 12 0.022899633 
789 154 15 19 0.022898769 
456 48 9 11 0.02289702 
758 77 12 15 0.02287817 
104 125 12 16 0.022868104 
730 140 13 17 0.022867134 
539 131 13 16 0.022862041 
265 198 14 17 0.022831667 
48 78 10 12 0.02282964 
83 627 33 47 0.022822583 
565 323 21 25 0.022813717 
804 294 19 22 0.022802586 
731 457 24 31 0.022796767 
541 226 14 19 0.022792619 
142 45 11 12 0.022783125 
619 328 16 20 0.022776512 
609 157 19 24 0.022775441 
309 76 13 15 0.02276299 
786 328 17 21 0.02272041 
829 202 16 18 0.022706555 
466 63 18 24 0.022700794 
53 180 13 15 0.022688424 
127 228 13 16 0.022684071 
24 87 9 12 0.02268318 
199 31 9 11 0.022681445 
488 440 17 22 0.02266741 
349 297 16 21 0.02265255 
589 93 11 14 0.022638299 
852 90 14 17 0.022635972 
92 371 18 21 0.022616655 
858 279 22 26 0.022608096 
1005 115 12 16 0.02260152 
682 349 18 22 0.022585379 
486 116 12 15 0.022584882 
302 675 28 29 0.022571841 
220 235 14 17 0.02256391 
471 19 10 12 0.02253009 
494 61 9 12 0.0225159 
126 219 13 16 0.022484958 
634 381 23 29 0.022483634 
357 436 17 22 0.022455536 
371 265 15 20 0.022431673 
388 90 13 16 0.022406591 
730 19 13 16 0.022401955 
375 50 13 16 0.022400858 
0 291 14 18 0.02238092 
931 259 24 27 0.022378549 
498 422 25 30 0.02236245 
775 34 18 23 0.02235287 
917 608 26 33 0.02233756 
344 239 13 16 0.022324078 
962 634 27 35 0.022317773 
692 93 12 14 0.022295834 
835 172 15 17 0.022283096 
944 63 10 12 0.022245707 
215 315 20 27 0.02224417 
618 52 20 23 0.022238353 
398 6 22 28 0.022199238 
950 227 15 18 0.0221912 
30 158 12 15 0.022185024 
300 447 18 23 0.022169761 
233 271 17 18 0.022167157 
755 68 13 15 0.022133244 
135 3 12 14 0.022123052 
535 36 8 11 0.022097312 
357 18 12 15 0.022096926 
359 313 20 26 0.022091823 
670 37 10 13 0.022090321 
536 244 16 21 0.022085426 
230 106 19 23 0.02207303 
163 155 14 16 0.022050098 
59 158 12 13 0.022046529 
28 297 17 22 0.0220347 
590 164 12 15 0.022026509 
96 114 12 14 0.022026503 
68 268 14 19 0.022017619 
225 109 12 15 0.021987919 
112 39 10 12 0.021979792 
266 543 17 22 0.02195324 
657 441 24 30 0.02194933 
295 344 20 25 0.021948185 
57 464 16 22 0.021947306 
370 352 24 28 0.021930473 
326 518 24 30 0.021916265 
803 115 14 18 0.021907462 
147 239 15 20 0.021904733 
95 86 11 12 0.02189996 
944 198 17 21 0.021882288 
314 244 18 21 0.02187915 
406 187 13 16 0.021864627 
794 93 15 18 0.021860603 
686 133 12 14 0.021841945 
162 164 13 16 0.021841925 
862 291 16 21 0.021836312 
740 131 15 17 0.021830957 
673 242 16 21 0.021801848 
977 299 16 20 0.02179539 
776 185 15 18 0.021794686 
100 281 14 17 0.021787552 
1004 124 14 19 0.021787396 
949 282 21 24 0.02177709 
900 311 23 27 0.02177006 
921 413 26 31 0.021767719 
986 143 17 19 0.021734314 
1012 99 11 15 0.021705966 
527 555 24 30 0.021705732 
652 5 13 14 0.021690594 
385 390 21 26 0.021678373 
713 39 21 25 0.021661242 
294 182 14 16 0.021658454 
869 35 11 14 0.021621535 
651 50 12 16 0.02161428 
937 409 28 31 0.02160897 
5 530 45 56 0.021608789 
718 75 12 15 0.021603636 
708 202 15 18 0.021602968 
676 6 14 15 0.021601044 
629 108 13 15 0.021561258 
702 102 11 13 0.021548154 
632 445 26 32 0.021531852 
611 490 19 23 0.02151887 
196 203 14 18 0.021517072 
515 387 21 23 0.021509781 
269 252 14 17 0.021503378 
244 203 14 18 0.021498814 
996 192 21 28 0.02148649 
450 79 17 22 0.021464758 
414 4 12 13 0.021454532 
432 100 12 16 0.021441588 
527 20 9 11 0.021431616 
95 0 11 11 0.021426177 
643 287 17 21 0.021414505 
996 109 20 26 0.02141014 
568 3 21 22 0.021395434 
494 54 9 11 0.021390082 
579 56 20 24 0.021386404 
788 220 15 20 0.021364765 
217 299 16 19 0.021357626 
438 258 15 20 0.021352699 
586 314 21 27 0.021348659 
379 2 13 13 0.021340756 
485 2 10 9 0.021331614 
372 179 13 17 0.021316769 
462 137 12 15 0.021309175 
942 422 28 32 0.02129547 
245 1 10 10 0.021291623 
102 12 10 12 0.021273179 
398 27 11 15 0.021260444 
450 419 23 29 0.021236133 
331 384 17 21 0.021230906 
513 197 12 16 0.021216584 
791 418 25 30 0.021183822 
248 311 15 21 0.021183245 
796 149 15 20 0.021180501 
110 6 12 13 0.02117723 
186 613 27 35 0.021168698 
771 444 25 30 0.021157729 
420 108 13 16 0.021157516 
1000 149 15 17 0.021157062 
635 189 14 16 0.02115495 
680 269 20 25 0.021142446 
812 77 13 16 0.021133445 
205 487 21 27 0.02111166 
581 294 17 22 0.021091554 
404 274 16 21 0.021075627 
158 32 11 15 0.02106969 
302 227 17 22 0.02105927 
347 122 18 22 0.021051714 
151 -1 24 24 0.021051586 
398 20 12 14 0.021044359 
93 323 15 18 0.021041006 
252 418 22 27 0.021035187 
118 446 23 29 0.021019928 
541 531 21 27 0.021019505 
968 84 13 17 0.0210059 
268 336 16 20 0.020996088 
598 21 10 12 0.020961415 
671 29 10 13 0.020934517 
143 599 27 32 0.020930767 
924 69 20 25 0.020915562 
379 360 22 25 0.020888863 
520 55 9 11 0.020882642 
63 303 16 20 0.020858258 
62 54 9 11 0.020852925 
650 70 12 14 0.020845886 
492 102 10 14 0.020835321 
847 179 13 18 0.020830631 
78 252 14 17 0.020817671 
676 29 11 14 0.020811018 
574 107 11 13 0.020782877 
257 410 18 21 0.020781217 
603 295 18 23 0.020776356 
52 186 13 16 0.020771159 
852 308 15 19 0.020764453 
872 447 20 24 0.020739097 
983 140 13 16 0.02072873 
506 648 26 29 0.02071575 
503 29 9 11 0.020699915 
300 301 15 18 0.020698352 
980 248 22 26 0.020688668 
86 171 13 15 0.020659734 
153 529 21 29 0.02065886 
100 187 13 16 0.020654991 
542 1 10 10 0.020652395 
941 273 16 19 0.020647742 
890 303 17 22 0.020633316 
235 33 20 25 0.020631641 
536 4 9 11 0.020628309 
779 26 14 17 0.020617258 
326 188 14 15 0.020604117 
907 258 16 20 0.020602036 
747 131 15 17 0.020588897 
981 265 22 27 0.02058259 
481 30 8 10 0.020558462 
869 213 14 18 0.020552969 
413 104 14 19 0.020545587 
236 330 15 19 0.020542093 
886 164 14 17 0.020519393 
469 343 16 18 0.020518284 
420 24 18 23 0.020517472 
70 174 12 15 0.020501075 
230 15 10 12 0.020492693 
42 146 14 15 0.020479977 
45 21 9 12 0.020446343 
436 285 15 18 0.020434944 
130 72 19 23 0.020434357 
666 137 21 22 0.020423101 
619 497 17 22 0.020421328 
179 0 13 12 0.020390512 
788 84 14 17 0.020387491 
217 20 10 12 0.020373689 
706 563 20 25 0.020366773 
399 506 23 30 0.020365048 
659 253 17 22 0.020363985 
451 376 19 26 0.020357925 
941 170 16 20 0.020336313 
566 35 9 12 0.020335564 
602 464 18 22 0.020332705 
773 193 15 19 0.020329237 
125 577 25 31 0.020325663 
397 35 13 17 0.020319441 
294 300 14 19 0.020314917 
671 47 9 12 0.02031402 
531 273 17 21 0.020312881 
514 255 21 25 0.020303592 
128 160 14 17 0.020296799 
990 102 12 15 0.020287652 
936 71 20 25 0.020285258 
696 56 21 24 0.020283781 
284 12 10 12 0.020278938 
483 357 21 27 0.02027578 
294 10 11 13 0.020268638 
709 227 17 20 0.020251604 
719 35 12 16 0.020241406 
160 521 17 21 0.020234684 
829 211 15 19 0.02022997 
127 122 12 17 0.020229217 
365 381 24 26 0.020216133 
68 164 12 13 0.020205308 
614 15 21 24 0.020194331 
643 193 19 21 0.020178096 
379 171 13 15 0.020173568 
103 36 9 12 0.020164968 
898 207 16 19 0.020146575 
183 141 12 15 0.020145822 
72 45 10 13 0.020115273 
806 178 16 18 0.020115264 
230 219 14 17 0.020108595 
491 312 17 21 0.020096483 
469 32 10 11 0.020092895 
14 118 11 13 0.020090492 
38 189 11 14 0.020087317 
934 286 21 27 0.020068826 
981 583 37 47 0.020034073 
308 189 13 16 0.020016845 
351 211 13 18 0.020005021 
