2_Demonstration_Political_Rally_2_83
507
602 489 98 137 0.99958175 
881 555 111 130 0.99937975 
168 0 29 36 0.9992586 
400 301 88 122 0.9988305 
558 80 32 39 0.9982718 
199 109 33 41 0.99808526 
180 155 46 58 0.9977011 
447 117 36 47 0.9973972 
290 565 107 138 0.9964126 
882 330 76 87 0.9960026 
626 64 30 37 0.99562293 
505 210 50 64 0.9956 
119 527 100 108 0.9942694 
208 225 52 70 0.9923929 
216 59 38 51 0.9923779 
2 393 82 101 0.9922456 
427 32 30 35 0.98984325 
476 83 33 40 0.9895955 
222 264 74 95 0.9895551 
809 135 40 48 0.9891398 
176 389 71 91 0.9886955 
96 291 65 86 0.9878088 
308 70 28 38 0.9876671 
73 219 54 62 0.986844 
628 394 83 97 0.98680043 
231 119 40 52 0.9864057 
891 157 42 56 0.98525304 
2 72 30 38 0.98500353 
384 153 32 45 0.97822475 
266 19 21 27 0.9654596 
290 33 30 39 0.95882803 
559 187 25 36 0.9578536 
742 152 44 49 0.95591605 
558 290 72 79 0.9534989 
110 78 33 43 0.9463041 
326 165 46 57 0.9437303 
386 60 28 33 0.92934364 
472 17 27 34 0.92100585 
789 121 32 40 0.9206592 
235 13 24 30 0.92029524 
473 179 40 53 0.9152024 
870 32 24 30 0.8983793 
399 108 34 43 0.8961093 
751 22 19 23 0.88177055 
497 42 23 32 0.8808362 
47 181 38 53 0.87683827 
824 63 23 32 0.86906904 
975 448 50 91 0.86860794 
107 593 101 107 0.8499907 
954 149 45 55 0.8460456 
508 0 26 23 0.8248992 
684 616 85 90 0.81767005 
952 417 47 60 0.75782835 
342 28 26 32 0.7347097 
975 209 45 88 0.72635293 
630 241 33 34 0.70229125 
74 36 33 39 0.6989687 
929 200 41 55 0.67697704 
882 92 31 37 0.6763633 
536 37 26 32 0.66529095 
7 128 48 59 0.6584837 
26 4 26 27 0.63310766 
779 42 23 28 0.630647 
415 199 40 54 0.6121566 
954 82 45 56 0.59561276 
116 42 26 34 0.587555 
995 125 27 36 0.57488817 
943 78 38 43 0.5588191 
919 -1 21 22 0.5454874 
595 109 41 51 0.50547457 
724 364 73 106 0.504081 
493 196 48 59 0.5022304 
275 78 28 38 0.49390483 
668 51 24 28 0.49068537 
668 92 30 36 0.4718287 
245 185 36 45 0.4594571 
383 0 31 28 0.41345042 
55 292 46 60 0.40944654 
587 18 25 29 0.406799 
413 0 23 20 0.40600333 
-1 143 43 67 0.38092098 
269 4 17 19 0.37605992 
945 14 27 32 0.375408 
478 41 23 31 0.37365177 
302 1 16 18 0.3716316 
127 435 41 58 0.35921842 
541 396 41 55 0.3562684 
396 73 27 33 0.33835176 
622 34 22 27 0.317532 
802 26 14 17 0.3042149 
949 429 60 88 0.28110906 
32 61 29 40 0.26857463 
882 74 31 39 0.26101488 
988 33 18 22 0.24481554 
381 93 27 35 0.24246931 
693 7 17 21 0.2422375 
970 93 44 63 0.23791613 
350 3 27 28 0.23778033 
73 297 55 70 0.23721519 
232 360 56 67 0.23090847 
342 11 30 33 0.2283214 
568 42 18 22 0.22311941 
373 250 42 61 0.21905172 
61 139 39 46 0.20794757 
554 411 48 59 0.20279172 
535 55 26 32 0.20007654 
141 424 50 66 0.19793294 
363 0 28 25 0.19561397 
613 220 32 39 0.19376539 
599 57 25 28 0.17682016 
763 97 28 31 0.17101914 
831 333 36 49 0.17016406 
212 377 59 74 0.16980721 
942 203 54 76 0.16658531 
565 183 37 48 0.15945108 
817 41 17 19 0.15749298 
483 165 44 53 0.15575768 
590 52 17 21 0.15437828 
599 92 32 40 0.15390773 
448 66 27 33 0.15304591 
431 19 28 34 0.1508035 
255 -1 14 15 0.14997467 
53 157 48 57 0.14995192 
263 73 28 38 0.1476956 
138 352 52 69 0.14555435 
620 116 40 52 0.14307833 
331 19 24 32 0.14305222 
767 178 51 60 0.14083065 
384 78 33 39 0.13877521 
681 374 80 108 0.13412088 
989 98 39 51 0.13099636 
835 14 13 16 0.13008662 
43 290 34 47 0.12238408 
326 82 27 35 0.12086997 
248 66 29 38 0.12076731 
604 62 28 33 0.12042956 
88 37 20 25 0.11879752 
9 70 44 50 0.114143394 
880 126 31 39 0.113892935 
952 12 18 20 0.11313513 
396 1 30 25 0.111498155 
734 198 46 57 0.11126851 
378 50 27 36 0.10751627 
409 80 19 26 0.10520989 
198 59 28 37 0.103775695 
605 24 17 21 0.10347754 
9 92 47 54 0.10223642 
642 123 32 42 0.09867992 
581 171 47 58 0.09684295 
402 97 29 33 0.09627168 
222 177 29 35 0.096240066 
943 97 34 42 0.09452367 
248 18 23 29 0.093704805 
115 58 27 37 0.09349815 
301 281 43 69 0.093118675 
345 161 50 60 0.091184646 
217 110 39 50 0.091016315 
898 8 26 31 0.09068037 
668 -1 19 15 0.09048575 
632 249 41 45 0.09043408 
406 181 41 56 0.09006149 
892 53 24 29 0.08932818 
978 120 42 57 0.086872 
66 49 42 52 0.08562102 
667 31 24 30 0.084733434 
725 213 31 45 0.0847183 
131 73 26 35 0.08422258 
70 0 14 12 0.08372935 
279 281 48 73 0.082863994 
749 51 21 28 0.08150433 
957 48 25 31 0.07978175 
457 186 47 63 0.07966062 
613 27 22 28 0.07901478 
916 8 19 20 0.077455655 
634 0 21 19 0.07550516 
722 -3 23 25 0.07459099 
980 20 23 31 0.074575916 
356 0 19 16 0.07394297 
983 0 20 20 0.07368019 
379 0 21 21 0.07323028 
898 0 20 21 0.07319336 
117 306 70 86 0.07111208 
879 108 35 41 0.07107386 
934 174 49 62 0.070719846 
386 216 49 70 0.07004961 
817 0 18 17 0.06967773 
295 54 30 38 0.06850688 
960 72 35 41 0.06813176 
554 94 34 44 0.06601378 
873 18 26 31 0.06475943 
939 131 43 52 0.06460009 
760 83 26 30 0.064567775 
671 57 29 35 0.06452276 
481 25 27 39 0.06421182 
119 100 28 36 0.06417505 
347 130 31 36 0.063958324 
151 390 60 71 0.062089805 
905 1 24 25 0.061993174 
319 22 24 31 0.06160194 
73 9 17 19 0.060750972 
307 27 27 32 0.059364375 
236 4 18 21 0.059265364 
232 200 51 60 0.058370106 
436 8 28 31 0.05829593 
2 112 37 45 0.0580473 
210 135 46 57 0.058015265 
119 121 29 39 0.05794161 
138 177 36 43 0.057684965 
371 180 48 62 0.056751024 
979 6 26 28 0.055781573 
514 109 16 21 0.055220876 
579 25 25 31 0.054927427 
186 68 23 30 0.054829128 
278 180 30 44 0.05465707 
586 128 39 45 0.05445754 
389 137 36 44 0.054132976 
901 508 107 136 0.054028884 
616 419 113 145 0.053602133 
755 159 47 56 0.0533265 
344 41 20 26 0.05306146 
259 0 16 19 0.05285268 
300 170 51 64 0.05264972 
300 297 28 40 0.052506354 
935 86 23 32 0.052292645 
575 42 23 29 0.0522866 
789 155 45 54 0.05219571 
598 219 33 39 0.052026417 
415 3 31 29 0.051646717 
293 13 26 30 0.051527455 
40 0 20 20 0.05135011 
993 27 16 21 0.051006146 
575 152 42 49 0.05019357 
532 24 23 30 0.049897272 
877 11 16 18 0.049760394 
195 73 24 32 0.04971034 
50 0 19 19 0.049379986 
647 247 22 25 0.048889335 
749 32 23 31 0.0485371 
100 632 65 64 0.0485056 
657 105 31 46 0.048364505 
445 146 32 41 0.04819571 
474 209 53 64 0.047971908 
362 269 42 63 0.047354173 
743 81 24 34 0.047048196 
664 78 30 35 0.04698738 
826 5 23 26 0.04686787 
255 164 43 56 0.046540122 
572 106 43 52 0.046363465 
680 10 27 30 0.046356704 
797 67 22 32 0.04628449 
613 239 36 44 0.046278693 
1011 49 15 22 0.04624399 
657 -1 29 27 0.04624055 
734 81 14 20 0.04597498 
680 83 25 34 0.04591989 
249 0 23 25 0.04566574 
624 46 27 32 0.04553674 
956 60 30 37 0.045306183 
22 4 19 20 0.045266774 
320 127 33 36 0.04512469 
971 12 24 30 0.044799868 
56 0 25 24 0.04468887 
499 90 27 37 0.044483088 
800 115 30 37 0.04422757 
0 343 39 65 0.04402309 
966 37 25 31 0.04392316 
623 324 47 61 0.04387817 
878 49 26 31 0.043759968 
488 336 34 40 0.043505453 
115 11 31 41 0.043375593 
25 148 68 90 0.042886715 
433 185 41 58 0.04280088 
21 277 44 64 0.04240047 
255 118 33 43 0.042214107 
572 81 32 39 0.041829806 
595 140 42 50 0.04160329 
577 197 39 51 0.041064207 
613 55 26 31 0.0408361 
530 0 17 19 0.040447287 
259 69 16 22 0.040109273 
262 131 34 42 0.040094715 
547 41 25 31 0.03966882 
598 76 29 34 0.039500996 
387 108 31 35 0.039451662 
792 12 12 15 0.03942253 
735 20 12 16 0.03941772 
295 28 21 22 0.038781635 
611 75 37 40 0.038774513 
550 119 29 34 0.038190953 
90 439 33 39 0.038178343 
-1 97 29 46 0.03814738 
599 189 44 57 0.0379862 
722 31 15 21 0.0378674 
107 1 34 33 0.037840046 
506 180 48 57 0.037793428 
464 94 32 39 0.03775129 
217 316 85 108 0.037682608 
736 78 22 30 0.0374613 
787 49 26 31 0.037429083 
279 41 24 31 0.037404466 
444 80 28 32 0.037394147 
881 63 27 33 0.037255276 
905 -1 15 14 0.037251662 
85 24 39 46 0.036798358 
505 37 25 33 0.036607806 
953 171 36 44 0.03659898 
44 525 51 66 0.036377586 
204 46 28 35 0.036269087 
90 0 29 25 0.036248345 
820 48 24 31 0.03580165 
906 319 63 72 0.03531075 
100 123 39 51 0.035275146 
797 31 17 22 0.03525331 
896 88 21 26 0.035078082 
668 1 28 29 0.035036318 
854 117 29 37 0.035028864 
404 48 38 48 0.034608196 
742 19 15 18 0.034555834 
826 252 27 44 0.034490924 
757 47 22 29 0.034453135 
10 25 24 31 0.034245413 
280 59 29 38 0.034244742 
825 35 16 17 0.03423889 
463 78 32 37 0.034188055 
214 50 30 37 0.033939824 
1006 34 15 18 0.03377 
539 193 36 43 0.033611942 
24 1 41 50 0.03341616 
667 13 29 33 0.033400178 
706 131 32 40 0.033264793 
610 4 15 16 0.03302764 
203 87 37 42 0.032980897 
978 38 25 30 0.032962654 
659 21 23 29 0.03293386 
501 159 43 53 0.032733887 
323 16 18 23 0.032730903 
587 36 27 34 0.0325029 
241 156 32 46 0.032247327 
596 -2 15 14 0.032206897 
76 0 26 24 0.032150876 
827 25 15 18 0.031638455 
867 -1 13 12 0.031513706 
391 14 20 22 0.031370834 
452 103 30 39 0.031187288 
683 3 19 20 0.031161763 
921 293 51 60 0.031056428 
621 209 33 41 0.030927729 
859 3 16 18 0.030918516 
806 320 49 58 0.030909657 
541 364 49 71 0.030828886 
306 163 78 92 0.030757861 
463 145 44 53 0.030725535 
832 59 18 23 0.030483432 
737 5 24 30 0.03048165 
154 308 57 75 0.030466847 
778 113 30 40 0.030456897 
33 21 26 31 0.0300936 
121 225 39 47 0.030042771 
583 19 18 22 0.029963572 
549 149 43 52 0.029959556 
73 21 26 34 0.02995758 
634 235 20 27 0.02980708 
913 92 23 30 0.029600576 
406 16 28 35 0.029588524 
834 21 16 21 0.02940344 
268 91 33 42 0.02931949 
672 107 21 26 0.029261747 
924 112 38 48 0.029254314 
274 20 25 34 0.02908669 
233 25 20 26 0.028951311 
732 -3 25 26 0.028847212 
521 11 25 29 0.028808633 
679 49 18 23 0.02872425 
619 46 19 25 0.028616626 
397 201 37 45 0.02856316 
818 74 26 31 0.028237123 
655 66 27 34 0.028158525 
100 14 31 36 0.028097829 
64 172 51 61 0.028024815 
566 123 32 38 0.027999368 
748 -2 13 13 0.027979236 
639 62 27 34 0.027807506 
879 2 26 27 0.027736623 
805 13 23 27 0.027603183 
653 26 16 20 0.027459592 
864 108 29 38 0.027429568 
5 246 38 56 0.027393712 
464 171 35 47 0.027333776 
645 1 30 28 0.027237292 
702 358 70 80 0.027072819 
272 0 17 14 0.026961925 
465 -1 26 26 0.026864719 
474 52 29 37 0.026825987 
536 19 18 20 0.02672424 
554 -2 24 26 0.026585737 
49 53 36 43 0.026579875 
728 295 32 38 0.026576333 
31 187 42 60 0.026563048 
192 127 37 44 0.0265027 
809 55 26 32 0.026426513 
826 0 18 18 0.026137669 
311 1 25 27 0.026050104 
118 34 16 22 0.026019828 
226 187 42 48 0.02587978 
917 129 41 56 0.02581532 
-1 265 39 60 0.025662452 
589 0 27 25 0.02564724 
549 70 29 37 0.02547051 
354 37 27 34 0.025323514 
937 117 75 94 0.025269274 
124 85 31 39 0.025251169 
793 42 18 22 0.025249796 
904 54 19 24 0.025228808 
95 85 42 52 0.025057899 
637 10 26 29 0.025032014 
528 214 41 50 0.025003117 
776 99 27 36 0.024984127 
955 28 26 33 0.02495807 
932 0 27 30 0.02481154 
99 8 18 20 0.024643132 
783 71 26 32 0.024559159 
486 49 29 37 0.024521012 
229 10 19 23 0.024440717 
752 172 82 96 0.024328493 
790 12 23 28 0.024306247 
899 46 16 20 0.02429603 
845 332 52 60 0.024290645 
411 128 31 39 0.024279295 
962 11 15 19 0.024254084 
647 15 26 29 0.024098262 
944 83 22 26 0.024027811 
293 175 37 44 0.02401582 
0 42 30 37 0.023985649 
372 234 38 49 0.023951266 
329 276 45 70 0.023720426 
500 35 16 23 0.023666004 
730 22 21 29 0.023657482 
819 89 27 33 0.023594324 
205 278 57 78 0.023593262 
629 23 27 32 0.023515312 
111 211 33 40 0.023505742 
164 342 59 77 0.023440393 
-1 43 10 21 0.023424536 
428 -1 29 26 0.023293318 
474 103 30 38 0.02321758 
106 245 55 65 0.02292912 
104 544 28 42 0.022874404 
117 453 36 44 0.022859322 
821 29 15 18 0.022848226 
426 18 20 24 0.022807406 
630 0 17 14 0.0227777 
189 86 27 38 0.022694329 
876 103 20 25 0.022594552 
621 0 27 24 0.022584122 
803 2 15 16 0.022575887 
955 487 66 86 0.022428222 
141 67 28 37 0.02230814 
519 6 19 21 0.02219137 
752 181 36 50 0.022162715 
577 0 25 27 0.022096235 
306 306 15 22 0.022084437 
994 2 18 19 0.02206005 
275 1 24 25 0.021992318 
802 12 14 15 0.02186681 
844 -1 15 13 0.021826012 
521 29 25 31 0.021775864 
789 196 36 47 0.021703534 
108 561 14 22 0.021657506 
662 48 18 22 0.021639938 
12 4 30 34 0.021639038 
683 46 25 32 0.021634093 
637 340 52 64 0.0214431 
758 18 17 22 0.021434883 
948 5 18 19 0.021339785 
391 47 29 37 0.021319332 
-2 153 24 47 0.021294685 
589 233 33 40 0.02128786 
318 142 31 40 0.02118042 
556 344 53 79 0.0211152 
389 22 17 22 0.021036576 
425 40 39 47 0.02096403 
570 433 35 41 0.020915646 
565 163 33 47 0.020889806 
863 0 23 25 0.020822065 
639 8 18 19 0.020738663 
142 410 92 107 0.020734405 
295 145 44 61 0.02070213 
442 0 20 20 0.020699695 
902 111 39 48 0.020680577 
716 0 18 19 0.02062697 
740 58 22 31 0.020613901 
385 26 27 33 0.020613795 
126 0 28 30 0.020611333 
533 147 41 50 0.020585362 
235 299 44 58 0.02058172 
866 45 27 33 0.020526515 
453 -2 26 26 0.020428693 
799 55 25 31 0.020409945 
962 14 43 49 0.020384591 
748 14 19 23 0.020258768 
723 137 77 96 0.02025742 
438 104 31 38 0.020212399 
21 0 16 14 0.020151354 
437 120 30 39 0.020092499 
530 419 61 81 0.020082764 
808 0 25 27 0.02004694 
724 145 28 36 0.020044588 
