2_Demonstration_Political_Rally_2_891
66
305 270 133 182 0.9996724 
494 29 153 189 0.9995845 
30 387 47 58 0.98856145 
233 286 34 56 0.9287374 
181 386 45 59 0.9146883 
28 257 27 41 0.86127585 
59 262 15 21 0.52634233 
72 243 12 16 0.33416975 
250 183 51 75 0.2395587 
117 337 15 19 0.2156613 
160 259 12 16 0.10948409 
166 238 10 12 0.10033295 
124 232 12 17 0.09435775 
108 363 25 31 0.09077761 
44 258 26 35 0.08847859 
238 280 52 75 0.08478003 
123 334 13 17 0.081896715 
25 240 19 24 0.08167663 
168 243 9 12 0.07553457 
175 228 12 15 0.06344089 
29 368 36 45 0.054736264 
68 246 15 21 0.05223259 
271 235 12 19 0.03964915 
163 345 23 27 0.038575497 
167 231 11 13 0.0364668 
180 235 11 15 0.03636141 
174 234 11 15 0.036285166 
92 348 25 35 0.03606503 
188 244 12 17 0.03591773 
325 175 10 12 0.035148308 
19 245 28 38 0.035042796 
207 228 13 17 0.034553032 
-8 467 49 62 0.033725936 
517 435 212 277 0.033469338 
162 237 8 12 0.03245358 
174 244 10 13 0.032149263 
384 140 13 17 0.031219818 
927 100 22 28 0.030801075 
165 343 11 14 0.030530423 
192 228 11 13 0.030113995 
299 565 16 21 0.029616281 
188 295 10 14 0.02887084 
270 220 25 39 0.028398603 
161 230 9 13 0.027470658 
184 243 10 15 0.026381783 
7 499 42 50 0.025994577 
3 247 26 38 0.02568737 
8 257 28 40 0.025496027 
114 357 17 20 0.025374293 
83 343 25 34 0.024944486 
326 180 10 13 0.024682304 
168 243 22 26 0.023442768 
227 312 38 54 0.023184462 
174 250 11 14 0.023085864 
176 376 30 41 0.022483004 
213 1 12 13 0.022474986 
161 245 9 12 0.021534108 
166 222 12 13 0.021454966 
86 348 15 21 0.021316903 
262 252 12 17 0.021276485 
1012 186 10 16 0.02108655 
82 357 27 39 0.020999027 
122 227 22 29 0.02099795 
130 334 11 14 0.020335734 
223 578 31 37 0.020182552 
381 157 12 14 0.0201359 
