2_Demonstration_Political_Rally_2_187
19
336 -13 478 642 0.999613 
669 671 46 56 0.9985203 
60 876 36 48 0.9975357 
588 738 41 53 0.9878813 
231 1386 50 87 0.9854366 
217 1238 83 105 0.9849391 
638 1166 38 62 0.95518625 
148 1403 30 54 0.051643938 
-58 559 469 567 0.046162445 
629 736 27 35 0.04544219 
913 1106 113 162 0.043512132 
72 744 466 482 0.040572185 
853 0 193 219 0.03830235 
227 1398 88 102 0.036597457 
135 1043 11 15 0.03570068 
637 738 17 20 0.032757454 
568 774 28 40 0.028327946 
694 679 37 41 0.024627414 
625 1316 35 53 0.022709157 
