2_Demonstration_Demonstration_Or_Protest_2_1
257
224 0 33 44 0.9995467 
481 32 34 44 0.99936825 
515 471 41 44 0.99642855 
410 246 37 51 0.99620605 
205 245 42 51 0.9940791 
567 234 36 47 0.993403 
347 9 38 44 0.9922293 
355 255 43 53 0.98728895 
610 252 39 52 0.98413867 
896 115 41 46 0.98116344 
814 528 35 44 0.98093295 
302 264 34 41 0.98031 
952 273 41 54 0.9774563 
480 282 43 55 0.9678059 
309 519 40 59 0.9657724 
963 170 37 41 0.9630426 
844 89 39 47 0.9609774 
172 165 36 48 0.95617354 
206 126 42 51 0.94965947 
483 248 33 37 0.94111764 
322 475 43 51 0.9346238 
109 302 41 42 0.9279574 
530 264 36 51 0.8946005 
892 254 36 41 0.8811604 
155 494 32 44 0.86421454 
800 236 45 67 0.77291435 
543 156 15 17 0.7674527 
927 268 36 49 0.76120716 
116 488 33 53 0.7221039 
226 549 18 22 0.71853125 
136 484 38 55 0.71569484 
1004 118 20 35 0.7038058 
615 523 35 45 0.6963468 
372 542 26 45 0.5529748 
245 272 23 31 0.525755 
747 562 31 50 0.5235748 
316 407 19 23 0.4045785 
494 551 31 35 0.3931129 
37 63 12 17 0.3376463 
758 290 15 21 0.33438775 
61 551 62 69 0.3316103 
729 350 27 34 0.26328564 
619 561 43 52 0.26019347 
519 579 34 52 0.2278924 
232 545 21 26 0.2249076 
708 249 29 36 0.22315538 
872 560 27 35 0.21745747 
971 602 15 18 0.20922089 
786 261 33 47 0.20593107 
136 238 42 53 0.200167 
152 233 30 41 0.18160935 
757 592 31 40 0.18063009 
147 91 31 43 0.16054429 
345 238 28 34 0.1515982 
549 247 39 52 0.14762491 
238 536 23 28 0.13891877 
994 156 24 38 0.13862348 
718 183 8 11 0.13518967 
200 499 25 27 0.12904842 
861 544 45 56 0.120787255 
979 21 25 33 0.1197105 
634 587 33 41 0.09967494 
167 505 29 35 0.09951152 
300 4 27 27 0.09618666 
418 528 28 43 0.0934948 
629 529 33 41 0.092287034 
196 603 42 66 0.09207403 
473 445 29 39 0.08991682 
993 549 27 34 0.08795993 
812 250 55 69 0.08778805 
979 157 27 40 0.08026174 
458 374 35 44 0.079945266 
121 265 46 58 0.079299904 
291 462 16 22 0.07768241 
184 152 43 56 0.07683056 
323 501 32 50 0.07183216 
654 540 30 40 0.07127021 
718 189 10 12 0.07101328 
667 124 17 23 0.070686065 
325 523 39 58 0.06649357 
718 197 10 13 0.06612306 
215 461 11 15 0.06432835 
492 1 17 18 0.06389712 
74 574 58 68 0.062510446 
46 176 37 55 0.0600338 
789 192 11 14 0.05965159 
781 413 25 29 0.0590359 
888 109 30 41 0.058709424 
598 168 15 20 0.058222685 
718 211 12 16 0.057548054 
349 237 16 20 0.056382615 
768 602 30 36 0.056357756 
620 596 39 43 0.056154277 
726 190 9 11 0.05598965 
123 138 40 59 0.05588817 
824 529 46 59 0.054511253 
33 59 20 27 0.05339886 
675 125 13 18 0.052807476 
788 272 19 26 0.052721128 
155 312 14 18 0.05189574 
735 589 39 52 0.0516585 
245 382 23 28 0.049750157 
758 278 14 19 0.04956242 
145 305 25 29 0.04862237 
711 197 9 13 0.048107326 
712 192 9 12 0.04796309 
304 178 24 36 0.04780373 
477 533 43 55 0.047397047 
904 265 36 44 0.047375664 
386 22 16 19 0.046592623 
518 -1 13 13 0.046565127 
185 503 27 30 0.04634909 
715 23 17 22 0.046230268 
382 613 40 46 0.046048433 
99 288 36 49 0.044742905 
706 250 20 22 0.044693932 
504 559 29 42 0.044534087 
865 103 29 38 0.044318054 
397 407 17 22 0.044045508 
228 262 31 39 0.043553043 
667 200 13 20 0.04325092 
662 518 28 45 0.043223593 
229 335 18 21 0.042726044 
108 642 30 48 0.04238824 
318 262 29 36 0.04237555 
428 540 22 38 0.041565765 
1002 633 22 42 0.04137792 
984 169 31 40 0.040367343 
835 511 19 22 0.04031641 
59 246 14 19 0.040234204 
41 305 33 52 0.0394914 
499 248 30 38 0.038987078 
715 606 47 50 0.03874337 
732 34 13 17 0.038419627 
300 442 16 20 0.0383302 
794 279 29 38 0.038148288 
812 155 11 14 0.037612036 
966 592 23 32 0.037521426 
759 283 24 33 0.037131872 
47 597 62 69 0.036861382 
427 531 16 23 0.03653537 
615 549 33 43 0.035069007 
817 126 9 11 0.034764662 
252 520 13 20 0.034716647 
100 503 46 58 0.03459609 
529 476 43 52 0.034574844 
156 513 32 46 0.033440687 
347 260 32 40 0.033333905 
721 540 45 63 0.032989256 
334 439 11 13 0.03281071 
572 586 25 38 0.03262012 
476 523 27 38 0.032567233 
535 588 43 52 0.03250933 
325 468 32 36 0.031767134 
968 284 37 45 0.031486716 
747 281 24 34 0.031209031 
797 295 17 22 0.031146908 
325 231 27 37 0.0308535 
1004 292 15 19 0.030853175 
210 548 24 31 0.030800832 
215 543 38 48 0.03062661 
715 243 40 51 0.03044085 
701 227 40 48 0.0303726 
246 522 21 35 0.030315394 
598 158 15 18 0.030029545 
385 550 27 36 0.030004209 
541 293 15 21 0.029900853 
207 491 21 24 0.029836357 
211 470 15 19 0.029662672 
78 193 16 21 0.029389922 
669 121 11 15 0.029317442 
291 447 25 34 0.029190639 
419 553 32 44 0.028938578 
69 24 27 37 0.028662434 
306 307 16 19 0.028559308 
987 156 16 22 0.028481187 
68 278 47 71 0.028317068 
632 547 36 44 0.028289407 
613 504 31 46 0.028138613 
999 290 24 36 0.02811109 
514 567 30 47 0.027810859 
871 565 52 67 0.027722526 
579 519 26 30 0.02752731 
155 207 41 59 0.027432874 
245 523 15 20 0.027419511 
743 355 18 23 0.027381454 
82 531 49 60 0.027242495 
983 545 43 61 0.027198968 
704 193 9 11 0.026903702 
785 143 8 10 0.026831025 
207 436 14 18 0.026817486 
53 240 23 33 0.026554532 
476 218 27 35 0.026492916 
399 397 13 16 0.02647585 
34 249 48 79 0.026399573 
490 233 33 42 0.026244283 
589 524 40 51 0.026055446 
355 530 36 57 0.025788372 
147 472 29 42 0.025745858 
985 284 30 39 0.025253214 
381 24 14 20 0.025228562 
276 427 12 13 0.025130548 
617 468 38 40 0.025067993 
179 513 26 34 0.024896504 
262 323 22 28 0.02489416 
616 614 49 55 0.024767568 
160 196 29 36 0.024425931 
391 0 34 34 0.024334645 
981 12 39 57 0.02402671 
879 120 32 42 0.023840649 
108 213 48 59 0.023495335 
638 568 29 39 0.023269372 
696 197 8 11 0.023149304 
162 207 18 21 0.023132034 
135 101 40 57 0.023122769 
485 189 30 36 0.022861222 
227 531 38 49 0.022748167 
725 197 10 13 0.022747269 
725 184 10 11 0.022723127 
648 594 19 26 0.022300787 
544 607 53 61 0.022295326 
60 20 12 16 0.022264894 
560 629 52 52 0.022213345 
660 194 22 34 0.022190366 
161 247 18 24 0.022044048 
723 210 15 18 0.021805843 
198 545 27 34 0.021776184 
765 579 32 43 0.021763269 
840 573 93 114 0.021753108 
724 24 22 27 0.021729205 
303 164 11 15 0.021632977 
714 201 20 27 0.021499915 
869 255 50 62 0.021385211 
711 202 11 15 0.021240698 
598 242 35 46 0.021239856 
296 437 25 32 0.021179989 
127 502 37 52 0.021151107 
526 600 31 44 0.021129102 
825 546 19 26 0.021083483 
119 315 38 43 0.021071322 
761 559 29 39 0.02104321 
561 592 43 51 0.021035599 
301 415 10 14 0.02095765 
513 275 41 54 0.020793479 
816 117 11 13 0.020774713 
194 575 48 69 0.02069542 
594 154 25 30 0.020670889 
709 9 28 32 0.02064091 
702 235 14 17 0.020629128 
570 525 42 49 0.020535538 
524 497 42 52 0.020476855 
239 281 24 34 0.020309612 
252 511 25 39 0.020223595 
651 542 19 24 0.020209849 
340 235 17 22 0.02018322 
920 126 19 25 0.020126654 
447 4 13 16 0.020033423 
