2_Demonstration_Political_Rally_2_341
216
565 330 25 28 0.9619635 
206 361 16 18 0.9530197 
128 342 19 25 0.9489639 
62 367 14 17 0.872707 
470 355 16 19 0.83245504 
181 353 18 20 0.78216213 
505 346 17 26 0.7809768 
871 340 14 18 0.4658142 
103 355 11 15 0.4375795 
407 363 12 15 0.3182259 
232 366 10 13 0.23535159 
108 349 13 18 0.19464602 
236 389 13 16 0.18952824 
412 366 13 15 0.1737955 
232 371 12 15 0.16849913 
157 357 17 19 0.15751705 
401 363 11 14 0.14651495 
97 322 12 14 0.119591594 
199 322 12 16 0.11471274 
236 379 12 16 0.11272375 
45 393 12 15 0.111879736 
184 378 14 17 0.108564205 
575 453 29 42 0.10239417 
221 333 9 12 0.102036625 
986 346 13 16 0.098859 
855 355 13 17 0.09788938 
165 407 41 43 0.08642666 
78 328 11 12 0.083229974 
644 177 388 483 0.08295481 
56 309 10 12 0.08172768 
120 390 26 31 0.07824074 
223 351 10 12 0.07265458 
819 381 17 25 0.06792283 
118 392 15 21 0.0674156 
604 425 15 19 0.06723771 
202 294 9 12 0.065418504 
22 326 9 12 0.064257115 
145 286 9 12 0.06332204 
76 339 12 15 0.062458467 
151 337 16 20 0.060287647 
144 324 12 15 0.059251755 
891 340 12 16 0.056653183 
224 357 10 14 0.056378007 
56 294 9 12 0.054294407 
55 301 10 12 0.053923327 
81 349 9 12 0.053747915 
540 -23 421 529 0.053319752 
405 360 21 25 0.05294994 
796 338 16 17 0.052936997 
39 373 11 13 0.05243762 
86 349 9 12 0.052330412 
535 285 12 15 0.052146487 
590 420 25 30 0.050551314 
495 352 17 23 0.04985594 
510 344 26 31 0.047876332 
823 300 11 14 0.047754254 
982 340 13 17 0.04755969 
263 387 10 12 0.047406457 
50 393 15 16 0.046557914 
14 402 13 14 0.04548739 
131 392 26 34 0.04540448 
146 293 8 10 0.04517468 
828 339 15 21 0.043332748 
484 350 21 28 0.04330709 
35 409 14 18 0.042693738 
829 331 14 16 0.042462923 
920 319 9 13 0.041534744 
7 342 9 12 0.04142003 
140 328 23 27 0.04117699 
878 300 11 14 0.040922 
55 342 9 11 0.040595762 
49 343 8 11 0.04048247 
154 347 17 19 0.040173892 
41 402 26 31 0.0397698 
408 398 8 12 0.039290294 
125 309 12 14 0.039251577 
360 423 9 12 0.039145242 
836 346 13 19 0.039064795 
17 326 9 12 0.03904854 
228 360 11 13 0.039007053 
295 401 8 11 0.03851241 
584 447 34 42 0.03839656 
222 338 9 13 0.038191322 
151 320 23 25 0.03802836 
391 365 9 11 0.037960988 
96 350 11 14 0.037090544 
963 339 13 17 0.036757335 
129 293 10 11 0.036661226 
103 344 11 15 0.036561698 
563 457 28 39 0.035557184 
40 295 10 12 0.03549096 
140 400 15 20 0.03483016 
88 267 9 12 0.034255154 
192 324 12 16 0.034061193 
47 300 9 12 0.033588454 
542 293 12 14 0.033108283 
157 318 13 15 0.033048294 
875 333 15 20 0.032636616 
61 373 15 19 0.032573424 
39 316 9 12 0.03152666 
787 342 32 34 0.031390335 
280 400 9 10 0.030500669 
581 428 32 41 0.030454112 
216 327 10 14 0.030393561 
229 368 20 25 0.030288365 
488 64 57 62 0.0301001 
20 402 13 15 0.030068474 
259 405 13 15 0.02944575 
525 283 13 17 0.029201873 
751 333 11 14 0.029012626 
45 372 10 13 0.02898361 
165 328 16 20 0.028715795 
67 422 15 19 0.02845526 
591 424 40 50 0.028412733 
203 410 14 17 0.028331831 
140 188 11 13 0.028194308 
115 401 32 39 0.027974458 
245 375 10 15 0.027851611 
861 337 17 20 0.027797235 
700 97 33 39 0.027748404 
142 341 24 27 0.02766764 
412 398 9 12 0.027590355 
47 366 11 15 0.027208697 
603 421 27 31 0.027115647 
78 389 13 18 0.026879182 
360 428 9 12 0.02638914 
437 307 15 19 0.026258793 
692 184 68 79 0.02618623 
885 334 14 16 0.026094157 
31 405 11 15 0.025846565 
796 299 12 15 0.025703799 
148 386 13 16 0.025634563 
142 386 14 18 0.025574856 
112 426 28 34 0.025548896 
243 395 11 15 0.025506007 
279 405 10 12 0.025283141 
149 390 24 31 0.025100727 
80 302 9 10 0.024922125 
926 306 13 14 0.024873033 
413 375 13 18 0.024761016 
103 255 8 11 0.024737382 
62 327 8 10 0.024721466 
261 399 11 13 0.024720361 
586 423 17 21 0.024658816 
257 366 10 13 0.024641002 
926 298 15 16 0.024494974 
286 422 9 11 0.02441364 
494 308 9 12 0.024406053 
269 389 10 12 0.024338007 
197 364 20 26 0.024233965 
55 326 8 11 0.024139324 
852 350 21 27 0.024074076 
188 405 26 29 0.02396735 
38 392 22 29 0.023927176 
13 347 10 13 0.023920566 
95 397 11 14 0.02375643 
74 383 22 30 0.02374889 
50 325 7 11 0.023678193 
78 356 10 11 0.023613667 
106 359 14 18 0.023580194 
149 356 18 20 0.023492252 
60 302 10 12 0.023491604 
77 422 15 17 0.023490973 
4 364 10 15 0.023357915 
553 419 33 36 0.023355773 
262 372 10 12 0.023208743 
73 334 11 14 0.023126604 
238 368 20 27 0.0231004 
87 311 9 12 0.02292999 
109 191 11 14 0.02285448 
72 311 10 13 0.022844251 
88 316 10 13 0.022783784 
878 337 23 28 0.022749264 
247 319 8 10 0.022737982 
0 413 11 15 0.022613036 
287 400 9 11 0.022573562 
4 318 10 13 0.022559972 
95 410 14 17 0.022542719 
423 325 10 13 0.0223751 
71 359 10 13 0.022341294 
7 325 10 12 0.02210542 
217 295 9 11 0.021993872 
22 305 10 11 0.021992523 
54 411 26 30 0.021891711 
850 361 27 34 0.021862237 
45 385 22 28 0.021770308 
790 340 14 16 0.021685014 
176 416 21 23 0.021683972 
455 299 11 14 0.021551376 
167 311 11 12 0.021528486 
23 319 9 11 0.021418242 
83 387 15 19 0.02135374 
38 383 41 49 0.021318784 
876 269 24 29 0.02121392 
196 417 17 18 0.021153115 
95 401 22 29 0.021146936 
55 288 9 11 0.021098655 
248 304 8 10 0.021094784 
90 373 14 17 0.020971078 
103 311 9 12 0.020956427 
136 339 17 22 0.020944852 
60 424 15 18 0.020854661 
79 222 9 11 0.020824632 
224 363 11 15 0.020812389 
48 347 9 12 0.020797707 
7 294 9 11 0.020787643 
801 334 16 17 0.020725757 
82 428 16 18 0.020468548 
165 410 16 20 0.020415638 
197 354 18 24 0.020310124 
516 370 12 17 0.02029851 
840 343 22 27 0.020173134 
84 325 11 14 0.020102942 
385 366 9 12 0.020093057 
459 373 45 55 0.020062866 
141 383 22 30 0.020059593 
