2_Demonstration_Political_Rally_2_867
277
797 423 35 46 0.99677557 
915 369 29 37 0.99468416 
649 497 29 39 0.9928018 
173 552 53 70 0.95162916 
616 504 21 27 0.92598075 
131 488 15 18 0.92269665 
69 521 46 45 0.9012058 
923 513 48 55 0.8954566 
332 546 32 51 0.8733357 
948 372 25 30 0.8347677 
70 453 18 20 0.7661785 
855 380 11 16 0.7595913 
818 401 25 31 0.6666682 
373 496 27 31 0.50709015 
46 420 13 16 0.505421 
169 507 37 48 0.48494694 
880 363 13 15 0.4462812 
798 369 10 13 0.4403187 
892 588 64 77 0.41212332 
834 367 9 11 0.3616608 
0 527 17 22 0.35776296 
79 399 9 13 0.34509063 
817 358 11 14 0.32063326 
52 396 11 14 0.27496675 
151 401 11 15 0.25068876 
768 358 8 11 0.24038427 
301 509 13 15 0.23946553 
168 387 10 13 0.23280084 
880 391 21 23 0.22683698 
4 397 13 16 0.21816786 
819 389 14 17 0.20360944 
25 502 11 13 0.20057824 
872 394 19 21 0.18139099 
729 413 36 54 0.1755387 
866 358 10 12 0.17281502 
814 391 23 31 0.16414307 
169 485 34 42 0.15782379 
120 404 11 14 0.15437005 
-1 533 24 36 0.14456184 
125 524 24 31 0.13535549 
766 375 10 13 0.13334064 
890 391 17 20 0.13272691 
94 389 12 15 0.123211995 
912 470 50 58 0.123108596 
628 500 27 34 0.120035626 
1008 343 11 15 0.11554356 
898 392 15 18 0.11503906 
163 439 16 24 0.11428717 
41 424 14 17 0.1135842 
191 385 12 15 0.11103578 
115 486 20 26 0.106498316 
280 559 25 37 0.10016315 
10 397 13 15 0.0980323 
479 507 27 43 0.09246799 
48 393 10 13 0.08916534 
830 406 19 23 0.08453773 
856 608 79 81 0.083501145 
762 357 9 12 0.080978595 
558 475 15 19 0.07889228 
963 370 15 20 0.078860365 
887 563 62 70 0.0786038 
742 366 11 14 0.07849518 
727 379 11 15 0.077157706 
137 486 14 17 0.07511864 
992 335 9 12 0.07121055 
115 511 15 23 0.07084642 
345 549 36 46 0.06988983 
327 544 24 41 0.06988736 
767 354 8 10 0.06904411 
71 506 33 38 0.06904113 
474 478 43 63 0.06888607 
794 367 10 13 0.06817642 
816 384 12 14 0.06634807 
988 359 24 32 0.06537068 
160 445 25 33 0.064103745 
984 351 9 13 0.062232178 
125 523 14 21 0.06160651 
87 404 10 12 0.061157897 
197 466 24 31 0.06106064 
645 483 15 19 0.060668435 
168 530 50 63 0.06038953 
0 420 8 12 0.058956817 
729 387 11 14 0.056790892 
761 373 10 13 0.055271804 
785 422 32 38 0.053561512 
841 351 9 10 0.05282503 
459 530 28 35 0.052673973 
165 468 31 40 0.052263323 
606 479 11 15 0.05223886 
791 353 7 9 0.051985808 
822 493 31 33 0.05171893 
768 363 9 11 0.051518265 
22 492 12 16 0.049427018 
149 407 15 18 0.04904414 
297 521 26 36 0.04779219 
1 413 9 15 0.046991397 
406 522 29 36 0.04689698 
816 341 10 11 0.046699632 
30 397 9 12 0.04627517 
726 374 10 13 0.04556368 
117 447 15 18 0.044899568 
859 376 12 14 0.044566043 
773 359 8 10 0.043699857 
10 523 15 19 0.04277634 
892 364 11 14 0.04264058 
945 322 16 19 0.04257541 
921 456 51 52 0.04236957 
140 376 15 17 0.042111285 
468 518 29 40 0.041671168 
291 539 24 32 0.04155504 
297 504 21 24 0.041554645 
60 512 25 31 0.041455 
977 355 24 31 0.041352913 
23 397 9 12 0.041211877 
779 404 24 32 0.040960874 
846 349 9 11 0.04093434 
503 480 48 59 0.04084477 
63 450 16 20 0.040146172 
806 352 8 10 0.03944971 
806 372 9 12 0.039066724 
814 370 11 13 0.03791297 
732 381 12 15 0.03778443 
960 363 24 33 0.037716493 
899 535 57 61 0.03722502 
102 513 26 36 0.037156586 
136 522 17 21 0.036465812 
70 475 15 19 0.036402497 
644 482 27 33 0.036275085 
122 399 12 15 0.036161102 
536 476 13 16 0.035280302 
844 367 10 12 0.034222845 
19 483 12 15 0.034149233 
774 375 9 12 0.034051314 
612 492 16 21 0.033962045 
268 559 41 58 0.033140894 
791 357 8 10 0.03302614 
847 343 10 12 0.032918163 
869 382 11 14 0.032886785 
837 369 11 13 0.032755304 
178 469 32 39 0.032581553 
167 356 15 17 0.0324705 
820 352 10 11 0.03243926 
85 398 10 14 0.032309487 
0 519 13 20 0.03229839 
786 353 8 9 0.032019444 
156 409 13 18 0.031989835 
777 390 10 13 0.031958368 
944 453 31 35 0.031938925 
15 477 12 15 0.031693812 
877 364 20 23 0.03148445 
143 397 13 15 0.031471338 
725 367 11 14 0.031453576 
64 390 10 13 0.031397935 
246 542 40 54 0.031195134 
1000 361 16 21 0.031167509 
921 593 42 54 0.031103006 
329 527 31 41 0.03083163 
40 392 9 12 0.030620568 
172 437 14 19 0.030487595 
151 443 22 32 0.030130861 
113 519 25 36 0.029710801 
589 472 14 16 0.029636927 
719 532 12 16 0.029343301 
385 526 48 60 0.029265724 
599 475 12 15 0.029188206 
283 554 17 25 0.02895938 
975 356 12 16 0.02887913 
854 349 8 10 0.028858203 
913 512 33 47 0.028810339 
299 518 18 23 0.028587328 
972 586 41 59 0.02831847 
838 359 9 10 0.02818634 
337 562 33 55 0.028165592 
409 531 50 60 0.02794958 
897 350 8 10 0.027901504 
801 405 29 35 0.027818682 
1 515 24 30 0.027794542 
110 494 18 24 0.027691009 
762 352 9 11 0.027325658 
785 368 8 10 0.027162837 
816 414 27 37 0.027131498 
413 531 31 36 0.027125424 
950 348 9 12 0.027107153 
417 528 17 21 0.027097223 
802 351 8 10 0.026917167 
852 408 13 18 0.026504923 
185 388 11 13 0.026419697 
121 514 16 23 0.026414212 
237 549 29 44 0.02585879 
741 360 10 13 0.025764927 
792 382 10 14 0.025758957 
741 377 11 15 0.025646547 
328 572 28 43 0.025505394 
165 483 16 20 0.025421293 
945 349 9 11 0.025294408 
982 344 10 12 0.025215345 
774 364 8 10 0.025117632 
226 528 43 51 0.025050404 
164 378 19 24 0.025032971 
157 434 16 22 0.024951834 
72 391 9 12 0.024944976 
856 381 20 25 0.024902504 
21 496 19 24 0.024851467 
748 371 11 13 0.024801666 
833 333 11 13 0.024785122 
670 542 14 20 0.024767023 
735 372 11 14 0.024765998 
382 507 45 52 0.02476436 
188 353 13 17 0.024744445 
886 359 19 25 0.024733286 
986 591 27 35 0.0246366 
845 404 12 18 0.024607548 
976 350 10 13 0.02432816 
412 510 26 32 0.024302574 
620 491 27 35 0.024302073 
995 366 25 34 0.024113135 
13 419 12 15 0.024109494 
352 544 51 62 0.02409126 
774 395 23 32 0.024037339 
61 396 9 13 0.02391238 
612 484 13 17 0.023896953 
143 411 13 16 0.023871988 
172 447 24 32 0.023786113 
4 418 12 16 0.023519743 
181 427 14 17 0.023174806 
148 484 11 15 0.023159435 
1 390 21 26 0.023112368 
283 544 42 56 0.023038285 
538 470 16 19 0.022905579 
114 500 24 30 0.022887234 
146 392 20 26 0.022823678 
972 363 14 19 0.022804452 
536 472 24 30 0.022646317 
99 424 16 21 0.02245451 
356 514 14 17 0.022358928 
954 299 49 59 0.02235677 
116 400 20 25 0.022329424 
870 353 9 11 0.022122642 
277 567 16 23 0.022046836 
836 401 21 27 0.022037968 
289 551 18 24 0.022018958 
966 307 31 36 0.021892235 
1015 323 9 13 0.021737136 
374 556 55 62 0.021715667 
782 372 9 12 0.021660503 
988 356 13 19 0.021578051 
965 356 14 17 0.021527935 
132 404 12 14 0.021526448 
285 545 17 23 0.021515314 
992 311 29 35 0.021498268 
866 354 18 23 0.021480737 
174 429 20 26 0.021450194 
19 468 12 15 0.021425841 
126 399 24 26 0.02138865 
493 477 37 50 0.021267492 
906 481 73 94 0.02123988 
761 378 12 14 0.02119547 
760 366 9 11 0.021165961 
900 560 39 43 0.021162888 
407 515 13 16 0.021093259 
744 413 39 55 0.02103826 
633 486 28 35 0.021025332 
260 540 195 223 0.021020697 
545 476 24 29 0.02100996 
793 364 19 22 0.021001915 
31 392 10 12 0.020735608 
175 428 13 16 0.020668782 
47 391 19 22 0.020458467 
865 353 9 11 0.020453513 
932 360 38 47 0.020440018 
913 448 37 42 0.020432051 
11 511 23 29 0.02038407 
388 504 28 34 0.020292688 
61 474 15 19 0.020256659 
994 345 25 33 0.020142106 
821 343 10 11 0.02005756 
780 398 13 17 0.02000974 
