2_Demonstration_Protesters_2_352
77
134 463 32 51 0.9978194 
138 408 34 51 0.99726295 
588 188 43 56 0.9924016 
680 529 44 77 0.97565734 
67 227 12 14 0.590237 
423 473 38 64 0.4739623 
674 235 14 18 0.36839968 
363 604 54 71 0.3596299 
718 134 21 28 0.26467398 
817 488 39 62 0.26416275 
706 544 53 67 0.22748718 
607 627 46 68 0.21021304 
918 508 36 56 0.18327202 
457 612 48 76 0.18147565 
-4 514 39 67 0.18018615 
69 481 26 51 0.13425134 
958 507 46 69 0.13287832 
934 206 10 13 0.10237184 
56 487 30 53 0.088181116 
310 496 50 70 0.07886413 
931 501 42 63 0.07455884 
210 464 31 33 0.07327065 
129 429 41 49 0.06706582 
381 274 9 12 0.06525148 
926 205 13 15 0.063484855 
150 222 11 14 0.057219405 
665 507 32 51 0.053544275 
179 434 15 17 0.050811563 
825 511 35 50 0.04377727 
410 615 63 71 0.03850949 
175 433 26 32 0.03340204 
711 568 57 71 0.033375934 
805 603 95 116 0.031790875 
921 206 10 14 0.031471185 
167 426 26 29 0.031356767 
389 608 33 54 0.03119441 
370 487 32 55 0.029947156 
916 502 24 45 0.02959226 
770 116 16 20 0.02956411 
943 511 75 105 0.029232532 
124 421 32 38 0.02812009 
48 506 34 54 0.027846217 
456 143 26 32 0.027064575 
148 458 44 58 0.027056763 
760 214 11 14 0.02639227 
465 598 33 61 0.026327835 
920 224 25 32 0.025867881 
160 529 12 17 0.02540881 
148 558 12 16 0.024980638 
37 263 14 17 0.024843173 
107 402 77 101 0.02472628 
318 150 11 14 0.024430666 
345 462 51 71 0.02429166 
671 503 44 72 0.024050897 
170 469 47 57 0.023794279 
389 227 11 12 0.023682706 
814 476 31 45 0.023682525 
400 239 9 11 0.023578143 
19 510 49 72 0.023297947 
633 641 36 52 0.023275426 
424 585 85 113 0.023011247 
327 261 10 12 0.022902323 
350 561 86 119 0.02239323 
285 107 10 12 0.022345839 
92 439 27 35 0.022246892 
236 510 30 42 0.022015993 
78 477 30 47 0.021729955 
152 426 30 37 0.021316942 
659 225 14 18 0.021284757 
947 499 39 51 0.020678226 
329 481 54 74 0.020642582 
366 137 12 13 0.020520128 
637 313 17 22 0.02050135 
341 126 11 14 0.020259507 
133 521 29 41 0.020225054 
309 148 10 14 0.020186132 
115 434 32 30 0.020134911 
