2_Demonstration_Demonstration_Or_Protest_2_158
301
518 188 40 52 0.987004 
472 231 29 35 0.9768166 
183 217 28 40 0.96928823 
986 218 33 38 0.96537894 
855 238 21 25 0.9415324 
62 265 15 19 0.7866016 
178 249 29 43 0.7565147 
522 135 17 20 0.7378816 
11 193 23 35 0.6851254 
757 263 37 38 0.639074 
101 254 13 15 0.50639826 
675 258 12 16 0.46817848 
695 259 8 12 0.42949057 
278 252 13 15 0.4044669 
746 272 39 42 0.3478675 
284 251 12 14 0.3349571 
304 254 9 13 0.3236093 
879 129 21 27 0.24831656 
805 243 14 20 0.21852282 
851 122 16 22 0.2129811 
371 241 16 20 0.21204175 
252 260 12 14 0.20510846 
669 252 15 18 0.18657616 
140 246 14 19 0.17432258 
744 24 11 15 0.16152015 
727 242 13 18 0.16065519 
296 253 9 13 0.15939264 
100 261 15 20 0.14712545 
876 207 32 42 0.123809606 
270 258 11 15 0.12245535 
870 21 10 13 0.11949556 
888 131 21 26 0.11898632 
774 259 29 35 0.118706495 
665 252 11 14 0.11566617 
398 256 11 17 0.11286504 
818 79 23 31 0.11119403 
448 214 12 15 0.11076285 
327 255 9 12 0.107728034 
310 257 9 13 0.10355407 
86 268 39 52 0.10308036 
371 250 22 29 0.10007517 
105 258 14 17 0.09947914 
460 233 28 30 0.097976215 
29 163 16 23 0.0912477 
816 115 29 35 0.0895592 
856 517 125 130 0.08952468 
815 14 10 13 0.086926855 
328 259 10 15 0.085158765 
872 16 10 12 0.08462464 
679 0 20 19 0.07924428 
521 143 17 20 0.0787473 
263 254 11 14 0.078690976 
122 329 39 38 0.07680266 
719 229 9 12 0.07662117 
353 231 9 12 0.07517934 
32 246 10 15 0.074507326 
419 223 7 10 0.07447054 
856 229 38 46 0.07355574 
398 223 8 10 0.070199974 
321 238 9 12 0.068124674 
58 260 13 16 0.067572705 
811 241 14 18 0.06723609 
980 224 43 62 0.06683142 
354 129 15 21 0.06578926 
319 223 9 12 0.064719394 
768 273 38 49 0.06450297 
364 247 17 23 0.06429033 
821 241 12 16 0.062857434 
860 146 12 16 0.06227102 
798 278 39 45 0.061719164 
301 247 12 17 0.061234295 
724 255 26 37 0.061011445 
630 243 13 15 0.06062657 
326 236 10 13 0.060338575 
786 271 37 44 0.05935798 
383 230 9 11 0.059278447 
631 253 12 14 0.058625642 
283 257 15 17 0.058253016 
17 239 26 34 0.056883007 
4 206 32 46 0.055689007 
340 339 39 42 0.055542834 
861 46 9 12 0.05512543 
654 279 16 21 0.054475553 
321 227 10 13 0.053682294 
376 213 8 12 0.05337082 
246 266 12 16 0.05307995 
668 244 14 18 0.05303803 
136 251 13 18 0.052312873 
358 251 14 19 0.05191351 
134 247 22 30 0.051540937 
394 222 7 10 0.051389612 
358 229 9 13 0.05045907 
884 98 14 18 0.050073236 
479 131 10 15 0.049430735 
623 237 11 14 0.049346626 
360 222 8 10 0.048695784 
385 222 7 10 0.048588138 
247 252 11 14 0.048138928 
807 231 25 31 0.04787264 
660 387 13 16 0.047531173 
380 237 10 15 0.047089692 
729 249 15 20 0.047045715 
735 265 31 38 0.046917863 
898 136 15 19 0.0467407 
848 127 22 30 0.045833107 
394 131 12 16 0.04559159 
670 263 16 18 0.04542386 
392 253 13 17 0.045160178 
806 323 62 66 0.045130726 
688 259 10 14 0.04481957 
369 215 8 10 0.044733144 
96 250 21 26 0.04389059 
378 261 17 21 0.04324308 
749 55 12 17 0.04287537 
269 239 10 12 0.042461976 
868 222 28 36 0.042310584 
479 240 35 38 0.04230923 
519 155 24 31 0.042048827 
878 243 13 17 0.041977014 
96 250 39 50 0.041755352 
382 207 9 11 0.041365333 
877 38 10 14 0.040712498 
749 76 11 15 0.040592797 
264 245 10 13 0.040526308 
173 229 29 36 0.04035616 
126 254 21 30 0.039694693 
271 249 19 24 0.039254222 
615 253 12 14 0.03918414 
719 236 11 16 0.038199726 
811 218 27 34 0.03801692 
269 244 11 15 0.0379827 
102 231 8 10 0.03773959 
343 221 8 10 0.037618656 
116 251 14 18 0.03746227 
700 260 10 12 0.036791872 
647 246 10 13 0.036664624 
188 240 31 43 0.036576178 
743 118 15 20 0.036269978 
663 270 25 29 0.03613428 
253 247 10 13 0.036061674 
377 208 8 11 0.036015857 
828 119 29 38 0.035857346 
881 92 22 31 0.035790544 
260 249 19 25 0.035155505 
264 239 10 12 0.035142425 
797 241 17 23 0.035108555 
317 259 11 14 0.034749225 
292 258 13 16 0.034337528 
690 305 13 18 0.034215927 
10 224 30 40 0.03412772 
871 38 11 14 0.034030605 
503 211 11 16 0.033407092 
516 82 12 16 0.033227738 
289 247 19 23 0.032789692 
420 228 9 13 0.032510176 
360 216 9 11 0.03250223 
25 250 24 31 0.03249785 
286 215 8 12 0.032398954 
780 248 29 36 0.032204088 
248 255 20 25 0.03189596 
390 265 14 19 0.031474907 
334 236 9 12 0.031236885 
542 149 14 17 0.031085573 
875 19 12 14 0.031001018 
742 14 12 18 0.030727793 
97 232 9 10 0.030054417 
366 219 8 12 0.03004995 
821 4 10 13 0.029915575 
320 254 9 13 0.029793836 
684 270 11 14 0.02956127 
325 223 10 12 0.02919045 
194 231 18 29 0.029136987 
156 231 17 22 0.029036678 
994 233 19 25 0.02898352 
240 265 12 17 0.02895439 
123 245 12 15 0.028912235 
823 36 9 13 0.028891502 
117 316 14 19 0.028860295 
367 264 14 19 0.028735628 
58 268 23 30 0.028650906 
615 299 31 41 0.028534064 
754 283 39 47 0.028411224 
689 248 20 26 0.028374404 
396 124 13 16 0.028287008 
687 312 13 17 0.028175477 
620 252 11 14 0.02816801 
808 31 9 11 0.028141195 
788 233 14 18 0.028129058 
747 20 14 19 0.02809516 
302 230 11 13 0.027722662 
319 243 9 13 0.027551705 
566 145 13 16 0.027402518 
20 183 23 35 0.027395414 
160 217 27 30 0.02718851 
193 259 31 45 0.02709726 
797 249 24 34 0.027083654 
288 229 9 13 0.027028168 
518 151 15 19 0.026880698 
675 273 17 21 0.026849251 
344 214 9 11 0.026736965 
192 419 62 64 0.026649253 
325 255 18 24 0.026578492 
454 239 16 22 0.02653352 
107 320 14 18 0.026300343 
814 202 28 38 0.026282638 
69 290 14 19 0.026218973 
109 247 14 18 0.026094055 
727 221 9 12 0.026032573 
348 268 14 17 0.025964605 
88 261 12 16 0.025812007 
718 233 21 27 0.025795558 
295 236 10 14 0.025776839 
757 14 15 18 0.025733326 
871 179 29 36 0.02566776 
647 237 9 12 0.025621964 
364 266 24 28 0.025563315 
118 238 11 14 0.02553639 
516 174 30 37 0.02551635 
241 253 10 13 0.025463777 
825 235 14 18 0.025341472 
261 266 11 15 0.025277179 
907 132 11 14 0.0252415 
879 126 14 19 0.02521975 
873 44 9 12 0.02510079 
351 259 13 16 0.025098672 
145 354 30 36 0.025024023 
636 237 12 15 0.024933634 
382 213 9 12 0.024882652 
79 221 9 12 0.024793051 
710 253 10 13 0.024739435 
820 118 17 20 0.02471812 
879 28 11 14 0.02461951 
751 5 10 13 0.024496127 
861 39 11 14 0.024454976 
85 259 26 30 0.02441011 
623 243 12 15 0.024355995 
676 245 13 16 0.024331436 
671 238 12 14 0.02422565 
499 236 15 18 0.024207491 
881 70 9 13 0.02417846 
732 218 11 14 0.024133263 
113 259 22 31 0.024086652 
124 252 14 18 0.02399934 
730 258 14 20 0.023978088 
137 439 50 54 0.023652397 
438 220 13 16 0.023590643 
0 148 9 16 0.023343682 
36 161 21 29 0.023319684 
297 251 19 23 0.023275329 
237 261 22 29 0.023251275 
665 190 9 11 0.02312954 
341 268 14 17 0.023087677 
446 213 20 25 0.023029301 
619 231 21 25 0.022779835 
38 265 13 17 0.022612564 
557 249 378 496 0.02259831 
98 288 31 41 0.02253531 
68 254 12 15 0.022520924 
431 191 9 11 0.022491897 
654 294 15 20 0.022359239 
858 126 13 20 0.022218669 
557 202 15 19 0.022190845 
221 236 12 14 0.022085723 
718 315 10 14 0.02203993 
399 228 8 10 0.021989267 
632 215 9 10 0.02196304 
816 30 8 12 0.021930654 
102 237 10 13 0.021930613 
448 209 10 12 0.021889772 
327 245 9 12 0.021867963 
704 461 231 230 0.021818072 
114 279 42 54 0.021734161 
660 289 27 36 0.021733077 
72 282 26 36 0.02172473 
67 262 23 28 0.021699172 
429 241 14 17 0.021580359 
125 268 15 23 0.02147746 
423 243 11 14 0.021466209 
62 230 11 14 0.021396311 
865 237 16 19 0.021381589 
779 105 25 34 0.02128237 
148 234 14 19 0.021247491 
677 262 20 26 0.021215385 
343 230 9 12 0.021087877 
286 237 11 13 0.021069743 
402 254 12 15 0.021035414 
488 233 27 30 0.020981535 
358 198 10 12 0.020960776 
56 271 16 20 0.020814674 
47 161 449 480 0.020796994 
314 223 9 11 0.020786647 
110 306 26 34 0.020655401 
340 259 13 17 0.020646213 
409 237 9 13 0.02054922 
784 234 26 32 0.020535393 
608 250 24 27 0.020511668 
863 51 9 13 0.020362303 
348 283 14 19 0.020334657 
621 231 12 14 0.020244198 
377 218 8 11 0.020238146 
648 232 9 12 0.020109447 
