2_Demonstration_Protesters_2_577
38
811 545 25 32 0.99567753 
163 466 22 25 0.96513444 
610 560 15 21 0.93977475 
477 447 19 23 0.86403656 
101 455 16 20 0.13982879 
233 380 112 126 0.07939008 
134 451 12 15 0.07061174 
2 411 14 19 0.05669013 
93 457 16 20 0.052603617 
868 553 14 20 0.04670355 
244 313 440 457 0.03615591 
86 461 14 16 0.035865627 
165 442 14 17 0.034056958 
197 312 207 247 0.03363526 
780 549 13 17 0.032995597 
62 430 10 13 0.03206485 
318 659 29 30 0.03148601 
166 446 22 28 0.030540094 
108 749 11 12 0.029748157 
173 445 13 15 0.029667778 
101 447 13 15 0.028962936 
214 446 13 15 0.028183853 
870 521 12 14 0.027870033 
766 297 12 17 0.027353428 
156 462 37 45 0.025437815 
94 444 14 17 0.025001738 
887 516 11 15 0.024987545 
116 483 13 15 0.024849087 
134 437 11 12 0.024846157 
22 428 11 13 0.024274923 
1001 320 23 34 0.023530656 
135 431 10 12 0.023433307 
847 556 13 17 0.023324816 
284 386 97 128 0.022538664 
869 548 22 30 0.022247983 
854 524 12 15 0.02174659 
788 567 13 16 0.020962035 
101 438 12 15 0.020533916 
