2_Demonstration_Protesters_2_826
276
627 73 30 42 0.99961746 
605 139 36 44 0.99940753 
893 236 63 80 0.99931514 
706 199 52 76 0.995462 
544 167 43 54 0.9947402 
582 74 26 34 0.9777188 
498 150 29 39 0.976435 
59 92 26 33 0.953391 
518 68 15 19 0.9361896 
544 104 18 25 0.8913624 
516 124 19 23 0.7332561 
180 117 13 17 0.7237427 
225 101 18 23 0.71799564 
210 81 18 20 0.6621092 
563 58 18 23 0.6231877 
256 67 11 14 0.5407834 
550 65 12 17 0.5330327 
92 82 12 15 0.47088557 
688 68 11 15 0.3613113 
382 184 50 56 0.32989457 
385 82 15 18 0.3284887 
426 88 15 18 0.30821633 
143 102 10 14 0.29293633 
536 76 11 14 0.24959292 
504 130 38 53 0.24272525 
200 109 13 17 0.23489931 
618 66 13 16 0.22841816 
359 86 23 30 0.22278017 
487 77 11 15 0.20074013 
399 56 8 10 0.17237563 
405 89 10 15 0.1704924 
359 90 14 18 0.17045528 
338 135 28 40 0.16778046 
315 97 15 20 0.1660049 
364 191 49 55 0.16196874 
546 32 7 9 0.15262884 
312 93 12 17 0.13684982 
132 100 15 17 0.118782446 
157 79 9 11 0.11380031 
98 82 13 16 0.11238313 
485 71 10 14 0.107263245 
532 106 21 27 0.10366034 
885 80 12 13 0.10314705 
181 86 9 12 0.10203524 
215 85 21 28 0.100595206 
477 75 15 18 0.09883033 
369 82 23 28 0.09821988 
781 86 11 15 0.09813236 
456 56 8 11 0.098128684 
853 93 20 29 0.09787127 
279 39 9 11 0.09775466 
43 94 28 32 0.09774355 
381 87 14 17 0.09671584 
321 38 8 12 0.09126715 
513 67 12 17 0.09081845 
256 73 12 17 0.089676976 
870 63 12 14 0.0896372 
397 166 46 58 0.0870887 
147 106 12 15 0.08708202 
153 84 9 12 0.079870395 
425 134 32 45 0.07755028 
31 98 29 33 0.07703062 
413 104 12 16 0.074798375 
511 64 10 14 0.074480996 
126 103 15 17 0.07244095 
235 70 11 14 0.0698012 
504 64 9 12 0.06849803 
399 85 11 14 0.06689876 
522 119 22 27 0.06626798 
687 80 14 19 0.06606631 
676 55 10 12 0.065805204 
552 101 22 27 0.0641083 
434 91 14 17 0.063561514 
543 69 12 15 0.06324749 
664 224 33 50 0.0631155 
206 77 13 17 0.06294759 
490 100 16 21 0.062353607 
463 54 9 13 0.06194699 
323 98 15 20 0.06117801 
449 54 9 12 0.06097773 
466 96 18 24 0.06095806 
405 97 14 20 0.06077245 
563 100 15 19 0.060590487 
206 71 11 14 0.05959369 
135 132 13 17 0.058511954 
861 85 15 17 0.05669831 
173 128 14 19 0.056603953 
212 115 14 18 0.056548685 
664 168 30 42 0.05505754 
361 319 88 132 0.054286942 
414 86 19 24 0.052085787 
232 74 12 15 0.05134781 
426 79 14 18 0.04827902 
413 69 9 12 0.04632139 
200 76 11 14 0.045980025 
731 130 10 16 0.04569478 
255 40 8 11 0.04569005 
212 102 24 26 0.04549833 
333 93 12 16 0.044735745 
876 62 11 14 0.044329833 
136 98 19 23 0.042817034 
334 61 8 10 0.042742055 
466 149 24 30 0.042732432 
0 130 11 19 0.042716287 
529 74 21 26 0.042650715 
513 132 21 27 0.04227295 
457 82 24 33 0.041976828 
411 94 20 26 0.041774597 
126 95 14 17 0.04173107 
398 59 10 12 0.04153835 
284 76 12 15 0.040904626 
463 71 25 30 0.04071094 
40 97 46 51 0.04060989 
351 86 12 16 0.0400516 
141 113 14 17 0.040026173 
554 62 17 21 0.039970674 
429 94 25 30 0.039584186 
54 52 12 15 0.03935853 
419 104 13 18 0.039235342 
413 63 10 12 0.0391008 
400 86 19 25 0.03906791 
443 137 28 33 0.038829807 
121 100 13 16 0.038126606 
529 32 7 9 0.037806835 
391 63 10 11 0.037791844 
594 67 17 20 0.037786145 
460 138 16 21 0.037439726 
45 99 16 20 0.03743476 
285 39 9 11 0.037387777 
526 55 10 12 0.037384912 
389 80 19 25 0.037309423 
329 61 8 11 0.03726681 
27 22 16 21 0.036837906 
413 85 12 16 0.03662592 
734 60 10 14 0.03643287 
509 149 43 53 0.036319796 
320 64 9 11 0.036303144 
252 63 18 24 0.036144305 
333 105 12 15 0.0358139 
273 39 9 12 0.035713203 
683 67 19 26 0.035698257 
218 79 13 16 0.035684064 
572 67 23 28 0.035294585 
888 54 9 12 0.035219353 
623 35 11 13 0.03486934 
464 38 9 10 0.03476444 
804 159 9 12 0.03456793 
559 54 14 18 0.034226555 
325 38 9 11 0.03419401 
523 63 13 15 0.034174696 
353 63 8 10 0.034008626 
82 84 20 27 0.033940986 
692 104 13 18 0.033887483 
175 111 13 17 0.0335716 
264 42 9 12 0.033330195 
863 52 10 12 0.03302786 
126 79 11 13 0.03279485 
203 95 23 29 0.03261945 
311 103 13 18 0.032518297 
442 92 13 16 0.032252733 
867 77 13 16 0.031288445 
286 68 11 15 0.031159854 
672 58 11 14 0.030998696 
384 63 9 11 0.030796727 
71 82 22 32 0.030717831 
28 106 16 21 0.030649338 
414 77 11 14 0.030320773 
454 73 13 18 0.03030212 
90 78 19 23 0.03005335 
258 62 12 15 0.029820694 
568 31 8 11 0.029814672 
548 67 20 24 0.029520925 
200 78 23 28 0.029341796 
355 112 16 20 0.029285746 
550 56 11 14 0.029281678 
20 13 28 33 0.029270919 
406 140 41 50 0.028839303 
660 185 31 45 0.028785767 
596 60 15 18 0.028597157 
383 87 23 29 0.02830839 
303 93 12 16 0.027598511 
310 84 20 27 0.027502738 
534 154 43 52 0.027204847 
866 89 14 18 0.027032118 
540 91 14 18 0.027008513 
328 69 9 12 0.026895352 
545 35 9 11 0.026701141 
498 101 14 18 0.02665732 
201 112 22 26 0.026645593 
355 100 17 24 0.026505781 
270 59 11 15 0.026470143 
122 53 9 10 0.026333865 
333 70 9 11 0.025974108 
471 38 8 10 0.025946496 
294 67 11 14 0.02575581 
398 97 15 20 0.02574654 
529 37 8 10 0.025161555 
473 95 21 30 0.025098694 
602 65 15 19 0.025045257 
237 84 12 16 0.024972819 
690 89 12 17 0.024931354 
407 77 11 15 0.024872618 
13 79 10 15 0.024791319 
742 500 31 43 0.024738278 
678 82 13 17 0.024721488 
481 152 25 34 0.02454791 
301 38 9 12 0.024518842 
297 37 9 12 0.024499897 
132 127 23 27 0.024448736 
70 96 17 23 0.024344452 
129 106 23 26 0.02427951 
144 53 8 10 0.02421617 
389 126 45 46 0.024099959 
603 129 27 36 0.023868248 
407 53 9 12 0.023783814 
303 94 19 27 0.02364481 
774 651 57 59 0.02355499 
369 94 18 23 0.023525516 
167 107 12 17 0.023373814 
273 78 21 32 0.023302862 
833 85 11 15 0.023283416 
469 427 22 31 0.023277918 
144 60 8 11 0.023131032 
261 72 23 30 0.023062766 
135 31 10 13 0.022924444 
949 78 12 15 0.022861239 
199 84 12 15 0.022841338 
599 69 35 46 0.022705937 
749 97 12 16 0.022688566 
434 128 30 35 0.02267152 
468 145 16 22 0.022655455 
146 86 20 25 0.022299893 
249 38 9 11 0.022286374 
87 647 64 63 0.022267265 
424 54 8 11 0.02219946 
327 91 20 28 0.022184005 
369 39 9 10 0.022164635 
335 57 8 10 0.02212386 
426 153 43 54 0.02191118 
350 157 51 62 0.02190797 
357 103 24 31 0.021850448 
319 31 9 12 0.021698443 
29 5 26 35 0.021594903 
193 77 9 12 0.021565644 
338 88 20 28 0.021506196 
309 112 13 17 0.021500748 
247 71 19 27 0.021431595 
316 109 17 21 0.02142792 
725 123 12 17 0.02137586 
701 104 12 17 0.021361232 
55 10 14 18 0.021228028 
454 70 23 29 0.021166714 
686 106 13 15 0.02112111 
193 148 39 47 0.021094676 
801 0 11 10 0.021092303 
524 106 17 21 0.021066759 
373 79 12 15 0.020951454 
464 47 8 10 0.020922855 
99 88 16 18 0.020919375 
475 145 16 22 0.020787053 
671 150 30 44 0.02071769 
358 124 49 47 0.020703549 
533 46 9 12 0.020683829 
124 137 14 18 0.020513596 
376 30 8 10 0.020438408 
468 53 10 14 0.020417877 
527 23 7 10 0.020357681 
717 118 14 19 0.020311106 
672 85 12 16 0.020311097 
497 62 9 12 0.020290427 
906 54 9 12 0.020224351 
923 59 13 16 0.020146482 
480 64 11 12 0.0201181 
679 76 20 29 0.02007313 
878 78 21 25 0.020021057 
346 137 16 21 0.02001302 
