2_Demonstration_Protesters_2_362
90
238 359 60 105 0.9931994 
811 407 71 74 0.9804457 
419 493 13 17 0.6583044 
453 506 15 18 0.6539589 
384 520 13 17 0.41066855 
313 525 45 70 0.3568176 
884 519 28 37 0.2893216 
701 532 11 14 0.24616194 
313 330 18 22 0.19593105 
696 504 8 11 0.17331912 
446 502 17 20 0.14689708 
399 496 11 14 0.1461739 
364 493 10 12 0.14414856 
679 511 14 20 0.13338377 
981 477 9 11 0.13121608 
870 532 24 33 0.121124946 
344 14 10 12 0.1124873 
864 0 13 12 0.11017625 
724 509 12 15 0.1005457 
149 466 24 37 0.09420445 
619 434 28 40 0.08294124 
390 543 14 18 0.06651256 
441 506 13 15 0.06564996 
742 481 13 16 0.06439913 
448 477 11 14 0.059326116 
287 531 73 112 0.059231076 
303 332 30 35 0.05867219 
878 509 49 57 0.052657433 
344 9 11 12 0.052323956 
856 539 30 32 0.051565982 
949 474 13 15 0.050681017 
655 518 8 11 0.049975548 
977 471 9 12 0.049043085 
364 541 12 16 0.04692367 
462 548 11 16 0.043583732 
727 503 11 13 0.043569434 
94 452 26 30 0.039400052 
941 472 16 18 0.0391251 
886 364 59 54 0.038710427 
698 555 30 38 0.03733229 
646 493 9 12 0.03581794 
742 491 12 16 0.035024066 
701 502 9 12 0.034997214 
315 43 11 16 0.03486038 
719 514 14 16 0.03472823 
932 511 10 13 0.03281811 
318 436 28 40 0.032788787 
694 529 24 28 0.031188998 
366 496 11 15 0.030911041 
325 14 11 14 0.029989338 
697 543 25 32 0.029903341 
1013 443 9 13 0.029267766 
858 532 44 51 0.029222468 
460 513 12 15 0.028836295 
374 519 15 19 0.027973717 
328 514 43 65 0.02794181 
990 568 9 13 0.027190352 
697 527 10 14 0.027141722 
982 494 8 10 0.026663147 
-7 273 88 135 0.026378943 
1006 591 13 17 0.026274906 
708 560 16 21 0.026193613 
386 9 94 96 0.026141576 
730 508 13 15 0.026093172 
454 555 14 22 0.025737463 
976 501 8 10 0.025604678 
942 459 24 28 0.025580814 
389 507 13 17 0.02520051 
702 519 26 31 0.024597803 
720 506 22 26 0.024252132 
426 494 13 17 0.02394509 
451 481 11 14 0.023533158 
775 5 11 12 0.023272548 
1008 454 9 11 0.023250693 
415 555 12 15 0.02316604 
300 420 45 63 0.022843514 
1009 471 9 13 0.022445701 
732 501 12 13 0.021950865 
105 453 15 19 0.021586126 
387 529 14 19 0.021580564 
306 500 82 109 0.021478469 
394 493 19 23 0.021457525 
399 468 12 15 0.021091508 
529 45 10 13 0.020880356 
1012 423 11 18 0.020641815 
982 485 9 11 0.020609817 
949 491 11 13 0.020545987 
388 510 21 27 0.02035172 
818 474 56 67 0.020328116 
712 512 26 30 0.020241208 
