2_Demonstration_Demonstrators_2_378
321
808 488 59 70 0.9993017 
482 207 31 40 0.9992667 
101 454 66 83 0.99897385 
940 398 58 69 0.99881446 
201 404 57 66 0.9987379 
155 268 39 46 0.99858296 
647 261 37 45 0.99835855 
215 495 73 82 0.998353 
535 257 35 44 0.9983203 
609 324 50 64 0.998192 
99 207 33 35 0.99767584 
601 269 31 34 0.9973236 
398 238 31 35 0.99728537 
673 329 48 58 0.9960284 
647 440 47 58 0.99504733 
154 204 31 36 0.99455607 
193 189 24 32 0.99443 
597 417 47 56 0.9941446 
330 220 24 33 0.99346465 
414 192 35 37 0.9932614 
497 524 71 58 0.992446 
266 222 32 44 0.98954684 
711 405 39 48 0.9890537 
765 318 38 39 0.9889426 
507 358 44 55 0.98743665 
306 276 38 44 0.9873648 
15 207 35 37 0.986949 
359 225 32 39 0.9840386 
221 244 36 44 0.98394024 
210 135 22 26 0.9830564 
435 460 61 68 0.9829763 
262 357 56 63 0.9812471 
868 337 30 32 0.9801585 
504 300 43 52 0.9786049 
572 240 26 30 0.9784007 
310 169 23 27 0.97596383 
105 138 24 28 0.97550166 
948 228 25 31 0.9752246 
92 295 44 51 0.97006804 
325 462 49 59 0.9686091 
551 375 41 51 0.9682102 
347 193 23 29 0.96693903 
93 248 36 40 0.96380603 
496 421 49 65 0.96339345 
736 285 28 34 0.9456833 
433 306 40 48 0.9453196 
755 422 42 55 0.9421188 
907 357 31 35 0.94066113 
159 170 24 26 0.9311419 
525 365 44 54 0.8975052 
959 152 20 28 0.87897897 
925 173 22 25 0.8734018 
891 206 20 27 0.87237746 
649 499 54 59 0.85951036 
370 290 40 47 0.84478146 
0 303 29 60 0.8377206 
751 366 44 48 0.8130585 
137 198 22 30 0.75134623 
696 493 50 58 0.72162783 
928 212 25 29 0.71562684 
843 280 16 21 0.6826826 
295 197 21 26 0.63749933 
848 394 38 43 0.61237884 
1010 133 14 23 0.6031488 
186 377 37 49 0.58435225 
389 331 39 51 0.53406185 
283 279 25 31 0.47794065 
765 376 43 52 0.45612383 
1002 216 23 28 0.4344362 
622 242 23 30 0.40906736 
139 308 26 38 0.40357366 
46 183 28 34 0.35086104 
153 231 31 35 0.31612748 
895 406 30 42 0.30354327 
933 265 17 20 0.3014981 
572 474 33 45 0.28842366 
924 102 11 14 0.25272056 
881 401 29 40 0.23070122 
910 133 14 17 0.22321662 
189 386 49 62 0.20696431 
141 159 18 21 0.20206644 
646 467 56 66 0.19655949 
717 421 49 53 0.19395104 
219 170 21 28 0.19304545 
650 294 31 40 0.18683904 
789 387 33 47 0.17643906 
282 287 31 42 0.16440439 
939 115 16 18 0.15973876 
903 143 22 31 0.15173276 
4 127 36 50 0.14968233 
685 0 40 33 0.14406681 
864 399 36 40 0.14182903 
273 274 26 31 0.13764966 
632 247 16 21 0.13030878 
292 431 39 51 0.12650849 
479 445 52 64 0.12595367 
607 256 28 33 0.114677005 
737 406 45 57 0.11445786 
293 281 36 44 0.110255696 
949 342 17 21 0.10937194 
336 202 26 32 0.10880989 
34 266 27 40 0.10395696 
754 393 38 50 0.10385482 
727 456 40 47 0.10330447 
732 294 43 48 0.10329331 
761 335 37 42 0.10238847 
311 447 46 60 0.10107796 
583 244 18 21 0.0991781 
1009 556 15 21 0.097685985 
171 184 16 21 0.09366266 
243 146 16 19 0.09323023 
674 501 62 69 0.092309564 
905 412 35 42 0.08918082 
995 80 14 19 0.088002644 
554 320 26 35 0.08790771 
862 450 39 50 0.086781465 
263 428 43 55 0.08664371 
826 277 15 19 0.08631968 
233 212 23 30 0.08615491 
206 178 23 31 0.08376474 
287 226 27 37 0.081743196 
708 463 48 57 0.08029927 
164 191 22 31 0.075626515 
10 227 29 33 0.07544616 
1000 201 21 28 0.07454396 
265 212 25 32 0.07435786 
648 359 29 38 0.07337197 
885 454 41 54 0.07274535 
479 327 24 32 0.07119618 
281 205 25 32 0.07108493 
497 458 56 64 0.07016001 
920 105 10 13 0.06975732 
36 190 30 36 0.06852254 
905 373 40 54 0.064698115 
516 230 22 29 0.06305765 
995 89 15 19 0.061437517 
886 432 38 52 0.060848072 
859 313 27 34 0.05979346 
328 407 36 43 0.058800038 
699 416 45 55 0.05841255 
398 253 35 43 0.058075406 
741 265 31 34 0.057626273 
19 273 31 43 0.057137303 
932 307 15 16 0.057054956 
912 103 9 12 0.056280967 
297 186 23 28 0.054160733 
517 449 53 63 0.054063424 
989 96 14 17 0.053802505 
883 341 40 47 0.053721342 
997 222 17 22 0.05342079 
717 510 31 40 0.052922424 
548 249 28 34 0.052699056 
981 342 30 35 0.05183595 
924 371 46 58 0.0518088 
2 204 23 31 0.051203758 
1001 197 15 18 0.0511773 
284 201 18 22 0.050623715 
923 407 48 57 0.050100233 
977 209 22 28 0.04983222 
525 311 43 51 0.049807005 
263 174 13 16 0.049381983 
460 206 24 30 0.049249392 
114 196 29 35 0.04762052 
322 207 26 33 0.047545634 
401 321 29 43 0.04748169 
274 408 43 60 0.046304617 
152 164 22 27 0.04612797 
304 419 42 54 0.046075612 
856 423 49 59 0.045615725 
992 117 12 17 0.04339923 
885 318 13 16 0.043197036 
424 285 29 35 0.042729132 
893 319 13 14 0.04232634 
541 231 24 31 0.04173988 
497 394 53 67 0.04173472 
178 187 24 31 0.041657124 
921 350 26 33 0.04119419 
864 368 29 39 0.04032355 
917 172 17 21 0.04030584 
580 436 46 58 0.03985745 
405 370 32 45 0.039830316 
463 463 56 65 0.0397826 
-1 207 12 21 0.03936303 
935 109 12 15 0.03814399 
912 144 16 22 0.03744356 
866 250 14 18 0.03704002 
271 386 37 45 0.03656874 
221 166 16 19 0.036104232 
939 219 27 33 0.03602703 
863 317 12 16 0.035874847 
824 284 16 22 0.03562509 
508 333 46 58 0.035268888 
903 128 21 28 0.035160765 
77 254 36 45 0.035010304 
97 227 39 45 0.03490372 
290 211 24 34 0.0346002 
14 145 31 39 0.034291614 
2 284 35 58 0.033559613 
260 271 27 33 0.03323185 
865 352 31 39 0.033191428 
480 294 26 35 0.032850277 
900 159 14 19 0.03281968 
696 411 32 39 0.032639015 
745 381 34 39 0.032572746 
904 133 13 16 0.032339245 
272 298 32 38 0.03222636 
414 302 43 54 0.0321125 
214 172 16 20 0.031980947 
585 248 26 35 0.031812403 
329 489 36 46 0.031787395 
923 183 27 30 0.031761825 
403 288 41 50 0.031106269 
948 122 12 16 0.031079061 
858 382 30 39 0.030811135 
134 157 17 21 0.030518705 
961 230 23 30 0.030310128 
1009 229 15 23 0.030194486 
550 330 42 54 0.029930677 
543 487 51 54 0.029853256 
331 192 26 30 0.029693512 
670 3 42 38 0.029574974 
937 159 24 31 0.029293489 
633 345 35 44 0.029183183 
488 542 36 34 0.02918179 
684 439 51 58 0.028994225 
444 488 45 51 0.02868603 
632 279 42 54 0.028491244 
489 314 32 40 0.028323691 
364 241 20 26 0.02812264 
921 97 18 24 0.02807214 
382 1 12 11 0.02806797 
752 305 35 43 0.028047374 
251 178 15 19 0.027896572 
757 533 26 31 0.027868602 
755 298 19 23 0.027822345 
837 400 30 39 0.027159888 
298 227 15 21 0.027155159 
422 319 45 59 0.027039405 
532 383 48 61 0.026839351 
194 334 29 35 0.026738863 
905 477 31 42 0.026632633 
634 517 58 53 0.02660575 
378 226 29 37 0.026603391 
515 274 41 52 0.026445031 
1006 241 15 20 0.026369765 
145 182 26 33 0.026364038 
950 102 10 13 0.026128413 
42 271 17 24 0.0259 
229 226 30 38 0.02579417 
638 250 31 40 0.025618909 
796 375 25 37 0.025568519 
930 167 17 21 0.025491118 
987 201 24 29 0.025340173 
561 309 34 47 0.025318624 
673 420 50 58 0.0252146 
342 187 18 21 0.025167434 
413 271 30 36 0.025109544 
664 16 54 64 0.025019933 
943 232 16 22 0.02498948 
900 169 14 19 0.024984652 
964 140 16 21 0.02491253 
205 441 62 76 0.024859823 
337 383 31 43 0.024709472 
996 119 14 19 0.024588242 
917 353 41 52 0.02434862 
885 409 17 22 0.024168434 
946 335 17 21 0.024019537 
43 269 36 50 0.023977375 
0 175 30 41 0.023872733 
735 508 43 57 0.023796655 
727 396 34 38 0.023656506 
920 390 32 41 0.023654098 
248 504 58 68 0.023549825 
911 157 24 30 0.023503626 
679 266 26 34 0.023487914 
769 408 40 54 0.023420049 
842 384 32 41 0.023074793 
715 445 42 46 0.02299187 
951 152 18 24 0.022938218 
939 345 24 30 0.022681832 
214 184 23 29 0.022601739 
911 178 14 19 0.022536797 
137 234 26 33 0.022506462 
972 132 13 16 0.022501063 
297 234 24 34 0.022475358 
151 250 34 43 0.02231242 
601 245 27 30 0.022279315 
550 237 23 29 0.022205165 
613 244 16 20 0.022065902 
972 215 17 22 0.021959702 
598 291 38 44 0.021814283 
892 219 17 21 0.021760028 
850 418 36 42 0.021738846 
943 351 44 54 0.021697875 
811 255 42 54 0.021373222 
955 222 17 20 0.021343406 
990 225 15 20 0.021302547 
238 424 50 58 0.021283984 
0 395 28 42 0.021228816 
352 207 32 39 0.021198062 
154 180 19 23 0.021175915 
885 249 16 19 0.02117164 
6 234 16 21 0.021132367 
854 358 29 36 0.021000532 
901 138 14 19 0.020926395 
876 317 28 35 0.02090963 
935 119 16 20 0.020908039 
111 216 31 37 0.020839803 
996 232 26 33 0.02080986 
4 232 41 51 0.020807054 
1002 81 14 19 0.020770634 
599 273 19 24 0.020752566 
837 283 23 31 0.020663746 
93 250 20 25 0.020608127 
273 201 24 30 0.020407481 
230 199 23 33 0.020334423 
474 494 60 67 0.02019211 
497 217 25 33 0.020137377 
931 102 11 14 0.020115789 
974 241 14 19 0.020097816 
392 277 35 41 0.020014077 
