2_Demonstration_Demonstration_Or_Protest_2_140
1067
953 636 26 34 0.9990891 
203 539 15 19 0.9919668 
331 519 15 20 0.9916584 
843 630 24 30 0.990812 
765 625 14 19 0.9887425 
803 643 17 21 0.98747164 
636 487 15 18 0.98321646 
493 476 14 17 0.9823268 
413 561 17 21 0.9818635 
451 486 13 16 0.9805542 
742 548 15 19 0.97932565 
770 542 15 19 0.9781083 
531 491 15 19 0.97346884 
522 574 17 22 0.96828896 
331 605 20 24 0.9574386 
756 577 15 19 0.95714575 
785 561 16 19 0.95677423 
431 620 15 18 0.95532626 
955 590 17 21 0.95457625 
137 584 19 23 0.94589186 
834 541 14 17 0.9454824 
157 545 14 18 0.94363856 
561 355 10 13 0.93836945 
615 526 19 23 0.9315517 
547 526 16 19 0.93010557 
638 385 12 14 0.92926085 
763 597 13 16 0.9283337 
383 478 11 13 0.9229012 
740 393 12 16 0.9211543 
245 607 15 21 0.9153307 
907 638 28 32 0.91244036 
559 501 14 18 0.908322 
181 616 15 18 0.9027099 
456 398 9 12 0.89968354 
549 476 12 17 0.8988593 
703 463 13 17 0.897019 
302 606 15 21 0.8952563 
375 632 19 23 0.8829041 
524 528 13 15 0.88213015 
779 521 12 16 0.8581488 
681 477 13 16 0.857819 
806 570 14 18 0.8578012 
687 503 13 18 0.84992176 
724 474 13 17 0.8495419 
593 459 13 15 0.84852636 
860 598 15 18 0.8414304 
713 573 13 16 0.8283323 
565 468 12 15 0.8239718 
630 470 13 16 0.8100558 
414 478 15 18 0.80379814 
611 434 12 15 0.8034654 
249 562 15 20 0.8020091 
512 500 14 19 0.79611385 
645 461 11 15 0.7939821 
853 265 9 11 0.78521097 
364 602 19 21 0.7835928 
545 397 11 14 0.7779663 
600 379 12 16 0.7722982 
299 517 16 20 0.770162 
513 386 12 14 0.76670384 
570 535 18 23 0.75649047 
304 556 17 22 0.75612515 
232 464 15 20 0.7559177 
557 387 11 14 0.7503421 
281 525 12 17 0.7502947 
576 329 12 15 0.7334691 
552 419 10 13 0.72215897 
622 379 10 12 0.71586066 
711 389 10 13 0.71563625 
220 619 14 18 0.7066893 
914 603 16 18 0.6479435 
453 643 16 18 0.6409717 
823 272 10 12 0.6408589 
802 301 12 14 0.63381195 
526 620 22 28 0.6314087 
692 268 10 14 0.61880314 
626 626 17 21 0.6187839 
361 547 17 22 0.6097742 
686 416 13 15 0.60784465 
461 532 11 15 0.6039652 
743 240 9 10 0.5976345 
721 312 11 13 0.59336805 
411 654 21 22 0.58955365 
722 254 8 11 0.58057135 
649 529 16 18 0.5713164 
861 322 11 14 0.5487521 
760 257 10 12 0.546586 
232 486 12 15 0.5412683 
911 579 15 18 0.5327408 
185 653 18 20 0.52373016 
671 318 11 14 0.523157 
490 629 16 19 0.4957045 
160 593 16 19 0.4737133 
858 287 9 12 0.46963078 
988 641 15 20 0.45001262 
784 263 10 12 0.44818607 
485 633 15 18 0.44709206 
798 239 8 10 0.438785 
378 573 14 18 0.43810707 
870 238 9 10 0.43596506 
375 511 14 18 0.4237123 
929 642 17 22 0.41135222 
654 204 10 12 0.3983428 
697 238 9 12 0.39824927 
670 541 14 19 0.39249423 
389 617 14 17 0.3711858 
674 367 10 14 0.3492501 
698 590 15 19 0.33553672 
853 214 9 12 0.32418296 
593 565 24 29 0.32385182 
660 638 23 28 0.31899044 
676 296 11 13 0.3111059 
608 652 23 23 0.31092787 
793 238 8 10 0.30707785 
721 628 17 21 0.30543453 
654 270 10 13 0.30402377 
697 652 16 18 0.30377197 
703 216 7 9 0.302716 
533 299 9 12 0.2997254 
887 227 8 11 0.29014063 
653 599 15 20 0.28481224 
913 179 9 12 0.2768861 
656 332 10 13 0.27366522 
833 184 8 9 0.26846024 
694 358 10 13 0.26809832 
769 234 9 10 0.2671159 
693 541 13 17 0.26388186 
758 207 7 9 0.25897583 
494 430 10 13 0.2573372 
751 286 9 11 0.2554465 
842 239 9 11 0.25263265 
880 285 8 11 0.24540174 
413 531 14 17 0.24271768 
570 445 12 14 0.24183911 
470 587 10 14 0.2356048 
671 391 9 13 0.23506957 
521 277 10 11 0.23452969 
526 373 10 13 0.22656012 
421 502 17 22 0.21791689 
432 589 12 17 0.21687134 
702 483 12 16 0.20651123 
896 279 10 13 0.2056166 
685 522 16 20 0.20186292 
652 557 13 18 0.20145112 
571 430 12 13 0.19756046 
615 279 11 14 0.19576547 
569 285 10 12 0.19025931 
736 271 8 10 0.18911186 
167 514 11 14 0.18898039 
822 173 8 10 0.18465008 
781 208 8 10 0.18038887 
800 214 8 10 0.17772718 
954 215 7 9 0.1710544 
842 143 8 10 0.17081633 
838 181 7 10 0.16994174 
742 213 8 10 0.16809417 
685 382 10 13 0.16688126 
542 256 8 10 0.1668355 
937 224 8 10 0.16674405 
793 233 8 9 0.1659141 
603 310 10 13 0.16437213 
592 347 9 12 0.16017759 
668 247 10 12 0.15838471 
799 262 9 11 0.157567 
825 246 9 11 0.15597881 
584 315 10 13 0.15572348 
564 245 9 13 0.15505584 
716 389 10 13 0.1512944 
692 446 11 13 0.15102164 
721 248 9 11 0.1483338 
687 451 12 14 0.14642185 
679 449 12 14 0.1448057 
877 579 12 15 0.14471003 
871 190 10 12 0.14352866 
757 534 11 15 0.14300662 
592 382 11 14 0.13739897 
570 436 12 13 0.13628007 
631 279 10 14 0.1339679 
883 604 13 17 0.13381298 
838 96 12 13 0.13307327 
831 247 8 11 0.13297993 
832 222 8 10 0.1318593 
597 547 16 19 0.1304715 
524 271 12 15 0.12992714 
633 466 15 17 0.12903076 
909 608 17 18 0.12742402 
679 389 11 13 0.127082 
672 446 10 14 0.12571122 
688 291 11 14 0.123392425 
491 533 15 17 0.12270478 
518 356 11 14 0.121177904 
404 535 16 18 0.119471155 
649 205 10 13 0.11831168 
687 286 10 12 0.11759722 
974 215 6 9 0.11584343 
447 605 13 18 0.11582656 
631 463 11 16 0.115801215 
749 302 8 10 0.11563727 
688 238 8 11 0.11519288 
826 277 11 13 0.11448276 
688 276 10 13 0.11388269 
730 231 7 9 0.11248241 
889 271 8 10 0.11141391 
688 355 12 15 0.11140237 
936 293 11 14 0.11117447 
777 246 8 10 0.111084126 
782 255 9 11 0.10992599 
687 195 8 11 0.10958679 
820 319 10 12 0.10942951 
789 317 9 13 0.10773763 
737 224 7 8 0.10602717 
839 244 9 11 0.10467417 
773 238 8 10 0.10408741 
754 207 7 9 0.1025966 
751 293 8 10 0.10144881 
634 477 15 18 0.100868694 
810 624 15 18 0.09857523 
815 200 8 9 0.098072454 
810 159 7 9 0.09600291 
976 248 6 8 0.09599106 
303 580 13 18 0.0956008 
805 278 9 12 0.095511794 
598 279 10 13 0.09525906 
969 215 8 10 0.094880804 
741 207 9 12 0.091506496 
881 224 8 10 0.09030935 
625 611 16 19 0.08943123 
180 475 10 13 0.08909546 
738 214 7 10 0.089070834 
748 240 9 11 0.089007795 
521 374 10 12 0.088118315 
831 188 8 11 0.08788152 
211 572 12 15 0.08756731 
767 216 7 10 0.08716409 
745 175 7 9 0.087158345 
747 650 17 22 0.08702307 
281 594 24 30 0.08683259 
703 220 8 10 0.08682276 
799 233 7 10 0.0867754 
958 215 8 10 0.085837714 
579 622 18 24 0.08551327 
721 342 10 13 0.084851004 
741 601 14 16 0.08441083 
380 600 14 18 0.084147714 
894 221 8 10 0.08398642 
519 351 11 13 0.08394016 
665 453 10 13 0.08392648 
468 393 12 15 0.083893865 
816 293 10 14 0.08380006 
752 280 9 11 0.08262622 
139 612 14 18 0.0820569 
608 246 10 13 0.08204382 
829 579 13 15 0.08125233 
984 263 8 10 0.08117606 
583 230 8 11 0.08086318 
717 620 14 18 0.080731966 
736 230 7 10 0.07918598 
881 279 8 12 0.07895955 
916 177 9 11 0.07887412 
690 531 16 21 0.07876764 
734 264 8 10 0.07797406 
767 566 12 14 0.07791195 
665 250 10 12 0.077868745 
785 240 8 10 0.077371724 
858 605 17 20 0.07677839 
681 215 8 10 0.07631536 
961 232 8 10 0.07617694 
281 537 15 20 0.07602161 
873 286 9 11 0.07598768 
684 350 12 15 0.07548935 
475 586 12 15 0.075071245 
659 542 20 25 0.07419446 
927 316 10 13 0.074052215 
766 655 12 15 0.07377158 
598 245 9 12 0.0737474 
845 141 9 11 0.07369062 
840 300 8 11 0.07350057 
762 573 13 16 0.07337525 
592 326 10 12 0.07330442 
636 219 11 15 0.07306024 
739 238 8 10 0.07305324 
592 331 10 14 0.07247499 
781 246 8 10 0.07238058 
778 214 9 11 0.07220883 
888 278 9 12 0.072190315 
586 522 16 18 0.07115449 
282 414 18 20 0.07060347 
475 525 15 18 0.07035523 
621 278 11 15 0.070290074 
686 254 9 11 0.070165284 
903 624 26 32 0.06978882 
572 279 13 16 0.06905865 
795 216 7 9 0.06897294 
703 232 8 10 0.068938315 
233 494 15 18 0.068821706 
838 220 8 11 0.067614146 
999 220 8 10 0.06759841 
900 646 23 23 0.06757343 
681 222 7 9 0.06717613 
748 309 10 13 0.067151874 
895 216 9 10 0.06607455 
702 157 8 10 0.06571155 
570 501 13 17 0.065276384 
715 650 15 20 0.06515159 
372 461 13 17 0.065121114 
941 228 8 10 0.06498627 
848 285 10 11 0.06482497 
913 214 8 11 0.06410593 
658 556 15 21 0.06403668 
678 307 12 15 0.063902274 
684 514 16 19 0.063876994 
907 616 17 20 0.06386038 
544 430 10 14 0.06377638 
825 239 8 10 0.063643605 
91 128 14 20 0.063450634 
841 177 7 9 0.06336032 
669 450 10 14 0.063232444 
806 216 8 10 0.06315106 
599 313 12 14 0.062720984 
959 237 9 11 0.06265793 
668 655 16 18 0.06263623 
679 500 14 19 0.06252808 
704 198 7 9 0.06233065 
622 619 17 20 0.06223593 
535 260 8 12 0.062059693 
855 152 8 11 0.061837047 
782 287 8 11 0.0616588 
816 205 8 10 0.06151644 
865 191 9 11 0.061150122 
790 550 12 14 0.060656253 
588 314 12 15 0.060654268 
561 250 12 15 0.06020332 
742 200 8 10 0.06013244 
751 175 7 10 0.059883572 
791 174 7 9 0.059194326 
861 656 16 19 0.059073474 
682 237 8 11 0.05891613 
305 651 26 23 0.058633924 
573 450 11 14 0.058573827 
357 558 15 20 0.05850789 
188 644 26 29 0.058445286 
711 214 8 10 0.05753099 
382 611 16 19 0.057485927 
814 158 7 10 0.05744018 
737 185 7 9 0.057007097 
747 641 16 20 0.05693732 
582 237 10 13 0.056913726 
821 296 10 12 0.056781877 
977 634 24 29 0.05646287 
673 214 8 10 0.05629453 
770 150 8 10 0.056061186 
223 580 10 13 0.055640813 
459 524 20 25 0.05542159 
760 214 8 9 0.05539346 
648 543 20 26 0.05523826 
778 221 8 10 0.054533273 
371 597 20 27 0.054512765 
230 581 10 14 0.054271024 
687 230 9 12 0.054049615 
929 245 8 11 0.053726934 
150 660 13 13 0.05370411 
607 411 12 15 0.05356542 
655 586 24 30 0.05353309 
567 292 10 12 0.053463697 
912 232 7 9 0.053138133 
768 294 9 11 0.053016428 
838 326 9 12 0.05280167 
855 141 7 9 0.052518234 
760 200 7 10 0.052478656 
735 276 10 12 0.05245847 
830 229 8 10 0.052434716 
670 497 14 18 0.052235294 
606 406 11 14 0.052156836 
927 309 10 14 0.052114774 
583 460 12 14 0.05193737 
833 216 8 10 0.051766254 
538 256 8 11 0.051666353 
611 420 13 15 0.051637817 
825 190 7 10 0.05157715 
20 653 12 15 0.051536813 
746 541 14 17 0.051272906 
696 166 7 9 0.051165733 
928 231 7 9 0.050936613 
892 271 10 12 0.050538212 
674 321 11 15 0.05037319 
215 624 13 18 0.05011519 
838 316 9 12 0.050047614 
572 307 14 18 0.04997817 
718 240 8 9 0.0498697 
745 503 11 14 0.049855787 
691 554 16 18 0.049708985 
519 628 13 18 0.049563684 
613 639 26 28 0.049456395 
916 91 11 15 0.049271457 
934 247 8 9 0.04921858 
597 600 17 20 0.049158644 
652 588 16 22 0.04884034 
527 255 7 10 0.048567012 
570 527 16 20 0.04847537 
741 271 8 10 0.04837772 
493 545 13 17 0.04801915 
516 496 12 16 0.047802243 
934 287 12 13 0.04776034 
890 191 6 9 0.04775119 
928 240 8 9 0.047449704 
800 243 8 10 0.047380883 
687 223 7 10 0.047227588 
866 231 8 11 0.047143027 
914 574 13 15 0.047018036 
807 221 8 10 0.046972055 
822 213 9 11 0.046714626 
641 207 8 11 0.04657793 
792 222 8 10 0.04651298 
593 284 10 13 0.04623787 
146 612 16 20 0.046213895 
686 408 12 16 0.046184383 
789 310 11 13 0.04610033 
953 208 7 9 0.045909904 
818 271 10 12 0.045751553 
214 594 11 15 0.04572806 
461 556 13 18 0.045697566 
825 230 8 10 0.04564162 
750 244 9 11 0.045560505 
774 188 8 10 0.045476828 
725 335 10 13 0.04540056 
714 246 8 11 0.04529244 
969 263 8 11 0.045288295 
760 295 8 11 0.04515394 
413 483 20 24 0.04512163 
823 150 7 9 0.04512099 
829 283 11 13 0.04495252 
499 428 12 15 0.044952013 
805 283 11 12 0.044918083 
825 224 8 9 0.044839427 
783 221 8 10 0.044788275 
800 268 9 11 0.044781115 
462 390 13 16 0.044682387 
745 316 10 13 0.044623915 
745 182 7 10 0.044603147 
832 177 8 10 0.044434268 
839 191 9 11 0.044396196 
746 296 9 12 0.044290647 
871 243 9 11 0.04428426 
937 200 7 9 0.04422962 
655 220 9 11 0.044183504 
894 574 11 15 0.04415864 
855 210 9 11 0.044095386 
805 239 8 11 0.044021964 
701 473 14 19 0.04385928 
792 184 8 9 0.04377663 
952 245 8 9 0.04363457 
478 492 12 16 0.043632403 
300 597 16 21 0.043495078 
130 607 20 27 0.043458212 
765 535 14 18 0.04338952 
877 190 8 10 0.043336455 
783 323 10 13 0.043257505 
629 411 13 16 0.043237783 
766 222 8 9 0.043160927 
686 609 15 19 0.043010652 
672 469 11 14 0.042804353 
33 34 17 19 0.04275962 
982 646 17 21 0.042725395 
596 552 20 25 0.042622034 
953 240 9 11 0.042567246 
224 622 16 20 0.0425173 
897 199 7 9 0.042352904 
586 617 18 22 0.042214323 
806 318 9 12 0.04212531 
621 386 11 14 0.042050384 
549 426 11 14 0.041970894 
285 651 16 19 0.041866817 
832 160 7 9 0.041847914 
686 215 8 10 0.04180985 
205 589 11 14 0.041774727 
688 263 17 23 0.04174601 
983 268 9 11 0.04155092 
718 183 7 10 0.0415419 
945 207 7 8 0.041434206 
182 625 24 29 0.041401446 
500 436 13 15 0.041363537 
740 657 15 16 0.041255604 
996 638 15 19 0.041117553 
962 222 7 10 0.04094765 
626 375 13 15 0.040863495 
638 215 9 12 0.04080824 
888 198 7 10 0.04078235 
960 246 7 9 0.04077085 
544 357 10 13 0.04072336 
510 572 16 21 0.04055165 
933 270 9 12 0.040459413 
712 190 8 10 0.0404176 
800 167 7 9 0.040362753 
815 287 9 12 0.040209923 
742 232 8 10 0.04016955 
74 344 9 12 0.040004734 
691 561 15 19 0.03989489 
568 406 10 13 0.039699137 
510 263 8 11 0.039570536 
895 244 9 11 0.039496373 
822 208 9 10 0.03940299 
299 445 24 34 0.039387982 
681 207 7 10 0.03927679 
239 570 13 17 0.039255425 
818 324 10 12 0.039198607 
669 312 19 24 0.0391503 
380 618 21 25 0.039116066 
685 593 13 18 0.039021596 
120 609 21 27 0.03899463 
902 602 12 15 0.038936276 
633 215 8 11 0.038926527 
786 175 8 9 0.03879185 
936 206 7 9 0.03871919 
807 230 8 10 0.03870102 
244 599 15 19 0.038648687 
845 242 10 12 0.038634278 
800 283 10 12 0.038603637 
477 546 12 15 0.038504113 
702 648 21 22 0.038362782 
205 635 13 17 0.038270973 
966 220 9 10 0.038144816 
742 222 7 9 0.03812565 
777 288 9 11 0.03803502 
817 191 7 9 0.03798831 
904 240 9 11 0.037958607 
594 616 16 19 0.037954155 
590 659 14 14 0.037951697 
865 196 8 10 0.037895463 
203 651 18 22 0.03782325 
750 182 8 10 0.037779257 
703 396 10 13 0.03758619 
885 283 10 12 0.037523594 
492 583 12 16 0.03734423 
724 390 9 13 0.037342556 
672 361 19 24 0.037330832 
881 174 8 10 0.037297875 
934 279 9 11 0.037192974 
817 151 7 9 0.037186522 
704 382 10 13 0.03711899 
728 261 9 11 0.03696274 
1000 247 8 10 0.036954604 
719 393 10 14 0.0369067 
678 355 14 16 0.03686008 
584 357 9 11 0.036752027 
775 293 9 10 0.036708347 
889 216 8 9 0.03667998 
505 412 11 14 0.03649619 
929 223 7 9 0.036486533 
695 174 8 11 0.036460884 
528 261 10 12 0.036453933 
630 381 13 15 0.0362777 
894 191 8 10 0.03624986 
754 260 8 11 0.036229927 
554 473 14 18 0.036117975 
371 500 15 19 0.03609101 
670 285 10 14 0.035999898 
792 190 8 10 0.035993315 
698 160 7 9 0.035929784 
683 395 12 14 0.0359269 
516 363 13 15 0.03590814 
654 211 9 12 0.035772577 
665 581 26 31 0.03574243 
649 211 9 12 0.035680536 
846 176 8 10 0.035527155 
696 462 11 15 0.035523634 
694 372 11 14 0.03533183 
778 253 8 10 0.035258524 
800 145 7 8 0.035237353 
886 573 12 15 0.03497915 
768 175 7 9 0.03488378 
824 183 8 10 0.03486481 
710 617 15 20 0.034784444 
572 320 20 25 0.03463242 
880 215 7 10 0.03459809 
435 111 14 17 0.034516755 
755 651 14 18 0.034427054 
406 343 10 12 0.034397155 
822 281 11 14 0.03437532 
633 183 8 10 0.034369003 
760 174 7 9 0.034298237 
493 423 11 15 0.034279823 
684 344 11 13 0.034252457 
816 223 8 9 0.03419104 
487 586 13 16 0.03418291 
552 357 9 12 0.03413152 
380 587 13 18 0.034081664 
670 460 10 13 0.034077916 
692 380 11 14 0.03401434 
1001 254 7 10 0.033982288 
801 319 9 11 0.033972584 
921 232 7 9 0.03384327 
847 279 10 13 0.03383585 
664 324 11 14 0.03377707 
677 592 16 18 0.0336742 
873 214 7 10 0.03363675 
686 244 8 12 0.03355999 
760 135 11 13 0.03345396 
703 269 10 13 0.033434432 
670 289 19 26 0.033398595 
257 561 15 20 0.03336674 
863 280 9 12 0.033229828 
624 444 9 13 0.033199433 
799 149 8 9 0.03317407 
454 464 11 13 0.033112403 
207 578 11 16 0.033111427 
953 222 7 9 0.03310935 
799 209 7 9 0.033090755 
681 286 20 23 0.03308869 
657 183 7 10 0.03306784 
800 325 9 11 0.03306291 
975 267 9 12 0.033038095 
863 183 8 10 0.032961264 
550 411 18 22 0.032860123 
620 397 12 14 0.032854132 
501 445 13 15 0.032831673 
929 199 6 9 0.03282391 
680 144 7 9 0.032793906 
880 292 9 10 0.032687537 
792 278 8 10 0.032630727 
862 213 8 11 0.03262318 
927 322 12 14 0.03233694 
724 500 13 17 0.032283053 
729 631 16 21 0.03223266 
707 384 19 22 0.032164373 
503 240 9 11 0.032082267 
680 149 7 9 0.032066207 
864 246 9 10 0.031980276 
990 262 8 10 0.031974368 
731 470 12 15 0.03187221 
603 498 14 18 0.031861525 
512 357 11 15 0.03174878 
443 619 14 17 0.03172371 
656 189 8 10 0.031703513 
340 490 13 16 0.031548 
717 614 11 16 0.03154642 
855 279 10 13 0.031464603 
504 324 8 12 0.03141922 
789 577 11 15 0.031394824 
758 277 9 12 0.031388592 
834 594 14 18 0.03135615 
652 516 15 19 0.031309683 
864 209 7 10 0.03130654 
800 221 8 10 0.03128974 
933 603 13 18 0.03128049 
564 381 11 13 0.031231638 
791 543 10 14 0.031205436 
623 226 10 14 0.031162411 
846 180 9 10 0.031159388 
863 253 8 10 0.03115203 
952 200 7 9 0.031106198 
108 610 17 20 0.030999873 
704 152 8 10 0.030861039 
638 528 21 25 0.030698217 
918 213 9 12 0.030617634 
681 231 9 11 0.03058541 
818 184 7 10 0.030557163 
647 306 12 16 0.030551989 
622 270 10 13 0.030491296 
793 169 7 9 0.030463165 
630 456 11 14 0.03043682 
970 249 6 8 0.030404175 
858 192 7 9 0.030314948 
705 593 14 18 0.030280696 
753 201 7 10 0.030274851 
690 595 21 26 0.030238831 
789 255 9 10 0.030204866 
840 310 9 12 0.030201849 
893 598 12 16 0.030183738 
815 299 10 13 0.030130193 
666 552 15 19 0.030121107 
221 573 11 15 0.03009669 
897 292 9 12 0.030088192 
729 168 7 9 0.03004007 
384 634 17 22 0.030026576 
584 517 13 17 0.029952569 
574 334 13 16 0.029933209 
419 526 12 17 0.029854277 
879 184 9 10 0.029820886 
638 226 11 14 0.029796863 
741 635 17 21 0.029734673 
817 231 7 9 0.029732304 
323 585 14 19 0.029718425 
880 199 9 10 0.029712588 
696 233 9 12 0.029703405 
647 413 11 15 0.02966226 
945 254 7 10 0.02965116 
857 177 7 9 0.029565189 
863 177 7 9 0.029556192 
761 141 9 11 0.029485863 
696 208 8 10 0.029394489 
880 245 8 10 0.029354611 
717 306 18 22 0.029335316 
662 340 10 13 0.029326914 
552 381 19 23 0.02930606 
356 617 13 18 0.029255586 
850 219 9 12 0.02918502 
783 303 9 11 0.02912526 
912 221 8 10 0.029106256 
744 262 8 10 0.029052773 
673 596 26 29 0.02904504 
840 196 8 11 0.028961856 
745 158 7 9 0.028900107 
601 575 18 23 0.028861076 
880 325 12 14 0.028819973 
525 632 24 28 0.0288106 
838 613 12 16 0.02880342 
585 352 8 11 0.028700804 
752 224 7 9 0.028690463 
822 533 12 14 0.028671294 
518 283 10 12 0.028655611 
791 198 8 10 0.028632015 
761 222 8 10 0.028611915 
1008 238 8 11 0.028561704 
877 585 12 16 0.02855101 
810 200 7 9 0.028539708 
769 596 13 17 0.028489351 
291 648 21 25 0.028472118 
849 641 23 27 0.028370496 
473 650 17 19 0.028319826 
575 365 10 11 0.028265037 
895 263 10 12 0.028234316 
676 529 22 28 0.028159827 
453 392 18 22 0.028096713 
673 477 11 14 0.028071295 
912 190 9 10 0.028042844 
655 563 26 28 0.028012726 
759 249 9 10 0.027987279 
283 415 28 30 0.027932627 
340 363 10 14 0.02788032 
809 152 7 9 0.027843932 
832 295 9 11 0.027819058 
465 531 20 26 0.027776713 
849 158 9 11 0.027710726 
447 581 11 15 0.027707512 
620 438 11 14 0.027706183 
633 189 8 11 0.027634384 
899 283 9 12 0.027585635 
133 570 13 17 0.027578313 
288 587 22 29 0.027564473 
680 277 10 13 0.027531361 
445 480 14 16 0.027526556 
586 309 20 24 0.027413385 
768 288 9 11 0.027359886 
414 498 18 22 0.027359506 
698 364 10 13 0.027309274 
313 132 11 14 0.027297132 
625 237 10 14 0.027241569 
696 198 8 10 0.02714954 
575 358 10 12 0.02709951 
414 373 9 13 0.027097082 
760 269 9 10 0.027052669 
472 534 22 28 0.026997706 
729 270 8 11 0.02694469 
672 303 20 25 0.026926018 
729 224 7 9 0.026789507 
816 213 9 11 0.026787488 
814 559 11 14 0.02676333 
86 604 11 16 0.026729787 
493 623 14 17 0.026715606 
456 485 14 17 0.026701646 
470 492 12 16 0.026688367 
800 159 8 10 0.026672186 
783 292 9 11 0.026651433 
885 204 8 11 0.026643986 
597 288 12 16 0.026629917 
669 276 12 15 0.02659267 
833 301 8 11 0.026565429 
615 271 12 15 0.026543643 
508 419 12 15 0.02652219 
921 605 16 21 0.0264856 
681 246 9 12 0.02645825 
675 263 20 26 0.02645317 
855 136 8 11 0.026443547 
784 277 9 11 0.026440246 
928 192 7 9 0.026426349 
684 422 14 16 0.026409447 
929 207 6 9 0.0263675 
611 278 20 23 0.02630558 
387 602 13 17 0.026254771 
712 209 7 9 0.026230818 
561 464 11 14 0.02618309 
892 633 16 21 0.026135681 
760 300 9 11 0.026133617 
794 564 14 18 0.026131386 
630 271 11 14 0.026093468 
823 198 7 10 0.026093055 
223 565 10 14 0.02606883 
823 145 7 8 0.025920758 
441 78 10 13 0.025916109 
887 246 9 11 0.02581904 
651 265 20 25 0.025752174 
573 379 11 14 0.025646994 
625 273 21 25 0.02562729 
724 395 11 15 0.025604745 
705 192 8 10 0.025590844 
437 601 14 18 0.025570268 
831 239 8 11 0.025560541 
879 310 9 12 0.025549894 
468 556 13 16 0.025528304 
357 499 13 17 0.025524465 
833 317 9 12 0.025508435 
181 645 17 21 0.02546331 
558 247 20 24 0.02545278 
449 104 10 13 0.025449848 
498 538 14 17 0.025413603 
849 150 8 10 0.025383707 
696 483 12 16 0.02536959 
836 604 13 16 0.025354516 
498 470 13 17 0.025343467 
844 309 11 14 0.025329523 
661 268 12 15 0.025313765 
268 659 15 15 0.02524327 
683 299 12 14 0.02521171 
678 403 12 15 0.025182817 
567 300 12 16 0.02514529 
594 340 12 14 0.025143534 
380 468 17 23 0.025142314 
557 351 19 20 0.025104577 
776 272 9 11 0.025091603 
471 474 12 16 0.025089007 
789 294 10 13 0.02506807 
694 142 7 10 0.025061073 
579 284 13 14 0.025051799 
824 578 23 28 0.025014471 
677 445 20 22 0.024999857 
660 205 9 12 0.024980376 
1007 247 8 10 0.024963912 
769 169 7 8 0.024921374 
799 190 7 10 0.024904547 
903 215 8 10 0.024900692 
734 284 10 12 0.02487267 
575 461 10 13 0.024871057 
503 421 12 14 0.0248241 
114 37 50 59 0.024777047 
659 531 14 18 0.024771549 
877 240 9 11 0.024758633 
343 608 21 27 0.024754401 
696 180 8 10 0.024742112 
716 635 22 28 0.02469443 
728 215 8 10 0.024691235 
579 306 18 26 0.024679607 
220 530 13 18 0.024637032 
751 214 7 9 0.024602901 
727 200 7 10 0.024599388 
398 483 13 17 0.024576746 
687 375 11 13 0.024542134 
762 193 7 9 0.024539668 
832 197 8 10 0.02452157 
623 403 11 14 0.024506165 
585 389 9 12 0.024496526 
912 198 8 9 0.024490504 
791 286 9 11 0.024467077 
673 208 8 10 0.024372708 
860 327 14 17 0.024351787 
930 630 17 20 0.024316294 
385 479 14 17 0.024307767 
939 602 13 17 0.024298906 
867 317 12 14 0.02429647 
721 224 6 9 0.024282655 
774 390 14 19 0.024231546 
727 205 8 11 0.024218077 
359 609 15 20 0.024216447 
687 459 11 13 0.024201894 
959 209 7 9 0.02418426 
711 198 7 9 0.024068357 
786 183 7 9 0.024024742 
729 183 8 10 0.023934394 
524 533 15 19 0.023918012 
621 429 12 14 0.023884898 
336 485 11 14 0.023883654 
669 386 19 24 0.023871748 
677 269 12 15 0.023859583 
847 197 7 10 0.023854174 
887 301 9 12 0.02373102 
995 215 8 10 0.023720838 
396 643 12 17 0.023658963 
486 546 13 16 0.023652442 
873 223 7 10 0.023642672 
703 208 8 10 0.023618583 
637 190 9 11 0.023607673 
792 158 7 9 0.023594115 
386 570 15 20 0.02357857 
881 206 9 10 0.023553234 
793 245 7 9 0.02352471 
470 385 10 11 0.023494422 
819 570 21 28 0.0234926 
531 373 9 12 0.023481097 
857 197 7 10 0.023419391 
679 377 20 25 0.023406884 
785 169 7 10 0.023406804 
567 375 11 13 0.023397338 
845 622 16 18 0.023367533 
590 564 17 20 0.02336389 
1008 254 7 10 0.023363495 
720 480 14 17 0.023268387 
784 310 10 13 0.023266261 
752 324 10 13 0.02322776 
636 411 13 16 0.02317949 
26 27 17 18 0.023143567 
968 267 9 12 0.023116825 
719 320 12 15 0.02310013 
767 300 9 11 0.02308123 
902 578 14 17 0.023063079 
680 160 7 9 0.023060832 
454 572 11 16 0.023034057 
779 257 19 22 0.023031443 
28 39 16 17 0.022998275 
798 109 10 13 0.02299654 
856 230 7 10 0.022991957 
818 266 18 22 0.0229865 
687 471 19 24 0.022982623 
578 541 16 22 0.022964833 
863 262 9 12 0.022946203 
807 613 12 16 0.022921791 
913 209 8 10 0.022905897 
482 539 22 25 0.02290045 
241 565 19 25 0.022882713 
718 189 8 10 0.022870325 
776 168 7 9 0.022805335 
670 328 11 14 0.022760296 
727 293 9 11 0.022751866 
789 267 10 12 0.022744706 
992 254 8 10 0.022733493 
372 519 14 18 0.02272457 
461 547 12 17 0.022698233 
902 207 8 10 0.022688324 
526 290 19 25 0.02265773 
840 232 8 11 0.02265509 
708 269 10 12 0.022614766 
921 198 7 9 0.022614766 
113 623 18 22 0.022589318 
174 548 13 17 0.022579286 
448 413 9 12 0.022570737 
622 586 17 22 0.02255419 
807 584 12 16 0.022532605 
786 231 7 9 0.022527222 
281 618 17 20 0.022523755 
798 508 11 12 0.02248238 
945 199 6 9 0.022470498 
97 606 22 28 0.02240494 
970 198 7 8 0.022401813 
436 582 12 16 0.022401782 
598 271 11 12 0.022400577 
299 526 15 20 0.022397706 
219 630 16 20 0.022381062 
419 471 14 16 0.022379778 
546 471 11 16 0.02234549 
157 581 15 19 0.022333307 
529 526 15 17 0.02232883 
711 308 12 15 0.022319281 
897 205 8 10 0.022255886 
767 143 8 10 0.022223629 
139 545 12 15 0.022216897 
308 461 14 18 0.022164999 
445 461 13 15 0.02216107 
639 456 12 15 0.022131622 
794 207 7 9 0.0221253 
841 138 8 9 0.022062415 
886 295 8 11 0.02203597 
662 317 18 25 0.022002878 
135 647 26 26 0.021947043 
445 646 19 21 0.021888234 
495 445 11 15 0.021871902 
726 348 9 12 0.021861661 
283 519 14 18 0.021849154 
547 436 12 15 0.0218288 
881 254 9 11 0.021826662 
544 421 11 12 0.021825045 
687 354 20 24 0.02182239 
753 531 18 25 0.02179633 
405 463 12 14 0.021757782 
590 539 13 20 0.021714516 
870 262 11 13 0.021704268 
592 377 18 23 0.02169422 
558 294 11 13 0.021688407 
606 284 11 14 0.021686066 
458 638 13 16 0.021681929 
753 271 7 10 0.021675507 
535 390 10 13 0.02164551 
772 531 15 20 0.021629192 
857 316 19 23 0.021580288 
617 395 10 13 0.021557316 
588 444 12 15 0.021555046 
970 255 7 10 0.021498136 
618 375 19 21 0.021497516 
196 633 17 21 0.02145163 
985 207 8 10 0.021421097 
999 238 8 11 0.021411888 
921 245 8 10 0.021375502 
682 404 21 26 0.021364937 
456 420 9 13 0.02135663 
872 207 8 10 0.02134651 
671 382 10 13 0.021344779 
446 114 11 15 0.021283276 
370 492 15 19 0.021266088 
77 604 12 15 0.021260235 
914 583 23 29 0.02125977 
564 496 14 18 0.021226816 
880 637 24 30 0.02121857 
752 230 8 10 0.021205928 
807 164 8 10 0.021190956 
476 476 12 16 0.021183047 
428 469 12 14 0.021146737 
469 593 12 15 0.021113569 
910 238 8 11 0.021107027 
485 526 13 18 0.02110094 
575 351 10 12 0.021061964 
573 423 13 15 0.02102511 
267 429 12 14 0.021003494 
886 310 10 12 0.020994656 
671 412 11 15 0.020982074 
735 255 8 10 0.020929515 
677 461 12 13 0.020920549 
552 505 15 19 0.020920422 
651 327 19 24 0.020858847 
870 640 23 28 0.020785518 
771 657 13 16 0.020784725 
776 546 14 17 0.020781811 
623 244 12 15 0.02074087 
965 232 8 10 0.02071919 
618 380 11 14 0.02070411 
493 451 12 14 0.020700496 
930 652 15 20 0.020697428 
589 302 14 16 0.020694679 
625 461 11 15 0.020636821 
838 253 9 11 0.020628227 
967 556 13 16 0.02061389 
940 592 23 28 0.02060848 
761 231 8 11 0.020580662 
489 452 9 13 0.020580176 
670 240 9 12 0.020571722 
838 636 18 24 0.02056532 
687 206 7 10 0.020564862 
823 265 10 12 0.020529557 
724 488 14 18 0.02051597 
973 548 13 16 0.020496879 
720 230 7 10 0.020486273 
766 271 10 12 0.020478107 
994 248 7 9 0.020453438 
478 641 15 18 0.020430215 
469 403 11 13 0.0204054 
683 198 8 11 0.02039829 
560 285 11 14 0.020390648 
830 603 14 16 0.02038691 
770 184 8 9 0.020381935 
466 517 22 28 0.020355878 
785 201 7 9 0.02034822 
510 465 14 18 0.020346478 
708 584 14 19 0.02034404 
876 652 15 18 0.020342281 
760 128 10 12 0.020324467 
769 190 8 10 0.020315904 
615 390 11 13 0.020299878 
852 609 25 30 0.020259218 
658 606 15 18 0.020216323 
668 570 27 29 0.020155666 
607 441 12 14 0.020136958 
309 141 23 28 0.02012201 
708 276 10 13 0.020115493 
500 547 13 16 0.020110121 
845 316 11 13 0.020089014 
618 397 21 26 0.02004949 
211 658 14 16 0.020034803 
585 325 20 25 0.02002906 
695 398 10 12 0.020023035 
204 526 13 16 0.02001574 
768 119 9 11 0.020000475 
