2_Demonstration_Protesters_2_796
71
400 234 150 195 0.99447685 
676 74 50 58 0.9931437 
608 135 34 41 0.968758 
488 126 35 44 0.9667085 
603 59 23 30 0.945606 
523 98 24 28 0.94522756 
355 72 34 43 0.8947698 
351 128 28 31 0.890855 
568 96 21 26 0.5965584 
580 138 26 35 0.3667745 
280 67 29 37 0.2194296 
478 185 35 45 0.13503246 
483 75 18 23 0.116538346 
342 79 31 38 0.10120686 
395 26 16 22 0.09141875 
526 82 25 32 0.0875322 
509 78 25 31 0.08085324 
400 -3 30 29 0.076489836 
554 79 22 29 0.07475119 
255 110 24 34 0.0743122 
572 85 15 19 0.06548108 
392 20 29 35 0.06369865 
560 88 23 31 0.06210274 
538 79 16 21 0.0541611 
367 289 21 29 0.052413408 
393 4 30 36 0.051586594 
261 159 26 29 0.051008623 
848 252 16 18 0.050775256 
550 82 15 20 0.050260197 
79 384 30 44 0.048883624 
604 53 17 23 0.04801255 
507 79 16 23 0.047556266 
338 179 26 31 0.046063434 
382 27 28 36 0.044176534 
589 130 36 47 0.036853876 
314 162 25 31 0.036056966 
337 125 26 33 0.03501606 
308 83 14 19 0.03450441 
487 548 34 44 0.03109013 
357 -2 16 15 0.030208815 
502 87 25 33 0.029153625 
502 95 39 51 0.02896972 
563 77 16 19 0.028739942 
219 278 31 42 0.027617687 
521 73 25 30 0.027230173 
330 133 17 22 0.027150078 
518 86 38 47 0.026101563 
457 84 26 31 0.026046673 
339 85 21 27 0.025947146 
672 72 35 40 0.02559714 
329 174 26 32 0.024849838 
609 617 30 36 0.024736738 
541 88 24 33 0.024730055 
357 186 17 21 0.024594123 
404 25 28 36 0.024393942 
563 615 33 41 0.023892898 
395 117 27 38 0.023420496 
498 73 21 28 0.0228549 
269 43 25 31 0.022774756 
3 87 16 20 0.022701278 
160 314 25 36 0.022388851 
571 78 14 17 0.022126202 
295 77 24 32 0.02201268 
269 70 27 33 0.021848395 
234 60 28 35 0.021750795 
395 0 20 22 0.021616695 
719 130 26 35 0.021442112 
575 89 18 23 0.020941615 
782 275 22 27 0.020912364 
285 129 22 32 0.020463197 
491 113 30 37 0.02017903 
