2_Demonstration_Demonstration_Or_Protest_2_494
65
34 384 111 128 0.9992687 
478 272 63 80 0.99926215 
299 395 13 18 0.46561307 
291 392 19 25 0.2018043 
275 390 23 32 0.1683142 
366 413 12 14 0.15039796 
66 247 15 19 0.12486658 
236 425 14 21 0.08840291 
318 460 32 41 0.070579514 
318 413 13 14 0.06440413 
148 204 9 12 0.062460158 
285 411 12 18 0.060481302 
310 432 13 18 0.05768436 
213 402 15 19 0.057278946 
300 428 14 18 0.05647636 
1 238 9 15 0.052280184 
234 487 32 51 0.047211424 
296 427 12 16 0.04562489 
324 466 16 21 0.045171533 
285 398 14 21 0.04495776 
269 437 12 15 0.043340307 
369 453 24 36 0.04306736 
281 406 22 31 0.041719366 
350 429 10 13 0.041071378 
8 584 215 229 0.03968863 
238 421 23 29 0.036376946 
357 464 43 63 0.036006767 
325 414 11 14 0.035591964 
65 255 16 22 0.035305906 
308 466 29 41 0.034817956 
305 395 13 17 0.034311686 
290 503 34 41 0.034278654 
340 462 42 56 0.034264065 
311 419 12 16 0.032647822 
270 485 38 54 0.03163822 
315 426 13 18 0.030987455 
292 418 21 30 0.030492587 
379 448 26 35 0.028740948 
360 435 11 15 0.028647752 
306 416 23 30 0.028216876 
332 467 13 17 0.02788306 
570 597 26 33 0.027792055 
214 395 23 29 0.027773121 
312 412 13 16 0.02713909 
360 419 11 14 0.025615267 
132 198 8 10 0.024882676 
302 421 13 17 0.024756152 
557 527 43 48 0.024522398 
294 474 39 50 0.024241809 
333 418 11 15 0.023627974 
361 413 11 14 0.02355476 
311 427 21 28 0.022790033 
620 381 14 17 0.022093572 
334 382 8 12 0.021682404 
359 460 12 19 0.021487985 
390 597 13 19 0.021369504 
228 413 24 35 0.02120948 
350 419 11 14 0.020881515 
295 399 23 31 0.020840988 
216 464 50 56 0.02082244 
279 407 14 21 0.020703578 
357 456 23 34 0.020551782 
385 441 25 31 0.020288017 
579 447 58 53 0.020079134 
338 468 14 17 0.020055644 
