2_Demonstration_Demonstration_Or_Protest_2_471
43
749 225 73 88 0.9990767 
171 170 94 120 0.99902487 
585 287 65 80 0.9989122 
432 457 27 33 0.78333706 
59 135 90 108 0.6604487 
650 333 41 48 0.6494893 
707 170 25 31 0.5463041 
414 514 27 39 0.51358265 
402 225 40 46 0.44270998 
438 272 37 49 0.4129103 
617 452 24 28 0.36829317 
220 415 32 42 0.35051262 
496 150 45 74 0.28263146 
449 511 31 39 0.24826355 
471 459 26 35 0.15045622 
574 359 36 37 0.120644294 
491 192 31 40 0.093250535 
814 446 31 34 0.08390926 
507 152 29 45 0.07840026 
459 238 12 15 0.06938859 
139 33 38 51 0.065570794 
858 154 54 49 0.057114597 
374 522 25 30 0.05376796 
-16 58 205 217 0.053351227 
648 356 38 44 0.04807736 
484 276 42 57 0.045723483 
341 173 38 48 0.04448585 
470 410 21 31 0.044024672 
605 303 71 88 0.043228116 
355 180 17 20 0.041068684 
41 204 36 38 0.03782793 
531 236 26 41 0.03334265 
617 498 30 39 0.029966692 
134 20 35 45 0.028947655 
99 179 41 63 0.027448094 
571 374 36 37 0.02685876 
580 320 57 68 0.025615748 
494 125 76 114 0.024113053 
453 506 16 20 0.023160418 
455 233 24 28 0.02202171 
137 151 96 119 0.021300375 
349 4 396 475 0.020442026 
405 213 30 35 0.02028743 
