2_Demonstration_Protesters_2_92
224
245 301 30 37 0.9978776 
261 427 57 82 0.99310005 
737 349 62 73 0.9904856 
346 332 22 30 0.9448481 
199 326 24 34 0.91029966 
826 329 36 48 0.8695459 
428 300 16 23 0.86888343 
497 322 29 32 0.844836 
382 315 23 31 0.81790245 
83 511 75 137 0.79479456 
315 312 25 40 0.7017874 
648 302 24 29 0.6531688 
655 298 32 34 0.55597836 
686 339 37 45 0.51779884 
464 300 24 30 0.5094264 
278 325 29 36 0.46594414 
-5 385 53 98 0.435358 
720 493 32 41 0.3788078 
119 310 19 22 0.3758934 
934 312 25 38 0.37320936 
92 295 12 16 0.3706305 
589 327 15 21 0.33171773 
63 344 40 53 0.29908872 
69 414 67 94 0.28891194 
142 373 30 46 0.2838372 
1 307 35 51 0.2648465 
791 466 49 63 0.25996706 
188 293 13 16 0.23600309 
124 386 31 38 0.22642368 
392 319 18 23 0.16307159 
79 341 26 39 0.15850925 
941 315 36 49 0.15354674 
926 363 28 47 0.13974531 
974 299 28 38 0.13647936 
986 296 30 40 0.13328809 
165 306 13 16 0.11115073 
97 324 19 23 0.1107088 
141 317 12 16 0.10058067 
938 459 17 24 0.09940565 
0 319 53 69 0.09534289 
-11 551 102 130 0.091871895 
373 309 14 19 0.09102375 
49 455 101 154 0.08303683 
965 306 25 36 0.07873773 
380 310 39 50 0.07824356 
97 298 15 18 0.076670125 
131 314 14 18 0.07569541 
664 435 47 63 0.07559524 
99 392 44 69 0.075283684 
295 313 37 47 0.07502994 
143 308 11 16 0.07381569 
694 335 54 65 0.07342415 
493 326 18 24 0.07335025 
275 339 35 43 0.070260525 
284 389 48 70 0.07014995 
327 324 26 35 0.06856975 
758 567 52 80 0.068536155 
851 415 50 75 0.06806313 
173 301 12 16 0.067631975 
183 284 12 15 0.067053676 
188 319 23 29 0.065309666 
605 424 26 34 0.064771265 
820 344 33 53 0.064758174 
112 390 28 41 0.061299853 
532 461 11 15 0.060740612 
439 733 35 35 0.057825167 
123 393 19 26 0.05646732 
192 297 15 17 0.055418897 
423 456 10 14 0.055193465 
35 524 96 134 0.054891754 
726 480 33 40 0.05401741 
275 301 29 40 0.05233544 
620 386 15 21 0.052297298 
99 425 53 80 0.052254394 
470 637 43 51 0.052062906 
183 297 13 17 0.05197524 
394 305 27 33 0.05195871 
942 456 24 30 0.051418502 
80 351 34 54 0.05063749 
219 290 12 15 0.050216332 
983 365 43 68 0.050111376 
295 388 30 42 0.049863033 
110 307 14 20 0.048720285 
92 301 16 20 0.048663437 
105 316 22 27 0.047964513 
335 320 31 48 0.047393996 
-10 411 83 134 0.04620505 
486 570 16 21 0.04604615 
150 290 11 13 0.04604144 
476 387 53 86 0.044666942 
1001 438 24 34 0.044628654 
674 531 39 55 0.044210795 
28 392 79 112 0.043232314 
167 293 10 13 0.042101726 
411 306 15 22 0.0415031 
181 279 11 14 0.041319627 
474 304 25 35 0.040088255 
400 320 16 20 0.039713822 
583 324 14 20 0.039017607 
181 320 16 21 0.03878943 
379 308 17 24 0.038404476 
366 302 11 14 0.037828304 
148 377 18 25 0.037547294 
563 344 13 16 0.03745666 
105 439 33 42 0.037106413 
109 301 13 16 0.03694447 
135 357 26 36 0.0367461 
498 296 28 37 0.036563452 
116 368 13 18 0.036271956 
913 717 64 53 0.035476673 
659 300 44 55 0.035090882 
996 455 23 30 0.035087742 
163 314 14 18 0.035000626 
190 305 23 27 0.03472061 
31 282 13 16 0.03464578 
670 308 22 25 0.03403419 
361 324 22 31 0.033507835 
276 319 17 26 0.033310052 
307 400 16 24 0.03321301 
94 310 24 28 0.032806095 
215 384 37 48 0.032223277 
148 303 11 14 0.032176737 
147 316 13 17 0.03204302 
702 467 176 229 0.03152016 
420 302 19 29 0.031160146 
535 300 15 23 0.031010687 
768 574 31 51 0.030783389 
994 491 24 37 0.030699702 
287 439 55 76 0.030636283 
321 301 26 36 0.030475458 
87 289 20 26 0.03034672 
599 511 10 14 0.029988386 
85 319 24 32 0.029593443 
277 363 48 60 0.029045956 
257 295 28 38 0.028858963 
195 336 20 28 0.028854508 
204 285 12 14 0.02872814 
182 281 20 24 0.028601931 
127 286 9 11 0.028558634 
281 134 9 12 0.028553542 
455 523 23 32 0.028523883 
264 313 31 39 0.028220985 
438 284 12 15 0.028079156 
142 277 9 12 0.027999524 
177 432 53 80 0.027752899 
486 303 27 36 0.027683135 
359 302 9 12 0.027603753 
3 290 32 41 0.027538417 
117 303 15 17 0.027383242 
634 482 16 20 0.027328739 
37 347 55 71 0.027125 
353 301 9 11 0.027071299 
181 675 72 72 0.026984287 
957 314 39 50 0.026942391 
55 335 31 42 0.026868926 
159 269 10 11 0.02680231 
486 329 15 20 0.026428783 
138 317 19 25 0.02638639 
197 408 40 70 0.026346179 
598 322 22 29 0.026295414 
871 402 48 63 0.02628814 
435 293 12 16 0.026191887 
987 402 30 43 0.025861822 
113 358 22 31 0.025845507 
588 319 14 18 0.025823696 
610 421 16 19 0.025641887 
119 276 9 11 0.025345879 
826 299 13 15 0.02531421 
954 327 17 25 0.025268197 
1 357 56 86 0.02517229 
840 404 29 49 0.025007633 
160 317 20 28 0.025006967 
138 453 61 75 0.024941618 
122 438 30 48 0.024803298 
466 294 18 22 0.024644004 
535 294 12 17 0.024569247 
560 421 11 16 0.024462303 
265 313 16 22 0.024307244 
41 462 68 100 0.024282131 
692 512 42 57 0.023817739 
639 296 22 31 0.023798477 
593 333 15 20 0.023752129 
404 301 18 20 0.02374369 
977 309 39 53 0.023718791 
91 330 26 33 0.02366619 
156 320 15 20 0.023613796 
931 334 34 46 0.023599919 
91 367 30 44 0.023511121 
102 295 23 29 0.023259245 
73 321 26 35 0.023222048 
46 319 77 101 0.022976225 
152 278 9 11 0.022926487 
905 479 27 38 0.022920271 
613 438 17 24 0.022902716 
220 368 49 54 0.022664912 
171 297 19 25 0.022653796 
355 517 10 14 0.022638816 
361 558 10 14 0.02257583 
111 276 10 12 0.022363525 
456 262 9 12 0.022276344 
836 349 33 37 0.022219405 
-11 486 96 137 0.021976754 
473 259 11 14 0.021639675 
136 402 49 76 0.02161599 
444 283 13 16 0.021480717 
87 425 40 52 0.021364162 
561 426 15 18 0.021302616 
486 489 12 16 0.021301951 
195 537 57 71 0.02119038 
152 379 40 55 0.020981168 
184 384 43 59 0.020901233 
145 344 23 29 0.020893687 
662 542 31 43 0.020786662 
388 485 16 21 0.02074775 
271 144 9 10 0.020717798 
638 300 12 18 0.02069002 
819 366 48 66 0.020516641 
86 289 11 14 0.02050914 
100 288 12 13 0.020455876 
21 285 26 32 0.020383125 
174 323 21 29 0.020221453 
201 317 17 23 0.020213643 
180 302 23 27 0.02016717 
101 376 28 41 0.020145401 
