2_Demonstration_Demonstrators_2_654
117
585 166 36 43 0.9979539 
451 157 36 42 0.9947037 
715 184 35 45 0.9650463 
293 144 38 48 0.94869393 
712 130 23 26 0.9381694 
595 110 26 31 0.72217375 
241 116 30 37 0.58395594 
953 183 32 41 0.56625116 
706 143 27 32 0.280279 
154 109 29 39 0.27242377 
827 126 27 31 0.27232143 
357 139 29 37 0.230331 
153 134 48 69 0.15379372 
822 90 11 15 0.13770054 
139 156 15 23 0.13277565 
992 109 31 39 0.12724686 
347 147 28 33 0.122892216 
398 269 22 26 0.09834128 
607 71 14 18 0.08466033 
365 128 26 37 0.070330136 
144 151 23 33 0.06754486 
813 86 15 20 0.06348923 
259 111 26 35 0.06283471 
273 112 16 22 0.060942475 
805 84 13 17 0.060497444 
202 8 70 68 0.05924736 
956 170 54 69 0.056633588 
142 101 12 16 0.055840015 
300 72 24 34 0.055555977 
163 105 17 21 0.049479816 
143 105 49 62 0.048778854 
924 43 44 53 0.04856717 
685 38 10 14 0.04692381 
678 39 12 15 0.04675207 
304 76 14 19 0.04654562 
703 51 10 13 0.045089383 
462 112 35 42 0.043008532 
234 88 16 21 0.04170219 
196 106 15 19 0.041210726 
77 100 14 18 0.039294325 
963 88 26 31 0.03895093 
939 0 42 39 0.03682416 
305 71 11 14 0.036752146 
873 96 43 54 0.036273867 
921 91 27 32 0.036242332 
998 115 17 22 0.036128353 
228 87 27 34 0.03529996 
972 107 49 64 0.034826502 
147 101 26 31 0.034404103 
69 113 25 32 0.03426803 
854 74 12 14 0.03390943 
157 101 17 20 0.033780657 
350 125 30 37 0.03353627 
910 94 28 36 0.03352392 
309 68 28 37 0.032900907 
1010 290 12 19 0.03183973 
15 150 11 15 0.03080845 
607 115 17 21 0.03080287 
195 103 24 32 0.029330878 
976 289 49 92 0.028995903 
955 164 39 47 0.02894963 
-8 239 198 217 0.028584529 
594 51 25 33 0.02814241 
709 88 13 16 0.027907733 
893 96 29 37 0.027557196 
116 525 113 135 0.02727834 
82 257 30 40 0.027048172 
608 62 25 29 0.026934708 
261 23 12 17 0.02658081 
707 162 41 50 0.026525697 
972 72 31 37 0.026349623 
958 107 34 40 0.025729673 
590 117 19 23 0.025561059 
988 90 34 42 0.025120096 
453 134 47 57 0.025113475 
1012 89 12 17 0.025052946 
260 71 17 21 0.024757177 
121 105 16 18 0.024755117 
727 102 10 12 0.024740908 
815 61 9 11 0.024577234 
923 68 34 44 0.024510836 
102 76 28 35 0.024302913 
159 181 40 53 0.024292285 
359 306 244 280 0.024141332 
580 79 12 17 0.024096329 
358 71 9 13 0.024013313 
138 98 83 111 0.02394198 
358 74 13 19 0.023701858 
693 36 9 13 0.02355514 
8 265 46 66 0.0235365 
34 512 139 154 0.02340921 
147 101 14 18 0.023279214 
660 171 25 35 0.023251617 
603 -1 17 15 0.023145163 
669 176 30 39 0.023043465 
701 59 12 15 0.02302254 
671 195 32 40 0.02278515 
133 105 13 16 0.022746017 
216 349 34 38 0.02265091 
767 48 9 11 0.022626428 
218 160 26 33 0.022471456 
872 89 29 40 0.022275452 
197 118 14 20 0.022270273 
492 329 106 153 0.02215795 
836 358 34 34 0.021972168 
157 93 29 33 0.0215409 
931 182 49 59 0.021488544 
321 63 25 36 0.021323876 
250 62 14 17 0.021138785 
371 132 15 22 0.02100035 
893 97 48 63 0.020886663 
954 129 56 69 0.020714847 
622 71 25 30 0.020694532 
908 87 49 59 0.020573854 
583 48 25 37 0.020439459 
803 93 21 29 0.020276729 
131 83 13 16 0.020003965 
