2_Demonstration_Demonstration_Or_Protest_2_441
118
288 187 30 40 0.99904054 
570 174 35 48 0.9990343 
3 189 28 38 0.99899393 
854 171 37 45 0.99888927 
329 208 35 44 0.99837434 
932 153 36 46 0.99699867 
233 154 40 48 0.9967083 
611 176 39 47 0.9938526 
403 167 35 45 0.9937028 
499 163 38 51 0.99355596 
111 184 45 55 0.99136364 
789 157 42 52 0.97996694 
852 355 28 33 0.8720834 
567 97 21 29 0.8059241 
315 170 25 32 0.79128534 
143 166 27 36 0.5215082 
720 166 22 30 0.47335768 
144 126 24 33 0.46363845 
494 594 46 35 0.40377173 
896 592 48 56 0.23184584 
506 103 17 22 0.16061655 
308 192 37 47 0.12475813 
346 575 16 20 0.11500096 
485 106 23 33 0.101502046 
153 123 18 24 0.10027469 
154 157 29 39 0.09679229 
494 328 14 17 0.08948245 
507 577 33 39 0.08744642 
45 392 18 24 0.08379135 
122 164 45 57 0.08332183 
797 573 17 21 0.080268286 
534 85 12 18 0.07791119 
426 126 26 38 0.075237796 
850 560 15 18 0.07457103 
495 102 25 33 0.07315725 
660 579 17 20 0.07200612 
439 336 16 21 0.071984954 
363 563 18 20 0.070983104 
686 88 16 21 0.06914198 
39 198 26 33 0.06648186 
171 532 27 39 0.06507667 
500 324 15 16 0.064562365 
595 581 17 19 0.0625655 
307 178 28 39 0.061613847 
2 449 24 34 0.06002553 
623 522 14 19 0.058167398 
466 333 10 13 0.056720357 
38 435 28 34 0.054236263 
701 118 13 16 0.054034855 
746 62 18 21 0.05350094 
528 329 14 18 0.0531246 
703 570 13 16 0.050301272 
435 475 61 75 0.049899355 
141 134 15 21 0.049250193 
555 374 14 17 0.048067868 
988 454 26 37 0.0466599 
34 168 26 36 0.046506725 
802 558 27 29 0.04503486 
655 574 14 16 0.04391147 
0 463 20 35 0.042898312 
76 200 29 39 0.04034596 
794 429 14 16 0.040097177 
408 425 108 146 0.03741772 
15 473 25 34 0.036680836 
504 291 31 32 0.03646163 
676 163 25 34 0.03625581 
575 324 12 15 0.035886742 
133 111 44 65 0.03580358 
307 120 40 50 0.034739684 
510 546 50 58 0.034279753 
283 504 33 37 0.034278486 
207 123 24 29 0.034268655 
926 133 26 31 0.033507887 
726 73 15 18 0.033406578 
4 444 16 23 0.033049952 
369 618 34 35 0.031648524 
170 327 15 16 0.03127444 
499 318 24 27 0.030419078 
598 572 14 16 0.029691495 
511 519 48 54 0.02967239 
9 443 28 35 0.029259676 
499 502 52 55 0.028049786 
354 73 25 31 0.027755743 
320 183 30 36 0.027361028 
733 594 13 17 0.027313769 
46 169 27 35 0.026980102 
379 573 13 15 0.0265357 
276 316 12 16 0.026530022 
13 460 25 34 0.026090294 
491 317 15 18 0.025668573 
364 590 52 59 0.02554819 
93 199 31 37 0.025511092 
741 49 26 31 0.025427885 
909 147 11 15 0.025149629 
590 120 25 32 0.024067022 
33 452 28 36 0.023525745 
998 508 20 34 0.022609144 
23 173 27 39 0.022523163 
473 483 60 65 0.022380948 
321 165 18 23 0.022358583 
416 598 94 126 0.022308925 
293 396 14 18 0.021998078 
483 589 32 39 0.021764943 
821 175 27 36 0.021706795 
788 560 25 33 0.02167536 
680 26 15 20 0.021495521 
486 316 24 29 0.021066692 
59 171 23 35 0.02093533 
177 515 47 56 0.020618182 
507 301 18 20 0.02036762 
354 88 27 38 0.020285845 
19 144 15 21 0.020278204 
284 381 11 13 0.020237494 
419 449 59 84 0.020191187 
107 91 78 114 0.02013512 
808 547 47 51 0.020110397 
328 530 25 32 0.020097183 
350 567 23 25 0.020078586 
