2_Demonstration_Demonstration_Or_Protest_2_453
113
60 308 35 43 0.99843425 
755 327 22 27 0.99397874 
13 295 38 49 0.99226063 
606 295 25 33 0.9918429 
476 235 83 105 0.9845879 
691 311 22 28 0.98035884 
573 325 31 38 0.9796491 
396 263 45 56 0.9755868 
738 310 16 22 0.940168 
716 338 20 26 0.8925977 
723 317 15 19 0.8307341 
805 308 21 26 0.818202 
646 281 21 27 0.75367004 
913 285 49 71 0.73376137 
661 306 22 28 0.69018126 
268 334 22 27 0.61328125 
26 296 45 55 0.40284622 
198 278 54 69 0.40119648 
636 285 16 20 0.26630616 
674 246 18 27 0.15844306 
660 385 25 28 0.13652268 
99 601 29 33 0.13015454 
656 295 23 31 0.1203176 
554 499 47 51 0.1127021 
131 -3 43 34 0.1089032 
779 307 12 17 0.108796544 
799 312 16 22 0.106056936 
800 276 13 15 0.09620199 
911 308 30 42 0.08268225 
241 322 13 16 0.072979406 
560 315 26 34 0.071872 
653 388 21 27 0.06832582 
827 293 26 36 0.06831385 
288 262 41 50 0.06591803 
557 320 12 18 0.06454516 
661 301 14 18 0.06276717 
277 325 24 28 0.06270808 
645 390 15 22 0.061965648 
552 311 23 32 0.061396334 
221 295 33 40 0.060485378 
707 71 24 34 0.057853006 
762 329 26 31 0.056473467 
548 295 14 18 0.055175155 
262 323 38 47 0.054925606 
526 187 14 17 0.05403913 
590 263 23 29 0.05296119 
831 333 13 18 0.05222303 
595 269 15 17 0.05125419 
748 308 14 17 0.049738582 
755 306 13 16 0.048439264 
0 218 381 482 0.047524564 
730 314 18 24 0.04679584 
560 568 40 41 0.04535604 
616 292 24 31 0.044994645 
682 235 16 22 0.044808786 
541 287 26 34 0.0446463 
176 276 50 68 0.04056356 
806 345 14 18 0.040241044 
666 381 18 20 0.04006949 
168 284 33 39 0.039574485 
559 253 11 17 0.037960168 
655 280 17 23 0.03743659 
544 289 14 19 0.036997717 
291 323 16 20 0.03618712 
811 341 13 17 0.035765115 
867 419 114 148 0.03546982 
911 267 81 110 0.034752887 
640 196 12 18 0.034642354 
515 193 14 16 0.034315616 
707 363 16 17 0.033118997 
779 340 25 28 0.033006806 
151 302 10 14 0.03240217 
965 247 28 34 0.031859163 
691 368 17 20 0.03037697 
710 355 25 29 0.030343972 
893 297 50 69 0.03029957 
500 186 15 16 0.030165257 
101 320 15 19 0.029155564 
696 365 23 26 0.028832402 
598 288 25 35 0.02771027 
634 390 23 29 0.02743995 
774 312 14 19 0.02707579 
605 268 12 16 0.026401985 
155 388 43 52 0.026223466 
652 291 18 23 0.02614264 
599 269 23 30 0.02605449 
876 340 13 18 0.02559512 
747 543 33 39 0.025364473 
815 305 18 25 0.025255 
972 250 16 20 0.02518186 
399 413 178 228 0.02515223 
3 344 29 41 0.025045913 
811 275 13 17 0.02475043 
311 313 13 17 0.024440575 
604 310 362 442 0.024284264 
153 309 11 16 0.023849867 
554 142 26 34 0.023469001 
996 255 27 46 0.023420474 
235 314 21 27 0.023111919 
670 298 23 32 0.022842165 
5 285 35 43 0.022789821 
669 244 16 23 0.022722412 
617 308 16 23 0.022683967 
183 441 52 55 0.022445075 
703 12 23 35 0.0218604 
711 276 11 14 0.021279063 
716 362 14 17 0.021226786 
714 369 17 20 0.020660983 
641 374 22 32 0.020644983 
557 286 12 14 0.020515852 
869 222 47 58 0.02032084 
1000 282 25 49 0.020275837 
770 384 47 48 0.02011322 
