2_Demonstration_Demonstrators_2_162
86
242 343 74 69 0.9849738 
583 347 39 49 0.9841262 
658 359 42 46 0.9610448 
498 389 40 57 0.9403561 
625 358 23 32 0.8810197 
200 314 26 33 0.3252929 
428 452 56 73 0.31820413 
563 451 39 48 0.26340023 
473 355 10 15 0.2566952 
419 437 48 66 0.25407687 
479 397 45 55 0.25401312 
981 343 9 12 0.23054177 
523 278 12 16 0.19390693 
551 297 14 18 0.16560254 
547 279 10 14 0.16344588 
455 447 48 71 0.13136032 
472 418 43 61 0.12355157 
414 432 32 53 0.12116268 
602 359 32 40 0.090747215 
960 349 9 11 0.087768756 
543 281 21 29 0.08455677 
517 395 37 47 0.08313688 
524 323 24 27 0.080086805 
324 434 48 54 0.0770947 
371 360 16 23 0.07556413 
631 361 42 50 0.07058391 
546 224 11 14 0.07017356 
371 354 28 35 0.06774656 
489 356 11 16 0.066353664 
469 347 14 19 0.05227778 
533 390 32 48 0.05095503 
499 339 15 19 0.050591923 
1006 327 9 11 0.0503276 
487 281 12 15 0.05018192 
807 315 12 17 0.048251282 
382 317 9 12 0.045307882 
378 345 46 53 0.041639253 
182 307 41 51 0.041636363 
464 338 14 17 0.038301904 
953 350 9 11 0.037720427 
54 613 11 13 0.037504323 
396 317 9 12 0.03738399 
555 462 32 42 0.036693204 
964 348 9 11 0.035196945 
200 322 35 47 0.03373131 
990 343 8 11 0.033393547 
572 428 46 61 0.032152466 
519 278 20 25 0.031724878 
494 345 21 31 0.030730508 
967 343 9 11 0.030411724 
621 354 18 26 0.029909644 
1015 327 7 11 0.029839834 
612 532 96 117 0.02945899 
485 351 21 26 0.02913684 
364 357 16 23 0.029123133 
341 373 10 13 0.028827809 
659 334 32 47 0.02867679 
523 315 17 21 0.028449511 
543 374 29 46 0.028219007 
398 358 34 44 0.028109971 
610 260 9 12 0.027521897 
493 412 38 52 0.026390897 
822 368 10 12 0.026084218 
460 344 23 30 0.026048657 
1005 332 10 12 0.025480237 
475 397 28 41 0.025354657 
446 235 17 22 0.024625046 
1016 310 7 11 0.024328075 
495 335 12 14 0.023913793 
925 311 10 13 0.023717433 
327 379 10 15 0.023669867 
175 320 30 35 0.023490084 
1008 320 8 10 0.022885343 
335 374 10 14 0.0227115 
424 424 33 49 0.021961333 
446 508 112 151 0.021838771 
521 322 15 18 0.021821782 
1015 284 8 11 0.021617915 
940 95 26 36 0.021601552 
365 360 44 55 0.02138693 
620 371 18 24 0.021045765 
640 355 16 22 0.021003807 
386 374 32 43 0.020577187 
529 278 20 28 0.020313747 
909 555 115 141 0.020161694 
982 338 8 10 0.020118173 
