2_Demonstration_Demonstrators_2_306
98
239 372 10 12 0.22620149 
208 370 12 16 0.18827568 
45 389 10 16 0.16837305 
152 420 11 16 0.14839046 
0 479 17 27 0.14417395 
189 364 10 14 0.1395724 
111 395 14 18 0.13015325 
167 334 11 14 0.1249373 
124 327 15 20 0.11734309 
71 17 427 510 0.10245331 
164 430 13 16 0.09338482 
205 392 11 14 0.08957986 
188 430 11 13 0.08880096 
270 367 9 12 0.07810628 
183 406 11 14 0.07700098 
35 375 11 13 0.064965114 
53 365 13 16 0.06412241 
63 373 12 14 0.062054772 
189 406 10 14 0.060160276 
246 389 10 13 0.058380216 
38 381 11 14 0.05702707 
31 377 12 15 0.055276603 
234 374 9 12 0.052161194 
245 372 9 12 0.049496304 
112 414 12 16 0.04940187 
246 382 10 13 0.04825917 
189 382 10 14 0.047338832 
60 366 14 17 0.04165427 
142 416 16 21 0.041399676 
157 426 14 17 0.040759068 
201 397 11 13 0.039442863 
709 139 58 65 0.03908439 
62 385 14 18 0.037504558 
732 552 22 27 0.037292298 
247 394 11 15 0.034621406 
132 442 12 16 0.034428697 
165 422 12 15 0.033821773 
638 528 34 41 0.03252256 
12 361 14 19 0.032047976 
34 402 13 16 0.03185301 
212 376 13 16 0.031659428 
19 362 12 16 0.031603705 
333 375 9 13 0.03101146 
116 390 25 30 0.0307628 
189 369 11 16 0.030750494 
22 373 11 13 0.030675177 
184 432 12 15 0.030437358 
32 398 11 15 0.03042258 
184 381 11 14 0.030132638 
142 404 13 18 0.030004181 
149 387 13 16 0.029958488 
140 388 13 16 0.029356442 
221 374 11 14 0.029272314 
68 367 12 15 0.029203428 
183 424 12 14 0.029192694 
173 457 14 17 0.028963674 
50 393 14 19 0.027933933 
52 360 21 27 0.02770861 
190 423 10 14 0.027592188 
39 384 18 24 0.027355155 
199 423 9 13 0.027334044 
0 381 7 13 0.027104704 
392 527 95 123 0.026895128 
51 384 19 25 0.026782615 
241 379 9 13 0.026270207 
156 414 12 16 0.025881525 
197 365 10 14 0.025810076 
145 488 10 11 0.025806589 
381 -8 448 437 0.02519217 
148 404 13 17 0.025030315 
149 410 14 21 0.024932766 
160 434 13 16 0.024799831 
185 359 10 14 0.024718236 
111 10 248 357 0.02436955 
6 351 22 31 0.024269914 
663 -66 382 519 0.023497103 
190 398 8 12 0.02311098 
141 381 13 16 0.023036856 
36 345 21 28 0.02296563 
150 393 13 19 0.022919176 
60 330 12 15 0.02257039 
344 376 209 247 0.022178156 
4 355 15 20 0.022174565 
157 300 11 14 0.021751447 
114 389 17 21 0.021683872 
15 383 12 14 0.021626353 
181 424 20 25 0.021601697 
692 122 58 65 0.0215865 
135 427 24 28 0.021345854 
174 371 12 15 0.021147206 
85 364 12 18 0.020961326 
27 374 19 25 0.020615362 
669 105 99 115 0.02059562 
54 372 22 26 0.020563105 
382 358 11 16 0.020419242 
199 373 12 16 0.020386592 
129 405 27 33 0.020318797 
404 331 18 21 0.020073595 
