2_Demonstration_Demonstration_Or_Protest_2_487
50
192 83 334 444 0.9972441 
12 385 120 175 0.99706835 
454 1054 141 186 0.99628556 
608 1283 111 136 0.66988933 
708 1228 100 138 0.66676396 
408 770 402 478 0.54829466 
624 648 339 420 0.42191723 
98 665 229 313 0.37577048 
779 458 168 257 0.30899987 
383 948 190 280 0.21608369 
140 789 234 307 0.1260551 
751 56 46 59 0.12519543 
144 482 49 60 0.114320576 
0 117 29 46 0.095125824 
74 434 97 123 0.09056034 
472 933 202 277 0.08800688 
484 836 11 14 0.074936874 
226 801 322 428 0.071854 
790 1132 29 34 0.07014612 
456 845 11 14 0.06445272 
738 62 40 46 0.061748702 
44 494 310 405 0.056485612 
395 329 366 412 0.052611116 
731 4 52 65 0.051936794 
818 574 116 146 0.04909644 
480 1075 177 248 0.045484126 
721 16 87 111 0.04472638 
507 483 415 478 0.044662762 
138 604 365 421 0.044658158 
133 792 121 171 0.042956196 
844 1133 28 31 0.037158392 
468 812 15 20 0.034896437 
5 201 46 62 0.03397594 
478 830 12 15 0.03390271 
475 817 13 18 0.032229807 
73 947 342 424 0.03108176 
605 983 121 178 0.030094352 
123 458 78 107 0.029271461 
70 163 66 53 0.027979027 
599 1186 180 253 0.025462385 
43 156 30 39 0.023181252 
478 843 14 17 0.021933611 
733 789 152 208 0.021708649 
516 1158 200 261 0.021254364 
496 818 13 16 0.021011164 
726 18 34 48 0.020781776 
458 816 16 20 0.020750724 
50 154 17 23 0.020390792 
541 1096 283 415 0.020174036 
75 175 37 37 0.020052636 
