2_Demonstration_Political_Rally_2_114
1170
648 317 27 35 0.9970241 
949 341 29 48 0.9897502 
460 314 22 36 0.9020093 
830 246 12 14 0.89464504 
99 318 26 48 0.7777545 
502 245 10 14 0.66848284 
430 195 12 14 0.59463614 
943 287 14 21 0.5679407 
71 212 9 11 0.550392 
261 278 26 30 0.4972215 
92 268 12 15 0.4909806 
949 212 9 11 0.4807416 
66 214 9 11 0.47683072 
826 275 14 20 0.47122306 
596 283 16 20 0.42343676 
273 173 11 13 0.4086138 
579 250 16 23 0.40678564 
606 261 11 14 0.3457902 
649 215 8 10 0.32224151 
102 212 8 11 0.3165642 
515 283 14 20 0.31590617 
559 216 8 11 0.31016037 
792 165 8 10 0.30930507 
865 213 10 13 0.30501544 
880 221 10 13 0.30285957 
568 250 12 16 0.3011583 
726 234 11 15 0.29301882 
837 236 11 14 0.28643325 
623 215 7 9 0.27999735 
963 258 12 15 0.27756298 
442 421 45 55 0.27238512 
309 228 13 17 0.2720868 
862 220 10 12 0.265981 
47 172 9 10 0.26475853 
511 208 8 11 0.2637241 
400 237 11 14 0.25590205 
520 230 9 11 0.23842105 
880 244 8 12 0.22488977 
686 264 16 19 0.21578361 
948 292 15 20 0.21547219 
800 180 9 12 0.20311204 
946 463 35 43 0.20063876 
804 179 11 12 0.19929682 
792 281 16 22 0.19664443 
132 249 13 18 0.19627655 
78 238 9 12 0.19558276 
778 200 7 9 0.19422176 
887 183 7 9 0.19338374 
173 315 28 38 0.19303353 
25 174 9 11 0.18954113 
339 238 12 15 0.18778919 
28 172 10 11 0.18358472 
86 97 9 11 0.18240969 
712 489 53 78 0.17822662 
365 167 8 11 0.1774697 
354 266 16 20 0.17155915 
793 183 7 10 0.1683386 
498 245 9 13 0.16244149 
821 270 13 19 0.1622976 
641 165 8 10 0.1579848 
510 324 28 40 0.15773794 
921 207 9 11 0.1576716 
997 254 9 12 0.15758656 
17 176 8 10 0.14944728 
291 165 10 14 0.14882277 
760 227 10 13 0.14849117 
295 219 9 12 0.14668864 
232 166 9 11 0.14604963 
693 235 10 14 0.14484479 
677 182 9 11 0.14359142 
867 207 10 12 0.14268477 
49 195 8 11 0.14140564 
788 240 11 17 0.1413089 
927 207 7 9 0.1401165 
567 232 8 10 0.14003654 
959 175 7 9 0.13926159 
978 295 17 23 0.13804574 
640 160 8 10 0.13800544 
213 247 11 14 0.1370673 
212 280 16 20 0.13467616 
455 193 8 10 0.13419317 
838 222 8 10 0.1321425 
474 247 8 11 0.13187633 
447 230 8 10 0.13154928 
705 191 7 10 0.1310098 
960 216 8 10 0.13099581 
550 252 9 12 0.13096742 
793 189 7 10 0.1294163 
569 207 7 9 0.12927018 
960 198 7 9 0.12914382 
120 213 8 10 0.1286241 
471 214 8 11 0.12829544 
975 238 8 11 0.12666216 
100 266 20 24 0.12662444 
752 165 7 9 0.1238916 
946 209 8 10 0.12384605 
601 236 9 12 0.12362202 
277 156 11 13 0.12183133 
438 273 12 19 0.12141837 
294 148 8 10 0.12026837 
507 244 11 14 0.11818313 
631 237 10 13 0.11810303 
592 229 7 10 0.1172394 
679 233 9 11 0.11713665 
263 234 24 29 0.11627626 
909 222 9 12 0.11410635 
516 258 12 16 0.11393362 
677 253 13 16 0.112655334 
584 239 8 12 0.112639084 
985 212 8 10 0.1125049 
905 221 8 11 0.11084758 
104 336 29 43 0.11036619 
109 263 22 28 0.110023804 
421 96 8 11 0.110006884 
516 366 22 38 0.10982779 
293 251 12 17 0.10973632 
525 230 9 11 0.10904155 
782 199 9 11 0.10886516 
673 243 11 14 0.10822848 
422 216 8 11 0.1081729 
51 254 20 31 0.10803509 
824 180 7 10 0.107504934 
910 199 8 11 0.107328065 
605 237 10 12 0.10654379 
377 114 10 13 0.10649458 
774 167 7 9 0.1054504 
253 212 10 13 0.103188545 
527 206 10 12 0.1026507 
553 220 8 12 0.102357276 
440 364 26 35 0.10147694 
65 209 8 10 0.09978926 
906 274 14 18 0.09978811 
968 215 8 9 0.09965369 
425 221 8 11 0.09947672 
975 215 8 10 0.0994328 
688 198 9 11 0.09923328 
997 259 11 13 0.09923243 
881 182 10 12 0.09918589 
417 271 17 22 0.09800927 
126 250 13 17 0.0974245 
952 262 10 14 0.09733927 
148 273 15 18 0.09711878 
623 222 8 10 0.09686753 
276 197 12 17 0.09678746 
31 212 9 13 0.09648504 
257 172 8 11 0.09624548 
934 217 7 9 0.09618127 
791 198 8 11 0.09492174 
769 166 8 10 0.09480235 
528 213 10 12 0.09447875 
966 265 13 20 0.09406923 
847 206 9 11 0.09382442 
479 222 9 11 0.09369573 
326 242 11 15 0.09346028 
973 291 15 21 0.09335987 
805 236 12 15 0.09333482 
672 254 11 14 0.09329927 
95 222 8 11 0.093028456 
454 181 8 9 0.092989564 
802 281 15 21 0.092873946 
781 236 14 20 0.09220869 
510 261 13 16 0.091969326 
702 159 7 9 0.091740966 
263 263 28 36 0.091605134 
576 190 8 10 0.091483116 
77 214 8 10 0.091023594 
863 187 9 12 0.09033673 
973 273 11 16 0.09024362 
592 207 8 11 0.08959215 
822 195 8 11 0.089532234 
509 252 12 15 0.089340754 
961 193 7 9 0.08905096 
509 238 10 13 0.08808034 
777 151 8 10 0.08754232 
454 266 13 19 0.087154016 
431 245 9 12 0.08675836 
961 221 8 9 0.08673627 
765 223 9 13 0.08647668 
97 213 9 12 0.08640183 
951 244 10 11 0.086401395 
456 242 10 14 0.08622878 
569 247 19 24 0.085815445 
996 273 14 17 0.08545974 
721 237 10 14 0.085434884 
88 222 9 11 0.08529776 
815 213 8 10 0.08493945 
776 239 10 15 0.0847635 
289 170 9 13 0.084264696 
304 234 15 18 0.08328349 
333 242 14 16 0.08113549 
632 199 8 10 0.081065446 
906 200 8 10 0.079372145 
142 208 8 11 0.079090536 
848 199 9 11 0.0787 
426 175 8 10 0.078690395 
709 215 11 13 0.078571334 
474 181 8 10 0.0785336 
335 103 7 10 0.07799926 
630 261 10 12 0.07767825 
857 222 11 13 0.07693926 
153 265 17 20 0.076779105 
506 206 8 11 0.076509364 
502 268 13 18 0.0762774 
78 159 8 9 0.07587589 
856 238 9 13 0.07556196 
840 204 8 10 0.07537001 
767 174 8 10 0.0752457 
310 95 8 10 0.074711576 
854 198 9 12 0.07454373 
120 209 8 9 0.07453955 
481 206 8 10 0.07414898 
263 173 9 12 0.073541716 
839 183 7 10 0.07344225 
450 181 7 8 0.07268053 
337 64 7 10 0.07258144 
889 188 9 12 0.0725352 
615 198 7 9 0.07156084 
247 291 23 33 0.071500376 
773 323 14 17 0.070897065 
704 219 9 12 0.07077147 
143 238 11 14 0.07066389 
992 259 11 14 0.06989643 
54 320 20 32 0.069874 
256 167 9 11 0.06976515 
586 252 13 18 0.069463246 
126 228 12 14 0.069431186 
848 214 8 10 0.06926718 
981 237 10 12 0.06924896 
7 344 28 46 0.06916482 
343 94 8 9 0.06875351 
22 212 12 15 0.06857577 
929 215 7 9 0.06856213 
618 214 8 10 0.067719735 
519 209 9 12 0.0676872 
63 219 9 11 0.06762731 
382 102 8 9 0.06738217 
736 192 8 11 0.06717529 
687 232 10 12 0.06707651 
73 237 10 13 0.06660197 
624 244 9 11 0.06651591 
14 211 12 14 0.06646109 
134 256 13 17 0.06633738 
305 143 8 10 0.06627918 
341 220 13 17 0.066225804 
991 208 7 9 0.06608312 
409 321 23 32 0.06599181 
119 252 11 15 0.065938644 
341 228 12 16 0.06575272 
534 220 9 11 0.065349855 
576 222 8 9 0.065009944 
507 266 13 17 0.064821735 
737 143 7 10 0.06474496 
609 191 8 11 0.06467497 
1008 205 7 10 0.06442451 
128 222 11 14 0.06438443 
688 167 8 9 0.0643445 
357 182 11 14 0.06409916 
444 269 12 18 0.06385756 
351 263 14 16 0.0636238 
632 255 10 12 0.06357666 
407 231 10 13 0.06356024 
88 229 9 11 0.06339822 
1000 230 9 11 0.06337901 
689 159 6 8 0.06320226 
796 166 8 10 0.06297332 
575 339 27 41 0.06271138 
777 158 7 9 0.06224153 
469 317 18 27 0.06212943 
816 191 9 13 0.061984718 
886 239 9 11 0.061892625 
1000 214 9 10 0.061827682 
429 272 15 21 0.061735526 
70 394 37 40 0.061555408 
519 225 8 11 0.06141505 
1014 206 7 11 0.061383538 
418 214 8 10 0.06104924 
355 270 23 30 0.06092404 
991 213 7 10 0.060813613 
474 303 23 33 0.060582392 
841 199 8 10 0.060358558 
1001 222 8 10 0.060347892 
280 102 7 9 0.06023186 
129 190 8 11 0.060181938 
752 208 9 11 0.05996656 
389 265 13 17 0.0599519 
405 326 15 24 0.059804853 
618 222 8 10 0.058946844 
271 242 25 32 0.058860634 
719 160 8 9 0.058707982 
733 213 11 13 0.05866099 
975 220 9 10 0.05864003 
845 237 10 13 0.058472924 
311 143 8 10 0.058461938 
90 265 20 24 0.058448754 
729 213 9 13 0.05803958 
743 191 9 11 0.05802535 
891 277 17 21 0.057983447 
880 216 10 11 0.057980787 
807 214 9 11 0.057645634 
921 212 8 10 0.057432845 
698 322 18 21 0.057369325 
523 288 14 19 0.05735057 
944 263 9 12 0.05716968 
472 220 9 11 0.057138067 
16 179 8 11 0.057036716 
714 165 7 9 0.056911644 
273 96 7 9 0.056848228 
879 168 7 9 0.056609284 
532 215 10 11 0.05648616 
874 168 7 9 0.056284573 
718 165 8 9 0.05626715 
242 416 70 95 0.05623284 
353 187 10 13 0.055899926 
933 269 9 13 0.05551539 
442 231 7 10 0.055426005 
110 315 25 40 0.055410277 
807 188 11 14 0.055219047 
160 167 9 10 0.055177223 
889 196 9 12 0.055118244 
260 235 16 19 0.05506282 
834 182 8 10 0.055000577 
684 268 22 27 0.05489035 
1000 207 8 9 0.05486259 
206 263 12 15 0.054743927 
435 192 10 12 0.054683987 
834 221 8 10 0.054599743 
167 196 8 11 0.05444275 
79 184 7 8 0.054342747 
811 273 19 26 0.054240003 
57 214 9 12 0.054143853 
767 192 8 10 0.0539749 
473 189 8 10 0.053835094 
233 160 8 10 0.053810008 
946 331 25 40 0.053718332 
736 208 9 12 0.053624537 
33 285 27 33 0.053498067 
382 96 8 10 0.053364772 
192 174 10 12 0.05289437 
486 238 10 13 0.052838214 
421 358 23 32 0.052737817 
649 247 9 11 0.052512135 
649 229 8 11 0.052490335 
302 204 9 12 0.052336223 
168 165 9 12 0.052214995 
330 103 7 10 0.051938206 
402 396 36 48 0.051867064 
150 253 14 16 0.051844634 
768 197 8 10 0.05163862 
225 165 9 12 0.051593646 
217 176 9 12 0.05120992 
112 221 9 11 0.05116865 
917 277 11 15 0.051119596 
277 177 11 14 0.05103085 
1000 187 8 11 0.051019095 
871 221 10 12 0.051000882 
909 252 10 12 0.05078663 
208 246 10 14 0.050767556 
545 220 8 11 0.05073627 
99 206 9 12 0.050716672 
560 251 11 14 0.050667666 
911 246 9 12 0.050646257 
124 235 12 16 0.05062791 
446 317 27 37 0.05062425 
927 230 8 11 0.050424095 
647 219 8 11 0.050363146 
261 246 15 21 0.05031573 
361 172 8 12 0.050138142 
629 243 10 13 0.050104205 
513 229 10 12 0.049871475 
113 216 8 10 0.049840312 
755 263 17 22 0.049684215 
286 245 13 19 0.04968338 
497 127 7 9 0.049630597 
1000 235 9 12 0.049564533 
481 198 8 10 0.049547654 
760 213 8 12 0.049440037 
982 284 13 17 0.049138926 
361 297 14 18 0.04909937 
267 247 17 21 0.049064316 
801 176 9 11 0.049017247 
504 180 8 10 0.04891711 
960 171 7 9 0.048907973 
87 263 13 17 0.04874943 
887 216 9 10 0.048711736 
408 252 10 14 0.04861517 
737 150 7 9 0.04858174 
84 238 9 11 0.048566945 
526 255 11 15 0.048498414 
134 247 22 27 0.048443727 
336 81 7 9 0.048421063 
825 177 7 8 0.04840822 
255 236 13 16 0.04839928 
288 94 7 10 0.048126742 
935 206 8 10 0.048030045 
71 232 8 10 0.047797337 
220 282 24 31 0.047790643 
301 197 10 13 0.047704432 
96 228 7 10 0.04769617 
140 259 12 15 0.047545206 
601 258 20 25 0.04749816 
23 219 11 13 0.047125988 
484 298 22 31 0.046876952 
364 275 14 18 0.046849728 
24 179 9 12 0.046711247 
833 277 13 17 0.046656445 
920 200 8 10 0.046634734 
453 252 12 15 0.046602346 
885 293 13 17 0.046552163 
934 276 11 14 0.046530347 
528 221 9 11 0.04646991 
188 299 16 22 0.0464207 
806 220 10 11 0.046348523 
206 274 16 21 0.046268843 
687 279 22 33 0.046259448 
740 265 15 20 0.046237722 
741 275 12 18 0.046211567 
472 177 8 9 0.04617415 
431 230 8 9 0.045937724 
798 188 9 12 0.04592407 
342 214 11 15 0.04584641 
576 216 8 10 0.045809496 
694 328 14 19 0.045752265 
805 230 11 13 0.04571693 
460 237 10 15 0.045626234 
561 116 11 14 0.045437925 
32 197 9 11 0.045376994 
878 174 9 11 0.04530289 
237 165 8 12 0.0452931 
124 212 10 11 0.045203995 
425 166 8 11 0.045174044 
414 231 9 12 0.045133814 
359 96 7 9 0.04507337 
733 257 14 21 0.044970036 
966 175 7 9 0.044883315 
173 160 9 11 0.044768367 
910 205 9 11 0.044646386 
451 197 9 12 0.044610377 
608 214 8 9 0.04456889 
818 208 8 11 0.044563472 
653 246 9 11 0.044323437 
160 192 9 11 0.044067644 
884 227 11 13 0.043840908 
688 174 8 10 0.043650277 
964 356 33 37 0.043642312 
612 265 14 17 0.043541506 
957 263 14 20 0.04353105 
826 167 7 9 0.04348445 
532 255 11 14 0.043442614 
797 236 12 16 0.043411437 
61 257 13 21 0.04332915 
809 151 7 9 0.04329715 
480 191 8 10 0.043294817 
507 271 19 26 0.04309599 
465 215 8 10 0.043088555 
497 221 8 11 0.04301132 
280 249 22 28 0.042628765 
122 166 9 12 0.042575378 
376 134 8 11 0.042299546 
439 237 8 10 0.04227129 
695 167 8 10 0.04217705 
732 280 16 23 0.042146917 
709 189 8 11 0.042098604 
761 192 8 10 0.042070314 
988 275 15 18 0.042029604 
625 181 10 12 0.041873984 
619 267 23 29 0.041862532 
263 179 11 14 0.041787665 
609 197 8 10 0.041747034 
493 263 11 14 0.041692637 
117 259 12 17 0.0416502 
913 307 17 19 0.041633394 
337 86 8 9 0.041496847 
966 193 8 10 0.041480985 
533 204 10 11 0.04140307 
81 220 9 11 0.04126595 
984 168 6 8 0.041095745 
604 278 23 29 0.041092873 
550 205 9 10 0.04106657 
592 175 8 9 0.04106612 
223 239 9 12 0.04100846 
615 181 9 11 0.04074939 
967 221 8 9 0.04068318 
955 283 12 17 0.040674787 
1 158 7 10 0.04058981 
182 301 25 35 0.040535696 
119 236 11 14 0.04050614 
217 239 9 13 0.04041571 
447 261 11 16 0.040405743 
14 166 8 11 0.040383935 
464 221 8 11 0.040358208 
934 262 9 12 0.040242318 
324 212 10 12 0.040166717 
447 246 9 12 0.040131785 
430 183 7 9 0.0401061 
276 165 12 14 0.040036634 
630 174 9 11 0.039913792 
280 96 7 10 0.03987353 
47 220 9 11 0.039700393 
546 319 19 20 0.03957387 
133 228 10 13 0.03953124 
873 173 9 11 0.039453875 
122 252 21 25 0.03944641 
425 229 9 11 0.039390143 
497 216 8 10 0.039356627 
593 224 7 9 0.039353065 
832 174 8 10 0.039288796 
72 242 10 14 0.039247155 
477 251 9 11 0.039212964 
624 262 11 13 0.03905668 
880 188 9 12 0.03903937 
973 284 13 18 0.03900841 
83 95 8 11 0.039003838 
927 269 12 14 0.03895265 
678 276 13 17 0.038908627 
23 197 10 11 0.038907737 
543 235 10 13 0.03889227 
347 359 14 17 0.03885161 
159 173 8 10 0.03884034 
597 273 21 26 0.03882177 
134 237 11 15 0.03863471 
73 190 8 10 0.03855552 
671 276 12 16 0.03853211 
95 170 8 11 0.038506247 
833 215 8 11 0.038462557 
452 364 24 31 0.03842623 
713 161 7 9 0.038405698 
967 232 8 11 0.038392223 
184 312 29 39 0.03835367 
770 162 7 9 0.038243316 
798 214 10 12 0.03823336 
0 166 6 10 0.038107496 
644 167 8 9 0.038041864 
295 227 10 14 0.0379599 
598 232 9 11 0.037956268 
575 197 8 10 0.037915286 
496 176 8 9 0.037892442 
367 129 8 11 0.037821885 
275 240 15 20 0.037788637 
302 189 11 13 0.037667785 
936 283 15 19 0.03756967 
21 257 15 23 0.037459735 
654 231 8 10 0.03743181 
969 237 9 12 0.037361875 
765 215 9 12 0.037322298 
949 276 13 18 0.03728611 
117 350 24 34 0.037276562 
103 229 9 11 0.037078433 
781 151 8 10 0.037071206 
485 223 9 11 0.037063908 
502 262 12 16 0.0370376 
821 262 12 14 0.03701961 
168 214 9 12 0.036961544 
455 229 8 11 0.03690157 
832 159 7 9 0.03681237 
847 220 10 13 0.036731407 
853 204 10 12 0.036719542 
16 199 9 11 0.036696948 
415 237 8 11 0.036660608 
471 207 8 11 0.03665748 
642 221 8 10 0.03659218 
613 190 9 12 0.036576193 
159 227 9 12 0.03656311 
96 189 8 11 0.036553137 
974 243 10 13 0.0365411 
40 221 8 11 0.036508013 
415 245 9 12 0.036475983 
441 165 7 10 0.036396697 
506 248 20 25 0.036396444 
791 203 10 13 0.036390606 
525 245 10 13 0.036380842 
141 351 11 15 0.03631234 
831 167 7 9 0.036287062 
501 222 8 11 0.036216777 
569 199 8 10 0.03613283 
72 172 8 10 0.036102634 
296 193 12 16 0.036079664 
829 258 13 16 0.036070045 
724 284 16 24 0.03602026 
319 242 13 16 0.03588105 
628 267 12 16 0.03588037 
976 208 7 9 0.035802457 
0 197 7 14 0.035751365 
9 150 8 10 0.035738446 
654 237 8 11 0.035720527 
305 112 7 9 0.035657518 
751 181 7 10 0.03562003 
909 228 10 13 0.035593387 
126 166 9 11 0.035592224 
772 226 12 17 0.03558969 
838 175 8 10 0.035575118 
144 249 24 28 0.035540327 
677 187 9 13 0.035512894 
589 126 10 12 0.03549856 
479 214 9 11 0.035470784 
588 283 18 24 0.035447884 
572 306 15 20 0.035414785 
582 190 7 9 0.035389084 
534 76 12 14 0.03534558 
683 254 13 16 0.03534554 
487 228 10 13 0.03532074 
499 241 18 23 0.03530913 
930 221 8 10 0.03528436 
893 261 13 16 0.035155617 
113 143 8 10 0.0351024 
1007 222 8 10 0.035101507 
231 117 7 10 0.035094965 
399 84 9 12 0.034977857 
723 227 19 25 0.034968063 
434 350 26 34 0.03492763 
122 281 15 18 0.034888964 
639 150 7 9 0.034888204 
629 215 8 10 0.03476785 
465 175 7 9 0.034731988 
356 287 22 28 0.034618415 
719 259 10 14 0.034504946 
897 270 20 26 0.034423407 
900 261 12 15 0.034418374 
712 182 8 10 0.034350924 
1008 174 7 10 0.03432575 
8 157 8 10 0.034289274 
728 220 10 13 0.034246225 
760 150 7 9 0.034179185 
855 227 10 14 0.034163553 
730 192 9 11 0.03413568 
593 200 8 9 0.034063816 
826 239 9 14 0.034037188 
768 244 11 15 0.03398712 
463 230 8 11 0.03397873 
89 215 9 11 0.033951793 
488 244 9 12 0.033951286 
894 205 9 10 0.033900447 
911 237 9 11 0.033879437 
785 193 7 9 0.03375616 
359 133 7 10 0.033747297 
957 274 12 17 0.03373492 
747 272 16 20 0.033732977 
977 159 7 9 0.033645287 
877 294 21 29 0.033630483 
609 208 7 9 0.033565693 
822 206 8 11 0.033506703 
254 239 39 49 0.033482842 
640 172 8 11 0.033439387 
283 196 12 17 0.033372324 
514 223 9 10 0.03333174 
1008 245 9 12 0.033310145 
650 308 18 25 0.03323364 
645 159 8 10 0.033224847 
414 379 29 40 0.033218317 
585 230 8 10 0.033193577 
5 361 29 50 0.03318823 
718 220 8 11 0.033187754 
1007 261 10 13 0.033110645 
624 227 8 11 0.03309504 
638 199 8 11 0.032968007 
1015 212 8 11 0.03289458 
576 184 8 10 0.03289226 
693 197 9 11 0.03287353 
261 166 9 12 0.032779507 
888 205 9 11 0.032773063 
543 205 9 11 0.03276451 
720 137 8 10 0.032743793 
312 149 8 10 0.03271414 
663 259 11 14 0.03268993 
207 352 40 53 0.032681998 
981 275 13 17 0.03268191 
760 144 7 9 0.03266367 
976 232 8 11 0.03264851 
237 159 9 11 0.032605886 
442 278 15 20 0.03248037 
941 279 12 15 0.032401286 
271 189 11 15 0.032316405 
56 207 8 10 0.032288533 
923 283 12 16 0.032267235 
96 198 8 11 0.032246664 
562 317 23 29 0.032242656 
268 168 19 23 0.032229483 
64 230 9 10 0.032219056 
1000 170 6 8 0.032216992 
311 231 19 25 0.032214914 
10 213 9 12 0.03214579 
732 229 12 16 0.032089714 
192 294 23 31 0.032066338 
816 166 7 10 0.032022413 
575 230 8 10 0.031997573 
33 252 23 31 0.03196077 
432 238 8 11 0.031955987 
636 236 9 12 0.031890042 
25 191 9 11 0.0318728 
798 160 8 10 0.03181127 
764 273 14 19 0.03177674 
420 405 49 59 0.031752568 
751 191 7 11 0.03175042 
121 158 9 11 0.03174414 
141 260 22 28 0.031732634 
144 182 7 10 0.031705346 
994 169 6 8 0.031695005 
573 207 8 10 0.03168183 
798 205 9 11 0.031680185 
459 261 11 16 0.031658508 
758 165 8 10 0.031619143 
343 88 7 9 0.031613033 
745 182 8 10 0.031573027 
504 200 8 11 0.031543326 
128 184 7 9 0.031420138 
447 224 8 9 0.031414885 
649 237 9 11 0.03138167 
615 228 8 11 0.031358726 
695 286 21 34 0.031347282 
591 236 8 11 0.031343997 
480 239 8 11 0.031231832 
839 188 8 11 0.031151792 
694 173 8 11 0.031100793 
587 337 33 52 0.031021656 
613 254 10 13 0.030994622 
992 261 19 25 0.030993037 
223 160 9 11 0.030919466 
504 214 7 10 0.030916624 
326 283 22 30 0.030866355 
294 96 8 9 0.030822026 
26 168 9 12 0.03080109 
960 180 8 10 0.030772613 
559 124 11 14 0.030766234 
333 328 29 40 0.030736607 
176 184 8 10 0.03070728 
799 150 8 10 0.030690312 
857 190 8 12 0.030647712 
505 176 7 10 0.030641133 
752 197 7 9 0.030615166 
638 277 11 16 0.030593943 
550 182 8 11 0.030495541 
423 359 13 18 0.030485969 
519 234 10 12 0.030451829 
720 231 10 14 0.030429507 
847 229 10 13 0.030393789 
561 236 10 13 0.030375091 
327 96 7 10 0.030345459 
277 190 12 15 0.030339343 
84 243 10 14 0.03028961 
122 171 8 12 0.03018589 
814 269 12 16 0.030161398 
144 79 8 10 0.030139744 
863 166 7 9 0.030131731 
410 133 8 11 0.030084174 
140 242 13 17 0.030079499 
84 322 28 38 0.0299631 
545 252 10 12 0.02995986 
585 167 8 10 0.029937362 
185 148 9 12 0.029844742 
36 204 10 13 0.029799918 
416 207 9 11 0.029793302 
776 194 8 9 0.0297909 
916 269 12 16 0.029690696 
429 224 9 11 0.029685244 
996 282 14 17 0.029623678 
791 213 10 14 0.029616017 
719 242 11 16 0.029603142 
631 204 8 11 0.029557336 
203 262 22 28 0.029538918 
489 184 7 9 0.029527564 
89 172 8 10 0.029463671 
679 177 8 10 0.029436532 
465 199 8 10 0.029417248 
588 117 10 13 0.029375277 
746 174 8 11 0.029320665 
77 209 8 10 0.029294789 
329 176 8 11 0.02926221 
793 150 7 9 0.029148044 
719 214 9 13 0.02909274 
495 181 8 9 0.029066345 
608 267 23 28 0.02906304 
960 206 7 9 0.02903145 
41 172 8 11 0.029026974 
341 292 13 19 0.029023116 
648 174 8 11 0.02900713 
36 266 28 37 0.028984468 
501 370 29 45 0.028973976 
363 263 12 15 0.02893926 
413 253 9 12 0.0288048 
36 213 9 12 0.028796813 
392 181 11 13 0.028754784 
222 289 15 19 0.02860222 
110 244 12 15 0.028541787 
230 171 9 12 0.028539708 
400 38 9 11 0.028509028 
761 182 7 10 0.028283011 
678 214 9 11 0.028213691 
321 208 9 12 0.028166834 
310 113 8 10 0.028159892 
698 158 7 9 0.028145958 
249 174 7 11 0.028127966 
905 253 10 12 0.0281037 
496 250 9 13 0.028092278 
787 167 7 9 0.028047478 
917 245 9 11 0.027964287 
978 281 21 29 0.027962785 
593 182 7 10 0.027946236 
293 231 22 29 0.027903149 
741 143 8 10 0.027860053 
38 198 10 13 0.027775992 
287 89 7 9 0.02777302 
598 207 8 10 0.02775164 
926 236 10 12 0.027737267 
418 323 28 32 0.027724037 
302 214 11 12 0.027718723 
686 181 8 11 0.027716724 
673 175 7 10 0.027703691 
652 175 10 12 0.02769933 
381 135 8 10 0.027694317 
248 235 10 14 0.027645247 
984 160 6 8 0.027643586 
649 199 8 10 0.027634902 
46 182 8 10 0.027611118 
814 243 10 14 0.027591538 
447 251 11 16 0.027588338 
871 198 10 11 0.027586468 
978 167 7 9 0.027582377 
751 174 8 11 0.027483191 
23 149 7 10 0.027454995 
441 160 7 10 0.027434638 
350 293 22 32 0.027399676 
465 206 8 11 0.02731834 
893 253 12 15 0.027318208 
807 270 12 15 0.027288174 
296 203 12 14 0.027285779 
705 183 8 10 0.027255611 
877 286 12 16 0.027244715 
185 157 9 12 0.027234998 
574 239 10 12 0.027160058 
586 100 14 15 0.027150247 
586 207 8 10 0.027148258 
335 150 7 9 0.027145516 
600 191 7 10 0.027100202 
407 259 11 15 0.02704982 
338 94 7 9 0.027049467 
599 198 7 9 0.026983084 
608 232 10 12 0.02695896 
584 256 22 30 0.026957288 
527 200 10 11 0.026946865 
616 209 7 10 0.026942477 
839 158 7 10 0.026912447 
293 160 8 10 0.02690453 
767 182 8 9 0.026875196 
1015 221 8 12 0.026849775 
294 189 11 13 0.02684833 
969 298 14 18 0.02682295 
137 159 8 9 0.026812261 
644 283 12 16 0.026764996 
761 175 7 10 0.026706595 
993 222 8 10 0.026670696 
924 275 13 16 0.026665756 
425 110 8 11 0.026649665 
526 235 10 12 0.026631553 
150 158 9 11 0.026631327 
406 243 10 14 0.026603261 
320 101 7 10 0.02656158 
624 209 8 11 0.026558755 
993 230 9 11 0.02655842 
487 190 8 10 0.026526218 
393 87 7 10 0.026522221 
545 181 8 11 0.02651985 
957 243 10 12 0.026480705 
304 148 8 10 0.02646464 
737 159 7 9 0.026461907 
615 176 9 11 0.026460191 
425 237 7 10 0.026457237 
896 221 9 11 0.026386458 
504 126 7 10 0.02637631 
506 332 18 26 0.026345065 
878 249 11 14 0.026334202 
972 333 31 40 0.026325038 
207 287 27 34 0.026291247 
40 168 8 11 0.026238715 
396 232 18 24 0.026233817 
617 152 7 9 0.026232077 
919 237 9 12 0.026229128 
62 272 12 18 0.026176576 
616 245 9 12 0.02613878 
477 285 12 16 0.02612808 
703 154 8 10 0.026080288 
681 267 12 16 0.026079435 
847 244 10 13 0.02606752 
599 117 10 13 0.02605498 
957 252 19 25 0.026044909 
303 221 11 14 0.026032038 
14 150 8 10 0.025958452 
276 259 14 19 0.025953181 
426 180 8 10 0.025951363 
311 89 7 9 0.025926668 
223 173 9 12 0.025907727 
336 214 12 15 0.025891686 
809 159 7 9 0.025883278 
955 191 6 9 0.025837097 
1007 253 9 12 0.025828144 
135 141 9 12 0.02581219 
57 219 8 12 0.025790112 
81 101 9 11 0.025768064 
289 144 9 11 0.025759125 
15 218 11 14 0.025680112 
448 236 8 11 0.025678603 
132 305 17 21 0.025655255 
555 316 15 19 0.02554879 
209 241 19 25 0.025542596 
126 172 8 11 0.025512151 
566 132 9 12 0.025499364 
775 144 8 9 0.025471171 
740 228 11 14 0.025432225 
318 187 10 13 0.025397796 
145 190 7 10 0.025368422 
561 231 9 11 0.025362033 
120 134 7 10 0.025349377 
74 185 7 8 0.025306705 
218 276 15 19 0.025299251 
111 171 8 11 0.025292361 
759 160 7 10 0.025265709 
457 223 7 10 0.025244614 
442 355 15 19 0.02521171 
884 243 10 13 0.025208687 
144 267 12 16 0.025196422 
428 355 15 20 0.02518426 
1010 200 7 9 0.025168704 
439 261 11 17 0.02513231 
223 125 7 10 0.02512444 
449 205 8 11 0.02510281 
832 207 9 11 0.025075844 
999 247 10 13 0.025047962 
8 220 10 12 0.025027266 
311 189 10 12 0.025002483 
290 215 9 12 0.024994463 
826 159 7 10 0.024990747 
624 175 11 12 0.024944497 
71 128 8 10 0.024888914 
570 190 8 11 0.024864968 
63 245 10 13 0.024814675 
747 257 18 24 0.024814626 
121 224 21 26 0.024807887 
640 230 8 11 0.024752436 
632 135 8 10 0.024660291 
682 390 35 52 0.024655694 
565 1 11 11 0.024639925 
451 192 8 11 0.024637187 
118 244 12 16 0.02463656 
48 118 8 10 0.024611475 
524 324 43 49 0.02450254 
327 181 9 11 0.024490407 
167 159 11 12 0.02446546 
14 189 8 11 0.024337154 
544 246 11 13 0.024336949 
398 119 8 10 0.024335148 
846 183 8 11 0.024331143 
263 204 10 13 0.02431073 
143 174 8 10 0.024277477 
530 290 15 19 0.024259364 
977 174 7 10 0.024174785 
559 0 12 11 0.024149643 
829 235 20 23 0.024141671 
950 255 12 14 0.024136527 
30 219 9 12 0.024123317 
74 261 22 29 0.0241096 
704 196 8 10 0.024070356 
598 183 7 9 0.024059767 
131 264 15 18 0.0240487 
824 249 12 16 0.024011033 
79 175 7 9 0.023901867 
160 135 7 9 0.023898082 
1015 168 7 11 0.02388346 
1006 215 8 9 0.023860004 
655 180 9 12 0.023795232 
663 231 9 11 0.023792813 
160 159 9 11 0.023783471 
287 187 12 16 0.023765886 
431 321 29 33 0.023755651 
136 166 8 11 0.023718705 
750 275 24 28 0.02366601 
69 244 22 29 0.023647133 
736 167 7 9 0.023646653 
564 110 12 15 0.023574876 
414 337 38 43 0.0235697 
78 189 8 11 0.02353386 
669 239 20 23 0.023513032 
926 449 48 67 0.023445254 
759 207 9 12 0.023444492 
459 273 13 16 0.023440534 
742 151 8 9 0.023351183 
573 298 24 33 0.023339767 
969 208 7 8 0.023315074 
352 96 8 9 0.023311883 
728 152 7 9 0.023302892 
227 296 15 20 0.023257729 
1006 182 8 11 0.023238836 
649 207 7 10 0.023229346 
23 143 6 9 0.023199778 
166 172 9 11 0.023198389 
692 336 14 19 0.023197433 
279 171 21 27 0.023191346 
810 167 7 9 0.023174912 
323 236 21 24 0.023172641 
159 213 10 12 0.023169653 
861 201 19 24 0.023134092 
598 254 12 16 0.02313366 
987 255 19 24 0.023131797 
649 251 10 13 0.023124104 
873 228 10 12 0.023103364 
520 319 30 37 0.023061434 
430 167 8 10 0.02305427 
560 131 9 13 0.023030156 
919 222 8 10 0.023022056 
992 293 23 28 0.023005545 
816 261 10 15 0.022979703 
992 237 10 11 0.022919808 
688 192 10 13 0.022909926 
742 206 9 12 0.02289576 
9 143 8 10 0.0228746 
981 252 13 16 0.022871822 
860 227 11 13 0.022870906 
318 143 8 10 0.022853544 
4 284 24 34 0.022836756 
583 223 8 10 0.022774823 
433 369 43 48 0.022774115 
880 196 8 11 0.022747783 
904 182 8 11 0.02272376 
630 189 8 11 0.022653269 
954 183 8 9 0.022608854 
399 332 12 17 0.022603486 
1006 229 9 11 0.022569207 
560 208 8 11 0.022554984 
905 228 9 12 0.02254202 
152 166 9 11 0.022538755 
80 232 8 11 0.022538546 
135 349 24 36 0.022536103 
153 174 7 10 0.022531502 
492 292 14 20 0.02251133 
463 192 7 11 0.022496551 
696 331 25 31 0.022465648 
57 159 7 9 0.02242894 
565 125 10 14 0.022404617 
569 158 9 10 0.022359774 
141 232 11 14 0.022302587 
229 304 15 20 0.022269608 
518 247 11 14 0.022251561 
542 199 10 12 0.022244522 
519 250 20 25 0.022234978 
681 197 8 12 0.022228051 
725 136 8 9 0.022214733 
444 373 15 21 0.022213427 
893 183 8 10 0.022205826 
947 261 20 25 0.022200836 
417 100 8 11 0.02218122 
139 207 8 10 0.022172935 
49 113 7 9 0.02216615 
43 185 8 9 0.022158235 
103 251 12 15 0.02215807 
970 266 19 26 0.022146586 
988 334 25 36 0.022114495 
702 229 10 14 0.022107072 
281 110 8 10 0.022072129 
588 108 12 14 0.022028722 
948 279 20 28 0.022019066 
593 191 8 9 0.022012103 
372 275 12 16 0.021982772 
522 350 30 48 0.021980952 
634 159 8 10 0.02197431 
112 239 10 12 0.021972869 
103 237 9 11 0.021903198 
564 276 12 16 0.02185803 
769 150 7 9 0.021829061 
870 182 11 14 0.021814847 
744 160 7 9 0.021808188 
288 159 8 11 0.021805543 
112 149 8 11 0.021763617 
165 220 11 13 0.021723088 
736 183 8 11 0.021716766 
584 213 8 11 0.021715788 
884 286 22 29 0.021677269 
536 321 28 33 0.02163745 
256 158 9 11 0.021635814 
341 63 8 11 0.021630283 
600 158 8 11 0.021557458 
559 269 12 14 0.021544164 
337 236 21 26 0.021543017 
231 113 8 9 0.021538222 
126 159 9 11 0.021514898 
447 215 7 10 0.021509528 
294 235 13 17 0.021509198 
821 277 23 28 0.021482395 
225 119 8 10 0.021454878 
933 255 11 12 0.021436034 
349 227 11 15 0.021435501 
784 212 10 13 0.021418905 
427 375 14 22 0.021414451 
510 174 8 10 0.021413676 
673 232 8 12 0.021389933 
543 85 10 12 0.021386126 
969 245 9 13 0.021378996 
133 357 13 18 0.021369824 
234 289 16 21 0.021363834 
347 236 12 16 0.021356657 
70 133 8 10 0.021355575 
981 259 13 17 0.021353668 
861 242 10 13 0.021317925 
127 232 21 28 0.021292018 
414 367 15 20 0.021179168 
808 196 9 11 0.0211785 
869 188 11 13 0.021116821 
503 117 9 11 0.021095227 
703 278 23 30 0.021075392 
254 249 13 18 0.021044765 
609 221 8 10 0.02104149 
1015 254 9 12 0.021004168 
518 274 21 28 0.021002272 
496 192 8 9 0.021001803 
338 291 22 33 0.020957965 
758 232 10 15 0.02095686 
441 394 54 55 0.020947238 
927 262 11 13 0.020935088 
589 166 8 10 0.020924069 
109 251 13 17 0.020918272 
144 333 29 41 0.020917084 
90 168 9 11 0.020897169 
887 263 23 30 0.02088955 
591 149 8 9 0.020876205 
477 176 8 10 0.020859824 
781 268 11 16 0.02083153 
104 222 8 11 0.020794407 
798 199 9 10 0.020790072 
57 149 8 10 0.020784533 
288 102 8 10 0.020767815 
495 266 13 17 0.02075204 
434 375 24 33 0.020725446 
120 304 23 34 0.020709826 
410 355 42 49 0.020649228 
144 167 8 11 0.02064501 
112 189 9 13 0.02060716 
322 216 21 27 0.020589104 
742 286 25 31 0.020586912 
125 315 23 33 0.020581303 
485 198 8 11 0.020547587 
792 174 8 10 0.020534141 
632 142 7 10 0.020517562 
725 260 22 29 0.020490378 
790 230 11 15 0.02047594 
944 239 8 11 0.02047007 
376 126 10 12 0.020466158 
912 451 85 95 0.020446224 
535 199 10 12 0.020439567 
398 253 11 13 0.02042425 
782 274 12 18 0.020411534 
438 245 10 12 0.020381501 
814 160 8 10 0.020373048 
52 191 8 11 0.020367926 
309 215 11 14 0.020357765 
78 166 8 10 0.02035344 
320 118 8 10 0.020344442 
835 260 12 14 0.020309309 
1015 229 8 11 0.020274086 
654 269 10 13 0.020272393 
783 132 8 10 0.02025888 
839 216 8 10 0.020236498 
63 150 9 10 0.020164264 
121 189 9 11 0.020141762 
72 233 20 24 0.020133326 
288 333 30 37 0.020108258 
158 322 33 43 0.020096188 
503 228 8 11 0.020063536 
215 297 26 33 0.020057125 
606 243 11 13 0.020053152 
502 191 8 9 0.020041367 
760 217 20 27 0.020024227 
304 118 8 10 0.020017305 
400 46 9 12 0.020007087 
464 373 45 53 0.020005899 
