2_Demonstration_Protesters_2_811
28
291 299 26 29 0.9554774 
517 298 17 21 0.46028316 
608 371 26 33 0.29450157 
755 264 19 21 0.19359006 
617 369 17 23 0.15294269 
557 364 14 20 0.082627445 
658 330 16 18 0.07207641 
833 229 10 13 0.07125074 
709 303 11 13 0.065584876 
597 379 31 47 0.06338926 
668 317 12 14 0.05708967 
626 363 13 20 0.04848043 
531 299 13 18 0.040892296 
512 300 13 18 0.038680624 
705 307 11 14 0.037388064 
819 220 12 16 0.035373174 
672 300 10 12 0.03087539 
604 365 15 21 0.030623116 
558 345 15 21 0.027716333 
-28 281 419 379 0.024726748 
837 224 12 15 0.024661614 
571 334 10 14 0.02418258 
655 336 14 17 0.023801824 
550 357 25 31 0.02350763 
670 312 10 12 0.021763997 
661 323 16 17 0.02092826 
609 231 24 31 0.020899137 
524 340 27 33 0.020834994 
