2_Demonstration_Demonstration_Or_Protest_2_799
380
469 269 11 14 0.85119617 
164 225 13 17 0.8463955 
433 228 11 14 0.84243304 
275 300 16 21 0.8377732 
621 236 10 14 0.82131845 
556 198 9 12 0.7947516 
198 223 11 13 0.7824471 
57 255 17 21 0.7597822 
28 209 13 16 0.75449765 
266 281 11 16 0.6321546 
363 297 16 22 0.51315194 
800 236 12 15 0.48217973 
596 205 9 12 0.42816585 
684 199 9 12 0.3639622 
872 235 10 12 0.3614294 
351 287 9 13 0.35492638 
447 214 11 14 0.29443994 
167 277 12 15 0.28476238 
462 240 9 12 0.2780604 
757 217 13 17 0.27171138 
230 244 11 15 0.24721016 
648 226 10 13 0.21154957 
450 182 13 17 0.20980315 
765 217 11 14 0.1870649 
641 222 10 14 0.18291073 
854 271 8 12 0.1720685 
368 199 9 12 0.16289926 
398 122 11 15 0.16142353 
702 126 11 15 0.14455013 
380 293 14 18 0.14430876 
312 232 9 11 0.13787422 
407 233 9 12 0.1368775 
255 239 9 11 0.13229848 
911 237 7 9 0.13039695 
772 215 10 13 0.12694235 
668 197 10 13 0.12533636 
348 278 10 13 0.12276889 
313 286 10 12 0.12107518 
151 258 13 17 0.11471845 
326 188 8 11 0.11225217 
319 183 9 11 0.10951599 
720 325 11 13 0.1066575 
615 191 9 10 0.10476924 
879 308 9 12 0.10050501 
703 215 9 12 0.09741148 
668 319 10 12 0.09294893 
320 188 10 11 0.09291234 
645 214 10 13 0.08810234 
874 230 10 13 0.08804595 
471 236 11 14 0.08744821 
858 245 11 14 0.08744078 
135 202 10 13 0.08610098 
719 205 9 12 0.08211336 
478 234 10 14 0.08162345 
414 262 11 14 0.08152465 
845 305 13 17 0.08076491 
311 236 9 12 0.07932462 
668 246 9 12 0.077075906 
1009 236 8 12 0.074793465 
882 306 8 10 0.07476091 
410 262 8 11 0.0744687 
664 323 11 13 0.071366854 
811 308 12 15 0.070900165 
326 183 10 12 0.0699263 
558 201 10 14 0.06939724 
398 270 10 13 0.067948736 
120 269 11 13 0.06781713 
559 211 11 15 0.066892326 
296 253 9 11 0.066751465 
363 312 14 17 0.06515882 
368 292 19 24 0.06503502 
495 229 8 11 0.064570576 
950 229 8 10 0.06445407 
483 197 12 13 0.06302602 
435 222 13 15 0.06162503 
451 219 10 14 0.0615818 
314 183 9 11 0.061368063 
350 296 14 19 0.061332136 
641 213 9 13 0.061072815 
257 197 9 11 0.059168883 
61 251 19 20 0.05568066 
868 295 8 10 0.055624854 
295 262 9 11 0.054872517 
743 199 8 11 0.054375984 
753 272 9 11 0.053120468 
639 207 10 13 0.05230906 
351 206 9 11 0.052133065 
756 225 13 16 0.051329046 
680 315 9 12 0.051204648 
714 206 9 11 0.05083366 
872 225 10 11 0.05024034 
619 227 18 23 0.05003582 
288 215 8 10 0.049811553 
94 222 12 14 0.04975732 
725 301 9 11 0.049672533 
885 303 8 10 0.04963227 
791 228 12 14 0.048660778 
720 318 11 13 0.048587035 
627 229 12 15 0.048415385 
720 308 10 13 0.04819903 
325 267 12 15 0.047828283 
319 197 11 14 0.04775277 
358 293 13 18 0.04750715 
405 124 12 17 0.04718212 
640 181 9 12 0.046621483 
258 191 9 11 0.045897886 
808 304 11 13 0.04527832 
214 308 11 15 0.045099437 
737 200 8 11 0.045070335 
7 247 9 11 0.045017928 
505 262 9 12 0.044742092 
321 261 10 12 0.04465534 
356 286 10 15 0.044304244 
669 190 11 14 0.04419929 
690 301 8 12 0.043901116 
55 262 15 18 0.04362108 
685 352 14 17 0.043384295 
320 256 8 10 0.04337027 
721 303 9 12 0.043248687 
694 301 9 12 0.043128014 
254 228 9 11 0.042909943 
377 153 21 28 0.042849705 
652 224 10 14 0.042615946 
481 191 9 12 0.04239163 
472 215 11 13 0.042023193 
425 236 9 12 0.041896507 
803 326 13 15 0.04163861 
927 269 8 11 0.040765107 
261 196 9 11 0.040243976 
750 196 9 12 0.03937776 
261 244 11 12 0.038961817 
726 163 11 15 0.038596112 
696 296 9 11 0.038481846 
591 212 10 13 0.038171183 
726 256 10 12 0.037463605 
623 195 11 13 0.037392087 
476 221 12 13 0.037324645 
609 254 10 13 0.037227586 
968 325 10 12 0.037018847 
655 205 8 11 0.036984246 
372 203 9 12 0.03694063 
726 205 10 12 0.0369181 
655 199 8 10 0.036808215 
348 271 10 14 0.03663143 
101 223 9 12 0.036616456 
194 227 11 14 0.03638055 
820 317 13 15 0.036371667 
248 228 8 11 0.03632425 
686 222 9 11 0.036124453 
247 183 9 10 0.036015093 
864 237 10 12 0.035942275 
360 198 9 12 0.035641853 
883 308 10 12 0.035367418 
223 228 10 13 0.0353068 
239 228 10 12 0.035168074 
696 213 11 13 0.03487766 
627 269 16 18 0.034710456 
717 197 12 13 0.034494396 
614 196 9 12 0.034265812 
713 294 8 10 0.034217674 
647 235 10 13 0.03398511 
231 229 11 12 0.03388374 
412 235 10 13 0.033743814 
384 287 12 16 0.033659156 
928 231 9 10 0.03356435 
302 183 8 11 0.033468608 
612 277 10 13 0.03342353 
857 241 8 11 0.03340101 
712 303 8 10 0.033345874 
317 230 8 11 0.033298843 
646 287 10 13 0.033213366 
999 231 9 13 0.033158965 
441 213 18 23 0.033072885 
878 224 9 10 0.03303784 
922 270 9 11 0.03281252 
248 245 10 12 0.032750458 
296 182 10 11 0.032598138 
303 188 9 11 0.032434657 
681 235 12 15 0.03221845 
401 230 10 13 0.032000426 
247 206 10 11 0.031759568 
149 219 11 13 0.031592 
744 293 9 12 0.031576104 
736 286 8 12 0.031552885 
647 183 10 12 0.031462483 
702 208 9 11 0.031450823 
256 206 8 10 0.031373978 
903 350 9 11 0.031335745 
367 191 11 14 0.031290807 
373 154 15 22 0.03115696 
273 205 10 12 0.031033961 
446 274 11 14 0.030904016 
628 220 13 17 0.030897848 
164 277 20 25 0.030799212 
182 218 12 15 0.030786276 
615 241 12 14 0.030782688 
157 214 11 13 0.03073741 
721 294 8 11 0.030724928 
350 211 10 12 0.030705374 
335 244 9 12 0.030704254 
468 242 12 15 0.030542549 
486 230 10 14 0.030501088 
748 344 15 20 0.030460645 
306 237 9 13 0.030367542 
744 191 10 12 0.030345494 
750 285 10 14 0.030332763 
632 175 9 12 0.03019499 
119 221 9 12 0.03019284 
327 244 10 12 0.030166311 
231 197 9 12 0.030133605 
950 224 8 11 0.030126853 
295 188 10 11 0.029959016 
113 220 8 12 0.029685581 
397 127 14 19 0.029493129 
753 228 11 16 0.029490104 
156 264 13 17 0.029423373 
689 284 10 12 0.029422134 
726 295 9 11 0.02939693 
630 213 11 15 0.029391514 
609 205 9 12 0.029328061 
848 246 10 15 0.029163485 
617 231 12 16 0.028982718 
752 236 10 12 0.028966516 
645 190 10 12 0.028726228 
557 217 11 15 0.028692257 
230 190 9 11 0.028525343 
405 266 10 14 0.028411837 
250 239 8 11 0.028145429 
30 215 12 16 0.028139288 
645 310 9 13 0.027703408 
725 184 11 13 0.02766737 
328 228 9 11 0.027578745 
945 230 8 10 0.027508387 
247 213 9 10 0.027449831 
974 295 8 12 0.027440768 
327 175 10 12 0.027324302 
320 277 11 12 0.027204545 
463 232 11 14 0.027106967 
648 207 9 12 0.026960853 
594 270 12 13 0.02680196 
902 279 8 11 0.026717367 
334 240 9 11 0.026698716 
563 297 241 255 0.026522338 
239 213 10 11 0.026503569 
171 222 11 15 0.026467396 
84 397 10 12 0.026434502 
352 198 10 12 0.026426416 
750 189 11 13 0.026337406 
391 229 9 11 0.026336895 
471 229 12 15 0.025985993 
405 155 13 15 0.025806759 
888 238 10 12 0.025789523 
680 191 10 13 0.025761811 
372 190 10 13 0.025724921 
695 126 12 16 0.025719985 
1008 231 9 13 0.025671532 
267 289 16 21 0.02561428 
223 241 20 26 0.025593596 
685 244 11 14 0.025515981 
280 269 10 13 0.025476387 
801 229 14 16 0.025404286 
160 231 13 17 0.02528192 
845 231 10 13 0.025233135 
663 310 9 11 0.025216129 
806 277 8 12 0.025145506 
664 191 9 12 0.025121903 
719 188 13 16 0.025043631 
851 275 9 13 0.024999613 
935 230 8 10 0.02499429 
325 197 9 12 0.024971252 
419 262 12 15 0.024891298 
681 253 10 13 0.024811277 
564 262 10 14 0.024810364 
905 237 8 9 0.02480391 
663 302 10 12 0.02473552 
720 211 10 13 0.024627373 
430 216 11 13 0.02451684 
648 197 10 12 0.024465851 
691 334 10 12 0.02441458 
241 182 8 10 0.024246017 
686 309 9 14 0.024163246 
792 230 22 24 0.02412355 
804 242 10 14 0.024075875 
871 241 10 13 0.023950133 
685 192 9 12 0.02384597 
638 216 17 24 0.02380896 
927 235 9 12 0.0237487 
840 300 14 16 0.023733173 
194 218 18 22 0.023647457 
989 302 7 11 0.023571506 
117 252 12 14 0.023479909 
669 202 11 13 0.023477914 
709 213 10 12 0.02333472 
713 196 10 12 0.023281079 
246 199 10 11 0.023280075 
757 189 11 13 0.023266645 
935 224 8 10 0.02322816 
863 289 10 13 0.02318332 
725 213 10 12 0.023181282 
680 354 11 15 0.023162283 
509 268 10 12 0.023091435 
887 294 9 10 0.023091199 
288 254 10 12 0.023067323 
440 214 11 13 0.02285333 
343 254 10 13 0.022829795 
408 254 11 14 0.022799939 
272 213 10 11 0.022686014 
975 206 9 12 0.022582816 
427 221 8 12 0.022576122 
744 286 10 13 0.022390647 
431 168 8 11 0.02236214 
929 343 8 10 0.022318032 
695 219 11 13 0.022290431 
672 184 9 11 0.022253372 
37 221 12 14 0.022221092 
46 302 10 14 0.022215351 
465 261 18 23 0.022159828 
386 155 17 19 0.022120291 
236 239 10 13 0.02209143 
815 314 13 15 0.022061924 
379 148 15 19 0.02202452 
288 220 8 10 0.021987956 
790 222 12 14 0.02198021 
393 119 11 15 0.021874905 
483 211 409 403 0.021775091 
390 188 10 12 0.021729112 
707 127 11 15 0.021719359 
426 230 10 13 0.021698007 
702 295 9 12 0.021670852 
928 415 11 14 0.021638839 
127 248 8 12 0.021612639 
196 229 15 18 0.021572946 
796 223 14 16 0.02155471 
662 204 10 12 0.021524366 
793 235 13 15 0.021514546 
946 223 8 10 0.021505779 
703 302 10 11 0.02147293 
622 221 14 18 0.021469153 
599 228 10 13 0.021424556 
225 198 8 11 0.021415561 
637 175 9 13 0.021404037 
919 223 9 11 0.021401316 
302 268 10 13 0.021356495 
143 300 9 12 0.021241274 
313 175 9 12 0.021205354 
398 191 10 12 0.021188509 
765 210 18 25 0.021160716 
609 199 9 11 0.021158554 
334 188 9 12 0.021128522 
384 229 9 11 0.02110916 
230 182 8 11 0.02109243 
365 319 13 16 0.021015938 
47 261 12 16 0.020961331 
951 247 9 11 0.02095634 
711 190 10 13 0.020955903 
406 179 11 13 0.020950332 
300 246 9 12 0.02094412 
720 164 11 14 0.020919908 
622 214 12 15 0.02089737 
336 198 8 11 0.020858144 
814 252 9 12 0.020719662 
567 245 9 12 0.020688381 
397 222 11 14 0.020654945 
469 250 12 16 0.0206195 
736 292 8 12 0.020580241 
365 288 13 16 0.020492546 
757 182 11 13 0.020483479 
919 230 8 10 0.020479532 
677 278 12 14 0.020462777 
784 219 11 15 0.020442564 
814 246 10 14 0.020428888 
679 193 17 22 0.02033657 
188 213 11 14 0.020311 
912 326 7 10 0.020179944 
867 225 18 23 0.020120371 
346 281 19 26 0.020116992 
493 236 11 14 0.020106068 
588 218 12 16 0.020045122 
277 207 9 11 0.020042397 
652 170 12 15 0.020040963 
