2_Demonstration_Political_Rally_2_329
423
140 344 61 70 0.99967647 
124 230 48 62 0.99930966 
931 283 62 81 0.9992011 
306 311 70 84 0.9991732 
833 182 27 33 0.99893135 
851 223 25 36 0.99856406 
802 205 41 50 0.9985154 
617 209 25 34 0.99850595 
130 177 28 35 0.9984267 
648 234 37 48 0.9983718 
268 197 39 48 0.9982803 
749 394 89 122 0.9980416 
879 161 28 36 0.99780375 
924 212 32 39 0.99719304 
771 177 25 30 0.99653876 
466 242 35 40 0.9958299 
195 195 38 44 0.99391794 
866 335 64 73 0.9931705 
480 313 82 103 0.9890358 
0 190 32 44 0.98713 
694 326 46 52 0.96768147 
302 184 23 30 0.965629 
479 138 15 17 0.964954 
500 144 16 18 0.9122303 
328 181 27 30 0.8773241 
958 192 20 26 0.8655662 
61 169 17 23 0.85377043 
974 225 27 33 0.8278873 
55 200 27 48 0.8224992 
844 128 14 17 0.82034326 
947 142 13 17 0.81231487 
967 148 11 14 0.7875752 
768 130 11 15 0.7857448 
69 131 10 14 0.7560557 
567 147 11 15 0.69075245 
111 155 12 16 0.60237753 
781 118 9 12 0.58594984 
28 147 13 16 0.55338085 
71 151 11 15 0.50531137 
783 141 10 12 0.4694495 
542 153 14 16 0.46739277 
903 144 12 15 0.4596965 
999 173 13 15 0.44255447 
40 108 11 14 0.4322135 
989 221 22 30 0.4104061 
10 193 43 54 0.40521264 
997 138 11 13 0.40278175 
35 200 34 46 0.39448228 
744 126 11 14 0.37877142 
612 158 11 12 0.35801324 
864 136 10 13 0.33863068 
51 135 11 14 0.30762792 
422 186 24 34 0.29351234 
6 117 11 15 0.28365466 
134 108 12 15 0.2663967 
557 126 9 11 0.2654489 
0 81 10 13 0.26407084 
800 135 9 11 0.23173028 
667 191 26 30 0.22896703 
789 138 11 13 0.22115256 
1012 150 10 14 0.21545342 
91 150 14 17 0.21076795 
30 109 11 13 0.20688112 
970 243 34 44 0.19694582 
24 117 10 12 0.19021404 
976 133 9 11 0.18916027 
74 153 14 19 0.18166515 
513 119 7 9 0.18118064 
111 129 12 15 0.17728558 
998 245 25 42 0.17220995 
999 185 13 17 0.17025812 
936 136 9 12 0.1644962 
604 125 9 11 0.16049369 
892 79 12 15 0.15913491 
589 249 14 18 0.1552764 
285 184 32 43 0.13095391 
749 121 9 13 0.12360736 
674 196 16 18 0.12217608 
66 128 10 12 0.12205573 
798 139 11 14 0.11804189 
804 135 9 11 0.11599396 
496 126 10 12 0.115815364 
894 110 14 18 0.11512876 
627 352 28 36 0.11216526 
586 129 8 9 0.10602252 
729 167 9 11 0.105525374 
592 127 7 9 0.10492531 
533 125 10 13 0.10322662 
487 119 9 12 0.100031696 
921 253 16 21 0.09907241 
657 196 10 13 0.09755744 
920 148 10 14 0.09532084 
23 152 15 17 0.09418231 
132 144 16 18 0.09379049 
66 149 11 13 0.09264443 
988 127 9 11 0.09262259 
520 149 9 12 0.0917002 
29 115 10 13 0.08965483 
1009 154 10 13 0.08690461 
562 149 9 12 0.080442294 
596 237 16 18 0.07935092 
9 137 13 18 0.07902895 
585 112 7 10 0.07818553 
79 111 8 10 0.07791679 
735 151 10 13 0.07742056 
543 125 9 11 0.077058576 
534 119 9 12 0.07574624 
986 231 31 41 0.07481753 
872 165 23 29 0.07321538 
70 139 11 14 0.07175609 
729 266 39 52 0.070976734 
575 125 7 11 0.0708879 
109 158 19 25 0.07071611 
519 103 9 10 0.07017552 
781 145 12 16 0.069927916 
503 117 9 11 0.06969508 
463 134 10 15 0.06963917 
538 156 11 13 0.06873923 
94 117 11 13 0.06750667 
497 119 10 12 0.06738101 
557 168 10 13 0.067332275 
516 118 9 11 0.06396295 
426 203 18 24 0.06382956 
561 93 7 10 0.06346133 
25 111 10 12 0.06231354 
68 205 34 43 0.06187984 
537 150 11 13 0.061379112 
972 142 10 13 0.060555995 
733 164 11 14 0.059874523 
522 166 9 13 0.059482936 
97 94 8 11 0.058683794 
662 195 14 16 0.058265258 
1004 166 11 13 0.05703056 
990 157 10 12 0.056771684 
710 197 11 12 0.05673454 
481 119 10 12 0.05658562 
1002 177 13 17 0.05631521 
541 191 10 13 0.05618692 
913 78 11 13 0.056122318 
992 132 10 14 0.0559851 
99 149 13 17 0.055011455 
583 248 24 31 0.054428 
932 164 13 18 0.05403856 
9 132 11 14 0.052990124 
567 120 7 9 0.052684765 
863 153 14 18 0.052003402 
659 317 28 36 0.05194668 
558 130 10 12 0.05176595 
24 143 13 16 0.051281244 
968 128 9 11 0.050701864 
780 153 14 16 0.050235767 
614 119 9 12 0.050044913 
816 124 9 12 0.049948804 
487 163 11 14 0.049544647 
344 185 16 20 0.04946774 
139 141 13 17 0.04891613 
87 109 9 12 0.04877936 
108 167 24 33 0.048291765 
982 130 10 14 0.048051644 
815 194 36 46 0.047955297 
891 304 72 93 0.047714714 
10 124 12 14 0.047572162 
219 227 26 35 0.047270387 
554 232 16 21 0.04724707 
903 121 12 15 0.047235895 
894 143 21 24 0.04720406 
728 158 9 11 0.046879314 
57 180 23 35 0.04687096 
47 128 9 11 0.04663401 
79 115 9 13 0.046126418 
66 163 16 21 0.046018034 
524 149 9 12 0.04565018 
778 140 10 13 0.04553219 
525 243 16 19 0.045431674 
925 150 10 12 0.04523066 
137 95 10 12 0.04515481 
553 103 8 10 0.045008972 
520 96 8 9 0.044814903 
718 195 11 13 0.044552747 
559 157 10 12 0.044272367 
101 95 9 11 0.04412786 
87 116 11 14 0.04384303 
703 205 12 14 0.04375574 
94 109 9 12 0.042796213 
608 153 10 12 0.04263712 
1007 142 10 13 0.04255704 
536 101 7 10 0.042472634 
967 171 10 13 0.042078894 
815 170 14 19 0.042003468 
584 228 27 31 0.041997053 
513 96 8 9 0.04149375 
128 102 9 13 0.04113844 
787 153 14 17 0.041119352 
805 140 11 13 0.041058835 
367 191 24 31 0.040855877 
469 155 12 16 0.04061336 
471 162 11 15 0.040560395 
560 120 8 10 0.040345456 
75 133 10 13 0.040149055 
771 125 11 15 0.039675105 
608 120 9 11 0.039477963 
860 135 19 23 0.039334018 
79 142 9 12 0.039202847 
798 147 12 16 0.039165847 
639 160 8 9 0.039060578 
617 360 30 40 0.03902314 
64 140 11 14 0.038777355 
94 86 8 11 0.038713966 
909 125 10 13 0.038343128 
552 110 8 10 0.038180273 
520 157 10 12 0.038090162 
468 147 12 16 0.037750706 
926 165 13 16 0.037355617 
63 194 28 39 0.036864206 
888 82 12 16 0.036766075 
2 91 10 14 0.036757328 
363 181 14 17 0.03654643 
614 104 9 10 0.036438055 
986 255 32 44 0.036086053 
605 132 9 12 0.036047637 
741 155 11 15 0.03583709 
525 158 9 12 0.035824522 
-3 214 27 44 0.03569137 
135 131 12 15 0.035480626 
23 123 10 12 0.035426285 
114 88 8 11 0.035317216 
515 259 26 35 0.035135 
100 117 11 13 0.035103608 
779 170 24 31 0.034998506 
1014 181 9 13 0.034650262 
544 95 7 10 0.034538783 
863 168 15 21 0.034372877 
462 140 11 15 0.034289192 
966 163 11 15 0.03413348 
838 225 25 36 0.034038898 
567 124 8 12 0.033970445 
118 93 10 12 0.033794556 
513 113 7 10 0.033791143 
862 128 11 15 0.033697918 
741 138 11 14 0.033317216 
865 145 16 19 0.033188567 
969 132 10 12 0.033153217 
552 96 8 10 0.033070903 
78 125 9 13 0.03296557 
582 237 14 17 0.03277208 
539 211 11 15 0.03275335 
573 238 13 16 0.03259036 
582 203 11 12 0.0325041 
561 198 8 11 0.03250115 
846 77 12 15 0.032416508 
501 133 13 14 0.032351002 
118 150 21 26 0.03221684 
129 71 7 10 0.032160614 
648 129 7 9 0.031957276 
360 183 24 30 0.031550404 
30 124 9 12 0.03144926 
1008 125 9 12 0.031170432 
133 123 12 16 0.031149155 
542 87 7 9 0.0310717 
96 101 9 11 0.030764626 
600 121 8 11 0.03076108 
731 273 15 21 0.030700877 
552 165 9 12 0.03068197 
566 199 8 10 0.03061424 
642 129 7 10 0.030519461 
683 197 13 17 0.03051221 
518 246 24 32 0.03024835 
126 129 11 15 0.030217031 
1014 145 9 13 0.030075205 
380 155 14 18 0.030067798 
635 355 17 23 0.03001197 
748 156 11 16 0.029955529 
917 163 12 17 0.029886182 
964 149 18 23 0.029810065 
62 118 9 11 0.029766938 
613 109 9 11 0.029751984 
478 164 10 13 0.02952371 
524 171 10 12 0.029458169 
977 324 46 61 0.029399596 
44 115 9 12 0.029186372 
785 239 16 23 0.029003343 
567 92 7 10 0.028784627 
374 154 25 32 0.028697455 
934 83 9 12 0.028672662 
730 150 8 12 0.028670087 
950 194 18 21 0.028636947 
1002 221 13 17 0.028491363 
2 110 9 14 0.028439576 
993 131 18 23 0.02832524 
92 158 13 18 0.02826754 
953 225 37 46 0.0282543 
792 135 19 24 0.028191803 
537 196 10 13 0.028149134 
589 111 8 10 0.027903363 
559 103 8 9 0.027894376 
48 130 19 24 0.027731635 
493 78 9 12 0.027676359 
840 227 14 22 0.027617741 
735 143 10 13 0.027383713 
568 89 7 9 0.027327834 
599 151 9 12 0.027192747 
46 105 8 11 0.02710304 
490 71 9 12 0.027019983 
960 126 10 12 0.026879301 
582 179 12 13 0.026816767 
74 110 8 11 0.026763648 
114 177 26 33 0.026567187 
501 126 9 11 0.02655132 
1006 134 10 13 0.026546106 
487 112 10 12 0.02649546 
526 86 7 9 0.026450744 
1000 118 8 10 0.02639501 
45 218 29 45 0.026383298 
104 125 11 13 0.026337076 
558 229 24 30 0.026214588 
56 104 7 10 0.0260333 
591 119 8 9 0.02592809 
497 142 12 16 0.02585434 
663 169 8 10 0.02572188 
781 163 15 17 0.025623158 
802 168 15 20 0.025507156 
114 149 14 19 0.025418364 
800 129 8 11 0.025253357 
62 110 8 11 0.025050336 
559 112 8 9 0.025010295 
569 231 25 30 0.024984451 
359 185 14 19 0.024769025 
101 100 9 11 0.024765305 
497 111 9 12 0.024732273 
571 152 12 15 0.024689283 
549 237 14 20 0.02456935 
35 153 13 17 0.024541767 
942 179 12 17 0.02449719 
733 150 18 24 0.024485337 
1004 213 13 17 0.024397539 
226 236 29 34 0.0243657 
983 149 10 12 0.024362195 
605 140 10 12 0.024320966 
109 136 14 19 0.024276217 
868 162 15 21 0.024186874 
379 205 17 23 0.024093848 
138 100 11 14 0.024071166 
141 134 11 15 0.024058014 
591 156 8 11 0.02399589 
125 145 16 20 0.023925565 
851 53 11 13 0.02382031 
984 119 9 11 0.023815911 
531 237 14 17 0.023807144 
736 119 8 10 0.023745341 
211 214 28 38 0.023705324 
0 70 9 14 0.02368208 
527 103 7 10 0.02366866 
609 163 11 13 0.023571908 
1014 188 10 15 0.023386464 
975 116 9 11 0.023376778 
130 148 21 25 0.02326835 
505 165 9 13 0.023168882 
29 104 18 22 0.02311024 
519 110 8 10 0.02306212 
507 155 12 14 0.023034733 
97 176 26 32 0.022972008 
554 171 10 13 0.022927998 
514 102 8 10 0.022868508 
538 96 7 10 0.022833325 
702 199 22 25 0.022652304 
776 149 13 15 0.022594811 
934 136 19 24 0.022432169 
575 180 10 12 0.022418626 
820 125 10 12 0.022318702 
541 173 10 13 0.022318615 
960 148 12 16 0.022256749 
116 127 12 16 0.02207896 
594 257 14 18 0.022064084 
541 180 10 13 0.021955952 
1008 110 8 11 0.021910245 
1 100 10 14 0.021802686 
928 84 9 13 0.02178045 
744 156 21 26 0.021693459 
336 185 39 49 0.021668259 
492 164 11 14 0.021652473 
63 143 20 26 0.02164291 
37 132 10 13 0.021601174 
512 124 8 11 0.021497386 
40 124 9 12 0.021457573 
703 198 12 14 0.021397885 
26 158 16 19 0.021349108 
894 113 21 26 0.021292135 
63 155 13 17 0.021253807 
535 113 8 9 0.021169871 
325 180 18 22 0.021124648 
991 315 13 19 0.020982785 
64 125 18 22 0.020951323 
138 114 12 16 0.020935794 
72 118 10 12 0.02088795 
553 120 8 10 0.02087838 
519 234 26 31 0.020863187 
748 263 31 47 0.02083949 
34 86 8 10 0.020823602 
53 128 10 12 0.020743951 
507 273 33 37 0.020735009 
576 174 9 12 0.020665793 
534 142 11 13 0.020650491 
830 132 11 13 0.02063175 
479 124 12 14 0.020614319 
845 121 14 16 0.020576404 
940 202 28 36 0.020521183 
471 139 13 16 0.020431366 
917 155 12 16 0.02041863 
133 77 9 11 0.02041403 
175 209 25 33 0.020400772 
550 159 20 25 0.020373743 
736 332 26 38 0.020368392 
985 308 30 39 0.020362727 
1006 145 17 23 0.02024229 
933 145 12 16 0.020205107 
577 132 9 11 0.02020325 
552 180 9 12 0.020147102 
490 121 21 24 0.020144952 
494 72 8 10 0.0201252 
589 174 10 13 0.020093275 
738 127 10 13 0.0200645 
53 145 13 16 0.020059608 
86 142 12 16 0.020031212 
