2_Demonstration_Protesters_2_531
3395
170 510 18 23 0.99406517 
695 322 15 19 0.9914647 
116 510 18 22 0.9890431 
39 284 14 17 0.9888904 
134 300 16 19 0.98781127 
564 278 13 16 0.9873526 
654 315 15 18 0.98710907 
605 329 16 20 0.9869827 
365 582 21 26 0.9864451 
972 219 13 17 0.986434 
493 445 17 22 0.98481303 
346 414 18 21 0.9847189 
125 539 18 23 0.984681 
979 434 17 24 0.984512 
752 362 14 18 0.98264116 
989 261 14 19 0.9826088 
456 510 18 24 0.98169947 
627 388 16 20 0.9806255 
739 332 16 20 0.9803904 
844 412 18 22 0.9797436 
154 472 18 23 0.9776741 
617 433 19 24 0.97695893 
465 481 18 23 0.9762933 
822 230 13 16 0.97565687 
120 473 17 20 0.97493935 
928 539 21 28 0.97485965 
933 261 13 17 0.9743245 
643 477 18 24 0.9732852 
454 321 13 16 0.97133696 
499 284 13 18 0.97019136 
786 484 18 25 0.9686363 
134 251 12 15 0.967383 
848 196 12 15 0.9664804 
470 281 14 17 0.96622926 
162 642 20 25 0.9642424 
11 413 16 20 0.96357 
827 402 17 20 0.96348476 
1002 578 20 26 0.9623627 
273 465 16 20 0.9622137 
793 391 16 21 0.9615437 
312 490 19 25 0.9612181 
903 363 15 19 0.96067125 
637 237 12 15 0.96063644 
61 492 17 21 0.9603413 
21 362 16 22 0.960027 
348 447 16 21 0.95953465 
14 567 20 26 0.958231 
234 490 16 20 0.95673835 
605 244 12 15 0.9557002 
82 460 18 22 0.95383185 
941 222 15 17 0.95361656 
879 537 20 26 0.95221514 
339 214 12 14 0.95201576 
1005 225 14 17 0.9498097 
768 538 19 24 0.949736 
835 313 13 17 0.9492103 
22 242 13 16 0.94826925 
21 436 16 19 0.94809556 
90 278 15 18 0.9459425 
570 549 18 25 0.94548076 
368 243 11 14 0.9452731 
70 205 12 15 0.944848 
190 431 17 23 0.9444897 
602 455 19 24 0.94363874 
682 474 18 22 0.9434051 
357 301 14 17 0.94242567 
829 188 11 14 0.940766 
959 315 13 16 0.9405985 
896 407 17 22 0.93961316 
747 171 12 15 0.93960804 
54 316 13 17 0.93656766 
958 238 13 16 0.93643594 
404 476 19 23 0.936341 
205 188 11 15 0.93578887 
265 276 13 17 0.93413126 
585 492 19 23 0.93267983 
654 261 15 18 0.9324446 
453 204 12 14 0.93204665 
667 235 13 15 0.9314914 
283 501 17 21 0.9307497 
822 131 10 13 0.930606 
701 412 15 19 0.9277646 
421 338 12 15 0.92725563 
615 303 14 19 0.92707026 
571 307 13 17 0.9260606 
842 264 15 18 0.92589694 
107 582 18 25 0.92488533 
917 481 19 26 0.9247637 
475 313 14 18 0.92285347 
517 463 18 21 0.922473 
664 354 13 16 0.91950244 
796 267 13 16 0.91808796 
115 321 14 17 0.9179426 
868 250 12 15 0.9174064 
975 299 13 17 0.9162131 
414 444 18 21 0.9155598 
48 372 16 20 0.9149665 
742 109 11 13 0.91330624 
866 462 19 23 0.913272 
774 261 12 15 0.9128271 
277 325 17 21 0.90960526 
900 265 13 15 0.9089652 
678 142 9 12 0.9078302 
398 506 19 24 0.90677273 
247 473 16 21 0.9042266 
480 427 15 18 0.901576 
401 252 12 16 0.90049076 
989 388 18 23 0.900274 
412 231 11 14 0.89934516 
93 239 14 17 0.89843833 
996 318 13 17 0.8972733 
430 415 15 18 0.8957723 
582 289 12 14 0.8956747 
412 521 21 27 0.89450747 
411 157 9 13 0.89391285 
747 487 18 21 0.89334 
684 173 11 14 0.8891751 
777 285 12 15 0.888381 
143 406 17 22 0.8862584 
452 237 12 15 0.88472587 
474 404 14 17 0.88393426 
497 194 12 16 0.8823819 
237 285 12 16 0.88229275 
755 406 17 21 0.8820426 
717 270 13 15 0.87505484 
266 573 17 23 0.87053263 
961 422 15 20 0.86939967 
665 543 18 26 0.8685445 
887 383 15 20 0.86316615 
33 164 12 14 0.8591656 
343 396 13 15 0.8585522 
70 315 14 18 0.856104 
502 226 12 16 0.8546878 
650 391 17 22 0.85434216 
484 149 10 13 0.8529191 
155 285 12 16 0.8502518 
766 220 14 17 0.8489136 
772 120 11 14 0.8483194 
126 217 12 15 0.84824264 
353 476 18 21 0.8473076 
749 416 20 26 0.84445924 
862 179 12 16 0.84351176 
687 445 13 19 0.8394832 
709 300 13 16 0.8391493 
679 198 12 16 0.836618 
787 326 13 16 0.83564216 
784 436 18 25 0.8321892 
723 246 13 17 0.8312427 
585 206 11 15 0.83119106 
296 652 18 23 0.82919514 
681 245 13 16 0.8282323 
227 651 19 24 0.82706827 
992 164 11 14 0.8248749 
758 318 12 14 0.8206871 
322 226 11 14 0.81881523 
345 285 11 14 0.81762856 
94 419 16 21 0.8170316 
355 157 11 13 0.81678563 
676 281 16 17 0.8151258 
242 230 12 14 0.8145331 
698 142 10 13 0.81319374 
174 238 11 15 0.81286514 
903 79 8 11 0.8097633 
582 244 11 14 0.80788255 
788 571 15 19 0.8065994 
709 168 11 14 0.80636716 
309 212 10 13 0.8023842 
810 357 16 19 0.7990612 
275 184 11 14 0.7950018 
297 384 16 20 0.7939729 
422 133 9 11 0.7930902 
246 372 15 18 0.79214144 
680 388 17 21 0.79021645 
991 182 11 13 0.78819174 
539 217 13 17 0.784469 
335 511 20 22 0.78187186 
593 262 12 16 0.7799768 
525 303 12 15 0.7752437 
743 72 10 13 0.7706337 
319 174 12 15 0.76641285 
637 214 11 14 0.763816 
38 354 14 18 0.76002955 
906 186 13 16 0.7594955 
889 189 13 17 0.75852233 
379 260 12 16 0.75636715 
356 223 12 14 0.75338733 
735 25 9 11 0.75316656 
679 14 10 12 0.7520256 
810 254 12 17 0.75066864 
245 119 9 10 0.7496211 
874 141 11 15 0.7492667 
38 316 13 16 0.74877566 
927 332 11 14 0.74463934 
814 85 11 13 0.7428696 
469 373 13 15 0.74168664 
140 621 19 26 0.7404459 
423 302 13 15 0.73872745 
280 434 16 21 0.7382438 
151 323 13 17 0.736617 
48 229 10 14 0.7358268 
633 411 16 21 0.735798 
882 234 12 16 0.7318154 
583 328 14 17 0.73080313 
210 269 14 16 0.73037034 
760 151 10 12 0.72770274 
24 518 18 21 0.7264349 
249 309 13 16 0.7263135 
501 316 12 16 0.7253818 
957 180 12 14 0.7248111 
200 297 14 16 0.7240186 
77 158 10 13 0.7217903 
516 565 21 25 0.71889174 
801 289 13 16 0.71745974 
63 259 13 15 0.7140167 
794 118 11 14 0.69748986 
387 118 10 12 0.6916538 
356 137 10 12 0.6868775 
843 332 14 18 0.6866291 
376 426 16 18 0.68499607 
281 106 10 11 0.6742074 
127 381 13 17 0.67247474 
203 310 15 18 0.67196685 
199 253 13 17 0.66969323 
678 120 10 13 0.6695025 
811 435 17 20 0.66922426 
716 87 11 14 0.6621032 
544 120 9 12 0.6574054 
731 199 12 15 0.6511097 
877 229 13 16 0.65078527 
186 210 11 13 0.6495504 
433 117 10 12 0.64375263 
618 360 14 17 0.6433701 
470 350 11 13 0.6432855 
416 380 16 20 0.6426029 
237 183 11 14 0.6393706 
897 308 13 17 0.6307895 
553 178 11 14 0.6297369 
942 95 9 12 0.6293559 
345 110 10 12 0.6291621 
849 362 14 19 0.6274127 
269 63 9 11 0.62323517 
669 419 16 19 0.62287015 
228 244 12 15 0.6169639 
624 111 10 12 0.6169435 
746 249 11 14 0.61650336 
658 54 8 11 0.6165013 
319 111 10 12 0.6060027 
407 198 12 14 0.6056742 
756 118 10 13 0.6037233 
519 319 11 15 0.60248905 
185 166 9 11 0.6011636 
912 103 10 12 0.60034543 
518 94 8 9 0.5904666 
975 87 9 11 0.5893809 
296 187 10 12 0.5873773 
391 191 10 13 0.58488536 
647 79 10 12 0.58484423 
814 107 10 13 0.58476 
287 164 10 11 0.57991976 
318 77 8 11 0.57968277 
437 116 10 12 0.57937634 
267 155 10 13 0.57669455 
381 207 9 12 0.57432055 
760 92 10 12 0.5731487 
988 566 14 20 0.5704113 
346 70 9 11 0.5696374 
539 102 9 10 0.56873316 
800 188 11 14 0.56738997 
666 370 14 18 0.56717056 
766 94 9 12 0.55998033 
3 499 13 17 0.55937964 
419 279 13 15 0.55921006 
365 94 9 11 0.5554667 
636 95 10 13 0.5529121 
670 20 9 12 0.5492031 
99 214 11 13 0.5467236 
864 121 12 15 0.5439875 
536 320 11 15 0.54341424 
228 220 10 12 0.5347633 
0 324 9 15 0.53030384 
519 502 13 16 0.5282015 
535 212 14 17 0.5280088 
164 190 11 14 0.52622855 
295 142 9 13 0.52237403 
12 206 11 14 0.5201233 
278 226 10 13 0.5197434 
317 255 11 14 0.51904887 
896 293 13 16 0.5170673 
897 78 8 10 0.5121055 
821 356 14 18 0.5105074 
660 116 10 13 0.50654095 
456 355 14 16 0.50611556 
759 88 9 11 0.5043986 
939 161 13 15 0.49981734 
426 210 11 14 0.49622482 
896 170 12 15 0.49309188 
271 86 9 11 0.4877481 
856 166 11 13 0.4826084 
328 241 12 15 0.47842073 
458 138 11 13 0.47611904 
127 197 10 11 0.47188836 
226 127 10 11 0.46927723 
657 111 9 13 0.46892172 
457 221 11 13 0.46801522 
113 173 10 12 0.46783113 
712 118 10 12 0.46613494 
873 223 12 15 0.4644972 
621 85 9 11 0.46122393 
731 233 12 15 0.46098998 
986 338 15 16 0.46088392 
394 140 10 12 0.4600103 
345 340 15 17 0.45799175 
210 93 8 10 0.45703787 
166 347 13 17 0.4550188 
374 126 9 11 0.4544417 
23 476 13 16 0.45337787 
794 150 10 12 0.45296684 
1012 378 10 15 0.44831508 
335 86 10 12 0.44821474 
172 221 12 14 0.44113854 
2 348 15 19 0.44079426 
212 260 12 15 0.4349846 
294 117 9 11 0.4341622 
778 14 10 13 0.43283424 
447 101 8 11 0.43106467 
784 92 10 13 0.4299679 
329 141 10 12 0.4289948 
642 31 8 10 0.42787892 
623 285 11 13 0.42645144 
138 454 16 21 0.42357495 
621 189 9 13 0.4233016 
0 286 8 15 0.42000398 
591 182 10 13 0.41686076 
280 140 9 12 0.41675216 
576 103 9 11 0.4132781 
669 302 16 18 0.41256687 
999 158 12 14 0.4089523 
329 31 8 10 0.40894365 
232 142 9 11 0.40319994 
498 102 7 10 0.40121374 
366 173 9 12 0.40113553 
633 300 12 14 0.39946124 
63 183 10 13 0.39757806 
264 81 8 10 0.3960658 
320 56 8 10 0.39521012 
665 22 10 11 0.3951611 
104 263 12 15 0.38542813 
498 371 13 16 0.3813415 
305 95 9 11 0.38104504 
668 433 16 21 0.37917095 
362 49 8 9 0.37710968 
778 454 15 21 0.37699783 
784 204 10 13 0.3765699 
850 243 12 15 0.37544018 
937 1 9 9 0.3746795 
367 38 7 9 0.37425083 
406 332 12 14 0.3742306 
724 303 12 14 0.37370756 
582 95 9 11 0.37366837 
391 104 8 10 0.37176958 
633 190 10 13 0.37020963 
152 514 13 16 0.36931777 
52 190 13 15 0.36501196 
968 281 12 15 0.36471158 
806 26 9 11 0.36351472 
567 482 15 21 0.36326808 
576 72 8 10 0.36291185 
0 604 12 22 0.36190754 
360 53 7 10 0.35839534 
893 110 10 12 0.3575048 
161 143 9 11 0.356362 
45 52 8 11 0.35446548 
198 128 7 10 0.35176766 
610 54 7 10 0.35160404 
333 139 10 13 0.34899148 
692 119 10 12 0.34519753 
703 110 9 12 0.3449654 
684 14 9 11 0.34327984 
511 135 9 12 0.34131578 
459 350 13 15 0.34094948 
814 76 11 14 0.33878833 
625 48 7 9 0.33563256 
935 159 12 14 0.3314013 
899 148 13 16 0.32705206 
781 78 8 10 0.32684875 
534 524 15 20 0.32635114 
370 383 15 18 0.32529312 
873 441 19 22 0.32186553 
189 165 9 11 0.32065713 
309 93 9 11 0.3197576 
384 33 7 8 0.31499898 
209 120 9 10 0.3137472 
636 61 9 10 0.31227645 
844 527 15 22 0.31210983 
162 276 12 14 0.31208912 
591 114 10 13 0.3078483 
727 286 13 15 0.3062227 
502 87 7 9 0.30592912 
491 126 11 13 0.30588228 
348 37 8 11 0.30519426 
536 97 7 9 0.30446196 
338 652 14 19 0.30390435 
445 84 9 10 0.30160603 
711 190 11 15 0.30060083 
504 171 10 13 0.299142 
260 259 11 14 0.29772 
608 116 10 12 0.2965904 
418 573 16 22 0.29318622 
1005 102 9 12 0.29106492 
690 32 9 12 0.29098514 
242 155 9 12 0.28802356 
550 118 9 11 0.28759515 
849 109 10 13 0.2875154 
477 195 10 13 0.2866035 
550 213 12 15 0.28585163 
847 88 9 11 0.28347194 
21 613 24 31 0.28325078 
245 323 14 18 0.28262842 
552 89 7 9 0.2824361 
597 112 12 14 0.28078005 
781 86 9 12 0.2807594 
570 118 9 11 0.27918383 
56 258 12 14 0.27908164 
425 113 8 10 0.27881426 
962 181 12 15 0.27775285 
447 242 13 15 0.27564266 
286 204 10 13 0.27480507 
3 452 14 19 0.2742519 
294 165 11 13 0.27148917 
597 204 10 14 0.2688745 
141 147 8 11 0.26858947 
302 101 8 10 0.26783034 
13 405 16 20 0.2668753 
263 118 9 11 0.26505977 
640 124 10 12 0.2646152 
995 643 16 26 0.26446846 
820 146 13 15 0.26303995 
444 372 13 16 0.2605441 
161 181 10 13 0.25766188 
628 324 11 15 0.25725588 
757 329 13 17 0.25664783 
229 101 8 11 0.25521544 
448 81 8 10 0.2540862 
199 247 12 15 0.25131872 
810 86 10 13 0.2501935 
301 166 10 12 0.24768806 
716 188 12 15 0.24698019 
474 96 9 11 0.2451001 
514 119 9 10 0.24389781 
369 72 8 9 0.24365443 
391 166 9 11 0.24270712 
1012 419 11 15 0.24217053 
382 255 12 15 0.2414823 
501 104 9 12 0.24055144 
484 470 14 18 0.23947755 
461 88 7 10 0.23914754 
45 316 13 17 0.23914373 
982 119 9 10 0.23712745 
246 94 9 11 0.23466052 
1 506 11 16 0.23457795 
925 337 14 19 0.23381466 
788 205 12 15 0.23325452 
446 301 11 14 0.2326051 
634 55 9 11 0.2318657 
489 80 8 10 0.23145019 
704 12 8 10 0.23123774 
221 166 9 12 0.23086226 
177 129 9 11 0.22974211 
513 109 8 10 0.22937264 
497 352 15 18 0.22789973 
330 136 10 12 0.22692552 
75 224 11 13 0.22636387 
225 216 9 12 0.22576126 
471 73 8 10 0.22555014 
919 107 11 13 0.22363047 
472 231 9 12 0.22262034 
570 475 14 21 0.22235729 
961 100 11 12 0.22090188 
45 397 14 16 0.22048321 
763 298 13 16 0.22047542 
473 101 8 10 0.22040947 
868 448 22 27 0.22029433 
392 87 8 10 0.22008814 
656 341 12 15 0.2182652 
837 139 11 13 0.21815005 
217 157 8 11 0.21582407 
28 323 12 15 0.2154328 
760 0 9 10 0.21533781 
333 125 8 10 0.21504281 
1008 346 12 16 0.21501704 
96 167 11 13 0.21476988 
173 310 12 15 0.21439488 
710 15 10 12 0.21429287 
745 190 10 13 0.2137029 
221 173 9 12 0.21098098 
391 70 7 10 0.210861 
1009 255 12 15 0.21066846 
1 189 10 15 0.209186 
287 76 8 11 0.20851253 
716 300 14 17 0.20739287 
832 114 10 13 0.20708075 
833 497 15 19 0.20705733 
633 217 12 14 0.20583098 
313 113 8 10 0.20525816 
337 79 9 10 0.20499323 
167 214 10 12 0.20435594 
762 275 12 14 0.20389916 
300 254 10 13 0.20257007 
496 181 10 12 0.20154884 
128 276 13 16 0.20138346 
821 302 11 13 0.20053098 
662 48 9 12 0.19987191 
426 86 7 9 0.19951688 
236 205 11 13 0.19944263 
598 230 10 12 0.19926754 
616 67 8 10 0.19846779 
657 48 9 11 0.19798274 
310 195 10 11 0.19790725 
556 211 11 15 0.19641693 
303 47 9 10 0.19628228 
646 184 9 11 0.19624056 
328 346 12 16 0.1959312 
822 204 12 15 0.19560815 
261 323 14 18 0.19426532 
352 197 10 12 0.19361651 
68 255 12 15 0.19337378 
96 190 10 12 0.19316837 
167 236 12 15 0.19291729 
245 100 9 11 0.19112599 
861 75 9 12 0.19060346 
344 173 11 14 0.19044398 
372 294 12 14 0.19010639 
817 11 8 11 0.19002695 
471 125 9 11 0.18982853 
488 119 8 11 0.18938434 
525 78 8 10 0.18872683 
362 81 8 10 0.18864292 
696 94 9 11 0.1884391 
868 326 13 16 0.18731372 
453 158 10 12 0.18712118 
365 350 11 14 0.186758 
0 220 9 16 0.18661928 
480 71 7 10 0.18648897 
566 7 8 10 0.18464708 
848 104 9 10 0.18449792 
991 170 12 16 0.18421589 
605 99 10 12 0.18365313 
528 66 7 8 0.18350802 
592 230 11 14 0.18330406 
240 47 8 10 0.18217678 
246 223 11 14 0.18202835 
896 300 14 16 0.18148464 
529 213 11 14 0.1811213 
358 112 9 11 0.18035159 
311 7 9 11 0.1785704 
1000 27 11 13 0.17801425 
687 123 10 12 0.17771952 
568 56 8 10 0.17706908 
781 298 13 16 0.17697762 
381 473 14 18 0.17681265 
637 309 12 15 0.17658347 
609 62 9 10 0.17573501 
102 190 9 12 0.17389125 
705 24 8 10 0.17348929 
424 69 8 9 0.17225854 
717 16 10 12 0.17147343 
331 89 8 11 0.17133752 
819 478 15 21 0.17080653 
709 61 11 13 0.17055166 
57 298 13 15 0.17053124 
673 16 10 12 0.16961664 
229 132 10 12 0.16948839 
463 109 7 10 0.16898072 
852 145 15 17 0.16864328 
319 166 10 12 0.16781366 
172 228 12 14 0.16750947 
302 135 9 11 0.16647618 
1 525 10 15 0.16617846 
480 111 9 10 0.1659656 
337 47 7 10 0.16544046 
792 518 13 17 0.16539235 
262 622 9 12 0.16352719 
776 164 10 13 0.16307178 
365 88 10 11 0.162138 
183 301 10 14 0.16183254 
647 316 15 17 0.16169202 
444 250 13 15 0.1613267 
285 110 10 11 0.16087507 
454 230 11 13 0.16049574 
1001 50 8 10 0.16014604 
368 33 8 10 0.16013211 
273 47 8 10 0.15969637 
300 141 10 12 0.15960531 
526 69 8 10 0.15930605 
669 87 10 12 0.15884042 
636 340 12 16 0.15844452 
594 73 7 9 0.15808998 
446 489 14 20 0.15748133 
948 369 12 17 0.1574167 
327 72 7 9 0.1563947 
629 340 12 16 0.1562426 
425 80 8 10 0.1560498 
271 120 9 11 0.15568437 
965 142 10 13 0.1556706 
0 158 10 13 0.15558565 
593 77 8 10 0.1542646 
782 166 10 12 0.15411404 
827 133 11 14 0.15383139 
543 78 7 9 0.15354227 
256 255 11 14 0.15343936 
518 136 8 11 0.15339032 
567 92 8 10 0.15329011 
389 108 8 11 0.1529763 
885 99 9 12 0.15289058 
902 154 12 14 0.15242676 
320 74 9 11 0.15203176 
351 188 11 13 0.15181744 
737 102 9 12 0.15124281 
368 150 10 13 0.1511169 
518 110 8 10 0.15037602 
728 78 10 12 0.15030675 
498 86 8 9 0.15030536 
269 428 15 19 0.15004283 
549 140 10 13 0.14898928 
600 64 8 10 0.1489294 
242 95 9 11 0.14840266 
431 190 9 12 0.14823031 
837 112 10 12 0.14746216 
273 223 10 13 0.14740168 
87 316 12 17 0.14732127 
413 334 14 17 0.14717887 
453 442 13 16 0.14713714 
517 23 8 10 0.14708675 
112 106 8 9 0.14654148 
599 100 10 11 0.14554892 
460 360 14 17 0.14553249 
312 73 8 10 0.14525631 
835 507 14 20 0.14499925 
846 141 12 14 0.14467907 
303 53 9 10 0.1441355 
884 211 12 16 0.14369671 
128 245 12 16 0.14339913 
507 316 13 17 0.1429732 
926 253 12 14 0.14161284 
430 86 7 9 0.14116031 
622 70 8 10 0.14113672 
804 185 10 13 0.1401438 
572 484 19 25 0.14004998 
948 306 13 16 0.13997161 
305 72 7 9 0.13988459 
77 244 11 13 0.1390795 
789 166 10 13 0.1389878 
138 144 8 10 0.13884285 
252 323 14 17 0.13873094 
254 220 9 12 0.13835809 
20 156 11 14 0.13808586 
921 308 10 13 0.13790308 
213 119 9 11 0.13790232 
805 195 11 14 0.13742293 
377 56 7 10 0.13720253 
737 94 8 10 0.13685927 
396 222 11 14 0.13685292 
411 201 11 14 0.13621338 
639 184 10 11 0.13598128 
664 70 10 12 0.13578945 
577 229 9 13 0.13561738 
497 412 11 14 0.13560463 
531 302 11 14 0.13559338 
505 132 10 12 0.13550448 
341 372 13 16 0.13398594 
610 496 15 20 0.13356137 
345 402 17 22 0.1333895 
835 291 12 15 0.13277926 
10 266 14 16 0.13274363 
518 513 13 18 0.13226461 
855 104 9 11 0.13204718 
717 439 18 20 0.1319649 
125 181 9 11 0.13153471 
807 92 9 11 0.13144523 
1016 196 8 12 0.13142768 
787 360 14 17 0.13059846 
633 98 10 12 0.12970278 
966 95 9 11 0.12929624 
495 309 12 15 0.128727 
903 182 12 15 0.12774768 
488 14 8 10 0.12601869 
784 317 12 16 0.12588333 
748 301 12 15 0.12519342 
878 274 14 16 0.12475366 
430 101 8 10 0.12473035 
5 60 10 14 0.12428005 
768 227 13 15 0.123396225 
715 123 11 13 0.123148255 
425 102 8 10 0.123137675 
366 47 7 9 0.123076394 
475 466 15 20 0.122607216 
646 7 11 13 0.12247829 
632 22 8 9 0.122400545 
289 117 9 11 0.122265846 
183 308 12 16 0.122265704 
584 183 10 12 0.12207617 
709 112 10 12 0.12204216 
287 135 9 13 0.121978976 
326 165 10 12 0.12185228 
407 125 8 10 0.12154876 
695 87 9 11 0.12132072 
838 253 13 16 0.12104938 
888 165 11 15 0.1207714 
337 55 8 10 0.11981135 
629 294 13 16 0.11966658 
597 68 9 11 0.119646825 
961 109 10 12 0.119361416 
288 56 8 10 0.11927786 
117 169 9 11 0.11912796 
841 93 8 11 0.11911669 
485 111 9 11 0.11899454 
323 109 9 11 0.11861863 
703 28 9 11 0.1185206 
288 61 7 9 0.11840735 
995 570 21 28 0.118406 
376 30 7 9 0.11825581 
326 104 8 9 0.1175442 
177 6 8 10 0.1174885 
910 277 11 13 0.11733607 
668 383 13 17 0.117321126 
528 134 8 11 0.11724217 
572 393 14 18 0.117229186 
441 80 7 10 0.117045105 
386 71 8 10 0.11697903 
769 215 13 16 0.11672689 
660 134 11 13 0.11660515 
644 212 10 14 0.116579525 
352 161 12 14 0.11655876 
645 244 11 13 0.11631451 
357 348 13 16 0.11623577 
573 126 9 11 0.11622244 
952 238 13 16 0.11590315 
95 118 8 11 0.115721144 
476 173 10 14 0.11539543 
1007 96 8 11 0.11527767 
88 119 8 10 0.11526045 
630 48 7 9 0.11519624 
584 166 8 11 0.115063846 
517 521 12 16 0.11496695 
373 167 9 12 0.11495316 
634 242 12 14 0.11467923 
710 244 10 14 0.11463496 
1008 373 12 16 0.11461364 
257 185 9 11 0.11460401 
564 181 10 13 0.114540085 
223 326 11 14 0.1144374 
620 184 9 11 0.114096165 
1010 126 9 12 0.11385374 
711 274 14 16 0.113812774 
375 78 8 10 0.11373143 
153 328 15 19 0.113350995 
112 157 8 11 0.11331798 
798 143 10 12 0.11324628 
926 403 13 16 0.11323462 
408 152 10 13 0.113200545 
684 269 12 13 0.11318868 
418 80 7 9 0.1128999 
637 432 16 21 0.11276293 
368 78 8 10 0.11273616 
223 238 12 14 0.112369694 
664 28 9 10 0.112344295 
1008 108 9 11 0.11197864 
319 160 8 10 0.111813806 
334 148 11 13 0.11123499 
661 122 12 14 0.11117159 
906 79 10 13 0.111019515 
400 284 10 13 0.110999316 
400 79 6 8 0.11098214 
184 171 9 11 0.11066602 
333 409 13 17 0.11036709 
365 221 11 13 0.11035933 
369 168 9 12 0.110139415 
371 126 8 11 0.10981676 
730 6 8 9 0.10951261 
537 119 9 11 0.10927634 
871 107 9 11 0.108560145 
585 118 8 10 0.10784512 
848 79 9 11 0.107278116 
352 244 10 12 0.10708654 
764 245 11 14 0.107015766 
801 29 9 11 0.10700943 
319 95 9 11 0.10690804 
672 276 14 17 0.10655683 
660 140 10 13 0.10645917 
296 55 8 10 0.10639977 
991 1 9 9 0.10615262 
326 252 12 15 0.1060288 
994 5 8 11 0.10588575 
263 271 12 16 0.10584489 
373 143 10 11 0.10582522 
27 252 12 16 0.10578475 
241 88 8 9 0.10523435 
263 37 8 10 0.10515895 
374 120 10 12 0.10511644 
924 109 10 12 0.10495986 
693 38 9 10 0.10477138 
366 205 11 14 0.10472702 
715 147 11 14 0.10456995 
483 499 13 18 0.10438048 
774 94 9 12 0.10435719 
831 140 11 13 0.10433678 
360 24 7 9 0.10403788 
329 147 9 12 0.10399463 
87 175 12 13 0.103933595 
525 321 12 16 0.10387153 
249 46 8 11 0.10384653 
780 243 12 13 0.10369033 
609 133 9 12 0.10362022 
302 119 8 10 0.10349838 
477 167 9 11 0.103306785 
246 113 9 11 0.10324125 
948 337 14 17 0.10323799 
4 317 12 15 0.10303607 
665 94 9 11 0.10295236 
362 86 8 11 0.102850966 
549 7 8 9 0.10276206 
334 38 8 10 0.10257496 
559 72 7 9 0.10242079 
112 330 15 18 0.102162294 
374 95 9 11 0.10149963 
557 110 8 10 0.10106301 
636 295 13 15 0.10100535 
961 387 11 15 0.100946456 
701 361 14 18 0.10093363 
945 365 11 15 0.100910805 
776 442 20 25 0.1008356 
399 87 8 10 0.10011193 
390 49 8 10 0.10010428 
0 531 9 15 0.099883415 
633 31 8 11 0.09988106 
559 205 12 16 0.09965891 
199 160 8 11 0.099520236 
432 80 7 10 0.09945245 
762 155 12 15 0.099418715 
511 125 8 11 0.09939454 
573 109 9 10 0.09891107 
676 219 13 14 0.098896876 
169 134 8 10 0.098783195 
857 72 10 11 0.09875896 
117 310 12 16 0.098754175 
25 317 11 14 0.09856016 
1014 326 9 12 0.098518506 
720 182 11 13 0.098124005 
800 79 9 11 0.09795399 
743 47 8 10 0.097883105 
631 135 10 12 0.09780014 
0 414 8 14 0.097623006 
302 228 10 12 0.09756789 
758 52 8 11 0.09737981 
429 277 11 14 0.097211316 
990 214 11 13 0.09702286 
30 316 14 17 0.09701643 
504 128 9 11 0.09695367 
389 252 12 16 0.09678051 
752 316 13 16 0.09645011 
397 181 10 12 0.09625807 
336 181 9 12 0.095806085 
94 80 8 9 0.09576735 
673 547 17 25 0.09553175 
0 514 12 18 0.095481806 
662 182 11 13 0.0954465 
4 149 11 14 0.09515464 
691 455 14 18 0.094644986 
736 76 10 13 0.09447493 
377 25 7 8 0.09442884 
181 360 16 22 0.09393038 
189 513 13 18 0.09391315 
639 269 12 16 0.09350155 
229 79 9 11 0.09345331 
268 325 17 19 0.09340828 
211 496 13 17 0.093374565 
689 95 9 11 0.09323849 
254 92 7 11 0.09322999 
622 103 9 12 0.09298888 
703 382 13 17 0.09292267 
277 48 8 10 0.09267144 
166 317 11 14 0.0925792 
313 55 8 10 0.09181247 
652 78 9 11 0.09171192 
60 230 11 15 0.09169251 
357 215 11 13 0.091647565 
703 86 9 11 0.091575146 
575 133 8 11 0.091513634 
546 63 7 9 0.0913706 
311 89 8 11 0.091299266 
731 361 15 18 0.09127031 
529 13 8 11 0.09125865 
781 20 11 12 0.09117774 
580 230 11 14 0.0911519 
253 140 10 12 0.091069326 
647 253 12 15 0.090759724 
979 380 12 16 0.090673625 
290 182 9 12 0.090452515 
560 89 8 10 0.08985427 
745 542 17 21 0.08985133 
981 15 8 10 0.0897577 
560 77 6 9 0.08960755 
356 195 11 13 0.089405306 
804 155 12 14 0.089361876 
995 244 13 15 0.08916719 
997 86 9 11 0.08905292 
284 228 9 12 0.08896306 
798 312 12 18 0.08872643 
481 316 13 15 0.08847174 
424 96 8 9 0.088463016 
205 348 16 19 0.08841441 
374 198 10 14 0.088357 
368 198 10 12 0.088056065 
761 14 7 10 0.08793678 
341 151 9 12 0.08788932 
288 171 10 12 0.087740764 
929 285 13 15 0.08771085 
311 12 9 11 0.087599546 
536 88 6 9 0.087580934 
664 378 13 19 0.08753816 
230 318 10 14 0.08752686 
908 83 11 13 0.08737028 
333 252 11 14 0.08727511 
588 234 13 16 0.087253004 
435 32 7 9 0.0871279 
702 101 9 11 0.08689642 
822 370 14 18 0.086856246 
374 252 12 15 0.08676614 
576 66 7 8 0.08671927 
80 124 9 12 0.08671195 
269 82 9 10 0.08649942 
696 71 9 11 0.08628107 
328 92 9 11 0.086128615 
960 292 12 15 0.08610935 
677 109 10 13 0.086101376 
512 148 10 12 0.08604129 
519 300 13 17 0.0859781 
672 46 9 11 0.08593749 
445 109 9 12 0.085917205 
764 111 10 12 0.08591348 
565 470 14 17 0.08586261 
713 41 9 10 0.08576903 
295 413 11 14 0.08557713 
939 93 9 12 0.085404016 
842 88 9 11 0.085282356 
948 460 14 16 0.08526752 
255 358 12 15 0.08523078 
617 38 6 9 0.08520842 
646 206 9 12 0.0850782 
181 132 8 10 0.08492724 
749 194 10 13 0.084892206 
663 16 11 12 0.08488393 
240 224 12 14 0.08478881 
759 294 13 16 0.08475451 
277 124 10 11 0.08455341 
904 102 10 12 0.08451458 
305 207 10 13 0.08447882 
376 132 9 11 0.08442808 
232 97 8 10 0.084421664 
263 125 10 11 0.08442075 
15 119 9 13 0.084419824 
364 294 13 15 0.084372126 
294 171 11 13 0.08428971 
342 75 9 11 0.08391978 
599 80 8 11 0.083903044 
86 189 12 15 0.08375751 
223 252 12 16 0.083753034 
397 198 11 13 0.083557375 
820 138 13 16 0.08345768 
328 121 9 11 0.08331054 
960 126 11 14 0.08322401 
853 156 14 16 0.083166905 
805 308 12 16 0.083058625 
308 218 12 14 0.083040774 
899 236 12 15 0.082661964 
528 111 8 10 0.082587086 
623 80 9 11 0.08254711 
317 40 7 9 0.08238063 
917 400 15 18 0.0823421 
608 6 9 11 0.08233792 
868 39 9 12 0.08220268 
741 471 24 30 0.08217487 
4 438 12 14 0.08196892 
808 78 10 12 0.08193306 
66 265 13 16 0.08192956 
841 101 8 10 0.081772245 
345 66 9 9 0.08176643 
817 211 11 14 0.081705056 
622 292 13 14 0.08169047 
192 161 9 11 0.08166176 
967 262 11 14 0.08162224 
719 229 11 14 0.081501015 
990 101 9 10 0.08147671 
932 299 13 18 0.08133985 
789 197 11 15 0.081316985 
799 37 11 13 0.080924794 
87 308 12 16 0.080847725 
111 178 10 12 0.080732405 
341 93 9 11 0.08056722 
297 38 9 10 0.080356255 
118 136 8 10 0.08029382 
496 252 11 13 0.08026653 
784 73 8 10 0.080254026 
384 135 9 11 0.08024073 
711 143 10 13 0.08023641 
533 535 15 21 0.08022821 
712 212 12 14 0.08018208 
348 279 12 15 0.080021374 
1011 213 11 15 0.08000004 
1007 386 11 15 0.07997678 
247 123 9 10 0.07993851 
312 45 7 10 0.07991693 
326 55 8 10 0.07979625 
125 237 12 14 0.07958589 
728 2 8 8 0.07955004 
371 392 13 17 0.07953288 
597 285 10 13 0.07946546 
600 84 8 11 0.079436295 
135 383 21 24 0.07922243 
440 302 10 14 0.0792189 
920 252 11 15 0.07899857 
386 167 9 12 0.07896968 
299 183 10 12 0.07891932 
329 9 8 9 0.078880906 
283 165 9 11 0.07886824 
256 88 7 10 0.078658305 
517 414 12 16 0.07838067 
926 246 12 14 0.07812207 
222 39 8 10 0.07809861 
792 111 12 14 0.07784145 
296 21 9 11 0.07776201 
311 245 9 13 0.07775999 
181 339 13 17 0.07775839 
438 31 7 8 0.07770804 
429 293 12 14 0.0777032 
384 77 7 10 0.077659175 
785 211 11 14 0.07765846 
895 102 10 12 0.07754061 
254 206 8 11 0.07749011 
431 123 9 12 0.077473626 
352 115 10 12 0.07739811 
696 46 9 10 0.07726146 
505 25 7 9 0.07712924 
535 158 11 14 0.07712812 
81 119 8 11 0.07709596 
480 15 7 10 0.077091135 
933 236 12 14 0.07685988 
303 62 7 9 0.07684013 
783 98 11 13 0.07661411 
413 325 13 16 0.07650479 
435 436 12 16 0.07647676 
174 159 9 11 0.07646969 
47 260 11 14 0.076412834 
702 94 8 11 0.0764096 
211 352 15 19 0.07630528 
253 213 9 13 0.076195054 
466 72 9 11 0.076031856 
7 271 12 17 0.0760142 
74 79 9 10 0.07588934 
789 101 10 12 0.07578686 
647 47 8 10 0.07573128 
835 473 13 19 0.075677425 
558 119 8 10 0.075452395 
465 41 7 9 0.075240426 
513 2 7 8 0.07514223 
305 90 8 9 0.07507711 
173 39 10 11 0.07504864 
358 117 8 10 0.07496353 
511 38 8 10 0.07466329 
948 93 10 12 0.07441928 
631 71 9 10 0.07430355 
334 308 13 17 0.07415019 
459 13 7 9 0.0741244 
585 56 7 9 0.07379995 
607 80 9 11 0.07375141 
262 190 8 11 0.07373101 
807 276 12 14 0.07363824 
428 443 14 18 0.07362383 
1013 111 8 11 0.07341459 
321 103 9 10 0.0733579 
993 12 8 11 0.07327942 
973 149 10 13 0.07314199 
623 17 9 11 0.07311449 
78 299 12 15 0.073084764 
492 149 10 13 0.0730024 
655 220 10 13 0.0729685 
591 102 9 10 0.07291359 
166 254 11 14 0.07282947 
600 224 10 11 0.07281874 
830 252 12 15 0.07273065 
106 345 14 16 0.072672874 
465 77 8 9 0.07267057 
673 118 10 13 0.07264699 
726 47 10 11 0.07253956 
405 346 12 14 0.07250578 
893 142 15 18 0.07240232 
463 301 12 14 0.07218741 
688 101 9 11 0.072096094 
742 278 12 15 0.072049506 
966 349 13 17 0.072048925 
752 121 11 13 0.071983576 
439 341 10 14 0.07193272 
623 235 12 15 0.07187722 
391 32 7 9 0.07179718 
169 111 8 11 0.07167216 
403 652 13 18 0.0716384 
214 125 8 10 0.07155725 
888 1 9 9 0.07141246 
346 289 14 17 0.07135174 
147 386 19 21 0.07132085 
543 493 12 15 0.07120525 
156 386 14 18 0.071133986 
79 134 9 10 0.071113005 
616 111 10 14 0.07111145 
374 72 7 10 0.07103131 
559 474 15 19 0.070949234 
727 85 9 12 0.0709346 
795 210 12 15 0.070862815 
120 178 10 12 0.07080423 
200 131 8 10 0.070663296 
656 101 10 12 0.070640326 
447 149 9 11 0.07051017 
164 206 10 13 0.070476696 
847 212 11 13 0.07014953 
272 104 9 11 0.06999931 
278 118 10 12 0.06990697 
951 116 11 12 0.06986348 
662 481 12 18 0.06983747 
494 376 13 16 0.069707155 
696 76 9 11 0.06970181 
30 309 12 15 0.06969625 
430 270 10 12 0.06969024 
574 258 12 14 0.069230616 
119 237 10 14 0.06917103 
480 155 9 11 0.06916912 
980 47 9 11 0.06913003 
617 195 10 13 0.0691114 
124 290 15 18 0.06907443 
510 168 9 11 0.06894001 
994 69 8 11 0.06889418 
710 1 8 9 0.06882429 
661 100 10 11 0.068559036 
763 87 11 13 0.068549275 
296 123 9 11 0.06853846 
384 151 9 12 0.0685113 
255 118 9 11 0.06841409 
629 253 14 14 0.06840564 
878 14 8 10 0.068340585 
734 277 12 15 0.068338096 
295 136 9 13 0.06833002 
1011 458 13 18 0.06820354 
528 96 8 9 0.06810617 
247 88 8 10 0.06796804 
638 133 10 12 0.06784686 
514 89 7 9 0.06765251 
52 223 13 16 0.067637764 
703 114 10 14 0.06758898 
136 363 10 13 0.06758022 
629 402 17 20 0.0675688 
631 76 9 11 0.06744864 
864 95 9 11 0.067438446 
348 379 14 15 0.06738433 
86 301 12 15 0.06735471 
185 219 10 14 0.06734362 
978 14 7 10 0.067342274 
751 229 11 15 0.06728369 
823 546 13 18 0.06723487 
208 158 8 9 0.067137174 
473 150 9 12 0.06711553 
358 259 12 15 0.06708627 
998 426 14 19 0.06703944 
929 157 10 13 0.0669687 
418 391 14 18 0.06674053 
454 32 7 8 0.06660321 
264 33 8 10 0.06657432 
983 207 10 12 0.06650506 
312 168 8 11 0.06649616 
287 38 8 10 0.06648863 
951 68 8 10 0.066369526 
448 199 11 13 0.06630048 
249 134 10 12 0.06620815 
517 150 9 11 0.066012956 
93 182 10 12 0.065983064 
385 94 7 9 0.06580816 
541 195 13 14 0.06563712 
403 278 11 14 0.06562926 
350 64 8 10 0.065599516 
509 310 12 15 0.065580286 
861 315 15 19 0.06556723 
341 6 9 11 0.06553793 
178 165 9 11 0.06551653 
424 181 9 12 0.06540408 
712 44 8 11 0.06530099 
800 44 10 12 0.06515766 
793 189 11 14 0.06495303 
536 109 8 10 0.06491978 
583 79 8 10 0.06484836 
349 32 9 11 0.06467895 
183 161 10 12 0.064538285 
800 84 10 12 0.06450881 
310 151 9 12 0.06445371 
925 115 11 14 0.06430595 
895 155 13 15 0.0642862 
470 461 14 18 0.06428296 
758 47 10 11 0.064262554 
792 271 13 17 0.06426045 
742 96 9 10 0.06424184 
925 302 12 16 0.06423289 
387 48 7 9 0.064184174 
538 125 8 10 0.06413382 
248 1 8 9 0.06410226 
671 52 9 12 0.06410158 
812 402 16 19 0.064094834 
970 267 13 16 0.064021386 
232 47 8 10 0.063945845 
896 230 10 13 0.06389889 
348 355 15 19 0.06389171 
262 196 10 13 0.06382656 
207 134 7 9 0.06381192 
760 228 11 15 0.06376003 
1004 440 16 19 0.06370583 
49 79 8 10 0.06369185 
466 25 6 9 0.063667424 
631 16 9 11 0.06364847 
188 268 12 14 0.06342915 
621 194 11 13 0.063289806 
299 46 8 10 0.06326873 
965 5 8 10 0.06325515 
477 101 8 10 0.063242696 
168 229 11 13 0.06322775 
409 47 7 10 0.063167706 
748 77 9 11 0.063116714 
539 208 13 15 0.063089505 
980 317 11 14 0.06303412 
335 377 13 17 0.06299346 
472 121 9 10 0.06298358 
398 203 11 13 0.06282385 
689 86 8 11 0.06278559 
551 137 10 11 0.06273049 
121 192 10 12 0.06268737 
247 21 9 11 0.062656164 
482 143 9 14 0.06262781 
601 492 19 26 0.06259204 
110 337 13 16 0.06257948 
1004 323 11 15 0.062464412 
409 25 7 8 0.062424228 
248 53 10 11 0.062416755 
583 200 11 15 0.062405575 
1000 62 9 12 0.06238825 
241 52 8 10 0.062351387 
911 324 12 14 0.062285367 
505 30 8 9 0.062251717 
655 96 9 10 0.062066723 
0 338 11 17 0.062035833 
321 24 9 10 0.06201333 
703 180 13 15 0.061905835 
366 373 12 16 0.06184314 
632 207 10 11 0.061817802 
90 63 8 10 0.061798617 
162 283 12 16 0.061789285 
455 175 9 11 0.0617579 
982 53 9 11 0.061645415 
473 1 8 8 0.061632056 
102 208 11 13 0.06161455 
384 121 11 14 0.061545916 
413 374 17 19 0.06149459 
375 190 10 12 0.061490025 
251 364 16 19 0.061453525 
750 292 11 15 0.06134571 
111 48 6 9 0.06132967 
1002 95 8 10 0.06124149 
557 103 8 10 0.061186183 
95 143 10 12 0.061167713 
743 15 8 10 0.06113408 
183 261 12 15 0.061096348 
312 156 9 11 0.06108671 
731 23 9 11 0.060909662 
289 22 7 11 0.060777757 
288 14 8 10 0.060753945 
473 30 7 9 0.06060394 
679 85 9 12 0.060538176 
327 25 9 11 0.060537636 
766 164 11 13 0.060523335 
226 80 8 10 0.060509685 
440 213 10 13 0.060485456 
938 170 13 15 0.060482536 
190 148 10 11 0.06043686 
741 220 11 14 0.060348757 
914 17 8 9 0.060348757 
564 289 12 15 0.060341857 
446 414 12 15 0.060337696 
133 236 12 14 0.06023265 
457 118 7 9 0.060221933 
415 301 13 16 0.060212515 
495 81 8 10 0.060146354 
514 157 9 11 0.0601123 
761 214 12 15 0.060107682 
693 346 14 17 0.06005055 
934 108 10 12 0.06001191 
1000 137 8 11 0.060004972 
361 243 10 14 0.059958026 
613 132 9 12 0.059942793 
1004 30 10 12 0.059900597 
458 112 7 9 0.059822418 
539 162 12 14 0.059631616 
665 0 8 10 0.059614856 
375 102 8 10 0.05960387 
253 229 10 12 0.05951509 
299 540 17 20 0.059503585 
755 87 8 11 0.059496406 
710 205 12 13 0.059466965 
67 182 11 14 0.059260104 
681 277 14 16 0.05920978 
887 586 12 14 0.059199873 
776 71 9 10 0.05916777 
497 97 7 9 0.05915707 
762 599 14 20 0.05913436 
342 156 10 12 0.05904915 
794 572 17 21 0.05903324 
243 347 12 15 0.058962557 
775 100 9 12 0.05893916 
998 205 10 13 0.058894835 
156 335 15 20 0.058793917 
518 384 13 16 0.05866831 
816 301 12 16 0.05866633 
17 291 11 15 0.058616504 
390 293 10 13 0.05860568 
678 52 8 11 0.058563273 
926 358 12 15 0.058562852 
346 33 8 10 0.058548916 
528 128 7 9 0.05852913 
897 74 8 10 0.058421202 
617 22 7 9 0.05836463 
694 338 13 16 0.058351748 
590 136 10 11 0.05833014 
150 28 8 10 0.058267348 
983 103 9 11 0.058223903 
696 100 9 11 0.058178008 
317 456 14 18 0.058145706 
279 53 8 10 0.058125984 
535 544 14 19 0.058120687 
739 21 9 12 0.058050115 
173 23 10 11 0.058038764 
863 108 9 11 0.05802967 
702 228 12 14 0.058001712 
198 71 8 10 0.057940826 
790 230 10 13 0.057874154 
615 126 9 11 0.05786008 
398 164 9 11 0.05777649 
331 339 14 19 0.057771057 
342 141 9 11 0.057711646 
16 516 14 19 0.057653833 
255 8 8 10 0.057649996 
442 102 8 11 0.057649132 
495 175 10 12 0.05764304 
302 221 12 14 0.057635296 
224 121 8 10 0.05749626 
418 97 8 10 0.057496183 
542 299 10 13 0.057427842 
228 255 13 16 0.057424612 
295 77 8 10 0.057380468 
126 428 13 18 0.057368074 
806 45 10 12 0.057325903 
206 111 9 9 0.057278506 
97 428 16 19 0.057271983 
733 86 10 11 0.057254452 
67 647 14 18 0.05724528 
394 64 7 10 0.057196714 
479 31 7 9 0.0571878 
878 356 11 14 0.05716842 
832 101 9 11 0.056896977 
563 56 7 9 0.05689306 
301 40 8 10 0.05688637 
510 522 14 17 0.056859333 
525 518 20 26 0.05684273 
49 103 8 12 0.056829263 
847 114 12 14 0.056767114 
724 189 10 13 0.056746446 
735 309 11 15 0.056738954 
950 87 11 13 0.056723386 
278 148 10 12 0.05667937 
976 109 9 11 0.05662751 
462 164 9 12 0.056563057 
47 94 7 10 0.056542948 
175 301 11 15 0.05645444 
541 332 12 14 0.05644286 
413 413 11 14 0.056383055 
751 149 10 13 0.056250546 
336 8 8 10 0.056176826 
4 310 12 15 0.056097105 
583 140 10 12 0.0560955 
612 213 11 14 0.05608883 
579 546 25 31 0.056077663 
392 159 9 11 0.05601738 
695 292 12 16 0.05591574 
19 525 17 20 0.05574723 
428 355 13 15 0.05571304 
254 54 8 10 0.05548807 
959 37 9 10 0.055443276 
490 473 14 17 0.055297785 
422 198 11 13 0.05526631 
478 239 10 12 0.055221837 
342 135 9 11 0.055197235 
681 36 9 12 0.05518928 
174 111 8 11 0.05515662 
199 239 11 13 0.05511959 
400 1 8 9 0.05509218 
391 93 8 10 0.05501614 
187 313 14 17 0.055003878 
301 424 13 18 0.05498945 
253 266 14 17 0.0549409 
797 102 11 13 0.054809734 
1000 109 10 12 0.054740757 
466 105 7 9 0.05473012 
1004 446 21 28 0.054697424 
224 108 7 10 0.05460447 
646 22 9 10 0.054588124 
815 29 9 11 0.054582786 
215 152 9 10 0.054542925 
189 102 9 11 0.05453387 
75 309 13 18 0.054517027 
385 87 7 10 0.054482367 
502 498 13 17 0.054468162 
965 415 15 18 0.054461453 
301 362 14 19 0.05443992 
357 380 12 16 0.054434232 
184 149 9 11 0.0543642 
523 72 7 10 0.054359976 
888 390 18 22 0.054333262 
350 181 11 14 0.054321162 
301 125 9 10 0.054208335 
359 237 10 14 0.05417324 
882 97 9 11 0.054144762 
710 251 11 15 0.054125153 
102 149 8 11 0.0541232 
671 156 9 12 0.054052398 
854 307 12 16 0.05404019 
207 101 9 10 0.054015566 
416 128 9 11 0.05395528 
217 214 8 11 0.05394317 
826 147 13 14 0.053921774 
557 300 12 14 0.053900566 
916 205 12 14 0.053880073 
40 141 10 13 0.053855747 
863 101 10 12 0.053833857 
736 118 10 12 0.05372722 
774 7 9 11 0.053717587 
765 270 12 14 0.053663313 
772 236 12 14 0.053637248 
525 217 13 16 0.05360772 
400 92 9 11 0.05352432 
529 86 7 10 0.05349861 
570 349 13 16 0.05347537 
284 385 14 18 0.053415097 
60 314 16 21 0.05338466 
85 387 14 17 0.05337485 
895 255 12 14 0.053358767 
595 529 18 22 0.053345773 
337 197 8 12 0.053264003 
329 13 8 10 0.053234413 
386 105 8 10 0.05318416 
71 111 9 11 0.05314458 
615 32 7 9 0.0530763 
992 96 8 10 0.053043608 
1015 77 7 12 0.053040028 
220 269 12 15 0.052993 
672 103 9 10 0.05296718 
703 294 13 17 0.052962925 
464 345 19 23 0.052935008 
582 172 9 12 0.052930187 
699 155 12 14 0.0527789 
399 158 9 12 0.05276719 
782 30 9 11 0.052691907 
398 315 10 14 0.052559894 
980 323 12 15 0.05255861 
126 204 12 14 0.052555617 
583 88 8 10 0.05254613 
248 40 8 10 0.05246611 
215 143 8 11 0.052457023 
281 31 8 10 0.05245084 
544 135 9 11 0.052449442 
545 31 8 9 0.052404325 
781 159 10 13 0.05238796 
639 36 9 10 0.0523551 
183 277 10 13 0.052353404 
154 519 15 19 0.052348055 
582 72 7 9 0.052282095 
966 132 10 13 0.052251276 
73 162 11 13 0.052224062 
327 159 9 11 0.052155204 
792 144 10 13 0.052148618 
230 166 10 11 0.05214196 
324 205 11 14 0.052110203 
534 136 8 11 0.052095957 
1014 354 10 15 0.052090406 
431 96 7 9 0.052067883 
691 386 15 20 0.052021526 
277 386 14 17 0.051951893 
827 299 14 15 0.051916257 
142 110 8 10 0.051892787 
903 117 10 12 0.051883087 
423 17 8 9 0.05183695 
304 77 7 9 0.051836815 
373 221 10 12 0.051816415 
677 270 13 14 0.051812053 
373 148 12 14 0.05178126 
10 348 13 17 0.051777158 
632 38 8 9 0.051776268 
464 93 7 10 0.051730245 
568 32 7 9 0.051706105 
158 5 8 11 0.051677287 
710 54 10 12 0.0516346 
460 227 10 13 0.051574238 
389 171 11 12 0.05150588 
473 473 15 20 0.051489636 
958 301 13 16 0.051487744 
201 193 12 15 0.051486187 
94 366 15 21 0.05136916 
558 140 10 12 0.051364735 
527 191 9 12 0.05134548 
559 124 8 11 0.051344816 
920 22 8 10 0.05131875 
636 195 10 12 0.05127402 
577 165 8 12 0.051173262 
840 62 8 10 0.051163375 
792 0 9 9 0.051163 
91 319 14 18 0.05113389 
680 79 8 11 0.05110616 
450 319 11 15 0.051074196 
792 63 8 10 0.051061686 
864 255 13 17 0.051044766 
79 95 8 9 0.051020227 
958 246 13 17 0.051016096 
709 67 10 12 0.05098247 
1012 234 11 15 0.050976716 
749 284 11 14 0.05096871 
797 154 12 14 0.050935704 
784 6 8 10 0.05090745 
936 178 10 13 0.050873064 
384 190 10 13 0.05084601 
960 158 12 14 0.050844293 
472 109 8 10 0.050818004 
911 214 11 15 0.05074676 
878 207 13 16 0.05064328 
786 372 15 17 0.05060685 
949 165 10 13 0.05054258 
155 511 19 22 0.050523743 
1006 352 12 16 0.050508495 
682 487 15 19 0.050491493 
984 0 9 10 0.05048682 
979 242 12 16 0.05041012 
111 124 8 10 0.05040359 
429 323 12 15 0.050374184 
640 47 7 9 0.050370965 
487 371 12 15 0.050356477 
592 26 8 9 0.050333414 
885 293 12 15 0.05031748 
583 13 8 10 0.050309718 
997 67 9 12 0.050299615 
757 175 11 13 0.050296243 
110 235 11 15 0.050289642 
227 321 14 19 0.05028505 
556 566 13 17 0.050164808 
591 156 10 13 0.05012669 
1015 93 8 11 0.050081432 
652 374 14 17 0.05004342 
57 182 11 14 0.050033942 
502 406 12 15 0.05000406 
816 220 12 15 0.04998838 
102 172 10 12 0.049971744 
385 197 9 13 0.049916815 
754 92 10 12 0.049908325 
765 0 10 10 0.04988755 
965 116 10 12 0.049872816 
583 187 10 13 0.049799778 
759 81 10 10 0.04967492 
181 399 13 17 0.04966704 
208 222 11 12 0.04966263 
241 112 9 12 0.049643595 
54 267 13 15 0.04964165 
1001 222 12 16 0.04963296 
23 180 12 15 0.04962923 
973 133 9 11 0.04954892 
86 124 9 12 0.04954702 
749 102 10 12 0.04948788 
768 7 9 10 0.04941158 
543 72 9 11 0.049385477 
930 344 13 17 0.049383104 
91 81 7 9 0.04937228 
942 504 17 20 0.04932765 
633 184 9 12 0.049314916 
678 104 10 12 0.04930394 
528 8 9 11 0.04928841 
297 96 8 10 0.04925339 
407 92 8 11 0.0492291 
736 47 9 11 0.04920884 
170 23 8 11 0.049138367 
999 151 11 13 0.049071327 
683 497 14 18 0.049045738 
510 499 13 17 0.049019635 
457 163 9 11 0.048876684 
792 45 9 12 0.048779503 
316 214 11 13 0.0487757 
417 85 7 9 0.048771743 
780 306 14 17 0.0487453 
638 574 14 18 0.04870359 
437 396 10 13 0.04868432 
719 467 12 17 0.0486445 
758 97 12 13 0.04860208 
871 135 11 14 0.048565265 
676 239 13 14 0.048558697 
327 213 10 14 0.048511762 
300 22 10 11 0.048488874 
673 110 9 11 0.048473805 
396 389 13 15 0.04846708 
667 480 14 19 0.048460282 
270 422 12 16 0.0484381 
216 23 7 11 0.048427213 
656 60 8 10 0.048425883 
217 236 11 14 0.048397698 
647 74 9 10 0.048394542 
103 194 10 13 0.048328582 
480 117 9 11 0.04832539 
941 300 13 19 0.04829311 
415 117 9 10 0.048270334 
460 342 12 16 0.048253555 
720 46 9 10 0.04819971 
277 495 15 17 0.048142318 
902 401 18 25 0.04813037 
371 373 13 16 0.04809161 
217 14 8 10 0.048050757 
779 253 13 15 0.04803202 
129 24 7 10 0.047980905 
855 93 9 10 0.047979794 
933 356 12 15 0.047932647 
339 640 19 25 0.047903437 
392 182 11 14 0.047844134 
436 291 11 14 0.047836438 
872 13 9 12 0.047804534 
505 45 7 10 0.04777816 
669 77 9 11 0.04774045 
590 165 9 11 0.047732364 
472 157 9 12 0.047722414 
129 103 7 9 0.047643725 
945 15 9 11 0.047585107 
584 158 9 12 0.04758189 
42 134 9 12 0.04757076 
103 156 9 11 0.04754157 
281 7 8 10 0.047536746 
735 124 10 11 0.047502752 
986 180 11 15 0.047483858 
652 381 16 20 0.047460258 
281 38 8 10 0.047286842 
334 323 13 16 0.04726953 
366 212 10 13 0.04718336 
87 531 13 17 0.047154758 
1006 60 9 12 0.047049798 
344 128 9 11 0.046987407 
317 45 8 10 0.04698519 
528 139 9 12 0.04696253 
272 143 10 11 0.046846718 
367 99 9 12 0.046825375 
174 151 9 11 0.04678806 
493 333 11 13 0.04677688 
368 143 9 11 0.04674941 
480 89 7 9 0.046676937 
617 46 8 10 0.04663844 
543 96 8 9 0.046631165 
1008 132 9 12 0.046617772 
424 190 10 12 0.046612617 
313 62 7 9 0.04660347 
572 284 12 15 0.046570472 
704 188 12 15 0.04656156 
743 39 8 10 0.04654499 
0 363 9 17 0.046529733 
919 86 9 11 0.046511926 
553 72 7 9 0.04645183 
363 410 12 16 0.04637304 
420 326 12 16 0.04635779 
904 93 10 12 0.04635727 
462 158 9 12 0.046315067 
63 273 13 16 0.04627771 
520 102 7 9 0.046230957 
979 86 9 11 0.046198543 
429 285 12 15 0.04619123 
231 279 12 14 0.046103057 
151 41 8 9 0.046097726 
892 345 14 16 0.046083365 
960 47 8 10 0.046073582 
249 140 9 11 0.046060376 
605 428 15 19 0.046059597 
428 150 11 12 0.046014618 
551 237 12 15 0.045973934 
465 29 7 9 0.045939635 
72 134 9 11 0.045923904 
399 310 10 13 0.045912355 
488 72 8 10 0.045822795 
375 110 9 11 0.04580736 
782 141 11 13 0.045784842 
605 220 11 13 0.04574558 
29 278 13 16 0.045745105 
184 295 11 15 0.045722805 
335 387 12 16 0.045702238 
984 123 9 11 0.045668006 
82 157 11 13 0.045614917 
436 276 11 13 0.045587935 
167 29 7 11 0.045559958 
551 185 11 15 0.045518793 
51 107 11 13 0.04549541 
344 105 9 11 0.04547984 
429 158 9 11 0.045438007 
663 60 9 11 0.045416206 
460 443 12 15 0.045391988 
728 70 8 11 0.045381844 
191 22 8 10 0.045370586 
253 469 20 25 0.045364723 
350 215 10 13 0.04535405 
107 575 16 19 0.045345005 
623 173 8 11 0.04532313 
334 23 9 11 0.045217037 
342 46 9 10 0.045136515 
646 36 8 11 0.045096345 
510 246 11 14 0.04508381 
84 165 12 14 0.045062315 
403 247 11 15 0.045052275 
737 70 11 14 0.045016967 
334 155 11 13 0.044976026 
88 68 8 10 0.044887155 
929 151 10 13 0.04486249 
836 589 15 17 0.044857495 
592 175 9 11 0.044835012 
628 114 10 13 0.04481801 
17 239 11 15 0.044815723 
664 6 9 10 0.04480978 
342 364 15 18 0.044801876 
142 236 10 12 0.044798438 
518 125 9 11 0.044781473 
350 104 9 11 0.044772487 
1014 365 10 15 0.04475603 
616 101 9 11 0.04475218 
982 387 14 20 0.044747565 
717 282 13 16 0.044689972 
751 6 8 10 0.044663306 
281 204 11 14 0.044643324 
398 63 7 9 0.044583395 
72 246 11 14 0.044553164 
241 290 12 15 0.0445434 
1008 301 11 14 0.044526562 
33 521 14 19 0.04452071 
550 64 7 8 0.044496596 
141 212 12 14 0.04448207 
380 385 12 17 0.044481263 
516 527 14 19 0.04446398 
719 173 10 12 0.04441593 
789 554 15 19 0.044385172 
431 183 9 12 0.044340882 
782 149 11 13 0.04431823 
674 149 9 12 0.04430714 
413 226 12 14 0.044300716 
650 54 7 10 0.044287134 
996 341 12 16 0.04427569 
710 79 10 12 0.0442752 
835 460 14 19 0.044269692 
26 447 14 18 0.044268075 
429 196 11 13 0.044267807 
630 6 8 10 0.044242226 
869 269 14 16 0.044179123 
297 72 7 10 0.044170145 
354 96 8 10 0.044154264 
169 158 9 12 0.044076838 
641 87 10 12 0.044061963 
141 363 11 14 0.044037618 
496 323 12 14 0.044028684 
337 208 11 14 0.04397587 
450 31 7 9 0.04391433 
381 227 12 14 0.043913666 
366 156 9 11 0.04389045 
885 323 13 16 0.043824647 
303 236 10 12 0.04382063 
816 173 10 12 0.043794125 
959 32 9 10 0.043784797 
543 110 8 10 0.043776553 
624 260 12 14 0.043689307 
143 205 11 14 0.043680325 
753 1 9 9 0.043626346 
501 93 8 10 0.043605253 
786 380 15 18 0.043591257 
678 383 14 19 0.043583967 
225 45 8 10 0.043483295 
253 166 9 12 0.043470398 
110 221 11 13 0.043420963 
568 39 8 9 0.043408737 
1014 203 10 14 0.043396823 
703 70 10 12 0.04333013 
72 126 10 12 0.043303095 
736 53 9 11 0.043294653 
513 5 8 9 0.04324724 
495 70 7 9 0.043242503 
512 31 8 9 0.0431975 
740 229 12 15 0.043191362 
760 181 9 11 0.043170713 
214 28 9 11 0.043125086 
839 246 11 14 0.043101426 
802 297 15 17 0.043044776 
352 341 16 19 0.043037333 
214 324 12 16 0.04300496 
384 171 10 13 0.04299034 
723 559 15 22 0.042984113 
862 291 12 15 0.042977143 
488 167 9 13 0.042974643 
968 69 9 10 0.042961825 
591 301 11 14 0.042898584 
918 326 11 14 0.04279442 
723 387 14 18 0.042792846 
109 190 10 13 0.042782437 
584 62 7 9 0.042762935 
766 173 10 12 0.042666208 
673 198 12 16 0.042647514 
596 302 11 14 0.04264395 
504 82 7 9 0.04263679 
255 126 8 11 0.04259807 
943 341 13 16 0.042588387 
792 263 12 17 0.042566422 
852 115 12 14 0.042488556 
914 433 17 21 0.042452786 
1007 416 18 24 0.042429958 
621 91 11 13 0.04241504 
890 79 8 10 0.042413566 
766 141 10 12 0.04234494 
825 195 12 15 0.042327277 
758 541 19 24 0.042249456 
519 213 10 14 0.04224827 
767 12 9 11 0.042196613 
596 393 17 20 0.04215318 
710 555 14 18 0.042144395 
181 30 9 10 0.042142726 
981 109 9 11 0.042092215 
209 28 8 11 0.04207806 
448 268 11 14 0.042076916 
978 305 13 17 0.042068888 
696 52 9 11 0.042025946 
210 315 13 17 0.041991558 
880 293 11 14 0.041983597 
342 334 13 17 0.0419573 
1006 48 9 11 0.041951846 
616 80 9 11 0.041950483 
236 295 13 18 0.0419054 
639 209 9 12 0.041892175 
249 15 8 11 0.04187049 
232 120 8 10 0.041870188 
993 48 8 10 0.041859426 
643 429 14 19 0.041856546 
481 64 6 8 0.041845612 
693 286 11 14 0.041812997 
654 293 12 15 0.041809157 
184 229 10 13 0.041666787 
728 108 9 12 0.041666225 
888 141 11 14 0.04165462 
822 9 8 10 0.041642077 
752 47 9 11 0.041630514 
294 323 13 17 0.041627575 
126 225 12 15 0.04158496 
380 481 17 22 0.041560426 
645 294 11 14 0.041516695 
317 6 10 11 0.041475922 
943 89 10 13 0.04145636 
312 172 9 12 0.041412964 
155 486 15 20 0.04140669 
725 221 12 14 0.04139045 
247 164 10 12 0.041283157 
304 246 10 13 0.041233078 
798 0 9 10 0.0412008 
421 290 14 17 0.041198954 
750 143 9 12 0.041191325 
509 405 11 14 0.041178107 
570 72 8 10 0.041172445 
189 228 10 13 0.04115732 
919 172 11 13 0.041131098 
434 424 13 17 0.041104373 
497 222 12 15 0.041065726 
910 158 9 13 0.041002575 
113 135 8 10 0.040983975 
286 8 8 10 0.04097881 
518 228 11 14 0.040924028 
909 134 10 13 0.04089998 
439 205 10 13 0.04085073 
43 365 15 19 0.040833384 
959 261 12 15 0.04083255 
470 61 8 9 0.04082547 
931 243 12 15 0.04079473 
763 306 14 19 0.040781453 
382 339 11 14 0.040764872 
695 62 9 10 0.040634602 
110 301 11 15 0.040613733 
588 252 13 15 0.04054356 
193 70 7 11 0.040525742 
716 168 10 13 0.040522207 
559 164 10 13 0.040521253 
831 259 12 14 0.04050709 
974 375 11 14 0.04048969 
376 211 10 12 0.040417463 
723 276 13 15 0.040411662 
390 363 12 16 0.04040006 
635 139 12 13 0.0403919 
566 140 10 12 0.040375642 
5 162 10 14 0.040345773 
223 180 9 11 0.040336598 
977 81 8 10 0.04028162 
931 327 13 15 0.040278208 
516 250 13 16 0.04027465 
23 277 12 15 0.04026932 
959 115 11 13 0.04020848 
431 70 7 10 0.040201675 
113 152 8 10 0.040198624 
702 77 10 12 0.040150948 
490 103 8 10 0.040149957 
718 218 12 15 0.040149495 
473 165 10 12 0.040120743 
802 577 15 17 0.040111326 
383 54 7 10 0.04009927 
425 335 13 16 0.040097725 
245 275 12 16 0.040060636 
947 159 12 13 0.039979845 
902 212 12 15 0.039971538 
391 148 10 11 0.03991251 
864 43 11 14 0.039911 
485 243 11 13 0.0399027 
465 125 9 10 0.039865907 
959 205 11 15 0.039846342 
812 420 16 19 0.03979883 
497 107 8 11 0.039791375 
249 30 8 10 0.039787862 
223 229 11 12 0.039759763 
231 84 9 10 0.039715115 
944 20 8 10 0.039711494 
187 291 14 17 0.039675925 
359 154 10 11 0.039660983 
471 24 7 10 0.039636973 
457 8 7 9 0.03963049 
852 285 12 16 0.039572056 
393 0 9 10 0.039566007 
621 347 15 18 0.039507136 
334 258 11 14 0.03950253 
406 412 12 15 0.039492704 
398 14 7 10 0.03943421 
905 269 12 14 0.039426688 
63 55 7 9 0.03940866 
577 47 7 9 0.03931899 
815 127 12 15 0.039277934 
425 159 9 11 0.03927538 
282 334 14 18 0.039259747 
827 203 13 15 0.03920149 
657 23 9 10 0.039198324 
370 119 8 10 0.03919392 
670 27 9 11 0.039166067 
365 395 13 15 0.039161406 
809 72 9 10 0.039092388 
44 163 12 15 0.03908789 
977 7 8 9 0.03905593 
249 206 9 11 0.038997546 
492 120 9 11 0.038986307 
384 247 10 13 0.038972992 
328 406 11 15 0.03896489 
790 87 9 11 0.038961124 
264 113 8 10 0.038933355 
669 0 10 9 0.038927127 
982 198 11 13 0.03892472 
360 62 7 9 0.03892155 
884 270 11 15 0.038917564 
624 132 10 11 0.038896292 
237 197 11 12 0.03889526 
185 102 9 11 0.03888826 
592 149 11 13 0.038848154 
351 127 9 11 0.038834594 
952 174 11 15 0.03883033 
265 134 9 11 0.03882406 
950 184 13 16 0.03881422 
14 92 9 13 0.03880883 
133 342 13 16 0.038807925 
670 323 13 17 0.0388023 
317 187 12 13 0.038768135 
333 331 14 17 0.038750876 
366 324 12 15 0.038731176 
122 215 11 15 0.038723182 
25 355 19 25 0.038722806 
997 365 13 16 0.03860447 
911 164 10 13 0.038587533 
691 204 12 14 0.038569447 
390 370 11 16 0.038560897 
319 245 11 14 0.038544193 
31 331 11 14 0.038479917 
1005 161 10 13 0.03847822 
647 173 11 13 0.038442004 
4 239 12 14 0.038414694 
859 142 13 16 0.0383973 
760 5 9 10 0.038386766 
767 449 21 28 0.038366 
949 284 12 14 0.038266785 
645 132 11 14 0.038223702 
487 48 9 10 0.03820593 
506 140 10 13 0.038162254 
406 292 12 14 0.038143042 
1014 245 10 14 0.038108606 
783 356 13 17 0.038103998 
282 72 7 9 0.03807896 
608 125 9 11 0.03806315 
561 0 7 8 0.03802346 
265 69 9 11 0.03801545 
640 14 9 11 0.038013764 
494 300 12 15 0.03795426 
778 265 13 16 0.037923027 
775 242 11 14 0.037893217 
822 172 10 13 0.037859105 
286 30 8 11 0.03785184 
607 25 8 9 0.037827514 
190 173 9 10 0.037806354 
741 307 12 16 0.037798252 
470 45 8 9 0.03779275 
940 196 12 15 0.03776237 
652 6 10 11 0.03771294 
285 223 10 13 0.037703868 
393 24 8 9 0.03766564 
639 24 8 10 0.037652522 
129 165 9 11 0.03764828 
144 92 8 11 0.03763257 
878 79 9 12 0.037621986 
724 255 13 16 0.03760782 
742 65 10 12 0.037598673 
717 370 12 16 0.03758352 
367 53 8 10 0.037574753 
61 247 12 14 0.0375705 
144 6 8 10 0.03756939 
369 24 8 9 0.037566487 
544 25 8 10 0.03753596 
1013 394 11 15 0.037525795 
687 110 9 11 0.037525572 
46 150 10 12 0.037523333 
992 186 14 16 0.037489057 
147 457 15 18 0.03743756 
193 87 7 10 0.0374213 
134 230 10 13 0.037379667 
408 110 8 10 0.03734735 
908 575 17 21 0.037332904 
237 244 11 13 0.037308473 
276 308 14 17 0.037292644 
544 180 10 12 0.03729118 
419 402 14 17 0.037194256 
627 278 12 13 0.0371849 
624 40 8 9 0.0371836 
544 1 8 8 0.037172884 
569 78 7 9 0.037158787 
976 103 8 11 0.037146453 
111 573 21 29 0.03712797 
7 446 18 24 0.03712456 
528 102 7 9 0.037112374 
867 186 11 14 0.03708726 
239 328 15 18 0.037073426 
695 137 11 13 0.037071206 
297 61 7 10 0.037064098 
935 88 9 11 0.037017774 
151 87 8 10 0.03699674 
358 180 10 13 0.036982246 
1003 392 15 19 0.036960393 
455 80 7 9 0.036934923 
950 464 21 26 0.036930777 
959 22 9 10 0.036925275 
446 386 11 14 0.036911026 
29 221 12 14 0.03689788 
23 161 12 15 0.036869798 
465 61 8 10 0.036859028 
716 293 14 16 0.03685822 
382 181 10 13 0.036842357 
942 356 12 16 0.036782898 
190 261 11 15 0.036780234 
390 205 11 12 0.036756758 
367 111 8 10 0.036730476 
792 52 9 12 0.036720563 
766 182 9 12 0.036697622 
617 205 9 12 0.036673874 
39 237 12 16 0.036666058 
660 221 10 12 0.03666364 
113 140 7 10 0.03657332 
172 491 13 16 0.0364574 
135 165 9 11 0.036432534 
324 451 15 19 0.03641093 
530 116 8 10 0.036402185 
959 165 11 14 0.036301896 
118 151 8 11 0.036300153 
470 143 9 12 0.03628939 
500 521 15 19 0.03628805 
504 149 10 12 0.036283065 
126 562 13 18 0.036279712 
346 634 15 18 0.03623782 
61 195 13 16 0.036217928 
158 159 9 10 0.036203783 
447 25 8 9 0.03618961 
155 318 15 17 0.036160905 
820 77 10 13 0.03615215 
271 39 7 9 0.036150493 
519 29 8 10 0.036130812 
183 377 13 17 0.036119103 
78 139 10 12 0.0361123 
453 274 12 14 0.036104057 
821 152 13 17 0.0360858 
382 222 11 12 0.036081437 
330 36 9 10 0.0360503 
439 182 10 12 0.03601627 
917 364 12 17 0.036007803 
105 125 8 10 0.035922494 
429 407 14 17 0.03592098 
990 192 12 16 0.035915453 
862 129 12 15 0.035914578 
470 301 11 14 0.035908937 
727 40 9 10 0.035893664 
926 22 9 11 0.035875723 
879 282 13 16 0.035852045 
759 205 12 15 0.035847206 
608 49 9 11 0.035810806 
805 141 11 13 0.035780683 
367 267 12 17 0.035739426 
289 436 13 16 0.035727482 
658 271 14 17 0.03569979 
488 54 7 9 0.035686836 
794 324 13 16 0.035647117 
689 46 8 11 0.03563774 
446 117 8 10 0.035636462 
538 552 16 19 0.03559623 
461 460 14 18 0.03558892 
656 40 9 10 0.035582487 
189 347 12 16 0.035578102 
991 207 11 13 0.035576187 
160 177 9 10 0.035546098 
355 56 8 9 0.03553648 
458 198 13 15 0.03552127 
503 64 7 8 0.035515655 
236 212 12 14 0.035512388 
254 275 14 17 0.035508733 
982 212 11 16 0.035504192 
937 102 9 12 0.03549317 
646 196 10 13 0.035476614 
363 227 12 15 0.035474174 
373 365 12 15 0.03546516 
736 16 9 10 0.035462808 
795 635 14 17 0.035360683 
766 188 10 12 0.03531831 
390 389 12 16 0.035304844 
811 517 14 19 0.035297398 
63 118 10 12 0.03529535 
351 152 10 12 0.03524957 
543 469 12 16 0.035199672 
911 397 13 17 0.03519394 
838 165 11 14 0.035191696 
69 329 13 15 0.035160027 
964 591 14 18 0.035151135 
296 87 8 10 0.035143536 
418 439 16 19 0.035141315 
958 196 11 14 0.035125416 
806 634 14 18 0.035112135 
553 103 8 9 0.03510404 
160 231 10 12 0.035083067 
638 284 13 15 0.035041872 
754 495 14 18 0.03501424 
896 5 8 10 0.035003737 
427 347 12 16 0.034961835 
829 246 13 14 0.034858383 
282 77 8 10 0.034855854 
643 310 15 18 0.03485396 
487 277 10 14 0.034827907 
389 212 10 12 0.034781054 
594 186 14 14 0.034777537 
791 245 11 14 0.03476605 
176 69 8 10 0.034746766 
744 458 23 30 0.03473914 
990 118 9 12 0.034734964 
463 8 7 9 0.03473274 
438 220 11 13 0.034728833 
523 380 13 16 0.034713767 
758 336 13 16 0.034709293 
783 47 9 11 0.03469402 
552 13 8 10 0.034628417 
741 236 11 15 0.034603007 
947 450 17 21 0.034590457 
256 150 9 12 0.03455504 
511 189 11 14 0.03455464 
272 109 9 11 0.03454342 
305 111 8 10 0.034523662 
406 153 18 21 0.03451291 
546 87 7 9 0.034507558 
849 166 11 14 0.03450084 
256 39 8 10 0.03448902 
969 88 9 11 0.034452345 
576 236 10 13 0.03442797 
707 363 14 18 0.03441905 
334 12 8 10 0.0344068 
832 70 8 10 0.03438071 
446 189 10 12 0.03436646 
765 30 9 11 0.034305114 
975 198 11 13 0.034299426 
276 423 14 17 0.034289084 
497 32 7 8 0.03428902 
143 277 11 14 0.03426424 
542 174 10 14 0.034256406 
893 1 9 10 0.034194283 
571 102 8 10 0.034189157 
336 275 10 14 0.0341814 
639 174 11 13 0.034176238 
598 176 10 11 0.034172226 
747 258 13 15 0.03413193 
384 16 7 9 0.034122843 
687 467 19 24 0.034111656 
382 293 11 14 0.034093507 
822 72 9 10 0.034087468 
944 40 8 9 0.034066718 
559 329 12 16 0.034046195 
660 533 15 20 0.03404337 
88 84 8 10 0.034030586 
164 387 12 17 0.034003012 
216 88 7 10 0.033977844 
1 65 12 20 0.033920307 
206 214 10 12 0.033916205 
72 116 9 11 0.033912476 
150 205 10 14 0.033900134 
965 163 11 13 0.033895627 
783 219 10 13 0.03389014 
391 227 11 14 0.033871993 
999 286 10 14 0.03386991 
424 164 9 12 0.03386325 
802 394 15 19 0.03382431 
664 40 9 10 0.03381815 
870 197 11 14 0.033816934 
959 86 9 12 0.03380458 
799 63 9 10 0.03380218 
615 277 11 14 0.03379986 
322 142 9 11 0.03379028 
273 53 9 11 0.033786517 
349 325 15 17 0.033763397 
598 199 12 15 0.033745598 
450 378 11 16 0.033735562 
783 107 10 13 0.033732276 
166 148 9 11 0.033701178 
789 182 12 14 0.03369199 
826 479 17 23 0.033641588 
728 63 8 11 0.033629455 
848 154 12 14 0.033590063 
193 120 8 10 0.033541534 
230 173 11 13 0.033540208 
162 137 8 10 0.0335218 
83 572 14 18 0.033511225 
549 310 11 13 0.033490617 
645 339 14 18 0.033484407 
1013 267 11 15 0.033480596 
309 283 12 16 0.03343942 
863 62 9 11 0.033404242 
278 63 8 9 0.033397894 
54 572 14 18 0.033335574 
14 161 11 15 0.033331793 
779 346 15 18 0.033299338 
972 340 12 15 0.033236235 
1004 425 15 18 0.033225026 
768 64 10 12 0.033223957 
694 228 12 14 0.033222906 
372 323 12 15 0.03322048 
741 268 13 15 0.033203136 
288 126 9 10 0.033201404 
574 158 10 12 0.033185598 
139 247 11 14 0.03313825 
649 62 7 10 0.033133674 
304 385 16 20 0.033132356 
713 261 11 15 0.033115912 
118 302 12 15 0.033115167 
726 93 9 11 0.03310285 
780 200 19 23 0.0331 
205 318 13 18 0.033084497 
353 45 7 10 0.033067048 
300 282 14 18 0.033057008 
669 309 15 20 0.033031806 
888 61 9 11 0.03302695 
744 157 10 13 0.032978497 
53 276 13 16 0.032976605 
906 261 12 15 0.032975227 
703 47 8 10 0.032955453 
623 269 11 14 0.03292695 
960 1 10 10 0.032909542 
512 506 13 16 0.032906067 
725 585 15 21 0.032891944 
208 142 8 10 0.032851756 
156 462 15 18 0.032842234 
916 189 12 14 0.03283918 
623 244 10 14 0.032804623 
928 87 8 10 0.032757428 
887 134 11 13 0.032747816 
853 88 9 11 0.03269267 
996 80 9 10 0.03269129 
879 108 9 12 0.03268786 
965 250 12 16 0.032683816 
416 112 9 11 0.032639593 
610 249 12 15 0.032628857 
126 405 12 16 0.032615025 
699 465 13 18 0.032592114 
46 155 11 15 0.032581627 
526 366 9 13 0.032575723 
60 345 14 17 0.032563657 
646 119 9 12 0.032552663 
670 268 12 15 0.032550726 
215 230 11 14 0.032544162 
670 40 9 11 0.032530323 
932 273 13 14 0.032529727 
359 396 12 17 0.032514986 
736 62 9 11 0.03251056 
154 190 9 12 0.03250171 
33 285 13 16 0.03249279 
589 199 18 22 0.032490596 
470 41 7 8 0.03247787 
548 470 12 16 0.032477032 
440 245 13 17 0.032475937 
362 29 8 10 0.032471895 
1000 347 12 16 0.032467265 
400 32 7 8 0.032457963 
65 133 9 11 0.032418028 
38 254 11 15 0.032414947 
154 143 8 11 0.03240003 
3 226 12 16 0.03239394 
151 499 14 18 0.03239154 
538 79 8 9 0.032334358 
494 141 9 12 0.03230613 
451 300 12 15 0.032303598 
439 173 10 12 0.03228547 
145 395 18 20 0.032267295 
52 232 12 15 0.03222173 
496 64 7 9 0.032201793 
209 152 8 10 0.0321964 
617 15 8 10 0.03219258 
374 156 10 12 0.032190446 
437 198 10 12 0.032170296 
166 102 8 11 0.032154683 
414 46 8 10 0.03215363 
840 238 11 14 0.032147914 
295 16 9 12 0.032138776 
485 309 13 17 0.03213806 
567 1 8 9 0.032080196 
575 189 11 13 0.032078676 
248 253 11 13 0.032054227 
198 331 12 16 0.032054123 
542 213 19 23 0.032004938 
588 538 27 32 0.031997602 
511 79 7 9 0.03197325 
383 64 8 9 0.031958368 
224 319 11 15 0.031946775 
797 349 12 15 0.031942885 
932 116 11 13 0.031928703 
309 275 12 16 0.031922676 
355 23 7 10 0.03190504 
64 41 7 9 0.03190022 
556 182 12 17 0.03189501 
225 53 8 10 0.031889964 
797 356 13 17 0.031856596 
807 427 16 20 0.031853937 
641 0 7 8 0.0318469 
609 68 8 10 0.03184199 
941 189 12 14 0.031826675 
776 150 11 13 0.03180558 
609 31 7 9 0.03179099 
482 405 12 16 0.03178011 
133 28 8 11 0.031737894 
876 136 12 16 0.03173225 
477 1 8 8 0.03171151 
198 276 11 14 0.031709168 
867 476 17 20 0.03168632 
734 462 22 28 0.031684536 
310 228 11 13 0.031653423 
672 251 12 15 0.031651434 
759 161 12 14 0.031648677 
853 162 19 23 0.03164564 
735 223 11 14 0.03163978 
304 208 17 22 0.031638745 
870 21 9 11 0.031634554 
206 229 11 13 0.03163046 
151 197 9 12 0.03161776 
997 197 12 15 0.03160653 
654 13 9 11 0.031561587 
5 195 10 14 0.031558864 
660 333 13 16 0.031545367 
651 476 19 26 0.03154354 
254 101 9 11 0.031537727 
528 150 9 11 0.031531077 
461 559 23 30 0.031517636 
654 330 13 17 0.03149463 
901 125 11 11 0.031468373 
1014 331 10 13 0.03145812 
414 315 13 15 0.031431764 
463 119 8 10 0.031399988 
248 5 9 11 0.031374916 
758 235 11 14 0.031302914 
312 181 10 12 0.031302292 
398 148 10 12 0.03128897 
825 184 11 15 0.03128496 
36 596 15 18 0.03127888 
583 461 13 16 0.03126512 
15 532 13 17 0.031260654 
74 48 6 9 0.03125426 
821 161 13 16 0.031245235 
550 123 10 12 0.031242713 
749 350 13 14 0.031157698 
743 124 10 12 0.031148331 
43 279 13 18 0.031141069 
592 63 8 10 0.031138113 
856 61 9 11 0.031134585 
627 357 13 17 0.03111941 
579 308 12 15 0.031096617 
621 206 10 12 0.031078545 
718 80 10 13 0.031059356 
791 4 9 11 0.031032376 
178 509 20 27 0.031027125 
684 288 14 18 0.031016963 
705 162 18 22 0.030996619 
326 307 12 17 0.030909985 
418 72 7 9 0.030908784 
830 285 12 15 0.030902356 
143 2 8 8 0.030841755 
392 316 10 13 0.030837629 
1013 116 10 13 0.030825395 
1007 36 9 11 0.030764088 
73 208 13 16 0.030752398 
405 299 14 16 0.030749356 
441 143 9 11 0.030745208 
263 57 8 10 0.030738417 
394 16 8 9 0.030709464 
305 196 10 12 0.030691274 
243 338 15 19 0.030680493 
0 86 9 15 0.030648122 
903 193 13 15 0.030631412 
846 395 15 18 0.030626284 
346 389 13 16 0.030613517 
327 63 7 9 0.030582262 
361 99 8 11 0.030578807 
229 227 10 13 0.030555949 
55 183 18 22 0.030540828 
709 229 11 13 0.030527975 
22 231 12 14 0.030517029 
173 182 11 12 0.030506967 
817 232 13 16 0.030495187 
613 367 14 18 0.030479185 
161 236 10 13 0.030450234 
686 132 10 13 0.030444289 
233 64 7 9 0.03039398 
858 364 12 15 0.03038522 
202 554 14 19 0.03038202 
504 71 7 8 0.03038116 
429 362 13 16 0.030367643 
704 276 12 15 0.030347733 
960 54 8 9 0.03030649 
275 98 19 22 0.030280255 
563 210 12 15 0.030277554 
996 329 13 15 0.030247873 
1006 369 19 26 0.030237574 
217 112 8 9 0.03018355 
398 72 7 9 0.030182678 
447 212 12 14 0.03017736 
809 80 18 21 0.030124007 
579 368 15 19 0.030119624 
399 5 9 11 0.0300936 
928 29 8 10 0.030084906 
636 467 22 28 0.030078601 
711 132 10 13 0.030059263 
474 192 9 13 0.03005569 
446 256 13 16 0.030049236 
728 412 11 15 0.030041674 
137 94 8 10 0.030010512 
732 28 9 11 0.030006709 
897 386 13 18 0.029995898 
440 26 7 8 0.029991077 
202 184 9 12 0.029973248 
989 357 13 16 0.02995799 
835 480 14 20 0.029946974 
201 109 8 10 0.029941725 
734 269 11 14 0.02993537 
78 101 8 10 0.02993458 
566 12 8 10 0.02989354 
225 140 10 12 0.0298498 
280 159 10 12 0.029848054 
608 141 10 12 0.029846834 
654 181 10 12 0.029836398 
598 142 10 12 0.029835183 
552 79 7 9 0.02980763 
159 254 12 14 0.029792741 
778 29 8 11 0.029791819 
510 417 14 17 0.029784776 
156 620 13 17 0.029781457 
265 103 8 10 0.029752975 
475 490 20 26 0.02974751 
774 63 10 11 0.029714644 
568 235 10 13 0.029712081 
878 69 9 11 0.029702645 
999 15 8 10 0.029671006 
526 330 11 14 0.029657917 
651 431 14 19 0.029633304 
519 190 10 13 0.029626152 
493 166 10 12 0.029585525 
513 73 6 8 0.02956694 
570 112 9 11 0.02953568 
964 341 13 16 0.029503198 
776 53 9 11 0.029482737 
258 362 13 18 0.029472847 
575 182 10 13 0.02946371 
177 174 9 10 0.029441696 
153 166 9 11 0.029434789 
188 301 13 15 0.029401239 
236 384 15 18 0.029380085 
56 175 10 11 0.02936913 
288 46 7 10 0.029343737 
962 16 8 10 0.029322848 
19 534 15 19 0.029304817 
670 6 10 12 0.029282147 
947 527 15 21 0.029260593 
745 177 11 15 0.029259475 
783 229 11 13 0.029250737 
57 25 7 10 0.029223777 
570 135 9 11 0.029176481 
812 114 13 14 0.029172229 
831 78 9 12 0.029169582 
603 229 11 14 0.029148996 
375 183 10 12 0.029137162 
353 332 14 16 0.029098552 
339 253 11 14 0.029094215 
1016 87 8 11 0.029091796 
645 156 11 15 0.029061329 
531 564 15 21 0.02905022 
1004 141 10 12 0.029012717 
258 78 8 11 0.02899883 
919 6 9 10 0.02899479 
961 147 11 14 0.028976833 
0 406 9 14 0.028975626 
522 477 15 20 0.02897215 
731 301 12 15 0.028960925 
502 246 11 13 0.028951868 
277 94 10 12 0.02894231 
654 228 11 13 0.02893691 
264 143 9 11 0.02892807 
399 236 12 14 0.02890538 
240 1 9 10 0.028904662 
376 85 8 11 0.028903347 
296 222 10 14 0.028902918 
254 255 18 23 0.02888274 
374 475 13 18 0.028875032 
408 71 7 9 0.028869007 
1014 131 9 13 0.028868001 
926 104 9 11 0.028848575 
171 352 15 19 0.028835874 
772 354 13 18 0.02882425 
903 109 11 13 0.028818732 
244 182 10 14 0.02881727 
653 215 10 12 0.02881202 
824 62 9 10 0.028796073 
948 357 13 16 0.028794892 
399 126 9 11 0.028786868 
408 134 8 11 0.02875648 
132 206 11 13 0.028730568 
104 183 9 12 0.02870266 
21 284 12 14 0.028659517 
28 230 12 13 0.028659202 
445 347 12 14 0.028632334 
167 177 8 10 0.028607834 
389 286 12 14 0.028606402 
948 261 12 15 0.028604766 
805 117 12 15 0.028591236 
199 346 14 18 0.028585263 
376 8 8 9 0.028561173 
437 229 11 13 0.028555354 
304 160 9 11 0.028533535 
607 191 11 13 0.028524298 
3 547 13 17 0.028523294 
135 136 8 10 0.028497526 
833 397 15 19 0.028474389 
788 22 9 12 0.02847115 
408 29 7 9 0.028470937 
358 206 12 14 0.028461033 
583 125 9 11 0.028447462 
966 374 12 15 0.02844517 
458 237 11 14 0.028430054 
703 284 11 14 0.028423207 
744 141 10 12 0.028378677 
397 104 9 10 0.028370423 
293 245 11 14 0.028368412 
804 266 13 17 0.02836609 
6 143 11 14 0.02833363 
204 617 17 19 0.028324263 
331 435 15 18 0.028319368 
578 240 18 22 0.028299058 
877 309 11 14 0.028289892 
878 379 14 19 0.028253553 
840 32 8 10 0.028251356 
839 69 9 11 0.028188782 
711 101 9 11 0.02817084 
965 380 13 17 0.028154073 
894 179 12 15 0.028148852 
0 429 12 15 0.028140329 
817 301 19 25 0.028129254 
505 39 8 11 0.02810425 
326 76 9 11 0.028103812 
648 259 13 17 0.028086117 
718 39 8 10 0.028084112 
426 133 11 12 0.028063614 
270 450 14 17 0.028062042 
14 150 12 15 0.0280513 
971 348 13 16 0.0280387 
189 421 13 17 0.028037503 
79 86 8 10 0.028036326 
880 0 10 9 0.028034532 
622 329 13 17 0.028029734 
1007 180 11 13 0.028027328 
763 332 12 16 0.02802214 
659 385 15 19 0.02799558 
175 116 8 10 0.027993958 
900 243 12 14 0.027977783 
815 294 11 14 0.027966902 
820 398 17 22 0.027960146 
557 135 9 12 0.027948722 
422 250 12 14 0.027933713 
53 79 8 9 0.027922038 
829 428 14 17 0.027910171 
144 135 7 9 0.027882228 
449 126 8 11 0.027869813 
942 3 9 11 0.027863119 
742 213 11 14 0.027862385 
151 135 8 10 0.027854616 
127 158 9 11 0.027829604 
150 238 10 13 0.027827628 
164 488 13 18 0.027823722 
670 62 9 11 0.027812054 
392 78 8 10 0.027792288 
297 30 8 11 0.027787777 
904 54 9 11 0.027774975 
401 39 7 9 0.02775115 
301 30 8 10 0.027739085 
437 188 10 12 0.027739068 
278 300 12 15 0.027733687 
548 315 10 15 0.027711853 
712 440 14 17 0.027704878 
279 198 11 13 0.027654696 
391 38 7 9 0.027652834 
144 286 12 16 0.027600303 
686 142 9 12 0.027596604 
129 119 7 10 0.027596517 
143 126 8 10 0.02758841 
658 29 9 11 0.027585834 
431 397 11 13 0.027585816 
162 480 14 18 0.0275817 
422 138 10 12 0.027556626 
153 159 9 11 0.027551394 
304 0 8 9 0.027549809 
433 25 7 8 0.027515395 
386 185 18 23 0.027510416 
855 52 11 12 0.02750836 
695 24 9 12 0.027505739 
653 407 14 19 0.027498724 
0 444 14 17 0.027492534 
50 86 7 10 0.02748846 
664 165 9 11 0.027459824 
568 253 10 14 0.027418006 
925 519 17 20 0.027414884 
77 268 11 14 0.027354734 
4 485 14 17 0.027335772 
782 566 14 20 0.027332708 
751 13 8 10 0.027319515 
550 29 7 9 0.027317751 
175 331 14 17 0.027315374 
136 156 9 12 0.027314229 
662 426 16 22 0.027275767 
625 5 9 11 0.027269708 
198 87 8 11 0.027254678 
22 70 8 11 0.027242072 
37 331 12 15 0.027235214 
642 419 14 18 0.027216643 
621 127 10 12 0.027209325 
821 294 12 14 0.02719372 
2 182 12 17 0.027192961 
918 16 7 10 0.027189367 
18 399 15 17 0.027172295 
96 209 11 14 0.027167859 
525 32 8 10 0.02716735 
822 284 12 14 0.027158137 
814 182 10 13 0.027158003 
773 337 15 21 0.02714665 
918 409 14 19 0.027143314 
215 101 9 10 0.027135162 
998 355 13 16 0.027133161 
840 78 9 12 0.027132384 
982 374 11 14 0.027108565 
225 98 8 9 0.02708623 
704 53 9 12 0.027061481 
966 54 8 10 0.027035573 
927 277 13 15 0.027025107 
336 73 9 10 0.027020665 
271 441 15 18 0.026997415 
256 32 7 10 0.026993485 
755 146 17 22 0.0269912 
374 229 12 13 0.026985152 
690 439 15 19 0.02697313 
576 140 10 12 0.02696458 
1 290 12 17 0.02693874 
337 61 8 10 0.026925007 
943 31 7 9 0.02691228 
100 275 13 17 0.026908247 
736 174 9 12 0.026894707 
660 292 13 15 0.026883572 
358 343 21 25 0.026828451 
85 228 13 16 0.026789328 
610 377 14 18 0.026785646 
726 213 11 13 0.026743913 
173 339 14 19 0.026743615 
977 53 8 10 0.026742851 
886 116 11 12 0.02674256 
454 476 13 16 0.026740793 
966 299 12 16 0.026738117 
738 66 18 22 0.02672361 
518 328 12 15 0.026718777 
332 165 10 12 0.026695872 
367 6 8 10 0.026691277 
23 576 25 29 0.02666185 
806 203 11 14 0.026641311 
281 12 8 11 0.026623273 
189 330 15 18 0.026616484 
993 63 9 12 0.02661027 
980 277 13 15 0.026584215 
623 167 9 12 0.026580768 
74 101 8 10 0.02657116 
321 235 12 14 0.026564943 
720 1 8 9 0.026564267 
233 160 9 11 0.026539093 
424 413 14 17 0.026508708 
52 215 12 13 0.02650718 
863 595 13 18 0.026497312 
371 348 11 15 0.026496472 
447 331 12 15 0.026484838 
759 250 12 14 0.026476927 
222 207 10 13 0.026449662 
202 104 7 10 0.026449447 
461 189 12 14 0.026426181 
911 440 14 18 0.026408508 
915 277 12 15 0.02640604 
965 14 9 10 0.026404807 
490 494 20 26 0.026400587 
318 85 9 11 0.026398238 
837 571 13 18 0.026395818 
918 358 12 16 0.026384631 
827 352 14 19 0.02637765 
617 280 20 23 0.026371304 
710 282 13 15 0.026359674 
761 320 14 18 0.026344001 
552 25 8 10 0.026342275 
791 237 11 14 0.026331652 
368 642 14 19 0.02630991 
447 180 9 12 0.026309691 
850 335 15 20 0.026298791 
86 148 10 13 0.026261428 
455 1 8 9 0.026239991 
811 265 13 16 0.026228366 
104 120 8 10 0.026225753 
361 6 8 10 0.026218802 
383 8 8 9 0.026208133 
599 124 10 11 0.02619601 
710 370 13 17 0.026171256 
489 96 7 9 0.026169093 
600 13 8 10 0.026168095 
989 124 9 11 0.02616128 
647 1 9 10 0.026156455 
641 78 9 12 0.026155304 
475 379 11 14 0.02614418 
887 347 13 15 0.026139382 
107 272 14 18 0.026111985 
446 144 9 11 0.026104588 
129 257 12 15 0.026078725 
847 70 9 11 0.026059486 
302 148 10 13 0.026056547 
680 551 16 22 0.026051017 
630 90 18 22 0.026045233 
1011 435 13 18 0.026036188 
397 361 12 16 0.02602816 
261 338 15 17 0.026018435 
964 466 13 18 0.02600027 
413 290 13 14 0.02597007 
28 489 12 16 0.025960285 
551 166 10 12 0.025953092 
879 299 11 14 0.025945388 
171 188 11 14 0.025925511 
455 126 9 11 0.025915481 
806 62 9 11 0.025879996 
1015 158 9 14 0.025873927 
790 200 20 24 0.025864998 
1006 309 11 14 0.025845317 
421 273 20 25 0.025836239 
525 373 11 13 0.025829948 
853 350 13 16 0.025816895 
1015 71 7 11 0.025814101 
561 14 7 10 0.025756214 
240 69 8 10 0.02574551 
597 154 10 14 0.025744222 
525 418 12 16 0.025739362 
902 134 12 14 0.02572963 
642 6 8 11 0.025722783 
405 328 19 24 0.025719114 
475 16 7 8 0.02568704 
456 39 8 10 0.025671948 
972 141 10 14 0.025670614 
448 219 12 14 0.025659885 
872 9 8 10 0.02565683 
118 156 9 11 0.025654534 
438 366 14 16 0.025651326 
88 112 8 10 0.02564764 
924 313 13 15 0.025617765 
184 144 8 9 0.025603026 
109 196 10 13 0.025572093 
379 298 12 15 0.025569076 
447 437 13 17 0.025568921 
423 272 12 14 0.025568064 
804 161 13 16 0.025553945 
972 624 38 49 0.02555042 
230 109 9 10 0.025517037 
191 62 8 11 0.025493564 
607 196 9 13 0.025492983 
404 570 24 30 0.02549225 
924 387 14 17 0.025473395 
843 514 14 21 0.025473261 
336 401 19 23 0.025470119 
454 466 14 17 0.025453957 
911 206 12 14 0.025422376 
973 69 9 11 0.025419304 
312 21 8 11 0.025400681 
911 252 10 15 0.025392627 
405 141 10 12 0.025389481 
672 212 11 14 0.025372002 
984 344 13 17 0.025335204 
831 61 10 11 0.025317084 
956 337 13 17 0.025307313 
701 138 10 13 0.025305672 
983 61 9 11 0.025292592 
31 142 11 14 0.025275597 
794 38 10 13 0.025274059 
975 384 14 18 0.025263177 
428 244 13 16 0.025254613 
359 254 12 14 0.02525338 
886 84 9 11 0.025237357 
287 149 10 12 0.025231207 
415 23 7 9 0.025225854 
76 199 12 15 0.025212279 
806 0 8 9 0.025206164 
201 120 8 10 0.02519796 
806 173 11 14 0.025196351 
511 45 8 10 0.025187662 
363 39 8 11 0.025177812 
464 361 19 24 0.025172666 
10 152 19 25 0.025163807 
1014 307 10 14 0.025157385 
246 462 14 17 0.025148382 
326 187 10 13 0.025147252 
697 13 8 11 0.025123622 
935 530 22 32 0.025118776 
651 246 12 14 0.025087329 
608 2 9 9 0.025081659 
138 110 7 9 0.025078058 
994 434 22 27 0.025073174 
382 308 11 14 0.025066985 
269 315 16 21 0.02506377 
321 30 8 10 0.02505219 
781 408 13 17 0.024998084 
284 401 14 18 0.0249824 
973 473 14 19 0.024975803 
551 1 8 9 0.024965847 
997 213 11 14 0.024956366 
263 288 12 15 0.024954828 
17 205 12 14 0.024953453 
456 92 8 10 0.024930904 
429 371 11 15 0.024929969 
522 64 7 8 0.02490564 
246 172 10 12 0.024903627 
270 489 15 17 0.024900509 
482 47 7 9 0.024897253 
72 152 10 13 0.024885627 
836 181 12 15 0.024882745 
724 491 16 20 0.024870483 
306 6 9 11 0.024860939 
367 287 13 15 0.024822889 
728 14 8 11 0.024811279 
638 69 9 10 0.024777483 
765 46 9 11 0.024764355 
254 112 9 11 0.02474707 
918 346 14 17 0.024736205 
675 228 12 14 0.024710007 
497 38 7 10 0.024707625 
959 348 14 17 0.024703737 
143 104 8 11 0.024696998 
254 157 8 11 0.024692977 
145 324 14 17 0.024684444 
655 537 22 30 0.024678156 
935 205 11 13 0.024678012 
590 95 8 11 0.02465509 
298 370 20 27 0.024634436 
309 426 12 17 0.024620786 
245 353 14 18 0.02457311 
566 164 10 12 0.02455745 
289 188 10 12 0.024514312 
534 329 12 15 0.024500588 
245 189 10 12 0.024494464 
760 22 9 11 0.024487607 
283 298 13 15 0.024476191 
589 458 13 18 0.02447527 
653 84 8 11 0.024473656 
58 55 7 10 0.024465585 
37 212 12 15 0.02446551 
375 38 7 9 0.024446895 
118 269 12 15 0.024445225 
950 0 10 10 0.024435638 
316 385 14 18 0.024434842 
972 413 13 17 0.024425006 
567 24 7 9 0.024422456 
465 278 10 14 0.024396395 
792 30 8 10 0.024385115 
8 101 10 13 0.024379235 
789 350 13 16 0.024372222 
337 395 13 17 0.024355384 
53 528 16 19 0.024337191 
727 325 12 15 0.024332274 
912 228 11 15 0.024308963 
15 616 16 22 0.02430349 
617 283 12 14 0.024295796 
624 65 7 10 0.024288481 
752 61 9 11 0.024282591 
994 396 16 20 0.0242649 
924 379 14 17 0.024234163 
388 243 19 22 0.024230352 
983 158 11 14 0.024226462 
717 111 10 13 0.024208114 
826 558 15 21 0.024204344 
624 252 11 13 0.02418321 
0 580 9 15 0.024176829 
855 313 12 17 0.024159854 
374 339 12 16 0.02414277 
193 132 8 10 0.0241362 
340 296 14 18 0.024130823 
903 270 21 24 0.02411918 
518 6 8 10 0.024118641 
506 222 12 17 0.02410888 
111 53 8 9 0.02409751 
741 52 9 11 0.024073016 
309 238 11 12 0.024067536 
975 206 11 14 0.024066744 
237 177 11 13 0.024060972 
442 95 7 10 0.024052583 
515 454 16 20 0.024051707 
824 136 19 21 0.024041422 
954 30 8 11 0.024024842 
454 104 8 10 0.024019886 
247 78 8 10 0.0240151 
399 56 7 9 0.02400583 
215 182 9 11 0.024002865 
898 286 13 15 0.02399148 
715 154 12 15 0.02399114 
730 103 9 11 0.023948183 
729 440 17 22 0.02394553 
95 124 8 11 0.023944737 
108 205 11 13 0.023944588 
387 468 14 20 0.023929503 
398 174 10 12 0.023920408 
933 386 13 17 0.023906529 
465 223 18 23 0.023899082 
653 174 10 12 0.023897393 
822 31 8 10 0.023893423 
734 1 9 9 0.023891386 
798 53 10 11 0.023879657 
802 94 9 11 0.023872323 
220 348 14 19 0.023871133 
538 561 15 19 0.02385738 
429 219 10 12 0.023836741 
518 47 9 10 0.023834705 
960 286 11 13 0.02381904 
460 331 12 14 0.02381619 
575 39 7 9 0.02381612 
722 444 18 22 0.023795456 
2 359 14 20 0.02379279 
917 419 15 21 0.023783885 
913 30 9 10 0.023756523 
584 280 11 15 0.02373179 
885 330 14 17 0.023725744 
126 270 12 14 0.023699086 
942 462 20 27 0.023651645 
241 41 8 10 0.023641638 
663 147 10 13 0.023638144 
949 132 12 16 0.023629516 
419 17 7 9 0.023588052 
23 257 13 15 0.023571918 
174 361 15 19 0.023567481 
839 55 9 10 0.023556713 
781 476 16 20 0.023552708 
47 200 13 15 0.023548981 
894 96 10 12 0.023543807 
776 198 10 13 0.023541812 
415 140 10 12 0.023526873 
823 38 10 11 0.023521787 
573 54 8 10 0.023518046 
334 188 10 13 0.02350144 
952 124 12 15 0.023495248 
488 172 10 14 0.023474308 
47 387 13 17 0.02346852 
376 48 7 9 0.02345933 
845 62 10 11 0.023454292 
878 315 12 16 0.023452083 
670 291 15 17 0.02345121 
527 538 13 17 0.023444086 
384 140 9 11 0.023419209 
53 224 19 25 0.023385154 
-1 120 10 16 0.023379687 
544 148 10 12 0.023360657 
337 499 18 21 0.023356155 
20 269 12 15 0.023344658 
25 310 11 15 0.023326559 
733 484 14 19 0.02330849 
16 477 13 17 0.02330284 
886 54 10 12 0.02329786 
149 212 11 13 0.023294233 
909 94 11 13 0.023287786 
289 95 8 11 0.023277104 
663 301 14 16 0.023266863 
973 154 12 15 0.02324625 
895 357 12 16 0.023243278 
751 157 11 14 0.023204556 
408 53 7 10 0.023196569 
513 57 7 9 0.023184752 
716 555 15 21 0.023179017 
749 235 12 15 0.023178296 
877 372 13 17 0.02317281 
1007 331 11 14 0.023168148 
660 307 14 20 0.02316588 
947 536 16 22 0.023155326 
184 63 9 11 0.023140036 
645 331 14 18 0.023133531 
72 461 13 17 0.023128955 
424 218 10 12 0.02312556 
956 330 13 16 0.023109816 
793 476 16 20 0.023103422 
289 407 20 27 0.023099216 
1014 46 8 12 0.023087563 
536 72 8 11 0.02307878 
64 46 7 9 0.02307541 
909 461 13 17 0.023072658 
808 102 10 13 0.02304503 
106 426 13 17 0.02303689 
919 69 9 11 0.023005808 
13 482 13 17 0.023003252 
918 149 10 13 0.022986349 
40 148 10 13 0.02297554 
57 40 7 9 0.022941723 
1 330 13 17 0.022939902 
55 341 13 16 0.022935422 
956 402 13 16 0.02292415 
798 173 12 14 0.02291041 
439 171 250 254 0.022909818 
940 179 12 14 0.022903096 
750 221 11 15 0.02289627 
238 147 19 23 0.022893092 
909 330 14 16 0.022888284 
877 362 13 16 0.022869445 
579 467 15 18 0.022848092 
128 451 13 18 0.022840869 
497 281 11 13 0.022839485 
473 178 11 15 0.022835348 
852 388 13 18 0.022828368 
108 214 11 14 0.022815658 
822 486 16 22 0.022809468 
511 563 17 22 0.022797972 
559 156 11 14 0.0227946 
61 354 15 18 0.022789974 
174 14 9 11 0.022774873 
788 150 19 22 0.022767633 
163 322 13 16 0.022749009 
50 39 7 9 0.022745166 
774 171 11 13 0.022732481 
738 101 18 23 0.022723539 
591 126 9 10 0.022718426 
782 180 11 14 0.022717059 
173 324 13 17 0.022715144 
119 562 14 18 0.022694245 
136 103 7 9 0.022681711 
794 466 16 20 0.022681024 
487 33 8 8 0.022679403 
835 188 11 16 0.022673901 
849 266 13 17 0.022662899 
183 416 14 17 0.022652034 
702 556 14 17 0.02263575 
293 427 13 17 0.022634739 
63 124 10 13 0.022634149 
462 147 11 13 0.022633495 
881 164 11 15 0.022624804 
210 342 15 18 0.022609197 
632 319 11 15 0.022602292 
351 270 11 14 0.022593541 
876 350 12 15 0.02259107 
541 535 19 28 0.022589777 
209 166 8 11 0.02253934 
770 154 19 23 0.02252737 
168 115 8 11 0.02251754 
200 150 8 10 0.022510061 
469 223 10 13 0.022504076 
1005 243 14 17 0.02246877 
157 259 12 14 0.022458928 
464 2 8 8 0.022449538 
782 386 16 20 0.022433763 
671 165 9 13 0.022427648 
787 216 13 16 0.02240402 
452 484 13 18 0.022390435 
202 93 7 10 0.022376586 
1 152 17 23 0.02236799 
320 124 9 11 0.022362279 
304 652 15 19 0.022362266 
193 254 12 15 0.022358188 
408 41 8 9 0.022332316 
388 340 12 16 0.022315018 
462 180 11 14 0.022313628 
229 460 14 17 0.022296015 
294 276 13 17 0.022293152 
9 492 14 17 0.022270259 
416 31 6 8 0.022269512 
1007 15 7 10 0.022253033 
534 340 11 15 0.022248283 
952 21 8 11 0.022247734 
972 428 18 24 0.022234654 
418 452 17 20 0.022229806 
598 106 19 23 0.022222932 
997 234 15 17 0.022220632 
744 150 11 13 0.022218632 
153 149 8 11 0.022207534 
150 280 12 15 0.02219961 
628 435 21 27 0.022198845 
216 208 9 12 0.022195293 
488 39 7 9 0.022192894 
240 63 8 11 0.022178257 
227 521 13 18 0.022177251 
161 103 7 10 0.022175664 
984 173 12 16 0.022149092 
54 87 8 10 0.022139173 
963 288 20 24 0.022131413 
863 470 16 21 0.022120755 
406 1 8 9 0.022114879 
674 113 18 23 0.0221135 
311 1 9 9 0.02209896 
280 114 242 244 0.022073379 
221 14 8 11 0.022057904 
481 56 7 9 0.022039397 
390 310 10 13 0.022012398 
634 421 19 24 0.022005485 
104 134 8 10 0.021996364 
743 0 8 9 0.021987852 
479 22 7 10 0.021985829 
782 52 9 11 0.021985035 
45 268 12 14 0.021973176 
703 205 12 13 0.021969495 
950 293 12 14 0.021962482 
829 163 12 14 0.021958364 
872 78 9 13 0.021941172 
707 404 15 18 0.02192951 
481 76 9 11 0.021928621 
1008 196 11 14 0.021927886 
439 390 11 14 0.021927282 
719 236 11 15 0.021924065 
736 191 11 15 0.021917269 
575 195 11 15 0.021907093 
705 1 10 10 0.021893635 
562 31 7 9 0.021883635 
342 189 11 13 0.021882676 
330 48 7 10 0.02187635 
869 309 13 16 0.021864772 
774 141 11 12 0.021860724 
42 60 8 11 0.021844272 
785 462 21 26 0.021839537 
804 39 11 13 0.02183171 
75 261 12 15 0.021831067 
1015 31 8 12 0.021823356 
907 97 18 22 0.02180584 
343 237 10 13 0.021801945 
103 230 11 14 0.021778973 
659 412 14 17 0.021770721 
311 270 11 14 0.02176092 
822 94 9 10 0.02175312 
990 365 12 14 0.02175116 
629 269 12 16 0.021750268 
39 221 12 14 0.02173779 
190 236 10 13 0.02173413 
454 135 18 21 0.021725506 
487 300 12 14 0.021678703 
512 61 7 9 0.02165997 
351 131 18 22 0.021645375 
222 151 10 10 0.021640824 
263 147 19 22 0.021630712 
644 231 11 13 0.021622006 
408 449 15 18 0.021614758 
929 16 8 10 0.021607377 
1016 142 8 11 0.021603808 
538 114 19 21 0.02160135 
72 153 18 22 0.02160057 
201 144 8 10 0.021591224 
275 442 20 26 0.021584764 
535 62 7 9 0.02158263 
74 252 12 14 0.02157808 
4 538 13 17 0.021569297 
79 172 12 14 0.021564165 
656 72 9 11 0.021552285 
159 352 14 18 0.021548538 
973 182 11 14 0.0215409 
837 356 13 17 0.021535804 
261 463 19 26 0.02153449 
465 377 12 16 0.021532426 
358 127 9 10 0.021529661 
526 180 10 13 0.021523226 
566 323 13 16 0.02152098 
129 373 21 27 0.021517707 
844 137 11 12 0.02149329 
560 487 15 19 0.021470048 
871 62 8 11 0.021461297 
338 111 9 10 0.0214527 
45 141 10 13 0.021449674 
456 61 6 9 0.021438207 
430 165 9 11 0.02143301 
632 231 12 14 0.02142946 
768 53 8 11 0.021425983 
237 136 9 11 0.021385517 
623 214 10 13 0.021379879 
477 366 11 15 0.02137973 
838 213 12 14 0.021356596 
70 63 8 10 0.021355093 
0 476 11 14 0.021353947 
649 110 9 13 0.021350676 
598 32 8 9 0.021342108 
212 573 12 15 0.021338763 
836 300 14 17 0.02132934 
814 24 9 11 0.021318354 
884 596 27 34 0.021301653 
96 113 8 11 0.021296479 
696 110 9 12 0.02129016 
183 78 8 10 0.021279845 
506 136 19 21 0.02127743 
844 376 15 20 0.021272454 
352 203 10 13 0.021255745 
493 340 12 16 0.02125523 
939 518 21 30 0.021254046 
742 205 10 14 0.021249138 
854 219 12 15 0.021247674 
474 323 11 13 0.021240987 
245 245 10 13 0.021237856 
46 214 12 14 0.021237547 
398 433 13 17 0.021228611 
270 31 8 10 0.02122836 
822 102 10 12 0.02122022 
125 279 19 23 0.02120624 
872 85 8 10 0.021190206 
758 83 19 24 0.021172984 
751 324 14 18 0.021167332 
43 241 13 16 0.021163445 
199 61 8 11 0.021156052 
558 573 24 29 0.021145036 
990 576 16 23 0.021136157 
797 530 14 19 0.021131989 
456 45 8 10 0.021115983 
831 84 9 11 0.021114476 
35 588 16 19 0.021109514 
152 45 8 10 0.021100529 
224 84 8 10 0.021059858 
85 133 9 10 0.021058142 
944 46 9 11 0.021049973 
532 149 12 12 0.021037681 
485 285 10 13 0.02102265 
743 134 10 13 0.02101902 
125 88 8 9 0.021011945 
283 307 14 17 0.021001035 
516 164 10 14 0.020997982 
498 167 18 22 0.020987317 
189 275 13 15 0.020978853 
320 149 9 12 0.020972928 
776 299 11 15 0.02096959 
206 286 12 14 0.02095876 
60 570 15 19 0.020951292 
437 5 9 11 0.020947946 
428 456 13 18 0.02093808 
493 15 8 10 0.020936115 
419 577 24 29 0.020924963 
133 445 15 19 0.02092384 
183 23 10 11 0.0209227 
615 94 10 12 0.020919742 
185 55 9 10 0.020910047 
703 236 12 16 0.020897422 
-1 520 16 24 0.02089636 
80 181 11 14 0.020893803 
891 334 15 18 0.020870926 
587 177 17 22 0.020867774 
166 373 12 16 0.020863302 
1006 289 12 15 0.020861238 
848 172 11 14 0.020852039 
407 212 11 13 0.020850508 
625 33 8 10 0.020823399 
918 37 9 12 0.020821545 
471 273 12 14 0.020820739 
93 376 15 20 0.02081762 
604 284 11 14 0.020812355 
870 30 8 9 0.02081096 
558 362 12 17 0.020753173 
107 48 6 9 0.020752637 
600 253 11 13 0.020749114 
200 606 12 15 0.020732662 
388 276 13 14 0.02072077 
997 174 21 26 0.020720297 
427 388 11 16 0.02071704 
14 230 12 14 0.020707931 
162 30 8 11 0.020703832 
366 442 13 19 0.020698719 
253 1 9 9 0.020694202 
880 54 9 11 0.0206933 
495 0 8 9 0.0206556 
698 473 14 20 0.0206512 
71 173 11 13 0.020637687 
460 242 12 15 0.02061332 
493 213 12 15 0.020596044 
128 150 8 10 0.020588987 
917 388 15 18 0.020583855 
447 134 9 11 0.020580905 
952 48 8 10 0.020569185 
994 383 15 17 0.020563187 
280 1 8 9 0.020561824 
839 37 9 11 0.020551477 
510 197 11 15 0.020546608 
12 142 11 13 0.020541051 
927 164 11 14 0.020536136 
221 349 21 30 0.02052552 
902 1 9 9 0.020515312 
429 262 11 14 0.020513916 
708 113 18 22 0.020508997 
684 240 12 16 0.020507976 
575 33 8 9 0.020502176 
80 49 7 9 0.020492444 
796 244 11 15 0.02049077 
514 18 7 9 0.020482881 
439 259 12 15 0.020473726 
582 148 11 13 0.02046348 
458 212 11 14 0.020434594 
830 174 12 13 0.020431597 
644 247 19 24 0.020385124 
125 339 14 18 0.020380307 
942 360 18 25 0.020363484 
118 404 15 19 0.020356972 
799 5 9 10 0.020340139 
765 208 12 15 0.02033987 
254 236 10 12 0.020317629 
73 140 9 11 0.020302825 
864 30 8 10 0.020297576 
433 296 18 22 0.020286826 
557 355 12 16 0.020275006 
239 80 9 10 0.020272145 
774 380 13 16 0.020259773 
451 499 15 19 0.020257704 
583 47 7 9 0.020229507 
88 166 19 24 0.02022774 
940 325 13 16 0.020227611 
507 233 12 15 0.02022737 
164 409 15 19 0.02022199 
826 126 12 15 0.020206654 
584 22 8 10 0.020199252 
65 111 9 12 0.020197622 
190 95 9 10 0.020196559 
723 367 16 20 0.020182211 
687 79 8 11 0.020179896 
831 54 10 11 0.020174999 
254 171 11 13 0.020174926 
727 117 10 12 0.020168139 
524 245 13 15 0.020167505 
758 61 9 11 0.020156158 
487 121 19 23 0.020154744 
27 603 25 32 0.02015196 
79 111 8 11 0.020145029 
183 120 9 10 0.0201383 
693 371 14 16 0.020138223 
716 205 12 14 0.020136304 
159 179 20 24 0.020116718 
119 104 8 10 0.020114033 
956 372 12 16 0.020100376 
691 173 10 13 0.020097112 
784 1 9 10 0.020081803 
822 110 10 12 0.020078141 
119 252 11 13 0.020075638 
97 160 9 11 0.020072794 
1006 88 10 12 0.020070406 
439 168 8 11 0.020053841 
630 0 9 10 0.0200478 
774 180 11 14 0.020041779 
497 23 7 9 0.020040913 
1014 37 9 11 0.020030627 
542 311 12 16 0.020024676 
753 114 17 21 0.02002458 
999 635 22 32 0.02000081 
