2_Demonstration_Demonstrators_2_518
103
87 252 58 81 0.9994723 
943 420 59 81 0.9983783 
978 259 45 66 0.9959032 
390 142 49 61 0.99545926 
473 146 49 59 0.9909764 
622 414 48 58 0.9860599 
759 51 30 44 0.9809225 
190 0 28 30 0.9745948 
698 144 33 45 0.9635323 
936 48 29 36 0.9219302 
553 139 32 42 0.8942396 
239 198 38 63 0.74220634 
339 154 37 59 0.7348342 
195 295 37 56 0.6344101 
836 85 27 38 0.5569013 
600 133 42 56 0.25401446 
578 134 43 57 0.22486031 
1006 634 18 33 0.2072752 
190 204 45 64 0.20135477 
743 130 30 38 0.18330888 
211 201 43 61 0.17982134 
312 157 41 59 0.16229741 
173 293 44 61 0.14888887 
187 473 49 78 0.13345732 
729 135 39 53 0.115505084 
769 260 45 50 0.10321732 
528 58 30 43 0.099838324 
392 443 25 38 0.0943847 
453 147 35 46 0.089873165 
514 2 20 18 0.08831582 
713 140 31 44 0.086211845 
921 53 35 39 0.08224974 
834 283 17 22 0.080965444 
290 281 35 43 0.07743103 
498 6 19 21 0.07701422 
954 120 15 20 0.07662521 
618 136 27 37 0.06406452 
265 199 51 67 0.062127247 
1 80 26 41 0.061001424 
1005 83 18 30 0.05800204 
810 83 35 41 0.05710469 
862 13 42 53 0.0566987 
682 144 33 40 0.054991383 
605 78 23 26 0.050851624 
616 144 37 52 0.04946365 
153 285 41 60 0.047031887 
440 396 53 65 0.04661218 
207 307 39 56 0.04553057 
954 626 30 43 0.044863123 
948 113 24 31 0.04353908 
295 167 48 74 0.04337915 
620 144 17 22 0.04297571 
518 82 35 44 0.042357083 
774 54 29 40 0.038661197 
756 130 29 35 0.03822076 
117 266 46 68 0.03576249 
847 181 44 58 0.034424014 
293 144 37 57 0.034037456 
732 121 32 40 0.033304602 
229 186 35 63 0.033249184 
882 258 45 61 0.03310589 
147 276 32 46 0.03284114 
991 588 26 36 0.032711044 
190 238 51 70 0.030124608 
350 173 39 54 0.029877571 
371 154 51 65 0.029769057 
712 118 39 52 0.029463302 
178 180 45 67 0.02939018 
972 551 15 18 0.028977476 
840 273 24 30 0.028842302 
1005 581 21 37 0.028618556 
847 93 21 27 0.028229553 
535 206 33 43 0.027928315 
804 160 39 53 0.027669022 
979 594 27 33 0.027041448 
356 156 37 51 0.026679778 
370 446 32 32 0.026606906 
569 88 16 19 0.026408289 
458 424 32 36 0.026093746 
743 143 44 59 0.025748106 
642 405 47 57 0.025640156 
644 71 24 29 0.02527087 
255 219 52 70 0.025137153 
503 104 42 58 0.023875525 
176 530 99 112 0.023180092 
967 548 25 32 0.023156669 
985 636 37 56 0.022879163 
713 104 29 37 0.022802807 
833 255 42 47 0.022614125 
912 66 32 40 0.022421775 
562 124 44 60 0.022340339 
140 293 32 51 0.022238294 
356 444 29 35 0.022119565 
795 84 31 40 0.021512704 
705 177 33 42 0.021407427 
797 259 41 54 0.021253303 
985 631 29 35 0.02098713 
847 164 32 40 0.020834178 
183 257 69 102 0.02060414 
821 73 32 43 0.020408811 
626 130 28 35 0.0202932 
901 128 29 36 0.020187106 
949 54 21 26 0.02014925 
