2_Demonstration_Demonstration_Or_Protest_2_895
604
673 333 31 42 0.9991841 
487 348 53 68 0.996635 
629 337 31 40 0.97646004 
802 304 25 30 0.9723044 
275 306 23 32 0.9683707 
25 286 17 23 0.93840575 
140 273 13 16 0.89962673 
383 274 12 15 0.89934 
67 282 18 23 0.8790862 
610 282 12 16 0.8570083 
991 322 23 28 0.77020377 
285 302 23 33 0.75682425 
342 279 11 15 0.75305814 
967 306 14 17 0.7288334 
414 281 13 15 0.70369107 
926 309 11 14 0.6786311 
376 323 17 24 0.65605104 
199 271 13 16 0.62744 
117 285 12 17 0.53948 
216 378 29 32 0.5241902 
43 296 27 29 0.5025457 
427 312 15 23 0.47748533 
292 295 23 32 0.44901887 
522 293 13 16 0.44096553 
462 304 21 30 0.43634185 
759 301 10 14 0.4071283 
769 407 46 74 0.36452696 
204 296 19 21 0.34410974 
54 268 15 18 0.31885713 
207 369 27 36 0.2920861 
333 290 12 15 0.28884554 
210 286 18 23 0.2824372 
550 304 15 19 0.27287418 
749 296 14 18 0.25454974 
368 268 9 12 0.25101763 
260 291 14 17 0.25015557 
409 284 10 13 0.24849771 
300 308 15 22 0.24807358 
46 412 85 103 0.24127118 
926 285 10 13 0.23842943 
194 256 9 11 0.23796433 
533 276 10 12 0.23588897 
729 278 9 12 0.23477407 
590 357 26 30 0.23371843 
298 292 15 19 0.21698622 
709 282 11 14 0.20063728 
453 306 14 20 0.19073132 
676 273 13 16 0.18870361 
0 283 11 16 0.18835418 
735 406 60 78 0.18695751 
472 260 10 11 0.18459263 
763 300 11 15 0.18366578 
467 303 13 18 0.18271837 
153 285 12 15 0.18019538 
256 267 10 13 0.17866287 
558 262 8 11 0.1778079 
665 255 10 12 0.17509863 
303 275 11 14 0.17129314 
256 293 11 15 0.16973709 
868 328 16 20 0.16897354 
134 312 28 30 0.1673176 
337 283 12 17 0.16476925 
862 255 9 12 0.15998763 
616 262 9 12 0.1481176 
522 242 8 10 0.14751971 
618 333 25 33 0.14665025 
454 287 10 13 0.14400901 
881 267 11 14 0.13325956 
416 329 11 17 0.13286588 
490 260 10 12 0.13022083 
526 254 8 10 0.12778246 
597 504 34 46 0.12751113 
943 268 9 13 0.120791584 
303 253 9 11 0.119385414 
328 291 12 15 0.11868686 
702 316 15 20 0.114522345 
931 307 12 16 0.11419102 
59 308 22 27 0.113150805 
837 337 17 19 0.112847164 
686 258 12 16 0.11133547 
59 273 20 28 0.10589098 
685 300 15 19 0.105642885 
615 337 14 20 0.10507864 
306 333 13 18 0.10463549 
544 122 12 15 0.1030017 
787 418 39 55 0.09995535 
836 294 10 13 0.09870482 
242 340 27 34 0.0983628 
266 288 21 26 0.098192215 
421 317 16 23 0.0970684 
782 254 8 10 0.09649402 
206 284 16 18 0.09640581 
711 255 9 13 0.095092215 
174 299 11 15 0.09477776 
553 271 9 11 0.094476715 
300 283 14 18 0.09400468 
541 291 10 13 0.09322431 
449 190 9 12 0.092238635 
857 261 9 11 0.09130677 
462 319 15 20 0.091003224 
666 259 12 14 0.09098091 
755 330 22 32 0.08977725 
682 252 10 13 0.08847628 
793 254 7 10 0.08826718 
535 293 11 15 0.08714502 
31 427 12 18 0.0869276 
406 266 10 13 0.0867754 
575 354 12 17 0.08636049 
407 403 41 55 0.08623286 
814 255 9 10 0.084914155 
370 365 16 24 0.08377744 
415 251 9 11 0.08317387 
629 458 15 20 0.082048 
420 352 14 20 0.0817413 
370 293 16 17 0.081362374 
175 279 11 14 0.078842625 
788 356 12 16 0.078745365 
766 276 9 13 0.07855532 
551 249 8 10 0.078286655 
373 269 11 13 0.07736256 
567 280 9 12 0.07732887 
385 321 16 25 0.077127725 
123 284 14 18 0.076854885 
366 326 14 22 0.07613752 
309 278 11 14 0.07535017 
210 304 17 20 0.075175025 
557 269 8 10 0.07495167 
783 360 14 18 0.07404667 
975 270 9 11 0.07404105 
854 291 11 13 0.07355953 
211 309 24 28 0.07273783 
949 267 10 13 0.07271317 
574 265 10 11 0.07269227 
338 311 13 16 0.07144155 
337 328 24 30 0.07134066 
147 357 30 43 0.07110439 
923 289 14 16 0.07103192 
301 319 14 20 0.070464075 
127 269 12 15 0.06971491 
219 301 14 17 0.06881439 
596 474 50 79 0.068686716 
630 292 14 15 0.0682315 
452 346 15 20 0.068121776 
980 315 39 47 0.06707085 
689 307 24 30 0.06686301 
536 248 7 9 0.06634142 
211 378 45 55 0.06632626 
621 267 11 13 0.06503744 
46 294 17 19 0.06498944 
357 373 22 31 0.064274624 
831 369 44 52 0.06417009 
308 300 12 16 0.06401421 
146 276 14 17 0.06324342 
148 325 31 39 0.06295293 
529 274 10 12 0.06270549 
911 264 8 9 0.061921306 
826 254 9 12 0.06172222 
767 349 25 34 0.061459456 
599 285 12 15 0.061417934 
440 333 22 28 0.061106913 
373 263 10 12 0.060372986 
195 260 13 16 0.06005406 
824 355 41 50 0.059275493 
678 320 30 39 0.05922177 
252 346 16 21 0.05865612 
705 255 9 12 0.058358412 
325 297 15 18 0.05812452 
213 280 14 17 0.05783603 
44 269 22 27 0.057733733 
478 285 11 14 0.057567455 
320 285 9 12 0.05754462 
229 316 13 17 0.05745332 
717 254 9 12 0.05676302 
1015 294 9 14 0.056237403 
248 260 10 13 0.054819737 
782 351 24 31 0.05427334 
156 277 11 17 0.054191474 
536 283 10 14 0.05417388 
560 278 9 11 0.054114055 
35 290 23 28 0.053637493 
474 305 13 18 0.05283175 
180 282 14 18 0.05270121 
816 370 29 37 0.052450556 
482 279 12 14 0.052220933 
599 245 7 10 0.051952105 
685 264 13 18 0.05179985 
639 240 8 10 0.0514293 
333 312 21 26 0.051387705 
551 275 10 13 0.05130785 
777 254 9 10 0.051252745 
295 275 12 15 0.050898835 
443 268 11 14 0.050619274 
227 308 13 16 0.05047594 
536 254 8 9 0.050334536 
544 255 8 10 0.05028666 
829 303 14 19 0.05018742 
667 265 21 26 0.049546603 
668 297 14 17 0.049350407 
590 263 9 10 0.049282134 
396 301 14 17 0.049066275 
886 265 10 14 0.048947256 
813 334 27 34 0.048849933 
633 245 8 12 0.048487697 
471 286 12 15 0.048483174 
755 350 27 34 0.04845648 
32 406 62 84 0.048221264 
127 263 10 13 0.047961436 
252 271 14 18 0.0477922 
783 435 27 46 0.04778188 
148 269 14 16 0.047776986 
240 254 10 11 0.047756575 
368 247 8 10 0.04766135 
474 289 14 16 0.04720563 
945 295 11 13 0.046826974 
863 335 14 19 0.04656269 
279 288 24 32 0.046441667 
511 246 9 11 0.046324458 
983 269 8 11 0.04603782 
609 256 8 11 0.04592391 
834 299 14 17 0.045541424 
604 382 185 234 0.04538702 
525 287 11 14 0.045386117 
155 268 12 15 0.0453171 
645 252 13 17 0.044954434 
151 263 12 13 0.0449328 
594 239 9 11 0.044525202 
825 333 31 32 0.044374112 
139 310 16 19 0.04428728 
577 356 31 42 0.043903086 
813 298 28 31 0.043484636 
305 305 14 21 0.043300882 
541 261 9 11 0.043071516 
584 263 10 12 0.042919587 
528 247 7 9 0.04265924 
196 363 27 40 0.042636048 
34 273 22 29 0.04217097 
427 352 13 19 0.042070776 
406 289 12 14 0.04167974 
276 287 15 18 0.041674137 
247 255 10 13 0.041570824 
916 358 57 67 0.0412651 
448 321 25 33 0.041117813 
942 298 13 17 0.041087966 
192 267 13 17 0.04104182 
782 260 8 11 0.040947493 
493 255 10 13 0.04077136 
510 263 8 11 0.040690307 
237 330 26 32 0.040689256 
44 280 17 22 0.040429395 
631 252 10 13 0.04028913 
897 311 9 13 0.039904546 
1 255 10 15 0.039682575 
48 255 11 13 0.03967772 
168 277 12 16 0.039403442 
525 241 8 10 0.039333187 
413 351 16 25 0.03907652 
710 421 61 70 0.03895416 
879 292 9 13 0.038945027 
849 261 7 11 0.038803365 
564 287 14 17 0.03879638 
307 270 10 14 0.038772877 
450 340 24 32 0.038714293 
652 253 11 15 0.038515817 
798 300 41 48 0.03849838 
371 308 23 31 0.03814282 
800 338 25 33 0.03814259 
798 256 8 10 0.038044315 
984 261 8 11 0.037960634 
494 309 12 14 0.037925247 
445 227 9 13 0.037907355 
271 306 17 24 0.037781544 
201 391 43 58 0.037623826 
674 297 22 26 0.037609566 
922 308 19 24 0.03755986 
169 286 21 26 0.03694505 
147 278 20 25 0.036899798 
460 294 13 18 0.036884204 
534 307 12 15 0.03676864 
523 140 26 33 0.03665045 
682 272 14 17 0.03656535 
799 279 9 11 0.036486473 
872 284 9 13 0.036305178 
541 276 11 13 0.036162537 
674 278 16 20 0.035990205 
762 337 13 18 0.035969846 
938 269 10 12 0.03590048 
680 259 13 16 0.035892904 
570 269 8 10 0.03567445 
360 329 13 19 0.035373215 
991 261 8 10 0.035317358 
886 275 11 14 0.035283003 
599 340 27 37 0.03528178 
874 268 9 12 0.03514388 
736 229 9 12 0.035052564 
119 256 10 13 0.034985844 
558 377 27 39 0.03476548 
244 281 15 20 0.034730915 
432 323 23 30 0.034685392 
455 272 9 13 0.034573916 
635 298 12 17 0.034511477 
695 319 24 32 0.03427322 
544 249 9 10 0.034205426 
967 268 11 13 0.034118712 
404 237 9 12 0.034055464 
863 322 15 19 0.033800066 
461 366 31 35 0.03378202 
527 287 19 24 0.03365934 
342 255 8 10 0.033647895 
193 298 41 48 0.033510234 
902 312 10 13 0.033495214 
230 323 25 31 0.033451878 
380 289 14 18 0.03314758 
486 307 11 15 0.033096578 
184 277 22 27 0.0330053 
444 352 18 22 0.03295637 
233 319 18 21 0.032927454 
574 278 9 11 0.032905854 
765 359 16 21 0.03284101 
975 262 10 11 0.03280841 
325 308 13 16 0.03273839 
687 249 10 14 0.032683436 
838 381 54 64 0.032669812 
873 292 9 12 0.032516792 
742 285 14 18 0.032475084 
466 290 22 27 0.032469332 
197 273 23 28 0.032432985 
939 263 8 10 0.03224309 
636 287 11 14 0.032189652 
785 329 39 51 0.032160692 
727 284 21 28 0.03205052 
704 278 12 16 0.03190122 
147 307 13 18 0.03176621 
781 248 8 12 0.031705216 
881 276 11 14 0.03169653 
615 257 8 11 0.031650364 
631 270 10 13 0.03163982 
756 323 15 21 0.031636328 
833 323 25 31 0.03152789 
197 279 42 48 0.031461287 
601 254 9 11 0.031440735 
163 350 29 42 0.03140127 
250 278 21 27 0.031387668 
815 260 9 11 0.031384036 
150 296 13 18 0.031247837 
166 298 15 18 0.031044735 
547 295 12 15 0.031031707 
60 263 13 17 0.030928332 
969 331 45 49 0.030919693 
663 292 13 20 0.030898621 
128 357 35 42 0.030821882 
312 263 9 12 0.030746445 
288 276 13 16 0.030673688 
476 307 24 30 0.030566702 
985 256 8 11 0.030504212 
560 283 12 15 0.030468598 
933 294 11 14 0.03036211 
861 285 11 13 0.030353727 
220 88 71 62 0.030306708 
433 349 23 27 0.030300623 
456 247 8 11 0.030144356 
967 263 9 12 0.030078856 
221 312 22 28 0.030037098 
533 299 12 15 0.030017186 
743 269 10 13 0.030004127 
872 264 9 11 0.02995443 
661 265 16 19 0.029915469 
703 279 19 25 0.029870039 
135 254 10 12 0.029868191 
771 300 12 16 0.029854905 
455 296 42 49 0.02981882 
451 289 21 28 0.029793762 
164 272 20 27 0.029782517 
719 278 11 13 0.029601349 
969 300 23 28 0.029598104 
998 362 12 16 0.029501935 
913 268 10 12 0.029295731 
238 247 11 13 0.029153254 
403 370 25 35 0.029103374 
298 272 20 26 0.02901865 
487 143 14 19 0.02898435 
404 173 10 14 0.02887322 
930 374 64 80 0.028749745 
600 279 19 23 0.028632462 
745 262 9 11 0.028530048 
830 307 26 31 0.028264802 
404 357 22 33 0.02818808 
688 185 10 15 0.028161569 
707 311 15 20 0.028111659 
824 260 9 11 0.02809286 
848 284 10 13 0.028073175 
127 266 20 25 0.028071124 
718 259 10 13 0.028050013 
200 292 15 19 0.027976902 
366 274 11 14 0.02794891 
0 404 10 16 0.02792992 
285 283 13 18 0.027726233 
815 310 19 22 0.027683754 
831 258 8 11 0.027652532 
83 297 17 25 0.0276388 
559 257 8 11 0.027561424 
413 336 12 18 0.02755006 
815 248 10 12 0.027520979 
115 353 33 42 0.027138984 
258 380 51 69 0.027119162 
843 333 24 27 0.027028356 
791 302 11 14 0.026898265 
764 281 12 15 0.026894584 
870 253 8 10 0.026869541 
316 280 11 14 0.026817735 
865 331 26 33 0.026740892 
430 206 8 10 0.026631648 
778 261 8 10 0.026528714 
802 351 15 21 0.026491307 
729 212 9 11 0.026399992 
478 256 9 13 0.026350422 
743 310 24 30 0.026297625 
204 370 16 26 0.02621105 
741 296 24 31 0.026200898 
735 333 25 31 0.026200606 
823 269 8 10 0.026133463 
126 309 24 29 0.026102498 
116 290 16 21 0.025984118 
691 252 11 16 0.025976587 
572 349 22 32 0.025903983 
130 437 51 79 0.025789797 
387 309 25 33 0.025773432 
435 309 14 18 0.02576008 
505 239 8 10 0.025666127 
405 230 9 13 0.025601065 
1013 304 12 18 0.025417903 
610 261 8 11 0.025407773 
86 429 64 84 0.025299856 
717 286 21 25 0.025281753 
244 268 24 28 0.025279552 
730 354 31 34 0.025183804 
927 288 20 25 0.02517195 
397 250 12 14 0.025161218 
367 373 17 24 0.025157943 
418 291 12 15 0.025134504 
749 260 9 12 0.025094528 
132 98 211 272 0.025094526 
619 348 31 37 0.025084691 
943 274 10 13 0.0250438 
430 252 8 12 0.025006713 
920 299 13 15 0.024961505 
798 284 12 14 0.024923202 
278 253 9 11 0.024865778 
761 291 20 27 0.02474049 
585 256 9 10 0.024670511 
346 341 16 23 0.024543537 
346 376 24 34 0.024522945 
36 269 16 20 0.024512133 
511 253 8 11 0.024484616 
201 82 117 96 0.024341015 
934 277 9 12 0.024331475 
261 330 25 35 0.024324283 
113 281 10 13 0.024273762 
848 256 8 11 0.024268538 
337 358 22 32 0.024261251 
405 322 16 22 0.024151614 
752 299 18 24 0.024139473 
727 262 9 12 0.024097146 
786 384 47 74 0.024076024 
407 251 10 13 0.024035657 
502 302 10 12 0.024022136 
568 263 9 11 0.024004787 
697 443 60 75 0.023820288 
429 247 9 11 0.023760218 
872 324 14 17 0.023744075 
330 368 22 33 0.023700483 
390 305 15 20 0.023671556 
317 300 12 15 0.023636257 
440 406 52 58 0.023603559 
857 247 8 11 0.023599219 
430 305 11 15 0.02349294 
609 324 24 33 0.023466231 
808 360 78 105 0.02345166 
838 238 9 12 0.023414558 
590 268 9 11 0.023396851 
607 271 11 14 0.023386858 
940 322 16 19 0.02328832 
797 290 14 17 0.023261517 
905 262 8 10 0.023207493 
31 416 24 38 0.023140455 
918 262 9 10 0.023138395 
637 307 13 17 0.023109246 
847 321 24 29 0.023034513 
939 323 25 28 0.023024626 
659 427 95 122 0.023019822 
313 301 21 28 0.023017678 
503 276 8 11 0.02296225 
421 302 12 16 0.022938622 
714 314 14 17 0.022938415 
884 362 86 104 0.022901654 
747 334 19 26 0.02290101 
673 393 40 61 0.022878017 
369 241 7 10 0.022839908 
511 240 8 10 0.02283656 
505 245 9 11 0.022834463 
173 343 24 36 0.022800624 
634 462 16 21 0.022759989 
258 350 15 22 0.022749804 
704 261 10 13 0.022746217 
623 254 9 11 0.022742655 
852 299 12 15 0.02273527 
934 302 12 17 0.02273351 
505 271 8 11 0.022691444 
540 118 23 26 0.022625268 
146 310 26 31 0.022605807 
542 300 13 18 0.022588534 
571 374 28 39 0.022570204 
376 361 17 24 0.022502536 
306 333 22 28 0.022493666 
405 245 10 13 0.02248872 
967 254 9 11 0.022452008 
345 246 8 10 0.022439057 
335 336 16 22 0.022435408 
971 575 53 108 0.022434108 
367 286 12 14 0.022380942 
469 276 11 14 0.022359205 
927 315 23 27 0.02226688 
612 436 103 125 0.022237098 
51 282 41 48 0.02213099 
923 319 15 20 0.022115292 
403 351 17 25 0.02206498 
321 374 24 34 0.022001093 
351 330 21 32 0.021985197 
988 316 17 21 0.021967778 
414 317 14 22 0.021938697 
670 286 22 28 0.021903504 
126 308 15 19 0.021903409 
197 317 26 34 0.021896495 
480 240 8 11 0.02182458 
74 289 21 27 0.021812161 
152 292 21 27 0.021805875 
543 270 9 13 0.021717701 
373 285 15 16 0.021664992 
247 258 21 25 0.021662802 
908 310 11 14 0.02164196 
973 293 13 16 0.021573594 
67 312 25 30 0.021569487 
387 281 12 16 0.021538323 
637 269 11 14 0.021537762 
852 338 13 17 0.021522995 
148 474 53 70 0.021484999 
471 267 11 13 0.021460019 
885 299 10 13 0.021459093 
805 346 30 40 0.021452446 
895 262 9 11 0.021447029 
749 426 34 53 0.021377554 
406 274 19 24 0.021374516 
681 222 9 12 0.021338193 
380 309 13 19 0.021334505 
198 424 28 41 0.021314012 
235 344 18 22 0.021292632 
455 356 28 34 0.02126973 
981 286 11 14 0.021148708 
48 275 198 213 0.021115562 
260 275 12 16 0.021101115 
290 320 24 31 0.02108584 
536 272 20 25 0.021062233 
839 314 15 19 0.021047976 
373 246 8 11 0.02102243 
634 241 8 11 0.021008631 
442 306 22 28 0.020915488 
135 339 35 42 0.02089088 
499 308 12 14 0.020885801 
279 246 9 12 0.020873317 
921 255 8 10 0.02084419 
808 407 47 68 0.020841008 
399 284 12 15 0.020811554 
627 300 21 26 0.020795228 
578 308 23 29 0.020789586 
743 304 14 18 0.020739775 
607 336 15 22 0.020720469 
624 294 12 15 0.020682175 
918 321 26 31 0.020640133 
234 88 29 34 0.02060122 
125 294 15 20 0.020594826 
430 266 11 14 0.020573791 
703 123 12 17 0.020565113 
944 256 8 9 0.020545207 
309 253 9 11 0.020540196 
260 264 10 13 0.020508602 
495 269 9 12 0.020504119 
267 314 27 37 0.0204628 
825 405 56 72 0.020455357 
958 266 10 14 0.020441648 
615 258 19 24 0.02041108 
670 353 27 37 0.02036071 
603 297 13 16 0.020297103 
246 275 14 17 0.020287268 
748 268 10 13 0.020287232 
52 407 42 49 0.020248381 
190 259 407 480 0.020197092 
419 463 68 69 0.020184532 
338 344 23 31 0.020134851 
740 275 13 15 0.020128984 
625 254 21 27 0.020093407 
458 283 21 28 0.020067163 
464 256 8 10 0.020060396 
199 400 28 36 0.020035053 
475 296 23 29 0.020032767 
448 368 29 34 0.020015152 
