2_Demonstration_Demonstrators_2_196
2026
182 724 12 15 0.92737055 
87 716 11 14 0.8406408 
209 694 11 14 0.75870055 
150 722 13 16 0.66424 
831 678 11 13 0.6019474 
35 735 11 15 0.593579 
446 607 10 14 0.539504 
445 309 12 16 0.5016579 
294 462 11 13 0.4901639 
63 367 9 12 0.4609903 
738 621 11 13 0.44733998 
369 441 9 10 0.442729 
941 653 14 17 0.4347941 
642 631 11 15 0.41750765 
25 486 9 11 0.4145008 
478 642 10 13 0.4093644 
414 612 10 11 0.397123 
184 295 10 12 0.3928543 
386 488 9 12 0.38367036 
107 667 13 15 0.37838787 
125 649 11 15 0.37418628 
635 671 12 16 0.36028516 
161 446 9 11 0.35207468 
181 358 8 10 0.34778422 
409 322 10 13 0.3466321 
623 203 12 15 0.34242555 
435 268 12 15 0.34066457 
372 710 12 15 0.3238618 
599 324 12 15 0.3232483 
341 507 9 12 0.32060415 
628 610 11 15 0.31997448 
192 464 8 10 0.31585604 
343 327 9 11 0.30611217 
158 747 13 16 0.3055059 
150 343 7 9 0.30328017 
279 581 9 12 0.30063793 
580 400 17 19 0.2782325 
622 527 27 37 0.27321234 
721 502 10 12 0.2711962 
273 253 7 10 0.26694158 
925 630 12 13 0.2646649 
584 551 12 15 0.26166376 
257 477 9 11 0.26118344 
341 341 9 11 0.26052615 
81 750 11 13 0.2545044 
146 475 13 16 0.25381124 
128 734 13 17 0.25263748 
272 462 8 11 0.24933274 
181 351 8 11 0.24539061 
236 509 9 13 0.24486089 
205 685 11 14 0.24413572 
278 484 10 13 0.23716272 
343 332 9 12 0.23561652 
176 479 10 12 0.23505315 
676 694 14 19 0.23361227 
301 514 11 14 0.23079674 
479 605 9 11 0.22982618 
65 485 11 12 0.22936164 
162 452 9 12 0.226517 
297 351 7 9 0.22299139 
407 622 10 13 0.22102839 
56 668 8 11 0.22009307 
374 280 9 13 0.21986789 
109 350 9 11 0.21934363 
149 639 9 11 0.21904522 
205 678 11 14 0.21419185 
91 724 12 14 0.2135606 
223 470 9 11 0.211244 
197 499 10 13 0.20993534 
711 634 11 15 0.20903276 
311 423 8 11 0.20495714 
347 722 12 16 0.20481329 
412 555 10 12 0.20410416 
356 535 10 13 0.20379543 
338 342 8 11 0.2031385 
491 588 11 14 0.19630493 
134 691 13 17 0.19340605 
225 478 10 13 0.19317879 
250 342 7 11 0.19185776 
257 295 8 10 0.19123352 
708 669 10 15 0.18807785 
143 482 13 15 0.18720725 
808 653 11 14 0.18531339 
393 563 9 12 0.18265845 
628 421 11 14 0.18176173 
349 632 14 18 0.18141116 
178 215 8 10 0.1804732 
937 658 12 15 0.18029109 
93 495 11 14 0.17785026 
301 352 7 9 0.17760497 
103 711 11 14 0.17632058 
249 721 16 20 0.17629033 
239 605 10 11 0.1740474 
620 653 12 15 0.171085 
436 531 9 12 0.16986254 
73 444 8 10 0.16752973 
370 365 9 12 0.16693957 
159 360 10 13 0.16661647 
22 369 13 16 0.16633712 
0 503 8 12 0.16595599 
684 716 11 14 0.16554773 
326 396 9 11 0.16546227 
407 312 10 13 0.16495213 
688 739 16 21 0.16324702 
735 626 12 15 0.16231121 
91 446 8 10 0.1621025 
177 365 8 10 0.16121967 
174 470 8 10 0.15995461 
878 537 9 11 0.15870161 
837 670 11 15 0.15667544 
903 635 9 13 0.15582371 
886 653 12 16 0.15556479 
111 374 10 14 0.15486076 
756 610 15 20 0.15482399 
460 375 10 13 0.15473998 
223 439 10 12 0.15423518 
487 575 10 12 0.15368178 
56 478 8 10 0.15126413 
582 417 14 18 0.15020324 
854 711 12 14 0.14582519 
257 472 9 11 0.14478497 
633 671 19 28 0.14478013 
201 682 10 14 0.14459641 
241 494 8 11 0.1437661 
318 709 10 13 0.14322236 
248 717 12 16 0.14320675 
69 531 11 13 0.14267336 
216 444 8 11 0.14263809 
64 480 10 10 0.14082567 
404 339 11 16 0.14031585 
525 547 14 16 0.14002153 
325 343 9 11 0.1379212 
112 215 8 9 0.13715614 
250 272 7 9 0.1369279 
923 661 11 14 0.13641942 
484 316 13 17 0.13620475 
486 625 11 15 0.13575907 
825 694 11 14 0.13573019 
746 716 13 16 0.13541497 
503 427 10 14 0.13521408 
227 483 11 14 0.1344819 
925 568 10 12 0.13413243 
357 303 8 11 0.13378099 
144 221 8 10 0.13296421 
487 578 13 18 0.1310243 
88 373 9 12 0.13096319 
769 651 9 11 0.12938839 
367 736 14 18 0.12832312 
343 494 8 11 0.12810418 
230 437 10 12 0.12727004 
437 553 14 18 0.12712777 
230 431 8 11 0.12682568 
64 361 8 10 0.12641099 
44 237 14 16 0.12615928 
509 581 10 14 0.1257399 
406 263 8 11 0.12565605 
895 645 9 13 0.12549388 
134 512 10 13 0.12340894 
512 586 10 13 0.12297152 
336 491 9 12 0.12199428 
206 309 8 10 0.121962905 
518 555 14 19 0.12142275 
136 699 16 19 0.121282324 
914 731 15 21 0.12121168 
605 662 13 16 0.12085121 
466 470 9 13 0.12069993 
289 421 9 10 0.12015583 
32 572 8 11 0.1199368 
303 296 8 11 0.11977417 
191 698 9 12 0.11842119 
160 223 7 8 0.11761909 
116 373 10 13 0.11706107 
262 471 8 10 0.11684728 
489 350 8 11 0.11596198 
437 478 10 13 0.11524826 
312 271 8 10 0.11521934 
70 480 9 11 0.11475838 
343 295 9 10 0.11383708 
57 495 10 13 0.11339909 
760 735 11 13 0.1131113 
518 373 11 15 0.113109775 
750 635 9 11 0.11289681 
743 614 12 15 0.111885004 
422 548 10 13 0.11161476 
248 647 9 12 0.110798225 
257 302 8 10 0.110761344 
127 742 15 20 0.110063426 
580 405 21 25 0.108964674 
132 646 10 14 0.1086333 
923 680 16 22 0.1082421 
943 648 10 14 0.10806507 
249 295 8 10 0.10760564 
414 628 12 15 0.107466154 
27 365 10 14 0.10698319 
79 502 8 11 0.10655791 
160 215 8 9 0.106505945 
163 750 14 17 0.10643135 
253 509 9 12 0.10636146 
409 552 8 11 0.10594611 
125 713 9 12 0.10572665 
145 724 13 17 0.105565384 
824 654 8 10 0.10507316 
341 428 11 14 0.10483902 
88 501 10 12 0.104279175 
322 397 8 11 0.104097016 
73 390 9 11 0.1040102 
24 662 7 10 0.10375506 
534 644 14 22 0.103340425 
201 364 9 11 0.10323093 
749 609 15 20 0.10295998 
446 597 10 13 0.102857895 
415 80 8 11 0.102834344 
336 431 10 12 0.10207299 
923 163 13 15 0.101997025 
236 183 10 13 0.10106694 
305 423 8 11 0.101026356 
79 545 10 12 0.10049116 
200 671 9 13 0.09896453 
219 471 8 10 0.09889108 
597 661 12 17 0.09874059 
111 447 9 11 0.098509185 
253 500 11 14 0.09820016 
502 687 13 17 0.09806212 
33 261 10 13 0.09781679 
271 428 9 12 0.0977943 
839 161 8 10 0.097730935 
158 647 10 13 0.097328395 
125 335 10 13 0.09710256 
414 446 10 13 0.096865945 
232 684 11 15 0.09625982 
420 629 11 14 0.09586797 
62 502 8 11 0.095591575 
333 435 10 12 0.09541546 
712 740 13 16 0.09482645 
167 382 7 9 0.09455493 
319 311 9 11 0.094245635 
151 348 8 10 0.094174065 
805 621 11 14 0.0939115 
14 710 10 12 0.0936744 
16 363 12 16 0.09361731 
901 668 12 14 0.09360895 
234 188 10 12 0.09316072 
532 341 10 14 0.092979394 
926 667 11 14 0.09275049 
845 671 10 14 0.09270847 
127 356 8 10 0.092645764 
337 502 9 12 0.09253956 
918 492 55 47 0.09232483 
143 364 8 11 0.09218743 
181 364 8 11 0.091870815 
90 303 7 9 0.09154162 
295 413 8 10 0.09141877 
215 717 11 15 0.0913091 
864 652 12 15 0.09121715 
45 549 10 13 0.09107502 
218 440 8 11 0.09083112 
859 750 13 16 0.0902122 
621 410 12 16 0.0900681 
343 301 9 11 0.08992228 
313 533 10 13 0.089899264 
276 461 10 13 0.08952642 
158 334 8 10 0.088705726 
715 746 13 16 0.0882045 
446 589 9 11 0.08814273 
598 635 10 14 0.08779829 
806 693 11 13 0.087184824 
343 659 13 19 0.08639364 
199 694 10 13 0.08634897 
989 729 13 16 0.086113885 
384 534 9 11 0.086064436 
226 431 8 10 0.085651025 
894 550 9 12 0.08516523 
120 247 7 10 0.08504524 
70 232 12 13 0.08474724 
918 653 12 15 0.08460697 
1 280 11 16 0.08454562 
90 336 8 11 0.08450323 
295 317 8 10 0.084489726 
447 583 8 11 0.08444424 
296 344 6 9 0.083996356 
237 515 11 14 0.08367176 
897 637 10 13 0.083337955 
481 323 10 14 0.08281444 
128 206 8 10 0.08275665 
206 252 8 10 0.08253958 
143 491 12 14 0.082509756 
582 586 14 17 0.082309075 
422 661 11 14 0.0820536 
492 460 12 18 0.082026616 
144 198 7 10 0.08173019 
337 557 9 12 0.08159911 
350 384 8 10 0.08156434 
126 367 8 11 0.08121437 
454 285 11 13 0.08119504 
899 599 16 20 0.08092884 
184 326 7 9 0.080839075 
676 446 10 12 0.08048371 
358 307 9 11 0.08045054 
451 347 12 16 0.08027545 
617 444 10 13 0.079918 
705 643 10 13 0.07984514 
88 366 10 13 0.079833806 
88 311 7 9 0.07956866 
250 277 8 11 0.079350494 
191 374 7 10 0.07915901 
62 491 11 13 0.07858961 
119 479 8 10 0.0785206 
558 469 10 13 0.07820583 
232 629 9 12 0.07806124 
153 336 7 9 0.07794562 
521 605 10 14 0.07738889 
1008 181 9 12 0.07737251 
764 693 10 14 0.07733298 
520 39 9 11 0.077328764 
431 605 9 13 0.0772855 
431 553 14 17 0.07725275 
911 635 12 15 0.077177666 
417 426 11 14 0.07713407 
162 493 9 12 0.0771068 
328 391 8 11 0.07698109 
217 343 7 10 0.07684602 
161 460 9 11 0.076838285 
344 422 10 13 0.07683532 
79 678 10 12 0.0767547 
22 359 11 15 0.076617986 
201 310 9 11 0.076594986 
295 423 8 11 0.07649225 
256 309 7 9 0.076299556 
987 745 18 21 0.07628401 
191 240 8 10 0.076216474 
296 312 8 11 0.075577594 
917 634 14 17 0.07528968 
709 643 10 15 0.07523815 
110 355 8 11 0.07520232 
692 621 12 15 0.07493215 
196 507 12 14 0.07484898 
86 526 9 11 0.07453639 
17 543 8 11 0.074467815 
98 686 8 12 0.074373424 
405 332 11 15 0.0743717 
367 627 11 17 0.07424618 
87 695 9 12 0.07379509 
546 674 24 32 0.07337681 
730 630 10 13 0.07328407 
411 619 12 15 0.07324062 
218 320 8 9 0.07276537 
150 642 11 14 0.07231238 
229 471 8 10 0.07230845 
477 611 11 14 0.07207364 
297 430 7 10 0.07186639 
113 295 8 11 0.071862265 
166 461 8 11 0.07165229 
344 540 9 11 0.07136112 
440 562 10 14 0.071198404 
188 300 10 11 0.0711874 
947 710 15 16 0.07050752 
120 684 10 13 0.070338264 
149 382 9 11 0.06995155 
284 285 9 11 0.069932155 
121 367 10 12 0.06988436 
313 470 7 9 0.069868706 
288 301 7 10 0.06985385 
121 224 7 9 0.06950963 
194 497 10 12 0.06941339 
218 326 7 10 0.069361135 
160 238 9 11 0.069257714 
200 176 7 9 0.06919169 
224 311 8 10 0.068889424 
119 484 8 11 0.06870682 
302 532 9 12 0.06866731 
161 208 7 10 0.068598986 
517 588 9 12 0.0684925 
479 582 12 15 0.068130516 
708 620 11 14 0.06797903 
271 685 11 13 0.06788694 
94 339 8 12 0.067618415 
534 78 11 12 0.067568846 
622 597 12 16 0.06754674 
392 384 10 12 0.067237124 
33 453 9 12 0.06710738 
955 732 21 29 0.0670153 
432 592 9 12 0.06698399 
390 248 11 12 0.06674713 
476 738 14 16 0.06672658 
273 456 9 11 0.066703044 
202 303 8 11 0.06661402 
183 191 8 9 0.06658527 
560 645 11 14 0.066532604 
631 661 9 12 0.06650984 
304 413 8 11 0.066356376 
583 390 10 13 0.06628456 
114 232 7 10 0.066198386 
254 287 8 10 0.066167675 
832 160 9 11 0.066102 
346 225 9 11 0.06606581 
566 592 14 18 0.066035435 
240 295 8 11 0.065975115 
696 694 10 14 0.06582115 
909 652 12 15 0.06573114 
144 374 10 11 0.06547404 
277 453 10 13 0.065385625 
352 539 9 12 0.06537225 
248 423 7 10 0.065077685 
553 439 14 19 0.065062106 
77 396 8 10 0.06488447 
279 431 8 11 0.06471808 
319 701 13 17 0.06470657 
338 518 9 12 0.06469921 
23 480 9 11 0.06468372 
30 491 9 13 0.064521186 
145 420 8 12 0.06445584 
588 653 14 19 0.06437911 
669 712 24 28 0.064203925 
754 594 16 19 0.064149655 
143 430 9 11 0.064105116 
370 700 23 30 0.06407961 
479 549 10 14 0.06399586 
185 238 8 11 0.06394123 
67 528 8 11 0.063856 
452 292 12 13 0.063738056 
16 749 11 12 0.06373465 
408 574 9 11 0.063721284 
463 320 11 13 0.063647225 
567 504 10 12 0.06361566 
94 699 11 13 0.0633895 
588 571 11 15 0.06325544 
88 742 10 14 0.06318851 
155 731 14 17 0.06310557 
97 567 8 10 0.06297257 
941 665 13 18 0.06293876 
422 426 11 15 0.06266107 
521 525 10 13 0.062348053 
838 663 10 12 0.062169127 
633 389 9 12 0.062008355 
40 533 8 10 0.062007934 
0 704 7 12 0.06178986 
431 292 10 11 0.06177304 
118 739 13 17 0.061565652 
528 55 10 12 0.06143552 
678 706 13 19 0.061408874 
257 525 10 13 0.061403498 
390 535 9 11 0.061323795 
285 366 8 10 0.061145548 
358 607 10 13 0.061097287 
230 444 9 11 0.061037075 
949 684 13 17 0.06093164 
359 237 8 10 0.060847532 
488 594 9 13 0.06054283 
469 324 10 13 0.060523834 
343 349 8 11 0.060455438 
234 311 8 10 0.060437128 
39 526 8 11 0.06042875 
456 379 12 15 0.06042578 
629 618 12 15 0.060333557 
527 450 10 13 0.0603076 
901 565 10 13 0.060179137 
542 679 15 21 0.060149465 
833 672 11 15 0.06005527 
4 559 10 12 0.059954572 
241 651 10 12 0.05986328 
309 510 12 15 0.059729505 
440 713 23 30 0.05955276 
1013 180 8 12 0.059411936 
692 733 13 17 0.05931151 
439 582 10 11 0.059302006 
88 453 9 12 0.05917419 
190 586 12 17 0.059154883 
199 349 7 10 0.05905732 
68 372 10 13 0.0590056 
200 333 7 10 0.058994986 
17 487 9 11 0.058829322 
807 625 12 17 0.058805 
312 428 9 10 0.05870151 
20 746 11 13 0.05857426 
777 677 8 11 0.058528498 
888 646 11 14 0.058505747 
47 512 8 10 0.05850333 
432 580 9 11 0.058316767 
767 709 12 16 0.058309466 
439 595 11 14 0.05829645 
256 613 10 13 0.058289196 
144 642 11 14 0.058104813 
636 525 13 20 0.0579958 
114 478 8 10 0.057989642 
845 692 11 14 0.05781311 
128 200 7 9 0.05769996 
853 661 9 12 0.057657987 
385 541 9 12 0.057619814 
800 151 9 9 0.05750762 
185 245 9 10 0.057289 
121 199 7 9 0.057049435 
629 586 11 15 0.057039227 
0 516 9 12 0.05697092 
433 274 11 13 0.056945533 
248 302 8 9 0.05690588 
544 366 9 11 0.056894574 
104 517 9 13 0.056810185 
105 343 8 11 0.056774985 
177 207 8 10 0.056646 
648 590 12 16 0.056594826 
238 456 8 11 0.056576457 
290 415 9 11 0.05647821 
93 360 8 9 0.056467623 
15 671 7 9 0.056293316 
222 326 7 10 0.056202777 
724 662 12 15 0.05606863 
168 215 6 9 0.05600631 
368 372 9 12 0.05567768 
104 573 8 10 0.055666447 
184 208 7 9 0.055502743 
144 391 9 10 0.05549059 
42 543 8 11 0.05539797 
757 627 11 13 0.055378962 
302 470 9 10 0.05532326 
176 221 8 9 0.055209383 
150 389 9 11 0.05501317 
237 439 8 11 0.054864872 
265 427 10 12 0.054685067 
194 151 8 10 0.054408714 
504 600 9 12 0.05439873 
583 444 11 14 0.054341044 
822 750 13 15 0.054277968 
921 566 10 12 0.054131597 
31 622 7 11 0.054077987 
480 567 10 13 0.054040875 
14 357 12 16 0.054027542 
774 646 10 13 0.054006953 
145 415 9 11 0.053891826 
96 694 10 12 0.053888552 
846 725 12 15 0.053858418 
383 514 12 16 0.053831145 
229 752 14 16 0.053579375 
297 356 8 11 0.053577464 
934 667 13 16 0.053469706 
113 486 8 10 0.0531181 
106 381 8 12 0.052989334 
319 304 7 9 0.05294102 
814 634 10 15 0.05284545 
544 400 10 12 0.05283447 
743 603 12 16 0.05281207 
70 717 8 12 0.052792903 
238 325 7 10 0.05275163 
249 509 9 13 0.052734073 
525 532 10 12 0.052712437 
298 302 8 10 0.052696787 
770 662 8 11 0.052656665 
641 484 11 14 0.052531734 
613 498 12 15 0.052529365 
548 381 12 16 0.05243063 
362 444 11 13 0.052383732 
458 448 18 21 0.05226854 
946 656 14 18 0.052196804 
712 653 9 12 0.052180037 
5 502 9 13 0.052177113 
312 463 8 11 0.052118152 
144 472 11 14 0.052089106 
5 509 9 13 0.051979408 
191 310 9 10 0.051956594 
185 321 8 11 0.051782522 
13 491 11 13 0.05178055 
258 575 16 18 0.051754247 
307 682 15 19 0.051711727 
169 686 10 11 0.051707108 
582 563 13 17 0.051690932 
756 686 13 16 0.05157836 
95 654 11 13 0.05155961 
933 697 13 16 0.051520318 
48 206 9 10 0.05141591 
311 538 12 14 0.051332887 
135 185 7 8 0.05133285 
424 673 19 28 0.05132733 
170 478 8 11 0.051274 
429 317 11 13 0.051251847 
360 343 8 12 0.05124908 
88 316 7 10 0.05120193 
814 753 13 14 0.051167145 
230 678 11 14 0.05110817 
144 246 9 11 0.051079474 
289 461 12 15 0.05098777 
119 215 7 10 0.050948612 
193 368 8 10 0.050910216 
296 409 7 9 0.050821826 
684 429 14 19 0.050710794 
56 207 8 10 0.050637033 
114 667 12 15 0.050523505 
192 508 10 13 0.050409894 
287 294 9 11 0.05039371 
179 659 12 15 0.05025396 
522 518 10 13 0.0502429 
317 422 9 12 0.050179467 
868 157 12 13 0.05012447 
208 230 8 10 0.05010425 
627 412 13 16 0.04994478 
234 318 8 10 0.049935646 
170 376 7 9 0.04988403 
238 502 10 13 0.04987029 
158 328 7 10 0.04984045 
431 413 9 13 0.049818553 
194 221 8 11 0.049781658 
55 221 9 10 0.04974971 
826 698 14 17 0.04969423 
92 730 12 14 0.049673427 
543 381 11 14 0.049615555 
179 482 11 14 0.04959963 
482 573 11 13 0.049598437 
118 692 12 14 0.04959692 
103 677 9 12 0.04958075 
335 523 9 12 0.049580213 
520 369 11 13 0.049474362 
89 496 9 11 0.049432095 
124 634 11 16 0.04938212 
656 637 10 13 0.049265265 
478 618 12 15 0.049238946 
126 383 10 12 0.04920685 
994 719 15 19 0.04919862 
223 318 7 9 0.04905849 
612 658 15 17 0.0490475 
396 559 9 13 0.048921693 
106 374 8 11 0.04885432 
198 222 8 11 0.048821535 
135 484 9 12 0.048813082 
661 571 15 18 0.048794374 
751 526 12 13 0.048760723 
753 565 11 16 0.048639026 
787 613 12 15 0.04859084 
104 663 11 13 0.04849434 
250 338 7 9 0.048248753 
137 200 7 9 0.048130196 
241 230 10 13 0.04804821 
351 496 7 10 0.048033796 
117 699 11 15 0.047964595 
151 217 8 10 0.0479083 
714 734 15 16 0.04780077 
23 727 8 12 0.047792476 
216 348 8 10 0.047753572 
551 365 9 11 0.047731668 
320 346 9 12 0.047731295 
331 94 9 11 0.04771446 
191 652 9 12 0.04770745 
130 184 7 9 0.04766636 
238 566 11 13 0.04764209 
241 415 8 10 0.047638316 
55 390 9 12 0.047578644 
630 404 11 14 0.04743888 
453 605 10 13 0.047427952 
601 501 9 12 0.047375325 
87 730 11 14 0.047375083 
400 373 9 11 0.04737026 
371 724 15 18 0.04734273 
956 666 16 21 0.047323633 
265 381 8 10 0.047322214 
619 439 11 14 0.047235463 
177 200 9 10 0.047203366 
422 653 11 15 0.0471128 
113 470 9 12 0.047067672 
431 491 11 15 0.047054436 
329 288 8 9 0.047038388 
79 507 8 11 0.04696796 
256 397 9 10 0.04692398 
312 276 8 11 0.04677816 
406 635 11 14 0.04677789 
669 645 11 14 0.046761695 
31 392 10 12 0.046735454 
413 644 12 14 0.04660699 
303 428 8 10 0.04655595 
942 713 15 18 0.04647669 
119 238 7 10 0.046459973 
4 245 10 13 0.046443984 
757 749 12 15 0.0464168 
113 237 9 11 0.04637013 
131 541 12 16 0.046310358 
297 512 11 14 0.04630571 
78 486 9 11 0.04623911 
892 650 11 16 0.046229396 
117 296 7 10 0.04616618 
217 287 7 10 0.046162866 
62 508 9 11 0.046102684 
37 502 9 11 0.04610222 
193 215 8 10 0.04606049 
677 601 13 17 0.04600918 
408 453 11 15 0.045991722 
262 302 7 9 0.045976486 
165 236 10 11 0.045974366 
32 398 11 13 0.04597227 
168 208 7 9 0.045935836 
171 471 7 10 0.045935772 
73 254 8 11 0.045829333 
935 645 11 14 0.04581887 
693 738 23 28 0.045805167 
751 141 7 9 0.045759764 
942 683 13 18 0.045725737 
216 247 7 9 0.04565494 
586 421 15 20 0.045646016 
152 679 10 11 0.04564162 
492 347 11 14 0.04563455 
151 239 7 10 0.045523167 
463 605 9 11 0.04550096 
248 428 8 11 0.045375686 
287 452 11 15 0.045351014 
431 611 10 12 0.045316137 
134 502 9 13 0.04528724 
617 405 11 16 0.04518075 
229 549 9 13 0.045151964 
246 516 10 13 0.04505823 
167 501 10 14 0.04504248 
189 580 11 15 0.04495262 
215 190 8 11 0.04492401 
40 518 8 11 0.04491679 
148 375 9 11 0.044884812 
88 379 9 11 0.044812743 
581 546 20 24 0.044719275 
22 566 9 12 0.044694956 
175 373 8 11 0.044674486 
167 627 10 14 0.04466976 
183 335 7 9 0.044641096 
824 684 11 13 0.044590548 
15 566 10 12 0.044545997 
216 334 8 9 0.044529967 
918 625 22 26 0.04449318 
430 102 8 12 0.044454474 
348 325 9 12 0.044420622 
708 206 11 13 0.04437322 
904 584 23 31 0.044304192 
151 222 8 9 0.044275966 
70 491 9 11 0.044241603 
627 198 15 19 0.04419461 
823 160 10 11 0.044182595 
329 436 8 11 0.044089273 
64 718 8 11 0.044044483 
282 303 7 9 0.044032298 
56 214 8 10 0.043996066 
368 379 8 12 0.043958966 
25 629 8 11 0.043953482 
224 490 10 13 0.04394822 
955 683 15 19 0.043858122 
133 206 8 10 0.04384721 
200 228 8 11 0.043742828 
366 407 9 11 0.04367178 
146 240 8 9 0.043646593 
440 591 10 11 0.043627433 
682 693 13 16 0.04361607 
208 348 8 10 0.043520566 
709 614 11 14 0.043497857 
853 721 11 15 0.043235704 
304 478 8 9 0.043168236 
748 710 11 15 0.043072607 
815 645 10 13 0.04304184 
135 670 10 12 0.043032452 
285 578 12 16 0.04300951 
271 541 10 14 0.042995516 
735 573 13 17 0.042987302 
543 419 12 15 0.042921733 
720 666 11 15 0.04285291 
517 425 15 20 0.042733513 
198 239 8 10 0.042652242 
520 549 13 17 0.042601105 
734 595 13 19 0.042599786 
985 725 23 28 0.042568803 
485 569 10 12 0.042544544 
317 471 8 10 0.04248297 
168 223 7 9 0.04247524 
350 228 10 12 0.042392835 
350 388 9 12 0.04237169 
80 471 8 10 0.042324588 
391 366 9 12 0.042248912 
479 350 9 12 0.04223334 
162 382 7 10 0.04222907 
762 613 12 15 0.042198848 
313 526 10 13 0.04205949 
20 238 14 19 0.04204361 
14 510 10 13 0.042029765 
79 478 8 12 0.041984845 
199 345 8 9 0.04196637 
399 644 10 13 0.04194309 
775 749 12 14 0.04191717 
102 278 8 10 0.041896403 
254 392 9 11 0.04184678 
847 716 12 14 0.04167776 
178 190 8 9 0.041539717 
581 640 24 31 0.04142484 
231 521 12 16 0.04140895 
238 319 8 10 0.041377105 
8 573 9 12 0.041360494 
223 305 8 10 0.041351 
551 507 9 12 0.041304424 
117 301 8 10 0.041240305 
895 676 11 14 0.04120073 
597 541 13 17 0.04116289 
622 606 18 22 0.041150253 
269 692 12 15 0.04113488 
391 272 9 12 0.041018184 
303 310 7 10 0.040962677 
236 627 10 14 0.04096187 
241 301 8 10 0.040923275 
150 245 8 10 0.04088975 
615 347 10 13 0.040811975 
277 534 12 15 0.040768888 
177 184 7 9 0.040722124 
422 624 10 13 0.040574566 
112 452 9 11 0.04054688 
302 643 9 12 0.04050991 
837 682 11 14 0.040504016 
290 343 8 11 0.040470243 
32 501 9 11 0.040385198 
175 255 8 11 0.040324118 
343 621 13 17 0.04031314 
15 548 9 11 0.040306114 
198 514 11 13 0.04029424 
254 349 8 10 0.040281937 
175 465 8 11 0.040263325 
910 164 9 11 0.04022287 
286 155 10 14 0.040211193 
932 688 14 19 0.040206265 
312 443 9 12 0.040176705 
359 324 10 12 0.040171053 
823 648 8 11 0.0401274 
25 234 14 19 0.040124055 
246 573 11 15 0.040067006 
679 434 12 16 0.040044244 
441 87 9 10 0.039908037 
32 655 10 12 0.039893877 
305 446 8 11 0.03988789 
95 645 10 11 0.039870292 
60 670 9 10 0.039843865 
47 543 9 13 0.039817367 
334 535 9 13 0.03981211 
199 328 8 10 0.039781522 
38 427 10 13 0.039777137 
273 534 10 13 0.0397434 
886 677 11 14 0.03968888 
576 426 14 19 0.039652012 
329 382 8 10 0.039645143 
674 458 14 18 0.039600942 
564 470 11 14 0.03958939 
373 468 10 13 0.03958707 
919 667 12 15 0.03952013 
460 547 13 15 0.03950682 
113 222 7 9 0.03941522 
573 584 20 26 0.039328918 
271 447 8 11 0.03929947 
334 613 9 13 0.0392951 
338 302 8 10 0.039230224 
193 192 7 9 0.039215725 
7 230 7 10 0.039099317 
57 725 8 11 0.03907936 
360 644 11 15 0.039007317 
78 168 8 10 0.038955133 
200 318 8 10 0.038924772 
211 687 12 16 0.03888351 
294 383 8 10 0.03883906 
281 270 8 9 0.038801104 
215 493 9 11 0.038754866 
137 367 8 11 0.03874655 
859 715 12 15 0.03872264 
969 651 21 29 0.038713403 
486 615 11 14 0.038675863 
255 483 9 11 0.03866767 
10 709 9 11 0.038632948 
740 597 13 17 0.038581748 
144 498 11 13 0.03856209 
790 634 12 15 0.03848341 
702 619 10 14 0.038479246 
209 344 8 10 0.038475014 
23 470 10 12 0.038466908 
210 214 7 9 0.038462225 
89 360 9 11 0.038445137 
622 647 12 15 0.038436756 
926 571 12 16 0.03842876 
400 621 12 16 0.038421176 
862 699 13 16 0.03840587 
783 733 10 13 0.03835246 
109 368 10 12 0.03828512 
858 705 14 18 0.03825613 
853 753 13 15 0.038206864 
170 753 13 16 0.038186233 
1000 184 9 11 0.038173452 
343 620 21 28 0.038093165 
462 495 12 17 0.038077354 
205 359 8 11 0.038069427 
328 293 7 10 0.038060978 
105 367 9 11 0.038011827 
238 571 12 15 0.038002692 
81 695 9 11 0.037990708 
388 510 12 15 0.03795049 
781 677 9 11 0.03793953 
911 575 25 32 0.037913386 
302 289 8 10 0.03791213 
193 349 8 11 0.037900783 
79 743 10 14 0.037888195 
892 164 11 13 0.037823264 
287 430 8 11 0.037808795 
262 542 11 14 0.037739433 
144 192 7 9 0.03772149 
56 472 8 11 0.0377166 
482 643 12 14 0.037712675 
291 578 12 17 0.037705585 
1006 329 14 19 0.03768968 
81 732 9 12 0.037667826 
48 213 9 11 0.037637554 
126 389 9 12 0.03763348 
762 647 10 12 0.037432045 
805 150 8 10 0.037412077 
338 335 10 12 0.037339494 
253 279 8 10 0.03732335 
207 485 8 11 0.03727082 
102 464 8 12 0.037257977 
253 270 8 10 0.037236918 
99 705 19 25 0.037196577 
1009 175 9 13 0.037181944 
554 468 10 13 0.037169144 
288 467 10 12 0.037161004 
513 378 12 15 0.03715385 
557 574 13 15 0.037108917 
203 253 7 10 0.03710842 
145 349 8 10 0.0370921 
175 637 11 14 0.036981717 
351 604 11 14 0.036892463 
160 232 8 10 0.036892395 
350 677 12 19 0.036883447 
191 319 7 10 0.036806732 
200 382 7 9 0.03678484 
801 653 10 13 0.03677617 
209 224 8 10 0.036735542 
332 657 15 19 0.036715876 
141 446 8 11 0.036711752 
82 581 9 12 0.036672313 
200 208 7 8 0.03666977 
302 524 10 13 0.03661769 
791 668 9 12 0.03656 
111 523 10 14 0.03655261 
136 430 8 11 0.03650821 
465 475 12 15 0.03650351 
354 307 9 11 0.03645819 
368 359 10 14 0.03644849 
318 429 9 11 0.036416516 
733 633 11 14 0.036392316 
178 295 9 12 0.036387924 
421 444 11 14 0.0363271 
627 593 14 17 0.03629585 
122 647 10 14 0.036259346 
745 711 20 27 0.036156606 
79 232 9 11 0.03613767 
25 624 8 10 0.035997864 
29 220 9 12 0.03596986 
103 558 10 12 0.035874296 
375 486 10 13 0.03586432 
704 624 20 25 0.0358419 
297 286 8 10 0.035823043 
808 728 9 12 0.035784192 
350 295 8 10 0.035686646 
422 668 12 15 0.035671525 
301 355 9 11 0.035642613 
202 248 8 10 0.03562383 
310 416 8 10 0.03556796 
95 311 7 10 0.035557516 
246 586 11 14 0.035532124 
287 438 8 10 0.035525292 
192 208 7 8 0.035453755 
157 638 10 13 0.0353471 
333 86 9 12 0.03530962 
102 567 9 11 0.035269354 
177 168 7 9 0.035259422 
138 223 7 9 0.0352305 
389 547 10 13 0.035216287 
278 467 10 12 0.03516632 
558 359 9 12 0.03515463 
838 751 14 15 0.03513012 
62 472 9 10 0.035077855 
909 670 12 14 0.035012096 
497 605 9 13 0.034998287 
632 397 10 14 0.03499735 
291 349 7 10 0.034952905 
504 580 11 15 0.034907453 
54 181 9 10 0.034894455 
372 622 15 21 0.03484211 
119 493 10 13 0.034816742 
902 659 14 17 0.034786314 
88 440 9 11 0.034764472 
177 344 8 9 0.034727257 
400 549 10 12 0.034695655 
231 426 7 9 0.03466759 
637 665 12 15 0.034665395 
382 498 13 17 0.03463474 
0 470 7 13 0.03462687 
5 660 11 13 0.03458343 
63 518 8 11 0.034528762 
103 660 21 25 0.034523286 
774 628 11 15 0.034510955 
154 327 7 10 0.034506038 
209 208 7 10 0.034505248 
288 407 9 10 0.034461625 
136 479 9 12 0.03446002 
369 462 11 14 0.034457307 
238 287 7 10 0.034453724 
127 372 7 10 0.034409825 
257 254 8 10 0.034403156 
899 731 15 18 0.034390107 
167 343 8 10 0.034362298 
174 277 8 10 0.034333676 
493 594 11 14 0.034331907 
949 666 14 19 0.03432966 
222 350 7 9 0.034302462 
895 724 12 14 0.034285672 
931 635 13 15 0.03423987 
182 638 10 13 0.034238767 
263 455 9 12 0.034236968 
646 349 8 12 0.03418933 
384 123 12 14 0.034165498 
248 415 8 10 0.03415564 
16 516 9 12 0.034147505 
588 544 15 17 0.03412212 
750 747 12 14 0.034083385 
194 176 7 9 0.034055535 
398 477 11 15 0.034007706 
847 661 10 12 0.033986457 
61 663 9 10 0.03398557 
183 221 8 9 0.033942625 
900 723 14 17 0.03390121 
374 476 10 13 0.033898342 
168 366 8 10 0.033890642 
97 558 9 11 0.033871785 
216 175 7 8 0.03387171 
145 380 9 12 0.033851724 
451 300 13 16 0.03380051 
370 443 11 14 0.0336697 
254 515 10 14 0.033604678 
0 190 9 14 0.03357015 
94 398 9 10 0.03353743 
766 699 11 15 0.033529874 
764 620 11 14 0.03351039 
337 326 9 11 0.033501234 
118 737 21 27 0.033488497 
200 181 8 9 0.03348382 
988 713 16 21 0.033441965 
369 231 8 9 0.033426452 
250 319 7 10 0.033424348 
367 412 9 11 0.033386383 
135 342 8 11 0.033385124 
102 522 11 14 0.033380706 
87 230 8 10 0.033372685 
182 415 9 11 0.033336654 
127 670 10 13 0.033326138 
151 590 11 13 0.033302967 
768 638 9 12 0.03327012 
703 534 10 13 0.033201132 
520 531 9 12 0.033196945 
342 321 9 11 0.033166282 
438 539 12 14 0.033142198 
30 215 9 11 0.03310245 
120 254 7 9 0.033064358 
181 654 11 12 0.033044692 
49 199 10 11 0.03301504 
272 311 8 9 0.03299871 
467 459 13 18 0.03299455 
687 556 12 15 0.032970287 
111 640 9 11 0.032959767 
137 445 8 11 0.032929793 
256 456 9 11 0.032917578 
693 602 13 17 0.032911558 
184 645 9 11 0.03289751 
242 421 8 10 0.032888114 
109 344 9 12 0.03287388 
280 265 8 9 0.032841504 
295 726 24 37 0.03283402 
104 237 8 10 0.032831885 
199 557 9 13 0.03283161 
341 239 9 12 0.032817252 
149 633 12 13 0.032791317 
201 199 7 8 0.032752663 
226 425 7 9 0.032749835 
92 366 10 12 0.03272442 
424 436 11 14 0.032643907 
159 678 9 10 0.032617066 
295 324 8 11 0.032606427 
153 741 13 16 0.03259555 
160 184 7 9 0.032505117 
808 167 8 10 0.03243135 
454 599 9 12 0.032426905 
118 231 7 9 0.03241186 
186 375 8 11 0.032311104 
172 398 12 14 0.032277435 
668 447 24 28 0.0322276 
129 189 7 9 0.03221359 
391 372 9 12 0.03218057 
763 738 12 14 0.032136653 
136 215 8 10 0.03212926 
885 683 11 15 0.032108784 
980 713 16 21 0.032107167 
1014 135 8 13 0.0320986 
167 486 9 12 0.032061514 
911 641 12 17 0.032034885 
127 677 11 14 0.03201258 
363 620 20 27 0.031978615 
87 530 9 12 0.031937916 
407 643 11 14 0.031937223 
586 578 14 19 0.031937014 
5 516 9 12 0.031935368 
24 404 10 14 0.031925138 
233 456 8 10 0.03190466 
295 532 11 15 0.031871438 
631 516 12 16 0.031867906 
126 224 7 9 0.03185607 
945 714 21 25 0.031837523 
74 503 8 10 0.031837467 
353 214 9 11 0.03181657 
215 196 9 11 0.03180312 
118 453 8 11 0.03180025 
429 405 12 14 0.03177595 
823 742 12 14 0.031767804 
584 558 18 27 0.031762306 
298 295 8 10 0.031762145 
89 222 8 10 0.031756915 
133 677 10 13 0.031754583 
881 657 13 17 0.0317491 
644 667 13 17 0.031738393 
199 192 7 9 0.031636614 
200 487 9 10 0.03157701 
625 573 11 14 0.031569194 
367 448 12 16 0.031552497 
949 699 14 16 0.031525813 
223 391 8 11 0.031521138 
545 374 10 12 0.03151422 
79 454 9 12 0.031505115 
173 629 11 13 0.031499214 
460 472 21 28 0.031498797 
772 711 13 18 0.031497896 
47 470 9 11 0.03148578 
372 360 12 14 0.03143776 
286 270 8 9 0.031435974 
924 643 14 17 0.031408142 
435 489 13 17 0.031309318 
881 611 10 13 0.03127807 
520 348 10 13 0.031273708 
56 718 9 12 0.03125621 
94 431 9 11 0.031234153 
328 336 7 10 0.031222096 
752 589 13 17 0.03120718 
109 517 10 14 0.031185873 
381 30 9 11 0.031146534 
355 628 13 19 0.031086324 
624 544 26 37 0.03106913 
889 543 9 11 0.031056086 
926 695 14 18 0.031049384 
39 447 9 11 0.031034676 
214 689 20 24 0.031004647 
137 373 8 11 0.030960916 
231 540 11 16 0.030947741 
889 639 20 26 0.03094669 
412 292 12 13 0.030920958 
614 326 8 12 0.030898115 
48 723 9 12 0.030881379 
98 678 8 11 0.030880548 
318 691 13 17 0.030876094 
113 501 9 12 0.030872744 
409 605 10 14 0.030852348 
265 462 8 10 0.03081966 
397 381 10 13 0.03077222 
911 726 13 17 0.030750336 
479 358 8 11 0.030725032 
222 287 8 10 0.030686283 
439 574 10 12 0.03060942 
460 672 13 19 0.030601216 
736 616 10 14 0.030600978 
271 527 9 12 0.030587625 
470 349 10 14 0.030576285 
774 669 9 12 0.030552546 
479 365 9 13 0.030534258 
1004 439 22 42 0.030530192 
801 661 10 13 0.030489942 
193 397 8 11 0.030472372 
341 551 10 13 0.030430706 
95 572 9 11 0.030414933 
177 175 7 9 0.030413035 
272 304 7 9 0.03040379 
518 582 10 13 0.030389305 
686 612 21 29 0.030377831 
351 525 10 13 0.030367773 
782 617 13 15 0.03030537 
921 159 10 13 0.030290298 
350 413 9 12 0.03024548 
80 673 8 10 0.030245215 
201 673 19 24 0.030241406 
154 185 7 8 0.030227402 
363 650 12 15 0.030215414 
201 296 8 9 0.03021078 
164 532 12 15 0.030175686 
214 214 8 10 0.03015643 
161 191 7 9 0.030136414 
320 336 8 10 0.030115526 
782 633 13 17 0.030087464 
128 213 8 10 0.030084128 
839 692 11 14 0.030073252 
176 300 9 12 0.03003074 
232 397 9 10 0.029998994 
256 359 7 10 0.029998036 
313 265 9 11 0.029997718 
203 501 10 13 0.02999376 
280 406 8 11 0.029967206 
80 725 10 12 0.029960597 
911 675 11 14 0.029953903 
675 452 14 16 0.029909791 
193 629 9 13 0.029904144 
138 249 7 9 0.02989521 
334 682 14 17 0.029886853 
77 439 8 11 0.029878242 
440 602 18 22 0.029861232 
73 214 9 12 0.029851196 
8 492 9 13 0.029823082 
257 532 10 13 0.029817265 
391 674 12 15 0.029817238 
168 175 6 9 0.029807087 
135 390 10 12 0.02980586 
399 366 10 13 0.02980176 
72 540 11 13 0.029786844 
47 534 8 10 0.029758416 
319 620 12 16 0.029707806 
629 210 12 15 0.02969991 
597 437 10 14 0.029677209 
896 631 11 13 0.029625174 
127 479 8 11 0.029588982 
373 453 10 14 0.029577639 
363 133 22 29 0.029555764 
197 548 10 13 0.029547572 
207 176 7 9 0.029538544 
105 446 11 12 0.02951927 
830 654 8 10 0.02949237 
526 678 11 14 0.029477619 
160 629 10 13 0.029450508 
477 648 12 17 0.029446937 
463 339 11 16 0.029440334 
326 317 9 11 0.029438999 
525 345 12 15 0.029400935 
903 653 13 16 0.029395686 
342 487 9 12 0.029384252 
325 621 12 15 0.029361967 
926 672 20 26 0.029317103 
244 597 10 13 0.029273618 
679 488 13 17 0.029273171 
302 25 10 11 0.029258804 
794 127 8 11 0.029257983 
246 493 9 12 0.029208064 
508 602 11 14 0.02920536 
726 648 9 12 0.029197546 
232 407 9 11 0.029191876 
429 95 8 11 0.02917789 
432 485 11 15 0.029167717 
64 437 8 11 0.029137105 
398 516 10 13 0.029132977 
183 470 9 11 0.029124899 
558 486 9 12 0.029115431 
272 319 7 9 0.029093128 
168 388 8 11 0.02909304 
56 734 9 12 0.029081037 
198 216 8 10 0.029033737 
45 735 10 14 0.029021278 
9 532 9 13 0.029013362 
462 599 10 12 0.029005034 
235 688 12 16 0.028989078 
234 325 7 11 0.028988099 
308 546 12 15 0.028984092 
235 293 8 10 0.028981548 
136 231 8 10 0.02897597 
21 710 10 11 0.028918887 
230 669 10 13 0.028904377 
57 484 9 11 0.02886868 
73 509 9 11 0.028826224 
15 643 10 14 0.028784642 
23 668 8 11 0.028763983 
490 310 11 14 0.028719677 
811 675 11 14 0.028690118 
638 625 11 14 0.028688112 
752 655 9 12 0.02868503 
509 649 12 15 0.028657354 
92 711 12 16 0.028618729 
537 381 10 13 0.02861436 
39 241 14 17 0.02861397 
36 495 10 12 0.028607283 
795 752 14 14 0.0286039 
385 375 9 11 0.028592825 
96 463 8 11 0.028587675 
239 407 10 11 0.028568782 
588 644 13 17 0.028564602 
231 460 8 11 0.028551094 
348 654 12 18 0.028542805 
894 632 19 24 0.02853064 
693 727 12 15 0.028522376 
875 540 10 13 0.028522212 
704 653 9 13 0.028497526 
304 374 9 11 0.028496701 
96 285 8 10 0.02846519 
250 311 8 9 0.028460689 
843 753 15 15 0.028454127 
248 487 9 10 0.028390406 
400 458 11 15 0.028325506 
626 655 12 15 0.028309036 
883 745 16 19 0.028297326 
144 660 9 13 0.028284283 
585 509 11 12 0.028270865 
271 643 10 12 0.028251039 
62 725 8 10 0.028239347 
297 279 7 10 0.028230064 
103 512 9 11 0.028224459 
879 733 15 17 0.02820884 
376 516 12 16 0.028205188 
126 247 7 9 0.02818307 
56 534 8 11 0.028181888 
0 237 9 12 0.028169064 
239 161 8 10 0.028143363 
54 542 9 11 0.028138863 
361 407 9 11 0.02812181 
484 635 11 15 0.0280912 
653 665 12 16 0.028087912 
233 263 7 9 0.028053235 
607 126 9 11 0.028049387 
191 289 7 9 0.02801959 
895 620 11 14 0.027973311 
1 230 9 12 0.027963351 
111 327 7 10 0.027962582 
254 700 9 13 0.027945772 
62 213 9 11 0.027941873 
40 510 8 10 0.02792398 
996 705 22 31 0.02792275 
376 533 10 13 0.027897682 
830 509 12 14 0.027861608 
160 341 8 10 0.02786106 
701 626 12 17 0.027836857 
460 85 10 11 0.027813382 
663 688 23 29 0.027807556 
365 549 11 15 0.027804228 
744 635 11 13 0.02779511 
152 651 11 14 0.027780833 
553 359 9 12 0.027744094 
430 750 11 13 0.027740102 
581 637 14 18 0.027734015 
191 428 9 12 0.027688526 
162 199 7 9 0.027668655 
103 272 8 9 0.027655534 
677 731 14 17 0.027646676 
263 398 9 11 0.027637966 
190 244 8 11 0.027624784 
84 548 9 12 0.027603164 
257 415 7 10 0.027600424 
567 475 10 13 0.027597884 
368 318 8 11 0.02757398 
4 182 8 10 0.027572537 
400 309 11 14 0.027546672 
255 461 9 12 0.02753017 
175 668 13 15 0.027516756 
93 506 11 14 0.027477233 
198 390 9 11 0.027457787 
192 514 10 13 0.027455281 
13 534 10 13 0.027428875 
457 485 22 29 0.027392931 
126 414 9 11 0.027389945 
215 239 7 10 0.027384654 
64 455 8 11 0.027373796 
437 646 10 13 0.027369201 
271 661 12 15 0.027367303 
343 682 12 16 0.027359152 
121 206 7 9 0.027347254 
728 652 10 13 0.027336901 
7 486 9 12 0.027331337 
36 266 10 14 0.02732145 
262 237 8 11 0.0273176 
702 580 11 14 0.027290976 
693 635 14 17 0.027245978 
13 753 13 15 0.027196525 
736 684 9 12 0.027156068 
766 725 11 14 0.027151972 
48 220 9 11 0.02715099 
281 435 8 11 0.027147003 
631 626 11 14 0.027139744 
304 333 7 10 0.027111022 
136 639 9 12 0.027110588 
605 329 11 13 0.02710079 
47 555 9 11 0.027083768 
552 575 11 13 0.027050987 
589 216 12 14 0.027037794 
303 327 8 10 0.027013173 
296 437 7 9 0.027006255 
351 342 8 11 0.027003469 
759 652 9 11 0.02699764 
70 520 9 11 0.026987517 
812 731 11 13 0.026985403 
94 248 9 11 0.026962088 
673 421 24 32 0.026961204 
655 630 11 14 0.026938252 
73 260 9 13 0.026931666 
209 238 7 9 0.02691805 
182 717 20 23 0.02691369 
70 742 10 13 0.026906855 
227 680 20 26 0.026902152 
32 460 10 12 0.026844444 
196 463 9 11 0.026835563 
129 690 11 15 0.026807565 
360 373 9 13 0.026801849 
342 707 10 14 0.02680069 
48 704 8 10 0.026771935 
93 303 8 9 0.026743565 
576 580 12 16 0.02673633 
32 510 9 11 0.026715327 
152 318 7 10 0.026702708 
9 692 11 13 0.026700309 
752 677 9 11 0.026680825 
169 183 7 9 0.026671737 
98 280 8 10 0.02666842 
917 676 13 18 0.026655199 
382 476 11 14 0.026639707 
303 540 10 13 0.026633194 
499 432 13 17 0.026620671 
248 668 12 16 0.026574872 
694 561 11 15 0.02654514 
153 168 7 9 0.026533246 
73 749 10 13 0.026526857 
152 311 8 11 0.026526578 
161 175 7 8 0.026496472 
458 78 10 11 0.026492536 
80 196 9 10 0.026490863 
31 729 9 13 0.026479905 
358 220 10 11 0.026460283 
914 647 20 24 0.026459783 
66 182 8 10 0.026453698 
832 667 19 25 0.02643699 
967 653 13 17 0.02641886 
167 678 9 11 0.026417868 
93 380 9 11 0.026407003 
109 559 10 13 0.026398703 
801 691 11 15 0.02639205 
502 610 10 14 0.026349474 
39 435 9 13 0.026347207 
162 743 13 15 0.026317889 
116 379 10 13 0.0262908 
198 542 10 14 0.02625051 
142 631 20 25 0.026242154 
30 746 11 15 0.026232729 
156 478 10 13 0.02622114 
164 359 9 11 0.026217805 
160 487 10 12 0.02621558 
8 702 10 12 0.026215425 
81 318 8 10 0.026172483 
30 256 11 13 0.026162727 
232 567 11 13 0.026153129 
172 502 11 14 0.026125174 
137 397 9 11 0.02610674 
579 432 14 19 0.026106227 
9 684 11 13 0.026066942 
255 381 8 10 0.026062945 
77 254 8 12 0.026037876 
893 544 10 12 0.026033793 
449 285 11 13 0.026020562 
678 689 13 15 0.02601802 
312 302 7 10 0.026013624 
23 638 10 13 0.02601245 
72 415 8 10 0.025999526 
33 517 10 12 0.02597494 
346 383 8 11 0.025972636 
190 422 8 11 0.02597007 
208 335 7 9 0.025956482 
993 738 17 21 0.025902739 
81 192 9 10 0.025898278 
348 675 23 29 0.02589528 
732 622 19 23 0.02588705 
509 428 12 16 0.025873974 
878 174 10 14 0.025870325 
559 503 9 12 0.025869137 
77 533 10 13 0.02586381 
215 485 9 12 0.025841247 
151 365 9 11 0.02584073 
130 510 9 12 0.025826516 
289 255 7 10 0.025815515 
573 645 23 32 0.025812933 
120 184 8 9 0.025798835 
343 356 9 11 0.025784565 
183 342 7 10 0.025766341 
801 652 20 25 0.02576279 
793 95 8 10 0.02573019 
756 678 10 12 0.025722578 
589 690 14 20 0.025711527 
205 692 19 22 0.025710786 
327 432 9 11 0.025689505 
367 310 8 11 0.025659356 
284 538 15 19 0.025637375 
401 344 12 18 0.02563277 
231 742 25 24 0.025617508 
872 620 10 13 0.025616674 
13 571 10 13 0.02561451 
365 348 10 13 0.025600165 
479 627 12 15 0.025566688 
289 384 8 10 0.025562875 
117 662 11 13 0.0255577 
783 626 20 26 0.025547724 
889 159 8 12 0.025541041 
47 501 9 11 0.025536098 
462 689 13 16 0.025511997 
438 292 9 12 0.02549439 
216 185 8 10 0.025494026 
214 453 8 11 0.025486322 
898 746 15 17 0.025484467 
305 390 8 11 0.025480282 
66 174 7 10 0.025470184 
116 518 10 13 0.025461977 
391 476 11 14 0.025435658 
331 661 22 28 0.0254232 
185 701 9 13 0.025406495 
193 343 8 11 0.025405657 
20 737 20 26 0.02540322 
375 380 9 11 0.025401479 
293 399 9 10 0.025385845 
732 533 11 14 0.025378842 
796 615 20 26 0.025359722 
482 617 19 25 0.025322882 
171 278 7 10 0.025292631 
703 713 13 17 0.02528947 
325 135 12 16 0.025285037 
139 738 14 18 0.025283905 
210 710 20 26 0.025273312 
636 202 13 15 0.025260054 
395 658 13 17 0.025257658 
404 622 19 25 0.025220143 
668 702 18 24 0.025209697 
706 551 14 18 0.0251956 
238 539 11 16 0.025180187 
30 711 8 10 0.025178373 
584 652 24 31 0.025162334 
329 534 10 15 0.02510662 
232 390 10 12 0.025096897 
337 348 8 11 0.025082093 
653 434 44 54 0.025076156 
61 206 9 11 0.025072696 
287 388 8 10 0.025038341 
343 615 10 13 0.025034009 
5 251 11 14 0.025020977 
183 184 8 9 0.02501225 
552 492 9 11 0.025011383 
159 352 8 10 0.024961427 
148 639 21 25 0.02492879 
299 507 19 23 0.024885511 
542 487 9 12 0.024871953 
473 618 10 14 0.024834301 
104 232 8 10 0.024833204 
976 183 9 11 0.024826104 
197 688 19 24 0.024822157 
885 665 12 16 0.024822071 
388 553 19 25 0.024790436 
239 610 10 13 0.024779238 
12 677 10 13 0.024764622 
469 733 15 19 0.024758738 
142 397 8 10 0.024735363 
600 508 10 12 0.024724731 
494 692 11 15 0.024717731 
102 750 11 14 0.024704743 
993 608 26 33 0.024701515 
767 627 11 14 0.024696277 
886 636 11 15 0.02467482 
70 710 8 12 0.024661595 
165 439 9 12 0.024660792 
577 574 12 14 0.024657544 
128 684 11 13 0.024644967 
743 644 10 12 0.02464461 
150 683 11 13 0.02462722 
376 524 11 14 0.024620874 
437 287 10 12 0.02461768 
234 359 7 10 0.024568347 
80 495 7 10 0.024567049 
719 211 14 18 0.024549766 
73 724 9 11 0.024508849 
286 565 10 14 0.024494154 
23 732 11 14 0.024460645 
248 501 10 14 0.02443899 
532 445 12 15 0.024413606 
126 502 11 13 0.024404733 
774 722 11 15 0.024390789 
295 388 8 10 0.024383334 
117 705 18 24 0.024371604 
213 231 8 9 0.024362845 
687 701 21 28 0.024362087 
344 662 19 28 0.024356361 
145 264 8 9 0.02434452 
869 722 12 15 0.024327226 
244 540 11 16 0.024325164 
159 538 12 15 0.024323853 
381 522 12 15 0.024313873 
379 698 15 19 0.024303718 
431 78 8 10 0.02424834 
175 272 9 11 0.02424822 
94 215 8 10 0.024240335 
130 734 21 27 0.02421873 
591 636 13 16 0.024216697 
815 166 9 11 0.024209594 
718 644 11 14 0.02419815 
177 414 9 12 0.024192812 
939 696 13 17 0.024183061 
185 290 8 10 0.024180166 
598 580 12 17 0.024175355 
145 336 8 11 0.02417485 
255 264 9 10 0.024171095 
464 524 11 14 0.024151057 
918 573 13 16 0.024128415 
80 526 9 11 0.024123631 
110 701 13 15 0.024118708 
350 564 12 14 0.024117103 
668 408 25 37 0.024109034 
264 334 8 10 0.024089886 
404 313 17 22 0.024083909 
30 660 9 12 0.024061648 
221 344 7 10 0.024057291 
381 738 13 19 0.024048494 
135 494 10 13 0.023959057 
584 502 11 13 0.023937803 
549 637 14 16 0.023887629 
70 166 9 11 0.023882374 
73 549 10 11 0.023881475 
143 463 10 11 0.0238734 
548 427 13 18 0.023870202 
101 701 11 14 0.023868347 
10 151 7 9 0.023845673 
473 633 20 25 0.023821598 
473 605 9 11 0.023816599 
111 669 21 26 0.023794303 
168 635 10 14 0.023793481 
411 283 13 14 0.023785613 
87 459 10 12 0.023766039 
138 358 8 11 0.023757422 
184 175 7 9 0.0237558 
373 693 14 16 0.02375321 
143 436 8 11 0.02373308 
477 79 9 11 0.023715347 
957 643 14 17 0.023704873 
402 316 11 15 0.023703968 
544 492 9 11 0.023691585 
100 654 10 12 0.023681965 
148 711 15 17 0.023677532 
207 494 9 11 0.023676287 
112 255 7 9 0.023666918 
390 666 13 18 0.02366396 
718 723 14 17 0.023660285 
345 290 7 10 0.023651008 
840 656 9 10 0.023648744 
487 355 9 11 0.023640694 
149 413 9 12 0.023628304 
265 254 7 9 0.023612455 
391 75 9 12 0.023610355 
312 349 9 11 0.023581622 
622 401 11 13 0.023573903 
951 646 24 29 0.023567941 
200 374 8 10 0.023566645 
209 390 8 11 0.023565704 
362 437 18 22 0.023565697 
901 558 11 15 0.023564592 
485 605 10 13 0.023559213 
614 451 12 16 0.023554916 
510 724 35 38 0.023550346 
91 396 8 11 0.02354418 
22 176 7 9 0.023523524 
254 336 7 10 0.023513563 
127 485 8 11 0.023468396 
208 182 8 10 0.023468167 
32 616 8 10 0.023465486 
611 534 29 41 0.02343544 
184 382 8 10 0.023431296 
361 548 10 14 0.0234309 
105 329 8 9 0.023430042 
54 190 8 10 0.023396688 
463 629 10 13 0.023393271 
583 486 8 11 0.023388075 
278 636 9 12 0.023385752 
199 430 9 11 0.023382466 
22 547 9 12 0.023382215 
303 317 8 10 0.023375066 
38 461 9 11 0.023361757 
257 555 12 14 0.023351574 
619 593 20 26 0.023339344 
647 745 15 19 0.023333868 
462 482 14 19 0.02332693 
39 756 11 12 0.023311388 
549 404 10 13 0.023300048 
214 222 7 10 0.023275562 
104 254 8 10 0.023266656 
183 199 7 9 0.023247393 
459 283 11 13 0.023198104 
238 487 10 13 0.02319736 
23 445 10 13 0.023138598 
214 391 9 11 0.023134012 
497 428 11 15 0.023133652 
80 588 9 13 0.023132347 
224 397 7 10 0.02311998 
335 481 9 10 0.023101775 
411 614 10 14 0.023086458 
191 157 9 11 0.023084156 
6 362 14 20 0.023066591 
118 676 12 16 0.02305755 
743 622 20 24 0.023053238 
424 597 11 14 0.023046935 
128 430 9 12 0.023044202 
160 506 12 16 0.023037791 
192 277 9 11 0.02303773 
24 182 8 11 0.023032185 
336 319 9 11 0.023014758 
374 372 9 12 0.023013901 
92 747 11 14 0.023003785 
854 702 13 16 0.022977162 
282 367 8 10 0.022962522 
191 270 8 12 0.022950355 
424 576 9 11 0.02292621 
452 444 16 19 0.022922039 
57 518 8 10 0.022916706 
292 154 12 15 0.022910997 
518 341 10 13 0.022909962 
751 690 13 15 0.02290644 
38 653 10 12 0.02289465 
29 628 9 11 0.022893893 
595 554 16 21 0.02287327 
760 709 11 15 0.022857957 
358 724 12 16 0.022857588 
190 253 8 10 0.022857085 
223 548 11 15 0.022841813 
8 346 23 30 0.022820234 
775 685 10 13 0.02279761 
128 286 7 9 0.022793582 
7 526 9 12 0.022772297 
625 580 12 17 0.02275513 
365 540 11 14 0.022748156 
501 753 13 15 0.022745283 
686 597 22 30 0.022739409 
31 447 9 12 0.022718435 
528 119 8 10 0.022706985 
930 639 20 26 0.022699187 
344 470 9 12 0.022684988 
389 454 12 16 0.022684624 
252 645 10 12 0.022677543 
473 638 11 14 0.022674283 
23 350 10 12 0.022657998 
70 381 10 14 0.022655522 
217 359 8 10 0.022652023 
169 255 8 9 0.02264036 
153 174 7 9 0.022622293 
545 632 25 30 0.02261952 
526 648 16 21 0.022611313 
216 375 8 11 0.022610031 
193 199 7 8 0.022607414 
312 334 8 10 0.022602797 
216 476 10 12 0.022601891 
376 607 10 14 0.022596234 
486 96 8 10 0.022585275 
922 731 15 19 0.02252573 
199 454 8 11 0.022507843 
127 437 10 12 0.022504805 
782 645 10 14 0.022468848 
397 443 11 13 0.022468645 
919 714 13 16 0.02246778 
136 438 8 11 0.022465702 
193 457 8 10 0.022465033 
374 570 11 13 0.02244012 
363 735 24 27 0.022433707 
526 610 10 14 0.022423029 
695 686 11 15 0.022406833 
128 407 8 10 0.022397453 
118 725 12 15 0.022364933 
232 271 8 10 0.022325337 
260 563 15 18 0.02231226 
712 149 11 13 0.022291377 
984 195 11 14 0.022281697 
263 414 8 10 0.022269256 
105 296 8 10 0.022264617 
398 581 10 12 0.022253087 
281 389 8 11 0.022230376 
87 686 9 11 0.022228584 
71 461 8 11 0.022227159 
316 517 10 13 0.022218093 
369 726 24 29 0.02221383 
88 214 9 11 0.022191025 
586 591 14 17 0.022183029 
333 382 8 10 0.022172002 
324 693 12 16 0.02217149 
740 593 20 28 0.022164088 
249 348 8 9 0.022156075 
78 214 10 12 0.022150442 
159 671 10 12 0.022141049 
16 662 9 11 0.022132946 
270 574 13 16 0.02211797 
705 665 18 25 0.022116419 
262 231 8 11 0.022103032 
921 656 19 23 0.022098497 
194 391 8 10 0.022091934 
168 350 8 10 0.02208467 
17 176 8 9 0.022077063 
300 678 16 19 0.02207267 
905 654 21 24 0.02206246 
303 548 10 14 0.022057174 
287 236 8 11 0.022056421 
113 493 9 12 0.022046238 
161 499 11 14 0.022032496 
335 470 9 10 0.02203134 
628 542 16 21 0.022017902 
984 189 10 13 0.022011401 
272 479 10 12 0.02200472 
635 402 12 16 0.022002477 
79 412 8 11 0.021985484 
357 726 20 26 0.021976244 
838 724 13 16 0.021961838 
309 295 9 11 0.021954611 
178 335 7 10 0.021943111 
895 740 13 17 0.02193406 
701 615 20 25 0.021930939 
997 320 26 33 0.021910407 
734 430 24 33 0.021893661 
446 387 11 15 0.021889215 
758 727 12 15 0.021845149 
251 654 11 13 0.021842001 
807 171 11 15 0.021834044 
287 263 9 10 0.021826576 
105 487 8 10 0.021826567 
249 325 8 10 0.021820577 
263 405 9 11 0.021800775 
216 293 8 10 0.021799639 
12 499 11 15 0.021779945 
88 655 11 12 0.021768624 
308 142 13 15 0.021766912 
965 722 27 33 0.021766014 
81 519 7 10 0.02173847 
185 254 8 10 0.021732079 
220 394 234 253 0.021724613 
247 658 12 15 0.021704454 
732 749 13 15 0.02169978 
765 687 10 13 0.021695936 
223 333 7 10 0.021666963 
789 593 13 16 0.021653565 
428 418 12 16 0.021646434 
233 413 8 11 0.021624332 
53 228 10 13 0.02161408 
95 296 7 9 0.021600252 
112 190 7 9 0.021593994 
132 535 11 14 0.021591611 
127 329 8 10 0.021586921 
83 311 8 10 0.021583376 
62 559 9 11 0.021581965 
665 698 45 54 0.021575345 
290 311 7 10 0.02156982 
93 438 9 12 0.021564981 
125 657 11 14 0.021561483 
225 630 10 13 0.021558134 
217 311 8 10 0.02154352 
90 296 7 10 0.0215368 
333 619 12 16 0.021535782 
414 625 19 26 0.021529106 
629 636 12 15 0.021521669 
120 414 8 11 0.02151962 
77 737 20 26 0.021507608 
333 391 8 10 0.021494528 
432 470 11 14 0.021492729 
312 452 10 13 0.02148013 
311 23 10 12 0.021472575 
316 509 10 15 0.02147195 
88 521 8 11 0.021462128 
745 136 10 12 0.021433957 
248 360 7 9 0.021433085 
356 526 12 14 0.021431373 
699 601 13 17 0.021420058 
122 358 9 11 0.02141029 
80 174 7 8 0.021407219 
1012 325 12 19 0.021390907 
1004 719 13 19 0.021390777 
616 293 9 12 0.021390501 
934 594 25 32 0.021380607 
89 646 8 10 0.021378048 
114 246 8 9 0.02137631 
730 573 20 26 0.021373153 
278 249 8 10 0.021346541 
78 408 9 10 0.021337759 
209 454 8 11 0.02130668 
824 672 19 24 0.021305095 
211 191 7 10 0.02129684 
282 292 10 12 0.021296175 
249 265 8 10 0.021291742 
112 289 8 9 0.021279357 
167 200 8 9 0.0212756 
0 718 9 11 0.021266876 
7 540 11 15 0.021248518 
635 518 13 17 0.021245886 
230 554 10 14 0.021237226 
134 726 13 16 0.021236531 
572 552 21 25 0.021226905 
427 628 11 13 0.0212237 
574 442 14 17 0.021218743 
721 211 30 35 0.021214651 
234 278 7 10 0.021212762 
491 575 12 16 0.021194756 
640 455 27 30 0.02119391 
223 279 8 9 0.021193454 
246 407 8 10 0.021189237 
487 102 7 9 0.021182815 
911 404 15 18 0.021180179 
313 311 8 10 0.021170426 
541 532 13 15 0.021162089 
183 232 8 10 0.021126574 
160 620 12 16 0.021120638 
255 318 8 11 0.021115718 
688 687 19 26 0.021100754 
885 606 10 14 0.021096664 
255 422 8 10 0.021070525 
725 731 11 15 0.021065408 
391 358 9 13 0.021053629 
688 655 10 12 0.021038953 
671 597 13 17 0.021038428 
1 250 10 14 0.021033859 
72 245 9 12 0.021027382 
878 630 11 15 0.021026962 
812 692 11 14 0.021022586 
342 523 10 13 0.0209955 
4 236 11 14 0.020993734 
344 563 11 14 0.020991366 
661 630 10 14 0.020979868 
334 397 9 11 0.020949204 
90 391 9 12 0.020940688 
199 564 9 11 0.020938007 
920 622 13 16 0.020929612 
423 591 10 13 0.020908728 
112 739 11 16 0.02090223 
461 92 10 11 0.020899985 
274 571 20 26 0.020899331 
422 605 10 14 0.020889932 
640 134 8 10 0.020888297 
273 262 7 9 0.02088526 
702 586 11 15 0.020874074 
87 237 7 10 0.02086912 
671 480 13 18 0.020859169 
99 500 10 13 0.02085181 
822 745 22 24 0.02083603 
143 231 8 9 0.020829288 
152 358 10 13 0.020814119 
647 592 20 26 0.020794492 
559 594 13 16 0.02077515 
564 578 21 27 0.020773431 
773 605 11 14 0.020766996 
72 662 8 10 0.020759156 
314 344 7 10 0.020756256 
5 725 9 13 0.020747017 
279 630 8 11 0.020744255 
473 587 10 13 0.02074378 
393 583 9 12 0.0207366 
750 703 10 12 0.020735806 
88 196 8 10 0.020731613 
199 169 8 9 0.020725487 
761 620 20 25 0.020722125 
308 391 10 12 0.020715661 
428 527 19 22 0.020703942 
79 335 9 12 0.020700302 
136 189 7 9 0.020694688 
400 355 11 15 0.020688087 
184 168 7 8 0.020687807 
494 342 12 15 0.020674951 
122 350 9 12 0.020673765 
121 191 7 8 0.020657623 
121 398 7 10 0.020639053 
515 519 19 26 0.020628242 
937 644 22 28 0.020612419 
624 400 19 25 0.020611383 
55 453 10 12 0.020608792 
104 285 8 11 0.020604441 
24 359 241 252 0.020601543 
66 166 8 10 0.02059952 
542 638 13 18 0.02058302 
184 421 8 10 0.020560239 
137 254 6 9 0.020555802 
207 319 8 9 0.0205491 
315 677 13 16 0.02054584 
175 430 9 10 0.020541916 
258 238 8 11 0.02053291 
899 624 21 28 0.020529779 
1014 188 9 13 0.020519841 
545 125 8 10 0.020515723 
345 389 9 12 0.020509502 
161 159 7 8 0.020503048 
181 557 11 13 0.020468412 
283 449 20 26 0.020464024 
557 633 26 32 0.020455949 
176 654 12 13 0.020454405 
491 323 13 17 0.020453503 
55 751 10 13 0.020424379 
216 263 8 10 0.020408228 
192 621 10 13 0.020385629 
964 738 27 29 0.020377489 
191 486 10 12 0.020370556 
430 268 19 23 0.020368515 
113 182 7 10 0.020365452 
431 107 9 11 0.020362915 
850 710 19 22 0.020328013 
635 538 14 19 0.020319182 
366 533 11 14 0.020286173 
45 756 11 12 0.020263573 
297 606 8 11 0.020244312 
149 428 10 13 0.020243911 
606 485 12 14 0.020239037 
430 591 19 25 0.02022353 
6 477 8 12 0.020221494 
175 490 11 14 0.020216152 
694 676 11 14 0.020214256 
127 422 8 10 0.020213664 
485 31 8 10 0.020213258 
0 181 9 13 0.020199846 
412 342 11 16 0.020186873 
216 254 8 10 0.020167923 
408 641 21 26 0.020166028 
70 183 8 10 0.020156907 
322 155 14 16 0.020154387 
367 325 10 13 0.020145115 
79 383 9 11 0.020142175 
662 729 28 31 0.020136887 
312 328 7 9 0.02012431 
535 635 25 31 0.020123037 
677 733 24 27 0.020121768 
400 87 8 10 0.020109182 
176 287 8 10 0.02010174 
515 598 20 26 0.020101469 
423 270 9 12 0.020071587 
50 241 15 18 0.02005431 
655 446 27 33 0.020045694 
569 326 8 11 0.020043338 
476 490 12 16 0.020041129 
328 100 10 12 0.02003007 
190 494 19 24 0.020029359 
231 530 12 17 0.02002915 
456 312 21 26 0.020029074 
16 478 9 11 0.020026103 
232 505 10 13 0.020022748 
685 600 14 19 0.020006245 
