2_Demonstration_Demonstrators_2_546
179
943 168 28 37 0.9948192 
800 203 26 30 0.7895713 
322 199 28 36 0.6955037 
478 171 15 20 0.66973466 
986 154 13 18 0.42606133 
219 158 25 31 0.35787094 
607 152 21 30 0.32353958 
817 155 22 30 0.29526517 
890 152 14 18 0.28964838 
198 198 14 16 0.28306818 
998 180 12 16 0.2804941 
983 160 15 21 0.23600748 
147 180 22 28 0.21811296 
383 188 13 17 0.19310975 
691 127 13 17 0.17499524 
328 133 10 12 0.17075215 
842 177 14 18 0.15699567 
108 273 14 22 0.1372806 
359 135 11 15 0.13305117 
529 157 14 18 0.1330505 
434 181 16 25 0.12839387 
389 132 14 18 0.12578294 
302 227 14 16 0.10952855 
203 135 185 233 0.10604381 
948 148 10 13 0.10395071 
420 131 14 18 0.10246816 
675 126 12 16 0.09689352 
175 212 12 17 0.09147416 
282 172 17 23 0.08682473 
887 140 11 14 0.07956035 
774 166 12 16 0.07171601 
396 131 11 17 0.070945725 
327 196 19 25 0.069986455 
164 202 11 16 0.06565057 
323 135 9 11 0.06506331 
298 221 24 24 0.06366522 
157 192 14 19 0.061948936 
442 148 17 17 0.06185454 
111 273 24 30 0.06095045 
493 172 14 19 0.059541676 
797 187 40 50 0.05801607 
342 146 11 14 0.057326153 
143 180 13 16 0.054674417 
949 168 40 48 0.0515532 
352 127 10 12 0.049579293 
276 165 13 17 0.04863397 
710 155 24 28 0.048304494 
413 160 14 18 0.047807712 
587 154 14 20 0.047633655 
674 127 20 25 0.046906058 
260 143 13 18 0.04687603 
144 186 14 19 0.04529289 
568 110 11 13 0.045217752 
378 184 23 29 0.044557728 
815 156 15 20 0.043673452 
604 290 24 33 0.0431679 
420 160 14 19 0.04304721 
684 134 15 19 0.042533495 
673 131 11 16 0.042317145 
999 157 11 16 0.041093152 
943 154 22 30 0.040817916 
606 149 15 20 0.04037183 
993 179 21 28 0.040311024 
822 152 12 17 0.039901704 
820 165 25 33 0.0397675 
597 151 20 30 0.0397104 
1005 173 13 17 0.039589413 
907 177 14 17 0.039545737 
327 139 12 15 0.038922165 
249 138 22 29 0.03872979 
486 227 15 20 0.038310777 
663 170 12 16 0.03814946 
450 221 15 19 0.037223775 
156 176 14 17 0.03710963 
411 138 24 31 0.037050232 
482 166 21 28 0.03680716 
755 144 16 20 0.036690038 
131 202 12 17 0.036655486 
448 228 37 56 0.036034156 
316 224 13 17 0.035548598 
988 157 20 29 0.035506234 
357 128 11 14 0.035450947 
307 215 27 29 0.03536609 
413 138 14 18 0.03484147 
437 150 17 21 0.03478623 
124 273 26 34 0.03444243 
160 180 15 19 0.034210347 
717 151 14 14 0.03367703 
670 171 14 17 0.032996293 
352 133 11 14 0.032945562 
899 216 12 17 0.032746334 
616 158 17 23 0.03208767 
271 164 12 15 0.031664938 
549 166 11 16 0.031502888 
1004 162 12 16 0.031363036 
182 187 13 16 0.0312814 
973 156 15 18 0.031141296 
461 221 14 19 0.030726513 
334 129 9 13 0.03040287 
542 163 12 16 0.030064998 
525 167 15 18 0.030051496 
438 151 27 32 0.030020768 
537 275 13 18 0.029668314 
274 162 23 30 0.029447809 
138 173 38 49 0.029253243 
802 198 17 21 0.029055478 
140 172 22 29 0.028838543 
942 153 13 18 0.028782321 
350 140 11 15 0.028737156 
519 181 14 17 0.028465511 
158 192 21 30 0.02812484 
992 167 20 28 0.028010804 
213 154 17 21 0.027935112 
410 152 23 31 0.027677031 
106 269 11 16 0.027624002 
435 165 29 38 0.027532386 
767 162 13 19 0.027459063 
814 206 21 25 0.027419118 
470 100 11 15 0.027262 
702 148 26 31 0.027207484 
334 145 11 15 0.027104558 
424 139 24 30 0.02709129 
430 171 14 19 0.026988463 
527 151 13 17 0.026887903 
708 161 16 18 0.02660292 
676 163 14 18 0.026476767 
702 147 15 18 0.026171297 
756 158 14 20 0.026039938 
969 222 44 68 0.02554602 
295 301 15 18 0.025380382 
769 166 21 29 0.025111994 
270 177 27 34 0.02497511 
978 200 15 19 0.024779845 
877 154 14 18 0.024388632 
320 139 11 13 0.024347913 
287 225 31 29 0.024266949 
600 151 37 49 0.024239648 
454 223 24 34 0.024179226 
768 170 14 18 0.024097938 
252 229 61 55 0.024096439 
222 197 13 17 0.023991026 
480 223 24 33 0.023868078 
202 191 23 28 0.023760129 
228 196 14 18 0.023660684 
274 181 48 55 0.02349171 
405 131 15 20 0.02341969 
382 135 16 20 0.023390658 
136 270 24 36 0.02291876 
763 141 15 18 0.022624686 
517 178 24 29 0.022510543 
270 119 9 12 0.022467984 
879 150 20 26 0.022328364 
163 202 21 28 0.022287276 
426 167 22 31 0.0221322 
288 199 48 49 0.022128882 
334 207 20 26 0.021917762 
992 187 13 16 0.02179907 
707 140 17 18 0.021380508 
569 143 28 38 0.021349669 
423 238 197 267 0.0213163 
391 130 20 28 0.021117544 
763 152 15 20 0.021097897 
534 267 22 31 0.020981938 
337 137 21 28 0.02094669 
693 155 12 17 0.020864164 
708 149 15 16 0.020849776 
372 171 14 18 0.020829318 
810 174 30 40 0.020731173 
430 334 11 16 0.020716267 
883 138 23 27 0.020646162 
353 133 20 25 0.02064465 
532 156 21 28 0.020527145 
204 228 111 115 0.020498836 
286 301 27 35 0.020489125 
414 127 14 18 0.020282226 
690 155 24 31 0.02021059 
149 200 13 17 0.020165376 
278 244 33 32 0.02003655 
981 187 13 18 0.0200352 
