2_Demonstration_Protesters_2_542
61
604 167 66 92 0.99879766 
15 97 62 84 0.99652064 
856 86 17 22 0.88939565 
921 99 18 22 0.7478026 
437 140 12 15 0.1251501 
650 421 57 75 0.11010376 
197 348 70 50 0.076254845 
766 70 11 13 0.07586829 
215 153 8 10 0.07151438 
22 12 13 17 0.07142685 
775 82 10 12 0.06725535 
910 254 11 14 0.065627344 
224 179 8 11 0.06435988 
191 139 9 13 0.056538265 
193 135 9 13 0.056467928 
197 133 10 13 0.056421578 
510 127 11 13 0.054705832 
14 14 12 15 0.05009499 
853 116 10 13 0.04843454 
3 555 91 155 0.045718756 
246 148 10 12 0.033718415 
768 85 10 12 0.033692498 
852 109 13 15 0.031595424 
765 96 13 17 0.030990705 
769 64 9 12 0.030384613 
506 131 10 14 0.029016577 
201 152 8 9 0.028596519 
259 287 24 31 0.028018713 
207 152 9 10 0.027882295 
247 141 10 13 0.027699549 
550 87 9 11 0.027464435 
307 217 48 82 0.02730651 
593 12 13 16 0.027177515 
356 376 68 55 0.026336964 
599 111 10 11 0.025610585 
192 150 7 9 0.02491888 
200 157 8 10 0.024710057 
240 133 9 11 0.024293033 
847 84 15 20 0.023984406 
241 126 9 11 0.023951873 
631 448 63 59 0.023948815 
486 137 12 14 0.02384292 
671 132 9 11 0.023656463 
705 111 8 10 0.023467608 
246 135 10 12 0.02307613 
644 102 9 12 0.022288563 
497 104 8 10 0.02226744 
871 157 11 12 0.022266412 
496 117 8 11 0.022241687 
484 126 12 14 0.022072831 
262 313 26 29 0.02180738 
519 120 9 11 0.021714637 
12 7 13 14 0.021678966 
253 141 9 11 0.021499217 
608 425 68 74 0.021478971 
762 101 24 32 0.021421421 
272 150 10 11 0.0212464 
10 10 23 28 0.020975167 
512 102 9 12 0.020634042 
470 130 13 15 0.02030292 
491 133 11 14 0.020225806 
