2_Demonstration_Demonstration_Or_Protest_2_813
152
539 357 21 28 0.8661118 
835 376 24 29 0.8074611 
802 289 20 21 0.5343488 
250 331 27 35 0.44489092 
700 450 17 27 0.40639624 
239 330 26 36 0.3791543 
702 390 13 17 0.37335327 
653 443 17 21 0.3190883 
706 475 28 42 0.25182882 
870 381 21 27 0.24695507 
463 389 13 15 0.21910867 
495 370 19 31 0.1633392 
906 394 19 22 0.145265 
805 317 12 15 0.13661282 
661 389 12 17 0.13270813 
329 350 23 28 0.12194122 
694 384 22 27 0.1106253 
481 335 8 11 0.1089457 
647 429 14 18 0.0988364 
856 378 23 32 0.09693755 
685 456 15 19 0.08938479 
449 367 9 14 0.08755649 
650 434 16 20 0.0854407 
913 381 22 30 0.075207636 
923 378 14 23 0.07087042 
888 389 22 27 0.066405736 
915 399 15 19 0.062540285 
658 437 22 28 0.061567172 
422 390 10 14 0.061446093 
445 333 8 11 0.05985638 
481 556 8 12 0.05912096 
398 537 14 20 0.058190208 
466 372 21 28 0.05813593 
877 385 22 29 0.058018155 
547 351 23 32 0.05797892 
487 357 10 14 0.05795374 
482 363 19 30 0.057099216 
473 363 19 28 0.056973938 
832 377 15 22 0.05433176 
639 445 11 16 0.053475212 
704 454 23 32 0.05292522 
315 352 15 20 0.052686334 
528 358 20 30 0.051069796 
483 339 12 13 0.049887214 
760 398 10 13 0.049765307 
352 394 11 15 0.046070684 
602 367 14 16 0.04496007 
191 485 10 15 0.044741362 
235 335 18 26 0.044482253 
708 383 13 15 0.04354512 
678 452 12 17 0.04345748 
884 376 21 32 0.041929606 
399 539 23 29 0.041639853 
667 446 15 21 0.041607488 
471 351 9 11 0.040386334 
647 316 11 15 0.040373404 
460 380 21 26 0.039734922 
16 9 12 16 0.038652264 
620 425 14 18 0.037917495 
916 358 11 15 0.036374018 
465 344 8 9 0.035992563 
505 373 17 24 0.03520014 
427 403 12 15 0.03448293 
466 394 13 15 0.034085948 
893 377 23 30 0.03392073 
905 413 25 33 0.03390761 
448 358 9 11 0.033677213 
357 370 11 16 0.03338057 
492 357 10 15 0.033192895 
846 361 25 33 0.033027876 
646 441 16 20 0.032988235 
662 389 22 26 0.032481514 
623 351 10 11 0.032410156 
509 348 13 15 0.032355305 
781 366 10 13 0.03187738 
28 0 14 14 0.031774748 
861 357 14 17 0.031766735 
472 344 8 9 0.031688266 
480 359 10 14 0.031153817 
525 383 15 21 0.031013709 
674 446 21 29 0.030977078 
716 475 16 21 0.029792799 
201 289 205 233 0.029703997 
847 381 19 25 0.029628599 
912 350 10 11 0.029623091 
781 307 13 15 0.029547945 
916 369 16 25 0.029064171 
519 311 10 12 0.028784076 
416 335 8 10 0.028194597 
513 368 20 29 0.027934248 
654 423 25 31 0.027678015 
564 352 14 22 0.027572617 
910 361 15 18 0.027499719 
499 362 15 24 0.02670218 
671 322 13 15 0.026400363 
862 493 13 15 0.02629995 
424 341 9 11 0.026179967 
471 358 11 15 0.025943093 
870 398 26 34 0.025895797 
884 370 14 22 0.025735494 
414 517 13 16 0.025661925 
486 384 12 18 0.025614528 
797 309 14 19 0.025563035 
686 446 42 64 0.025345407 
347 361 21 29 0.025296139 
799 302 22 28 0.025156725 
317 353 22 27 0.02470418 
825 391 16 21 0.024465738 
909 402 23 29 0.024459451 
24 0 12 12 0.024419976 
446 327 9 12 0.024368899 
445 367 19 24 0.02410456 
524 369 20 29 0.024040224 
326 348 16 21 0.023907796 
698 467 26 35 0.023811797 
781 316 13 16 0.023738325 
492 362 14 21 0.023463113 
427 530 13 18 0.023357697 
415 389 12 14 0.023236511 
723 293 13 15 0.022943439 
478 385 13 17 0.022842877 
583 322 10 14 0.022816047 
82 4 13 16 0.02258887 
213 440 31 33 0.022487724 
414 533 25 29 0.022474978 
540 349 16 22 0.022107305 
645 420 13 17 0.022099538 
667 403 14 16 0.022051265 
510 342 12 14 0.022020146 
262 323 24 36 0.021802487 
525 393 14 19 0.021696487 
1 6 9 15 0.021689754 
910 418 15 19 0.021483222 
798 295 16 19 0.021461714 
748 325 16 21 0.021440484 
441 327 10 13 0.021395313 
630 397 11 13 0.021211417 
749 268 10 14 0.021192312 
707 445 14 22 0.021125883 
658 453 17 21 0.02102807 
509 332 11 12 0.020982454 
0 52 9 18 0.020758072 
637 443 22 29 0.02068282 
462 369 17 21 0.020679466 
638 411 14 18 0.020667372 
692 456 21 28 0.020578545 
936 186 62 63 0.020450627 
485 374 21 31 0.020417234 
133 36 13 16 0.02038377 
23 -1 22 24 0.02021053 
691 431 23 29 0.020169228 
686 444 14 17 0.020118408 
