2_Demonstration_Protesters_2_779
75
5 339 107 156 0.99981827 
613 232 28 37 0.9989976 
553 398 85 104 0.9937358 
975 418 45 54 0.9811003 
727 366 67 90 0.97980106 
111 418 54 71 0.939994 
449 355 27 34 0.70332557 
699 432 25 38 0.5650068 
436 337 17 21 0.4240935 
493 463 47 58 0.3763912 
614 350 43 52 0.27141178 
418 351 17 23 0.21239597 
52 370 89 116 0.19258173 
389 365 30 44 0.13865864 
424 339 21 29 0.11667467 
435 337 26 34 0.11054354 
925 405 24 32 0.08434194 
858 345 15 18 0.06813114 
368 672 47 50 0.067166954 
942 393 26 39 0.064140506 
407 364 26 34 0.06279944 
639 262 24 30 0.056953218 
912 376 45 59 0.053449582 
922 424 18 22 0.047892965 
902 396 14 19 0.04300327 
885 404 10 14 0.04057576 
874 420 13 15 0.040464092 
932 404 14 20 0.040189166 
447 632 47 76 0.039748605 
952 389 25 36 0.039039075 
418 367 17 22 0.039038744 
932 396 24 36 0.037308306 
405 341 16 17 0.036919978 
433 356 30 38 0.0349007 
405 348 27 35 0.033159878 
957 423 28 36 0.032845233 
417 395 14 17 0.031463195 
618 377 35 48 0.030704143 
974 372 12 15 0.03023586 
849 423 27 31 0.029950589 
387 447 17 23 0.029531771 
469 347 15 18 0.02818932 
860 413 28 33 0.028161516 
421 342 14 18 0.027170429 
211 341 121 102 0.026767233 
504 497 234 255 0.026448127 
219 435 58 49 0.025106076 
629 216 16 20 0.02494254 
712 387 56 75 0.024717731 
680 427 27 38 0.024658164 
632 370 19 26 0.024599183 
406 380 26 33 0.024597792 
112 390 52 67 0.024131179 
653 415 46 59 0.023962438 
557 278 14 18 0.023954196 
424 359 16 22 0.023879532 
644 241 14 19 0.023627412 
417 618 87 124 0.023603097 
693 412 45 61 0.02312418 
956 390 16 20 0.022493303 
493 292 26 30 0.02221724 
506 298 14 17 0.022073768 
428 332 18 23 0.021829413 
242 380 64 54 0.021712733 
381 362 25 41 0.021305151 
418 445 43 50 0.02108963 
602 343 37 37 0.021053074 
661 425 28 39 0.020839468 
632 0 10 11 0.020750016 
956 506 28 38 0.020696035 
191 598 274 219 0.020631958 
462 345 25 30 0.02054682 
328 654 101 92 0.020391425 
86 403 85 117 0.020318614 
979 370 28 32 0.020008078 
