2_Demonstration_Protesters_2_178
109
265 496 66 85 0.99883777 
742 510 61 63 0.9985837 
551 541 66 77 0.99783236 
61 542 74 87 0.99752563 
633 516 57 72 0.9956825 
767 109 50 57 0.99546427 
599 105 44 56 0.9797024 
679 20 44 56 0.9702766 
915 574 65 67 0.9684977 
1 84 32 47 0.93199134 
467 77 53 64 0.88697004 
366 67 37 45 0.7985467 
241 620 46 51 0.6863525 
282 394 45 49 0.52564687 
59 72 52 62 0.4573475 
109 25 13 16 0.37197357 
305 386 36 52 0.27566588 
142 59 33 35 0.26959252 
420 162 71 63 0.23383205 
185 35 27 34 0.2188847 
291 13 17 19 0.20831192 
857 272 43 67 0.14728273 
926 280 26 43 0.14476147 
228 79 57 64 0.10585118 
289 16 23 28 0.08725626 
138 429 37 49 0.081135966 
204 630 39 42 0.07983972 
452 488 42 57 0.078630604 
5 195 15 21 0.07825158 
104 20 12 14 0.07269988 
725 389 33 37 0.06870619 
443 99 81 109 0.0682977 
606 445 31 39 0.066778526 
701 98 25 39 0.0629354 
355 150 112 114 0.059581205 
436 176 76 69 0.05218927 
587 523 70 90 0.050922748 
309 1 15 16 0.04949436 
638 447 28 33 0.04643288 
716 651 25 26 0.04610431 
219 314 32 45 0.046005435 
321 391 27 43 0.045008298 
521 183 57 57 0.04374749 
495 195 65 51 0.043641556 
893 546 55 65 0.043444905 
940 560 44 54 0.043358896 
415 170 37 33 0.04183219 
233 283 47 69 0.041022673 
160 163 15 20 0.04046441 
51 129 25 33 0.040288854 
646 457 16 19 0.040153872 
332 -1 13 12 0.039550804 
923 242 17 21 0.03919022 
103 72 33 39 0.03809023 
774 260 13 15 0.03764455 
100 14 10 13 0.036571417 
125 65 53 59 0.03624758 
394 160 66 59 0.035161376 
425 174 46 35 0.03463764 
190 200 49 80 0.033241022 
9 88 52 65 0.032991026 
654 412 13 17 0.032928336 
813 36 52 65 0.03286718 
51 67 39 49 0.032522492 
113 250 17 20 0.032458037 
495 106 59 75 0.032025594 
345 71 51 65 0.031408384 
473 62 38 48 0.030223941 
222 238 48 73 0.02992325 
80 80 57 66 0.02982356 
575 231 422 485 0.028587133 
254 301 35 56 0.028067114 
546 5 392 446 0.027993802 
10 160 27 30 0.026978377 
583 109 38 45 0.026768798 
704 92 40 59 0.026640488 
131 65 33 36 0.026360363 
540 111 60 70 0.026061865 
610 122 23 31 0.025720607 
174 286 30 42 0.025652692 
357 -1 14 13 0.025537241 
269 405 42 42 0.02500239 
678 99 25 38 0.024628393 
681 610 27 31 0.024153508 
632 97 41 54 0.024122559 
110 237 27 33 0.023854474 
399 171 36 36 0.023811348 
634 132 49 59 0.023778003 
427 148 50 47 0.02369784 
636 411 11 13 0.023634316 
286 5 15 19 0.023542272 
133 281 30 37 0.023109213 
186 610 45 62 0.022618677 
296 1 24 24 0.022442821 
590 442 14 20 0.022350699 
684 36 47 65 0.02217707 
843 151 47 64 0.021977603 
490 409 48 53 0.02152933 
208 169 13 17 0.021527302 
296 471 84 105 0.021365479 
594 444 23 31 0.021270066 
37 64 87 105 0.021148734 
43 45 13 15 0.020956123 
251 278 35 50 0.020896168 
201 147 97 123 0.020833945 
47 402 106 145 0.02066314 
392 188 34 31 0.020469096 
403 153 119 112 0.020426651 
476 146 64 78 0.02017338 
