2_Demonstration_Protesters_2_258
29
178 209 110 128 0.999551 
73 157 93 114 0.9987625 
809 256 111 117 0.9968701 
603 189 95 116 0.9231077 
371 283 29 37 0.16357855 
373 360 28 36 0.14295459 
394 339 26 39 0.07974963 
379 364 16 23 0.06789409 
603 236 107 123 0.053232495 
637 122 66 84 0.04667216 
383 348 30 37 0.04531541 
394 358 29 35 0.042681556 
616 134 94 128 0.04039036 
132 134 18 19 0.03837184 
673 258 30 36 0.03659312 
812 174 14 18 0.033521242 
339 254 29 34 0.030218191 
643 274 71 73 0.028777108 
621 262 39 45 0.028479287 
331 289 30 48 0.028255694 
357 246 25 31 0.026687548 
144 312 34 43 0.026296671 
127 125 34 36 0.02378882 
102 134 32 32 0.023758184 
349 252 15 18 0.023107005 
569 181 83 128 0.022246795 
409 351 17 28 0.021744374 
786 207 168 206 0.021076035 
383 287 17 23 0.020534407 
