2_Demonstration_Political_Rally_2_406
73
621 621 137 162 0.99914384 
490 579 25 35 0.998971 
506 696 62 73 0.99884737 
124 589 24 30 0.9973699 
263 593 94 122 0.9971564 
558 611 38 53 0.98858577 
796 624 158 160 0.98812693 
138 559 24 30 0.9635681 
746 337 14 17 0.94421124 
252 547 21 26 0.92668176 
68 553 22 26 0.92143077 
379 614 47 73 0.66561383 
166 646 28 52 0.5716839 
770 573 64 68 0.37535134 
247 609 38 54 0.28350365 
210 624 26 32 0.26180798 
325 544 21 30 0.22532071 
181 648 40 52 0.18588637 
1 584 17 24 0.09787823 
689 550 17 18 0.08845857 
201 641 44 57 0.08630058 
778 590 34 54 0.08160287 
496 670 61 77 0.07368449 
164 605 17 21 0.06822128 
175 639 30 49 0.06693313 
308 144 50 64 0.0653433 
762 657 117 121 0.061951622 
16 666 51 84 0.059037574 
809 360 9 11 0.057976317 
204 682 29 35 0.057848427 
769 20 56 65 0.054450013 
100 618 13 18 0.05233383 
746 569 77 113 0.051034857 
191 633 28 37 0.049176276 
216 622 42 59 0.04783212 
734 357 11 13 0.043865863 
741 683 61 72 0.04338139 
11 603 25 39 0.042860553 
67 576 16 18 0.04017148 
397 623 28 47 0.03694334 
493 645 47 57 0.03499805 
339 601 82 118 0.03464768 
954 691 64 84 0.033932175 
251 576 17 20 0.032965645 
251 606 58 83 0.032748207 
108 662 28 45 0.03042032 
691 163 15 19 0.029901372 
230 616 32 44 0.029695835 
788 316 14 17 0.029044934 
996 269 26 48 0.029036516 
201 616 24 33 0.028932495 
39 624 34 42 0.028358387 
709 643 101 127 0.028342424 
394 122 50 65 0.028277319 
197 635 15 22 0.027157104 
39 606 27 39 0.026775178 
9 579 15 20 0.026453627 
790 569 112 147 0.025837071 
51 614 28 35 0.025645554 
683 176 27 30 0.025609512 
235 624 45 63 0.02500546 
62 570 15 19 0.024585728 
812 364 9 11 0.024438513 
688 165 25 31 0.024120627 
2 575 16 20 0.0239769 
687 159 12 14 0.02393563 
190 615 23 32 0.023690065 
829 4 16 18 0.023356218 
67 670 17 21 0.02204503 
806 691 12 15 0.021878973 
98 648 27 44 0.021306783 
798 720 35 37 0.021297833 
990 129 12 16 0.021192893 
