2_Demonstration_Demonstrators_2_244
298
723 156 59 80 0.99752957 
426 112 47 61 0.9866288 
204 170 15 18 0.96914536 
843 140 23 29 0.93041915 
252 177 26 29 0.85970026 
616 132 19 22 0.5730797 
359 171 11 13 0.47905093 
936 118 24 29 0.38211507 
587 27 13 16 0.2995274 
451 149 53 61 0.25365365 
390 140 27 34 0.24687752 
124 211 33 37 0.23080818 
713 185 33 39 0.22911519 
301 187 15 19 0.20294525 
765 169 59 81 0.20276484 
337 174 9 12 0.17353734 
542 137 25 31 0.16431671 
939 190 41 54 0.16153644 
652 197 21 31 0.1605549 
204 141 12 14 0.15321179 
949 143 18 22 0.14959706 
111 244 15 20 0.14870447 
168 181 11 15 0.12219494 
438 128 54 61 0.11579345 
303 166 11 14 0.11328803 
905 152 24 32 0.112843946 
166 207 12 15 0.1079962 
116 225 34 38 0.10766417 
365 190 11 12 0.10307481 
653 152 15 17 0.10072048 
265 181 14 16 0.10049668 
113 243 24 26 0.09894933 
293 186 15 19 0.09287875 
945 116 18 21 0.08980784 
1011 120 13 18 0.08519408 
228 173 13 16 0.0808344 
660 152 13 17 0.07720355 
136 125 9 10 0.07659593 
328 183 22 29 0.07418623 
337 167 10 13 0.07377145 
183 113 7 9 0.073457085 
966 90 16 20 0.0727219 
542 34 43 58 0.07170144 
694 107 12 15 0.07090691 
185 172 9 11 0.06870523 
304 150 9 11 0.068484746 
764 396 104 132 0.068420045 
158 173 11 14 0.06567424 
340 179 11 15 0.06538105 
869 162 12 16 0.06516718 
100 169 14 18 0.06477786 
316 186 13 19 0.059523925 
933 496 48 67 0.058724474 
403 134 32 41 0.057922833 
640 156 11 15 0.05786735 
598 168 22 29 0.0566106 
390 189 13 15 0.055563293 
533 138 17 22 0.055148255 
62 150 9 12 0.054863956 
112 214 31 36 0.052047987 
375 171 10 13 0.050802402 
47 188 9 13 0.050397158 
280 163 11 14 0.05028457 
943 125 25 32 0.05025725 
62 156 9 12 0.05021366 
683 140 21 26 0.05001314 
205 185 14 15 0.049320802 
135 164 10 15 0.0492009 
354 172 9 12 0.04892354 
87 174 10 13 0.048897877 
872 143 15 20 0.048813514 
361 190 10 12 0.04800637 
79 172 9 12 0.04736828 
608 135 15 19 0.047179118 
660 171 10 14 0.047126736 
31 223 11 14 0.046903715 
309 172 12 14 0.046519853 
317 194 13 20 0.04636002 
620 153 17 19 0.046199385 
213 201 16 19 0.045814876 
171 186 12 15 0.045710262 
384 172 12 14 0.045213364 
157 180 13 15 0.045135763 
227 164 14 16 0.04508028 
943 29 11 15 0.044577636 
676 107 12 17 0.044443402 
167 174 11 14 0.044124547 
75 154 12 15 0.04383447 
668 151 12 16 0.043594528 
142 219 29 37 0.04340544 
159 205 13 16 0.04316877 
348 210 13 18 0.042452913 
292 203 13 16 0.041850813 
340 186 14 18 0.04176779 
916 164 31 39 0.040929314 
360 177 10 14 0.04088103 
143 143 8 12 0.040751345 
549 145 25 34 0.040680725 
783 191 55 69 0.040620938 
224 179 14 18 0.04060953 
546 134 17 21 0.040463705 
943 22 9 12 0.04041194 
126 217 16 19 0.0403884 
864 181 26 33 0.039977804 
672 382 10 14 0.03978196 
197 201 22 28 0.039777614 
167 118 8 9 0.039592903 
107 167 15 20 0.038795803 
143 102 8 10 0.03852917 
228 244 13 18 0.037540577 
701 116 11 13 0.03722447 
80 212 10 14 0.03699775 
72 150 10 13 0.036967747 
251 203 14 17 0.036834296 
6 207 9 11 0.036602616 
593 28 14 17 0.03645638 
824 216 32 41 0.03636241 
350 189 10 13 0.036330022 
283 211 16 19 0.036266237 
806 202 53 66 0.03609004 
365 180 11 13 0.036036775 
143 121 8 10 0.03586516 
192 227 11 15 0.035833407 
313 141 10 12 0.03572087 
644 155 14 17 0.035654146 
954 115 14 18 0.035515714 
373 157 10 13 0.03549819 
353 157 8 10 0.035277817 
287 186 14 17 0.03482616 
5 462 27 47 0.03471285 
160 113 8 9 0.034635067 
164 232 13 19 0.034470793 
29 191 7 10 0.034381997 
160 201 21 28 0.033849493 
364 168 12 15 0.03384706 
283 130 12 15 0.03376935 
112 187 26 28 0.033504087 
188 17 15 20 0.033251125 
654 161 14 20 0.033157762 
118 202 30 33 0.03301166 
-1 174 428 503 0.032983463 
980 189 25 31 0.032749377 
220 196 14 18 0.032645483 
5 69 12 15 0.03241317 
184 182 11 14 0.032364514 
616 142 21 25 0.03212921 
955 135 21 29 0.032109153 
307 190 15 20 0.031953737 
118 217 17 20 0.03193644 
125 163 12 17 0.031774145 
152 164 10 13 0.03175154 
115 162 15 20 0.03171354 
941 142 17 23 0.031682473 
93 131 12 13 0.0316405 
164 181 19 24 0.03148014 
585 4 10 11 0.03140354 
369 158 9 10 0.0313471 
831 132 40 52 0.031297185 
107 236 16 22 0.031205064 
942 13 9 13 0.030493762 
169 209 15 18 0.030435244 
302 157 11 14 0.030355882 
198 198 14 18 0.030163107 
173 173 10 13 0.030016933 
308 181 14 18 0.02999861 
79 183 10 14 0.029887633 
352 151 9 11 0.029824886 
177 113 8 9 0.029686276 
170 195 13 16 0.02948512 
359 194 11 14 0.029273752 
916 153 24 31 0.029266661 
584 24 12 15 0.029185398 
90 171 23 27 0.029173443 
932 169 24 33 0.029153287 
332 217 13 17 0.029074764 
927 125 38 45 0.02900756 
247 149 10 12 0.028922616 
201 176 14 16 0.028816124 
77 165 11 15 0.028806 
956 150 17 20 0.028684458 
241 110 8 10 0.02852516 
327 186 13 18 0.028353594 
583 33 13 16 0.02820145 
611 198 18 19 0.028170463 
108 157 14 17 0.028083691 
156 194 14 18 0.027983205 
941 6 10 12 0.027951172 
224 132 10 13 0.027907185 
152 180 12 15 0.027762545 
695 170 12 14 0.02773994 
613 127 16 20 0.027598077 
904 35 10 14 0.027520822 
337 150 7 10 0.027145712 
153 113 8 9 0.027122892 
317 207 13 17 0.027077746 
73 171 10 14 0.026946515 
581 20 22 27 0.026918786 
535 150 27 34 0.026742313 
902 163 31 37 0.026659356 
29 197 8 11 0.026601966 
79 218 11 15 0.026551308 
465 110 33 39 0.026308786 
905 30 9 12 0.026117332 
140 165 10 14 0.026109457 
574 583 21 33 0.025954185 
310 148 10 12 0.02590753 
848 134 20 22 0.025896525 
212 140 10 14 0.025839265 
680 134 12 15 0.0256783 
1005 148 16 19 0.025576282 
341 211 13 18 0.025431952 
338 213 24 31 0.025319641 
86 179 11 16 0.025270434 
285 204 14 17 0.025267929 
960 53 11 15 0.025239458 
589 6 10 12 0.024938552 
359 158 8 10 0.024930695 
30 205 8 12 0.024923228 
583 0 10 11 0.024847591 
358 152 8 11 0.024793962 
94 171 13 16 0.024713753 
202 147 11 13 0.024613846 
73 286 12 16 0.02458313 
162 117 7 10 0.024507374 
158 158 9 11 0.024491498 
333 200 14 20 0.024482384 
100 234 14 19 0.02442071 
631 166 22 26 0.024420206 
248 190 25 30 0.024405114 
135 132 9 12 0.024372157 
931 183 36 45 0.024337035 
691 134 16 16 0.024247032 
137 212 18 21 0.024238978 
418 128 34 46 0.024218267 
184 144 9 11 0.024207002 
130 126 9 12 0.024011893 
95 164 13 17 0.023938296 
570 178 15 21 0.023877308 
436 91 52 68 0.023797937 
322 193 20 28 0.023758233 
152 172 11 14 0.023741892 
933 143 17 23 0.023738643 
555 160 15 20 0.023673762 
310 202 15 20 0.02360822 
166 149 8 11 0.023538655 
714 191 19 25 0.023352368 
109 192 16 19 0.023185097 
168 142 8 10 0.023104046 
309 158 12 14 0.023008002 
906 149 17 22 0.02299254 
196 228 14 15 0.02297627 
151 118 7 9 0.02282329 
521 148 25 33 0.02274625 
30 213 10 12 0.022720747 
224 158 13 15 0.022687072 
328 150 9 11 0.022591345 
51 187 12 17 0.022403665 
559 0 11 11 0.022373755 
82 175 20 27 0.022356365 
242 103 8 11 0.022348184 
149 220 13 18 0.022280695 
278 197 13 17 0.022121187 
996 152 16 20 0.022060994 
677 146 13 18 0.022046814 
591 44 12 15 0.02199619 
933 155 23 30 0.021976082 
343 175 22 27 0.021934466 
658 45 8 11 0.021915013 
189 111 8 9 0.021902895 
199 188 13 15 0.021868246 
149 212 13 18 0.02179746 
163 215 16 22 0.021741604 
188 166 10 14 0.021693494 
382 158 25 29 0.02158189 
640 157 21 25 0.021536851 
355 164 20 24 0.021502765 
283 159 12 15 0.02142582 
83 158 22 27 0.021375965 
326 228 11 15 0.02132619 
157 165 11 13 0.021311415 
177 117 8 10 0.02130979 
687 171 11 13 0.021268748 
63 164 10 12 0.021256348 
727 148 38 53 0.02117243 
964 154 15 21 0.021087676 
298 169 22 27 0.021062905 
930 160 16 22 0.021054853 
686 324 12 15 0.021053657 
696 140 15 18 0.02092885 
960 125 22 31 0.020813875 
233 112 8 10 0.020730874 
97 224 26 34 0.020480096 
137 141 10 12 0.020377247 
151 148 8 11 0.02023426 
349 209 24 31 0.020153383 
239 150 11 13 0.020116968 
188 187 12 15 0.02009494 
171 228 15 18 0.020093812 
