2_Demonstration_Demonstrators_2_486
48
550 401 69 94 0.9969272 
375 386 92 119 0.9948696 
1001 275 16 22 0.9446504 
143 461 60 53 0.91806704 
933 322 40 62 0.75548244 
180 284 29 39 0.6656878 
283 377 37 55 0.5817456 
25 260 14 18 0.49832773 
865 227 30 41 0.3747787 
196 421 37 45 0.31923243 
195 382 26 34 0.0987299 
975 91 12 15 0.08472572 
950 324 41 63 0.0810345 
421 310 27 37 0.07257845 
707 442 55 62 0.06474447 
988 332 35 61 0.062473156 
11 56 25 29 0.059669517 
178 429 52 55 0.059471104 
846 19 22 28 0.057230547 
269 316 14 20 0.054701664 
272 128 26 34 0.047971193 
813 106 16 21 0.04768716 
902 119 13 19 0.040490273 
781 95 23 36 0.039483827 
832 304 10 14 0.03833129 
13 31 16 24 0.034931585 
1008 278 16 21 0.030304542 
89 301 9 12 0.02987718 
427 317 15 21 0.028315792 
21 272 16 19 0.028096447 
704 474 29 33 0.027892519 
259 379 39 57 0.027510174 
122 438 92 90 0.02695167 
197 407 29 35 0.026426757 
21 82 29 38 0.026223227 
909 307 74 109 0.025813105 
214 359 17 22 0.025600338 
63 24 23 30 0.025095504 
473 406 55 79 0.02474235 
973 343 33 42 0.024376314 
34 6 27 36 0.022606527 
322 461 46 54 0.022521973 
17 27 25 31 0.02191376 
935 311 32 42 0.021544289 
21 16 29 34 0.021396691 
161 444 37 49 0.021108039 
735 293 173 228 0.02027907 
842 429 17 19 0.020054046 
