2_Demonstration_Political_Rally_2_800
29
357 202 155 212 0.9976165 
190 99 143 149 0.6416139 
297 260 413 435 0.19279577 
-63 -6 427 434 0.16274074 
126 76 215 257 0.15459257 
221 136 84 91 0.13058218 
927 243 102 138 0.08359496 
526 118 141 115 0.07071394 
960 -1 31 24 0.06389186 
265 129 96 124 0.05526333 
970 268 54 98 0.0455632 
312 60 105 140 0.04086696 
359 110 102 118 0.03955231 
754 217 18 22 0.038316175 
798 38 215 292 0.031181935 
8 -1 39 31 0.028790617 
351 40 110 117 0.028387664 
849 141 194 255 0.02769492 
960 6 52 50 0.027262695 
702 1 34 42 0.027242124 
63 -14 111 121 0.026683794 
354 76 54 69 0.026549602 
708 15 58 81 0.026243126 
245 121 204 237 0.026189271 
-71 189 469 537 0.024317011 
362 93 29 34 0.0230201 
954 179 64 95 0.021360133 
505 145 113 126 0.020403048 
759 -62 358 459 0.020097177 
