2_Demonstration_Protesters_2_486
32
816 111 111 134 0.9996357 
44 381 132 182 0.9989066 
441 110 168 191 0.99810743 
234 425 52 63 0.98604715 
30 536 36 47 0.8609789 
623 244 49 68 0.81852305 
810 314 22 29 0.23627831 
0 616 15 20 0.08581665 
23 260 34 37 0.08111898 
816 312 13 15 0.060555995 
838 309 13 16 0.059232637 
30 241 47 57 0.056561366 
818 325 17 26 0.039377686 
880 572 72 60 0.035363186 
595 205 80 123 0.0351973 
808 317 13 18 0.03341687 
4 307 25 34 0.032314498 
623 323 147 135 0.031691182 
499 322 17 18 0.030963317 
734 614 39 43 0.029967627 
0 587 10 16 0.026064556 
345 502 53 53 0.025814965 
671 268 14 20 0.024989055 
85 279 34 42 0.024269186 
786 299 15 18 0.024248036 
66 220 16 21 0.02334142 
4 538 33 45 0.022679271 
824 313 20 27 0.022614567 
173 442 35 49 0.021670375 
322 481 16 18 0.020228231 
734 282 11 13 0.020172885 
0 506 30 40 0.020161526 
