2_Demonstration_Protesters_2_748
31
748 249 22 31 0.99391633 
300 234 22 29 0.9888544 
431 176 55 73 0.7456154 
127 196 21 27 0.6093701 
132 265 17 22 0.3098884 
628 477 71 77 0.19007705 
144 260 25 31 0.1275791 
124 229 16 21 0.07154215 
436 206 35 54 0.065685526 
621 192 58 97 0.061628416 
450 158 49 72 0.059323426 
206 271 11 14 0.053134516 
254 297 14 18 0.044854943 
910 325 10 13 0.03840925 
156 261 18 21 0.035364762 
817 232 193 267 0.034425553 
288 496 36 43 0.031995647 
124 215 23 31 0.030238377 
11 234 15 19 0.028570928 
416 62 336 427 0.026636716 
138 261 16 22 0.02452393 
911 337 11 16 0.02324713 
116 287 16 18 0.02285692 
629 183 92 126 0.022503054 
779 340 131 156 0.022458587 
675 84 337 431 0.02236893 
397 183 85 117 0.021810798 
583 115 179 266 0.020663915 
902 329 27 36 0.020245131 
395 200 59 66 0.02021781 
904 324 10 13 0.020022329 
