2_Demonstration_Demonstration_Or_Protest_2_655
155
682 65 26 33 0.91966707 
280 112 25 30 0.90606904 
76 184 13 18 0.82330114 
510 95 26 32 0.7803218 
86 129 10 13 0.4825747 
476 54 22 31 0.37351382 
225 104 17 19 0.35340065 
628 123 13 16 0.30712202 
286 61 11 16 0.2911745 
163 208 33 47 0.25295252 
479 41 14 18 0.21660066 
335 109 13 19 0.110935844 
633 118 15 16 0.10509818 
291 60 10 14 0.08313924 
549 121 14 16 0.08007732 
17 214 20 26 0.07723289 
119 201 43 54 0.07634387 
96 192 39 51 0.06960341 
616 36 10 14 0.06576804 
344 391 36 42 0.06533206 
14 177 9 11 0.059273552 
544 118 14 17 0.056006566 
43 216 16 22 0.055355556 
45 207 13 18 0.05476867 
781 45 11 13 0.0546326 
809 581 9 11 0.051287603 
991 156 34 43 0.05063348 
259 163 16 19 0.04944197 
316 330 17 21 0.047087334 
16 213 12 16 0.046663783 
807 156 11 12 0.045262758 
247 167 24 28 0.044317972 
496 4 13 17 0.043957077 
282 66 11 14 0.043298803 
708 62 16 23 0.04278779 
288 58 9 12 0.042593937 
490 9 25 31 0.042396717 
26 213 16 17 0.04151165 
312 61 8 11 0.038972266 
879 531 10 12 0.038701963 
968 55 9 11 0.038388476 
116 195 27 40 0.038003292 
37 210 15 19 0.03706335 
177 152 27 32 0.036809523 
649 4 36 45 0.036633283 
246 139 12 16 0.036544066 
790 576 10 10 0.036157086 
519 89 20 25 0.03611939 
31 214 23 26 0.03597892 
177 203 28 44 0.035109147 
806 556 9 12 0.0350456 
253 97 13 17 0.034865398 
920 567 9 11 0.03454017 
293 56 9 11 0.034486603 
555 124 12 15 0.03428317 
105 233 43 60 0.033691928 
304 71 10 13 0.0332009 
496 11 15 18 0.032996673 
726 568 9 10 0.032783054 
143 206 42 54 0.03257585 
349 99 21 28 0.032149564 
815 589 9 11 0.032134846 
351 198 13 14 0.03176168 
267 160 14 19 0.03173628 
823 542 8 10 0.031631354 
76 188 42 53 0.031342726 
310 71 10 12 0.03119904 
24 127 8 10 0.031092504 
335 103 12 16 0.031079292 
78 187 24 31 0.03066432 
727 572 9 11 0.030129027 
830 96 29 47 0.029865533 
735 550 9 10 0.029599985 
247 148 24 31 0.029502664 
316 120 14 17 0.029397855 
253 86 10 13 0.029375127 
775 558 9 10 0.029127778 
829 591 10 11 0.028901078 
25 223 18 21 0.028857902 
792 598 10 11 0.028686862 
824 590 9 12 0.028670382 
895 543 8 10 0.028371094 
220 94 16 18 0.028354418 
688 59 20 25 0.027769197 
838 568 9 11 0.027441164 
856 541 8 10 0.027332824 
832 527 9 10 0.027233975 
554 129 14 17 0.02720688 
260 121 13 17 0.027059095 
243 178 15 19 0.026547587 
375 61 11 13 0.026531449 
29 196 12 14 0.026327925 
289 357 46 56 0.026159434 
318 61 10 12 0.0261566 
320 70 9 12 0.026084732 
24 133 8 11 0.026004348 
158 222 44 56 0.025781918 
808 576 9 11 0.02569765 
685 107 13 17 0.025695896 
790 581 10 11 0.025536703 
309 334 26 32 0.025422962 
263 108 12 16 0.025277901 
246 97 13 18 0.025089653 
174 217 15 24 0.024665046 
472 39 23 29 0.024608163 
16 224 13 17 0.024565477 
887 510 8 10 0.02439644 
189 200 26 39 0.024343664 
130 221 40 50 0.024305977 
695 70 19 23 0.023961624 
234 102 13 18 0.023934372 
825 597 8 11 0.023735952 
798 599 11 12 0.023731843 
889 542 8 10 0.023677686 
272 78 10 13 0.023641944 
293 328 49 55 0.023471486 
245 177 25 31 0.023424225 
1015 101 8 12 0.023206089 
261 99 12 17 0.023177339 
125 187 30 39 0.023132557 
279 93 13 17 0.023025563 
799 581 9 11 0.022987012 
616 123 11 16 0.022922296 
1013 548 9 13 0.022813627 
253 140 12 16 0.022809012 
325 386 38 45 0.022708401 
963 582 10 11 0.022679577 
72 186 20 26 0.022292115 
873 533 9 11 0.022286301 
847 598 9 11 0.022127347 
279 58 19 24 0.022034679 
814 576 9 11 0.02200735 
1014 556 9 12 0.021871172 
462 549 12 12 0.02170974 
465 36 37 50 0.021691132 
895 535 9 10 0.021661557 
126 239 49 73 0.02157989 
148 122 12 15 0.021509854 
499 94 41 54 0.021465318 
187 141 14 17 0.021378543 
887 534 8 11 0.021337867 
181 187 26 37 0.021337194 
808 614 9 11 0.021195337 
839 572 9 12 0.021124905 
745 543 7 9 0.02103031 
135 157 13 16 0.02097904 
324 92 14 16 0.020891663 
833 567 9 12 0.02086377 
800 566 8 10 0.02048764 
20 181 10 12 0.020455357 
247 145 13 18 0.020283634 
129 166 10 13 0.020206833 
754 147 18 20 0.020190539 
238 140 13 17 0.020150831 
253 131 14 18 0.02012552 
