2_Demonstration_Demonstration_Or_Protest_2_173
380
654 207 33 42 0.99914646 
846 290 52 69 0.9988374 
354 229 26 34 0.99847907 
672 276 45 65 0.99806815 
273 276 33 44 0.9976413 
775 188 31 43 0.9970161 
50 353 48 57 0.9940612 
255 253 28 36 0.9935359 
459 231 32 41 0.99333066 
108 246 41 56 0.99176556 
169 314 42 55 0.9909333 
741 160 21 28 0.98984224 
582 235 43 55 0.9843934 
868 209 41 55 0.9824478 
362 297 38 52 0.9761696 
0 300 23 51 0.9746704 
548 165 15 19 0.9705721 
507 215 36 53 0.9686609 
175 225 20 26 0.96457404 
673 154 18 24 0.93935496 
210 240 17 22 0.9289757 
320 207 17 23 0.9123519 
360 191 15 19 0.90328926 
639 167 21 28 0.90237665 
573 185 20 26 0.89986587 
4 217 12 15 0.8881028 
828 165 21 26 0.87513965 
287 196 14 17 0.85194945 
17 241 15 18 0.82947665 
452 209 22 27 0.77778894 
517 156 10 13 0.7236512 
890 176 25 29 0.7072878 
328 183 11 14 0.6776231 
492 160 14 17 0.6767451 
516 191 23 28 0.668197 
596 149 25 34 0.6392785 
100 217 17 21 0.56768686 
254 223 14 17 0.53439206 
379 199 16 20 0.4713966 
439 193 14 18 0.4666477 
883 147 12 15 0.46050546 
192 190 8 12 0.4549847 
390 196 12 16 0.43768525 
223 206 12 15 0.43355632 
401 181 9 13 0.427276 
430 152 10 13 0.42263284 
157 191 8 11 0.39991784 
967 121 12 15 0.38179266 
135 211 13 15 0.3736403 
332 180 11 14 0.35471112 
439 175 10 12 0.34918618 
469 191 16 20 0.34052452 
186 276 27 32 0.3208715 
231 188 9 11 0.3161839 
117 201 11 13 0.3111011 
717 152 15 18 0.30961472 
710 130 11 15 0.28541437 
175 190 8 10 0.27819616 
37 218 10 12 0.25444382 
405 179 11 14 0.23099363 
48 258 23 31 0.22022262 
250 189 8 11 0.21807337 
374 174 9 10 0.21150579 
264 182 9 11 0.21032453 
908 135 16 21 0.20363529 
415 194 12 16 0.19455042 
344 175 9 11 0.1877053 
429 171 11 14 0.18361053 
916 107 10 12 0.17760853 
253 183 9 11 0.17631929 
169 199 10 13 0.16969118 
227 209 13 16 0.16022581 
455 145 10 11 0.15974145 
63 220 9 12 0.1573407 
975 299 26 34 0.15216587 
166 218 13 18 0.14066727 
7 252 12 15 0.13838077 
214 197 10 13 0.13623206 
4 246 11 15 0.13422632 
660 145 14 17 0.12719832 
283 220 14 17 0.12700032 
29 214 12 15 0.126074 
754 209 22 28 0.12579109 
234 227 15 20 0.122204676 
174 197 10 12 0.121725634 
436 150 9 11 0.1213022 
12 247 14 18 0.11343569 
255 99 14 16 0.11263474 
710 137 12 16 0.11073933 
462 143 8 10 0.108637355 
588 147 23 31 0.10638163 
262 261 34 47 0.099325635 
714 416 27 31 0.0954495 
997 172 13 17 0.094540946 
183 190 9 11 0.09423021 
811 142 14 18 0.091155574 
39 199 9 11 0.090447925 
253 244 24 29 0.09018544 
582 153 12 17 0.08969262 
303 174 12 15 0.089623556 
174 203 11 14 0.08901671 
426 152 10 12 0.08523194 
413 178 11 14 0.08509793 
491 101 11 15 0.08402604 
368 193 19 25 0.08246883 
561 149 11 13 0.082330555 
586 221 36 42 0.08008803 
461 196 23 26 0.07868423 
397 187 11 16 0.07816629 
646 281 30 43 0.07702589 
216 201 12 15 0.07697811 
128 198 9 11 0.07682301 
738 20 15 21 0.076716386 
467 249 19 24 0.07631076 
291 192 14 16 0.07399155 
385 165 7 10 0.07326402 
373 180 11 14 0.07133484 
480 166 10 13 0.071017124 
372 190 11 14 0.07015891 
635 257 17 20 0.06994901 
245 224 19 23 0.06859779 
214 192 9 12 0.067468345 
602 146 17 23 0.06643319 
913 131 16 19 0.06625184 
613 128 15 19 0.065418825 
36 468 34 31 0.06529 
38 261 23 30 0.06504083 
238 182 8 11 0.06323422 
129 191 8 10 0.06273493 
328 176 10 13 0.062145192 
1007 169 13 19 0.06197071 
229 197 10 12 0.061278038 
334 176 11 13 0.060967207 
298 195 15 19 0.060778707 
444 174 10 12 0.060142655 
474 229 26 38 0.059478987 
97 190 9 11 0.059284434 
46 212 10 14 0.05918877 
238 207 11 14 0.05886319 
462 189 16 19 0.058665726 
936 115 10 13 0.058300376 
190 172 9 11 0.05778989 
691 139 13 16 0.05624779 
352 166 8 11 0.055218536 
179 206 11 14 0.054965533 
195 241 15 19 0.05404876 
101 191 9 11 0.05384022 
18 332 45 63 0.052532025 
46 205 9 12 0.05252018 
116 219 12 14 0.052441176 
449 165 9 12 0.05231852 
408 160 8 9 0.051522747 
454 157 11 13 0.05086512 
512 100 13 16 0.050739463 
179 212 13 17 0.0501854 
238 190 9 11 0.04990682 
700 181 13 17 0.049609456 
222 200 11 14 0.04948252 
176 300 36 44 0.049190078 
226 183 9 11 0.049162768 
642 173 27 31 0.047892015 
0 187 9 14 0.047864232 
291 210 14 18 0.047677223 
58 220 9 12 0.046493955 
711 413 44 51 0.045509078 
322 181 11 14 0.045177955 
345 169 8 10 0.04514292 
69 195 10 13 0.04479493 
453 164 9 11 0.04469127 
269 187 10 12 0.044495307 
962 122 11 14 0.04414019 
267 182 11 13 0.043844827 
869 162 12 16 0.04369503 
281 197 12 16 0.04367158 
814 109 9 12 0.042710327 
1014 143 10 18 0.041762583 
498 157 12 16 0.041669313 
930 253 15 19 0.04147924 
140 217 14 17 0.04116956 
370 168 8 10 0.039872695 
0 239 11 16 0.039752502 
486 232 24 34 0.03954193 
764 197 24 33 0.03941328 
375 168 8 11 0.03913581 
917 142 15 19 0.039135076 
251 231 17 21 0.03900101 
435 257 15 21 0.03889572 
264 176 8 11 0.038693555 
0 247 21 27 0.03844817 
910 127 13 15 0.038438287 
224 159 7 10 0.038436767 
318 167 9 12 0.038153175 
358 168 8 10 0.03805207 
512 152 17 22 0.03767196 
1000 150 10 13 0.037622143 
427 168 9 11 0.037362218 
653 143 13 15 0.036984086 
25 243 12 16 0.036917232 
295 150 9 12 0.036887717 
68 347 37 45 0.03682199 
25 213 12 14 0.036774356 
944 194 26 31 0.03676425 
307 196 12 16 0.03661361 
105 170 7 9 0.036334366 
240 195 9 12 0.036181916 
28 269 12 17 0.03617484 
659 235 29 36 0.03615664 
229 220 15 18 0.03614983 
108 215 13 16 0.035855237 
55 213 9 14 0.035810128 
348 178 12 16 0.035339862 
5 137 12 18 0.034981243 
474 196 16 22 0.034890868 
71 148 12 17 0.03480489 
246 194 9 12 0.034698874 
556 157 13 17 0.0343593 
445 200 15 20 0.034148682 
69 220 9 11 0.033988167 
296 181 11 12 0.033969563 
72 190 10 12 0.03391792 
422 178 11 14 0.033786993 
170 183 7 10 0.033608418 
244 237 22 27 0.03339753 
710 146 14 19 0.033186004 
81 221 8 11 0.033124853 
579 145 22 29 0.033100884 
154 194 9 13 0.033094473 
962 117 19 24 0.032906123 
516 183 16 17 0.032713484 
882 194 29 39 0.032634713 
705 127 19 25 0.032473378 
254 175 9 11 0.032462504 
131 211 21 25 0.032320354 
486 166 16 20 0.032076668 
206 322 26 37 0.03189616 
248 174 9 11 0.031875458 
203 228 22 31 0.03180128 
112 127 10 13 0.031792473 
264 244 17 19 0.031597853 
299 215 15 20 0.031575974 
463 159 9 12 0.031126384 
265 187 8 11 0.031068046 
395 200 13 18 0.030585995 
727 134 12 15 0.030484658 
110 174 9 11 0.030455725 
78 142 11 14 0.0303128 
323 199 13 17 0.030263346 
323 181 19 22 0.030256025 
5 189 9 11 0.030223865 
403 444 16 17 0.030090928 
284 139 12 14 0.029872954 
845 125 9 11 0.029831607 
22 258 13 17 0.029830553 
29 206 11 13 0.029574223 
453 198 17 20 0.029289259 
45 199 9 11 0.029207539 
636 258 25 34 0.028990265 
208 173 8 11 0.028911978 
349 189 15 18 0.02889217 
704 132 12 15 0.028843513 
450 143 9 12 0.028758923 
630 266 39 51 0.02868737 
996 165 21 29 0.028680671 
439 145 9 10 0.028448928 
300 190 13 15 0.028339589 
593 207 32 35 0.028064955 
693 177 15 19 0.027663203 
94 221 15 20 0.027648224 
408 171 19 25 0.027609712 
333 447 14 16 0.027603375 
46 218 10 13 0.027425956 
6 322 37 63 0.02742446 
142 227 13 17 0.027411154 
370 172 9 11 0.027395269 
606 129 14 20 0.027382264 
293 203 22 28 0.027325194 
607 134 20 28 0.027321892 
998 164 14 18 0.027185028 
186 168 8 10 0.027162239 
598 421 25 31 0.027145937 
612 150 22 30 0.02700306 
95 184 8 11 0.02667362 
622 410 16 21 0.026619723 
880 146 19 24 0.026587473 
444 179 11 13 0.026461726 
306 199 21 27 0.02645246 
663 191 26 32 0.02640748 
446 210 17 23 0.026336707 
1012 174 11 18 0.026230564 
460 147 10 13 0.025932549 
221 235 21 27 0.025808463 
952 196 16 18 0.025775416 
407 165 9 12 0.025238356 
667 142 14 17 0.025207287 
397 176 18 24 0.025144724 
65 204 10 12 0.025041156 
904 180 14 18 0.024952505 
822 163 17 23 0.024937347 
232 233 21 26 0.024881752 
30 210 20 23 0.02476639 
11 254 14 18 0.024718627 
990 203 13 17 0.024615556 
459 222 19 25 0.024448758 
906 125 10 13 0.024435626 
319 173 11 14 0.024337877 
646 182 30 34 0.024305042 
79 213 8 11 0.024292694 
405 186 12 17 0.024284242 
241 167 9 10 0.024217073 
270 156 13 17 0.02421299 
207 200 11 15 0.024197295 
663 156 22 28 0.024106124 
471 141 9 11 0.024062885 
576 153 13 17 0.024024589 
334 149 10 12 0.023965582 
229 201 20 26 0.023708839 
512 187 15 19 0.023528034 
12 214 11 15 0.02351677 
563 165 12 16 0.023499768 
23 464 31 32 0.023457626 
319 150 9 10 0.023445426 
106 215 22 27 0.02315222 
374 202 24 31 0.022868657 
422 167 18 23 0.022855315 
166 224 16 21 0.022834439 
864 158 11 15 0.022817405 
392 173 11 13 0.022732655 
312 141 9 11 0.022646908 
196 242 24 29 0.022563295 
35 326 46 62 0.02246897 
368 211 24 32 0.022457713 
96 214 13 17 0.02241812 
24 206 10 13 0.022401787 
407 194 12 16 0.022360146 
390 166 10 11 0.022320498 
1012 212 12 18 0.022297883 
8 197 8 11 0.022236735 
198 183 9 12 0.022230137 
183 184 9 12 0.02221276 
62 227 10 14 0.022204362 
72 215 9 11 0.022196583 
1015 205 10 16 0.022182347 
417 201 14 19 0.022102337 
159 184 8 10 0.022057682 
27 263 22 28 0.021995489 
88 176 8 10 0.021974565 
300 280 16 22 0.021911 
4 238 12 15 0.02186677 
358 184 12 15 0.021866532 
37 484 32 33 0.02180624 
827 157 17 20 0.021780038 
840 117 9 11 0.021613436 
943 102 8 10 0.021546034 
553 146 20 27 0.021481393 
80 460 29 35 0.021465018 
435 155 10 13 0.021368321 
414 167 9 12 0.021312146 
189 322 33 41 0.02128169 
262 163 10 14 0.021200694 
470 158 10 13 0.021123884 
950 266 13 16 0.021093216 
414 158 8 10 0.020958604 
407 151 9 9 0.020948734 
215 199 20 24 0.020896412 
485 202 13 17 0.02085034 
16 197 9 11 0.020800991 
225 166 8 10 0.02079318 
631 252 15 19 0.020629399 
129 214 11 13 0.02060746 
715 123 11 15 0.02054476 
677 144 13 16 0.020497452 
344 188 12 16 0.020450525 
186 173 9 11 0.020383121 
295 156 10 13 0.020345712 
187 184 17 23 0.020226147 
372 62 13 17 0.02021086 
432 168 19 23 0.020169603 
631 162 21 28 0.020156449 
712 118 11 15 0.02015627 
564 154 12 17 0.020120248 
