2_Demonstration_Protesters_2_174
36
657 57 117 156 0.99944013 
442 273 33 41 0.9601654 
41 364 38 45 0.8692989 
992 194 33 40 0.73636115 
544 185 32 49 0.5534381 
509 184 37 47 0.44764727 
272 243 37 37 0.22016154 
20 447 15 18 0.15701598 
3 471 15 22 0.1551193 
456 283 21 28 0.059899185 
523 188 47 59 0.052024946 
443 278 19 26 0.050619017 
880 0 13 11 0.050553337 
-23 139 466 563 0.04814502 
581 276 43 62 0.045004647 
25 443 16 18 0.043264404 
493 202 43 57 0.041661847 
31 437 15 16 0.040583268 
683 492 31 55 0.040082928 
590 247 32 48 0.037086636 
500 194 30 43 0.035223886 
288 235 29 43 0.033180196 
1005 165 10 12 0.030186491 
5 448 26 34 0.027179694 
427 360 22 30 0.025995843 
255 249 47 48 0.024983589 
511 292 40 52 0.024501529 
422 355 14 20 0.024197148 
482 225 45 55 0.02408375 
15 450 13 17 0.023716208 
619 239 392 524 0.022539157 
431 282 26 31 0.022395825 
558 279 46 60 0.021594448 
983 210 29 37 0.021540012 
513 210 33 47 0.020181302 
697 453 113 199 0.020022716 
