2_Demonstration_Political_Rally_2_171
87
847 654 59 89 0.99388885 
618 666 47 81 0.9935875 
107 626 38 55 0.96463037 
449 653 25 43 0.9638187 
124 568 18 23 0.95047307 
402 705 51 64 0.931582 
555 660 23 38 0.8927098 
50 714 35 51 0.850239 
149 706 38 58 0.8081864 
1002 623 20 29 0.63534516 
947 620 18 21 0.5628361 
299 643 40 43 0.39111507 
731 727 51 44 0.38173762 
423 665 37 35 0.34497693 
294 -11 408 508 0.2443494 
304 622 33 36 0.21669242 
689 662 53 78 0.20771322 
45 644 31 46 0.18812837 
178 659 57 55 0.15184791 
899 689 54 75 0.11515949 
996 715 15 19 0.09508959 
282 656 46 53 0.08794813 
989 713 14 19 0.0806481 
783 200 12 14 0.07184236 
209 656 32 26 0.061754186 
174 678 50 63 0.058952708 
55 632 32 50 0.057860505 
159 716 50 56 0.057516493 
181 717 51 58 0.05624782 
127 704 43 61 0.05609911 
453 606 22 34 0.05547916 
317 642 34 40 0.05036492 
380 724 39 46 0.04972159 
822 682 63 79 0.048151918 
413 686 41 55 0.044779364 
411 666 35 43 0.044374436 
149 603 15 20 0.042342972 
260 678 48 58 0.04201674 
767 200 12 14 0.04146722 
331 708 47 53 0.039078377 
287 195 10 11 0.036184702 
799 179 11 12 0.035121143 
341 668 49 50 0.03487365 
698 686 59 80 0.034495752 
771 198 13 15 0.034136448 
594 719 26 33 0.032843582 
189 649 31 34 0.03272839 
684 176 11 14 0.031243583 
544 670 31 41 0.031243118 
706 648 36 61 0.03118351 
382 393 25 34 0.030756846 
602 723 14 20 0.02976823 
201 660 45 39 0.02933134 
728 180 9 11 0.029265203 
943 615 14 18 0.029188601 
426 718 37 50 0.028917637 
928 692 50 65 0.028854536 
48 671 35 48 0.028831756 
778 195 21 25 0.028528547 
241 711 54 55 0.028430117 
458 600 15 22 0.028248273 
447 534 13 16 0.027676124 
317 664 50 54 0.026808292 
274 703 27 49 0.02665633 
444 662 19 29 0.026403984 
195 672 59 68 0.025312975 
221 196 9 11 0.025304943 
980 707 20 30 0.024071682 
942 719 32 43 0.023655549 
67 716 46 56 0.02314179 
305 675 30 42 0.02271246 
949 706 29 39 0.022507051 
144 694 32 49 0.0223524 
525 683 16 21 0.022320613 
45 694 31 46 0.022086594 
139 602 26 32 0.021729482 
323 646 20 25 0.021390406 
261 215 11 14 0.021348534 
284 673 27 46 0.021144833 
505 670 20 34 0.021087805 
510 678 24 33 0.021004949 
403 657 30 45 0.020839453 
949 738 15 20 0.020772487 
63 656 30 40 0.020682698 
111 596 47 62 0.020603476 
213 710 33 53 0.02035341 
448 623 28 44 0.020094464 
