2_Demonstration_Demonstration_Or_Protest_2_368
250
735 218 30 38 0.99787986 
643 228 18 27 0.95955366 
3 216 18 21 0.95196855 
610 240 21 25 0.94151247 
34 249 15 20 0.9385971 
878 244 22 31 0.93200904 
374 223 19 25 0.9249098 
520 219 13 17 0.7417953 
298 231 18 24 0.7226728 
426 228 13 16 0.71788776 
564 245 15 17 0.47323936 
981 262 21 25 0.45092243 
954 275 17 21 0.39720094 
460 237 12 16 0.37504742 
1006 233 17 22 0.36120456 
612 458 32 37 0.361087 
151 237 10 13 0.33888286 
574 221 15 18 0.31785926 
93 229 12 16 0.31676662 
971 256 14 18 0.27906242 
828 240 12 16 0.27582756 
724 237 14 19 0.26469782 
174 242 12 15 0.2603026 
828 205 11 15 0.2207689 
1010 256 12 18 0.20054188 
128 207 10 12 0.17961606 
127 213 11 13 0.16826285 
805 274 13 15 0.16720451 
151 220 10 13 0.15892535 
69 234 12 16 0.15588555 
888 206 10 13 0.1369199 
971 296 27 36 0.13574632 
445 283 11 14 0.11437462 
440 282 11 15 0.11314518 
868 282 15 18 0.11004883 
870 251 15 20 0.10658675 
114 11 16 19 0.10553837 
404 205 12 17 0.10384387 
54 208 9 11 0.10119639 
457 229 10 14 0.09955416 
98 226 15 19 0.093848765 
151 230 12 15 0.08721856 
5 266 15 25 0.08332239 
875 280 15 19 0.08233455 
691 263 14 15 0.08079739 
877 238 14 20 0.07697276 
987 254 23 28 0.07597201 
879 119 24 30 0.07370327 
466 241 15 17 0.07081477 
155 234 12 16 0.07068697 
42 235 17 18 0.0669236 
206 245 14 15 0.06411406 
774 246 11 15 0.063192934 
167 234 12 16 0.06181789 
824 209 10 13 0.061371747 
907 293 17 21 0.059538927 
870 235 38 51 0.058716018 
849 229 9 12 0.05840683 
110 192 8 12 0.05804046 
477 237 11 15 0.056425057 
892 209 11 15 0.05552322 
164 228 13 16 0.05517591 
854 231 9 11 0.055082582 
40 245 17 21 0.05342321 
570 227 20 25 0.05321373 
668 262 14 16 0.053133663 
973 253 25 27 0.052776065 
888 199 10 14 0.051050823 
888 116 14 18 0.05046837 
506 245 16 17 0.04870163 
949 268 14 19 0.04799267 
587 251 16 18 0.047876984 
95 198 10 13 0.046487905 
104 191 10 12 0.0453436 
177 237 12 15 0.045187984 
25 128 196 218 0.044583492 
107 227 14 17 0.044359736 
156 222 11 14 0.044131175 
145 221 12 15 0.04404631 
81 275 14 18 0.04372686 
430 284 11 15 0.0435334 
890 252 24 33 0.043114103 
39 228 14 17 0.043018818 
86 215 10 13 0.042335086 
80 268 12 16 0.041304152 
286 230 23 29 0.041296016 
694 210 12 16 0.04121071 
872 231 9 12 0.041202966 
893 199 10 13 0.04098568 
132 205 9 12 0.04059747 
685 205 12 15 0.040557936 
870 152 14 19 0.04047465 
861 205 11 15 0.03985494 
168 230 20 26 0.03973788 
62 229 11 15 0.039084792 
89 233 12 16 0.03901281 
903 211 12 14 0.038982596 
384 225 16 21 0.038905118 
902 206 11 13 0.038295377 
532 220 12 16 0.037100773 
48 206 9 11 0.0368762 
718 189 11 12 0.036660608 
951 262 10 14 0.036259893 
1 223 14 19 0.03595886 
867 108 15 18 0.03575689 
50 235 15 17 0.0356256 
104 196 10 13 0.03533265 
551 228 11 13 0.034606405 
559 247 14 17 0.034499485 
126 198 11 15 0.034276076 
871 268 25 32 0.03426403 
863 254 13 17 0.03410177 
437 278 19 24 0.034056384 
120 196 9 14 0.033772696 
434 228 12 15 0.03357813 
835 242 11 15 0.033490933 
470 424 28 43 0.033394653 
40 222 12 15 0.033097252 
855 266 12 17 0.033022493 
6 165 9 12 0.032738343 
30 212 10 13 0.032532193 
961 272 45 51 0.032374445 
960 261 22 29 0.031999834 
943 270 22 27 0.031898025 
70 181 8 10 0.03183315 
8 160 8 10 0.03178153 
69 213 10 13 0.03159494 
951 255 9 13 0.031452652 
62 222 11 14 0.031130366 
682 262 23 25 0.030883286 
93 283 14 16 0.03064682 
15 166 8 10 0.030576361 
845 264 14 18 0.03036355 
437 288 14 16 0.030063692 
811 266 14 17 0.029863184 
918 201 11 14 0.029830014 
567 226 14 18 0.029660555 
766 243 15 19 0.029576736 
0 272 14 22 0.029524978 
22 173 8 11 0.029473556 
729 188 233 225 0.029321378 
342 351 10 11 0.029303305 
501 236 13 16 0.0292183 
859 272 20 28 0.028724888 
48 183 8 9 0.028693853 
216 228 10 12 0.028500712 
53 227 14 17 0.028447654 
1001 232 14 19 0.028324224 
15 160 8 9 0.028302576 
902 296 14 19 0.02824744 
844 222 11 15 0.027846089 
106 166 8 10 0.027837249 
548 258 14 17 0.027781954 
466 248 16 18 0.027747447 
656 321 14 16 0.027437638 
871 181 10 13 0.027433174 
959 278 26 34 0.027417105 
255 397 12 14 0.027405834 
666 272 18 21 0.027130632 
557 228 11 15 0.027041776 
84 281 15 17 0.027023846 
426 239 16 20 0.026917655 
147 216 19 24 0.026886722 
884 204 21 24 0.026779955 
996 235 25 31 0.026737727 
823 200 18 25 0.026730588 
962 242 42 49 0.026587082 
54 220 12 16 0.026585234 
3 181 10 12 0.026518866 
170 285 12 15 0.026513308 
891 110 12 16 0.026433874 
399 198 22 27 0.026302166 
38 228 214 253 0.026187105 
725 224 22 30 0.026129475 
142 227 13 16 0.025865018 
959 250 21 27 0.025851846 
878 231 11 15 0.025753113 
591 246 21 27 0.02563548 
436 221 13 17 0.025631797 
822 265 12 17 0.025614891 
461 223 11 14 0.025476819 
223 197 8 12 0.02528978 
902 221 14 16 0.024929188 
222 229 10 13 0.024699455 
121 213 10 13 0.024665236 
863 104 24 29 0.02462115 
223 207 10 13 0.024545627 
356 197 12 15 0.024500273 
976 268 31 34 0.024411721 
17 172 8 11 0.024319371 
4 190 10 12 0.024216993 
65 192 9 10 0.02416968 
873 109 26 30 0.024136022 
494 236 12 14 0.024108604 
542 207 11 14 0.024016606 
577 220 22 29 0.023939678 
81 222 9 12 0.02391986 
71 174 8 10 0.023683148 
23 213 10 14 0.023448816 
454 226 19 26 0.023418978 
802 279 16 18 0.023407843 
436 184 11 13 0.023252137 
427 279 22 27 0.023128033 
368 175 12 13 0.022764008 
0 195 9 14 0.022755096 
325 251 12 15 0.022584232 
601 205 253 252 0.02252714 
606 213 11 17 0.022457901 
23 167 7 9 0.022412598 
0 172 9 12 0.02237343 
76 229 11 14 0.0223493 
174 221 9 12 0.02229079 
48 189 8 10 0.022243062 
64 196 9 11 0.022151437 
565 255 14 17 0.022138448 
73 168 8 9 0.02211001 
599 205 9 13 0.021986652 
871 236 11 15 0.021964496 
53 181 8 9 0.021880198 
876 99 13 15 0.02181088 
175 224 20 27 0.021716021 
55 175 8 10 0.02163979 
364 202 13 17 0.02161012 
486 235 11 15 0.02157635 
512 241 18 20 0.021556847 
79 167 8 9 0.02151934 
958 357 11 15 0.021479696 
124 190 12 14 0.021402586 
524 216 19 25 0.021380883 
439 214 10 14 0.02126442 
895 200 22 27 0.021258416 
145 237 11 14 0.021238191 
470 233 21 26 0.021196928 
155 241 14 16 0.021065462 
908 205 12 14 0.02102397 
121 207 20 24 0.020954529 
368 225 15 20 0.020924307 
121 203 10 14 0.020862302 
223 235 11 14 0.020717872 
888 243 15 24 0.020634154 
510 223 21 26 0.020490717 
189 226 12 15 0.020464683 
558 237 14 18 0.0204233 
679 165 12 15 0.020417381 
963 216 30 35 0.020364854 
881 206 11 13 0.02030941 
876 181 10 12 0.020281559 
373 214 14 17 0.020262508 
829 249 13 18 0.02023154 
575 240 23 27 0.020100038 
