2_Demonstration_Demonstrators_2_595
23
270 132 178 210 0.9957975 
663 95 78 85 0.99324244 
31 521 60 74 0.12905402 
223 602 30 44 0.110933684 
460 319 218 304 0.06973342 
441 124 40 48 0.0648909 
600 53 365 396 0.05964624 
196 19 307 417 0.059185807 
178 391 331 411 0.04608992 
409 413 238 312 0.04372193 
341 213 386 494 0.03946849 
16 505 28 35 0.038569976 
458 132 18 26 0.038508452 
18 543 34 40 0.0375188 
-80 273 393 514 0.036985647 
675 7 15 19 0.036622282 
11 525 54 67 0.030897276 
34 435 33 37 0.02852484 
414 160 85 138 0.026887659 
451 197 50 87 0.025654372 
1 421 30 42 0.023370277 
17 507 88 130 0.022728944 
365 97 36 37 0.020505019 
