2_Demonstration_Political_Rally_2_940
25
399 183 252 311 0.9999324 
62 9 151 206 0.98791647 
811 42 122 131 0.71505415 
279 405 122 151 0.60497785 
142 285 378 422 0.40780646 
-10 -9 93 113 0.32508132 
209 363 220 244 0.22734585 
222 25 117 131 0.14083007 
338 -11 238 326 0.113407746 
-2 66 43 60 0.08515858 
398 -3 151 155 0.07968548 
790 16 208 234 0.064443305 
338 111 70 68 0.05798817 
34 1 43 52 0.043433078 
300 64 126 139 0.04289625 
227 4 227 255 0.042367734 
3 32 49 83 0.041547168 
286 33 412 442 0.03824538 
289 301 200 259 0.02720536 
18 -1 135 163 0.026720043 
25 368 229 302 0.026674362 
63 83 422 461 0.022825949 
916 81 58 70 0.022822484 
825 -14 139 129 0.022470122 
874 76 70 82 0.020520484 
