2_Demonstration_Demonstrators_2_545
261
68 433 27 36 0.9932643 
291 434 27 35 0.99180377 
416 459 22 30 0.97759163 
403 404 18 24 0.9751517 
253 501 41 44 0.9655388 
61 493 38 50 0.95306796 
253 403 25 33 0.94469476 
212 380 16 22 0.92944175 
100 389 29 35 0.83821195 
151 418 27 34 0.7855651 
362 419 19 24 0.7291954 
885 441 21 33 0.6912818 
836 368 23 28 0.6228216 
726 393 13 18 0.5676939 
196 411 21 28 0.56506515 
792 410 19 30 0.500751 
742 327 13 17 0.46738493 
917 349 17 22 0.42846838 
114 348 14 19 0.3154586 
126 304 17 20 0.2788359 
760 354 17 21 0.2735777 
354 290 14 18 0.24889235 
859 331 15 20 0.24621208 
49 324 16 19 0.23298536 
691 297 13 18 0.22131689 
45 374 19 25 0.2178405 
113 389 26 32 0.21778905 
175 350 12 15 0.2166769 
93 343 16 22 0.21538661 
389 300 13 17 0.20190077 
788 351 13 16 0.19871145 
44 361 17 22 0.19835675 
426 365 14 16 0.19795474 
99 343 21 26 0.1975526 
159 321 13 18 0.18458351 
786 488 48 57 0.1776966 
265 352 16 19 0.17437558 
307 293 13 17 0.17022511 
896 310 18 21 0.15851112 
927 405 24 36 0.14746892 
823 287 13 16 0.14602727 
203 250 15 17 0.1228576 
84 308 11 14 0.116360664 
334 354 17 20 0.11396634 
918 288 15 20 0.111618035 
292 357 16 21 0.106667444 
242 398 27 33 0.104280606 
0 399 26 39 0.10349369 
829 369 19 23 0.10299257 
437 354 12 15 0.10203013 
422 294 10 14 0.09727318 
58 299 17 21 0.095248334 
571 344 194 252 0.09252373 
348 364 13 18 0.09240341 
413 357 13 16 0.091735296 
420 364 464 469 0.08813319 
947 364 13 17 0.08370562 
126 328 16 19 0.07969098 
823 316 11 15 0.07518964 
853 126 49 66 0.07472623 
323 306 15 19 0.074311726 
911 384 38 50 0.07320121 
869 429 38 52 0.07146559 
971 268 27 37 0.07005981 
773 276 11 15 0.06956714 
150 296 15 19 0.0694845 
11 348 20 27 0.06915543 
893 297 23 29 0.06666722 
883 302 20 26 0.0656965 
741 291 11 13 0.064903975 
877 301 15 19 0.06479949 
769 278 10 12 0.06319548 
94 382 24 32 0.06234818 
675 296 12 18 0.061946217 
743 302 11 13 0.0603364 
339 357 17 23 0.059617337 
155 291 16 21 0.058984213 
736 285 9 13 0.057558183 
40 338 24 32 0.05304224 
820 289 19 24 0.052306823 
383 370 14 19 0.05226579 
43 327 25 30 0.05194599 
906 379 28 34 0.051849384 
843 380 19 26 0.050786704 
911 361 26 33 0.04997969 
927 251 48 70 0.048677474 
239 252 11 14 0.048627865 
418 449 21 27 0.048304588 
94 251 14 18 0.04710661 
833 192 25 37 0.0455892 
866 411 30 40 0.044993702 
439 310 10 13 0.04486723 
245 316 13 17 0.044810355 
931 270 26 36 0.044439618 
851 298 14 17 0.043594312 
342 339 14 19 0.041942477 
275 257 14 17 0.041897774 
117 359 15 21 0.041260444 
262 359 16 20 0.041141637 
318 310 14 19 0.040120747 
797 479 32 42 0.039550498 
141 421 25 33 0.039267886 
46 345 15 19 0.039205696 
124 252 14 19 0.03856483 
709 300 11 14 0.038403764 
707 338 12 17 0.03806934 
300 354 22 27 0.03778559 
430 332 12 14 0.0374808 
116 271 14 19 0.037421905 
130 308 17 22 0.03686802 
799 410 26 33 0.036781646 
917 143 33 43 0.0362553 
906 286 22 28 0.03603843 
302 264 14 16 0.03588552 
836 450 17 24 0.035783943 
-3 188 100 172 0.035629164 
201 405 17 23 0.03529759 
417 293 11 14 0.035290524 
83 379 17 22 0.03513334 
338 346 17 23 0.035102505 
851 132 32 43 0.03461343 
853 318 21 29 0.03441879 
305 258 16 20 0.034381703 
298 283 22 29 0.0343598 
1011 295 12 21 0.033957403 
110 59 26 31 0.03388463 
893 290 16 20 0.033586394 
902 382 17 23 0.033161297 
362 288 14 19 0.03274069 
160 96 208 209 0.032636963 
830 285 22 27 0.032627255 
55 293 14 19 0.032393713 
127 391 18 24 0.032215845 
987 276 27 37 0.032213066 
117 257 15 22 0.032003675 
454 325 13 16 0.031911846 
755 403 13 17 0.031123059 
87 393 26 30 0.031116517 
292 367 16 20 0.031006044 
244 397 17 20 0.030991178 
429 306 11 14 0.030796694 
887 424 27 41 0.030469786 
318 299 14 19 0.030036492 
875 306 21 27 0.030011954 
771 474 79 95 0.029714746 
388 353 15 21 0.029630106 
921 210 28 34 0.029625252 
423 303 12 17 0.02956934 
745 271 9 12 0.02955463 
772 317 12 14 0.029552564 
807 300 11 15 0.029396936 
316 294 12 16 0.029039226 
773 347 14 19 0.02900962 
189 299 10 15 0.029000463 
919 357 19 23 0.028993433 
348 295 21 27 0.028963767 
155 251 15 20 0.02881322 
239 76 25 29 0.02878028 
700 298 12 17 0.028749906 
856 338 22 27 0.02826706 
780 421 25 32 0.02817186 
79 303 14 17 0.02812778 
807 471 26 37 0.028126882 
141 293 20 27 0.027782327 
307 297 22 27 0.027326584 
748 275 12 15 0.027026474 
56 322 17 19 0.026924383 
773 293 11 13 0.026763482 
47 351 18 23 0.026701413 
817 181 42 60 0.026561132 
434 360 14 18 0.0264611 
312 349 22 27 0.026379175 
996 732 30 50 0.026240434 
868 271 15 20 0.026168259 
134 300 21 27 0.02615042 
935 401 33 48 0.02588465 
269 251 15 19 0.025623785 
212 361 16 21 0.025364285 
101 317 13 16 0.025242556 
865 336 15 18 0.025069043 
333 312 13 18 0.024989141 
359 232 12 19 0.024839435 
443 308 12 16 0.02483545 
770 410 24 32 0.024712224 
323 294 14 17 0.024554968 
84 257 13 16 0.024477582 
325 351 17 21 0.024468394 
396 304 12 17 0.024447668 
276 505 31 40 0.024381258 
369 427 16 22 0.024329137 
291 314 14 18 0.024202082 
307 495 39 55 0.023994135 
510 258 329 408 0.023854123 
886 10 30 36 0.023708526 
840 356 24 32 0.023558006 
206 373 16 21 0.02347489 
772 299 11 14 0.023401624 
848 347 25 33 0.02340072 
938 381 47 60 0.023356926 
290 299 23 29 0.023279462 
774 341 12 16 0.023271058 
272 351 21 24 0.023089737 
830 383 26 32 0.022977404 
925 287 24 35 0.022720484 
108 353 20 25 0.022676544 
839 386 27 34 0.022632321 
300 301 16 20 0.022619626 
153 309 20 27 0.022619607 
773 356 91 117 0.022609174 
382 289 21 28 0.022548504 
46 476 28 35 0.022431018 
905 312 16 20 0.022413593 
21 119 33 41 0.022390194 
155 301 16 21 0.022118378 
302 433 27 33 0.022098282 
358 168 13 20 0.022074345 
852 283 14 16 0.02206874 
205 317 12 15 0.022042418 
860 440 25 33 0.022040097 
890 439 31 40 0.021989299 
253 298 15 21 0.021941254 
235 364 17 22 0.021921212 
131 334 16 22 0.021786356 
0 246 58 96 0.021774108 
847 371 28 32 0.02172097 
823 280 11 13 0.021609232 
955 390 57 73 0.021584392 
792 343 22 27 0.021542411 
1002 284 20 33 0.021498846 
223 316 12 15 0.021498477 
839 283 13 16 0.021471629 
922 296 15 20 0.021456426 
765 341 15 17 0.021335691 
945 266 30 43 0.021314962 
91 378 18 23 0.021193208 
486 284 10 15 0.021148672 
757 408 26 33 0.021135518 
355 456 16 22 0.021135224 
814 303 13 18 0.021121217 
345 253 17 20 0.021028578 
769 293 10 12 0.020974506 
159 429 26 34 0.020845912 
46 289 25 34 0.02078089 
700 322 12 16 0.020742936 
908 148 47 62 0.020727491 
418 357 15 18 0.0207266 
796 400 41 55 0.020720601 
131 251 13 18 0.020707272 
436 333 11 13 0.020674402 
181 294 12 15 0.020652514 
669 282 15 20 0.020637602 
862 317 24 30 0.020570843 
861 398 30 40 0.020472268 
911 298 24 32 0.020432 
670 273 14 20 0.020388968 
208 410 15 19 0.020279383 
175 249 12 17 0.020274296 
892 192 45 55 0.020193063 
833 301 25 30 0.020177068 
736 291 11 13 0.020090321 
727 310 10 13 0.020019678 
