2_Demonstration_Demonstration_Or_Protest_2_771
67
470 130 97 132 0.9998994 
673 472 27 31 0.99393785 
132 454 22 25 0.7989963 
730 176 18 23 0.4814412 
690 164 15 19 0.42240676 
800 499 20 20 0.40581796 
52 484 16 23 0.21924543 
761 170 15 21 0.21324317 
970 323 10 13 0.15668657 
736 316 10 14 0.14839342 
164 65 50 63 0.14576063 
219 378 14 19 0.11104967 
3 482 13 18 0.10180338 
234 243 11 15 0.098828726 
759 166 13 17 0.09524644 
181 88 30 39 0.066401504 
324 107 92 134 0.065274686 
701 486 11 14 0.06391885 
731 167 14 18 0.057592113 
631 431 9 11 0.054640707 
671 393 8 10 0.05166293 
100 485 13 16 0.05111618 
198 408 10 15 0.040852312 
192 409 10 15 0.036985047 
693 366 8 11 0.036984853 
166 440 13 19 0.0351858 
166 414 11 16 0.034300294 
258 278 10 11 0.033884976 
765 188 11 15 0.033583116 
270 336 11 15 0.033147417 
747 172 22 30 0.032593172 
270 53 177 225 0.032232113 
664 501 13 16 0.031483956 
131 446 16 23 0.030890025 
127 451 14 20 0.030802513 
1014 262 10 17 0.030557655 
809 504 15 17 0.02854886 
666 398 8 11 0.028437916 
663 407 9 11 0.027704027 
740 311 9 12 0.027509911 
953 324 9 12 0.026542332 
182 410 11 16 0.025482811 
202 350 41 54 0.025434421 
647 437 9 10 0.025399402 
1010 491 12 17 0.025199046 
758 161 11 13 0.023908697 
953 319 10 11 0.02387319 
317 359 14 16 0.023868049 
810 168 15 20 0.023814786 
145 52 82 97 0.022980168 
703 149 12 13 0.02227165 
198 396 10 14 0.02189869 
806 0 15 12 0.021854855 
648 455 9 12 0.021573355 
719 163 12 16 0.02142627 
143 421 9 12 0.021292707 
807 462 10 11 0.021127757 
791 489 25 31 0.021119988 
975 217 19 21 0.02096155 
140 462 29 32 0.020947028 
640 423 9 11 0.020835886 
648 397 9 12 0.020594908 
793 499 13 16 0.020572701 
698 165 13 16 0.020441907 
172 414 13 18 0.02035869 
62 505 14 16 0.020185277 
915 125 13 15 0.020058347 
