2_Demonstration_Demonstrators_2_700
105
250 151 93 111 0.99749905 
487 227 390 581 0.67866087 
533 171 12 15 0.31673598 
258 473 16 19 0.22324044 
437 8 576 563 0.18347082 
1005 335 12 17 0.1725766 
573 151 10 13 0.1713351 
492 154 12 16 0.16047528 
560 140 10 11 0.13786195 
455 104 13 16 0.107480146 
639 52 11 13 0.08454983 
554 133 257 428 0.08225128 
528 149 10 13 0.082194515 
517 182 12 14 0.08009602 
492 266 15 20 0.076427065 
463 150 12 16 0.07376479 
526 127 10 12 0.073239595 
363 557 23 31 0.0617021 
551 104 10 12 0.061466996 
295 445 11 12 0.057974625 
569 93 9 12 0.055630762 
511 142 10 12 0.054040045 
945 344 9 10 0.051642105 
500 148 11 14 0.049922574 
517 203 14 16 0.049125288 
467 179 13 16 0.04909299 
1006 327 10 13 0.047579303 
536 132 10 12 0.046406455 
551 153 10 12 0.044153105 
511 163 12 14 0.044093955 
598 150 11 14 0.043023296 
528 143 10 12 0.042057365 
559 159 10 11 0.041857257 
284 464 16 18 0.041508704 
592 151 12 14 0.04127178 
628 30 13 16 0.03956924 
1001 325 9 12 0.03896608 
519 213 24 30 0.03822184 
486 180 11 15 0.03729405 
184 10 11 14 0.0369577 
192 527 10 13 0.036647618 
510 77 9 11 0.036215257 
198 1 13 13 0.036062155 
1008 366 9 11 0.035163514 
309 569 15 19 0.034454457 
540 133 10 13 0.03264608 
177 39 16 19 0.032255657 
638 68 13 16 0.03210468 
545 104 9 10 0.032000836 
403 150 15 20 0.031583294 
517 160 12 14 0.030195745 
479 197 12 14 0.03001154 
533 143 11 13 0.029294882 
149 70 14 18 0.02911789 
631 87 12 14 0.029062117 
259 513 20 26 0.028902287 
507 147 12 13 0.028875772 
927 351 9 10 0.028725041 
524 202 13 16 0.028527288 
478 153 12 16 0.027745645 
644 48 10 12 0.027667595 
468 148 14 17 0.02761076 
958 318 8 10 0.027469724 
243 465 13 16 0.027403666 
653 94 12 13 0.02719658 
431 156 14 16 0.026585432 
950 381 12 16 0.026233746 
536 54 9 13 0.026004633 
535 128 9 11 0.02584897 
648 76 12 15 0.025789272 
486 204 12 16 0.025624823 
516 173 13 14 0.025534417 
534 85 9 12 0.025134915 
222 78 14 16 0.02510571 
568 155 11 13 0.02508487 
531 233 14 18 0.025003012 
269 355 466 468 0.024802474 
449 202 120 146 0.024229197 
517 141 10 12 0.024192775 
569 70 9 12 0.024172498 
606 46 10 14 0.024013458 
950 350 9 11 0.023572687 
520 125 10 12 0.023430694 
17 486 130 178 0.023155406 
528 166 12 14 0.022999186 
476 141 12 15 0.02297632 
264 523 24 30 0.022950955 
944 381 11 12 0.022852644 
326 554 16 19 0.022816699 
482 346 260 350 0.022223344 
836 327 13 18 0.021812467 
593 56 9 11 0.02173293 
503 118 10 12 0.021727972 
541 177 11 15 0.02171093 
950 301 10 12 0.021662872 
157 2 12 15 0.02157288 
536 118 8 10 0.021478547 
500 133 10 12 0.021402767 
565 137 9 11 0.021159133 
502 143 11 13 0.021020373 
241 569 15 22 0.020850755 
175 43 23 28 0.020480705 
425 494 86 89 0.02038024 
499 154 12 16 0.020313222 
124 107 112 165 0.020249022 
