2_Demonstration_Political_Rally_2_960
35
578 777 52 65 0.99906534 
205 206 147 185 0.9980568 
399 275 53 63 0.99716055 
708 238 58 79 0.99484986 
0 258 66 118 0.9549476 
108 267 54 67 0.79296005 
587 308 28 36 0.17874147 
401 544 58 84 0.13611346 
540 289 61 67 0.12419349 
621 128 22 30 0.11897622 
85 237 87 108 0.06799727 
740 286 32 41 0.062196814 
33 246 91 120 0.060523733 
629 312 28 35 0.060358595 
689 976 22 25 0.05536372 
399 253 35 43 0.053224936 
575 275 25 36 0.04541037 
596 309 15 20 0.040638495 
874 957 13 15 0.037911367 
563 2 14 19 0.037138283 
930 302 40 50 0.036413655 
685 245 54 70 0.03341452 
572 289 28 43 0.03328747 
638 981 12 14 0.03250283 
565 241 13 16 0.03215773 
625 92 17 22 0.030896029 
672 261 32 46 0.028844435 
375 300 26 42 0.02846048 
607 982 11 15 0.026480302 
639 314 17 20 0.022582907 
612 982 11 14 0.022302337 
669 287 30 43 0.022201307 
669 307 14 19 0.02129305 
0 93 7 12 0.020867236 
388 296 35 46 0.02079775 
