2_Demonstration_Protesters_2_163
554
222 123 32 41 0.9757816 
50 176 18 22 0.9651357 
368 153 15 18 0.9062729 
499 123 11 14 0.8169529 
102 194 15 17 0.75406325 
157 184 15 23 0.7292184 
428 132 11 14 0.7145862 
961 14 24 28 0.7067966 
690 150 10 12 0.67699057 
590 125 9 12 0.6649827 
751 158 9 12 0.6576614 
539 516 73 56 0.6481681 
902 130 10 11 0.5767869 
530 181 13 16 0.5525072 
83 207 21 26 0.4652137 
538 125 9 11 0.4610977 
521 111 10 12 0.40428516 
309 163 10 13 0.40136167 
599 108 9 11 0.39000598 
808 118 9 11 0.38696125 
559 124 10 11 0.3850148 
866 71 8 11 0.38432348 
125 196 15 20 0.3726221 
644 116 8 12 0.36680323 
616 109 9 11 0.3610197 
522 115 10 13 0.3493338 
663 326 53 55 0.30458355 
518 319 68 74 0.3030191 
367 681 40 52 0.29598168 
413 137 14 16 0.2932524 
512 149 8 11 0.26797736 
452 125 13 16 0.2649094 
680 163 12 14 0.2639306 
283 159 12 14 0.2582001 
486 140 9 12 0.25761026 
767 120 9 11 0.25335994 
91 223 15 18 0.24963723 
786 150 8 11 0.24917637 
687 154 11 15 0.246162 
766 124 8 10 0.24006937 
502 264 25 30 0.23305507 
15 206 10 14 0.23181595 
496 320 24 38 0.22820456 
896 86 9 12 0.22107603 
573 116 9 12 0.21669061 
457 141 11 13 0.20781331 
666 181 15 21 0.20511559 
996 23 25 30 0.20257038 
642 112 9 11 0.18703534 
774 94 8 10 0.18627872 
83 220 18 22 0.18469907 
407 140 11 14 0.18217693 
164 163 13 17 0.18149063 
520 143 9 11 0.18000372 
477 193 13 15 0.1761398 
427 709 26 33 0.17525022 
258 172 16 19 0.1723371 
925 53 11 14 0.16020289 
445 119 10 12 0.15882365 
589 131 10 12 0.15194336 
390 132 9 12 0.14877015 
141 255 13 15 0.14864878 
328 158 9 12 0.13714035 
518 147 9 11 0.1347995 
920 57 11 14 0.12866099 
402 142 9 12 0.12808193 
448 123 12 16 0.12724231 
865 76 8 10 0.12549488 
694 430 98 89 0.12396881 
760 140 10 12 0.12354165 
863 63 10 11 0.12350136 
497 120 10 13 0.12123827 
893 112 9 11 0.11759826 
419 137 15 17 0.117088765 
277 163 12 14 0.11414346 
553 330 39 44 0.11064394 
461 125 12 16 0.10809137 
753 162 9 12 0.10739471 
338 173 15 20 0.10628312 
858 61 9 10 0.10530942 
513 265 16 20 0.10042726 
498 315 18 25 0.09877951 
587 161 16 20 0.09767086 
896 80 11 13 0.09513346 
354 140 9 13 0.09474917 
288 227 14 18 0.09209869 
560 187 11 14 0.090325646 
318 167 9 12 0.09004896 
45 254 13 19 0.088838145 
613 125 9 11 0.088082165 
913 117 9 11 0.086792216 
333 165 12 14 0.08646149 
343 138 9 12 0.085480794 
615 115 10 12 0.08488818 
698 404 68 72 0.08439738 
60 236 13 17 0.08415481 
800 143 8 12 0.08408113 
328 165 10 13 0.08386587 
368 174 10 14 0.082491435 
849 78 7 9 0.0818579 
900 76 11 13 0.08169775 
582 479 65 57 0.08137175 
77 202 16 19 0.080359526 
507 508 56 63 0.0800429 
791 144 8 11 0.07956727 
321 156 54 50 0.079507984 
400 147 12 14 0.0792071 
783 155 9 12 0.079030275 
424 128 11 12 0.07838195 
350 156 11 12 0.07822021 
544 111 8 10 0.07814284 
645 123 10 13 0.076389596 
1003 22 16 19 0.07630459 
523 259 15 21 0.0761572 
928 98 10 14 0.075947866 
332 159 10 13 0.07509406 
855 133 10 11 0.07463177 
575 126 9 10 0.07357441 
736 189 9 12 0.073459454 
480 134 9 13 0.0732544 
136 164 13 17 0.072879836 
511 156 9 12 0.07232196 
808 123 8 11 0.07224417 
469 132 10 13 0.071658246 
256 157 12 16 0.07002868 
379 173 13 14 0.06835355 
264 168 20 24 0.067872375 
76 187 14 17 0.06748899 
32 181 13 17 0.06653121 
994 77 16 18 0.065606825 
775 117 8 10 0.065270856 
294 166 10 12 0.064917184 
994 44 26 33 0.06457379 
329 172 10 13 0.064533375 
421 145 14 16 0.06428743 
737 167 9 12 0.06385445 
21 227 23 28 0.06351019 
565 197 13 16 0.0627085 
264 150 10 12 0.06206089 
585 119 10 12 0.061325286 
785 117 9 11 0.061210215 
765 141 10 13 0.060843386 
340 166 11 14 0.060538694 
758 112 7 9 0.060136598 
909 125 10 12 0.059659433 
359 175 11 14 0.059168804 
553 118 8 10 0.058939762 
0 205 9 14 0.058437236 
436 133 11 15 0.058086134 
553 104 8 8 0.05805774 
541 119 8 11 0.058010153 
295 170 10 13 0.057403687 
801 129 8 9 0.05737404 
537 142 8 10 0.05704477 
417 171 13 15 0.05702878 
622 316 61 61 0.056943905 
707 348 71 68 0.056938197 
455 188 11 14 0.056496166 
484 191 11 13 0.05579431 
562 181 13 16 0.055398785 
302 170 12 14 0.055193022 
816 135 10 13 0.054888017 
742 168 9 11 0.054676518 
421 128 20 23 0.054510072 
525 142 9 11 0.054343175 
601 207 26 32 0.054310076 
901 71 12 14 0.053979013 
586 134 10 11 0.05395595 
536 103 7 9 0.053857833 
688 128 9 11 0.053735062 
801 98 8 8 0.05371979 
535 95 8 9 0.05345026 
415 165 12 14 0.053388335 
273 166 10 12 0.05243292 
760 117 8 11 0.05232746 
446 129 13 18 0.05212298 
406 687 52 50 0.051968947 
695 132 9 11 0.051894832 
472 101 9 11 0.051389262 
562 496 76 68 0.050728783 
607 491 45 37 0.050708394 
442 117 9 12 0.050280057 
518 135 10 12 0.05001605 
267 178 12 16 0.04963309 
75 194 16 19 0.049596574 
502 326 50 64 0.04947672 
360 137 10 12 0.049198486 
260 168 12 14 0.04859483 
415 144 13 17 0.048527807 
513 110 8 10 0.048517462 
868 64 9 12 0.04841195 
506 261 18 21 0.04837901 
330 173 27 32 0.048352994 
753 118 8 9 0.048307125 
34 244 22 29 0.04817218 
757 149 11 12 0.04816965 
542 133 9 11 0.048014678 
8 204 12 14 0.04758029 
494 267 11 16 0.047486052 
1011 133 11 16 0.047319766 
573 393 50 61 0.04731039 
398 133 10 14 0.047266312 
581 197 11 14 0.04713026 
285 215 22 31 0.046573844 
270 172 11 15 0.046229247 
608 96 7 8 0.046162732 
863 134 8 11 0.045259643 
18 169 14 17 0.044760402 
901 60 11 12 0.04474592 
608 119 9 11 0.04473344 
601 117 8 10 0.044519592 
14 179 13 16 0.044184066 
970 23 28 32 0.044062335 
137 159 10 14 0.043889295 
832 112 8 11 0.04382678 
799 132 9 11 0.043480955 
308 170 11 14 0.043229025 
565 203 15 18 0.043132868 
998 40 13 17 0.043124415 
944 108 12 15 0.042891935 
855 78 7 10 0.0428131 
158 172 14 19 0.04255189 
994 61 25 29 0.042105343 
524 234 13 16 0.0419275 
447 159 9 11 0.041530136 
784 113 7 10 0.041501675 
527 190 12 16 0.04146667 
98 220 14 19 0.041376982 
964 28 17 22 0.040941596 
787 145 8 11 0.04069861 
496 333 30 45 0.04050616 
320 158 10 13 0.04041229 
528 177 11 14 0.040069547 
461 146 10 13 0.039996106 
300 158 20 23 0.039951354 
415 128 10 12 0.039883655 
134 189 12 16 0.03960781 
801 102 8 9 0.03957652 
526 148 9 12 0.03956182 
373 174 12 14 0.039543923 
479 148 10 13 0.039493807 
278 157 21 23 0.039302044 
824 112 8 10 0.039260894 
275 170 13 15 0.039184827 
527 135 8 10 0.039096236 
249 154 25 31 0.03903738 
1004 109 9 13 0.03870198 
272 198 11 16 0.038698144 
654 127 9 12 0.03869607 
792 96 6 8 0.038479943 
520 105 8 9 0.038200554 
473 191 12 14 0.037626937 
315 180 48 53 0.03762469 
41 261 22 33 0.03737383 
26 245 16 22 0.037209623 
413 158 13 15 0.0368499 
572 197 12 14 0.036720783 
900 91 11 14 0.03640143 
518 234 13 17 0.036226116 
596 178 13 17 0.03601256 
777 159 8 10 0.03597132 
633 104 8 11 0.03591996 
277 200 14 20 0.03573088 
492 140 10 13 0.0356898 
511 163 10 12 0.035649713 
566 123 9 12 0.035576288 
33 268 26 40 0.035575647 
776 90 7 9 0.035569247 
545 307 33 40 0.035192594 
364 218 28 31 0.035128627 
49 250 17 22 0.03505483 
460 500 16 19 0.03495461 
140 187 13 18 0.034942757 
148 396 16 17 0.034862734 
670 149 11 15 0.034757495 
606 104 8 10 0.034653388 
815 124 9 11 0.03460783 
576 132 9 11 0.034350067 
475 229 13 15 0.034306284 
728 368 69 65 0.034227796 
125 201 21 26 0.03404804 
507 149 9 12 0.033715304 
538 111 8 10 0.033695534 
672 179 18 20 0.03364488 
536 149 9 13 0.0335761 
334 152 9 11 0.033564918 
806 97 6 9 0.033403467 
260 181 16 20 0.033348616 
447 531 45 61 0.033031806 
886 135 8 11 0.032973092 
358 149 12 15 0.032966245 
670 326 91 78 0.032957323 
366 172 25 26 0.032708798 
566 140 10 14 0.03266443 
785 88 7 9 0.032616604 
398 117 9 11 0.032341816 
849 132 8 11 0.032312386 
1010 26 13 20 0.03227386 
427 146 13 17 0.03215592 
849 149 9 11 0.03187626 
13 186 12 14 0.031818103 
559 149 9 12 0.031679973 
676 158 20 24 0.031604864 
552 112 8 9 0.031564165 
860 57 10 11 0.031545456 
805 149 9 12 0.031407908 
347 146 21 25 0.031402726 
245 163 12 16 0.031371243 
480 127 9 12 0.031323604 
471 96 9 11 0.031300154 
528 123 9 11 0.031243907 
777 113 7 10 0.03102523 
478 180 13 14 0.0310133 
570 112 9 10 0.030947832 
154 155 42 54 0.030906375 
597 126 8 11 0.030849198 
711 120 8 10 0.0308024 
551 134 9 12 0.030727224 
559 104 8 8 0.030461835 
720 140 9 11 0.03044037 
265 142 11 15 0.030399201 
344 158 10 13 0.03033635 
424 118 10 11 0.030246895 
509 173 11 14 0.030189503 
101 157 11 13 0.030140301 
281 201 24 31 0.030121012 
13 200 21 24 0.029870447 
584 166 22 27 0.029834853 
116 207 15 20 0.029792245 
495 111 9 10 0.029771276 
357 160 22 25 0.02976883 
486 523 53 60 0.029764459 
107 171 13 15 0.029733008 
899 132 10 12 0.029677501 
543 140 9 12 0.02954603 
997 121 11 16 0.029471526 
537 132 9 11 0.02946133 
349 163 11 13 0.029455353 
22 242 14 19 0.029421004 
774 99 9 11 0.029414402 
1006 104 9 11 0.029408474 
454 159 9 12 0.029401623 
140 217 14 18 0.02934856 
270 148 9 12 0.02916765 
821 135 9 12 0.029167313 
512 133 9 12 0.029093692 
439 157 11 15 0.029082691 
565 165 12 15 0.02893551 
5 242 14 19 0.028852673 
668 192 15 19 0.028830813 
540 323 37 44 0.028797634 
750 126 9 11 0.028629746 
880 70 8 11 0.028535698 
542 288 31 39 0.028529434 
746 125 8 10 0.028519562 
895 102 9 11 0.028328279 
769 103 7 9 0.028302256 
496 131 11 13 0.02827607 
59 241 23 28 0.02818512 
510 125 10 12 0.028166147 
366 135 9 10 0.028148437 
135 256 15 18 0.028099684 
804 142 11 12 0.02805165 
792 133 9 11 0.027908996 
13 242 13 18 0.02790732 
739 189 12 15 0.027775977 
349 172 24 27 0.027729249 
522 260 25 31 0.027577965 
831 185 10 12 0.027517341 
916 53 20 23 0.027433783 
139 261 16 20 0.027431661 
857 96 7 10 0.027318079 
39 176 19 24 0.027315078 
135 177 13 17 0.027282413 
785 95 7 9 0.027268065 
784 102 7 9 0.027210888 
152 179 16 20 0.027184822 
197 301 9 14 0.027170487 
568 104 7 8 0.027169295 
18 219 19 25 0.02711505 
773 164 9 12 0.027099898 
76 243 23 30 0.027051527 
312 154 21 23 0.026997274 
551 141 10 12 0.026946316 
833 160 7 10 0.026879564 
509 496 37 53 0.026810743 
408 151 23 27 0.026765939 
917 124 10 12 0.026684338 
462 182 10 13 0.02664396 
5 151 12 17 0.026638199 
801 80 7 9 0.026510237 
837 117 8 11 0.026500087 
734 150 9 12 0.026473792 
558 162 12 17 0.026447127 
608 133 9 12 0.026444683 
855 87 8 9 0.026396815 
585 139 9 12 0.026394898 
720 105 7 8 0.026333546 
465 95 8 11 0.026326194 
881 79 8 10 0.026289543 
190 299 10 15 0.026285442 
344 150 9 12 0.02616874 
532 314 15 21 0.026062101 
671 204 13 16 0.025932178 
851 87 6 9 0.025911227 
889 78 10 12 0.025861971 
555 125 8 11 0.02582784 
159 156 22 27 0.02580273 
559 183 19 25 0.02576811 
768 159 8 11 0.025743388 
751 141 10 13 0.025723249 
228 139 31 43 0.02570441 
90 225 22 27 0.025526078 
147 221 15 18 0.025480412 
381 166 11 14 0.025432602 
449 163 9 12 0.025347741 
246 167 28 34 0.025321165 
606 222 16 22 0.02526077 
1004 57 16 21 0.025221191 
745 121 7 9 0.025200462 
500 252 14 18 0.025177052 
431 128 19 24 0.025108136 
310 180 11 14 0.025084075 
789 166 10 12 0.02497582 
746 152 11 14 0.024944082 
208 117 35 41 0.024783174 
629 411 60 65 0.024781013 
1012 20 11 17 0.024750438 
286 169 12 14 0.024657145 
441 112 9 11 0.02462224 
857 72 8 9 0.024492992 
159 159 13 16 0.024444232 
486 262 10 13 0.02441188 
347 173 16 19 0.024392713 
607 109 9 12 0.024329154 
745 151 21 23 0.024316711 
679 149 12 15 0.024308493 
777 150 9 11 0.024240047 
803 117 8 11 0.024237562 
135 102 24 32 0.024204131 
710 125 9 11 0.02420335 
351 137 9 12 0.024165796 
402 141 21 24 0.024085576 
393 119 9 10 0.024084497 
429 155 12 16 0.024076384 
518 122 10 13 0.024063287 
170 164 12 17 0.024053218 
816 88 9 10 0.023893595 
822 127 9 11 0.023768546 
452 132 19 24 0.023677118 
504 111 9 9 0.023648689 
827 -18 231 246 0.023619382 
983 75 24 28 0.023534253 
383 141 9 11 0.023516051 
292 159 11 14 0.02346987 
534 317 29 36 0.023418969 
677 169 15 16 0.023392836 
54 242 15 21 0.023374625 
445 113 10 11 0.023347218 
423 146 21 29 0.023334518 
513 105 8 10 0.02325086 
764 133 10 13 0.023159873 
683 167 15 18 0.023157936 
541 322 14 19 0.02314749 
73 255 16 21 0.023080327 
864 86 8 9 0.023071917 
476 101 10 12 0.022991076 
640 150 8 11 0.022985244 
162 178 24 34 0.022983916 
510 237 12 16 0.02291425 
823 104 8 9 0.022876771 
766 146 11 13 0.022876054 
490 119 8 11 0.022836465 
54 250 22 30 0.02282752 
212 295 26 32 0.022721091 
917 141 10 12 0.022683471 
429 118 9 10 0.022676004 
329 163 24 27 0.022604896 
271 163 24 27 0.022599394 
606 451 59 69 0.022580096 
485 147 10 13 0.022526445 
337 155 22 27 0.022358092 
272 179 23 30 0.022356093 
656 431 32 47 0.022335285 
4 206 19 24 0.022318467 
729 -139 445 484 0.022304537 
405 156 12 14 0.022299888 
488 266 10 14 0.022294747 
523 332 34 44 0.022182591 
504 104 8 9 0.022174895 
736 96 8 10 0.022150226 
318 199 31 39 0.022136085 
277 177 12 16 0.022124652 
521 525 70 74 0.022104166 
881 134 9 12 0.022061499 
720 110 7 9 0.02205814 
380 156 12 16 0.02201817 
584 103 7 10 0.021996314 
672 403 63 72 0.021946115 
634 109 8 11 0.021920096 
302 164 23 26 0.021912387 
286 168 26 28 0.021795176 
1015 100 9 12 0.021729605 
831 164 8 10 0.02154258 
801 111 7 10 0.021538664 
606 140 9 12 0.021526877 
133 155 22 29 0.02152566 
957 134 9 12 0.021494232 
837 111 9 11 0.0214771 
544 105 7 8 0.021475516 
51 266 13 18 0.021430181 
496 287 43 60 0.02140031 
693 144 10 13 0.021366116 
663 149 10 15 0.021361986 
550 148 11 14 0.021232177 
543 150 10 13 0.021152006 
743 112 7 8 0.021126792 
5 199 13 15 0.021125712 
369 158 24 27 0.021078032 
255 301 21 27 0.020932687 
710 157 9 13 0.020921482 
511 237 22 27 0.020912949 
82 196 16 18 0.020848388 
1000 116 10 15 0.020843858 
323 153 21 25 0.020817865 
328 177 13 17 0.020811824 
663 217 12 15 0.02080262 
146 160 22 28 0.020790823 
890 102 7 10 0.020777516 
285 154 11 13 0.02074202 
517 311 27 35 0.020732732 
581 188 13 16 0.020638376 
23 282 31 42 0.02063656 
350 135 18 24 0.020610621 
596 157 12 16 0.020609822 
401 445 26 30 0.020594483 
887 483 55 70 0.02054873 
751 145 21 23 0.02054229 
504 314 29 37 0.020517651 
697 111 7 9 0.020480355 
563 414 55 68 0.020426322 
640 157 9 11 0.020393316 
822 94 8 9 0.020328147 
421 154 13 16 0.020296747 
369 127 8 10 0.020287922 
543 196 12 16 0.020280078 
773 142 10 13 0.020270748 
841 79 8 9 0.020217555 
807 134 9 11 0.020163696 
571 205 22 27 0.020161359 
841 132 7 11 0.020146307 
314 166 24 28 0.020119827 
528 440 58 58 0.020066272 
856 100 9 11 0.020018173 
