2_Demonstration_Demonstrators_2_547
65
484 164 39 44 0.9991943 
878 175 38 47 0.99917847 
215 139 56 68 0.999097 
682 138 55 77 0.99856913 
823 138 43 55 0.9975768 
641 161 40 54 0.9364831 
931 203 25 36 0.92571324 
0 210 27 44 0.9250395 
417 192 29 36 0.74200743 
458 200 27 37 0.69031584 
990 210 28 42 0.59293616 
949 209 34 49 0.46365088 
930 291 45 62 0.31178248 
165 160 44 53 0.30176464 
-2 508 41 59 0.29051408 
962 215 37 47 0.19185667 
770 208 18 21 0.10796937 
164 171 14 18 0.08621303 
985 369 32 38 0.076911144 
73 86 27 49 0.06587638 
1003 410 16 23 0.06403633 
310 110 15 21 0.06374285 
205 189 15 20 0.055997655 
403 223 15 24 0.048396863 
164 166 26 31 0.047547072 
190 178 30 40 0.047035325 
490 216 30 40 0.046238493 
393 214 22 32 0.044965085 
529 253 33 42 0.043571003 
426 190 17 20 0.043311477 
485 1 30 42 0.042765956 
14 238 57 55 0.03953257 
920 186 17 21 0.03947773 
511 235 46 61 0.039431393 
65 78 27 45 0.037710022 
759 210 29 35 0.036929846 
358 520 24 28 0.03426008 
552 120 46 56 0.033740435 
467 188 37 50 0.031930815 
354 540 11 13 0.030562842 
-1 223 50 60 0.028735451 
503 4 54 71 0.02743979 
973 365 29 38 0.02674184 
478 213 29 38 0.026287975 
481 633 31 31 0.026245574 
169 217 33 38 0.024490166 
55 87 23 33 0.024092406 
368 192 28 34 0.023722874 
409 211 27 32 0.023330992 
374 190 13 15 0.023149543 
663 469 28 35 0.02228318 
460 197 16 20 0.022207255 
409 224 17 23 0.021812383 
876 322 26 35 0.021781778 
425 202 27 37 0.021602979 
441 201 25 33 0.021348499 
168 190 36 43 0.021323627 
399 189 40 47 0.020925038 
370 530 14 17 0.020911781 
454 214 41 52 0.020894427 
850 326 16 22 0.020855151 
863 341 29 36 0.020571705 
381 202 25 33 0.020563856 
621 492 14 17 0.02048259 
993 194 28 41 0.02038675 
