2_Demonstration_Political_Rally_2_741
103
573 482 43 56 0.97840595 
124 500 29 51 0.9336267 
738 477 15 21 0.787452 
201 473 31 41 0.6347122 
759 446 11 14 0.21204002 
725 448 15 20 0.21044064 
766 474 14 19 0.17145763 
671 434 11 14 0.12726785 
861 432 12 15 0.10846512 
875 499 47 54 0.10260466 
753 444 11 15 0.08632475 
856 429 13 16 0.08118893 
831 453 10 13 0.079463534 
946 540 40 37 0.076685496 
243 416 17 23 0.076320134 
657 439 8 11 0.075144716 
756 479 16 21 0.069269456 
790 483 24 32 0.0680615 
108 513 32 38 0.0657818 
670 468 13 19 0.06181215 
732 468 16 23 0.06114772 
435 387 29 34 0.060048774 
783 438 13 15 0.059062835 
761 449 14 18 0.056127343 
961 452 10 14 0.055443104 
641 444 8 11 0.05281537 
280 392 30 37 0.05142977 
668 420 11 14 0.047706228 
715 438 21 28 0.04755108 
604 422 15 20 0.047317937 
823 453 11 15 0.044690475 
645 445 9 10 0.043152053 
725 479 15 22 0.042785544 
950 496 40 48 0.042734522 
924 451 12 14 0.04195083 
730 451 14 20 0.04131493 
702 449 13 18 0.04072058 
693 425 11 15 0.03956287 
804 645 27 33 0.03938026 
708 448 17 21 0.038320974 
642 439 9 12 0.037629697 
91 519 38 37 0.037324313 
272 422 48 54 0.036877684 
444 378 29 37 0.03670433 
949 452 9 13 0.03592923 
719 429 12 14 0.035889205 
668 414 11 14 0.03558319 
780 437 20 25 0.03500815 
233 411 29 37 0.033208553 
715 452 18 20 0.03314006 
68 792 112 138 0.0325627 
901 460 10 13 0.031909678 
676 431 12 16 0.031770803 
22 780 101 145 0.030630235 
868 435 11 13 0.030586567 
303 437 31 39 0.030452754 
895 439 10 12 0.030363774 
761 546 34 52 0.03030118 
675 464 20 27 0.029968107 
779 450 16 19 0.02991451 
773 466 25 32 0.029786155 
686 428 11 13 0.029697575 
751 441 19 24 0.029106054 
813 450 13 16 0.028899577 
956 522 32 40 0.028022664 
204 398 43 51 0.027636118 
671 610 12 16 0.027266687 
890 520 29 38 0.02719503 
799 497 16 19 0.026625356 
773 469 13 18 0.026234647 
25 604 179 247 0.02621426 
974 440 11 15 0.026135758 
211 129 194 287 0.02534681 
944 452 10 12 0.025161639 
740 451 12 15 0.025159294 
697 466 15 19 0.025135014 
664 420 10 14 0.02507427 
77 487 36 50 0.025003461 
854 424 22 27 0.024751775 
854 538 55 54 0.024732102 
630 444 9 11 0.024533972 
688 463 20 27 0.023968533 
140 512 27 45 0.023502836 
678 454 12 15 0.023256768 
861 423 13 17 0.023153745 
778 464 17 21 0.023034126 
775 442 13 18 0.022981185 
63 477 27 38 0.022878112 
662 445 9 12 0.02267332 
730 478 19 27 0.022590822 
668 426 18 25 0.02252621 
721 459 24 32 0.02222765 
678 461 12 16 0.02211258 
87 433 13 17 0.021911805 
488 684 87 132 0.02125713 
711 395 10 13 0.020928616 
769 445 22 27 0.02090865 
218 413 17 22 0.020784304 
811 439 14 16 0.020619858 
280 720 27 39 0.020614978 
281 376 27 38 0.020514706 
33 786 58 81 0.020455958 
220 437 29 42 0.020173501 
