2_Demonstration_Political_Rally_2_746
349
584 90 69 81 0.99970585 
852 2260 58 71 0.99948007 
586 369 63 70 0.99947554 
510 360 64 76 0.99795747 
170 2369 86 107 0.99749833 
357 2324 85 103 0.9958774 
594 2294 30 39 0.99296737 
782 1344 63 105 0.9909244 
203 2254 37 53 0.9853022 
55 2335 45 58 0.97107613 
753 2324 32 36 0.95991844 
964 121 41 56 0.93409216 
128 2306 43 47 0.8447465 
722 1373 30 49 0.8343297 
269 196 11 16 0.7486898 
652 2285 25 38 0.7347525 
280 209 15 20 0.71289474 
863 142 11 14 0.64204776 
480 1314 17 20 0.5865043 
333 192 18 23 0.54956776 
445 1317 9 12 0.39528868 
490 1344 14 18 0.33421263 
320 2282 31 37 0.32143232 
136 516 57 76 0.31712532 
404 1339 12 18 0.2997492 
833 189 11 14 0.29190463 
288 1328 26 43 0.276643 
252 194 13 16 0.26280963 
312 2292 41 56 0.25494018 
382 1266 20 27 0.23361678 
354 214 14 19 0.22354561 
461 1363 15 18 0.19532946 
883 117 15 20 0.18626887 
414 1319 9 12 0.18264078 
117 1289 15 20 0.17863227 
109 1289 13 19 0.1691344 
698 1358 9 12 0.16285995 
296 2192 17 22 0.15382616 
660 1359 10 16 0.1497971 
53 207 14 20 0.14248098 
518 1343 10 13 0.1402857 
663 2284 29 39 0.13362879 
342 2261 13 17 0.12765989 
156 1323 15 18 0.118936166 
207 1300 10 14 0.11892973 
337 2265 24 35 0.11871165 
675 1398 24 33 0.11795633 
644 1320 12 18 0.112499356 
316 2230 24 30 0.10744233 
292 212 13 18 0.105871856 
159 1300 10 13 0.09655115 
174 1280 10 12 0.09516848 
393 1339 41 51 0.09478497 
702 1351 8 10 0.09254519 
409 1319 10 12 0.08994382 
174 2249 24 32 0.08894106 
464 1332 9 12 0.08624655 
833 214 11 16 0.08591102 
174 2279 22 32 0.085546404 
122 1295 15 19 0.08534785 
399 1334 11 16 0.08435009 
99 2348 30 40 0.08322441 
698 1352 8 10 0.076891415 
334 197 23 31 0.07675136 
307 2281 25 29 0.076328665 
423 1340 13 18 0.07445319 
182 1293 10 13 0.07420649 
685 1370 12 15 0.07198198 
344 207 22 27 0.06823986 
477 1341 12 17 0.06700646 
145 1317 10 14 0.06628948 
720 1351 8 10 0.06513787 
287 234 26 36 0.06328808 
454 1393 26 29 0.06312429 
175 1330 12 17 0.062339835 
694 1362 11 14 0.0615797 
468 1358 14 15 0.06048529 
681 1341 8 10 0.05995137 
263 1301 10 14 0.05916936 
881 245 11 14 0.05914112 
200 1293 10 14 0.059138842 
398 1177 26 33 0.05758994 
34 243 54 88 0.05731995 
609 2301 28 36 0.057022262 
376 1323 43 60 0.054976918 
401 1326 9 14 0.054914318 
646 2291 18 25 0.053492203 
148 1318 12 15 0.05337916 
701 402 34 48 0.053099006 
405 1323 11 13 0.05297916 
75 1181 24 28 0.052811023 
165 1327 14 19 0.0523034 
302 2279 15 22 0.05213619 
788 227 18 22 0.051952984 
400 1334 20 29 0.05184833 
258 2177 25 34 0.0517107 
503 1326 9 12 0.05160272 
254 1294 12 14 0.051303186 
176 1293 11 13 0.051286083 
659 852 27 39 0.050848007 
179 1336 15 20 0.05022262 
119 1237 12 16 0.04952762 
326 205 28 39 0.04950596 
687 1348 8 11 0.049480822 
363 2256 15 21 0.04922582 
263 241 46 57 0.048545744 
530 2312 15 19 0.04849904 
263 199 12 16 0.04835077 
750 212 14 18 0.048198774 
285 1289 13 18 0.047495764 
861 119 10 13 0.047490437 
153 1299 11 15 0.047302525 
718 1357 10 13 0.047250915 
821 171 14 17 0.047031138 
605 1299 13 14 0.046484906 
182 1286 9 13 0.045825474 
628 2311 14 20 0.045646418 
556 2314 18 22 0.045297645 
152 538 35 47 0.04526518 
337 2285 26 36 0.044757605 
840 164 20 29 0.044487745 
999 98 22 37 0.04406824 
361 214 14 18 0.043144826 
686 1343 8 10 0.042977866 
164 1301 10 13 0.042923886 
349 2257 24 32 0.042826243 
110 481 95 128 0.04272813 
447 1373 40 47 0.042712875 
873 184 18 20 0.04256125 
101 1281 22 30 0.042559706 
168 1278 9 11 0.04254699 
712 1358 10 12 0.04236225 
279 1334 25 35 0.042236853 
916 634 30 34 0.041876655 
931 1331 11 15 0.04163175 
521 1327 9 12 0.041267008 
130 1293 11 15 0.04039222 
714 1370 28 34 0.040323492 
130 2365 48 68 0.040001463 
178 2263 15 21 0.039931133 
470 1371 13 16 0.039754774 
382 1259 16 20 0.03923594 
1 401 57 90 0.039106864 
493 1334 12 15 0.03908518 
681 1373 10 13 0.03906939 
251 1270 15 18 0.038932737 
190 1292 9 13 0.038812965 
422 1319 8 11 0.038646385 
646 1327 12 18 0.03862568 
702 1362 10 13 0.038557746 
305 2288 31 38 0.038381096 
279 1286 12 16 0.038342644 
270 221 25 32 0.038112592 
363 1251 14 19 0.038057413 
607 336 50 62 0.037691012 
666 408 39 44 0.037640672 
289 167 9 11 0.037519943 
299 212 15 19 0.03709456 
265 2061 11 14 0.036860332 
474 1363 13 16 0.036755916 
175 2247 13 16 0.036526293 
480 1322 23 28 0.036235083 
485 2290 40 56 0.03573269 
363 1323 32 45 0.035510316 
271 1294 11 16 0.03543593 
111 1271 28 38 0.035434466 
755 215 15 22 0.035358597 
402 1355 25 33 0.035269737 
180 1317 13 15 0.035224814 
317 1260 25 31 0.034777757 
266 231 32 37 0.034769684 
265 2362 44 61 0.03470822 
409 1339 15 20 0.034681525 
414 1340 22 29 0.034293387 
43 453 443 400 0.034286693 
267 194 20 24 0.03417357 
651 1353 18 29 0.034164485 
170 1321 21 27 0.034013223 
936 1367 9 13 0.033949926 
473 1340 10 15 0.033779185 
348 205 13 18 0.033671994 
384 1332 26 35 0.033434723 
937 1371 12 15 0.033281296 
518 1404 12 16 0.033065192 
222 202 11 14 0.033028472 
440 1323 10 14 0.03279505 
1002 100 14 21 0.032505617 
276 1297 13 17 0.0324557 
707 1355 48 55 0.03228743 
479 1341 20 24 0.03227931 
520 1334 9 11 0.032115243 
503 1333 9 12 0.03209021 
421 1333 12 17 0.032071024 
198 1331 14 18 0.032070987 
316 218 26 38 0.03192431 
165 1293 10 13 0.031919528 
261 1295 11 14 0.03189692 
290 1332 46 62 0.031831212 
711 1350 8 11 0.03144081 
217 2248 29 43 0.031269956 
713 963 22 29 0.031216675 
472 1316 12 16 0.03115825 
456 1292 10 12 0.031146523 
429 1334 11 16 0.031048078 
318 1271 13 16 0.031017236 
173 640 51 67 0.03096873 
87 1231 33 46 0.030778358 
475 1356 13 16 0.030699564 
480 2300 27 35 0.030613095 
130 1231 190 205 0.03056639 
828 188 20 26 0.030450288 
273 226 16 18 0.030410195 
485 1329 24 30 0.030185262 
234 2203 14 18 0.030049874 
247 199 14 17 0.029750496 
297 238 27 39 0.029444544 
436 1363 12 16 0.029220026 
499 1342 13 16 0.029030412 
191 1288 10 12 0.029028825 
830 200 14 18 0.028610254 
602 2313 19 26 0.02860659 
462 1289 9 11 0.028599177 
814 189 11 13 0.02811385 
533 1340 12 16 0.028017167 
214 203 10 13 0.027953012 
182 1311 10 13 0.027892357 
439 1310 19 26 0.027860008 
117 1260 12 17 0.027805218 
411 165 56 72 0.027736025 
538 976 23 31 0.027692353 
110 1242 12 17 0.027528096 
252 2002 21 26 0.027504636 
275 226 46 53 0.02723083 
295 1315 31 52 0.026828524 
457 1358 12 16 0.026759334 
304 2306 32 44 0.026734985 
294 2276 14 20 0.026450986 
536 1318 10 14 0.02616128 
261 1224 15 17 0.026040902 
221 1350 13 14 0.025884781 
163 1319 13 17 0.025810178 
251 252 30 44 0.025799057 
316 1238 32 39 0.025736343 
211 1297 14 19 0.02571801 
390 1340 12 16 0.025630591 
526 1326 9 12 0.025574695 
104 1252 24 35 0.025484322 
710 1364 12 15 0.025418082 
150 1279 11 13 0.025279503 
727 1349 7 10 0.025205495 
654 2286 14 21 0.025124395 
792 1315 64 94 0.0247271 
413 1312 10 13 0.024703447 
420 1325 11 13 0.024555696 
535 1334 11 14 0.024337284 
219 267 12 18 0.024330482 
242 196 10 14 0.024307193 
707 1383 26 36 0.02418736 
649 2297 36 44 0.024135584 
468 1387 15 19 0.024111914 
668 856 15 20 0.024110373 
465 1372 25 31 0.024103552 
857 638 120 126 0.02410245 
638 1314 21 28 0.023996752 
-2 304 36 60 0.023869535 
288 172 9 12 0.0238208 
446 1389 24 29 0.023753006 
466 1447 26 26 0.023662986 
159 1278 10 12 0.023610411 
428 1344 12 17 0.023607308 
835 173 20 27 0.02357937 
453 1365 23 27 0.023564495 
828 205 19 28 0.023490764 
1 517 99 166 0.023451624 
473 1292 11 13 0.02344815 
984 114 27 44 0.02333193 
472 1307 12 17 0.023317678 
135 2315 51 67 0.023134826 
205 1286 10 13 0.023105778 
688 2309 31 36 0.023082336 
276 191 10 12 0.023067925 
214 1350 13 14 0.023030533 
267 1289 21 28 0.023020668 
239 2239 24 34 0.02283674 
777 1333 10 13 0.022825344 
119 259 10 15 0.022782456 
688 1433 28 39 0.022763923 
617 318 44 56 0.02272842 
248 1298 12 16 0.02264402 
438 1331 11 16 0.022595583 
626 1366 30 45 0.022590445 
967 1064 20 27 0.022559032 
199 1287 10 13 0.02252971 
384 1355 28 38 0.022375159 
682 2295 31 37 0.022355918 
862 151 13 17 0.02229559 
636 2294 25 33 0.022289362 
289 2055 10 12 0.022211865 
185 1339 16 19 0.022176968 
141 1301 11 15 0.022172166 
412 1332 14 17 0.02213323 
219 1247 24 32 0.022065487 
371 350 24 28 0.021987446 
726 1366 13 19 0.02198366 
255 1289 21 26 0.02190635 
611 1299 12 15 0.021874309 
159 1305 11 14 0.02185899 
319 212 42 54 0.021830583 
166 1284 10 12 0.021815607 
147 1312 19 28 0.021755327 
171 1287 21 26 0.021680288 
492 1322 12 16 0.021668613 
346 2270 16 21 0.0215457 
556 2290 14 18 0.021540465 
681 1337 7 9 0.02147746 
470 1346 13 18 0.021456474 
578 1290 14 17 0.021413278 
997 1373 10 11 0.021410681 
502 1352 13 19 0.021390626 
859 132 19 26 0.021263447 
72 526 129 137 0.021248395 
102 1236 23 34 0.021215148 
188 2246 30 40 0.021171069 
704 2296 24 34 0.021145184 
742 247 14 21 0.02106287 
205 1279 9 12 0.020998728 
1004 1383 9 13 0.020954754 
430 1325 11 15 0.020927582 
401 1321 22 26 0.020915987 
503 1318 10 13 0.02087369 
610 1445 39 54 0.020859495 
132 1299 12 16 0.020830793 
150 1295 21 27 0.020826474 
505 1341 22 27 0.020817855 
206 1323 24 30 0.020766746 
256 198 84 99 0.020616291 
319 195 14 18 0.0206127 
513 1309 9 12 0.020435525 
509 2291 35 54 0.020423576 
504 1361 24 33 0.02033481 
439 1396 11 15 0.020306066 
701 975 23 30 0.020295795 
710 1395 13 19 0.020258704 
523 2305 24 33 0.020252505 
293 234 16 21 0.020226797 
466 1396 28 33 0.020128282 
290 1284 15 19 0.020078117 
199 1294 20 26 0.02002985 
514 1339 20 26 0.020018864 
