2_Demonstration_Political_Rally_2_57
125
212 144 36 47 0.9985476 
385 122 28 38 0.9983633 
780 146 32 41 0.99763596 
491 166 34 43 0.99750996 
896 254 32 42 0.99702966 
273 201 36 45 0.9954964 
589 133 34 48 0.9941935 
78 137 34 48 0.9940884 
944 170 28 36 0.9936085 
359 140 35 44 0.99273163 
823 122 35 44 0.9923814 
278 146 27 32 0.9917448 
756 145 29 35 0.98558027 
526 154 32 40 0.97933984 
663 181 30 37 0.97847223 
260 132 20 27 0.9702572 
482 307 54 70 0.96644205 
105 115 29 33 0.94186026 
929 218 23 28 0.9414412 
465 157 24 33 0.90149236 
147 132 31 35 0.899248 
-1 124 20 35 0.8925151 
441 73 25 30 0.80548495 
485 135 22 29 0.7586216 
919 168 27 36 0.55256766 
643 130 22 32 0.4139276 
268 134 25 33 0.32657924 
58 66 16 20 0.23685168 
669 120 12 16 0.21594453 
472 101 14 18 0.1812462 
936 155 19 22 0.15705298 
965 148 13 16 0.15285885 
88 130 32 40 0.15176794 
113 126 26 34 0.14853208 
646 124 15 19 0.13788208 
934 156 28 37 0.13413772 
717 167 22 28 0.13376866 
543 168 27 34 0.13009317 
852 232 24 33 0.10974769 
133 150 29 37 0.1000675 
288 117 13 16 0.099251926 
475 157 36 43 0.09418419 
644 144 21 34 0.09250897 
476 145 30 34 0.09057118 
9 129 19 26 0.08866112 
986 221 25 33 0.08345291 
716 185 24 35 0.076441444 
130 217 12 18 0.076111875 
815 277 13 14 0.072353594 
56 63 12 14 0.06896779 
311 192 28 39 0.06706659 
17 92 10 13 0.065014504 
865 390 31 39 0.06058759 
925 213 36 45 0.058011476 
474 110 17 23 0.054711707 
128 136 27 35 0.05468708 
367 123 38 50 0.050329972 
118 111 20 22 0.04965851 
459 43 11 14 0.049646337 
20 109 15 18 0.048678715 
653 133 21 30 0.048042607 
284 329 26 33 0.04767678 
20 88 9 11 0.045862727 
43 334 12 15 0.04528549 
811 596 30 34 0.04473671 
833 331 12 15 0.041616566 
102 124 20 26 0.03777403 
64 310 9 12 0.037759673 
658 118 20 26 0.03594444 
668 136 16 20 0.035820536 
475 130 17 22 0.035450984 
120 310 10 14 0.034482606 
12 135 24 32 0.034273442 
286 117 21 27 0.033971597 
489 149 29 37 0.032998037 
175 215 15 18 0.03282781 
844 328 30 37 0.03279331 
774 372 16 22 0.032494027 
398 49 15 20 0.03223539 
971 151 11 14 0.030157829 
274 133 14 19 0.02996087 
124 160 24 33 0.029909812 
958 144 22 27 0.029544046 
152 63 25 33 0.028516991 
4 74 11 14 0.028276566 
293 66 12 17 0.027998801 
5 114 26 35 0.027960576 
16 99 12 15 0.027913988 
48 63 23 27 0.027447648 
321 199 17 23 0.0271157 
19 100 16 19 0.026088985 
662 142 23 28 0.026027108 
923 187 16 23 0.025793243 
525 155 19 24 0.025574908 
653 154 24 30 0.02554026 
97 151 25 33 0.025532221 
12 104 24 32 0.02549436 
711 222 26 35 0.025182664 
556 113 12 17 0.025130838 
39 89 15 16 0.024333382 
454 36 13 17 0.024141027 
847 291 14 20 0.023893984 
368 280 33 37 0.02355789 
300 110 18 24 0.02299656 
146 151 28 38 0.022756608 
947 165 17 21 0.022707293 
301 181 27 39 0.02251579 
284 129 16 20 0.022381533 
672 145 15 18 0.022376241 
482 115 15 18 0.022197276 
395 139 16 23 0.022084292 
152 147 21 23 0.022050384 
941 147 24 28 0.022022065 
834 391 185 223 0.021916935 
567 100 11 14 0.02180977 
49 62 9 11 0.02147963 
836 326 14 18 0.02137542 
71 311 8 11 0.021363586 
287 151 26 33 0.020958724 
162 193 38 47 0.020719616 
828 320 40 51 0.020718433 
927 454 26 31 0.020616854 
108 109 19 22 0.020486385 
220 375 196 219 0.020478051 
937 206 26 33 0.020341814 
