2_Demonstration_Demonstration_Or_Protest_2_385
1497
757 470 25 36 0.99862087 
288 538 29 39 0.99685293 
582 455 22 28 0.9907941 
22 543 27 46 0.98879445 
361 456 23 28 0.9855503 
688 464 22 29 0.9790071 
736 421 19 24 0.97664374 
214 470 25 28 0.97551537 
819 390 14 17 0.9705239 
780 458 21 27 0.96755064 
678 556 33 40 0.96334887 
335 469 21 30 0.95521075 
938 462 18 25 0.9500487 
324 427 18 22 0.9471224 
133 500 21 28 0.94688344 
617 497 24 26 0.9169657 
142 437 12 17 0.9129329 
505 539 34 37 0.9120473 
885 485 22 29 0.9112126 
173 379 16 19 0.90530545 
188 518 32 38 0.9039992 
973 427 17 22 0.9009243 
634 416 14 19 0.90010476 
397 533 28 35 0.88077885 
806 431 15 20 0.87827176 
80 451 22 28 0.8635789 
592 364 12 15 0.84198195 
95 394 14 17 0.8339531 
163 404 16 19 0.8037698 
873 392 15 18 0.79776686 
784 385 13 17 0.78698534 
828 594 32 47 0.7804833 
455 412 13 18 0.7800478 
593 388 13 17 0.7727382 
546 388 12 15 0.76485676 
570 413 17 20 0.7635464 
733 352 9 12 0.76222086 
475 376 10 13 0.746112 
395 487 19 22 0.74061745 
101 520 24 30 0.7361277 
22 359 11 13 0.7350719 
204 394 14 17 0.72672343 
352 402 12 16 0.7247542 
539 413 16 17 0.7224867 
916 416 15 21 0.71981937 
669 382 11 13 0.70636415 
401 357 8 11 0.69025373 
704 311 7 9 0.644225 
527 334 8 10 0.6426665 
253 350 11 13 0.6415686 
766 401 13 15 0.62376094 
716 373 12 16 0.61567086 
591 338 9 12 0.6067364 
465 358 9 11 0.6065039 
185 351 8 11 0.5918358 
815 340 8 11 0.57561463 
71 453 19 28 0.5602508 
826 461 17 22 0.55329937 
294 368 9 11 0.5532114 
724 479 17 23 0.54322696 
224 358 10 13 0.5271936 
612 395 14 17 0.51679444 
847 349 8 11 0.50742733 
633 356 10 12 0.49647668 
738 367 9 12 0.49155548 
860 458 21 28 0.4846488 
987 369 9 11 0.48187384 
706 354 12 14 0.47318873 
76 348 10 12 0.46865538 
295 404 12 14 0.4560821 
812 595 36 42 0.45427468 
838 333 8 10 0.45373547 
229 358 10 13 0.43607816 
309 402 12 15 0.43232304 
334 398 12 16 0.4317203 
966 320 7 9 0.42517146 
348 542 14 18 0.4246713 
804 368 11 12 0.41805115 
622 341 8 11 0.4167735 
108 453 15 19 0.4152023 
23 398 13 17 0.4003748 
386 364 11 12 0.39382428 
975 354 9 12 0.38877723 
849 345 7 9 0.38562804 
301 403 13 16 0.38531736 
896 344 8 9 0.37781504 
26 377 13 15 0.3724732 
277 358 9 12 0.37215722 
151 351 10 12 0.36922467 
327 367 8 11 0.3682269 
447 343 7 9 0.36710414 
761 320 7 10 0.36440977 
397 389 12 14 0.36143157 
860 420 18 19 0.36117333 
264 372 10 12 0.3611335 
126 372 9 12 0.35737014 
717 332 9 12 0.35208768 
765 350 8 10 0.3519719 
716 325 9 12 0.35183623 
785 347 9 12 0.3464509 
464 353 10 11 0.33652502 
553 343 7 9 0.33601302 
486 391 10 12 0.32753187 
207 354 9 11 0.32706198 
456 319 8 10 0.32482708 
413 343 8 10 0.32320166 
114 429 13 17 0.3137798 
1010 373 10 13 0.31194937 
509 483 29 33 0.3107083 
982 340 8 11 0.31012997 
86 342 9 11 0.3081003 
657 328 7 10 0.30651248 
740 371 9 13 0.29956812 
370 349 9 11 0.2967535 
532 351 8 10 0.29445526 
273 335 7 10 0.28407782 
863 327 7 8 0.28352576 
624 336 9 10 0.28124657 
514 359 8 10 0.27171892 
390 370 9 13 0.27133346 
428 371 10 12 0.270123 
264 388 10 14 0.2670738 
441 342 9 10 0.2640033 
656 364 10 12 0.26204875 
454 373 10 12 0.25800067 
404 382 11 12 0.25749698 
422 367 11 12 0.25701988 
39 349 10 12 0.25479832 
696 334 9 11 0.25387916 
567 318 7 9 0.2529713 
478 390 11 13 0.252839 
790 359 10 12 0.25236574 
48 337 9 11 0.25225443 
870 341 7 10 0.25029045 
356 399 13 16 0.24996014 
944 335 8 9 0.24853297 
1 424 12 20 0.24801992 
685 408 15 19 0.24695769 
697 373 9 11 0.24416664 
340 398 13 17 0.24108699 
440 359 8 10 0.24054104 
158 367 10 12 0.23999158 
414 405 12 15 0.23957132 
927 327 8 10 0.23594122 
217 358 9 11 0.2332904 
1014 335 7 9 0.23308806 
889 344 7 8 0.23106751 
60 318 9 12 0.22967279 
559 379 9 13 0.22792923 
184 334 7 9 0.22647637 
79 326 8 10 0.22633749 
219 388 12 14 0.22555786 
656 333 8 10 0.2243812 
255 345 9 12 0.22317757 
33 504 25 34 0.22179188 
751 385 12 15 0.22105274 
439 351 7 10 0.21821932 
288 343 8 11 0.21774776 
921 357 9 11 0.21721008 
734 333 8 11 0.21559368 
25 473 17 23 0.21458875 
384 410 11 15 0.2139995 
64 351 9 12 0.21361202 
622 411 12 17 0.2087198 
662 350 8 10 0.20706257 
105 344 9 10 0.20503204 
17 363 10 12 0.20387752 
762 324 8 10 0.20064907 
81 386 10 14 0.200021 
386 335 8 10 0.19956975 
430 334 7 10 0.19915429 
672 368 10 12 0.19910651 
999 340 7 10 0.19861807 
368 326 7 9 0.19819508 
642 343 8 10 0.19418897 
912 344 8 10 0.19412367 
749 358 8 10 0.1905427 
566 350 8 12 0.18694131 
71 372 8 11 0.18683998 
345 419 11 15 0.18514177 
735 397 13 16 0.18461655 
512 328 9 11 0.18407662 
782 304 7 8 0.18197396 
369 320 7 8 0.1815256 
647 365 8 11 0.18057631 
1010 311 9 10 0.18041235 
176 352 9 10 0.1767424 
680 327 8 9 0.17656055 
877 355 9 11 0.17628431 
389 490 29 32 0.17569447 
1 431 17 22 0.17568003 
847 357 8 10 0.17381626 
734 328 8 10 0.17355601 
314 401 13 16 0.17334235 
683 417 16 19 0.17215492 
398 499 26 30 0.17198622 
385 342 7 10 0.17170113 
109 365 11 13 0.17110656 
212 395 13 16 0.17044343 
302 343 8 10 0.1696647 
750 279 8 10 0.16879915 
952 344 7 10 0.16833347 
881 353 7 9 0.16778046 
264 381 11 13 0.16757241 
697 381 10 13 0.16728067 
354 351 8 11 0.16701947 
503 344 7 9 0.166813 
672 326 7 9 0.16658482 
913 359 8 11 0.16639924 
873 358 7 10 0.16605997 
457 391 11 14 0.16579728 
358 356 8 10 0.16396022 
811 343 8 10 0.16142116 
384 313 7 8 0.16131712 
431 328 7 9 0.16128683 
664 309 8 9 0.1606595 
399 353 9 11 0.15989877 
767 278 7 9 0.15957391 
548 383 12 15 0.15896314 
920 310 7 9 0.15703851 
247 320 7 8 0.15626521 
729 355 11 13 0.15580498 
801 335 7 10 0.15549941 
463 320 7 9 0.15535147 
647 380 12 16 0.15416484 
552 350 9 11 0.15197946 
512 374 11 12 0.1518704 
671 372 11 16 0.15154225 
646 344 8 9 0.15145713 
529 330 9 11 0.15137881 
495 366 9 12 0.15014626 
678 350 9 10 0.14829086 
953 328 7 9 0.14808194 
513 380 11 12 0.14768226 
689 333 8 10 0.1474218 
568 313 8 9 0.14671369 
423 344 7 9 0.14652392 
790 343 9 11 0.14534786 
72 365 9 12 0.1442215 
783 328 7 9 0.14308959 
103 347 10 12 0.14299823 
618 348 9 11 0.14202467 
648 349 8 10 0.14097618 
405 388 12 15 0.14082925 
335 367 8 11 0.14044209 
687 319 7 9 0.14025031 
232 351 9 11 0.13958174 
717 321 9 11 0.13904569 
582 327 7 9 0.13863488 
96 449 19 24 0.13829765 
39 343 10 11 0.1373844 
175 365 10 13 0.1367987 
373 344 9 10 0.13593838 
21 351 9 11 0.13554329 
333 389 12 15 0.13502312 
113 333 8 10 0.13350387 
610 327 7 10 0.13323364 
335 382 9 11 0.13261978 
681 320 7 8 0.13218035 
262 394 11 14 0.13188687 
614 319 7 10 0.13159114 
999 293 7 9 0.13145873 
497 344 8 10 0.13116197 
935 294 7 9 0.13090004 
513 365 10 12 0.13005427 
88 336 8 9 0.12988153 
421 360 8 10 0.12894487 
699 312 6 8 0.12887011 
565 441 17 21 0.12885231 
330 397 11 15 0.12870519 
518 329 8 10 0.12849493 
584 366 11 14 0.12789546 
503 349 8 11 0.12648268 
892 475 17 25 0.12613212 
392 327 7 10 0.12569037 
550 355 10 12 0.124758385 
738 294 7 9 0.12390795 
385 328 7 9 0.123698816 
456 351 8 10 0.12342502 
504 334 7 8 0.12258904 
825 321 7 9 0.12230447 
1 343 7 12 0.12198525 
487 435 13 18 0.121267885 
831 358 8 10 0.121131524 
990 352 10 12 0.12100545 
469 351 9 10 0.120492086 
900 370 11 13 0.11992971 
297 327 7 10 0.119366795 
641 366 9 11 0.11878779 
960 326 8 10 0.11820249 
96 334 8 10 0.118077226 
611 458 16 19 0.1170284 
761 335 8 11 0.11663564 
761 341 8 11 0.11622566 
213 403 13 16 0.11602831 
271 319 6 8 0.11550885 
995 326 8 9 0.11529645 
489 348 8 10 0.11499528 
505 329 7 9 0.113234416 
903 345 9 11 0.11238957 
161 325 8 10 0.11237654 
158 316 9 12 0.11206243 
662 327 8 9 0.111551516 
95 327 8 10 0.11149984 
921 335 7 9 0.111192994 
289 319 7 9 0.11108834 
464 328 6 8 0.11093597 
704 307 9 9 0.11086843 
342 367 8 10 0.110867485 
449 411 12 17 0.11053273 
169 341 8 11 0.110447414 
745 279 9 10 0.11022062 
648 359 8 11 0.110215716 
755 381 15 18 0.10996187 
959 335 7 9 0.109289736 
850 312 7 9 0.108727425 
128 293 9 11 0.10850554 
337 373 8 10 0.10832236 
271 364 10 12 0.108322315 
981 349 11 13 0.10810295 
391 394 10 12 0.108086556 
200 332 8 10 0.10766832 
303 461 20 29 0.1076 
568 343 8 11 0.10701551 
920 364 10 11 0.10629365 
445 359 9 10 0.1058964 
969 271 8 11 0.105649605 
460 405 12 16 0.10528675 
302 326 8 10 0.10495829 
261 355 10 13 0.104746625 
223 352 9 12 0.10467271 
670 310 7 9 0.10446746 
473 335 7 9 0.104309484 
743 293 7 10 0.10347621 
365 397 9 12 0.10336322 
709 343 9 12 0.1031713 
88 327 8 10 0.10315396 
410 508 17 21 0.1027351 
72 355 11 14 0.10243998 
271 402 11 15 0.10220675 
441 365 8 10 0.10154925 
994 288 7 9 0.10118462 
638 348 9 12 0.1011333 
582 351 10 11 0.10072985 
408 394 10 14 0.10047416 
887 349 8 10 0.10040572 
675 390 12 14 0.10008573 
479 312 7 9 0.099877924 
640 312 7 8 0.099866346 
1013 367 10 14 0.099266246 
938 427 18 22 0.098652 
289 373 9 11 0.09789813 
296 349 8 11 0.097721495 
943 317 8 10 0.096694775 
581 357 11 13 0.096202955 
1003 475 21 35 0.09582466 
631 363 10 11 0.095812224 
957 356 9 11 0.09567254 
551 325 7 9 0.09561649 
153 367 9 11 0.09560741 
665 167 10 12 0.0955145 
302 349 8 11 0.09459362 
31 333 8 10 0.09433397 
946 341 8 10 0.094048485 
691 403 13 17 0.09401814 
502 288 7 8 0.09401083 
124 398 13 16 0.09368019 
400 364 9 11 0.09360473 
736 477 24 30 0.09309995 
902 382 12 14 0.09303149 
557 342 9 11 0.092757575 
922 352 9 11 0.09267082 
473 312 6 8 0.09248786 
640 417 14 18 0.09237651 
777 311 7 9 0.09226465 
801 288 8 10 0.09218713 
704 326 7 11 0.09168655 
663 344 8 11 0.09165864 
859 328 6 9 0.09161342 
142 319 9 11 0.09161226 
413 398 11 14 0.091261186 
919 341 8 9 0.09105584 
825 356 8 11 0.0910067 
945 312 8 9 0.09088371 
881 341 7 9 0.0908676 
737 287 8 11 0.09076783 
27 363 12 13 0.09071964 
782 333 8 10 0.09062425 
537 318 6 8 0.09025778 
295 343 9 11 0.0899977 
673 320 7 9 0.08997748 
665 386 12 14 0.08969477 
912 327 7 9 0.08930818 
38 490 32 36 0.089304544 
661 358 8 10 0.08865954 
426 335 8 10 0.08819566 
1013 315 9 11 0.088176794 
25 326 8 10 0.08795184 
758 304 8 10 0.087652534 
281 343 8 9 0.08753981 
586 335 8 11 0.08744086 
362 374 8 11 0.087376736 
1010 328 7 9 0.087288365 
925 356 8 11 0.08710186 
141 411 11 14 0.08644383 
366 373 7 11 0.08615562 
954 349 8 11 0.08608452 
910 348 9 10 0.0860521 
400 320 7 8 0.08594208 
250 355 11 14 0.08530859 
17 349 10 11 0.08529683 
266 318 7 9 0.085073784 
687 326 7 10 0.0850453 
864 321 7 8 0.08499882 
660 365 10 13 0.08492987 
998 318 9 10 0.08463919 
631 342 8 11 0.084636495 
587 340 9 11 0.084625185 
439 383 11 14 0.08461393 
905 303 6 7 0.08451655 
351 409 11 15 0.08446756 
646 374 9 13 0.08428896 
986 294 7 9 0.08421591 
166 324 8 11 0.084136 
872 338 7 9 0.084116384 
14 327 9 10 0.08408908 
449 320 8 10 0.08405279 
951 333 9 10 0.083548285 
479 318 6 9 0.08352184 
361 328 7 9 0.08343527 
952 311 8 10 0.083406575 
303 365 9 11 0.08318502 
56 324 9 10 0.083147086 
418 364 10 11 0.082729325 
254 422 21 24 0.08263819 
81 344 10 12 0.08262578 
572 405 16 20 0.082550384 
728 310 8 10 0.08233359 
810 309 7 9 0.0820222 
913 304 6 8 0.081900515 
920 306 6 8 0.08150451 
806 335 8 10 0.08147442 
421 410 13 16 0.08144292 
1001 312 8 9 0.08135354 
610 391 10 13 0.08129637 
628 454 15 20 0.08127597 
1015 295 7 9 0.081158705 
999 288 7 10 0.0810099 
994 340 8 11 0.081000485 
759 398 13 16 0.080864646 
704 318 7 9 0.08047177 
502 368 9 11 0.080376886 
393 352 9 9 0.08018837 
155 349 11 13 0.08016124 
289 334 7 9 0.08008412 
607 419 12 16 0.07970204 
806 288 10 12 0.0791408 
957 351 8 11 0.07910244 
619 404 14 18 0.079033636 
985 288 8 10 0.0788702 
904 325 8 10 0.07883303 
1011 460 11 15 0.07872899 
568 445 21 27 0.0785124 
549 429 13 17 0.07829113 
881 336 7 10 0.07802251 
912 336 8 9 0.07763053 
225 326 8 10 0.077525504 
751 284 8 11 0.07715673 
29 475 24 29 0.07713368 
810 347 8 11 0.07712348 
234 344 7 10 0.07704973 
440 320 7 9 0.07683394 
200 352 8 11 0.07682274 
223 372 11 13 0.07656087 
1015 341 7 11 0.07652669 
560 348 10 13 0.07650077 
873 313 7 9 0.07633409 
511 350 9 11 0.0762783 
1011 377 12 17 0.076120526 
681 311 7 8 0.076058105 
591 319 7 9 0.07583636 
80 321 8 10 0.07527089 
637 358 10 12 0.07522545 
497 336 7 8 0.075217955 
663 292 7 9 0.07505267 
940 419 17 19 0.075002246 
624 304 7 8 0.07497329 
648 319 7 8 0.07488879 
409 350 8 10 0.07480758 
535 333 7 10 0.07477537 
854 313 7 8 0.07477288 
575 312 6 8 0.07467058 
191 344 8 10 0.074451484 
392 358 8 10 0.07433335 
110 342 8 11 0.074308515 
688 312 7 8 0.07404285 
959 341 9 11 0.07399636 
873 318 6 9 0.07376476 
801 326 7 9 0.07375127 
719 304 7 9 0.07327284 
983 319 7 10 0.073216505 
609 313 7 8 0.073185496 
218 393 14 17 0.07279779 
455 543 24 34 0.072779536 
204 407 15 18 0.072726615 
303 320 7 8 0.07248176 
91 302 10 12 0.07242301 
376 359 8 10 0.07238167 
855 458 16 20 0.07207367 
993 293 7 10 0.07201671 
700 386 11 13 0.07187722 
516 375 11 14 0.071870394 
95 381 11 13 0.071701184 
608 333 8 10 0.071661554 
272 328 7 9 0.07153305 
216 352 9 12 0.071378596 
109 389 11 14 0.07137573 
633 319 8 9 0.071280256 
276 397 10 14 0.07081068 
678 356 9 11 0.070540875 
880 312 7 9 0.07044766 
816 306 6 8 0.07032325 
375 319 7 9 0.07029767 
30 523 33 43 0.0702424 
653 384 11 15 0.069934204 
719 310 7 9 0.06987779 
721 350 9 11 0.06987075 
1010 334 8 10 0.069861606 
830 321 7 8 0.06985737 
253 381 12 15 0.06966188 
351 458 23 30 0.06952424 
327 345 7 9 0.069505624 
686 373 10 13 0.069417045 
60 311 9 11 0.069191255 
830 352 8 10 0.069163285 
391 342 8 10 0.069089524 
905 320 8 10 0.06907555 
840 358 9 11 0.06896232 
833 305 6 8 0.06882781 
712 388 10 13 0.06878257 
30 328 8 10 0.06865511 
236 348 9 12 0.06863527 
480 344 7 9 0.068604924 
544 335 7 9 0.068601385 
552 321 6 9 0.068487905 
888 312 6 8 0.06840874 
535 329 7 9 0.068326466 
681 332 8 10 0.06828937 
327 360 9 11 0.068249956 
947 427 14 18 0.06818852 
302 358 8 11 0.06790955 
591 296 7 9 0.06790639 
929 320 7 9 0.06783688 
842 350 9 11 0.067325026 
821 337 7 9 0.067221574 
341 373 9 10 0.06688211 
36 374 11 14 0.066879906 
744 286 10 12 0.06687049 
418 436 14 19 0.06674378 
53 486 26 31 0.06667659 
378 412 9 13 0.0665165 
926 333 8 10 0.06644201 
696 369 8 11 0.06620629 
247 326 7 9 0.06610581 
852 344 8 10 0.066008344 
527 380 10 12 0.06594688 
157 312 9 11 0.06589413 
657 312 7 8 0.06578921 
384 318 7 9 0.06572803 
8 335 9 11 0.065725565 
655 319 7 9 0.06569604 
414 380 10 11 0.06491483 
155 357 11 13 0.064683974 
608 343 8 10 0.06464011 
866 303 6 7 0.06456263 
968 296 9 11 0.064549744 
352 318 7 9 0.06449897 
309 365 8 12 0.0644909 
910 381 10 13 0.06447502 
778 333 8 11 0.064275116 
297 359 8 10 0.06403789 
555 442 16 21 0.063984364 
895 347 9 11 0.063877136 
586 319 7 9 0.063859425 
456 313 8 9 0.063712835 
200 391 12 16 0.063706234 
614 325 7 10 0.06370477 
816 358 8 10 0.063460834 
629 336 8 10 0.063420445 
640 327 7 9 0.06322261 
433 320 7 9 0.062878184 
29 418 13 17 0.0627754 
77 405 10 15 0.06273196 
208 373 11 13 0.06266855 
895 337 8 9 0.06265874 
423 349 8 9 0.062493797 
793 336 8 10 0.062298287 
1013 327 8 12 0.062204048 
911 363 9 11 0.06210883 
984 398 9 11 0.062050954 
76 364 10 12 0.061878428 
709 309 8 10 0.061667517 
967 301 9 11 0.06146152 
488 296 7 9 0.061388366 
242 327 6 8 0.0612006 
677 372 11 13 0.06118991 
965 323 8 11 0.061180573 
265 334 7 10 0.061081316 
289 328 7 9 0.060974173 
496 317 9 11 0.060967293 
567 325 7 9 0.060805473 
913 311 7 9 0.06052645 
73 320 8 11 0.06022986 
237 343 9 12 0.060134392 
492 388 10 13 0.060002472 
612 419 13 16 0.059984453 
345 318 7 9 0.05996969 
52 335 9 11 0.0595365 
110 358 11 14 0.059467092 
81 474 20 25 0.059364047 
185 329 7 9 0.05936267 
81 334 9 9 0.05927595 
697 328 8 10 0.05926595 
561 326 8 9 0.05922599 
399 326 7 9 0.059213042 
278 335 7 9 0.059136506 
866 358 8 10 0.05874541 
641 319 7 9 0.058363657 
887 336 8 10 0.05831335 
799 321 8 9 0.05830743 
952 304 7 9 0.057960268 
20 385 15 18 0.057870444 
527 341 8 10 0.05778798 
448 349 8 10 0.05770332 
166 370 12 16 0.05766052 
207 333 8 10 0.05756038 
921 328 7 9 0.0573938 
72 345 9 12 0.057335854 
144 324 8 10 0.05733017 
632 297 6 8 0.057325363 
479 335 7 9 0.057168163 
641 289 6 7 0.057126723 
504 357 8 10 0.057053745 
536 345 8 9 0.057040714 
494 383 10 12 0.056994133 
714 322 8 10 0.056969453 
599 342 8 11 0.056892727 
562 319 8 10 0.05688214 
686 398 12 15 0.056866463 
691 427 14 18 0.05685217 
45 293 9 13 0.056502208 
190 354 9 11 0.056276236 
808 130 26 32 0.056227807 
801 293 8 9 0.056049846 
63 457 17 22 0.055799987 
5 349 9 11 0.055787735 
656 350 8 10 0.055670023 
520 319 8 9 0.055655584 
281 375 8 10 0.055481043 
111 348 10 12 0.055310525 
647 313 8 9 0.055203877 
694 399 12 14 0.05498593 
21 343 8 10 0.05490959 
600 334 8 10 0.05486424 
151 344 10 12 0.05481615 
301 391 11 13 0.054660965 
200 397 21 23 0.054633796 
353 342 7 10 0.05448484 
457 356 8 11 0.054461055 
943 461 23 35 0.054452356 
930 294 7 9 0.05442064 
854 423 17 19 0.05427356 
310 459 25 33 0.05377918 
104 356 10 12 0.0537037 
297 319 7 9 0.053677954 
759 309 7 10 0.053580634 
174 342 8 11 0.05350709 
241 320 7 9 0.05348868 
753 304 8 10 0.05332411 
400 517 29 38 0.053312417 
545 341 7 9 0.053293616 
601 328 7 9 0.053186588 
689 380 9 12 0.05311879 
132 373 11 15 0.05307183 
111 513 25 33 0.05306296 
497 271 6 9 0.052912995 
654 371 11 13 0.052860785 
231 320 7 9 0.05283759 
445 365 9 11 0.05259678 
350 390 10 13 0.052485738 
14 333 9 10 0.052464683 
591 302 7 8 0.05242267 
862 469 25 31 0.05237611 
118 351 9 12 0.052310105 
405 366 9 10 0.052279517 
815 365 9 12 0.051970474 
634 313 7 8 0.051944666 
247 380 11 14 0.05194081 
490 365 9 12 0.051756732 
858 319 6 9 0.051692218 
360 333 7 9 0.051431026 
447 338 8 9 0.051393375 
841 311 6 8 0.051063474 
168 385 13 16 0.05097866 
70 410 14 17 0.05096127 
83 518 15 21 0.050883908 
181 504 30 41 0.050732315 
764 319 9 11 0.05072697 
468 405 11 14 0.050700407 
968 276 8 10 0.050642062 
851 348 9 11 0.050571732 
496 360 8 10 0.05047501 
487 313 8 9 0.05044397 
927 311 7 9 0.050325677 
694 339 9 12 0.050306264 
265 313 7 8 0.05026005 
591 312 7 9 0.05024403 
202 356 9 11 0.05024373 
489 329 6 8 0.05023569 
615 481 24 30 0.0500307 
864 335 7 9 0.049989745 
889 318 7 9 0.049896233 
6 320 8 10 0.049868174 
463 363 10 11 0.049846932 
119 368 10 13 0.049671598 
112 423 12 15 0.049661666 
487 383 10 12 0.049608868 
250 286 9 11 0.04952021 
43 349 11 12 0.04940617 
980 423 14 19 0.04935345 
417 374 9 12 0.049326364 
882 304 6 8 0.04930747 
9 325 8 10 0.04927389 
570 436 15 19 0.049216624 
742 352 9 11 0.0491938 
457 325 7 9 0.0491117 
198 341 9 11 0.04898495 
399 373 10 12 0.048892137 
696 319 7 8 0.0488651 
147 350 9 11 0.04884754 
731 390 14 17 0.048830055 
814 310 7 8 0.048766278 
944 328 8 10 0.048705332 
935 327 7 9 0.048702776 
718 296 7 9 0.048691478 
896 319 7 9 0.048668467 
96 375 9 12 0.04860253 
613 409 16 19 0.0485194 
341 531 25 32 0.048502047 
134 404 11 15 0.04848707 
386 415 16 20 0.048322827 
993 320 9 10 0.048305374 
454 379 11 13 0.048250917 
103 319 8 11 0.048247788 
834 328 8 10 0.048150774 
360 380 10 11 0.048146777 
359 344 7 9 0.048114184 
167 365 10 14 0.04799097 
178 336 7 10 0.047947347 
45 441 14 21 0.047925282 
678 424 15 19 0.047893513 
887 305 6 7 0.047874935 
911 321 7 8 0.0478629 
417 310 6 8 0.047703847 
847 335 7 9 0.04764299 
101 382 11 13 0.04763821 
453 344 7 9 0.047625538 
701 333 8 11 0.047597393 
16 344 10 11 0.047556695 
501 420 12 16 0.047509655 
408 312 6 8 0.04747456 
180 523 49 57 0.04736968 
56 403 11 14 0.0472818 
641 373 9 12 0.04719708 
1012 465 12 19 0.046871506 
568 336 8 10 0.04681927 
765 343 10 13 0.046806242 
455 369 9 11 0.04675264 
736 342 9 10 0.046433147 
855 365 10 12 0.046401758 
512 304 7 9 0.046372127 
688 304 7 8 0.046260543 
677 367 10 12 0.046234183 
33 348 10 12 0.046150357 
367 369 8 10 0.04613437 
871 352 8 10 0.046044085 
225 320 8 10 0.04598781 
871 303 7 8 0.04589207 
982 355 11 13 0.045890987 
241 374 9 13 0.045872267 
133 430 14 18 0.045810778 
493 411 12 15 0.045808338 
898 303 6 8 0.04571212 
216 342 8 10 0.045447458 
533 382 11 14 0.045369513 
6 341 9 11 0.045283407 
8 358 9 11 0.04523269 
119 327 9 11 0.04512157 
512 388 11 11 0.045034844 
191 334 8 9 0.04503015 
976 303 7 9 0.044775244 
59 404 15 17 0.044653542 
833 310 7 8 0.044571184 
744 389 10 14 0.04447859 
168 337 8 10 0.044256892 
480 279 6 8 0.044162344 
865 431 16 21 0.044000752 
480 273 7 8 0.04397433 
26 489 27 38 0.043929324 
672 334 7 9 0.043919004 
123 518 28 34 0.04389124 
426 327 8 9 0.04387095 
404 375 12 13 0.043840654 
926 342 8 9 0.04372297 
398 343 8 9 0.04356061 
448 397 11 13 0.043496445 
432 340 8 10 0.04346791 
720 342 9 11 0.043302007 
215 318 8 9 0.043174695 
986 463 22 30 0.043083306 
217 364 10 12 0.043040454 
951 374 10 12 0.043029565 
843 319 6 8 0.042993642 
375 383 8 11 0.042878702 
960 311 8 10 0.042873148 
535 366 10 13 0.042836033 
393 305 5 7 0.042823017 
723 374 11 14 0.042797577 
376 326 6 9 0.042768057 
210 317 7 9 0.04275706 
576 332 8 10 0.04265796 
465 333 7 9 0.042652156 
535 372 10 13 0.042584952 
724 379 13 15 0.042574245 
425 320 7 9 0.042518508 
414 348 8 11 0.04245957 
793 320 9 10 0.04244821 
154 316 8 11 0.042364042 
562 312 7 8 0.04224406 
542 423 13 17 0.042235944 
879 317 7 9 0.042221136 
368 390 9 12 0.04220209 
640 334 9 10 0.042193424 
973 271 7 10 0.04219298 
983 303 8 11 0.042192485 
786 355 10 13 0.042077515 
595 360 11 15 0.042013817 
526 302 8 10 0.04195664 
575 399 13 15 0.04193217 
679 346 9 10 0.041912157 
257 395 12 15 0.041836835 
981 470 16 24 0.041800722 
415 337 7 9 0.041797936 
489 333 7 9 0.041791033 
528 318 8 9 0.041761905 
960 303 8 10 0.041758575 
427 419 13 16 0.04175288 
75 464 23 30 0.04153374 
416 326 8 10 0.041494917 
799 341 8 10 0.041481078 
804 397 13 17 0.04146778 
33 343 9 11 0.04145851 
712 304 8 10 0.04145642 
555 427 14 19 0.041444056 
983 326 8 9 0.041331906 
765 356 9 11 0.04121009 
36 479 30 32 0.041196845 
497 295 7 10 0.041163933 
192 327 8 10 0.0410774 
933 432 14 18 0.04097718 
497 327 8 9 0.040801316 
294 333 8 10 0.04078174 
936 319 7 10 0.0407472 
671 342 9 11 0.040714078 
471 329 7 9 0.040607803 
528 312 8 10 0.040394153 
823 325 7 9 0.040382084 
825 305 7 8 0.040347617 
111 317 9 10 0.040328752 
967 311 8 11 0.040316746 
409 406 11 14 0.040246867 
632 302 7 8 0.040078606 
965 340 8 11 0.039972942 
385 350 8 10 0.039943457 
69 418 14 17 0.03993898 
848 318 7 8 0.0399295 
779 329 7 9 0.039766178 
793 311 7 8 0.039753076 
474 388 10 14 0.039752122 
17 354 18 22 0.039722566 
896 367 10 14 0.039658435 
658 342 7 10 0.039618995 
335 317 8 10 0.039566297 
784 375 12 15 0.039562497 
295 468 21 27 0.039461676 
758 176 15 18 0.039445974 
368 314 6 8 0.039427247 
928 288 8 10 0.039405663 
775 277 8 10 0.03937503 
236 358 9 13 0.039303597 
611 433 16 21 0.03929968 
777 348 8 11 0.039148815 
776 318 7 9 0.039024 
678 457 24 29 0.039019473 
764 333 10 12 0.038996577 
138 318 8 11 0.038956214 
328 316 8 11 0.03887065 
546 328 7 8 0.03883394 
883 389 11 16 0.038823348 
15 380 12 15 0.03877079 
872 364 8 10 0.03876138 
60 398 13 15 0.038755737 
119 501 25 32 0.038745977 
567 421 20 23 0.038620755 
585 313 7 9 0.03860687 
418 321 7 9 0.03858446 
280 318 8 9 0.038485248 
445 388 11 14 0.03845815 
542 366 11 13 0.038422123 
332 407 15 20 0.03837726 
271 313 7 9 0.038367286 
817 321 7 9 0.038350876 
905 335 7 9 0.038225196 
134 294 8 11 0.03819512 
952 318 8 9 0.038145896 
496 301 7 9 0.038115375 
688 367 9 12 0.03796303 
761 278 7 9 0.037955128 
259 383 18 24 0.037907846 
473 342 8 10 0.03783564 
617 335 8 11 0.037635658 
449 325 7 9 0.03747069 
264 400 13 16 0.037408307 
510 397 11 14 0.037382107 
328 312 8 9 0.03737914 
472 396 10 13 0.03734182 
799 311 7 9 0.03726084 
224 343 8 10 0.03720413 
240 311 6 9 0.03707535 
546 356 9 12 0.036895018 
577 365 10 13 0.036883645 
411 390 12 15 0.036877282 
839 590 39 49 0.036854286 
919 372 11 14 0.036779515 
368 303 7 9 0.036711726 
215 334 8 10 0.036670193 
40 336 9 11 0.036601543 
1001 357 9 11 0.036553893 
280 328 8 9 0.036544494 
285 388 11 14 0.036509912 
267 327 6 9 0.036424834 
172 390 15 21 0.03640847 
806 327 8 9 0.03634148 
689 295 7 9 0.036304962 
481 328 7 8 0.036256693 
376 406 10 14 0.036221612 
158 343 10 12 0.036216695 
503 388 9 11 0.036154363 
227 451 17 20 0.036074743 
897 298 6 8 0.036014553 
698 403 13 16 0.03600868 
86 320 8 10 0.03599203 
782 308 8 10 0.035964984 
495 417 12 16 0.035956882 
542 373 10 13 0.035954688 
14 375 11 13 0.035933852 
417 306 7 8 0.035884406 
512 309 7 9 0.035883944 
776 343 9 11 0.0357014 
661 335 9 10 0.035667617 
672 396 11 14 0.03565259 
47 247 8 10 0.03551134 
768 273 8 10 0.035436414 
607 400 13 18 0.035426445 
1002 462 21 32 0.035121102 
217 329 7 8 0.03509962 
322 345 8 10 0.035089947 
26 334 7 10 0.034950286 
489 317 8 10 0.034883175 
237 364 9 12 0.0348819 
432 382 9 11 0.03486829 
143 371 10 13 0.0348125 
470 455 21 26 0.034603845 
625 365 9 11 0.034545243 
751 458 28 34 0.034509253 
245 375 10 13 0.034424458 
603 432 16 23 0.034340974 
459 420 15 20 0.034255844 
397 409 12 16 0.034248132 
440 406 12 15 0.034154706 
170 350 8 11 0.034150496 
445 382 11 13 0.034129053 
481 296 7 8 0.033882517 
534 450 21 25 0.033870615 
454 528 16 19 0.033846397 
504 312 7 9 0.03384143 
353 335 7 9 0.033830784 
185 343 8 10 0.03382701 
8 365 10 12 0.033794962 
368 334 7 9 0.033780947 
686 390 10 13 0.033769645 
522 303 8 9 0.033692807 
1 415 22 29 0.033671692 
1014 301 9 12 0.03361389 
286 397 11 15 0.03354095 
502 318 7 10 0.03353452 
268 408 15 19 0.03349633 
958 420 11 16 0.03347132 
6 374 11 14 0.033434317 
551 375 10 14 0.033374663 
872 465 20 22 0.03333398 
134 335 10 12 0.0331998 
612 463 22 25 0.03312723 
256 388 12 15 0.033108614 
663 371 11 14 0.033104327 
473 318 6 8 0.033014186 
901 472 12 17 0.03297976 
111 370 11 13 0.032960206 
79 396 10 15 0.0329519 
0 325 7 11 0.032923747 
842 342 8 10 0.032898497 
38 421 11 15 0.03289273 
896 313 7 8 0.032886975 
230 326 7 9 0.03271222 
911 421 15 20 0.032687426 
72 334 9 10 0.032666557 
145 341 8 11 0.032664113 
896 387 12 15 0.032648012 
905 298 7 8 0.032593742 
186 294 8 10 0.032532636 
1007 350 8 10 0.03250857 
871 327 7 9 0.032484975 
947 414 15 17 0.03244279 
34 542 32 45 0.032413315 
648 335 8 9 0.03240305 
327 333 8 10 0.032360915 
743 453 26 31 0.032337118 
491 405 12 16 0.032295782 
1013 474 11 20 0.032248035 
4 550 40 53 0.03221867 
335 312 8 9 0.03217768 
684 558 18 23 0.03212635 
996 458 14 19 0.032105368 
304 312 8 9 0.032032494 
766 364 11 14 0.03195989 
878 469 26 31 0.03191514 
15 388 13 14 0.031893935 
561 337 7 9 0.031876132 
846 372 11 13 0.031850867 
375 388 9 12 0.0318454 
695 350 9 12 0.031759992 
362 313 6 8 0.031746447 
402 313 6 8 0.031743735 
279 350 9 11 0.031737942 
925 435 14 18 0.031727944 
829 444 14 18 0.03165861 
1004 454 15 19 0.03160772 
552 311 7 8 0.03159184 
192 319 8 9 0.03154267 
627 407 14 18 0.03152843 
997 483 18 25 0.03138714 
88 308 9 10 0.03132572 
81 296 9 10 0.031325158 
990 268 8 11 0.031237131 
926 414 25 29 0.03119642 
410 338 6 8 0.031097729 
860 439 17 21 0.031096628 
769 296 7 9 0.031095177 
793 325 7 10 0.03104515 
70 397 12 16 0.031031376 
465 312 7 9 0.03096886 
624 329 8 10 0.030968076 
937 334 8 10 0.030964825 
213 370 11 14 0.030907776 
840 365 9 12 0.03078456 
656 447 20 26 0.03078023 
866 351 8 10 0.030753467 
634 451 13 18 0.030728526 
1 318 8 11 0.030727781 
296 391 10 13 0.030677456 
85 384 19 23 0.030586975 
762 380 13 18 0.030558841 
630 373 10 12 0.030556109 
821 366 9 11 0.03054763 
435 352 8 9 0.03053729 
568 305 7 8 0.03050942 
734 318 10 11 0.030470539 
991 280 8 10 0.030464469 
665 320 7 8 0.03044953 
153 400 20 25 0.030375373 
481 304 6 8 0.03030841 
608 296 6 8 0.03029482 
649 327 7 9 0.03027381 
103 335 8 10 0.030221056 
762 358 8 11 0.030211236 
125 428 13 17 0.030128695 
117 333 9 11 0.030107662 
700 398 13 14 0.03006552 
272 296 7 9 0.030013273 
965 372 11 13 0.029943667 
749 363 10 13 0.029901324 
510 345 8 9 0.02989749 
341 392 11 13 0.02988426 
990 458 14 21 0.029849403 
374 521 27 36 0.029783083 
1009 342 8 10 0.02977715 
681 305 7 9 0.029763991 
968 367 9 11 0.029727923 
625 310 6 9 0.029722502 
583 360 20 24 0.029696373 
776 272 7 9 0.029689655 
207 341 9 11 0.029677456 
101 436 12 15 0.02965389 
255 373 11 14 0.029574223 
1001 303 7 9 0.029557312 
373 373 10 12 0.0295502 
334 359 9 11 0.02950994 
798 440 15 19 0.029468952 
726 344 9 11 0.029427707 
440 325 7 9 0.02941959 
223 352 18 22 0.029232804 
125 489 25 34 0.029183358 
464 287 6 9 0.029178537 
865 451 18 24 0.029162316 
575 318 7 9 0.02910398 
817 326 8 9 0.029090611 
935 289 8 10 0.029030077 
90 395 12 15 0.028996771 
241 515 25 33 0.028973531 
331 535 27 33 0.028955696 
452 387 19 24 0.028932363 
82 483 23 30 0.028915046 
744 379 10 14 0.028901447 
950 379 12 14 0.028853483 
312 406 17 20 0.02882271 
433 357 8 11 0.02876322 
287 358 9 11 0.02875849 
616 451 21 25 0.028752377 
626 297 7 9 0.028722998 
854 373 12 13 0.028712362 
297 313 7 9 0.028682252 
103 325 8 10 0.028672257 
625 374 10 13 0.028651223 
615 313 7 9 0.028626405 
660 443 15 19 0.028604465 
921 288 7 9 0.028574184 
614 383 10 12 0.028496096 
854 359 8 11 0.028463336 
936 357 8 10 0.02845408 
1008 304 9 11 0.028449045 
749 473 20 28 0.028428089 
728 402 14 16 0.028413804 
336 325 8 11 0.028362483 
662 425 13 17 0.02835688 
982 310 8 10 0.028349057 
503 293 7 10 0.028314356 
336 349 8 10 0.028295806 
694 294 8 10 0.028220061 
578 373 10 12 0.028160335 
811 456 23 28 0.028152207 
28 370 21 24 0.028143805 
39 325 9 10 0.028119275 
813 383 13 16 0.028118676 
793 294 7 9 0.028106444 
289 404 12 15 0.028054953 
590 271 9 10 0.028028583 
228 373 12 13 0.028008305 
364 403 10 13 0.027925765 
913 297 6 8 0.027904842 
908 404 15 17 0.027886765 
388 474 14 18 0.02785408 
382 502 31 35 0.027848888 
567 354 9 13 0.027763054 
894 483 25 33 0.02770989 
563 379 11 13 0.027671099 
392 321 7 9 0.027664093 
64 342 10 14 0.027657863 
309 391 11 13 0.027648179 
480 386 18 21 0.027641954 
538 285 7 10 0.027641159 
378 313 6 8 0.02758101 
319 452 28 34 0.027540913 
657 305 7 9 0.02752184 
361 318 7 9 0.027446453 
986 281 8 10 0.027383141 
440 312 7 8 0.027377378 
688 342 8 10 0.027370458 
909 387 12 15 0.027351594 
119 317 8 10 0.027349863 
224 334 9 10 0.027293578 
471 370 17 21 0.027245669 
329 387 21 25 0.02715973 
16 396 12 15 0.027101735 
737 279 9 10 0.027093213 
623 415 18 22 0.027059183 
964 336 9 10 0.027007347 
641 379 10 15 0.026956288 
113 313 8 10 0.02678876 
698 305 6 9 0.02677311 
1000 351 8 10 0.026739707 
1001 381 10 14 0.026731735 
471 365 10 13 0.026672505 
586 302 7 8 0.026635071 
199 319 7 8 0.026569309 
869 485 25 29 0.02654235 
450 311 7 9 0.026536282 
899 393 15 17 0.026520688 
55 294 8 11 0.026517535 
330 384 9 11 0.026494065 
384 398 10 12 0.026450232 
576 304 7 8 0.026448444 
893 357 10 12 0.026433747 
503 263 5 8 0.026424041 
176 326 7 9 0.026401509 
941 367 10 12 0.026389219 
254 350 19 23 0.026323913 
625 287 6 7 0.026296794 
216 384 11 14 0.026255248 
321 326 10 12 0.026245954 
548 447 15 20 0.026229853 
218 409 14 17 0.026225315 
303 334 8 10 0.026157744 
950 445 12 17 0.026012305 
235 459 15 19 0.026010554 
640 295 6 7 0.025942346 
352 374 9 10 0.025907373 
127 340 12 13 0.025823785 
710 363 11 14 0.025808133 
1011 485 12 21 0.02578396 
40 320 8 10 0.025779944 
126 434 14 19 0.025719376 
65 361 11 15 0.025678437 
336 344 8 10 0.025653526 
542 287 7 9 0.025625508 
47 326 10 11 0.025622582 
356 408 11 15 0.025610376 
366 380 9 12 0.025589623 
714 295 8 10 0.02554453 
587 295 7 11 0.025542358 
127 375 11 15 0.02548594 
855 380 11 13 0.025421374 
504 396 11 14 0.025376879 
881 329 7 9 0.025375556 
947 401 16 18 0.025369355 
17 523 27 37 0.02534793 
45 421 13 16 0.025311531 
251 375 20 25 0.025309242 
1010 294 7 10 0.02526367 
420 398 12 14 0.025229698 
832 364 9 11 0.025220612 
967 287 9 10 0.025191063 
267 417 16 20 0.025115408 
796 359 10 12 0.025111983 
895 381 12 14 0.025100486 
129 300 8 10 0.02506983 
922 504 42 53 0.025066866 
253 363 11 13 0.025059748 
805 380 12 15 0.02503866 
457 407 21 26 0.025002573 
498 264 6 8 0.024934664 
998 392 13 18 0.02490172 
984 254 8 10 0.024878118 
985 425 15 19 0.024875551 
127 326 10 12 0.024810463 
144 335 8 10 0.024790538 
887 328 7 9 0.024751386 
311 374 8 10 0.024679728 
285 380 10 13 0.024671322 
669 435 12 17 0.024654191 
169 358 9 11 0.024634253 
943 358 8 10 0.024619162 
354 327 8 9 0.024599578 
552 338 7 9 0.024571672 
47 430 21 26 0.02454271 
375 364 9 11 0.024521858 
423 304 7 8 0.024519816 
17 320 7 10 0.024503874 
988 420 13 15 0.024495738 
623 379 10 12 0.024456788 
91 512 23 34 0.02440521 
327 325 9 12 0.02440147 
376 296 7 9 0.024371836 
147 428 14 20 0.0243441 
265 390 17 23 0.02433782 
481 287 6 9 0.024305442 
87 296 10 13 0.0242588 
280 379 9 12 0.024204286 
449 304 7 8 0.024171965 
533 425 13 17 0.024169095 
784 352 18 21 0.024148863 
935 351 9 10 0.024050858 
690 287 7 9 0.0240371 
151 327 8 10 0.024035247 
228 388 12 15 0.024001222 
95 308 8 11 0.02397728 
455 271 7 9 0.023962997 
464 303 7 9 0.023946082 
249 480 23 29 0.023929805 
288 313 8 10 0.023923961 
45 470 26 31 0.023910878 
107 462 15 20 0.023872666 
840 306 6 8 0.023855371 
659 288 7 10 0.02384758 
22 407 15 20 0.023838934 
667 450 16 21 0.023833942 
904 312 7 8 0.023824003 
510 469 29 32 0.023788294 
574 341 8 10 0.023744134 
88 446 18 22 0.023742152 
111 301 8 10 0.023714693 
846 364 11 12 0.023657696 
509 499 29 33 0.023631379 
811 123 17 22 0.023558253 
127 349 9 11 0.02351749 
806 387 13 17 0.023515189 
934 270 8 11 0.023506846 
902 403 14 16 0.023503259 
353 314 7 9 0.023432992 
972 345 20 24 0.023420427 
51 503 27 35 0.023397898 
865 298 8 9 0.023349786 
115 527 30 33 0.023341103 
291 458 21 29 0.023326667 
344 313 7 9 0.023325862 
219 459 20 22 0.023325484 
102 375 10 12 0.023291036 
464 296 7 8 0.023275802 
710 395 11 14 0.023210824 
619 425 15 20 0.02320574 
852 469 22 30 0.023193726 
135 357 9 11 0.0231797 
427 437 13 19 0.023149973 
960 245 8 11 0.023101214 
248 313 7 9 0.023076577 
783 321 8 10 0.023066143 
808 359 9 12 0.022983853 
868 411 17 21 0.02297568 
669 443 12 16 0.022965668 
750 293 8 10 0.022933694 
470 80 12 14 0.022889884 
849 305 6 8 0.02288042 
477 366 10 13 0.022857867 
0 565 25 37 0.022857461 
592 327 7 8 0.022857416 
769 312 7 9 0.02284765 
399 304 7 8 0.022841292 
519 351 8 10 0.022813397 
857 333 7 10 0.022808906 
149 465 15 19 0.022798397 
382 404 20 24 0.022785256 
754 335 9 11 0.022775002 
801 304 7 9 0.022729898 
344 343 7 10 0.02272101 
258 335 8 10 0.022712857 
12 398 21 25 0.022707669 
321 373 9 11 0.022691142 
783 297 7 9 0.022680085 
135 324 9 12 0.022667157 
45 299 10 13 0.022660304 
1015 287 8 11 0.022620872 
336 303 8 9 0.022603432 
898 326 7 9 0.02258835 
382 382 10 12 0.022565031 
59 350 9 12 0.02254305 
410 305 7 8 0.022515262 
992 311 8 9 0.022506814 
117 366 18 22 0.022492604 
628 352 18 22 0.022477644 
736 301 8 10 0.022441823 
600 349 10 11 0.022422777 
1005 357 10 12 0.022420838 
476 432 21 26 0.022403479 
16 375 21 26 0.022372 
699 411 14 16 0.022366904 
6 303 8 10 0.022344535 
321 359 9 12 0.022329157 
534 407 14 17 0.02229864 
689 252 9 11 0.02229619 
456 436 12 16 0.022254305 
135 349 9 12 0.022211812 
227 380 11 14 0.022211717 
223 303 7 9 0.022174548 
1001 374 10 13 0.022173444 
342 300 8 10 0.022161543 
924 423 15 21 0.022161454 
729 347 17 21 0.022124866 
71 379 10 13 0.022121478 
806 124 14 18 0.022116337 
527 286 7 8 0.022001028 
535 355 8 11 0.021987913 
726 305 8 10 0.021975376 
936 343 8 9 0.021970192 
958 373 11 14 0.021969618 
467 411 12 16 0.021967957 
906 360 9 11 0.021952113 
970 356 10 12 0.021909932 
928 303 8 10 0.021878278 
76 416 13 18 0.021751313 
527 413 10 13 0.02174667 
147 345 19 23 0.021719482 
806 137 15 20 0.02168391 
400 295 6 9 0.021682765 
413 417 13 16 0.021644838 
978 318 7 10 0.021639923 
633 326 8 10 0.021629617 
915 379 12 15 0.021627983 
89 459 18 24 0.02158057 
793 446 22 28 0.021578828 
461 440 12 16 0.021546481 
985 269 9 10 0.021531988 
84 411 13 17 0.02152757 
87 374 10 12 0.021484632 
498 280 7 8 0.021474384 
720 358 10 12 0.021435175 
903 419 14 19 0.021414844 
456 305 7 8 0.021405645 
977 310 7 10 0.021401076 
424 380 9 11 0.021374103 
69 344 17 22 0.02137389 
943 449 23 29 0.021369942 
6 406 22 28 0.021359975 
329 304 7 9 0.02134546 
920 294 7 9 0.021345373 
37 367 10 12 0.021337973 
487 289 7 9 0.0213308 
849 330 6 8 0.021304857 
820 372 12 13 0.021289533 
369 356 8 10 0.021284297 
489 302 7 9 0.021280596 
935 311 8 10 0.021255605 
217 379 20 26 0.021238988 
641 305 6 8 0.021229234 
814 372 11 13 0.021215891 
1000 364 9 12 0.021164108 
521 288 6 8 0.021163585 
57 498 18 24 0.021113073 
41 334 19 21 0.020998694 
490 360 9 11 0.020987945 
458 352 19 21 0.020982608 
606 348 10 11 0.020979965 
584 381 12 15 0.020978937 
812 287 9 11 0.020963574 
753 261 7 10 0.020922506 
800 380 11 14 0.020885855 
656 165 9 11 0.020880902 
255 440 15 18 0.020872973 
545 320 7 8 0.02082239 
945 303 7 9 0.020799138 
312 381 9 11 0.020749051 
137 313 6 8 0.020746395 
134 366 11 14 0.02072625 
552 371 20 26 0.020723414 
283 463 16 22 0.020705698 
673 391 20 24 0.020693498 
723 485 24 28 0.020690646 
527 366 9 12 0.020666284 
658 294 7 9 0.02065837 
57 430 20 26 0.020655988 
520 295 8 9 0.020652741 
249 344 10 12 0.02060435 
20 523 12 18 0.020603074 
798 401 13 15 0.020600965 
1012 405 10 15 0.020591537 
18 413 20 26 0.020573044 
562 305 7 9 0.020543192 
736 361 17 23 0.020505907 
508 369 18 22 0.020491773 
272 352 9 12 0.020480614 
925 372 10 13 0.020479025 
958 365 9 12 0.020429261 
667 380 19 22 0.020424943 
96 341 8 11 0.020408029 
33 344 19 22 0.020405833 
977 254 8 10 0.020402635 
549 363 11 13 0.020398404 
258 361 20 24 0.020394979 
792 305 7 9 0.020374164 
992 254 8 10 0.0203449 
685 430 15 19 0.02032245 
668 168 11 14 0.020316701 
322 332 8 11 0.02031615 
555 386 12 16 0.020301653 
229 396 11 15 0.020254366 
340 380 10 11 0.020249058 
865 313 7 8 0.020201286 
887 383 10 13 0.020170202 
813 139 30 37 0.020148695 
546 312 6 8 0.020148398 
968 436 25 31 0.020105781 
145 355 10 12 0.020078536 
793 133 23 30 0.0200534 
81 311 8 10 0.020036213 
808 322 7 8 0.020033227 
86 366 9 13 0.020014744 
726 421 13 18 0.020014536 
49 513 18 22 0.02000613 
513 272 7 9 0.02000252 
