2_Demonstration_Political_Rally_2_22
96
75 389 104 121 0.9996118 
573 474 56 71 0.9982133 
868 402 44 71 0.97719586 
454 384 21 26 0.8692748 
425 440 24 30 0.8123843 
572 410 30 37 0.77937293 
743 345 51 65 0.7158975 
380 326 61 90 0.61021256 
250 110 57 77 0.59389615 
977 333 26 35 0.5602651 
556 368 29 43 0.4246141 
357 175 24 36 0.4166811 
765 364 33 40 0.3844501 
798 385 46 63 0.16871233 
534 370 39 46 0.1375236 
471 508 38 44 0.13380444 
955 317 22 28 0.11231543 
200 98 48 59 0.11180894 
524 365 32 43 0.10336612 
720 299 89 123 0.098203786 
1000 386 24 36 0.077436164 
216 101 58 69 0.07724624 
756 360 52 72 0.07594141 
586 407 33 37 0.07442868 
793 228 26 34 0.07382524 
958 339 24 32 0.061057247 
443 296 31 34 0.058570854 
843 295 28 37 0.058337208 
323 193 26 32 0.056582324 
836 268 12 16 0.054121178 
372 178 17 24 0.052106883 
887 329 26 34 0.05096932 
565 396 29 42 0.045301665 
602 405 26 37 0.044306543 
559 409 27 36 0.043637887 
802 234 16 19 0.042699315 
884 334 15 21 0.042500783 
890 567 111 152 0.041894272 
0 244 10 21 0.04133732 
451 367 45 57 0.040233046 
887 388 51 78 0.038647447 
295 417 27 38 0.038467843 
593 305 12 16 0.03835775 
589 343 12 15 0.036598045 
434 434 24 33 0.035287283 
883 317 14 17 0.035202336 
876 319 25 34 0.034451976 
413 384 31 43 0.034111507 
414 432 38 51 0.03398785 
434 286 52 57 0.03382262 
658 372 57 62 0.03367606 
688 208 183 244 0.03323867 
967 341 42 51 0.032888014 
557 86 32 39 0.032666005 
384 284 93 119 0.031554427 
30 379 35 46 0.031491026 
306 422 28 33 0.030891124 
458 289 33 38 0.030347664 
395 188 30 39 0.030156769 
99 281 16 21 0.029558 
399 366 38 53 0.027426684 
641 385 52 60 0.027061434 
715 191 108 135 0.02637728 
866 351 28 34 0.026246276 
4 247 12 18 0.025585778 
393 328 18 24 0.025387298 
445 304 16 23 0.02516483 
634 251 12 16 0.02515019 
772 357 70 101 0.025140306 
294 389 42 48 0.024874706 
445 309 30 39 0.024781343 
714 335 61 81 0.024716787 
578 419 41 45 0.024319796 
394 332 32 45 0.024284706 
901 330 16 22 0.024253221 
342 237 12 16 0.024082987 
777 342 30 45 0.024072109 
450 424 14 17 0.023939505 
307 186 13 18 0.02320822 
871 309 44 54 0.022161555 
325 196 16 18 0.022080781 
0 412 8 14 0.021675142 
832 159 8 10 0.021651838 
778 392 31 45 0.021545544 
581 387 30 38 0.021496207 
413 295 57 68 0.021454433 
356 165 13 18 0.021326978 
381 180 31 35 0.02126709 
898 317 27 37 0.020863296 
574 80 27 31 0.020705951 
994 337 17 22 0.02069952 
543 228 11 16 0.020564243 
570 92 33 36 0.020331502 
736 267 29 39 0.020205874 
444 413 24 31 0.020191265 
541 474 56 73 0.02005374 
