2_Demonstration_Demonstration_Or_Protest_2_117
492
660 415 27 36 0.99958557 
696 450 33 45 0.99877614 
936 472 32 39 0.99815947 
513 436 27 36 0.99707925 
438 427 26 30 0.9957113 
370 420 26 32 0.99377936 
913 608 32 46 0.99347866 
607 455 31 37 0.992994 
163 419 23 27 0.9925207 
16 525 26 32 0.9912282 
802 459 29 31 0.9900889 
971 433 26 31 0.988509 
626 411 23 29 0.98791575 
596 431 22 29 0.9852961 
283 438 22 30 0.9696285 
778 529 28 30 0.96077245 
173 386 18 22 0.9606342 
226 415 22 25 0.92945206 
371 367 15 18 0.8555998 
129 427 21 27 0.84947276 
61 407 23 30 0.8048097 
183 340 14 18 0.7960107 
306 214 17 23 0.77696276 
992 264 17 23 0.73916465 
533 371 22 29 0.71567976 
364 347 12 15 0.7095901 
199 364 16 20 0.7092291 
344 330 12 16 0.61773103 
435 332 10 14 0.6109711 
749 277 11 13 0.5877296 
139 343 12 15 0.5582167 
278 336 13 16 0.5571245 
882 492 33 42 0.50233966 
980 209 14 19 0.49869365 
837 474 27 33 0.49705163 
489 356 12 15 0.40657726 
182 331 16 19 0.39726883 
233 422 18 23 0.31801495 
404 360 18 22 0.2921654 
685 300 9 12 0.29185048 
25 418 19 24 0.2833618 
793 527 23 31 0.27957278 
143 368 15 18 0.25820166 
430 404 23 29 0.25526714 
447 350 9 12 0.25463146 
717 373 14 18 0.23316215 
225 357 11 15 0.22234415 
776 291 13 16 0.21558243 
855 224 10 13 0.21384974 
4 405 15 17 0.2078934 
907 599 29 41 0.19807912 
383 331 10 12 0.18231311 
337 407 16 22 0.18197876 
295 349 12 15 0.18104686 
205 210 11 14 0.17809163 
757 293 9 13 0.17731741 
97 310 10 13 0.16907738 
420 269 11 13 0.16746795 
649 317 11 13 0.16594224 
780 304 13 17 0.1543153 
70 401 21 30 0.1542657 
102 316 9 12 0.1513963 
668 327 11 13 0.14455761 
543 374 18 22 0.1427013 
531 383 24 33 0.14216715 
482 435 19 24 0.14115138 
927 240 13 18 0.13982496 
896 267 11 14 0.13846213 
891 242 13 20 0.13491336 
480 329 9 13 0.1308928 
420 331 11 15 0.13003242 
381 455 28 32 0.1178684 
495 328 10 12 0.11764993 
112 349 10 14 0.11746792 
829 482 27 35 0.116759576 
229 219 11 14 0.11414223 
732 395 15 18 0.11290037 
62 330 11 16 0.112464465 
843 210 12 14 0.109097265 
285 346 12 18 0.10771995 
218 387 15 19 0.10594629 
151 341 10 14 0.1057712 
883 498 19 22 0.10091007 
668 312 10 12 0.098328575 
6 435 21 29 0.09581175 
943 222 14 20 0.09428879 
571 258 24 31 0.09201214 
681 295 10 12 0.0908255 
287 270 13 16 0.09053179 
469 313 8 10 0.08845342 
777 296 17 20 0.08757792 
158 353 12 15 0.08731964 
485 331 10 14 0.086376645 
829 285 8 13 0.08520332 
943 212 13 18 0.08444651 
832 483 14 20 0.084431335 
814 294 11 14 0.08220569 
299 353 11 15 0.08200066 
763 253 13 16 0.081926964 
526 371 17 23 0.08157472 
29 458 13 17 0.0804267 
564 264 23 30 0.07941606 
670 286 8 11 0.0783723 
760 259 11 13 0.07756541 
489 318 8 10 0.07612708 
291 519 13 16 0.075933635 
415 304 9 12 0.07541444 
250 356 15 21 0.07527027 
19 412 18 21 0.07509486 
11 409 14 16 0.074687175 
421 338 10 14 0.07411819 
440 350 10 13 0.07292102 
118 385 15 20 0.07263544 
788 287 12 13 0.07188933 
537 396 19 25 0.07142711 
279 228 12 17 0.07137602 
278 342 14 20 0.070525594 
332 226 16 19 0.07004973 
760 325 9 12 0.069760464 
608 309 10 12 0.06923866 
384 293 10 13 0.06860505 
776 283 23 27 0.06786569 
661 266 12 14 0.06765004 
266 97 15 19 0.06715184 
229 308 11 14 0.06673774 
736 255 10 12 0.06670434 
825 277 10 14 0.065194935 
221 229 11 16 0.065028064 
732 201 48 57 0.06395467 
710 324 10 14 0.063838795 
151 347 11 15 0.06343795 
939 207 23 33 0.06306408 
0 410 10 15 0.06289646 
175 326 12 14 0.06202161 
399 59 39 52 0.061792668 
255 290 12 16 0.06156546 
679 263 12 14 0.060816284 
208 221 10 14 0.059631456 
29 443 15 20 0.057593644 
37 309 13 17 0.057580728 
890 237 22 32 0.056805078 
229 403 15 20 0.056622896 
901 260 12 16 0.056590226 
924 192 16 18 0.056278322 
82 400 17 25 0.05605774 
408 318 9 12 0.055757906 
646 284 9 11 0.054097507 
810 292 10 12 0.053505905 
665 285 9 10 0.053272184 
85 379 14 16 0.052655213 
661 295 9 11 0.0526545 
822 256 8 10 0.052580457 
919 229 23 28 0.052539617 
513 300 9 13 0.052114774 
116 357 11 14 0.050962444 
448 319 9 12 0.050839163 
431 311 10 12 0.05070323 
342 293 10 13 0.049911734 
92 350 11 14 0.049654804 
978 204 13 17 0.049479086 
206 318 12 14 0.048916202 
78 386 12 17 0.04844198 
213 319 10 12 0.047703348 
15 438 21 28 0.04724438 
757 210 30 40 0.04668706 
669 363 10 13 0.04647533 
704 351 9 12 0.04637485 
201 205 12 16 0.046329346 
809 288 9 10 0.046283912 
916 166 12 14 0.046274703 
411 352 12 14 0.045655347 
817 259 9 12 0.045553092 
223 308 11 13 0.044960823 
503 302 8 10 0.044798594 
118 431 20 26 0.04475476 
855 479 40 50 0.044710692 
424 294 10 13 0.04466473 
203 374 17 21 0.04445336 
142 423 20 29 0.0443947 
399 370 15 18 0.04420712 
387 331 12 14 0.04402116 
816 292 22 29 0.04375384 
32 413 23 30 0.043740734 
215 228 12 16 0.043447573 
716 318 9 12 0.0432247 
680 326 9 12 0.04321616 
513 309 8 12 0.042924568 
892 251 21 30 0.042663325 
205 325 12 14 0.04252963 
757 344 16 19 0.0425021 
188 329 20 25 0.04243093 
149 375 13 18 0.04225442 
814 298 14 17 0.04221539 
43 314 14 18 0.04217958 
342 284 9 12 0.04184103 
118 363 10 13 0.041405965 
918 253 12 15 0.04137746 
754 275 11 14 0.041333783 
255 325 13 17 0.04131176 
760 320 8 11 0.040723883 
346 337 12 16 0.040460415 
340 376 21 32 0.040156066 
367 344 20 25 0.039693367 
92 598 13 16 0.039421193 
454 324 8 11 0.039301235 
38 308 23 30 0.039189972 
5 447 14 18 0.03901908 
880 159 10 12 0.03897032 
224 222 11 14 0.03890701 
848 219 11 14 0.03865404 
222 354 20 24 0.03848727 
51 402 15 19 0.038444065 
43 409 15 21 0.038223654 
213 222 11 14 0.03819963 
449 324 9 12 0.037807457 
766 309 12 14 0.03777874 
104 322 10 13 0.03771713 
918 240 16 19 0.03769086 
909 260 12 15 0.037334654 
382 340 12 16 0.037146 
952 291 12 16 0.0370644 
957 173 9 13 0.036428083 
664 277 9 11 0.036244635 
648 312 10 12 0.0362307 
924 247 14 18 0.03595452 
756 287 10 13 0.035871577 
15 420 13 15 0.035406895 
10 423 25 32 0.035104528 
894 168 14 16 0.03488983 
741 259 11 13 0.034688197 
719 371 21 27 0.03463085 
756 269 12 15 0.034569744 
228 226 12 16 0.034548804 
859 228 9 12 0.03434599 
798 285 9 12 0.03419705 
619 205 11 17 0.03408777 
486 440 24 31 0.034048658 
640 303 9 11 0.033963066 
746 347 16 19 0.033621237 
239 254 9 11 0.03360724 
1012 163 10 16 0.03358609 
416 274 13 15 0.033549223 
406 338 10 14 0.033416223 
499 326 10 13 0.033361163 
26 427 22 27 0.033189546 
823 269 11 16 0.033184312 
328 222 13 17 0.032723203 
495 433 26 35 0.032659978 
205 382 20 27 0.032642838 
95 305 10 13 0.03254133 
898 242 14 19 0.03230613 
916 257 12 16 0.032124832 
285 108 13 17 0.032035552 
599 306 13 15 0.03184004 
391 213 10 13 0.031710085 
942 305 13 17 0.031479146 
434 398 16 19 0.031470988 
724 205 31 38 0.031048687 
25 451 21 27 0.030906346 
163 353 13 17 0.030902145 
417 327 10 13 0.030818703 
431 329 17 23 0.03075712 
613 204 45 55 0.030424269 
140 353 14 18 0.030409118 
987 427 26 33 0.030399382 
929 220 22 30 0.030280769 
754 299 10 13 0.030120656 
155 340 12 16 0.030038245 
686 319 8 10 0.029948285 
124 420 14 19 0.029902909 
76 393 16 23 0.029848674 
136 365 12 15 0.029838882 
378 336 21 26 0.029795313 
199 201 19 26 0.029772462 
450 348 12 15 0.029725006 
52 315 22 31 0.029708114 
151 337 9 12 0.029593913 
588 261 16 22 0.029518694 
2 397 23 29 0.029355677 
554 375 15 22 0.029342283 
774 279 11 14 0.029336637 
910 214 10 13 0.02920189 
935 299 13 16 0.02920123 
416 340 11 13 0.029164828 
888 266 14 18 0.029118069 
927 283 10 14 0.02892616 
416 260 14 17 0.028811324 
377 326 12 13 0.028803835 
686 307 10 12 0.028720835 
588 249 15 19 0.028561473 
496 270 8 9 0.028442232 
511 316 8 12 0.028336685 
203 332 13 17 0.028281236 
4 357 9 13 0.028191095 
156 361 13 18 0.028115453 
41 418 15 19 0.028090874 
388 342 15 21 0.027973063 
488 271 8 10 0.027698565 
924 203 40 48 0.02762058 
197 338 12 17 0.027589563 
745 271 12 15 0.027526781 
527 394 14 18 0.027445855 
899 257 23 28 0.02730601 
829 291 10 15 0.027271276 
56 416 16 21 0.027262174 
744 266 20 26 0.027253205 
119 420 12 16 0.027214665 
441 338 19 26 0.027189372 
-1 457 12 19 0.027183628 
524 259 11 14 0.027156789 
220 401 22 30 0.027134463 
926 167 11 14 0.0270649 
223 391 20 27 0.026987556 
1 441 14 20 0.026977727 
732 373 15 19 0.02692166 
648 386 24 30 0.026791342 
923 216 16 20 0.026695663 
103 427 13 17 0.026660463 
657 262 12 14 0.026619554 
666 317 9 11 0.02660317 
389 202 13 17 0.026556017 
657 300 9 12 0.02654182 
20 405 17 19 0.026483927 
169 326 10 12 0.026411587 
334 274 13 17 0.0261398 
302 369 12 16 0.026126347 
944 270 11 14 0.026107255 
116 343 10 13 0.026103178 
117 425 15 21 0.026087344 
651 389 16 18 0.026073843 
977 198 10 14 0.025973298 
641 285 9 11 0.025954891 
716 324 9 12 0.025933826 
931 246 13 18 0.025913198 
230 208 11 13 0.02581309 
82 385 17 20 0.02578932 
684 267 10 14 0.025781702 
586 391 15 20 0.025720716 
911 243 24 29 0.025691206 
341 276 12 15 0.025565427 
0 418 9 15 0.02552405 
375 442 28 34 0.025499465 
701 215 9 14 0.025485817 
336 388 21 29 0.025475357 
13 429 14 17 0.025383655 
814 288 9 11 0.025374979 
392 276 11 13 0.025322212 
59 103 11 12 0.025305191 
466 315 8 12 0.02530396 
701 367 12 14 0.025164058 
520 412 25 29 0.025075072 
213 381 14 19 0.024910748 
528 398 24 31 0.024893327 
378 402 21 27 0.024846649 
199 308 11 13 0.024786353 
429 301 10 12 0.024777373 
798 279 11 13 0.024757396 
373 342 12 16 0.024724294 
262 318 10 13 0.024681913 
818 262 20 28 0.024562005 
485 347 20 25 0.024486318 
704 311 9 11 0.024452625 
994 265 25 37 0.02443382 
494 457 15 19 0.024422204 
259 424 16 20 0.02439326 
867 508 14 18 0.024374045 
498 302 9 11 0.024356121 
487 275 9 12 0.024349844 
704 317 10 15 0.024344096 
352 223 11 15 0.024328303 
654 286 9 11 0.024307976 
432 349 11 14 0.024236219 
726 224 14 19 0.024104713 
98 605 25 32 0.024000406 
493 459 23 27 0.023981096 
348 348 12 16 0.023968477 
421 299 11 13 0.023924038 
58 107 14 16 0.023713185 
731 374 25 33 0.023708973 
527 381 16 22 0.023705 
918 214 14 17 0.023689985 
430 355 12 15 0.023679927 
657 258 22 27 0.023678651 
822 292 12 17 0.023648242 
10 526 20 28 0.02362508 
907 595 18 27 0.023571618 
89 406 16 22 0.023530172 
653 312 9 11 0.023513699 
109 432 15 19 0.023509918 
482 322 19 25 0.023504758 
232 357 20 25 0.02349389 
473 332 9 12 0.02344885 
572 251 18 20 0.023393687 
295 360 13 16 0.02333097 
897 489 28 38 0.023234691 
1012 216 11 18 0.023212748 
929 200 26 32 0.023205513 
153 349 19 25 0.02318581 
694 355 10 13 0.023140216 
504 318 9 11 0.0231393 
504 296 9 12 0.023134192 
641 308 9 11 0.023105014 
30 304 23 29 0.022984367 
1007 208 14 20 0.022906188 
935 211 14 19 0.02289283 
53 316 14 18 0.02286915 
368 300 10 12 0.022821743 
419 327 19 25 0.022756409 
885 259 23 30 0.022702008 
147 359 21 26 0.022675116 
393 270 10 12 0.022532111 
609 438 18 22 0.022519888 
724 397 17 22 0.022474572 
867 506 26 34 0.022467908 
753 252 21 27 0.022297224 
685 325 9 12 0.022289386 
680 122 43 57 0.022206914 
946 287 22 29 0.022133736 
197 346 14 17 0.022121869 
253 337 14 18 0.022092719 
814 312 12 16 0.022077255 
377 370 14 17 0.021987401 
852 467 15 20 0.02198378 
532 283 11 16 0.021939628 
462 347 12 15 0.02190052 
921 206 25 31 0.021874165 
709 355 10 12 0.02186087 
612 303 9 13 0.021769907 
910 253 12 17 0.021683618 
516 294 10 14 0.02162883 
0 450 12 18 0.021599324 
276 209 13 16 0.021573097 
143 342 18 24 0.021528905 
766 267 46 51 0.021460569 
664 359 10 12 0.021411503 
808 533 19 25 0.021406978 
216 307 11 14 0.021406634 
290 261 14 17 0.021364953 
149 355 13 17 0.021358091 
889 213 11 14 0.021301871 
694 301 8 11 0.021247772 
199 318 12 14 0.021242365 
180 309 12 14 0.021235583 
134 336 11 15 0.021223594 
532 367 15 20 0.021202153 
246 253 12 13 0.021188801 
1001 267 15 19 0.02118488 
606 312 11 15 0.021138472 
935 167 10 13 0.021073531 
155 43 23 29 0.021066949 
667 260 15 16 0.021024598 
437 311 9 12 0.021004664 
440 491 29 39 0.020967564 
959 260 12 17 0.020910015 
680 319 10 12 0.020838872 
790 460 26 31 0.020798346 
385 202 10 15 0.020769695 
902 240 23 29 0.020737484 
603 436 32 38 0.020697447 
67 398 16 20 0.020645592 
880 510 33 39 0.020612061 
391 61 31 35 0.020610048 
4 415 13 18 0.020603528 
788 294 24 30 0.020585634 
438 211 11 15 0.020573163 
396 560 14 19 0.020544656 
111 360 12 16 0.020533057 
696 295 9 11 0.020512862 
942 300 28 35 0.020509886 
293 345 18 25 0.020463942 
204 200 11 14 0.020451479 
211 392 22 29 0.020450521 
291 506 15 19 0.02044675 
398 335 11 13 0.020445928 
849 218 19 23 0.020412205 
389 372 13 17 0.020403737 
665 330 10 13 0.020390175 
997 244 24 35 0.020387316 
213 205 11 14 0.020371143 
857 472 17 22 0.020353094 
669 276 11 14 0.020331115 
236 220 11 15 0.02028916 
734 277 10 13 0.020285819 
941 172 11 14 0.020269481 
68 325 10 14 0.020251771 
409 324 9 12 0.02019256 
749 261 13 15 0.020192318 
652 323 11 14 0.020142185 
227 214 11 14 0.020117965 
661 320 19 25 0.020054985 
9 446 23 32 0.020054169 
333 395 14 19 0.020033317 
