2_Demonstration_Protesters_2_525
1657
553 484 29 40 0.99904853 
417 515 27 38 0.99792176 
483 435 29 36 0.99753076 
763 399 23 30 0.9973659 
659 484 34 41 0.9967018 
760 458 27 32 0.9966814 
849 425 24 31 0.9961093 
298 489 31 35 0.9948131 
998 398 22 27 0.99470854 
994 457 31 38 0.9939089 
655 424 29 34 0.9929133 
579 402 22 29 0.99228424 
327 415 23 28 0.99124205 
879 520 35 42 0.9908002 
849 367 16 21 0.9889213 
918 476 31 39 0.98751754 
479 399 18 21 0.98369366 
950 349 22 26 0.98359203 
312 383 21 28 0.9835322 
204 382 19 26 0.9821515 
861 329 14 18 0.9799405 
595 210 14 18 0.97968894 
316 324 16 20 0.9786704 
338 347 16 19 0.9778488 
765 301 15 21 0.97746116 
233 487 24 27 0.9743301 
593 344 17 21 0.9733131 
685 220 15 19 0.97232574 
390 438 20 26 0.9718668 
716 361 20 26 0.96972644 
251 368 20 27 0.9679989 
639 297 14 17 0.9649805 
55 434 25 31 0.96270376 
469 330 13 16 0.9621134 
809 227 15 20 0.9565965 
920 377 19 23 0.95305574 
713 308 15 19 0.95220554 
501 318 13 16 0.9492728 
718 332 14 18 0.9386899 
145 342 12 15 0.9372964 
62 344 14 17 0.93494105 
614 210 14 16 0.93481416 
844 397 17 22 0.9330091 
454 268 11 14 0.9322573 
780 342 17 21 0.92903805 
413 313 12 15 0.9264603 
672 322 15 19 0.9178259 
783 318 15 19 0.9159993 
80 380 18 21 0.9092591 
884 330 13 16 0.90834224 
949 432 22 26 0.9025316 
1005 238 18 22 0.8992722 
833 341 15 18 0.8987771 
500 282 12 15 0.8939663 
526 396 17 21 0.88586617 
455 309 12 15 0.8805221 
722 226 14 16 0.87465036 
775 232 13 16 0.85704255 
726 206 12 14 0.85612833 
960 236 11 15 0.8488139 
249 312 12 13 0.8465197 
80 316 12 15 0.84347445 
567 280 12 15 0.84074026 
1 373 19 25 0.8403599 
467 372 15 17 0.8375982 
995 223 13 17 0.83754635 
436 356 12 16 0.8300902 
242 292 11 13 0.82928866 
362 308 14 16 0.8193835 
185 339 13 15 0.81362855 
475 294 12 15 0.8130542 
527 278 11 12 0.8121217 
442 292 10 14 0.80846554 
25 413 18 23 0.7793873 
409 207 8 9 0.7629435 
319 293 10 12 0.75917286 
834 252 16 21 0.7470612 
385 280 9 12 0.74325496 
767 218 13 16 0.73335797 
265 287 10 14 0.72455686 
532 334 16 19 0.72270805 
990 381 16 19 0.7195647 
32 321 12 15 0.7120369 
968 250 13 17 0.71141005 
53 300 11 12 0.70945287 
123 300 11 14 0.7061746 
447 211 10 12 0.7020679 
373 292 10 13 0.6996007 
643 213 14 17 0.69676596 
542 287 10 14 0.6772788 
20 296 11 13 0.6554792 
167 287 10 13 0.6490718 
384 347 13 17 0.64685404 
973 215 12 15 0.63375825 
532 310 12 15 0.61322325 
133 285 10 13 0.6083379 
298 309 12 15 0.6019131 
147 451 16 21 0.59926146 
866 229 11 15 0.59805954 
416 275 10 13 0.5952749 
222 284 9 11 0.5890944 
406 409 15 18 0.5835542 
277 325 12 16 0.5782668 
824 180 9 12 0.57804066 
821 402 16 21 0.559193 
58 411 18 21 0.5565681 
298 315 14 17 0.5489875 
797 363 18 21 0.54896563 
225 311 11 14 0.54703087 
500 214 11 13 0.53848064 
560 208 9 12 0.5270352 
586 268 13 16 0.5257557 
214 299 10 13 0.52550524 
578 298 13 16 0.5226998 
357 275 10 12 0.5181511 
264 255 10 12 0.51244587 
663 309 13 16 0.5040328 
124 319 11 14 0.50167197 
873 377 14 18 0.4992962 
343 265 10 12 0.49687368 
564 302 11 14 0.49336952 
90 463 18 23 0.49108484 
368 324 13 15 0.48704693 
829 218 14 17 0.4808279 
108 355 14 17 0.47864115 
335 301 11 14 0.47303313 
806 435 13 17 0.46548164 
618 268 14 16 0.45271087 
504 365 12 16 0.4522112 
117 271 9 11 0.44139275 
310 284 10 12 0.43451947 
213 349 14 17 0.43062177 
891 236 12 14 0.43002874 
21 336 12 15 0.4239332 
634 336 16 20 0.4200542 
240 288 10 13 0.4070733 
965 377 18 22 0.40695274 
388 278 9 12 0.40421775 
981 549 34 26 0.40250048 
437 406 18 21 0.39962664 
915 237 13 14 0.3986294 
73 279 9 12 0.39481962 
113 408 16 22 0.39310145 
86 411 16 20 0.3898346 
191 275 10 12 0.3837882 
725 292 15 18 0.37194225 
113 270 9 11 0.3712537 
534 325 14 17 0.37046203 
327 277 8 11 0.3666305 
416 365 13 17 0.36171156 
273 271 10 11 0.3514837 
531 555 26 28 0.35050377 
521 208 9 12 0.34443367 
253 443 22 30 0.34235853 
632 369 17 20 0.33850062 
375 235 9 12 0.33627558 
268 355 18 21 0.3358865 
831 363 14 18 0.3287634 
393 213 7 10 0.32686856 
169 256 9 10 0.31029198 
92 405 15 20 0.30698004 
911 323 12 17 0.30609953 
677 259 16 19 0.30124345 
77 313 12 13 0.29604578 
425 215 9 11 0.29555798 
335 317 11 14 0.29554278 
387 526 24 29 0.2944902 
592 309 12 15 0.29427996 
159 330 10 13 0.29040986 
35 394 16 18 0.28868762 
256 347 13 17 0.28369525 
156 310 11 15 0.28093556 
157 357 10 13 0.2776708 
826 511 18 23 0.27625257 
592 321 14 17 0.27404946 
777 358 17 23 0.27196994 
368 268 10 12 0.26771575 
443 387 13 16 0.26567787 
192 325 11 14 0.2618692 
231 255 7 10 0.25755346 
632 227 11 14 0.25570422 
268 311 10 14 0.25412235 
27 402 22 27 0.24653451 
142 358 12 15 0.24471138 
936 215 10 13 0.24435696 
348 310 10 13 0.24386884 
345 238 10 10 0.24363825 
560 325 11 15 0.24266815 
352 292 10 13 0.24096484 
323 295 10 12 0.24054419 
157 278 9 11 0.2394707 
356 402 19 26 0.23790045 
-1 426 9 16 0.2363053 
309 264 9 11 0.2361926 
0 345 10 16 0.23420079 
191 310 10 12 0.23369423 
103 323 11 13 0.23273699 
407 253 9 12 0.228844 
926 262 10 14 0.22846265 
902 348 13 16 0.22142082 
88 349 11 13 0.22070698 
292 293 10 11 0.2205993 
342 391 17 20 0.22014938 
292 348 14 17 0.21943879 
611 510 22 29 0.2188552 
416 285 10 12 0.21743086 
948 278 11 14 0.21513776 
372 383 16 19 0.21490629 
176 310 11 13 0.21391416 
422 309 10 13 0.21292415 
328 255 8 11 0.21198851 
147 361 14 16 0.21089673 
96 293 10 12 0.20960096 
430 378 13 17 0.20893586 
286 206 7 9 0.20707533 
890 427 21 27 0.20449406 
876 405 13 17 0.20301056 
285 430 14 19 0.2000419 
478 213 8 11 0.19930921 
465 213 9 11 0.19927266 
550 395 16 21 0.1984658 
790 204 13 16 0.1974166 
717 263 15 18 0.19667272 
66 231 8 11 0.19137369 
164 476 13 18 0.1905863 
677 246 12 15 0.18945123 
912 245 12 15 0.18766126 
383 238 8 11 0.18572672 
499 255 12 14 0.18572105 
519 237 10 13 0.18550858 
864 252 10 14 0.18544538 
479 230 8 10 0.18421158 
30 496 14 19 0.18367456 
941 214 10 13 0.18257435 
472 231 8 10 0.18242991 
97 286 9 12 0.18173009 
132 434 17 19 0.17866978 
542 453 27 32 0.17858319 
471 212 11 12 0.17808476 
77 282 9 12 0.17783904 
678 252 14 17 0.17781314 
890 323 13 16 0.17755334 
527 337 15 18 0.17739594 
103 280 9 11 0.1763762 
327 299 11 13 0.17609815 
426 220 8 11 0.17467998 
869 282 12 16 0.1716365 
610 450 16 19 0.17091915 
497 220 10 12 0.1704831 
96 302 11 13 0.17003027 
911 251 13 16 0.16848837 
646 226 14 19 0.1666582 
564 323 13 16 0.16357875 
286 332 11 15 0.16282342 
83 320 12 15 0.16112171 
453 332 11 14 0.16007596 
152 213 7 9 0.15919565 
466 385 16 19 0.15910302 
212 262 9 12 0.15903959 
630 343 16 18 0.15888065 
110 324 10 13 0.15835063 
328 209 6 8 0.1564676 
100 512 17 22 0.1561858 
793 199 11 14 0.15484965 
661 369 14 19 0.15443458 
485 239 10 12 0.15420674 
942 292 10 14 0.15401568 
887 229 11 14 0.152967 
153 278 9 11 0.15247901 
564 206 9 13 0.15244061 
172 356 12 14 0.15056267 
111 277 9 11 0.15016276 
250 208 6 8 0.15003315 
172 285 9 12 0.14972825 
790 220 11 14 0.1494714 
480 237 9 11 0.14887556 
899 425 16 23 0.14877415 
111 421 14 21 0.14834577 
437 381 13 16 0.1469074 
391 270 10 12 0.14670783 
258 255 8 11 0.14561374 
470 208 9 12 0.14482532 
699 250 13 17 0.14458892 
144 268 9 12 0.14408012 
156 302 10 11 0.14391194 
612 365 13 17 0.14277068 
350 233 8 10 0.14231327 
204 374 17 20 0.14204206 
211 358 17 20 0.14154984 
424 303 10 12 0.14099197 
350 262 9 11 0.14061613 
210 294 9 12 0.14053221 
931 346 13 17 0.13805142 
806 451 22 27 0.13478318 
965 551 29 25 0.13454278 
7 324 9 11 0.1345072 
942 330 13 18 0.13433406 
162 427 15 18 0.13428703 
465 232 9 11 0.13405749 
44 381 14 16 0.13388816 
260 352 16 20 0.1334111 
422 245 7 11 0.13336821 
429 308 10 12 0.13290356 
123 450 15 18 0.13284642 
541 207 9 10 0.13196851 
19 355 13 16 0.1319397 
160 214 8 9 0.13103099 
901 377 15 18 0.12861963 
334 307 13 16 0.12853374 
77 262 9 11 0.12833862 
341 301 11 13 0.12818493 
73 300 10 13 0.12799199 
941 236 11 15 0.12787014 
934 219 10 14 0.12766454 
198 330 10 14 0.12716274 
747 362 15 21 0.12691191 
296 272 8 11 0.12663646 
51 296 8 10 0.12621737 
375 215 7 9 0.1259482 
72 294 9 12 0.1253189 
345 214 6 8 0.12519333 
271 239 8 10 0.12499729 
986 277 13 16 0.124632955 
68 236 9 11 0.12420257 
369 329 14 17 0.12390967 
788 210 14 16 0.12369593 
236 337 14 17 0.12227405 
431 199 8 10 0.12155817 
918 400 15 19 0.120969936 
204 504 23 31 0.12049616 
29 456 12 17 0.1200722 
391 295 11 13 0.11996533 
421 333 12 15 0.11944946 
168 261 9 10 0.118657485 
209 300 11 14 0.11783171 
374 496 22 28 0.117434256 
885 219 12 16 0.117307015 
105 220 8 11 0.117194384 
14 325 11 12 0.117006704 
507 356 12 17 0.11572251 
511 238 10 14 0.11568975 
369 287 10 13 0.115614496 
341 317 11 13 0.115502186 
814 404 17 23 0.11511142 
186 271 8 11 0.11488749 
100 404 13 18 0.11460352 
619 385 16 20 0.113913044 
421 286 10 12 0.11343821 
361 205 7 10 0.113228075 
572 318 14 17 0.11218074 
427 207 8 10 0.112163335 
740 264 12 16 0.1119387 
575 213 9 10 0.11138055 
157 418 13 16 0.11133821 
700 487 18 22 0.11125615 
40 281 8 10 0.1112306 
230 338 13 15 0.11087882 
878 445 21 27 0.11063953 
786 359 19 23 0.10976792 
314 292 10 12 0.1097344 
359 215 7 9 0.10897463 
221 303 10 12 0.10846357 
471 251 11 13 0.10817156 
306 215 6 8 0.10807512 
29 371 12 15 0.1079198 
147 376 15 17 0.10759023 
110 263 10 12 0.10721664 
321 225 7 8 0.106877595 
535 286 11 14 0.10615807 
529 314 12 14 0.10580776 
119 322 12 14 0.10523178 
181 309 10 12 0.1050414 
271 246 7 9 0.10500937 
280 231 6 9 0.1049782 
397 302 10 13 0.10490776 
438 274 10 13 0.104902185 
74 309 10 13 0.104772165 
752 205 9 13 0.10463339 
771 276 15 19 0.10440988 
288 271 9 11 0.10394039 
255 208 7 9 0.10384763 
149 271 9 12 0.10335107 
523 244 12 14 0.10310084 
192 317 10 12 0.10259039 
116 359 13 17 0.10226166 
320 230 7 9 0.10195302 
890 421 16 21 0.10195071 
336 296 10 12 0.10153284 
192 261 8 10 0.1011918 
886 243 11 14 0.100808166 
710 199 9 11 0.10066103 
149 404 15 17 0.10045686 
580 304 14 16 0.10025189 
876 206 11 14 0.100123666 
6 308 9 12 0.099655524 
70 381 12 16 0.099557124 
303 268 9 12 0.09923852 
374 338 13 17 0.09902095 
131 460 14 17 0.09849726 
38 387 15 18 0.09842609 
381 557 13 16 0.097978555 
30 431 13 18 0.0977413 
350 272 10 11 0.09767776 
366 204 8 10 0.09745836 
663 204 11 14 0.096760705 
605 181 9 11 0.09649043 
263 449 23 31 0.09598368 
920 261 11 13 0.09590216 
722 252 14 18 0.09553448 
935 238 10 13 0.095522 
119 453 13 17 0.09547108 
809 441 16 20 0.09528397 
270 330 12 16 0.09404535 
305 278 9 12 0.09374562 
743 229 12 16 0.093657605 
887 389 12 16 0.09333889 
100 306 12 14 0.09325374 
314 198 7 9 0.09274072 
631 252 11 14 0.0925935 
354 283 13 15 0.09239233 
758 519 25 31 0.092229605 
547 369 15 19 0.09199012 
933 227 10 13 0.091138884 
335 247 8 10 0.09107588 
600 182 10 11 0.09076004 
217 354 15 18 0.09066286 
362 201 7 9 0.090592295 
863 245 11 15 0.09020564 
69 373 12 14 0.09013362 
452 207 9 12 0.09012341 
333 253 9 11 0.09002943 
206 318 11 13 0.08939454 
7 457 14 20 0.08920294 
254 238 8 9 0.089181475 
438 324 13 16 0.088851705 
31 269 9 10 0.088623635 
221 339 12 15 0.08787137 
250 238 7 9 0.08719215 
830 246 14 18 0.08694729 
875 365 14 18 0.086937904 
443 355 11 16 0.08671277 
890 183 8 10 0.08645775 
283 206 6 9 0.08635831 
303 247 8 10 0.085954614 
637 273 14 17 0.08555468 
512 209 8 12 0.08482236 
238 329 14 18 0.08482221 
4 366 14 19 0.08427883 
825 408 16 22 0.08410466 
944 271 10 13 0.08360469 
430 271 12 15 0.08308368 
574 222 8 11 0.08255799 
62 334 12 15 0.08228314 
585 182 7 10 0.08192296 
903 251 11 14 0.081918016 
187 333 13 15 0.081614636 
607 198 10 12 0.08116849 
167 208 6 9 0.080972716 
990 389 22 27 0.08087287 
311 324 14 18 0.08075108 
396 214 8 10 0.08054828 
793 406 17 22 0.080440566 
141 325 11 13 0.080340974 
473 325 13 16 0.079972684 
104 455 21 27 0.07992762 
336 239 7 10 0.07977679 
306 223 6 9 0.07945334 
12 412 14 17 0.07926122 
153 300 9 12 0.078933515 
582 214 9 12 0.07850081 
507 391 15 20 0.07829702 
130 473 17 20 0.078240894 
383 509 24 33 0.078223124 
260 341 13 17 0.07806933 
848 227 11 14 0.077753656 
548 266 12 15 0.07754324 
878 338 12 15 0.077460326 
30 285 9 10 0.07743726 
115 339 12 14 0.07724551 
277 275 9 11 0.07722717 
304 254 7 9 0.076924525 
417 246 8 11 0.07665739 
795 276 15 18 0.0764241 
142 336 12 15 0.07607195 
422 376 14 19 0.07594082 
209 269 7 10 0.0757031 
983 291 12 15 0.07558191 
196 408 15 19 0.07546968 
893 258 11 13 0.07524607 
23 369 12 17 0.075232685 
628 387 15 18 0.07513633 
509 310 13 15 0.07492827 
97 279 9 11 0.07481756 
882 402 15 19 0.07473872 
895 289 12 16 0.07455593 
150 254 8 10 0.0744332 
311 224 7 8 0.07438737 
545 262 10 13 0.07385653 
85 312 11 13 0.07382094 
56 427 22 23 0.07372583 
553 207 9 11 0.07360322 
970 330 14 16 0.07359175 
488 380 12 14 0.07341994 
635 485 20 28 0.073333934 
441 229 9 11 0.07327582 
921 268 9 11 0.07318921 
444 327 13 15 0.07252679 
103 349 14 17 0.07251913 
126 296 10 13 0.07242722 
525 290 11 14 0.07213673 
528 200 8 10 0.072003014 
904 246 10 13 0.0718647 
666 302 14 16 0.071826085 
343 293 10 13 0.071801424 
373 265 9 12 0.071604826 
161 209 7 8 0.07152069 
4 420 13 18 0.07150273 
301 304 11 13 0.07126172 
436 318 12 14 0.071228266 
346 210 6 8 0.07113861 
348 398 19 25 0.07100885 
894 191 10 12 0.07100443 
589 183 9 11 0.070662014 
397 315 11 15 0.07057098 
365 495 20 26 0.07029104 
505 284 12 14 0.07005615 
287 338 13 17 0.06986838 
626 477 22 30 0.069772184 
157 388 13 17 0.06942222 
151 335 10 13 0.06940814 
166 487 24 30 0.06939178 
802 357 16 19 0.06933338 
716 561 15 16 0.06926433 
562 329 14 18 0.06915598 
524 211 10 11 0.06874969 
1000 552 18 22 0.06871866 
615 200 11 14 0.068065695 
934 430 22 28 0.06806014 
109 433 15 19 0.06791529 
287 289 9 12 0.067913085 
461 424 16 22 0.06780016 
232 248 7 8 0.06757957 
103 238 8 10 0.06750676 
704 206 10 14 0.06747545 
358 484 14 19 0.06737484 
248 456 22 29 0.067212306 
242 322 15 17 0.06699982 
121 215 7 9 0.06679227 
911 229 11 14 0.06662306 
1001 228 16 19 0.06652763 
24 403 13 18 0.066506684 
255 233 7 10 0.06624312 
371 371 22 28 0.06619705 
190 239 7 10 0.06616739 
422 292 11 12 0.06606791 
975 238 11 14 0.06604175 
255 272 8 9 0.06587667 
795 221 12 15 0.06581835 
749 384 16 20 0.06578609 
321 276 9 11 0.065564975 
788 378 14 17 0.065520644 
447 220 10 12 0.06548476 
572 305 13 16 0.065446 
752 358 19 27 0.0651764 
270 262 8 11 0.06515734 
88 512 23 27 0.06493042 
25 287 8 10 0.0647018 
16 351 11 14 0.06464314 
151 410 15 19 0.06449542 
463 327 11 15 0.06433113 
895 354 14 16 0.064269245 
824 215 12 14 0.06426022 
121 306 11 13 0.06418497 
148 387 15 17 0.06407173 
391 247 8 10 0.06396235 
348 300 10 14 0.06370919 
371 233 8 10 0.063538656 
80 214 8 9 0.0633988 
618 262 12 15 0.06307432 
359 261 8 11 0.062903374 
280 293 9 11 0.06289954 
977 218 13 15 0.06262473 
454 325 12 15 0.062587254 
797 212 12 14 0.062542506 
329 241 8 9 0.062441465 
879 249 12 16 0.06226745 
877 212 13 15 0.062165506 
366 278 9 11 0.062099174 
725 243 13 16 0.06187235 
439 245 10 12 0.061609115 
322 255 8 10 0.061556373 
519 340 11 15 0.061501715 
734 416 21 29 0.061383657 
159 284 10 12 0.061250206 
764 356 20 26 0.06117934 
63 326 11 13 0.061164953 
597 252 12 14 0.061125297 
108 341 14 15 0.061046466 
431 316 11 13 0.06095722 
542 440 22 30 0.060906656 
407 223 9 11 0.0607617 
304 239 7 8 0.06064687 
66 287 8 11 0.06050742 
870 407 15 19 0.060479872 
391 253 9 11 0.060395297 
441 238 10 11 0.06029894 
167 269 8 10 0.060125414 
2 340 12 16 0.060121566 
5 285 9 12 0.059642132 
928 213 10 12 0.059636503 
397 308 12 15 0.05960872 
742 220 11 15 0.059584465 
952 254 10 14 0.059486 
841 255 15 20 0.059465438 
187 425 16 19 0.059456237 
240 280 9 11 0.05940997 
501 300 12 13 0.059319068 
949 213 10 12 0.059288334 
623 410 20 28 0.059228376 
198 318 10 13 0.05921918 
314 175 8 10 0.05919254 
264 333 12 15 0.05889842 
763 370 16 19 0.058771044 
302 378 21 28 0.058658987 
974 208 12 16 0.05855474 
15 238 7 8 0.05839338 
106 260 9 12 0.058316283 
681 266 13 17 0.058276456 
452 483 22 30 0.05810353 
184 303 8 11 0.058067597 
391 262 10 13 0.05804077 
4 355 14 18 0.05788855 
407 248 9 12 0.057880387 
648 191 8 11 0.0577602 
329 246 8 10 0.057576235 
273 437 21 28 0.05753068 
668 206 11 15 0.05743556 
567 230 9 12 0.0572648 
515 410 17 20 0.057200175 
560 236 10 12 0.057118587 
429 255 11 13 0.0571023 
165 280 9 11 0.057068367 
430 404 16 19 0.05697348 
708 204 11 13 0.056876507 
908 278 11 14 0.056790948 
264 207 7 9 0.05667663 
902 272 11 13 0.05662058 
58 264 6 9 0.05655185 
129 214 7 10 0.05653089 
95 457 19 23 0.056460533 
250 234 6 8 0.056370523 
117 276 9 11 0.056299776 
520 231 10 13 0.056239888 
407 228 9 11 0.056222666 
957 249 13 16 0.056144565 
569 223 8 10 0.055954248 
31 264 8 10 0.055735067 
542 212 9 11 0.05558912 
910 270 10 11 0.055459958 
386 208 7 9 0.05545108 
560 277 13 16 0.055397544 
140 286 10 12 0.055274174 
442 206 8 12 0.055251334 
29 329 13 16 0.055227544 
36 330 12 15 0.0552234 
48 287 8 10 0.055188566 
125 463 22 25 0.055180587 
926 237 11 14 0.055025972 
63 293 9 12 0.055012982 
300 340 13 15 0.054973047 
382 294 10 13 0.054948606 
1001 241 13 17 0.054852784 
380 334 12 15 0.05442947 
153 315 10 13 0.05438751 
559 318 12 16 0.05414879 
307 317 12 17 0.05386612 
595 267 12 15 0.05353396 
54 331 13 15 0.053520247 
628 375 16 20 0.053517852 
286 309 11 15 0.05351746 
958 479 16 20 0.053189926 
56 342 12 15 0.05318169 
462 285 12 14 0.053092413 
460 275 11 13 0.053012 
358 337 12 16 0.05299204 
904 323 13 18 0.052911215 
772 532 24 35 0.052862767 
117 399 15 17 0.052695308 
167 355 11 15 0.052629545 
375 473 26 29 0.05262657 
651 219 14 16 0.05228255 
224 322 10 13 0.052266844 
551 388 14 18 0.052248575 
782 260 12 16 0.05223769 
303 331 13 17 0.05222031 
202 215 7 9 0.052041 
453 378 12 17 0.051929824 
397 271 9 11 0.051867753 
604 212 12 16 0.0517625 
288 230 8 10 0.05170031 
72 256 8 10 0.051673867 
899 386 16 20 0.05161211 
747 233 12 15 0.051537257 
401 223 8 10 0.051498 
110 256 9 11 0.051483523 
684 246 11 14 0.05145967 
225 229 7 9 0.051247675 
961 471 22 29 0.051186875 
66 279 8 10 0.05093656 
22 538 29 37 0.05089015 
422 271 10 14 0.050884787 
127 350 11 13 0.05075298 
225 491 26 34 0.05073032 
852 222 11 15 0.050706927 
710 221 11 15 0.050693315 
389 239 7 10 0.050627332 
504 350 11 15 0.050595853 
245 299 12 14 0.0505012 
338 562 15 16 0.050478637 
994 429 17 21 0.050476976 
885 251 11 15 0.050461665 
805 207 10 13 0.050421607 
337 261 10 13 0.05041809 
39 254 7 10 0.050315887 
141 397 14 18 0.050271317 
230 348 13 16 0.050126944 
699 354 15 20 0.050014433 
819 370 14 17 0.050011557 
731 492 22 31 0.05001085 
5 280 8 11 0.050008744 
556 335 14 18 0.049886663 
197 270 9 12 0.049866654 
97 232 7 9 0.04969345 
165 370 12 15 0.04960154 
671 244 12 15 0.0495588 
504 210 9 12 0.04947085 
372 490 18 22 0.049464963 
518 503 27 36 0.049365222 
295 193 7 9 0.0493562 
753 526 19 22 0.04933948 
901 282 12 15 0.049302533 
510 341 11 14 0.04929565 
631 293 15 18 0.04926579 
472 235 9 11 0.049253732 
730 209 12 15 0.049243294 
279 351 18 24 0.04922535 
266 239 8 10 0.04918321 
134 317 11 15 0.04894924 
503 229 9 12 0.04884927 
535 393 19 25 0.04883576 
805 281 14 17 0.0486332 
352 215 7 9 0.04862859 
534 227 9 12 0.048567895 
795 375 15 18 0.04851034 
336 398 21 26 0.048503496 
655 174 9 12 0.04849145 
148 394 14 18 0.04840664 
227 256 8 9 0.04828911 
0 413 10 15 0.048269063 
479 208 9 12 0.048268322 
33 279 8 10 0.048243154 
163 444 15 17 0.048239578 
56 271 8 10 0.048168506 
142 198 8 9 0.04812569 
487 207 8 11 0.04798731 
768 221 19 24 0.047948048 
621 469 22 29 0.0478949 
911 222 9 12 0.04783352 
310 216 7 8 0.047773972 
552 318 12 15 0.0476997 
521 293 9 12 0.04754238 
337 200 6 7 0.04743618 
549 274 11 15 0.047372125 
314 231 6 8 0.04736893 
765 253 12 16 0.047337756 
272 454 24 31 0.04732749 
207 353 15 18 0.047235657 
676 360 15 20 0.047231235 
111 246 8 10 0.047195435 
650 233 14 16 0.04716665 
17 334 12 14 0.046978485 
557 267 12 14 0.046887305 
197 309 9 11 0.0467824 
305 211 7 7 0.04677886 
643 275 15 17 0.046606924 
256 277 8 10 0.04649438 
883 363 14 19 0.046494357 
396 394 13 16 0.046447616 
599 261 11 14 0.046411183 
5 334 10 14 0.046408206 
428 441 18 21 0.046365302 
206 324 11 13 0.046285167 
273 232 7 8 0.046252653 
301 354 14 18 0.046181727 
120 223 7 9 0.0460291 
35 373 13 16 0.045704447 
6 293 10 12 0.045547348 
73 316 11 13 0.04554389 
686 298 14 18 0.045420818 
110 222 8 10 0.04534765 
32 312 9 12 0.045205135 
207 214 7 9 0.04497259 
381 362 14 18 0.044893846 
881 227 11 14 0.044816047 
885 395 13 18 0.044790637 
668 362 15 20 0.0447415 
126 381 13 16 0.044721883 
45 318 10 13 0.044678193 
385 503 18 24 0.044631865 
105 231 8 10 0.04457431 
862 356 13 15 0.04455627 
152 236 8 11 0.044529628 
437 395 16 19 0.044511836 
497 229 8 11 0.044249784 
519 438 21 28 0.044177704 
594 331 15 18 0.04409819 
558 252 13 14 0.044078566 
595 487 23 30 0.043913744 
152 326 11 14 0.043881144 
375 209 7 9 0.043773796 
379 462 17 20 0.043687902 
790 258 13 19 0.043479837 
878 200 9 11 0.04347075 
391 396 12 15 0.043333642 
5 413 13 16 0.043177314 
944 283 11 15 0.04314884 
692 410 18 25 0.043140575 
957 378 17 20 0.0431049 
981 378 20 25 0.043091487 
866 308 14 16 0.043056536 
304 231 8 9 0.043023888 
634 353 18 21 0.042946007 
548 471 30 36 0.04290395 
906 373 15 19 0.0428538 
263 325 11 15 0.042801682 
928 208 9 11 0.042752318 
493 333 12 15 0.042547286 
59 300 10 14 0.042543653 
405 396 14 18 0.042493798 
414 466 25 31 0.042485494 
951 207 10 13 0.04244845 
121 199 7 9 0.042399455 
449 309 11 14 0.042358283 
223 272 8 10 0.042252503 
957 206 13 15 0.042221162 
291 333 13 16 0.042211942 
474 389 16 20 0.041976463 
127 428 13 18 0.041936025 
208 288 9 11 0.041911725 
214 269 9 10 0.041829955 
371 310 12 15 0.041805167 
868 246 11 14 0.041754946 
740 529 29 33 0.041729476 
478 269 11 12 0.041719377 
537 213 8 10 0.041689172 
53 306 12 13 0.04167453 
232 261 7 10 0.041637145 
416 341 11 14 0.04162929 
110 215 8 10 0.0416022 
505 193 7 8 0.041560125 
477 318 13 14 0.041519117 
54 289 9 10 0.04133426 
446 229 9 11 0.04130938 
272 207 7 9 0.041293085 
952 220 9 12 0.041262362 
432 246 9 10 0.041219577 
173 262 9 11 0.041210704 
440 253 10 13 0.04118856 
903 231 9 13 0.041095525 
83 507 18 22 0.041071616 
643 339 13 17 0.041049957 
844 507 23 28 0.040981967 
23 319 11 13 0.040977888 
889 189 9 12 0.040923618 
822 489 15 20 0.040807765 
244 309 19 21 0.04074891 
1002 219 14 17 0.04073998 
622 245 10 14 0.04073756 
342 286 10 13 0.040649008 
332 279 9 11 0.040603142 
638 324 14 17 0.040581174 
123 397 14 18 0.04057483 
720 211 13 16 0.040550925 
757 205 10 14 0.04054266 
382 200 7 8 0.040531784 
163 331 11 13 0.04049207 
147 215 7 9 0.040465094 
112 296 9 10 0.040445417 
678 273 15 18 0.04042226 
495 300 12 14 0.040414747 
871 210 12 15 0.0404052 
783 219 13 15 0.040371347 
536 282 18 23 0.04033405 
564 254 12 14 0.040316112 
524 249 13 16 0.04012867 
784 205 12 14 0.040090907 
77 521 26 30 0.04004021 
475 254 11 12 0.040015757 
288 202 8 9 0.039976228 
565 270 13 17 0.039844304 
213 511 23 31 0.03982081 
155 378 14 17 0.039736357 
277 408 16 21 0.039717097 
473 222 9 10 0.0396417 
256 436 19 23 0.039566822 
144 370 13 16 0.03953133 
444 350 12 15 0.03951637 
581 340 14 17 0.039495915 
334 285 10 12 0.03947717 
654 260 12 15 0.039432544 
660 220 12 15 0.039396267 
49 271 8 9 0.03939556 
1007 214 11 13 0.039385486 
23 325 10 13 0.039349053 
160 221 8 9 0.03927951 
416 221 8 10 0.03925482 
343 276 10 12 0.039235357 
695 246 13 17 0.039227843 
784 213 20 24 0.039226 
192 285 10 12 0.039190505 
11 451 14 21 0.03917226 
517 490 25 33 0.039116636 
523 272 18 23 0.03901159 
611 519 26 37 0.039001476 
622 253 11 15 0.038999062 
573 339 12 16 0.03899358 
528 222 11 13 0.038976282 
45 341 11 16 0.03896234 
816 455 16 21 0.038919874 
167 214 7 9 0.0389107 
265 232 6 9 0.038866095 
201 189 8 11 0.038836323 
264 434 22 30 0.038810477 
208 207 7 9 0.03878015 
198 262 8 11 0.038775917 
191 304 9 12 0.038716972 
321 248 8 9 0.03863262 
185 207 7 9 0.038614657 
417 216 7 9 0.0384873 
544 254 9 12 0.038443573 
310 256 8 10 0.038348924 
194 498 25 32 0.038339622 
50 380 14 16 0.038323294 
64 263 7 9 0.038312905 
280 225 7 9 0.03827389 
358 349 11 14 0.03823876 
185 263 7 10 0.038210366 
33 255 8 9 0.03819102 
98 237 8 10 0.03807759 
141 318 10 14 0.03803215 
901 260 11 13 0.038025886 
77 375 16 17 0.037956066 
63 547 14 20 0.037935387 
216 229 7 9 0.037910506 
105 246 8 10 0.03786972 
416 291 10 11 0.03782452 
72 378 19 24 0.0377337 
10 231 7 10 0.03763306 
229 302 10 13 0.037621826 
501 340 12 15 0.037598427 
233 200 6 8 0.037513655 
565 292 13 16 0.03729743 
384 243 9 11 0.037296947 
581 379 14 18 0.037188463 
478 222 9 11 0.03717653 
160 272 8 11 0.037172712 
88 255 8 11 0.03713148 
385 271 9 13 0.03710846 
559 200 9 12 0.0370849 
242 216 6 8 0.03707274 
152 296 9 11 0.037070278 
30 377 15 18 0.03703943 
258 261 8 10 0.037034277 
423 240 8 11 0.0369422 
434 420 23 28 0.03692192 
395 354 13 18 0.03686846 
901 236 10 13 0.036807697 
869 358 13 16 0.036753576 
661 210 14 17 0.036715057 
327 284 10 12 0.036710758 
813 276 12 15 0.03662871 
385 213 8 10 0.03662436 
640 207 13 16 0.036577936 
273 224 7 8 0.03652758 
190 205 8 10 0.03645899 
135 334 11 13 0.036455475 
571 261 12 14 0.03640853 
957 408 21 25 0.03639715 
807 239 15 17 0.036323488 
321 239 7 9 0.03629445 
96 318 11 14 0.036275726 
756 392 21 29 0.036203165 
239 270 9 10 0.036198348 
166 350 11 14 0.03603207 
630 268 12 16 0.0359721 
128 449 21 25 0.035849847 
2 308 8 12 0.03584326 
406 364 12 16 0.03583332 
793 394 17 22 0.035832793 
762 219 11 16 0.03580321 
166 474 19 27 0.035704106 
876 258 13 16 0.035628792 
645 352 15 19 0.035616763 
129 208 7 8 0.035616506 
120 230 8 10 0.035609078 
266 249 8 10 0.035584353 
156 370 14 18 0.03553687 
601 340 14 20 0.035502892 
580 361 15 19 0.035484944 
688 191 8 11 0.035476573 
486 268 10 13 0.03544317 
229 324 12 15 0.035438556 
424 253 9 12 0.035416838 
264 269 9 11 0.035342854 
897 362 16 20 0.035284743 
285 431 22 29 0.035249304 
516 385 14 18 0.035241373 
718 292 16 18 0.035220113 
714 272 17 19 0.0351795 
253 322 12 16 0.03517567 
339 411 21 29 0.035160817 
958 238 18 24 0.035098843 
586 304 20 24 0.035068557 
441 224 10 11 0.035062987 
216 343 12 15 0.03495176 
631 213 11 15 0.034940675 
263 281 9 11 0.034790285 
935 334 12 16 0.03478013 
636 222 21 24 0.03475237 
879 348 11 14 0.034735996 
216 306 10 13 0.034656066 
231 286 8 11 0.03464557 
250 255 7 10 0.034643047 
773 251 12 16 0.03459641 
965 207 13 17 0.034555912 
559 246 11 13 0.03443755 
496 208 8 11 0.034393325 
529 438 22 28 0.03438545 
352 223 8 9 0.034382563 
794 265 15 19 0.034372266 
719 529 31 33 0.03432425 
860 349 12 14 0.034310374 
524 406 14 20 0.03420866 
461 490 21 28 0.03414173 
231 230 7 9 0.03413759 
565 235 11 12 0.03412547 
721 306 15 19 0.034106754 
635 284 17 19 0.034068942 
0 407 9 15 0.034060765 
240 310 10 14 0.034012984 
377 222 7 9 0.03394675 
1 324 9 12 0.033894107 
469 318 14 17 0.033884842 
711 441 23 30 0.033875886 
339 372 14 17 0.03386902 
565 260 12 14 0.03386243 
231 240 7 10 0.033805273 
65 224 7 10 0.033718154 
153 284 9 11 0.03363355 
397 363 13 17 0.03362068 
431 351 13 17 0.03361348 
268 338 13 16 0.03360417 
63 272 8 10 0.03353583 
351 208 7 8 0.033532035 
233 476 20 24 0.033457097 
63 386 14 18 0.033224024 
470 287 10 14 0.033139914 
214 325 10 13 0.03313133 
995 537 29 42 0.03312996 
37 312 11 13 0.03309674 
893 389 13 17 0.033094905 
387 428 18 22 0.03309085 
442 413 17 22 0.03306915 
28 336 12 16 0.033051755 
116 351 12 15 0.032990117 
79 239 8 11 0.032939073 
327 224 7 9 0.0329098 
16 271 8 10 0.0328594 
209 223 7 9 0.03285813 
562 302 19 22 0.03283052 
342 256 10 12 0.03278434 
283 326 12 16 0.032752477 
748 219 11 14 0.032745656 
834 216 12 14 0.03268908 
980 207 12 14 0.032619253 
740 352 17 22 0.032617267 
183 285 9 12 0.032594167 
402 208 7 9 0.0325728 
824 497 23 28 0.032567263 
856 244 11 15 0.032520376 
10 248 6 8 0.032501698 
241 207 7 9 0.032467324 
546 291 12 15 0.0324141 
445 254 10 12 0.03236301 
151 232 8 11 0.032354407 
9 238 7 9 0.032353956 
243 470 23 29 0.032325137 
225 207 7 9 0.03230724 
878 358 13 16 0.032193787 
155 407 22 28 0.032128446 
278 263 9 11 0.032103565 
296 232 7 9 0.03206795 
646 196 9 12 0.03204313 
352 257 9 10 0.032020163 
527 323 14 16 0.032018434 
501 245 10 11 0.031972624 
544 279 11 14 0.031942245 
542 367 13 16 0.03194032 
518 394 16 21 0.031908378 
65 542 23 30 0.031908087 
819 181 9 12 0.031859424 
494 308 12 15 0.031858087 
274 216 7 9 0.031799097 
246 486 21 25 0.031769216 
111 230 8 10 0.031763006 
304 198 7 9 0.031752642 
953 418 22 27 0.031719547 
102 398 13 17 0.0317127 
444 298 11 14 0.03170944 
356 503 18 26 0.031695757 
784 443 21 28 0.03156621 
112 207 7 8 0.0315458 
660 257 14 17 0.03147812 
511 223 8 10 0.03140541 
139 441 16 20 0.031376835 
0 549 10 16 0.031310614 
118 265 9 11 0.03129657 
565 337 14 18 0.031289987 
511 198 8 11 0.031259805 
66 352 14 18 0.031242872 
217 225 7 9 0.031185122 
566 200 9 11 0.03115568 
565 211 10 12 0.03115327 
101 359 15 18 0.03113504 
111 302 10 12 0.031122096 
442 476 21 30 0.031115644 
72 532 30 33 0.03108191 
134 215 8 9 0.031045824 
256 214 7 8 0.031018622 
249 271 8 10 0.03100921 
639 314 12 16 0.030992847 
364 336 13 17 0.030966386 
676 385 15 19 0.030961232 
613 375 17 23 0.030933654 
188 321 19 24 0.03089064 
224 225 7 9 0.030863483 
485 230 8 12 0.030797932 
422 326 11 13 0.030784514 
373 254 9 11 0.030758113 
999 285 13 15 0.030725535 
749 211 11 15 0.030697044 
508 278 11 15 0.030694477 
662 402 14 18 0.030654611 
232 207 6 8 0.030592924 
137 270 9 12 0.030578645 
248 214 7 9 0.03055669 
28 300 11 13 0.030551609 
497 436 25 34 0.030535977 
182 494 24 31 0.030475957 
438 200 8 10 0.030431658 
427 201 7 9 0.030417306 
750 522 41 46 0.030410448 
431 360 14 18 0.03039133 
483 294 11 14 0.030325467 
281 562 16 15 0.030310849 
111 331 11 14 0.030298539 
399 412 14 19 0.030272914 
405 303 12 13 0.03025391 
572 228 10 12 0.03020378 
165 379 13 17 0.030203134 
369 245 8 11 0.03019724 
793 444 22 28 0.030166617 
934 209 9 12 0.030157074 
670 250 14 17 0.030143298 
117 332 12 14 0.030142274 
408 211 8 10 0.030112356 
931 210 19 24 0.030105287 
53 325 11 14 0.030053696 
240 264 8 9 0.03002377 
79 416 16 20 0.030021708 
209 230 7 10 0.030000215 
226 245 7 9 0.029984273 
889 445 17 23 0.02997061 
781 292 14 18 0.029958773 
195 276 10 12 0.029922362 
200 182 9 10 0.029888429 
444 425 16 20 0.02988437 
329 297 19 22 0.029871378 
298 254 7 10 0.029867081 
359 222 8 9 0.029844416 
138 475 14 17 0.029841684 
44 382 21 26 0.029829966 
257 286 9 12 0.029797213 
143 293 9 11 0.029785974 
504 237 9 12 0.029758144 
744 215 11 13 0.029739339 
368 255 9 11 0.029736402 
376 279 10 11 0.029735954 
105 206 7 9 0.029731285 
68 364 13 15 0.029702645 
313 239 7 9 0.029699499 
526 226 11 14 0.029619621 
508 302 12 13 0.029520037 
804 466 24 31 0.029486457 
650 483 25 31 0.029442064 
323 209 7 8 0.029427474 
0 317 9 13 0.029423585 
337 232 7 9 0.029393012 
400 247 8 11 0.02938228 
69 324 11 14 0.02933567 
845 517 24 34 0.029322926 
492 535 29 42 0.029305799 
80 221 8 10 0.029209375 
178 497 16 21 0.029142 
24 280 7 10 0.029135685 
337 258 19 23 0.029130705 
856 369 15 19 0.029105604 
551 333 13 16 0.028945709 
143 277 9 11 0.028885495 
232 215 6 8 0.028834645 
457 247 8 10 0.028820043 
670 189 9 11 0.028803157 
421 359 14 16 0.028732536 
587 362 14 19 0.02870986 
296 197 7 9 0.028681362 
884 410 15 17 0.02867451 
712 266 13 16 0.028664498 
730 447 17 22 0.02865709 
517 316 11 14 0.028605815 
167 310 10 14 0.028554587 
463 252 10 12 0.028551305 
930 222 11 14 0.028544562 
264 225 7 9 0.028506327 
952 238 11 14 0.028490016 
269 481 27 33 0.028488025 
193 415 18 24 0.028471475 
345 223 7 9 0.028414398 
8 540 28 31 0.028413909 
199 371 14 18 0.028389275 
296 303 11 13 0.028343573 
617 216 14 17 0.028332843 
759 213 11 16 0.028302573 
411 253 11 12 0.02827003 
770 516 23 37 0.028241485 
410 277 9 11 0.02822665 
543 182 9 11 0.028224792 
49 309 10 12 0.028214566 
728 538 31 33 0.028205862 
341 380 13 17 0.028192062 
381 317 12 16 0.028189806 
286 301 11 13 0.028177302 
766 345 21 28 0.028176734 
497 292 11 14 0.028144628 
471 259 11 13 0.02812507 
486 310 12 14 0.028123565 
176 304 9 11 0.028110724 
134 396 14 19 0.028063897 
361 245 8 10 0.028050482 
904 220 10 13 0.028049456 
225 240 8 9 0.028029928 
8 254 8 10 0.027978119 
577 181 8 10 0.02794493 
279 309 12 15 0.027943958 
207 308 10 12 0.02786064 
907 471 24 31 0.027851703 
462 292 12 14 0.02782983 
14 247 8 10 0.027827712 
449 263 10 13 0.027819613 
621 364 13 17 0.027818544 
581 207 10 13 0.027785884 
78 270 9 11 0.027760532 
659 355 15 19 0.02773798 
154 482 25 31 0.027731016 
814 535 16 22 0.027725779 
257 223 7 9 0.027637795 
532 270 12 15 0.027618578 
365 379 17 22 0.027600897 
294 383 16 22 0.027596317 
909 292 10 14 0.027593853 
172 291 10 13 0.027550563 
890 196 8 11 0.027506927 
375 244 10 11 0.02749245 
3 388 15 20 0.02742883 
93 342 12 15 0.027427439 
554 364 14 17 0.027397051 
474 444 27 35 0.027356543 
774 446 24 29 0.027276604 
869 258 12 16 0.027273325 
153 458 20 25 0.027264275 
319 193 7 9 0.027245004 
668 394 15 19 0.027242262 
239 255 8 10 0.027190834 
357 487 20 28 0.027147323 
191 230 8 10 0.027125193 
966 462 22 29 0.027108679 
164 386 13 18 0.027100975 
510 231 9 12 0.027093222 
541 434 16 23 0.027046356 
184 363 11 15 0.027033618 
108 397 15 18 0.027016506 
241 232 6 8 0.027011722 
866 470 22 28 0.026999218 
576 311 21 24 0.026997194 
979 244 12 15 0.026978152 
656 308 13 18 0.026964387 
478 262 11 13 0.02695746 
711 280 14 18 0.026849782 
0 540 10 16 0.026846461 
877 366 19 26 0.026827017 
297 224 6 9 0.026805686 
380 528 16 21 0.02678784 
1011 552 13 19 0.026758706 
337 214 7 9 0.02673436 
278 238 7 9 0.026733415 
645 395 14 19 0.026731841 
359 240 8 10 0.02669651 
111 239 8 11 0.02660896 
803 405 19 25 0.02658423 
621 368 19 23 0.026489474 
374 297 11 13 0.026453916 
71 223 7 10 0.02644825 
412 201 9 11 0.02643912 
311 247 8 10 0.026395284 
169 423 22 25 0.026394157 
28 441 15 21 0.026375337 
2 279 8 12 0.026339397 
283 404 15 20 0.026313502 
226 216 6 8 0.026236016 
871 268 11 15 0.026222369 
350 333 14 16 0.026207842 
22 306 11 13 0.026128026 
573 332 13 17 0.026127322 
22 422 18 21 0.026097704 
319 198 6 9 0.026075564 
509 380 14 19 0.026039217 
38 345 13 18 0.026029635 
354 200 7 9 0.02601076 
947 340 21 27 0.026010273 
894 368 14 18 0.0259574 
907 342 12 16 0.025951354 
265 462 26 34 0.02591002 
450 261 18 23 0.025904758 
182 293 10 12 0.02590337 
710 213 12 15 0.025867138 
564 313 19 23 0.025844 
956 258 13 16 0.025740618 
214 257 8 11 0.025730848 
40 249 7 9 0.025727646 
587 379 16 20 0.025665775 
562 183 8 10 0.025662502 
451 428 21 28 0.025660278 
963 337 17 21 0.025624804 
65 255 8 10 0.025608415 
388 335 13 15 0.025592253 
46 280 9 10 0.025574327 
964 231 11 13 0.025539165 
926 255 11 15 0.025503885 
501 487 28 32 0.025455436 
389 419 15 19 0.025434652 
121 207 6 9 0.025427153 
279 214 7 9 0.025334915 
635 259 15 17 0.025334124 
710 335 17 20 0.02530337 
287 264 9 10 0.025290906 
365 348 12 15 0.025286734 
812 394 17 21 0.025264459 
12 365 13 17 0.02525111 
89 285 9 12 0.02525072 
159 238 8 10 0.025232607 
819 228 14 17 0.025218127 
280 302 10 13 0.025115203 
146 208 7 9 0.025098396 
606 268 12 16 0.02509827 
546 406 16 21 0.02508879 
731 285 14 18 0.025079036 
455 253 10 11 0.025076823 
276 468 26 33 0.025046783 
17 279 7 9 0.025027335 
296 239 6 8 0.025021216 
241 223 6 9 0.025009403 
488 222 9 12 0.0249917 
143 192 8 10 0.024944343 
759 259 13 18 0.024938643 
715 553 30 26 0.024805985 
854 348 12 15 0.024790695 
544 189 9 10 0.024730897 
892 310 12 14 0.024729641 
199 303 10 12 0.024690583 
686 233 14 16 0.024661038 
112 199 8 9 0.024654686 
486 213 9 11 0.024591822 
768 439 22 29 0.024574248 
110 284 9 11 0.024531776 
494 238 10 12 0.024519289 
80 208 8 9 0.024519222 
378 426 21 27 0.024490096 
286 470 28 37 0.024483973 
616 530 29 43 0.02444229 
566 183 9 10 0.024432367 
318 181 8 10 0.02442625 
520 221 9 12 0.024421455 
445 288 10 14 0.024416458 
663 206 20 26 0.024398778 
186 256 8 10 0.024375362 
365 399 21 27 0.024352124 
798 341 12 16 0.02433264 
138 199 7 10 0.024312379 
109 308 11 13 0.024306143 
185 230 8 10 0.024262 
248 223 7 9 0.024257047 
87 414 22 29 0.024242735 
443 213 9 11 0.024241809 
290 239 6 9 0.024236767 
313 194 7 9 0.024231805 
100 411 21 27 0.024214655 
549 251 12 14 0.024211295 
116 458 21 26 0.024191182 
409 286 10 11 0.024185983 
898 470 22 29 0.02413957 
706 200 9 12 0.024086943 
184 327 11 14 0.024085885 
177 281 8 10 0.024045901 
127 200 7 9 0.024011048 
863 316 14 17 0.024004001 
693 549 24 28 0.023993036 
135 207 7 9 0.02398301 
373 364 15 19 0.023978278 
830 187 9 13 0.023967719 
910 484 28 35 0.023957442 
159 468 12 16 0.023918012 
886 258 13 16 0.02391556 
78 257 9 12 0.02391338 
322 214 7 9 0.02391252 
281 288 8 11 0.023901474 
343 243 10 12 0.023875562 
102 435 13 17 0.023873381 
69 246 9 11 0.023867756 
55 247 8 10 0.02386378 
217 207 6 9 0.02386228 
67 334 13 13 0.023833873 
843 246 12 16 0.023827868 
764 266 14 19 0.023810074 
535 371 13 17 0.023769429 
206 363 15 18 0.023756387 
117 439 21 26 0.023755034 
458 464 23 30 0.023747915 
127 262 8 10 0.023730345 
62 308 10 13 0.02370049 
652 276 12 16 0.023675082 
496 209 17 22 0.023665607 
216 245 7 9 0.023591 
454 200 9 11 0.023559015 
510 536 28 37 0.023549473 
167 441 20 26 0.02353905 
510 400 15 19 0.02353811 
27 499 21 27 0.02350979 
754 377 19 24 0.023493104 
770 365 17 22 0.023448927 
54 405 15 20 0.023437995 
669 198 9 13 0.02342397 
256 248 7 10 0.02342395 
871 449 17 21 0.023416646 
567 486 27 35 0.023392173 
5 554 16 19 0.023385245 
715 283 16 18 0.023378996 
486 263 9 12 0.0233434 
676 282 15 17 0.023343062 
186 354 14 16 0.02333038 
37 339 13 16 0.023325708 
311 301 10 12 0.023310797 
201 232 6 9 0.023305055 
999 295 22 28 0.023304489 
671 183 9 12 0.023296518 
533 253 11 14 0.023287136 
88 279 8 11 0.023275109 
328 165 7 10 0.02327244 
374 346 13 16 0.023253402 
421 476 25 30 0.023252456 
812 387 14 18 0.02325116 
885 225 19 24 0.023241036 
20 447 19 27 0.02320519 
778 275 13 18 0.023156023 
916 348 14 17 0.023121983 
541 297 13 15 0.023061197 
732 227 13 17 0.023052862 
677 238 13 16 0.023014128 
942 347 15 21 0.022945428 
234 344 15 18 0.02293094 
400 253 9 11 0.0229306 
97 315 19 23 0.022906447 
695 255 14 18 0.022897774 
331 311 18 22 0.02288932 
265 316 11 14 0.022878347 
9 224 7 8 0.022865903 
583 287 12 15 0.02284332 
223 311 18 20 0.022828724 
957 221 10 12 0.02282256 
49 248 8 10 0.022817185 
288 214 7 8 0.02280526 
645 260 15 16 0.022805039 
869 337 12 16 0.022739073 
551 199 9 11 0.022691375 
298 248 7 9 0.022679418 
39 405 21 29 0.022678657 
917 364 14 17 0.022677563 
100 498 17 19 0.022677217 
120 246 7 10 0.022579486 
380 273 17 22 0.022579309 
878 399 13 17 0.022544468 
344 201 7 8 0.022541465 
22 431 16 20 0.022535633 
616 496 24 31 0.02251608 
537 181 8 11 0.02250528 
369 215 8 10 0.022490278 
315 203 247 250 0.022479158 
217 333 11 13 0.022455294 
676 479 28 36 0.022431228 
398 514 37 47 0.022405958 
435 373 14 18 0.022397693 
812 363 13 18 0.022393672 
838 226 12 15 0.022381062 
517 301 11 12 0.022371227 
650 348 16 20 0.022367263 
241 239 7 9 0.022362713 
829 237 12 15 0.022356223 
146 489 26 31 0.02235428 
959 554 16 20 0.022352064 
279 256 8 10 0.022287458 
896 205 8 11 0.02226919 
187 500 14 20 0.022258919 
695 207 11 14 0.02220373 
891 401 15 20 0.022194372 
256 361 18 26 0.022188285 
653 358 20 27 0.0221672 
933 254 9 12 0.022083834 
130 280 9 10 0.022074994 
152 443 20 25 0.02204855 
868 301 13 15 0.022031296 
161 282 18 21 0.022016043 
208 198 7 9 0.02200975 
974 225 11 14 0.022004748 
253 305 11 14 0.02195066 
217 281 9 11 0.021938462 
855 251 12 17 0.0218767 
115 521 14 18 0.02184469 
86 214 7 9 0.02183543 
493 373 14 16 0.021835236 
583 247 9 12 0.021809043 
969 206 21 26 0.02179957 
472 269 11 12 0.02179601 
327 231 7 9 0.021760354 
106 270 8 11 0.021753764 
488 199 7 9 0.021713328 
221 330 20 24 0.02164579 
910 206 9 11 0.0216403 
864 191 9 11 0.021631727 
477 289 12 14 0.0215812 
10 350 19 26 0.021562481 
660 228 12 15 0.021557486 
924 223 18 24 0.021543598 
328 162 8 9 0.021542694 
870 457 23 28 0.021528034 
990 215 11 14 0.021512292 
454 283 12 14 0.021430138 
538 548 20 22 0.021384878 
408 272 9 12 0.021348266 
388 403 14 17 0.021320986 
919 255 18 24 0.021314073 
101 443 14 18 0.021310791 
664 180 9 12 0.02130813 
743 428 24 32 0.021293875 
206 191 8 10 0.02128324 
682 360 16 21 0.021276435 
944 208 9 13 0.021236155 
49 292 18 22 0.021235967 
24 255 8 9 0.02121686 
175 248 8 10 0.021143897 
126 271 8 10 0.02110993 
810 428 17 21 0.021092685 
374 420 13 18 0.0210851 
434 434 18 21 0.021050632 
217 216 6 8 0.021045579 
336 209 7 9 0.021025993 
638 371 19 26 0.021008227 
217 506 17 24 0.021004943 
149 263 9 12 0.021004798 
412 260 10 13 0.020993117 
292 424 24 31 0.02095843 
573 254 11 13 0.02092514 
15 291 19 22 0.020910608 
23 237 7 10 0.020906499 
239 296 12 15 0.020805907 
759 157 8 10 0.020787355 
379 394 15 18 0.020771645 
348 323 13 15 0.020770561 
829 177 8 10 0.020768633 
844 499 17 20 0.020763857 
334 392 16 21 0.0207571 
177 209 7 8 0.020735368 
844 235 12 15 0.020732278 
128 256 8 9 0.020708472 
935 225 20 26 0.020700939 
884 351 12 14 0.020697905 
659 503 28 37 0.020682435 
92 297 19 23 0.02068124 
230 279 9 13 0.020674007 
367 366 13 16 0.020673096 
620 200 11 13 0.020662712 
347 494 21 27 0.020652821 
93 426 14 18 0.020642951 
967 150 8 11 0.020620883 
838 464 25 29 0.02058882 
164 401 15 20 0.020586161 
808 182 8 10 0.02057372 
128 239 9 10 0.020554066 
908 466 16 21 0.020553526 
656 206 11 15 0.020507267 
926 432 16 21 0.020504428 
77 364 13 15 0.02047964 
960 386 21 26 0.020473817 
0 442 10 17 0.020463776 
637 232 14 16 0.020461438 
224 262 8 10 0.020437082 
649 174 9 12 0.020436438 
260 305 17 24 0.02039325 
496 245 9 11 0.020381112 
337 224 7 9 0.02036032 
165 460 14 18 0.02034833 
388 411 14 18 0.020341935 
381 408 14 18 0.020336848 
782 200 11 13 0.020325085 
876 266 11 14 0.020282065 
701 358 20 26 0.020248508 
627 249 19 25 0.020215368 
65 405 16 19 0.0202135 
733 201 10 12 0.020211067 
294 494 20 25 0.020207338 
804 461 17 23 0.020195764 
416 401 21 26 0.020177836 
561 221 9 11 0.02017205 
462 246 9 11 0.020169996 
781 267 12 16 0.020165687 
491 387 15 18 0.02016463 
470 423 24 31 0.02016402 
816 444 16 19 0.020156456 
288 225 8 9 0.020151025 
948 291 11 14 0.02012543 
161 264 9 10 0.020101981 
386 360 15 19 0.020085458 
250 247 6 9 0.02007121 
152 221 7 10 0.020059047 
30 387 15 18 0.020058783 
490 490 23 30 0.02005222 
411 272 17 21 0.020042567 
135 310 11 14 0.020034354 
622 238 11 14 0.020021422 
267 312 18 22 0.020019408 
