2_Demonstration_Demonstration_Or_Protest_2_606
83
902 260 61 69 0.9996706 
761 255 62 72 0.99892324 
215 296 46 60 0.9982502 
540 300 92 122 0.9963397 
631 240 58 68 0.995415 
711 258 33 45 0.994592 
187 248 27 35 0.99453074 
330 279 84 110 0.9905434 
217 240 39 44 0.9896353 
45 251 45 53 0.9852267 
508 244 32 54 0.9848958 
708 220 23 29 0.9819739 
827 236 36 49 0.973917 
998 280 26 51 0.92536914 
742 273 35 51 0.9066836 
150 255 24 29 0.86775947 
299 224 49 60 0.8478098 
7 282 37 39 0.8263071 
109 309 40 39 0.8133322 
283 233 33 39 0.8113487 
446 224 28 45 0.8087038 
115 240 20 26 0.38125953 
264 164 13 17 0.20018718 
94 231 23 31 0.14648129 
260 201 14 18 0.1383755 
124 102 22 28 0.1024314 
82 228 27 33 0.09166991 
106 235 21 29 0.063950635 
279 190 64 86 0.05785818 
471 239 43 61 0.054112896 
128 295 32 33 0.052604835 
512 250 49 65 0.051233675 
713 228 30 36 0.04958086 
977 158 9 12 0.047531497 
133 65 15 18 0.044675417 
68 259 36 39 0.044145215 
56 220 9 12 0.044035587 
425 215 8 10 0.03963015 
640 204 11 15 0.039198224 
198 243 40 50 0.037497856 
140 75 12 16 0.035941605 
253 194 23 29 0.035488818 
615 203 12 15 0.03395617 
153 246 17 19 0.03295694 
69 64 9 11 0.03236592 
128 243 15 20 0.03183705 
140 83 12 15 0.03164985 
981 157 9 11 0.030800166 
46 231 9 12 0.030703546 
79 47 10 14 0.029841855 
52 213 10 13 0.029818473 
88 263 28 36 0.028655004 
192 236 24 34 0.028060064 
262 171 48 61 0.027744886 
4 294 36 50 0.027711013 
233 232 43 50 0.027705979 
-1 261 38 53 0.027295802 
140 293 17 20 0.027256748 
964 240 11 14 0.02647756 
695 206 10 13 0.025301415 
213 221 25 29 0.025087813 
1 258 11 17 0.024721444 
466 225 28 38 0.024345845 
164 254 24 30 0.02345878 
1014 46 9 14 0.022996861 
518 228 184 204 0.02252168 
84 47 11 15 0.022346696 
59 221 11 13 0.02230831 
447 225 17 26 0.02214202 
147 267 20 24 0.022008833 
125 189 10 13 0.021923749 
57 152 9 10 0.021812527 
253 162 22 28 0.021669898 
43 235 12 16 0.021621836 
199 126 9 12 0.021239307 
327 248 63 79 0.021039935 
99 229 16 18 0.020973647 
289 234 19 26 0.020650214 
701 226 16 21 0.02059199 
294 149 8 11 0.020427503 
655 254 36 39 0.020283107 
72 47 10 12 0.020073954 
686 203 11 14 0.02006212 
