2_Demonstration_Political_Rally_2_584
26
651 499 123 152 0.9984901 
206 190 39 50 0.981835 
257 676 107 196 0.19757813 
118 653 147 217 0.12875444 
21 560 75 123 0.1004959 
240 410 43 58 0.09595975 
79 694 90 124 0.073207386 
81 145 32 41 0.06761676 
893 538 27 32 0.06271634 
843 87 19 23 0.044592336 
770 601 46 59 0.04352887 
743 1132 55 78 0.043175876 
599 420 207 261 0.04089685 
425 522 16 20 0.03908222 
858 511 26 33 0.03874612 
710 1099 83 119 0.035684865 
-8 66 213 252 0.032760613 
184 664 148 206 0.031917475 
889 468 18 23 0.026173389 
881 543 31 37 0.024268713 
72 442 29 34 0.022613302 
476 586 405 526 0.022378016 
869 562 32 36 0.021039546 
-2 648 174 227 0.020553088 
423 543 55 66 0.02047573 
907 546 18 25 0.020033024 
