2_Demonstration_Demonstrators_2_712
91
890 423 34 47 0.99687696 
767 483 33 46 0.9742313 
651 530 47 58 0.9677862 
701 535 27 31 0.89132005 
111 567 30 39 0.8610163 
993 379 30 39 0.46183294 
643 194 11 13 0.34501636 
740 41 45 38 0.2770713 
553 266 24 33 0.1400749 
5 450 51 58 0.12350733 
176 629 36 37 0.10780865 
686 523 15 19 0.09865185 
276 364 13 16 0.09269682 
754 540 30 53 0.083091445 
266 334 12 14 0.079227075 
236 329 419 493 0.07918021 
773 422 14 18 0.078623384 
43 98 12 15 0.078396976 
135 535 10 12 0.06893121 
718 446 13 18 0.06477266 
455 588 12 16 0.064246684 
855 433 24 29 0.0626976 
161 452 202 295 0.059150085 
733 26 15 18 0.05455253 
288 344 9 11 0.05349257 
688 525 24 31 0.05321825 
118 541 12 14 0.052242037 
746 439 25 32 0.05179129 
698 517 29 37 0.04990428 
118 509 11 14 0.049334083 
340 372 13 15 0.04694828 
796 99 15 21 0.043055914 
348 369 11 13 0.04249145 
39 94 13 16 0.042301066 
995 362 29 39 0.039529942 
897 57 31 38 0.03761654 
735 465 13 17 0.03691114 
398 248 57 62 0.036513984 
701 547 29 36 0.033668593 
84 364 343 453 0.03341304 
803 415 15 22 0.032994665 
733 22 30 32 0.032541804 
916 24 11 15 0.031089302 
621 191 11 13 0.03078629 
350 326 11 13 0.030627929 
957 460 16 23 0.03040711 
743 419 26 31 0.030078974 
724 423 11 15 0.030017117 
753 442 15 17 0.029950412 
781 99 25 30 0.029919062 
126 532 11 14 0.029721601 
865 434 15 18 0.029710012 
497 578 14 18 0.029665478 
716 551 26 35 0.029456511 
325 371 10 12 0.028088257 
628 211 13 15 0.027615242 
679 531 43 53 0.027517544 
125 526 10 13 0.026734736 
809 501 43 66 0.02661031 
749 417 14 17 0.025539735 
777 484 42 53 0.025520988 
673 518 27 33 0.025340807 
363 535 11 13 0.025333844 
287 604 10 13 0.02510296 
598 370 14 16 0.025053492 
606 261 10 13 0.023918146 
179 638 20 23 0.023655055 
269 310 11 13 0.023562435 
288 414 29 39 0.023283096 
805 403 22 30 0.022960944 
694 502 30 35 0.022954933 
36 87 23 30 0.022827359 
983 350 34 42 0.02262801 
117 533 13 17 0.022329772 
872 348 11 14 0.022183327 
859 417 25 29 0.02168989 
734 11 55 62 0.021283537 
541 267 23 29 0.02127131 
631 190 11 13 0.021210648 
123 574 38 52 0.02091583 
892 381 25 34 0.0208824 
150 611 15 20 0.02080363 
277 580 15 17 0.020751048 
640 183 13 16 0.020744508 
297 319 8 10 0.020408692 
453 581 22 26 0.020391466 
470 544 25 36 0.020323765 
697 564 27 35 0.020165224 
270 329 10 11 0.020139221 
802 406 16 20 0.02012685 
535 273 11 15 0.020099131 
