2_Demonstration_Demonstration_Or_Protest_2_644
243
232 64 26 34 0.9989507 
876 311 30 34 0.99830294 
146 181 25 32 0.99735224 
101 237 28 40 0.9961564 
766 287 26 35 0.9929212 
330 88 22 33 0.9917747 
821 279 23 28 0.9896512 
174 174 21 27 0.9623487 
931 274 23 29 0.95894057 
368 246 21 29 0.932627 
851 272 20 23 0.9276497 
642 235 23 28 0.9272055 
20 32 18 22 0.8477749 
654 291 27 42 0.66511136 
834 142 17 24 0.65501994 
966 263 34 37 0.48576695 
562 278 23 32 0.46908015 
405 243 18 22 0.4630257 
295 235 14 18 0.43793756 
714 246 25 35 0.4157124 
473 293 17 20 0.34459978 
445 284 21 26 0.30819264 
540 195 16 21 0.30261797 
235 218 16 23 0.28565472 
271 288 14 22 0.2671063 
211 50 14 17 0.26513457 
204 56 23 33 0.24244696 
553 244 16 20 0.23210922 
491 316 16 21 0.22401193 
524 267 15 19 0.19637224 
514 247 14 17 0.18100797 
588 267 18 29 0.16794977 
430 231 20 28 0.16076651 
504 197 10 15 0.13794605 
653 275 30 39 0.13624366 
576 274 23 32 0.1361609 
574 124 13 17 0.13131012 
702 253 26 40 0.1084559 
864 347 30 41 0.105111375 
503 227 12 16 0.102079354 
317 91 29 36 0.101106554 
32 33 15 20 0.09641544 
947 233 11 15 0.09154256 
829 163 15 21 0.09048975 
525 151 17 22 0.09020415 
430 285 13 17 0.09013867 
474 161 16 19 0.0891766 
453 285 22 28 0.088989735 
869 320 30 37 0.08769384 
460 233 14 18 0.08455179 
477 276 16 17 0.081005625 
376 248 23 29 0.08083731 
436 230 14 18 0.07746784 
386 244 14 19 0.07458457 
555 272 22 32 0.07279509 
546 269 14 21 0.07121221 
556 238 14 17 0.070527464 
496 247 10 14 0.067997575 
475 282 17 21 0.06737479 
518 270 21 28 0.06713443 
484 187 13 16 0.06649092 
648 296 44 58 0.065179795 
944 230 11 14 0.06502379 
217 60 26 34 0.06446167 
469 210 13 16 0.063978165 
894 314 27 36 0.06091032 
173 336 17 19 0.060740884 
417 236 21 28 0.05990269 
445 278 15 19 0.05969263 
858 270 21 28 0.057826675 
410 209 14 18 0.057627197 
153 265 24 30 0.055419333 
440 259 11 15 0.054865565 
478 187 13 18 0.05319672 
477 253 13 15 0.051209737 
226 705 14 17 0.05049798 
502 266 12 18 0.04960105 
82 245 29 37 0.049395237 
501 233 12 16 0.04818428 
590 259 13 20 0.04753195 
223 169 13 18 0.047393788 
467 227 13 17 0.04734092 
163 292 27 33 0.04667084 
342 314 13 17 0.04498174 
390 280 16 22 0.044416513 
406 299 22 30 0.044241287 
828 150 17 24 0.042539008 
869 433 34 39 0.042336993 
596 258 13 19 0.04217863 
63 412 41 39 0.04184676 
480 296 17 22 0.04167775 
531 262 13 17 0.041358925 
423 292 13 17 0.041094504 
509 164 12 17 0.04040485 
430 207 14 17 0.04010973 
564 147 45 70 0.03969125 
461 292 22 28 0.03967476 
604 258 14 18 0.039346285 
461 262 13 17 0.039053474 
98 177 14 19 0.039046027 
353 261 17 24 0.038968813 
441 234 13 18 0.038957067 
434 314 17 21 0.038502946 
501 168 13 18 0.03795342 
525 253 12 15 0.037946004 
172 293 16 20 0.037391838 
559 230 11 14 0.037243888 
430 276 11 16 0.03640974 
699 259 39 56 0.036087207 
431 170 12 16 0.03579225 
27 89 34 38 0.035690054 
461 274 15 19 0.03534863 
419 288 23 29 0.03475855 
471 252 12 15 0.034696963 
326 265 13 18 0.03463152 
714 256 38 50 0.03390185 
825 157 23 33 0.03383169 
638 113 12 17 0.033687685 
730 93 17 18 0.033651512 
353 244 22 30 0.03318349 
873 298 26 37 0.033036318 
273 754 15 15 0.032921925 
311 276 13 17 0.032659393 
422 302 22 30 0.032653924 
462 211 12 15 0.032578185 
486 251 13 16 0.032333333 
437 282 15 20 0.032275658 
470 275 13 18 0.032195434 
353 266 23 33 0.032085676 
214 695 11 12 0.031785738 
845 142 21 31 0.031639673 
467 268 14 18 0.03128364 
540 206 16 20 0.031212391 
428 269 13 16 0.031142479 
519 154 15 20 0.031097794 
340 207 12 16 0.031019164 
503 210 11 16 0.030877931 
783 259 14 17 0.03043443 
515 255 21 26 0.03009708 
357 251 36 46 0.030072382 
158 274 26 35 0.029943954 
850 249 13 17 0.029874446 
516 161 13 17 0.029850211 
862 359 39 51 0.029276537 
30 271 26 39 0.029053401 
491 188 13 17 0.028587457 
695 262 22 33 0.028557425 
625 237 24 30 0.028510427 
447 213 11 15 0.028360033 
259 617 15 16 0.028305087 
317 161 13 17 0.028287457 
753 278 24 40 0.028112156 
507 201 13 18 0.027883412 
276 276 12 18 0.027827596 
508 222 11 15 0.027733583 
269 229 199 221 0.027718132 
199 141 25 32 0.027717117 
270 282 25 34 0.027647976 
549 253 21 26 0.027616594 
470 220 12 16 0.027597923 
404 202 17 21 0.027570922 
469 260 13 17 0.027109154 
397 295 22 30 0.026881577 
955 267 27 32 0.026875857 
109 226 26 37 0.0266957 
396 285 14 20 0.02666806 
806 52 25 30 0.026368767 
511 264 20 26 0.026339209 
644 109 15 19 0.02617585 
620 248 16 20 0.026155544 
-1 210 20 36 0.026105886 
87 415 38 43 0.02598431 
627 292 78 103 0.025914334 
394 632 15 18 0.02576321 
423 204 12 16 0.025636757 
508 209 12 16 0.02556275 
494 257 14 19 0.025530031 
917 298 22 33 0.025438856 
224 702 11 14 0.025200633 
563 236 12 16 0.02510012 
537 189 13 18 0.025067497 
530 270 15 21 0.024881586 
871 276 25 31 0.024821345 
566 119 14 17 0.024683475 
468 243 12 17 0.024509313 
452 212 13 16 0.024432223 
475 203 14 17 0.02429101 
341 199 12 17 0.023992483 
554 194 14 21 0.02386001 
227 206 22 31 0.023856917 
20 186 39 54 0.023806743 
372 175 13 16 0.023744898 
452 264 22 28 0.02370076 
611 257 14 18 0.02364933 
539 293 13 17 0.02363865 
864 330 28 36 0.023636919 
587 286 15 22 0.023478666 
550 263 23 30 0.023310807 
401 310 23 31 0.023216534 
500 269 21 27 0.023214933 
285 743 13 14 0.023168234 
506 300 15 20 0.023153068 
533 254 11 14 0.023136042 
42 83 32 46 0.023095552 
581 265 19 25 0.0230942 
781 203 13 19 0.022792256 
495 193 13 17 0.022613259 
437 222 13 17 0.022360701 
151 299 27 34 0.02228343 
596 262 20 26 0.022268463 
123 3 15 19 0.02221266 
845 276 18 23 0.022110231 
217 50 14 18 0.022106078 
28 96 44 59 0.022044618 
16 29 15 20 0.021909222 
517 239 12 15 0.021889413 
493 179 13 17 0.021728262 
570 264 24 33 0.021521162 
534 159 15 20 0.021500187 
0 19 11 16 0.021386586 
474 256 210 199 0.02136098 
499 192 19 25 0.02131733 
455 229 13 17 0.021247057 
435 262 21 28 0.021224022 
500 305 16 21 0.021189356 
180 168 13 16 0.021179572 
235 708 11 14 0.021150721 
837 154 21 31 0.021130517 
472 188 12 15 0.021037277 
162 259 18 21 0.020993512 
398 396 28 32 0.020803742 
548 208 14 18 0.020784922 
580 283 25 35 0.020767007 
1004 293 21 30 0.020651033 
530 123 79 103 0.02056625 
271 691 11 13 0.020552339 
416 315 24 29 0.020536102 
784 196 12 18 0.02042603 
453 188 12 14 0.02038554 
375 271 27 34 0.020305626 
266 271 41 57 0.020129567 
445 220 12 15 0.02008664 
771 259 13 18 0.020076273 
