2_Demonstration_Demonstration_Or_Protest_2_795
141
453 444 134 149 0.9996177 
620 145 13 17 0.7134322 
407 142 13 16 0.52714306 
462 130 14 17 0.3774473 
261 136 9 12 0.26409853 
751 142 13 14 0.23324497 
333 131 12 16 0.20517683 
368 141 9 12 0.20040731 
71 142 9 11 0.17335738 
234 140 10 12 0.16165628 
47 190 12 15 0.14515293 
383 134 11 13 0.11227861 
222 135 10 13 0.11142359 
720 143 8 9 0.101066306 
655 133 10 12 0.09927454 
729 142 8 10 0.09654938 
573 135 12 13 0.09333607 
342 132 10 13 0.090613596 
677 150 9 11 0.08316943 
445 141 12 14 0.08297908 
70 174 12 15 0.07236546 
237 137 10 12 0.06978613 
746 142 10 12 0.06812949 
627 140 10 14 0.06527865 
383 140 10 12 0.06476428 
304 134 9 11 0.064031675 
88 170 12 15 0.062820815 
426 11 27 31 0.06166397 
59 178 14 16 0.059331886 
679 135 8 10 0.057522975 
373 141 10 12 0.057118833 
304 141 9 12 0.05592722 
733 150 8 11 0.0544309 
344 140 9 11 0.052706633 
688 140 9 12 0.051169485 
165 152 9 11 0.051164553 
346 149 9 12 0.047007013 
694 141 10 12 0.04640616 
711 134 8 11 0.04627879 
94 143 9 11 0.045908466 
134 142 8 10 0.045811232 
383 149 11 13 0.043984048 
483 143 14 16 0.043520954 
766 141 11 14 0.041177355 
189 140 10 14 0.041103397 
713 141 8 10 0.040386595 
64 141 10 13 0.03986147 
-1 428 22 37 0.039438203 
733 143 8 11 0.038110923 
48 158 9 12 0.03806513 
256 167 10 13 0.037786726 
100 165 14 17 0.03741648 
680 143 8 11 0.03734149 
998 519 24 49 0.037042882 
37 163 13 16 0.036757123 
622 153 11 13 0.036141776 
54 180 13 15 0.03576112 
626 148 11 14 0.034927275 
47 183 11 14 0.034682825 
309 142 9 12 0.03463502 
550 137 12 16 0.034299623 
756 136 13 14 0.03357168 
589 135 13 15 0.032412745 
390 113 15 19 0.03217258 
308 135 9 11 0.0315445 
20 174 11 13 0.030354496 
727 167 8 10 0.030180449 
656 139 10 13 0.030110775 
420 142 10 14 0.030005764 
384 155 10 13 0.02976983 
516 179 23 27 0.029650265 
567 141 11 14 0.028540462 
355 101 122 119 0.028145278 
52 156 10 12 0.0275284 
674 134 9 11 0.02751707 
617 155 10 12 0.02732327 
262 167 9 11 0.02731481 
62 147 11 14 0.027086003 
43 184 20 24 0.026722481 
109 170 11 14 0.026561724 
348 142 9 11 0.026471216 
55 150 11 14 0.026156876 
661 141 9 11 0.026095008 
704 212 7 10 0.025895122 
582 135 13 16 0.025585838 
32 189 11 14 0.025473878 
688 150 9 11 0.025472399 
702 142 8 10 0.025393382 
367 110 10 13 0.025254725 
534 139 12 15 0.02524802 
456 25 13 18 0.025236866 
647 140 9 12 0.02511544 
311 148 8 11 0.024841081 
256 138 10 13 0.02456206 
45 163 10 14 0.024280658 
175 166 11 13 0.024069399 
371 108 13 17 0.02406063 
78 135 9 12 0.023962269 
329 141 9 12 0.023898415 
630 157 9 11 0.023835063 
694 148 11 13 0.023647554 
86 166 20 24 0.023640862 
248 149 9 12 0.02355625 
640 140 9 12 0.023424244 
104 143 9 12 0.023317283 
704 208 7 10 0.023279931 
656 150 11 13 0.022862555 
160 157 11 13 0.022840172 
295 168 10 12 0.022770831 
756 137 20 26 0.022692448 
297 142 8 11 0.022690587 
118 172 9 13 0.022651548 
751 153 13 15 0.022554485 
362 140 8 12 0.022532558 
294 149 9 11 0.022472557 
719 136 9 11 0.02245632 
304 130 9 10 0.02232744 
387 140 11 14 0.022287078 
844 94 32 40 0.02221959 
612 127 10 12 0.021976775 
709 151 9 11 0.021711366 
744 135 10 12 0.021679936 
744 216 7 10 0.021625793 
270 134 8 11 0.021604614 
674 129 8 10 0.021509787 
677 130 9 10 0.021418758 
38 172 12 15 0.021360816 
463 206 10 13 0.021284955 
630 136 10 13 0.021162031 
722 167 7 10 0.020935848 
673 143 8 11 0.02074117 
597 141 12 14 0.02072501 
-11 63 195 230 0.020646032 
368 159 8 11 0.02052747 
77 173 11 15 0.02030112 
604 147 12 15 0.020270845 
0 221 10 18 0.020255093 
152 143 8 10 0.020246856 
286 171 10 11 0.020223176 
650 134 10 12 0.020207208 
705 134 9 12 0.020100728 
