2_Demonstration_Political_Rally_2_456
242
397 311 29 36 0.99681586 
150 359 26 35 0.9864933 
640 306 17 22 0.7282209 
487 333 16 20 0.6515961 
599 252 13 16 0.40539506 
661 257 16 23 0.3437578 
84 375 23 32 0.32817313 
356 207 15 22 0.3259269 
517 220 16 20 0.27925393 
813 216 16 20 0.25711176 
623 250 10 13 0.20402727 
398 366 40 56 0.1990253 
524 248 14 20 0.19023159 
618 280 12 18 0.18323073 
708 251 14 17 0.15956227 
629 260 12 16 0.12690379 
593 258 12 15 0.12163722 
765 216 17 19 0.11462834 
770 228 13 16 0.11426251 
636 230 10 12 0.10715307 
467 270 18 22 0.10014849 
504 291 23 30 0.099158324 
628 252 11 14 0.09655459 
603 246 12 16 0.09559234 
468 238 13 17 0.09553179 
489 242 20 28 0.09505523 
913 209 24 31 0.0936991 
856 229 12 15 0.09336686 
630 215 9 11 0.092687294 
707 228 14 16 0.092640586 
956 234 11 15 0.09124991 
663 208 10 12 0.090861656 
549 250 19 27 0.08652927 
197 248 14 18 0.085638665 
661 217 12 17 0.08507922 
60 375 28 33 0.081733406 
659 238 12 15 0.081154585 
828 189 13 16 0.07962025 
672 356 11 16 0.079564884 
632 220 9 11 0.07792753 
663 286 13 16 0.07707179 
557 243 12 17 0.06729734 
668 253 13 19 0.066249795 
951 229 12 17 0.06516727 
485 337 24 26 0.064814985 
932 213 12 16 0.06288482 
511 222 24 31 0.06286753 
326 304 26 33 0.061536293 
967 238 12 14 0.060760796 
291 245 14 18 0.06055893 
813 203 14 17 0.058785208 
638 244 11 15 0.058181792 
704 257 12 15 0.0571967 
519 212 26 32 0.05639504 
561 245 21 29 0.05540129 
637 236 12 15 0.05520008 
668 211 11 14 0.055081867 
977 269 11 14 0.05365368 
572 254 15 21 0.052819166 
459 218 14 19 0.05151458 
717 219 13 16 0.049773782 
441 219 24 30 0.04917434 
628 358 14 19 0.0488061 
615 288 12 17 0.047812816 
992 211 11 16 0.046698906 
474 239 21 28 0.04664054 
529 240 16 22 0.046466947 
685 243 10 12 0.04557379 
971 139 12 16 0.04504761 
504 231 26 34 0.04497058 
578 251 15 21 0.04496771 
361 204 15 20 0.044538703 
806 216 15 19 0.044114877 
701 298 16 18 0.04323265 
822 193 13 16 0.04268826 
702 247 12 16 0.042261474 
551 246 13 18 0.04221024 
695 244 11 14 0.042070124 
450 213 21 28 0.04136866 
941 237 12 16 0.04131363 
948 294 13 16 0.04086842 
801 214 10 14 0.040619213 
566 238 10 14 0.0405896 
433 235 17 22 0.039735973 
810 201 25 30 0.039542735 
621 298 11 16 0.039385084 
692 304 23 27 0.03911295 
869 213 11 13 0.038895495 
669 221 11 14 0.038817156 
712 273 12 16 0.038660284 
704 229 22 25 0.038586833 
673 339 12 16 0.038564567 
530 217 18 22 0.038415045 
500 256 17 23 0.038403824 
292 207 12 18 0.03779109 
714 225 15 18 0.03745322 
680 244 11 14 0.037280265 
925 210 23 29 0.037089158 
540 334 15 18 0.036673613 
220 222 28 34 0.036635943 
979 211 13 16 0.03650662 
201 244 14 18 0.03647029 
219 285 13 18 0.036003627 
30 479 12 14 0.03588843 
605 237 12 16 0.035487704 
959 299 12 14 0.035308395 
863 205 12 15 0.035228975 
351 204 12 19 0.035043377 
496 336 17 20 0.03493432 
462 252 26 34 0.03459433 
649 215 9 11 0.034301702 
635 290 23 32 0.03421521 
942 294 12 16 0.03415898 
839 182 12 17 0.034087036 
648 306 16 20 0.03290037 
426 245 24 31 0.03284188 
868 205 12 15 0.032801002 
631 246 10 14 0.032768004 
818 222 16 19 0.032547913 
942 226 14 18 0.03246674 
540 246 21 28 0.032316484 
514 248 21 27 0.031843327 
896 164 9 12 0.031453297 
92 385 26 34 0.03140537 
648 262 11 14 0.031131133 
605 354 13 17 0.030928995 
691 265 13 17 0.030833306 
604 274 14 18 0.030687096 
444 212 14 18 0.030576073 
352 218 11 15 0.030444112 
782 236 10 14 0.030280912 
715 255 13 18 0.030251246 
826 219 13 16 0.030162279 
909 211 17 22 0.030023742 
616 269 11 16 0.03001398 
538 227 16 19 0.02992068 
685 309 23 29 0.029896235 
629 300 15 20 0.02985047 
657 220 11 12 0.029807027 
922 224 15 20 0.029605001 
508 347 15 21 0.029593099 
863 213 11 13 0.029565232 
420 187 13 18 0.029362937 
460 236 23 27 0.029119499 
533 238 22 28 0.028925208 
416 194 12 17 0.028911753 
770 205 14 17 0.028855985 
500 353 17 20 0.028784642 
613 237 11 15 0.028425667 
637 251 11 14 0.028388074 
869 220 12 16 0.028125709 
653 282 15 18 0.02806781 
621 267 12 16 0.027991999 
855 220 21 26 0.0279191 
215 273 15 19 0.027520614 
636 223 10 12 0.027479496 
614 246 11 15 0.027466405 
979 273 11 15 0.027380785 
934 173 11 13 0.027379237 
1006 205 13 16 0.0271125 
598 265 13 16 0.027090969 
661 307 14 20 0.026620135 
234 227 18 22 0.026610734 
693 274 13 18 0.026567796 
703 234 12 15 0.026491685 
676 251 12 16 0.02641166 
648 220 10 12 0.026330797 
773 240 11 15 0.026211413 
844 186 11 14 0.026035434 
460 267 19 22 0.026007444 
723 211 13 16 0.025952095 
594 332 14 16 0.02569647 
448 191 10 14 0.025632832 
619 344 22 31 0.02561059 
643 243 13 16 0.025441237 
655 263 14 19 0.02540971 
603 299 15 19 0.025335386 
815 233 14 17 0.025037823 
609 291 20 27 0.025037376 
849 213 10 12 0.025028162 
624 260 20 25 0.024967479 
951 224 20 26 0.024809351 
352 226 11 14 0.024780476 
662 229 11 13 0.024629517 
621 270 21 28 0.024556508 
710 224 12 14 0.024537843 
996 205 14 18 0.024513813 
939 218 14 18 0.024385229 
847 205 11 13 0.024118686 
878 213 11 14 0.024033463 
656 232 10 12 0.023880849 
645 231 10 12 0.023717267 
971 241 13 17 0.02355831 
572 244 15 20 0.02355283 
98 400 28 39 0.023546413 
714 245 15 18 0.023543915 
724 202 11 14 0.023439711 
572 267 14 17 0.023422943 
680 238 12 14 0.023341218 
781 213 12 15 0.023315141 
548 261 15 20 0.023179984 
451 194 13 16 0.023171932 
694 251 13 16 0.023170596 
448 225 26 30 0.023079172 
516 345 13 18 0.022951994 
554 261 16 21 0.022942822 
949 285 11 15 0.02285379 
820 182 24 30 0.022825556 
524 234 15 21 0.02253827 
657 293 21 26 0.022375416 
852 243 14 20 0.022309987 
629 223 20 25 0.022171862 
446 0 105 95 0.022163345 
850 230 21 29 0.02208753 
624 220 10 12 0.02205493 
563 242 14 19 0.02189047 
581 268 11 15 0.021858938 
607 275 20 28 0.021826515 
299 244 12 17 0.02167632 
502 228 13 18 0.021670744 
639 283 13 17 0.021483203 
624 247 19 25 0.021422902 
769 207 23 29 0.021405995 
606 239 19 26 0.02134367 
674 307 21 29 0.021325693 
815 190 13 17 0.02114387 
670 258 23 30 0.021043785 
645 252 12 15 0.021009063 
626 340 13 17 0.020958917 
662 280 21 26 0.020932145 
148 240 24 31 0.02092984 
832 180 22 27 0.020920584 
687 260 13 19 0.02087325 
775 318 10 12 0.020800985 
94 369 24 37 0.020643182 
186 235 23 28 0.02054029 
212 224 15 20 0.020532511 
633 231 20 25 0.020500712 
124 507 15 17 0.02038784 
1000 286 9 12 0.020200467 
961 230 21 25 0.020170037 
758 227 24 29 0.020152636 
