25_Soldier_Patrol_Soldier_Patrol_25_513
45
508 255 203 248 0.9997757 
136 111 175 225 0.99866676 
-14 271 340 427 0.2611304 
108 984 30 37 0.20024142 
75 402 199 286 0.12791793 
372 0 19 18 0.11583668 
173 924 476 568 0.09903958 
195 989 17 22 0.070658065 
471 325 95 134 0.066108055 
978 886 47 61 0.06456539 
690 881 38 48 0.061699655 
99 544 153 188 0.056743596 
926 937 99 115 0.050618835 
954 173 17 23 0.047956593 
440 801 15 18 0.046681605 
327 604 426 509 0.04353622 
9 503 45 64 0.043512657 
343 6 25 33 0.04102421 
134 221 226 286 0.03989004 
340 156 13 17 0.039843004 
108 926 28 35 0.039058384 
217 159 373 459 0.038757727 
121 972 28 39 0.037531335 
469 345 58 89 0.034772534 
458 789 15 17 0.0347185 
95 872 24 32 0.032319102 
150 929 27 38 0.031237444 
990 128 28 37 0.029983727 
400 291 63 72 0.028825032 
214 79 11 16 0.02841545 
877 920 44 52 0.027579553 
119 1106 61 69 0.027477443 
990 137 18 21 0.026298892 
1 639 34 45 0.02529938 
943 907 59 65 0.025209598 
924 931 66 77 0.024910204 
25 531 31 45 0.02459987 
475 798 13 15 0.024480723 
703 1285 9 11 0.022531983 
452 1302 10 12 0.022403618 
21 445 340 432 0.022231977 
38 997 56 70 0.021906668 
921 92 95 134 0.021101339 
96 876 14 17 0.021023916 
-166 863 414 522 0.020475633 
