25_Soldier_Patrol_Soldier_Patrol_25_440
61
558 66 61 78 0.9972946 
37 186 53 59 0.94997466 
321 616 30 26 0.34252986 
445 197 12 14 0.18508019 
416 228 11 13 0.05436846 
264 583 41 40 0.047661863 
330 604 26 31 0.045657832 
353 301 8 11 0.044467278 
15 148 69 82 0.04124334 
277 599 23 30 0.04096883 
815 537 9 11 0.04040415 
895 388 9 10 0.040361848 
872 145 7 8 0.039942533 
353 296 8 10 0.038548622 
29 537 28 32 0.0382771 
269 356 9 12 0.0346018 
798 593 30 33 0.03250236 
887 185 8 8 0.03203897 
783 518 8 10 0.031067794 
695 612 27 32 0.030934922 
448 159 8 10 0.030792618 
432 229 9 11 0.030297033 
368 295 8 9 0.030208705 
460 213 13 16 0.029569391 
720 85 9 10 0.029365165 
720 80 8 10 0.02849587 
60 754 13 13 0.0278433 
775 486 8 9 0.027759818 
785 535 10 11 0.026827706 
337 373 9 11 0.02654654 
463 482 11 14 0.025045296 
884 418 52 76 0.025011444 
945 160 7 8 0.024971826 
871 82 8 10 0.024879385 
304 289 9 10 0.024765136 
357 304 8 10 0.024238184 
336 367 9 10 0.023106312 
115 722 13 14 0.023079047 
873 520 7 9 0.022897296 
998 373 11 13 0.02252806 
302 438 10 13 0.022472264 
325 607 40 46 0.022176886 
486 172 9 12 0.02190975 
274 592 19 20 0.021509837 
259 592 27 32 0.021499282 
431 224 9 11 0.021196507 
317 622 20 22 0.020932065 
401 231 9 11 0.020871617 
434 238 9 11 0.020845536 
35 546 17 19 0.020813322 
248 303 10 11 0.020799587 
880 190 8 9 0.020789137 
830 431 9 10 0.020756839 
826 480 7 8 0.020712141 
449 166 7 10 0.020666674 
792 527 7 10 0.020383878 
778 692 9 11 0.020324755 
886 189 8 10 0.020316165 
953 734 10 11 0.020303462 
465 167 8 10 0.02025732 
127 364 11 14 0.020020617 
