25_Soldier_Patrol_Soldier_Patrol_25_869
53
672 169 114 175 0.9951257 
318 241 31 36 0.994079 
163 216 15 18 0.788037 
28 210 24 29 0.45422608 
220 225 19 23 0.39752656 
144 264 33 41 0.17374422 
305 490 80 124 0.11324391 
221 236 15 20 0.096916355 
122 139 15 19 0.08609749 
788 463 125 136 0.0860948 
818 486 75 70 0.08046374 
737 180 110 174 0.07692114 
394 328 16 20 0.07644598 
641 104 224 290 0.067205586 
137 157 10 15 0.06673943 
622 489 13 16 0.060805585 
125 195 17 22 0.057574235 
19 293 15 19 0.057126988 
37 199 24 33 0.04612279 
1003 433 21 43 0.04355219 
534 548 10 13 0.039514035 
21 353 25 31 0.03947657 
363 -14 246 205 0.039171133 
542 578 11 16 0.038624544 
367 299 15 19 0.03724524 
168 245 13 16 0.037212394 
67 160 16 18 0.037052408 
40 218 17 23 0.03699746 
370 299 23 28 0.035932843 
589 574 16 21 0.035604447 
826 503 117 110 0.03466357 
154 212 20 26 0.033684198 
1004 452 21 43 0.032571003 
20 202 24 34 0.03175903 
124 186 16 21 0.029997777 
3 259 13 18 0.029409055 
613 300 42 57 0.028724454 
1004 414 21 39 0.028596751 
41 222 24 29 0.028314205 
45 196 15 19 0.028183596 
115 137 26 30 0.02704344 
215 220 15 20 0.026648773 
396 223 25 30 0.02569805 
44 188 13 16 0.025161501 
386 372 30 33 0.02497294 
755 430 125 116 0.024862235 
952 478 24 36 0.023413422 
196 213 13 16 0.023056218 
156 205 16 19 0.022635635 
84 -40 427 468 0.021411734 
536 580 10 14 0.020487497 
216 245 25 30 0.020299926 
174 238 12 15 0.020242205 
