25_Soldier_Patrol_Soldier_Patrol_25_121
380
684 93 58 66 0.9991296 
122 155 15 20 0.38275075 
188 84 10 13 0.3624362 
239 14 8 10 0.22289082 
142 71 9 11 0.21731181 
158 72 8 11 0.16564342 
207 209 12 14 0.1645839 
392 185 28 34 0.14832892 
193 31 8 10 0.14592545 
216 67 10 11 0.1412062 
175 210 16 19 0.13553046 
228 196 12 14 0.12888408 
240 55 8 10 0.1228817 
190 170 13 15 0.121364385 
304 15 9 11 0.12001918 
128 61 9 10 0.11432851 
144 107 11 14 0.10520928 
221 68 10 12 0.103914425 
171 168 13 17 0.10109046 
177 46 9 11 0.0919042 
140 94 10 11 0.09147479 
287 30 9 12 0.09101172 
224 30 8 11 0.08966262 
234 55 8 11 0.08822628 
209 22 7 9 0.08681847 
136 87 9 12 0.08508003 
302 20 8 10 0.08498202 
199 85 10 12 0.08354416 
209 16 8 9 0.08138953 
5 115 16 19 0.08083763 
233 61 8 11 0.08052585 
257 38 9 11 0.079064876 
216 15 7 9 0.07837778 
125 188 13 17 0.07765857 
238 61 8 10 0.07666412 
259 47 7 9 0.07602978 
62 580 193 185 0.07551016 
254 116 8 11 0.07537742 
310 92 9 12 0.07503649 
254 143 10 14 0.07498908 
139 145 12 16 0.07470607 
156 188 11 14 0.07392841 
129 155 15 19 0.07327678 
181 38 9 12 0.073094316 
153 70 9 12 0.07067372 
350 271 11 11 0.070108525 
158 94 9 11 0.06823409 
207 64 9 11 0.06656229 
167 46 8 11 0.06600501 
174 85 9 11 0.06581594 
164 109 11 13 0.0656151 
286 23 8 11 0.06552072 
183 187 13 15 0.065470986 
138 71 9 10 0.06466329 
197 31 8 10 0.06452525 
281 22 8 10 0.06437101 
298 20 8 10 0.064238615 
193 0 9 10 0.06391101 
104 489 23 30 0.062096145 
293 36 9 13 0.061689343 
160 118 9 12 0.061456103 
186 80 9 14 0.061190296 
153 85 9 11 0.060757153 
234 14 8 10 0.060511712 
121 71 8 11 0.059736762 
257 14 7 9 0.059286177 
160 39 7 9 0.058536615 
133 124 12 15 0.058496345 
200 92 10 11 0.058281425 
294 31 8 11 0.05798968 
158 85 9 12 0.057966888 
242 31 6 8 0.057762746 
257 71 9 11 0.0573241 
197 133 11 14 0.05705458 
168 70 9 11 0.05675797 
238 9 9 10 0.056335937 
173 214 23 27 0.056018393 
151 124 10 13 0.05556349 
71 195 14 18 0.055421308 
222 86 10 12 0.055313766 
134 61 8 10 0.054863635 
246 39 8 9 0.05486309 
345 271 11 12 0.054801125 
256 30 7 10 0.054031704 
204 86 9 12 0.053957347 
192 63 8 9 0.052492213 
126 69 8 11 0.05218455 
167 23 7 8 0.051575866 
282 29 8 12 0.051348295 
249 31 6 9 0.05109176 
149 118 10 13 0.050627623 
724 242 24 34 0.050505526 
238 125 9 12 0.05047253 
233 7 9 11 0.050039925 
231 166 8 11 0.049805935 
87 39 8 9 0.049140032 
134 57 8 9 0.048459753 
96 62 8 11 0.047993056 
396 189 18 20 0.04786856 
215 47 8 10 0.047757193 
225 93 9 12 0.047702312 
608 464 29 40 0.04740504 
151 47 7 9 0.04736942 
93 77 13 14 0.047164783 
172 68 10 12 0.046874564 
176 0 9 9 0.046807867 
104 134 14 17 0.04653822 
116 94 10 13 0.04634418 
224 191 10 14 0.046223808 
197 140 10 13 0.046057533 
249 143 10 12 0.04602829 
200 190 11 13 0.046027455 
164 102 9 11 0.0459574 
584 303 42 38 0.045700364 
246 56 8 9 0.045638334 
249 109 9 12 0.045632914 
117 100 10 13 0.045509048 
7 262 22 37 0.04530723 
216 31 8 10 0.045238882 
198 0 8 9 0.045161802 
224 15 7 9 0.04510378 
256 6 9 10 0.04502775 
293 78 9 12 0.044966687 
127 40 7 8 0.044901907 
130 57 8 10 0.044453017 
234 125 8 10 0.044429105 
261 70 9 11 0.044036493 
22 586 34 36 0.043939278 
253 182 9 12 0.043753657 
791 120 42 56 0.043629598 
231 24 7 9 0.043207068 
154 32 7 9 0.04296175 
153 63 8 10 0.042347673 
116 180 13 16 0.042262603 
98 143 16 20 0.04157689 
94 83 13 14 0.04154101 
167 39 8 11 0.041188974 
128 85 9 12 0.0411837 
246 16 7 10 0.04093531 
149 190 13 14 0.04089933 
193 5 7 10 0.040864345 
610 233 33 45 0.040815685 
134 173 14 17 0.040552188 
249 149 10 11 0.04049682 
159 32 7 8 0.04037509 
165 115 10 14 0.040319305 
217 79 9 11 0.039879687 
209 48 8 10 0.03984867 
142 196 14 16 0.039811805 
141 123 10 14 0.039614704 
197 78 12 14 0.039494205 
215 38 8 10 0.03918461 
121 39 7 9 0.03898306 
207 271 27 36 0.038668502 
129 31 7 9 0.038557593 
100 86 11 13 0.038488865 
344 0 12 11 0.038481373 
199 23 8 9 0.03839771 
96 23 8 9 0.038378827 
271 36 7 11 0.03825041 
216 8 7 9 0.038023684 
269 101 9 11 0.03790552 
342 85 12 15 0.037843484 
247 61 9 11 0.037571505 
97 39 9 12 0.037399452 
143 164 11 15 0.037348077 
271 31 8 11 0.03718775 
193 25 7 9 0.037156347 
144 115 11 14 0.037102338 
157 64 9 10 0.036855187 
104 44 8 10 0.036839902 
147 103 12 14 0.036743604 
151 133 11 14 0.036600653 
156 148 12 16 0.03658245 
160 23 7 9 0.036440462 
280 140 11 14 0.03634058 
154 77 9 12 0.036235873 
144 46 8 10 0.03569077 
177 32 8 9 0.035634592 
200 16 9 9 0.035402816 
141 87 9 12 0.035332117 
265 94 8 12 0.035319243 
232 159 8 10 0.035201076 
247 6 8 10 0.034936924 
154 22 7 9 0.03483924 
144 32 7 9 0.03476998 
346 84 17 18 0.034742605 
249 24 7 9 0.034628797 
113 87 9 12 0.034504905 
85 70 12 13 0.034461983 
3 85 11 15 0.034419708 
777 192 33 40 0.034389783 
144 637 37 33 0.034379628 
225 24 7 9 0.034192376 
113 194 14 17 0.03417526 
168 139 11 14 0.034137752 
231 30 7 10 0.03406245 
134 195 13 15 0.033867024 
203 247 17 21 0.03380204 
183 24 8 9 0.033502966 
213 182 9 11 0.033395912 
150 203 14 16 0.033382483 
133 494 14 16 0.032845788 
158 124 10 12 0.032725066 
200 63 8 10 0.0327001 
216 53 9 10 0.032570016 
200 53 7 9 0.032541793 
224 37 8 10 0.032419946 
216 23 7 9 0.03237566 
152 54 8 9 0.03228542 
190 90 10 11 0.032164477 
709 45 11 12 0.031933226 
150 1 8 9 0.03184563 
246 165 8 12 0.03172192 
111 99 11 16 0.031638745 
200 126 10 13 0.031594478 
238 78 9 11 0.03126863 
168 126 11 14 0.031198408 
166 1 8 9 0.031051649 
183 31 8 9 0.031033387 
262 47 8 10 0.030969465 
172 79 10 12 0.030797383 
256 25 8 9 0.03073493 
136 78 9 12 0.030587016 
162 46 8 10 0.03043305 
134 31 7 9 0.030269125 
135 0 8 9 0.030238058 
167 77 10 12 0.0301366 
183 1 8 9 0.030098569 
167 147 11 15 0.030095603 
140 171 12 16 0.030043593 
201 117 10 12 0.029923197 
144 66 8 10 0.02967426 
192 54 9 10 0.029625582 
249 119 94 114 0.029592223 
358 231 12 14 0.029449355 
373 283 12 13 0.029286072 
288 71 8 10 0.029232075 
134 6 9 11 0.0290857 
602 242 52 56 0.029051565 
169 65 8 10 0.029013969 
174 65 10 11 0.028920287 
209 31 7 9 0.028919911 
263 85 8 11 0.028829202 
366 217 12 14 0.02872011 
355 271 11 12 0.028687768 
153 93 10 12 0.028305799 
320 0 10 9 0.028191574 
158 163 12 16 0.027971826 
232 368 26 32 0.027876465 
209 38 8 10 0.027709702 
254 154 9 13 0.02763535 
206 164 10 12 0.02754465 
263 171 9 13 0.027542286 
9 110 13 17 0.02750202 
262 77 8 11 0.027479814 
184 63 8 10 0.027388351 
144 39 7 9 0.027186688 
230 93 9 12 0.027079843 
240 165 9 11 0.026992755 
192 48 8 11 0.026926005 
132 117 12 14 0.026895346 
398 198 17 20 0.026803399 
231 69 8 10 0.02675559 
210 7 7 9 0.0267096 
169 32 6 8 0.026680268 
102 7 8 10 0.026675798 
156 141 12 15 0.026567938 
197 165 12 14 0.026529726 
118 1 9 9 0.026324758 
127 78 10 12 0.026249588 
223 100 9 12 0.026033498 
209 183 10 12 0.026024608 
207 52 8 11 0.02601988 
307 88 10 12 0.026015207 
708 50 13 16 0.025980627 
155 205 14 17 0.025888808 
281 69 7 10 0.02586459 
85 118 12 14 0.025857192 
568 293 39 41 0.025757814 
205 203 20 24 0.025738256 
121 181 16 19 0.025642492 
279 93 11 13 0.025614375 
229 87 11 12 0.025527064 
247 127 8 10 0.025481211 
216 158 9 12 0.025151236 
791 211 34 44 0.025034247 
95 92 12 15 0.024929779 
289 8 8 9 0.024899028 
647 389 18 21 0.02486264 
127 93 9 12 0.024858927 
205 79 11 13 0.024733478 
281 17 8 9 0.024633972 
20 318 14 19 0.024572335 
201 210 12 14 0.024543533 
188 176 14 18 0.02439265 
427 214 27 31 0.024360215 
208 159 9 12 0.024343658 
154 39 6 8 0.024318133 
111 76 10 11 0.024195496 
262 37 9 11 0.024193598 
125 102 9 12 0.024051953 
223 8 8 9 0.024022136 
95 69 11 14 0.023977067 
139 102 19 23 0.023941701 
222 53 10 11 0.023935 
263 30 9 11 0.023800002 
354 90 18 19 0.023691623 
106 144 16 20 0.023563229 
405 80 10 11 0.023359656 
684 365 11 14 0.023268597 
199 37 8 9 0.02315146 
130 493 25 26 0.023085942 
120 75 9 12 0.02303881 
270 95 10 12 0.022826103 
262 6 10 11 0.022801941 
241 23 7 8 0.022779495 
76 191 12 16 0.02265309 
242 39 8 9 0.022589622 
192 35 8 11 0.022528755 
23 340 13 16 0.022513771 
111 47 8 10 0.022456022 
86 102 12 15 0.022418546 
136 12 8 11 0.022411972 
242 376 14 18 0.02239362 
396 97 16 20 0.022322634 
265 99 8 12 0.022288648 
288 182 9 13 0.022272516 
117 86 10 12 0.022270583 
87 74 14 16 0.022264881 
151 15 7 10 0.022161406 
137 276 15 18 0.022114415 
232 79 9 11 0.02210333 
389 226 11 14 0.022042843 
255 174 10 12 0.02202149 
195 641 25 36 0.022006705 
3 388 14 18 0.021962374 
222 190 20 24 0.021929594 
237 102 11 14 0.021879006 
123 169 16 20 0.02169708 
264 415 72 67 0.021682473 
263 156 10 13 0.021543343 
122 64 8 10 0.021535946 
240 48 9 10 0.021480087 
288 15 7 9 0.021462858 
121 232 16 19 0.021448009 
216 102 9 11 0.021316962 
627 238 36 45 0.021300398 
168 84 10 12 0.021266866 
101 76 11 13 0.021254903 
205 111 11 13 0.021252416 
293 72 9 12 0.02124868 
247 133 9 12 0.021245802 
222 136 9 11 0.021232601 
166 53 9 10 0.021225361 
139 498 15 16 0.021208495 
224 47 8 10 0.021153767 
167 17 7 8 0.021135578 
127 24 7 9 0.021067979 
145 0 9 10 0.021039382 
127 108 10 14 0.020907804 
384 192 44 56 0.020900827 
216 197 21 25 0.020897927 
120 487 24 29 0.02072547 
606 309 57 59 0.020714246 
118 5 10 12 0.020705668 
184 54 8 10 0.02067981 
375 196 11 14 0.020676346 
351 318 11 12 0.020643413 
702 376 17 22 0.020619962 
223 108 10 14 0.020604163 
239 70 9 10 0.020591266 
87 62 10 13 0.020588249 
178 24 7 9 0.020418938 
135 203 14 16 0.020408906 
240 143 8 10 0.020320194 
166 156 12 14 0.020283598 
192 139 11 14 0.020228267 
365 234 12 15 0.020187037 
303 0 9 9 0.020033725 
