25_Soldier_Patrol_Soldier_Patrol_25_1029
77
120 438 63 80 0.9988859 
609 297 37 44 0.9987357 
255 362 59 70 0.9984871 
660 308 36 45 0.9984281 
579 140 32 43 0.9984092 
153 200 49 61 0.998359 
554 330 30 37 0.9963594 
497 183 36 46 0.9953762 
873 171 43 44 0.9918172 
513 382 41 69 0.98778385 
457 178 46 55 0.9814844 
246 182 45 52 0.9700702 
728 138 65 86 0.96881235 
716 187 34 46 0.8098435 
658 198 28 34 0.805561 
720 165 50 66 0.43630123 
626 227 15 20 0.2570481 
966 550 59 104 0.20139629 
435 162 11 14 0.18025753 
737 348 33 48 0.16383699 
700 184 14 18 0.161713 
612 136 23 28 0.14226548 
654 200 15 22 0.13521406 
667 204 30 34 0.13036296 
534 152 26 33 0.11868826 
385 183 9 10 0.11541468 
594 138 26 36 0.09652039 
712 352 31 41 0.08889863 
214 331 38 51 0.08669781 
706 184 23 31 0.081197366 
407 184 9 11 0.06268238 
527 378 54 75 0.05420961 
979 243 45 67 0.05182392 
541 160 16 19 0.043449078 
717 189 17 22 0.040819872 
597 220 16 20 0.040484708 
411 203 12 16 0.03907582 
745 345 49 70 0.038775325 
681 397 33 45 0.038318682 
757 220 17 21 0.035390764 
357 551 12 14 0.032209333 
680 214 20 24 0.031637784 
423 184 13 18 0.031612363 
695 170 22 32 0.030763846 
755 115 57 78 0.030472564 
422 176 10 13 0.029906435 
660 211 16 23 0.028643556 
124 582 28 36 0.028498465 
777 250 159 221 0.02810667 
755 209 27 34 0.02767634 
460 392 27 46 0.027603924 
748 334 18 23 0.027550716 
464 313 31 34 0.026718048 
628 158 14 20 0.026707107 
837 253 47 62 0.02659065 
405 165 10 14 0.026275631 
478 353 48 60 0.025595244 
918 256 93 140 0.025404405 
747 325 27 41 0.025322037 
401 184 9 12 0.025073446 
225 344 45 61 0.024415912 
721 354 37 49 0.024181088 
652 189 14 18 0.023877226 
479 182 39 46 0.023736784 
796 344 34 36 0.023221225 
624 214 25 32 0.023105446 
205 213 13 20 0.022754166 
383 188 11 15 0.022563202 
546 335 45 62 0.02250234 
646 316 26 34 0.022370376 
738 323 46 63 0.021850647 
959 253 55 82 0.020546349 
424 193 11 16 0.020386185 
695 173 13 16 0.020328611 
96 418 39 50 0.020269627 
552 160 15 20 0.020172343 
644 196 16 21 0.020081023 
