25_Soldier_Patrol_Soldier_Patrol_25_9
161
718 162 94 156 0.7350841 
589 436 249 262 0.32897747 
253 355 15 19 0.30389994 
735 143 138 205 0.27526927 
195 307 13 15 0.2706265 
248 340 14 17 0.2545805 
319 316 9 11 0.24893096 
574 162 126 113 0.22230212 
150 308 15 19 0.1858718 
252 348 13 16 0.16984664 
155 304 25 28 0.15566431 
233 279 9 12 0.11034323 
326 316 11 13 0.088345304 
353 337 13 15 0.08539754 
189 314 12 15 0.08510716 
260 686 10 12 0.079547785 
381 349 11 16 0.07484241 
296 312 10 11 0.07095322 
313 311 8 10 0.06917007 
656 168 101 128 0.0647117 
191 303 12 14 0.061430775 
289 677 8 11 0.06000006 
261 360 13 18 0.059839733 
374 406 24 27 0.058362763 
288 672 8 10 0.056212727 
615 420 374 404 0.055793066 
298 671 8 10 0.052155174 
240 664 8 9 0.05173484 
347 685 10 12 0.05141739 
363 702 12 15 0.05108121 
369 656 8 9 0.05079022 
257 657 7 9 0.046898887 
147 292 44 52 0.046779934 
314 317 9 11 0.04595659 
221 692 10 13 0.04583746 
176 673 8 9 0.045565866 
743 78 211 324 0.04479243 
280 286 8 10 0.04457532 
192 665 7 8 0.044185903 
267 358 10 14 0.043640964 
704 203 74 103 0.043351993 
297 656 8 9 0.042628966 
280 351 8 11 0.042607035 
71 316 8 11 0.04241347 
232 685 7 11 0.04105525 
272 677 9 11 0.04012903 
256 406 12 15 0.039513145 
234 671 9 11 0.03926107 
265 670 8 10 0.0387442 
238 669 9 11 0.037983473 
230 693 9 12 0.03791002 
389 356 13 17 0.03726987 
301 317 10 12 0.037187595 
232 677 8 11 0.036894593 
301 670 9 10 0.036340345 
136 411 58 66 0.035915036 
302 657 8 9 0.03576914 
112 304 9 11 0.03571064 
432 655 8 9 0.035520345 
215 663 7 9 0.03549308 
327 324 10 13 0.03534793 
380 701 10 12 0.035244882 
302 662 8 10 0.03518152 
301 309 10 11 0.034997977 
183 315 12 16 0.034926653 
337 671 8 10 0.034885805 
304 334 9 11 0.034442306 
172 307 13 16 0.033775277 
311 327 9 12 0.03354604 
247 664 7 9 0.033498842 
529 365 51 60 0.032488886 
319 324 10 13 0.032342974 
409 622 8 10 0.03228645 
222 686 10 13 0.032263644 
200 672 7 8 0.032155756 
249 288 8 10 0.03201556 
92 375 93 119 0.03173142 
140 310 19 25 0.031309392 
133 315 12 17 0.031201234 
165 687 9 12 0.031027382 
351 655 9 10 0.030726383 
257 662 8 10 0.03048321 
187 309 20 26 0.030291054 
234 664 8 9 0.030230962 
182 302 10 14 0.030153714 
423 654 8 10 0.030058846 
261 304 9 11 0.030035395 
571 474 143 142 0.029707946 
270 672 9 11 0.0296714 
180 308 12 16 0.029597564 
374 655 7 10 0.029499928 
464 663 8 10 0.029327897 
360 655 8 9 0.029017327 
204 307 13 16 0.028784188 
176 677 8 11 0.028226545 
415 684 8 11 0.028204553 
113 397 9 11 0.027680058 
79 398 7 10 0.027553272 
164 302 16 17 0.027474474 
16 193 412 463 0.027222866 
127 353 34 46 0.02695308 
207 679 7 9 0.026943317 
285 662 9 10 0.026827738 
212 314 13 18 0.02639485 
176 302 21 27 0.02587353 
298 662 8 9 0.025858518 
622 179 14 15 0.025857324 
416 653 10 12 0.02544932 
525 392 48 63 0.025282228 
236 283 11 13 0.025096653 
161 686 9 11 0.025047157 
397 676 9 11 0.024997829 
225 656 7 9 0.024945486 
198 665 8 9 0.024908384 
332 316 10 14 0.0249068 
345 653 9 11 0.024801588 
162 296 26 32 0.024571143 
145 680 8 9 0.024475971 
535 359 32 36 0.024291396 
355 348 13 15 0.024272889 
321 332 10 12 0.024069466 
398 351 9 13 0.023700431 
254 304 11 13 0.02369704 
313 672 8 10 0.02356963 
263 663 8 9 0.023374787 
93 415 8 10 0.023341788 
245 702 10 12 0.023283055 
401 646 7 9 0.022897605 
544 110 194 191 0.022715297 
392 687 10 13 0.022671403 
273 287 8 10 0.022496969 
388 349 12 16 0.022465818 
644 386 43 49 0.022304915 
284 285 8 11 0.022276107 
396 357 12 14 0.022192638 
264 679 9 13 0.022095393 
207 293 10 12 0.022067152 
304 327 9 12 0.021822654 
182 679 9 10 0.021671077 
336 663 8 10 0.021586103 
470 669 9 11 0.021571381 
251 334 13 16 0.021462763 
163 310 27 31 0.021349229 
304 305 8 10 0.021283697 
528 672 8 10 0.02124426 
118 404 11 14 0.021177426 
273 310 10 13 0.02115108 
464 669 8 11 0.021123398 
344 679 10 12 0.021059075 
215 300 13 15 0.020963458 
210 662 8 9 0.020824179 
246 670 9 11 0.020679096 
185 664 8 8 0.020649571 
200 310 23 29 0.020594947 
374 646 8 10 0.02056554 
416 679 8 11 0.020521907 
200 325 24 29 0.020485168 
425 646 7 9 0.020400159 
375 661 7 10 0.020348096 
215 657 8 10 0.020280657 
335 655 8 9 0.020182073 
