25_Soldier_Patrol_Soldier_Patrol_25_728
42
605 90 123 150 0.99927896 
13 137 34 42 0.16099277 
991 337 13 17 0.09825451 
973 341 11 14 0.09361325 
354 474 14 17 0.09330577 
997 335 11 14 0.08107397 
163 282 15 18 0.08035981 
170 235 13 17 0.078454904 
60 151 24 29 0.06421433 
175 28 14 17 0.050558202 
430 451 22 28 0.046937518 
143 234 13 17 0.045733396 
372 211 14 17 0.039964534 
915 626 62 66 0.03995699 
146 230 12 15 0.0344949 
384 460 28 35 0.033912677 
47 96 28 32 0.03268391 
160 222 11 14 0.02968122 
-26 39 510 618 0.028935933 
1009 345 13 17 0.028166061 
341 581 13 17 0.027930183 
988 333 23 28 0.026497284 
159 28 10 15 0.025735253 
558 602 64 81 0.02548547 
367 585 13 15 0.02508556 
788 388 16 19 0.024959605 
181 598 28 37 0.023805946 
43 73 51 63 0.023778595 
26 127 29 37 0.0235988 
309 303 15 18 0.023419132 
569 341 12 15 0.023357427 
812 400 27 25 0.023117185 
165 229 13 17 0.022990245 
2 147 47 69 0.022887945 
0 129 27 40 0.02148574 
158 232 21 26 0.021372922 
996 344 13 17 0.021317635 
5 12 29 38 0.020661805 
173 67 15 21 0.020448273 
255 548 13 15 0.020411229 
200 29 10 11 0.020229725 
974 343 24 29 0.020220885 
