25_Soldier_Patrol_Soldier_Patrol_25_986
63
397 109 136 193 0.9930981 
350 1061 149 302 0.45186415 
243 1592 193 317 0.24409522 
601 645 172 306 0.20387903 
171 377 169 273 0.1907789 
339 772 197 292 0.17137437 
328 486 28 32 0.12693101 
263 701 212 306 0.06788837 
282 341 24 35 0.063860536 
537 1339 86 123 0.061719008 
1 1423 93 147 0.060885806 
567 1083 158 257 0.060814593 
583 1348 94 132 0.053492706 
177 542 102 163 0.052295372 
602 413 88 108 0.05121314 
645 760 112 180 0.050357923 
6 651 26 38 0.04662293 
33 1396 30 39 0.04616636 
624 1281 18 23 0.042872503 
342 1662 59 102 0.0422376 
352 907 176 347 0.038177103 
293 1749 222 221 0.035380576 
617 1262 30 38 0.035097178 
333 543 29 38 0.033060208 
361 1210 124 183 0.032777335 
1008 1252 11 16 0.032551564 
173 1543 189 262 0.032357857 
488 1490 58 78 0.031770464 
301 493 15 19 0.03163897 
629 1544 102 175 0.031588398 
573 1519 93 163 0.031586498 
802 1609 196 274 0.030106891 
614 1325 32 38 0.02974474 
566 1315 85 118 0.028543953 
305 1630 100 169 0.028415158 
146 1557 29 32 0.028148338 
552 407 98 146 0.02751336 
360 129 208 274 0.027151743 
388 1806 210 213 0.02688888 
255 1585 116 187 0.026792474 
732 1453 33 43 0.026030803 
367 517 28 41 0.025786882 
584 1218 92 128 0.02567493 
274 334 22 39 0.025354179 
170 521 216 278 0.024084099 
552 1383 95 134 0.02400094 
538 1347 163 236 0.023966223 
470 1473 96 127 0.023695141 
142 328 363 440 0.023366723 
18 1459 34 48 0.0230018 
569 441 54 73 0.022368478 
219 374 106 157 0.022340553 
820 1485 34 45 0.02220002 
113 1565 385 425 0.022172796 
611 1245 33 43 0.022002082 
1012 1212 13 23 0.021964852 
523 1283 45 63 0.021688301 
14 1398 34 42 0.02134804 
116 1883 14 17 0.021260392 
610 1338 35 47 0.021006003 
318 991 327 429 0.021004733 
805 1776 133 120 0.020736422 
183 1590 31 37 0.020375064 
