25_Soldier_Patrol_Soldier_Patrol_25_585
68
555 134 95 130 0.99906796 
661 384 80 88 0.47014022 
373 661 56 92 0.46566567 
563 965 22 27 0.16555487 
527 1011 18 22 0.14799266 
659 1322 15 19 0.11297071 
470 819 30 39 0.10278096 
533 1204 14 19 0.089808166 
502 956 15 17 0.0681787 
675 1170 14 17 0.066854574 
570 986 16 21 0.06640724 
624 1177 21 27 0.06018078 
296 -45 370 455 0.056071088 
606 701 42 56 0.055688158 
476 485 13 14 0.053486213 
569 426 14 19 0.05340967 
416 437 357 442 0.051774397 
500 1145 99 124 0.050728668 
667 1322 13 20 0.04634589 
646 1026 15 21 0.042835664 
649 1032 17 22 0.042496886 
570 977 15 19 0.042070314 
540 1207 15 21 0.038186066 
486 537 219 270 0.038172312 
659 361 57 66 0.03795974 
474 489 16 19 0.037773717 
604 985 14 17 0.037451413 
666 1029 15 22 0.035887428 
782 483 284 262 0.035399638 
702 365 60 83 0.033643134 
657 1041 18 21 0.032943826 
381 637 87 121 0.032429766 
349 666 101 137 0.031279795 
692 1229 12 14 0.030758113 
694 1098 11 17 0.029345367 
532 1084 14 17 0.029307151 
595 1022 15 20 0.02918502 
658 1022 20 27 0.02900052 
590 1055 24 31 0.028666899 
189 716 199 253 0.027755037 
555 1169 15 19 0.027450787 
561 712 18 20 0.026268344 
945 618 84 124 0.026021846 
597 939 22 29 0.026016254 
677 1184 16 20 0.025906831 
667 413 39 47 0.025884854 
502 989 23 31 0.02583536 
609 811 29 38 0.02556796 
626 1144 16 20 0.025558315 
613 1312 16 19 0.025017321 
670 1333 21 34 0.024830516 
509 988 14 18 0.024059946 
568 992 22 28 0.023610488 
688 1093 12 16 0.023378374 
645 1047 46 53 0.023035685 
483 505 15 19 0.022933958 
557 851 24 34 0.022825869 
102 750 224 246 0.022734726 
673 339 56 62 0.02249172 
588 1034 13 16 0.02231771 
597 1052 12 17 0.021817422 
524 461 27 34 0.02142742 
612 917 12 14 0.021015104 
449 752 35 45 0.020893289 
667 283 114 143 0.02086718 
569 829 29 37 0.02083855 
636 292 171 235 0.020219628 
621 1159 24 36 0.020143664 
