25_Soldier_Patrol_Soldier_Patrol_25_640
27
433 0 236 320 0.9999447 
318 81 26 32 0.07015237 
29 22 111 124 0.042905368 
216 16 62 68 0.04281403 
342 454 8 10 0.04224807 
190 2 37 35 0.0414617 
278 540 9 11 0.03973891 
370 594 14 17 0.03310271 
366 501 9 11 0.030142756 
0 368 13 22 0.02992104 
376 525 10 12 0.029382646 
242 27 55 67 0.027863346 
312 131 37 40 0.024848804 
367 509 9 11 0.024731493 
344 527 9 11 0.024446303 
273 534 10 12 0.024367811 
273 540 9 12 0.024157476 
131 10 50 58 0.023110893 
204 50 56 63 0.022988804 
305 479 7 10 0.022307485 
336 542 8 11 0.021772051 
142 69 30 38 0.021697083 
270 419 10 12 0.021608885 
259 55 33 42 0.0213867 
318 527 10 12 0.021280972 
350 518 8 11 0.021210928 
336 533 9 11 0.021032961 
