25_Soldier_Patrol_Soldier_Patrol_25_463
38
800 111 31 55 0.9984889 
350 175 42 61 0.9735581 
782 155 37 49 0.8511552 
171 317 11 13 0.18828464 
422 421 38 53 0.18635972 
788 131 45 59 0.17573498 
328 194 34 39 0.09244133 
739 127 44 57 0.08238175 
945 406 8 11 0.049876932 
100 518 13 14 0.04553478 
727 143 55 75 0.044093776 
168 322 12 14 0.043103192 
763 137 45 64 0.040915996 
783 135 30 44 0.03925248 
164 307 22 27 0.03479714 
156 260 12 15 0.03039612 
144 306 14 17 0.029901301 
752 125 26 38 0.029720893 
909 222 11 18 0.029357417 
160 316 11 14 0.028130308 
146 301 14 16 0.027301397 
406 109 204 268 0.026286002 
151 327 12 15 0.026009455 
950 515 62 67 0.025796678 
326 154 71 95 0.025573827 
156 310 22 28 0.025334615 
318 394 23 30 0.024645975 
824 114 39 54 0.02184639 
95 518 12 14 0.02165389 
151 302 21 27 0.02146359 
257 216 21 31 0.020924924 
872 461 10 11 0.020702709 
753 115 46 60 0.020699712 
277 216 31 39 0.020652957 
176 280 492 530 0.020608652 
141 296 23 30 0.020286882 
451 220 395 464 0.02009062 
190 270 12 14 0.02001549 
