25_Soldier_Patrol_Soldier_Patrol_25_169
41
292 119 75 94 0.9783478 
434 255 16 19 0.15280743 
379 153 13 18 0.09243934 
232 110 107 108 0.08645802 
421 241 12 15 0.06754715 
874 241 25 37 0.055526465 
85 371 78 79 0.054328743 
406 305 13 16 0.049038827 
504 123 10 12 0.047919303 
253 484 15 18 0.045400422 
460 133 17 22 0.038541377 
669 131 16 23 0.038041912 
217 116 35 40 0.03698984 
792 329 16 20 0.035922635 
414 325 12 15 0.034832455 
421 318 12 15 0.033801418 
839 274 14 17 0.03205356 
273 497 17 19 0.03151454 
432 243 23 33 0.031216184 
685 249 30 37 0.026493907 
437 204 13 19 0.0262311 
443 301 14 17 0.026131604 
381 296 14 16 0.025238192 
613 317 37 48 0.024651298 
260 488 14 17 0.024246722 
406 147 12 17 0.023769999 
265 151 35 44 0.023687853 
372 146 22 29 0.023324983 
820 317 22 29 0.023278521 
439 305 14 18 0.02306212 
391 124 11 13 0.022857962 
398 302 13 17 0.022807546 
373 117 12 15 0.022319822 
852 693 59 57 0.021831572 
411 300 15 19 0.021574685 
461 201 21 28 0.021403046 
551 105 399 547 0.02064275 
746 159 15 18 0.020589652 
593 297 17 19 0.02025489 
407 309 22 28 0.020179104 
802 282 23 30 0.02012016 
