25_Soldier_Patrol_Soldier_Patrol_25_1046
34
253 397 26 37 0.9840671 
743 391 36 46 0.96792936 
865 346 34 56 0.94398546 
221 395 24 32 0.08700027 
871 269 46 58 0.08521071 
845 374 32 43 0.07432026 
674 397 17 23 0.07306254 
789 391 17 23 0.055010494 
857 282 44 53 0.045298968 
841 328 69 98 0.039752044 
293 746 34 46 0.037378643 
723 422 25 32 0.035662018 
477 607 35 37 0.034990456 
878 337 53 61 0.032735556 
777 385 26 34 0.03149388 
838 392 29 38 0.028729398 
848 302 30 39 0.027516592 
863 230 11 13 0.026940195 
734 406 31 41 0.026167227 
231 401 27 31 0.02598743 
108 681 14 17 0.025843646 
190 397 11 16 0.025470475 
837 359 32 45 0.025109548 
885 359 33 42 0.024090393 
850 306 15 20 0.023055138 
847 229 10 13 0.022956388 
680 382 22 33 0.021709736 
659 395 26 34 0.021361759 
993 702 17 20 0.021024778 
53 667 11 14 0.020801237 
673 386 17 23 0.020677704 
837 541 26 34 0.020590834 
863 261 76 93 0.020452226 
977 268 44 63 0.020196574 
