25_Soldier_Patrol_Soldier_Patrol_25_679
101
86 180 27 34 0.99861336 
307 128 41 48 0.9985056 
121 198 37 45 0.9983773 
868 38 39 47 0.9980433 
596 148 82 105 0.99664897 
201 173 44 52 0.99570173 
434 62 38 44 0.99560815 
492 149 31 38 0.9870761 
311 99 24 29 0.97018 
33 121 17 21 0.8959012 
53 180 21 27 0.42500046 
505 144 31 40 0.24230441 
29 213 25 31 0.15973976 
77 143 12 15 0.13534103 
246 154 35 39 0.12916215 
317 329 18 20 0.11254979 
24 157 22 27 0.106405154 
237 139 26 40 0.086138204 
95 140 12 14 0.08410945 
19 167 23 28 0.078062944 
60 168 22 29 0.075143814 
68 164 13 18 0.06734348 
35 155 15 20 0.062620975 
305 108 37 44 0.062344246 
66 183 14 19 0.060819704 
411 189 32 37 0.05911751 
53 170 16 21 0.058129247 
71 139 15 17 0.0521844 
533 193 27 36 0.051769577 
101 142 11 14 0.05126824 
53 146 13 17 0.050732274 
38 218 26 31 0.049242858 
43 203 18 20 0.04617493 
85 160 15 19 0.044022523 
141 149 10 12 0.04355764 
22 140 14 15 0.042432904 
517 140 29 38 0.042051595 
398 87 11 14 0.041007806 
1 207 12 19 0.040793814 
939 267 13 16 0.040184297 
491 124 49 66 0.039604776 
22 156 15 18 0.03945126 
52 140 13 16 0.039197765 
62 210 15 19 0.037419852 
94 156 13 15 0.036380466 
129 156 10 12 0.036342602 
55 102 12 14 0.03539251 
53 154 14 18 0.035254046 
136 149 10 13 0.034715112 
404 144 34 37 0.034678027 
440 310 12 14 0.034622554 
21 148 14 17 0.033722427 
404 85 12 14 0.033680577 
14 177 15 21 0.032925475 
161 159 11 13 0.03283858 
796 182 11 14 0.03218723 
992 30 9 12 0.031906657 
47 195 23 28 0.03112263 
269 291 9 12 0.031049836 
29 171 25 32 0.030039126 
43 217 16 19 0.029915877 
13 153 15 19 0.029739076 
24 117 13 16 0.029599933 
109 116 13 16 0.0293684 
997 54 10 12 0.028795827 
36 137 15 18 0.028475897 
96 147 12 15 0.028382413 
86 142 11 14 0.028263113 
73 161 21 26 0.028056422 
134 155 11 13 0.027545212 
51 220 25 32 0.027165843 
394 185 55 62 0.026941977 
45 206 23 28 0.026902977 
907 134 11 13 0.026652321 
41 133 20 26 0.02639478 
92 179 37 46 0.026065005 
29 150 15 17 0.026046066 
84 147 11 15 0.025648605 
98 227 22 29 0.025337474 
895 389 25 35 0.025310472 
6 163 12 18 0.025026439 
46 147 12 17 0.024890006 
4 171 14 18 0.023853632 
58 187 24 32 0.023744516 
11 145 39 52 0.023708781 
348 383 12 17 0.022661757 
845 335 40 45 0.022451423 
0 165 10 14 0.022155423 
163 163 11 15 0.02209838 
58 149 14 15 0.021900963 
74 176 24 31 0.021521749 
92 136 20 24 0.02134098 
0 0 21 34 0.021336585 
69 142 21 25 0.021266295 
0 195 19 33 0.021180402 
119 167 13 16 0.020961476 
357 135 18 22 0.020675939 
252 183 32 38 0.020584466 
76 115 12 15 0.02054766 
334 231 23 32 0.020129738 
81 143 21 25 0.020106787 
