25_Soldier_Patrol_Soldier_Patrol_25_374
24
51 286 52 70 0.9996842 
229 281 48 60 0.9990107 
493 77 48 63 0.9887067 
373 287 34 38 0.7176223 
918 259 68 75 0.5077997 
146 484 26 31 0.19800878 
462 107 11 13 0.117709905 
917 664 28 36 0.105572455 
557 194 15 20 0.043291777 
290 688 18 22 0.043135256 
54 188 12 15 0.034185708 
919 289 61 76 0.029859738 
470 117 11 14 0.02868089 
807 314 17 20 0.028415397 
511 75 31 43 0.028299032 
13 685 10 13 0.027063828 
154 426 30 36 0.026444934 
466 108 12 15 0.026240159 
833 344 107 128 0.025208283 
756 346 49 62 0.023260811 
690 363 53 64 0.022405323 
443 107 13 16 0.02196921 
588 90 24 31 0.020647928 
55 194 13 16 0.020642227 
