25_Soldier_Patrol_Soldier_Patrol_25_18
75
228 40 53 61 0.9984988 
830 411 13 16 0.9649876 
753 391 17 22 0.9556798 
505 373 16 20 0.69336265 
907 441 15 20 0.5493545 
787 449 14 18 0.48006138 
588 437 10 12 0.45489246 
643 394 15 17 0.26333427 
902 436 15 18 0.19011256 
484 429 33 40 0.14100368 
644 401 16 18 0.13890338 
641 390 12 15 0.12385908 
157 317 11 14 0.123633124 
203 266 20 26 0.10108125 
828 436 13 16 0.09848949 
860 444 11 14 0.09100256 
654 411 13 16 0.08216501 
681 421 11 14 0.08115661 
946 474 12 15 0.07581695 
908 432 13 16 0.06326443 
913 436 13 17 0.06311236 
661 418 13 15 0.0614403 
782 455 13 16 0.06067114 
861 453 10 14 0.053115603 
241 401 56 67 0.050877415 
913 447 16 21 0.049480822 
519 417 23 31 0.049163308 
815 446 10 12 0.048407298 
890 497 32 37 0.045883514 
823 430 12 15 0.044571962 
780 420 11 14 0.043481056 
857 438 10 13 0.04315658 
502 381 17 21 0.041454066 
780 427 14 16 0.03859796 
135 315 55 51 0.03697223 
485 416 25 33 0.036816724 
813 451 10 13 0.035293195 
195 267 36 37 0.033662014 
649 396 13 17 0.033305164 
823 441 12 16 0.033250716 
585 441 11 14 0.03203369 
804 501 11 14 0.031457268 
941 481 14 16 0.031234268 
897 435 12 16 0.030580629 
257 92 34 42 0.030529054 
525 410 15 19 0.030384097 
735 450 12 17 0.029375868 
675 421 19 26 0.028552007 
773 414 12 16 0.028541923 
608 432 9 11 0.026984038 
835 435 13 17 0.02657548 
810 454 9 13 0.026408216 
246 551 36 42 0.025914509 
654 413 22 25 0.025541503 
299 284 49 57 0.025357861 
779 434 16 19 0.025122924 
163 307 36 43 0.024707152 
888 514 11 15 0.024022302 
763 428 13 15 0.023999358 
224 192 28 28 0.023326427 
512 372 14 18 0.02302191 
637 421 13 14 0.022745162 
624 428 9 12 0.02254916 
622 423 9 12 0.022507366 
508 367 14 17 0.022229454 
496 422 31 37 0.021951612 
856 460 10 13 0.021735992 
734 478 9 14 0.021576645 
667 420 13 15 0.02151177 
266 217 29 37 0.020530354 
223 291 35 39 0.020494865 
762 437 14 16 0.020480061 
584 433 18 24 0.02042139 
823 451 11 13 0.020091038 
764 418 14 17 0.020040588 
