25_Soldier_Patrol_Soldier_Patrol_25_343
39
302 595 40 48 0.99209243 
675 536 43 59 0.98841673 
887 827 39 36 0.60111916 
604 573 34 39 0.49595577 
282 689 54 68 0.33790144 
215 706 52 66 0.21256466 
323 708 52 67 0.08644185 
63 785 29 35 0.07821057 
898 808 33 41 0.07147904 
893 518 29 43 0.066649914 
306 695 53 68 0.06585347 
203 687 82 106 0.06509937 
247 685 81 101 0.043375105 
69 802 19 23 0.04223766 
396 531 25 31 0.041412827 
642 1002 15 19 0.036694624 
626 556 42 57 0.0366332 
562 644 45 58 0.03657816 
655 541 48 62 0.036314536 
643 969 17 21 0.035887767 
357 749 179 265 0.03525829 
934 940 53 68 0.033512965 
674 623 47 56 0.03269332 
18 510 16 23 0.032044575 
583 785 351 429 0.03115716 
923 805 16 23 0.031111514 
360 548 28 38 0.029535666 
632 526 29 47 0.029499516 
642 1024 17 19 0.0282654 
257 663 334 449 0.027850611 
60 770 46 65 0.026747951 
20 799 14 20 0.02632324 
538 776 46 65 0.025518933 
272 660 49 68 0.024602987 
237 830 16 21 0.022496413 
492 626 24 32 0.022061877 
883 815 30 39 0.021023003 
58 770 29 38 0.020363929 
913 800 24 35 0.020163829 
