25_Soldier_Patrol_Soldier_Patrol_25_614
67
546 237 385 432 0.5018547 
104 445 103 118 0.40304068 
47 409 126 147 0.14728026 
288 110 17 23 0.14151289 
544 84 499 405 0.12668309 
383 281 17 18 0.12486537 
315 86 12 15 0.105993725 
822 146 12 17 0.076049075 
310 89 15 19 0.06546657 
295 329 31 42 0.064651065 
127 220 11 15 0.05776856 
860 110 11 13 0.05540641 
284 75 13 17 0.04445123 
773 130 13 19 0.042795837 
336 69 10 12 0.038192052 
268 61 11 15 0.03485013 
831 121 10 14 0.03312612 
983 140 10 15 0.032458775 
275 101 26 32 0.03225579 
466 273 74 82 0.031639915 
384 289 18 19 0.031434625 
794 127 24 30 0.031359497 
977 126 47 63 0.03008351 
96 183 9 11 0.029641038 
122 196 15 18 0.02934144 
131 217 13 18 0.029126711 
189 438 29 34 0.029110376 
277 149 9 13 0.029055977 
780 148 15 18 0.02886166 
822 135 10 14 0.027502568 
301 77 12 15 0.027116045 
396 69 11 12 0.02701612 
25 353 15 18 0.02664526 
407 79 11 12 0.02649652 
109 360 103 142 0.025958948 
777 144 27 31 0.025369212 
320 216 27 33 0.025089812 
316 98 13 16 0.02490981 
292 74 15 19 0.024824545 
280 76 24 31 0.024393268 
336 92 12 14 0.024212968 
124 214 14 16 0.024121344 
112 423 77 90 0.024082417 
267 98 14 18 0.023867248 
373 273 25 29 0.023459818 
341 91 13 16 0.023342969 
815 144 13 16 0.02297991 
117 212 14 18 0.022707881 
261 98 13 17 0.022678336 
768 133 11 16 0.022154134 
328 69 8 11 0.022098135 
416 69 9 12 0.021856869 
319 324 14 17 0.021516778 
277 99 14 20 0.021277126 
252 75 28 40 0.021120638 
807 131 22 29 0.020976545 
186 92 14 20 0.020844553 
375 387 145 124 0.020750208 
302 86 21 28 0.020712938 
271 148 11 13 0.02064545 
382 71 9 10 0.020416126 
92 196 11 14 0.020316364 
805 179 28 38 0.02021115 
291 89 13 16 0.020205857 
380 149 27 30 0.02016078 
267 142 14 16 0.020117788 
387 296 16 18 0.02006446 
