25_Soldier_Patrol_Soldier_Patrol_25_700
69
541 369 30 39 0.8724693 
80 423 29 36 0.8690544 
168 388 28 35 0.83999884 
479 417 17 19 0.5258582 
206 404 27 29 0.38295242 
586 411 22 27 0.29507154 
431 420 12 15 0.21156259 
105 402 17 21 0.13291176 
122 393 18 23 0.103222735 
130 394 21 28 0.09739308 
475 159 422 476 0.07205333 
867 373 43 48 0.07135065 
218 401 26 31 0.06675794 
405 427 13 17 0.058860634 
155 390 29 32 0.055401586 
99 406 17 21 0.051894926 
123 422 15 19 0.05003961 
78 404 31 37 0.049573082 
70 397 26 34 0.04689233 
461 431 14 18 0.046888467 
192 408 26 33 0.04664264 
325 290 27 30 0.04478817 
116 398 16 22 0.04474676 
895 384 29 33 0.042589106 
528 371 29 33 0.042556502 
32 379 11 15 0.042365808 
69 395 13 17 0.039966997 
154 385 18 24 0.0366592 
121 403 25 31 0.036644686 
105 426 26 34 0.036528785 
51 420 18 21 0.036117543 
176 410 29 35 0.035935137 
576 413 23 26 0.03588447 
136 399 24 31 0.035792023 
189 395 26 34 0.035661723 
92 409 16 20 0.03492434 
232 408 17 21 0.033989605 
76 397 11 15 0.033593863 
399 427 13 17 0.03350358 
445 434 13 15 0.03275544 
184 394 17 24 0.030109087 
160 394 42 48 0.029920138 
206 392 42 48 0.02952835 
184 405 18 24 0.029091472 
192 424 16 21 0.028294966 
556 390 15 21 0.026904425 
117 389 15 21 0.026697954 
62 394 13 18 0.0264962 
150 379 15 21 0.026430672 
111 403 23 30 0.025203802 
438 398 10 11 0.02517582 
561 368 28 38 0.025102206 
552 376 28 37 0.025035111 
56 404 27 34 0.02503021 
455 428 12 14 0.025028378 
423 414 22 25 0.024854463 
91 413 27 33 0.024820464 
436 416 13 15 0.023540102 
75 402 15 20 0.023207579 
706 379 63 59 0.02251642 
909 376 30 34 0.021978088 
700 377 36 37 0.021911431 
79 389 10 14 0.021799942 
564 414 23 29 0.021762455 
59 392 22 29 0.02125312 
552 408 26 33 0.02111688 
659 335 105 111 0.021052545 
143 406 25 31 0.020293077 
62 417 37 36 0.02016615 
