25_Soldier_Patrol_Soldier_Patrol_25_734
77
543 390 26 36 0.98127466 
36 439 27 29 0.7375753 
155 438 25 31 0.70161176 
302 397 23 32 0.49661303 
384 398 25 30 0.377151 
369 237 23 34 0.3504875 
691 560 24 29 0.2825276 
278 384 27 36 0.26199588 
388 252 30 35 0.23912527 
751 267 10 13 0.21813412 
732 231 13 16 0.2049987 
530 233 31 32 0.20395245 
712 237 12 16 0.16266058 
289 392 25 33 0.15656996 
50 434 22 33 0.13017638 
751 280 14 19 0.118475676 
725 234 13 16 0.10738454 
356 415 24 32 0.08844917 
348 419 16 20 0.08588417 
21 443 15 19 0.079553954 
684 230 11 13 0.060201164 
28 441 17 22 0.059857722 
172 437 26 33 0.05856057 
278 399 29 37 0.05656703 
546 229 25 32 0.05235764 
184 413 13 17 0.051237915 
688 597 25 35 0.05018348 
367 406 26 35 0.04869393 
364 505 25 35 0.046861183 
375 241 30 39 0.045357794 
693 244 12 15 0.043573458 
718 232 11 13 0.042936463 
311 399 26 36 0.04180899 
694 238 11 14 0.041480944 
685 251 12 15 0.04076302 
282 414 30 30 0.040361665 
663 594 24 33 0.03763594 
577 357 29 38 0.03674795 
714 233 20 23 0.036430676 
703 238 10 14 0.036337823 
366 246 17 22 0.032882616 
185 435 23 33 0.032510877 
660 245 12 15 0.032277625 
11 437 23 29 0.03136252 
658 260 14 16 0.031334024 
749 673 19 23 0.030840704 
804 663 25 30 0.02933665 
685 236 13 15 0.028336609 
610 276 28 42 0.02809813 
152 424 39 53 0.028014567 
591 219 380 525 0.027693674 
560 387 27 34 0.026994225 
751 237 11 14 0.026772307 
713 232 10 13 0.026444247 
370 225 17 22 0.02529783 
700 242 11 15 0.025065938 
740 233 11 16 0.024246432 
568 320 43 45 0.023747707 
578 272 26 32 0.023446288 
570 372 28 36 0.023328487 
59 425 27 38 0.022819705 
682 561 20 24 0.022806928 
742 244 13 15 0.022376826 
287 561 24 40 0.022229826 
61 435 15 22 0.021969978 
658 251 14 17 0.02162702 
497 404 27 34 0.021495696 
697 571 25 34 0.02149502 
173 412 13 17 0.021164162 
733 224 11 14 0.021143164 
1 488 25 34 0.020793924 
680 247 13 14 0.020762416 
473 315 10 13 0.02067253 
688 584 28 33 0.020516817 
717 259 11 15 0.02013731 
572 440 27 37 0.020120136 
153 441 16 22 0.020106811 
