25_Soldier_Patrol_Soldier_Patrol_25_707
34
331 134 46 71 0.9953472 
694 177 34 58 0.9952839 
220 157 22 26 0.27930635 
733 25 14 23 0.0880577 
247 156 43 52 0.06800881 
698 40 16 20 0.059640303 
684 53 16 24 0.05893972 
742 185 31 49 0.053909615 
337 110 65 102 0.047196124 
757 17 15 20 0.03889089 
212 162 24 31 0.03730111 
764 16 14 22 0.03472272 
457 392 49 53 0.033447377 
689 48 17 24 0.03248794 
222 148 15 19 0.032481138 
736 18 22 28 0.02889074 
704 49 22 30 0.02802746 
160 155 343 433 0.026908083 
270 154 29 47 0.026729055 
275 221 65 66 0.026630377 
708 58 25 39 0.026378883 
725 30 16 22 0.025870586 
377 346 17 22 0.025309764 
203 184 17 18 0.02511037 
231 159 17 23 0.024977747 
233 203 16 21 0.024060875 
206 172 24 29 0.023858694 
214 159 47 51 0.023275157 
358 422 89 99 0.021856217 
237 157 27 34 0.02172025 
742 74 29 41 0.021390557 
773 76 27 40 0.02105949 
744 12 22 27 0.020160057 
698 79 35 52 0.020043796 
